0.000000 0.000000
0.041864 4.34
0.052868 4.34
0.083365 4.34
0.094489 3.33
0.125148 2.66
0.146966 2.66
0.158150 2.66
0.193875 2.34
0.204829 2.34
0.234949 2.34
0.245698 2.66
0.276448 2.66
0.287339 2.66
0.317977 2.34
0.328697 2.34
0.359336 2.66
0.370211 2.34
0.405695 2.34
0.421695 2.66
0.447210 2.66
0.463210 2.66
0.488320 2.66
0.499211 2.66
0.529320 2.66
0.540213 2.66
0.570320 2.66
0.581211 2.66
0.611322 2.66
0.622213 2.66
0.652322 2.66
0.663210 2.34
0.693321 2.66
0.704212 2.66
0.734322 2.66
0.745213 2.66
0.775890 2.66
0.786895 2.66
0.819127 2.66
0.830098 2.34
0.866151 2.66
0.887903 2.34
0.899004 2.66
0.931147 2.66
0.942229 2.34
0.972726 2.66
0.988968 4.02
1.014348 4.34
1.025348 4.02
1.055989 4.02
1.068579 4.02
1.102703 4.02
1.118858 4.34
1.144219 4.34
1.160341 4.34
1.187106 4.34
1.197853 4.34
1.230104 4.02
1.240854 4.34
1.273103 4.02
1.283854 4.34
1.316104 4.02
1.326854 4.34
1.359104 4.02
1.369977 4.34
1.402104 4.34
1.412977 4.34
1.443717 4.34
1.454718 4.34
1.485481 4.34
1.501897 4.34
1.530165 4.34
1.551907 4.34
1.562976 4.34
1.598712 4.34
1.615002 4.34
1.640379 4.34
1.651343 4.34
1.682010 4.34
1.698230 4.34
1.728837 4.34
1.739710 4.34
1.770348 4.34
1.781099 4.34
1.811835 4.34
1.822707 4.34
1.853113 4.34
1.869220 4.34
1.897581 4.34
1.910100 4.34
1.938580 4.34
1.951098 4.34
1.979580 4.34
1.992096 4.34
2.020581 4.34
2.033099 4.34
2.061581 4.34
2.077456 4.34
2.102581 4.34
2.114973 4.34
2.143882 4.34
2.154867 4.34
2.185349 4.34
2.196232 4.34
2.226587 4.34
2.238982 4.34
2.267586 4.68
2.279961 4.68
2.308595 4.68
2.324468 5.00
2.349590 5.00
2.361966 5.00
2.390587 5.00
2.402964 5.00
2.431586 5.00
2.443962 5.00
2.472585 5.00
2.488460 5.00
2.513584 5.00
2.525961 5.00
2.554584 5.00
2.566960 5.00
2.595584 5.00
2.607974 5.00
2.636718 5.00
2.647467 5.00
2.677715 5.00
2.688465 5.00
2.718713 5.00
2.729463 5.00
2.759713 5.00
2.770462 5.00
2.800712 5.00
2.811462 5.00
2.841712 5.00
2.852461 5.00
2.882711 5.00
2.893462 5.00
2.923721 5.00
2.934471 5.00
2.967017 5.35
2.978011 5.35
3.013879 5.35
3.024718 5.35
3.055357 5.35
3.066232 5.35
3.096591 5.35
3.112715 5.35
3.137868 5.35
3.148714 5.35
3.179231 5.35
3.189981 5.35
3.225464 5.35
3.236391 5.35
3.267118 5.35
3.285023 5.35
3.308721 5.35
3.319720 5.35
3.352006 5.35
3.362880 5.35
3.395000 5.35
3.405875 5.35
3.436216 5.35
3.446967 5.35
3.477216 5.35
3.487966 5.35
3.518216 5.35
3.528979 5.35
3.559474 5.35
3.570223 5.35
3.600471 5.35
3.611222 5.35
3.641470 5.35
3.652220 5.35
3.682469 5.35
3.693219 5.35
3.723468 5.35
3.734218 5.35
3.764468 5.35
3.775219 5.35
3.805468 5.35
3.816218 5.35
3.846468 5.35
3.857218 5.35
3.887476 5.35
3.898225 5.35
3.928474 5.35
3.939223 5.35
3.969472 5.35
3.980223 5.35
4.010471 5.35
4.021221 5.35
4.051471 5.35
4.062220 5.35
4.092470 5.35
4.103220 5.35
4.133470 5.35
4.144220 5.35
4.174475 5.35
4.185225 5.35
4.215474 5.35
4.226224 5.35
4.256473 5.35
4.267223 5.35
4.297472 5.35
4.308222 5.35
4.338472 5.35
4.349222 5.35
4.379472 5.35
4.390222 5.35
4.420472 5.35
4.432973 5.35
4.461473 5.35
4.472223 5.35
4.502473 5.35
4.513223 5.35
4.543473 5.35
4.554224 5.35
4.584474 5.35
4.596975 5.35
4.625474 5.35
4.636224 5.35
4.666474 5.35
4.678975 5.35
4.707474 5.35
4.719976 5.35
4.748474 5.35
4.760976 5.35
4.790148 5.35
4.801022 5.35
4.831607 5.35
4.847605 5.35
4.873247 5.35
4.884403 5.35
4.914876 5.35
4.931131 5.35
4.961734 5.35
4.972608 5.35
5.004906 5.35
5.015731 5.35
5.051605 5.35
5.062481 5.35
5.092884 5.35
5.108885 5.35
5.134247 5.35
5.144997 5.35
5.180729 5.35
5.191604 5.35
5.222247 5.35
5.233247 5.35
5.268604 5.35
5.284605 5.35
5.309883 5.35
5.326010 5.35
5.353883 5.35
5.370010 5.35
5.400606 5.35
5.411356 5.35
5.441885 5.35
5.457884 5.35
5.488606 5.35
5.499356 5.35
5.529889 5.35
5.546012 5.35
5.576607 5.35
5.587482 5.35
5.617888 5.35
5.633887 5.35
5.664607 5.35
5.675482 5.35
5.705889 5.35
5.721889 5.35
5.752609 5.35
5.763358 5.35
5.793734 5.35
5.804483 5.35
5.835136 5.35
5.845860 5.35
5.876484 5.35
5.892610 5.35
5.917609 5.35
5.928484 5.35
5.958879 5.35
5.974890 5.35
6.005610 5.35
6.016360 5.35
6.046876 5.35
6.063012 5.35
6.088140 5.35
6.098861 5.35
6.129486 5.35
6.145611 5.35
6.170611 5.35
6.181361 5.35
6.211863 5.35
6.227862 5.35
6.258612 5.35
6.269487 5.35
6.299863 5.35
6.316014 5.35
6.341140 5.35
6.351863 5.35
6.382362 5.35
6.393130 5.35
6.423364 5.35
6.434252 5.35
6.464489 5.35
6.480613 5.35
6.505613 5.35
6.516489 5.35
6.546864 5.35
6.562895 5.35
6.593614 5.35
6.604365 5.35
6.634865 5.35
6.650865 5.35
6.676144 5.35
6.686865 5.35
6.717490 5.35
6.733490 5.35
6.758615 5.35
6.769490 5.35
6.799866 5.35
6.815866 5.35
6.841257 5.35
6.852009 5.35
6.882491 5.35
6.898492 5.35
6.923616 5.35
6.934367 5.35
6.964867 5.35
6.980867 5.35
7.006135 5.35
7.016867 5.35
7.047367 5.35
7.058135 5.35
7.088492 5.35
7.104493 5.35
7.129618 5.35
7.140368 5.35
7.170743 5.35
7.181494 5.35
7.212020 5.35
7.222744 5.35
7.258494 5.35
7.274494 5.35
7.299619 5.69
7.310369 5.69
7.340745 5.35
7.353369 5.69
7.383874 5.35
7.394745 5.69
7.425149 5.69
7.435870 5.35
7.466495 5.69
7.482496 5.69
7.507621 5.35
7.518371 5.69
7.549025 5.69
7.559871 5.69
7.595496 5.69
7.611496 5.69
7.636621 5.35
7.647372 5.69
7.678026 5.69
7.688872 5.35
7.724497 5.69
7.740497 5.69
7.765622 5.69
7.776372 5.69
7.807026 5.69
7.817873 5.69
7.853498 5.69
7.869391 5.69
7.894624 5.35
7.905374 5.35
7.936029 5.69
7.946874 5.35
7.977266 5.69
7.988028 5.69
8.018499 5.35
8.034500 5.69
8.059624 5.35
8.070375 5.69
8.101026 5.69
8.111757 5.35
8.147500 5.69
8.163500 5.69
8.188626 5.69
8.199376 5.35
8.229759 5.69
8.245758 5.35
8.276394 5.69
8.292394 5.69
8.317627 5.35
8.328502 4.34
8.358906 4.34
8.369760 4.34
8.400395 4.68
8.416377 4.34
8.441627 4.34
8.452503 4.34
8.483032 4.34
8.493907 4.34
8.524395 4.34
8.540503 4.34
8.565628 4.34
8.576379 4.34
8.606907 4.68
8.617628 4.68
8.648379 4.34
8.664520 4.34
8.690065 4.34
8.701062 4.34
8.731637 4.34
8.742636 4.34
8.773045 4.34
8.783920 4.34
8.814508 4.34
8.825383 4.34
8.855913 4.34
8.866760 4.34
8.897381 4.34
8.913506 4.34
8.938381 4.34
8.954506 4.34
8.979631 4.34
8.990382 4.34
9.020912 4.34
9.031760 4.34
9.062382 4.34
9.078507 4.34
9.103382 4.34
9.119507 4.34
9.144772 4.34
9.160931 4.34
9.191644 4.34
9.202637 4.34
9.238511 4.34
9.249386 4.34
9.279766 4.34
9.295916 4.34
9.326509 4.34
9.337384 4.34
9.367634 4.34
9.378384 4.34
9.409037 4.34
9.419763 4.34
9.450399 4.34
9.466510 4.34
9.491635 4.34
9.502510 4.34
9.532910 4.34
9.543966 4.34
