0.000000 0.000000
0.041965 4.68
0.052996 4.34
0.083594 4.68
0.099841 3.01
0.125331 2.66
0.136341 2.66
0.168648 2.66
0.179776 2.66
0.215449 2.66
0.226447 2.66
0.262321 2.66
0.273196 2.66
0.303850 2.66
0.314725 2.66
0.345194 2.66
0.361317 2.66
0.386607 2.66
0.402718 2.66
0.427955 2.66
0.438726 2.66
0.469192 2.66
0.485192 2.66
0.510318 2.66
0.521083 2.66
0.551600 2.66
0.567601 2.66
0.594595 2.66
0.605443 2.66
0.637596 2.66
0.648443 2.66
0.678959 2.66
0.689721 2.66
0.720319 2.66
0.731083 2.66
0.761767 2.66
0.772763 2.66
0.803331 2.66
0.814204 2.66
0.846617 2.66
0.857604 2.66
0.891598 2.66
0.907829 2.66
0.933228 2.66
0.944212 2.66
0.974850 4.02
0.985834 4.34
1.016455 4.34
1.029093 4.34
1.063327 4.34
1.074201 4.34
1.106607 4.34
1.117450 4.34
1.153324 4.34
1.164199 4.34
1.194602 4.34
1.210599 4.34
1.241323 4.34
1.252073 4.34
1.282602 4.34
1.298600 4.34
1.325476 4.34
1.336323 4.34
1.366725 4.34
1.377448 4.34
1.413325 4.34
1.424340 4.34
1.460215 4.34
1.471340 4.34
1.501835 4.34
1.512833 4.34
1.543455 4.34
1.555971 4.34
1.587452 4.34
1.599843 4.34
1.628749 4.34
1.639741 4.34
1.670203 4.34
1.681095 4.34
1.711453 4.34
1.723846 4.34
1.758219 4.34
1.769096 4.68
1.799202 4.68
1.809969 4.68
1.840462 5.00
1.856600 5.00
1.881458 5.35
1.894117 5.35
1.928338 5.35
1.939210 5.69
1.975210 5.69
1.986099 5.69
2.016614 5.69
2.027457 5.35
2.058097 5.35
2.074206 5.35
2.099330 5.69
2.110080 5.69
2.140606 5.35
2.151455 5.35
2.187227 5.35
2.198221 5.69
2.228592 5.35
2.239340 5.35
2.274964 5.35
2.285714 5.69
2.316088 5.69
2.331962 5.69
2.357086 5.35
2.372960 5.35
2.398084 5.69
2.413961 5.69
2.439085 5.69
2.454960 5.69
2.480223 5.35
2.491220 5.69
2.521841 5.69
2.532758 5.69
2.563467 5.69
2.579776 5.69
2.610340 6.01
2.621214 5.69
2.651600 6.01
2.662462 6.01
2.693101 6.01
2.709105 6.01
2.734336 5.69
2.745211 5.69
2.775460 6.01
2.791460 5.69
2.816737 5.69
2.827460 5.69
2.858473 6.01
2.874769 5.69
2.903219 5.69
2.914218 6.01
2.944632 6.01
2.955465 6.01
2.991215 6.01
3.002104 6.01
3.032620 6.01
3.043463 5.69
3.074104 6.01
3.090213 5.69
3.115337 6.01
3.126213 6.01
3.162224 6.01
3.173222 5.69
3.203764 5.69
3.214759 5.69
3.245218 6.01
3.256108 6.01
3.286626 5.69
3.297466 5.69
3.333216 6.01
3.344107 6.01
3.374465 6.01
3.390465 5.69
3.421215 6.01
3.432123 6.01
3.464527 5.69
3.475474 6.01
3.507479 6.01
3.518223 12.32
3.550475 6.36
3.561221 6.36
3.591597 6.36
3.602345 12.32
3.632595 6.36
3.643344 6.36
3.673596 6.36
3.684343 0.05
3.714597 12.32
3.725345 12.32
3.755598 6.36
3.766345 6.36
3.797125 6.36
3.808119 6.36
3.838762 6.36
3.849761 6.36
3.880224 0.05
3.891097 6.36
3.921627 6.01
3.932471 6.36
3.963111 6.36
3.979220 0.05
4.004344 6.36
4.016753 6.36
4.051219 6.36
4.062110 6.36
4.092641 6.36
4.103475 6.36
4.134115 6.36
4.150223 12.32
4.175472 6.36
4.191627 6.36
4.218347 6.36
4.229096 6.36
4.265236 12.32
4.276112 6.36
4.306472 6.36
4.322628 6.36
4.352989 6.36
4.365376 6.36
4.394357 6.36
4.410355 6.36
4.441356 6.36
4.457666 6.36
4.488228 6.36
4.499121 6.36
4.534995 6.36
4.551117 6.36
4.583866 6.36
4.599895 6.36
4.625224 6.36
4.636099 6.36
4.666224 6.36
4.677100 6.36
4.707224 6.36
4.718100 6.36
4.754112 6.36
4.765110 6.36
4.795774 6.36
4.806771 6.36
4.837230 6.36
4.848105 6.36
4.878605 6.36
4.889478 6.36
4.919867 6.36
4.930604 6.36
4.960868 6.36
4.976868 6.36
5.002102 6.36
5.012867 6.36
5.043609 6.36
5.054608 6.36
5.085134 6.36
5.095872 6.36
5.126479 6.36
5.137229 6.36
5.168123 6.36
5.178886 6.36
5.209228 6.36
5.220103 6.36
5.250229 6.36
5.261104 6.36
5.291229 6.36
5.302104 6.36
5.338013 6.36
5.354242 6.36
5.379484 6.36
5.395791 6.36
5.421369 6.36
5.437646 6.36
5.468234 6.36
5.479126 6.36
5.509613 6.36
5.520356 6.36
5.550607 6.36
5.561355 6.36
5.591607 6.36
5.602355 6.36
5.632606 6.36
5.643355 6.36
5.673606 6.36
5.684608 6.36
5.715251 6.36
5.726240 6.36
5.762023 6.36
5.778137 6.36
5.803236 6.36
5.814111 6.36
5.844485 6.36
5.855360 6.36
5.891124 6.36
5.901876 6.36
5.932109 6.36
5.942877 6.36
5.973114 6.36
5.983879 6.36
6.014487 6.36
6.025362 6.36
6.061130 6.36
6.071879 6.36
6.102361 6.36
6.118360 6.36
6.143612 6.36
6.154485 6.36
6.184887 6.36
6.200879 6.36
6.226236 6.36
6.238736 6.36
6.267504 6.36
6.285365 6.36
6.309158 6.36
6.320125 6.36
6.352378 6.36
6.363373 6.36
6.394012 6.36
6.410245 6.36
6.435492 6.36
6.446367 6.36
6.476884 6.36
6.493008 6.36
6.518240 6.36
6.529115 6.36
6.565004 6.36
6.581009 6.36
6.606131 6.36
6.617006 6.36
6.647114 6.36
6.658120 6.36
6.688655 6.36
6.699667 6.36
6.730244 6.36
6.742775 6.36
6.773397 6.36
6.784242 6.36
6.815006 6.36
6.831008 6.36
6.856241 6.36
6.868648 6.36
6.897365 6.36
6.913365 6.36
6.940268 6.36
6.951131 6.36
6.983266 6.36
6.994132 6.36
7.030032 6.36
7.041152 6.36
7.071627 6.36
7.082656 6.36
7.113176 6.36
7.124158 11.04
7.160018 12.05
7.171019 12.05
7.201675 12.05
7.217784 12.05
7.243016 12.05
7.253781 12.05
7.284370 12.05
7.295121 12.05
7.325495 12.05
7.336369 12.05
7.371761 12.05
7.384275 12.05
7.420773 12.05
7.436762 12.05
7.462245 12.05
7.474621 7.37
7.503371 11.70
7.514121 12.05
7.549775 12.05
7.560496 12.05
7.591136 12.05
7.601888 12.05
7.632372 12.05
7.643247 12.05
7.673497 12.05
7.684247 12.05
7.714900 12.05
7.731014 12.05
7.756248 12.05
7.772123 12.05
7.797373 12.05
7.808248 12.05
7.843776 8.70
7.859766 12.05
7.885140 12.05
7.895889 12.05
7.926374 12.05
7.937249 12.05
7.967499 12.05
7.978374 12.05
8.008904 12.05
8.025017 12.05
8.050250 12.37
8.066125 12.37
8.091375 12.37
8.102125 12.05
8.137777 12.05
8.148501 12.37
8.179143 12.37
8.189894 8.35
8.220376 11.70
8.231251 12.05
8.261502 12.05
8.272251 12.05
8.302904 12.05
8.318781 12.37
8.344252 12.37
8.360252 12.37
8.385377 12.05
8.396252 12.05
8.431783 12.05
8.442502 12.05
8.473146 12.05
8.483895 12.37
8.514378 12.05
8.525128 12.05
8.555504 10.72
8.566254 11.04
8.596906 12.05
8.612783 12.05
8.638129 12.05
8.648897 12.37
8.679255 12.05
8.695255 12.37
8.720380 12.05
8.731255 12.05
8.766784 12.37
8.777506 12.37
8.808147 12.37
8.818896 12.05
8.849380 12.37
8.860256 12.05
8.895784 12.37
8.911774 10.37
8.937147 11.04
8.947900 12.05
8.978382 12.37
8.989132 12.05
9.019507 12.05
9.030257 12.05
9.060912 12.05
9.076898 12.37
9.102258 12.05
9.118133 12.37
9.143383 12.05
9.154133 12.37
9.189785 12.05
9.205774 12.37
9.231151 12.05
9.243635 12.05
9.272134 12.05
9.282900 9.71
9.313260 12.05
9.329134 12.05
9.354384 12.37
9.365259 12.37
9.397260 12.05
9.408152 12.37
9.438385 12.37
9.449260 12.37
9.481262 12.37
9.492153 12.37
9.522386 12.37
9.533136 12.05
9.565262 12.37
9.576154 12.37
9.606387 12.37
9.617137 12.37
9.649137 7.37
9.659904 12.05
9.690262 12.37
9.706138 12.05
9.731387 12.37
9.742263 12.37
9.777791 12.37
9.793778 12.37
9.819155 12.05
9.835154 12.05
9.860139 12.37
9.872513 12.37
9.901139 12.05
9.913514 12.37
9.942264 12.37
9.958140 12.37
9.983389 12.37
9.994265 7.69
10.029793 11.70
10.045783 12.37
10.071157 12.05
10.087157 12.05
10.112265 12.37
10.128140 12.37
10.153390 12.05
10.164266 12.05
10.199794 12.37
10.215784 12.37
10.241156 12.37
10.257157 12.05
10.282392 12.05
10.293142 12.37
10.328783 12.37
10.344643 12.37
10.370142 7.37
10.382517 12.05
10.411143 12.37
10.427143 12.37
10.452144 12.37
10.468268 12.05
10.493158 12.37
10.509161 12.37
10.534393 12.37
10.545269 12.37
10.580797 12.37
10.596787 12.37
10.622162 12.05
10.638160 12.37
10.663269 12.37
10.679145 12.37
10.704395 12.05
10.715145 8.03
10.750797 11.70
10.766786 12.37
10.792163 12.37
10.808163 12.05
10.833271 12.37
10.849146 12.37
10.874396 12.37
10.885271 12.37
10.920798 12.05
10.936677 12.37
10.962272 12.37
10.978272 12.05
11.003397 12.05
11.014272 12.37
11.049800 12.37
11.065667 12.37
11.091273 7.37
11.107273 12.05
11.132398 12.37
11.143148 12.37
11.178650 12.37
11.194650 12.37
11.220167 12.37
11.236165 12.37
11.261399 12.37
11.272149 12.37
11.307792 12.37
11.323791 12.37
11.349167 12.37
11.365150 12.37
11.390275 12.37
11.406151 12.37
11.431400 12.37
11.442275 7.02
11.477793 12.05
11.493791 12.37
11.519168 12.37
11.535168 12.37
11.560151 12.37
11.576151 12.05
11.601152 12.05
11.617152 12.37
11.642152 12.37
11.658277 12.37
11.683277 12.37
11.699277 12.05
11.724402 12.37
11.735277 12.37
11.770806 12.37
11.786795 12.37
11.812171 7.37
11.828153 12.05
11.853279 12.37
11.869154 12.05
11.894404 12.37
11.905279 12.37
11.940806 12.37
11.956655 12.37
11.982172 12.37
11.998171 12.05
12.023280 12.37
12.039155 12.37
12.064405 12.37
12.075280 12.37
12.105657 12.37
12.121660 12.37
12.146809 12.05
12.157657 8.35
12.188171 11.70
12.204281 12.37
12.229281 12.37
12.240156 12.37
12.275532 12.37
12.286282 12.37
12.316937 12.37
12.327812 12.37
12.358282 12.37
12.369158 12.37
12.401159 12.37
12.412049 12.37
12.442283 12.37
12.453158 12.37
12.488534 12.37
12.499284 12.37
12.529937 8.03
12.540813 12.05
12.571284 12.37
12.582159 12.37
12.617534 12.05
12.628284 12.37
12.658939 12.37
12.669813 12.37
12.700160 12.37
12.710927 12.37
12.741160 12.05
12.751928 12.37
12.782160 12.05
12.792928 12.37
12.823161 12.37
12.833929 12.05
12.864161 12.37
12.875053 10.03
12.905287 11.04
12.916162 12.37
12.951537 12.37
12.962287 12.05
12.992939 12.37
13.003663 12.37
13.034288 12.37
13.045055 12.05
13.080538 12.37
13.104941 12.37
13.115664 12.37
13.146288 12.05
13.157054 12.37
13.192538 12.37
13.216942 12.37
13.227664 12.37
13.258290 7.02
13.269054 12.05
13.304539 12.37
13.328944 12.37
13.339819 12.37
13.370165 12.37
13.380933 12.37
13.411290 12.37
13.422058 12.37
13.457541 12.37
13.468291 12.37
13.498931 12.37
13.509666 12.37
13.540166 12.37
13.550934 12.37
13.581167 12.37
13.591934 12.37
13.622292 9.36
13.633057 12.37
13.668543 12.37
13.692946 12.37
13.703668 12.37
13.734293 12.37
13.745061 12.37
13.780543 12.37
13.804945 12.37
13.815669 12.37
13.846294 12.37
13.857062 12.05
13.892544 12.37
13.916949 12.37
13.927821 12.37
13.958294 12.37
13.969062 7.02
14.004554 12.05
14.028950 12.37
14.039670 12.05
14.070296 12.37
14.081062 12.37
14.116553 12.37
14.140949 12.37
14.151826 12.37
14.182296 12.37
14.193063 12.37
14.228554 12.37
14.252951 12.37
14.263672 12.37
14.294297 12.37
14.305062 12.37
14.340554 7.69
14.364949 12.37
14.377555 12.37
14.406298 12.37
14.417172 12.37
14.452556 12.05
14.476953 12.37
14.489582 12.37
14.518299 12.37
14.529174 12.37
14.564558 12.37
14.588953 12.37
14.601424 12.37
14.630175 12.05
14.640941 12.37
14.671300 12.37
14.682066 8.70
14.717553 11.70
14.733559 12.37
14.759066 12.37
14.775066 12.37
14.800176 12.37
14.816176 12.37
14.841176 12.37
14.852067 12.37
14.882301 12.37
14.893177 12.37
14.928556 12.37
14.953069 12.37
14.982556 12.37
14.998556 12.37
15.024069 12.37
15.040071 12.37
15.065178 9.36
15.076070 12.37
15.106178 12.37
15.117071 12.37
15.147303 12.37
15.158069 12.37
15.188708 12.37
15.199557 12.37
15.230070 12.37
15.246071 12.37
15.271180 12.37
15.282071 12.37
15.312305 12.37
15.323180 12.37
15.358560 12.37
15.374560 12.37
15.400072 12.37
15.416071 7.37
15.441305 12.05
15.452073 12.37
15.487560 12.37
15.503561 12.37
15.529071 12.37
15.545075 12.37
15.570182 12.37
15.581074 12.37
15.611182 12.37
15.622073 12.37
15.652307 12.37
15.663072 12.05
15.698564 12.37
15.723076 12.37
15.752563 12.37
15.768563 9.04
15.794076 11.38
15.810074 12.37
15.835184 12.37
15.846075 12.37
15.876309 12.37
15.887184 12.37
15.922563 12.37
15.947076 12.37
15.976562 12.37
15.992564 12.37
16.018077 12.37
16.034077 12.37
16.059185 12.37
16.070078 12.37
16.100311 12.37
16.111079 12.37
16.146566 7.37
16.157562 12.05
16.188079 12.37
16.204079 12.37
16.229187 12.37
16.240078 12.37
16.270312 12.37
16.281079 12.37
16.316564 12.37
16.332565 12.37
16.358080 12.37
16.374080 12.37
16.399313 12.37
16.410080 12.37
16.445566 12.37
16.461576 12.37
16.487080 12.37
16.503080 9.36
16.528189 12.37
16.539082 12.37
16.569314 12.37
16.580083 12.37
16.615569 12.37
16.626566 12.37
16.657080 12.37
16.673083 12.37
16.698190 12.37
16.709082 12.37
16.739316 12.37
16.750083 12.37
16.785567 12.37
16.801567 12.37
16.827081 12.37
16.843084 12.37
16.868317 9.36
16.879067 12.37
16.914568 12.37
16.930572 12.37
16.955846 12.05
16.966722 12.37
16.997192 12.37
17.008082 12.37
17.038193 12.37
17.049068 12.37
17.079193 12.37
17.090068 12.37
17.121945 12.37
17.132847 12.37
17.163193 12.37
17.174085 12.37
17.205967 12.37
17.216721 8.35
17.252444 12.37
17.268444 12.37
17.293962 12.37
17.309838 12.37
17.335086 12.37
17.345838 12.37
17.377947 12.37
17.388847 12.37
17.419196 12.37
17.430088 12.37
17.461947 12.37
17.472725 12.37
17.503196 12.37
17.514089 12.05
17.544593 12.37
17.560575 12.37
17.586087 7.02
17.602089 12.05
17.627197 12.37
17.638072 12.37
17.669948 12.37
17.680726 12.37
17.711090 12.37
17.721839 12.37
17.757448 12.37
17.773595 12.37
17.798727 12.37
17.809574 12.37
17.840199 12.05
17.851089 12.37
17.886449 12.37
17.898950 12.37
17.927996 12.37
17.944338 0.05
17.969587 5.00
17.980585 4.68
18.011206 4.68
18.022207 4.68
18.052581 4.68
18.063454 4.68
18.094096 4.68
18.104847 4.68
18.135453 4.68
18.147828 4.68
18.176857 4.68
18.192855 4.68
18.218092 4.68
18.228844 4.68
18.264452 4.68
18.280451 4.68
18.305730 4.68
18.316452 4.68
18.347092 4.68
18.357846 4.68
18.388078 4.68
18.398968 4.68
18.429203 4.68
18.440094 4.68
18.471830 4.68
18.482609 4.68
18.513204 4.68
18.524097 4.68
18.559329 4.68
18.570079 4.68
18.600843 4.68
18.616984 4.68
18.647753 4.68
18.658587 4.68
18.694459 4.68
18.710585 4.68
18.736101 4.68
18.746850 4.68
18.777457 4.68
18.793456 4.68
18.818736 4.68
18.829456 4.68
18.860097 4.68
18.870848 4.68
18.906457 4.68
18.922457 4.68
18.947736 4.68
18.958457 4.68
18.989097 4.68
18.999974 4.68
19.030083 4.68
19.040848 4.68
19.071208 4.68
19.082100 4.68
19.117458 4.68
19.133459 4.68
19.158737 4.68
19.169459 4.68
19.200209 4.68
19.211101 4.68
19.246335 4.68
19.257084 4.68
19.287460 4.68
19.303334 4.68
19.328738 4.68
19.339460 4.68
19.370100 4.68
19.380852 4.34
19.416587 4.68
19.427461 4.68
19.458103 4.34
19.468854 4.68
19.499212 4.68
19.510086 4.68
19.540726 4.68
