0.000000 0.000000
0.041897 4.34
0.058105 4.34
0.088728 4.34
0.099882 4.02
0.135752 2.34
0.146890 2.34
0.182753 2.34
0.193746 2.34
0.226025 2.34
0.236995 2.34
0.267636 2.34
0.283511 2.34
0.309100 2.34
0.319990 2.34
0.350504 2.34
0.366503 2.34
0.391987 2.34
0.407989 2.34
0.433097 2.34
0.443986 2.34
0.474097 2.34
0.484972 2.34
0.515097 2.34
0.525972 2.34
0.556097 2.34
0.566972 2.34
0.597097 2.34
0.607972 2.34
0.638098 2.66
0.648987 2.34
0.679098 2.34
0.689974 2.66
0.720098 2.66
0.730974 2.34
0.761099 2.34
0.772126 2.34
0.802764 2.34
0.813770 2.34
0.849642 2.34
0.860678 2.34
0.896636 2.34
0.907649 2.34
0.938241 2.66
0.949241 2.34
0.980022 2.66
0.996253 4.02
1.021652 4.02
1.032651 4.02
1.063232 4.02
1.074105 4.02
1.104873 4.34
1.120995 4.02
1.146104 4.02
1.156979 4.02
1.192353 4.02
1.208353 4.02
1.233603 4.34
1.244352 4.02
1.274870 4.02
1.290870 4.02
1.315995 4.02
1.331994 4.02
1.356978 4.02
1.367867 4.02
1.397979 4.02
1.408867 4.02
1.439138 4.02
1.450124 4.02
1.480764 4.34
1.491771 4.34
1.527655 4.34
1.538497 4.34
1.569239 4.02
1.580238 4.34
1.610879 4.34
1.627111 4.34
1.652109 4.34
1.662984 4.34
1.698517 4.34
1.714515 4.34
1.742483 4.34
1.758486 4.34
1.783760 4.34
1.794482 4.34
1.824998 4.34
1.835748 4.34
1.866107 4.34
1.876982 4.02
1.907108 4.02
1.917983 4.34
1.953358 4.34
1.964108 4.34
1.994761 4.34
2.005608 4.34
2.035983 4.34
2.046750 4.34
2.076984 4.34
2.087750 4.34
2.118109 4.34
2.128984 4.02
2.164359 4.34
2.175234 4.02
2.205765 4.34
2.216485 4.34
2.247110 4.34
2.257985 4.02
2.293360 4.34
2.304110 4.34
2.334762 4.34
2.347360 4.34
2.375986 4.34
2.386750 4.34
2.416986 4.34
2.427753 4.34
2.458111 4.34
2.468987 4.34
2.499111 4.34
2.509987 4.02
2.545362 4.34
2.556111 4.34
2.586766 4.34
2.599237 4.34
2.627987 4.34
2.638877 4.34
2.669113 4.34
2.679988 4.34
2.715363 4.34
2.731363 4.34
2.756643 4.02
2.767519 4.02
2.797989 4.34
2.808880 4.34
2.838989 4.34
2.849880 4.34
2.880114 4.34
2.890990 4.34
2.926365 4.34
2.942365 4.34
2.967630 4.02
2.978365 4.34
3.009008 4.34
3.019883 4.34
3.055365 4.34
3.067866 4.34
3.096881 4.34
3.113009 4.34
3.143492 4.34
3.154366 4.34
3.184634 4.34
3.195367 4.34
3.226009 4.34
3.236757 4.34
3.272367 4.34
3.284868 4.34
3.313769 4.34
3.329769 4.34
3.355009 4.02
3.365760 4.34
3.401368 4.34
3.413743 4.34
3.442884 4.02
3.459011 4.34
3.483994 4.34
3.494760 4.34
3.525119 4.34
3.535994 4.34
3.571369 4.34
3.583745 4.34
3.612885 4.34
3.629011 4.34
3.654119 4.34
3.665010 4.34
3.700370 4.34
3.716245 4.34
3.741637 4.34
3.752370 4.34
3.783013 4.34
3.793886 4.34
3.823996 4.34
3.834889 4.34
3.864996 4.02
3.875761 4.34
3.906121 4.34
3.916997 4.34
3.952372 4.34
3.968372 4.34
3.993776 4.34
4.009637 4.34
4.035122 4.34
4.045888 4.02
4.081372 4.02
4.097372 4.34
4.122891 4.34
4.139014 4.34
4.164013 4.02
4.174766 4.34
4.210373 4.34
4.226249 4.34
4.251779 4.34
4.268016 4.34
4.293124 4.34
4.304016 4.34
4.339374 4.34
4.355250 4.34
4.380780 4.34
4.396776 4.34
4.422000 4.34
4.432766 4.34
4.463126 4.34
4.474000 4.02
4.509376 4.34
4.525250 4.34
4.550779 4.34
4.566778 4.02
4.592126 4.02
4.603001 4.34
4.638376 4.34
4.654252 4.34
4.679781 4.02
4.695779 4.34
4.721127 4.34
4.732019 4.34
4.767377 4.34
4.783253 4.34
4.808780 4.34
4.824783 4.34
4.850003 4.02
4.860771 4.02
4.891003 4.34
4.901771 4.34
4.932004 4.34
4.942770 4.34
4.973004 4.34
4.983771 4.02
5.015755 4.34
5.026506 4.34
5.057130 4.34
5.068005 4.34
5.103380 4.34
5.119254 4.02
5.144782 4.34
5.160645 4.34
5.187757 4.34
5.198507 4.34
5.230757 4.34
5.241657 4.34
5.272021 4.34
5.282775 4.34
5.318381 4.34
5.334381 4.34
5.359783 4.34
5.375661 4.34
5.402758 4.34
5.413508 4.34
5.445759 4.34
5.456526 4.02
5.488759 4.34
5.499526 4.34
5.531759 4.34
5.542526 4.34
5.574759 4.34
5.585525 4.34
5.617759 4.34
5.628661 4.34
5.659025 4.34
5.669774 4.34
5.701760 4.34
5.712540 4.34
5.748384 4.34
5.759399 4.34
5.790041 4.34
5.801019 4.34
5.831681 4.34
5.847670 4.34
5.873028 4.34
5.883902 4.68
5.914261 4.34
5.926791 4.34
5.955386 4.34
5.966260 4.68
5.996905 4.34
6.007791 4.34
6.039763 4.34
6.050513 4.34
6.082763 4.34
6.093513 4.34
6.129401 4.34
6.140400 4.34
6.171040 4.34
6.182021 4.34
6.212520 4.34
6.223519 4.34
6.254034 4.34
6.264785 4.34
6.295390 4.34
6.311389 4.34
6.336796 4.34
6.352793 4.34
6.383388 4.34
6.399389 4.34
6.424914 4.34
6.435912 4.34
6.471396 4.34
6.482395 4.34
6.512807 4.02
6.523659 4.34
6.559392 4.34
6.570267 4.34
6.600907 4.34
6.611907 4.34
6.642266 4.02
6.658391 4.34
6.683391 4.34
6.694266 4.34
6.724907 4.34
6.735907 4.34
6.771141 4.34
6.782033 4.34
6.812266 4.34
6.828266 4.34
6.853547 4.34
6.864392 4.34
6.895034 4.34
6.905907 4.34
6.936267 4.34
6.952268 4.34
6.977392 4.34
6.988268 4.34
7.018909 4.34
7.029911 4.34
7.065268 4.34
7.081268 4.34
7.106549 4.34
7.122673 4.34
7.148037 4.34
7.158785 4.34
7.189144 4.34
7.199893 4.34
7.230144 4.34
7.240894 4.34
7.271144 4.34
7.281894 4.02
7.312144 4.34
7.322894 4.34
7.353144 4.34
7.363894 4.34
7.394144 4.34
7.404894 4.34
7.435145 4.34
7.445895 4.34
7.476145 4.34
7.486895 4.34
7.517145 4.34
7.527896 4.34
7.558146 4.34
7.568896 4.34
7.599146 4.34
7.609896 4.02
7.640147 4.34
7.650896 4.34
7.681146 4.02
7.691897 4.34
7.722146 4.34
7.732897 4.34
7.763147 4.34
7.773897 4.02
7.804147 4.34
7.814898 4.34
7.845147 4.34
7.855898 4.34
7.886148 4.34
7.896898 4.34
7.927148 4.34
7.937898 4.34
7.968148 4.34
7.978899 4.34
8.009149 4.34
8.019899 4.34
8.050150 4.34
8.061025 4.34
8.091275 4.34
8.107275 4.34
8.132401 4.34
8.143276 4.34
8.173803 4.34
8.184528 4.34
8.220277 4.34
8.236402 4.34
8.261528 4.34
8.272402 4.34
8.302807 4.34
8.313529 4.34
8.349402 4.34
8.360277 4.34
8.390806 4.34
8.401681 4.34
8.437153 4.34
8.448028 4.34
8.478278 4.34
8.494278 4.34
8.519530 4.34
8.530404 4.34
8.560808 4.34
8.571681 4.34
8.607404 4.34
8.618279 4.34
8.648689 4.34
8.664921 4.34
8.691656 4.34
8.702560 4.34
8.734656 4.34
8.745531 4.34
8.777656 4.34
8.788531 4.34
8.819049 4.34
8.829796 4.34
8.860281 4.34
8.876281 4.34
8.901559 4.02
8.917684 4.34
8.944686 4.34
8.955532 4.34
8.987658 4.34
8.998562 4.34
9.028925 4.34
9.039675 4.34
9.075407 4.34
9.086158 4.02
9.116923 4.34
9.127687 4.34
9.163158 4.34
9.175534 4.34
9.204283 4.34
9.220284 4.34
9.245408 4.34
9.256284 4.34
9.286811 4.34
9.297563 4.02
9.328159 4.34
9.340536 4.34
9.369284 4.34
9.385160 4.02
9.410564 4.34
9.426535 4.34
9.457160 4.34
9.473286 4.34
9.498285 4.34
9.509160 4.34
9.539411 4.34
9.550286 4.34
9.580816 4.34
9.591689 4.34
9.622161 4.34
9.638162 4.34
9.663286 4.34
9.674037 4.34
9.704537 4.34
9.720537 4.34
9.751162 4.34
9.763539 4.34
9.792287 4.34
9.803038 4.34
9.833413 4.34
9.844163 4.34
9.874817 4.34
9.885538 4.34
9.916039 4.34
9.926806 4.34
9.957039 4.34
9.967805 4.34
9.998164 4.34
10.014165 4.34
10.039289 4.34
10.050164 4.34
10.080540 4.34
10.096540 4.34
10.121807 4.34
10.132695 4.34
10.163165 4.34
10.179165 4.34
10.204290 4.34
10.215041 4.34
10.245540 4.34
10.261541 4.34
10.286809 4.34
10.297541 4.34
10.333166 4.34
10.349167 4.34
10.374291 4.34
10.385042 4.34
10.415694 4.34
10.426417 4.34
10.462167 4.34
10.478167 4.34
10.503292 4.34
10.514167 4.34
10.544697 4.34
10.555543 4.34
10.591168 4.34
10.607168 4.34
10.632293 4.34
10.643169 4.34
10.673426 4.02
10.684294 4.34
10.714821 4.34
10.725545 4.34
10.756169 4.34
10.772170 4.34
10.797294 4.34
10.808045 4.34
10.838699 4.34
10.849427 4.34
10.885170 4.34
10.901060 4.02
10.926295 4.02
10.937046 4.34
10.967697 4.34
10.978547 4.34
11.014171 4.34
11.030296 4.02
11.055296 4.34
11.066171 4.34
11.096700 4.34
11.107430 4.34
11.143297 4.34
11.154172 4.34
11.184701 4.34
11.195577 4.34
11.231297 4.34
11.242173 4.34
11.272576 4.02
11.288579 4.34
11.319298 4.34
11.330174 4.34
11.360577 4.34
11.376703 4.34
11.401942 4.34
11.412703 4.34
11.443049 4.34
11.453941 4.34
11.484174 4.34
11.500175 4.34
11.525300 4.34
11.536050 4.34
11.566580 4.34
11.582578 4.34
11.613300 4.34
11.624175 4.34
11.654703 4.34
11.665428 4.34
11.701301 4.34
11.712176 4.34
11.742578 4.34
11.758704 4.34
11.789301 4.34
11.800176 4.34
11.830707 4.34
11.841582 4.34
11.877177 4.34
11.893302 4.34
11.918302 4.34
11.929177 4.02
11.959583 4.34
11.975582 4.34
12.006303 4.34
12.017178 4.34
12.047582 4.34
12.063708 4.34
12.089054 4.34
12.101432 4.34
12.130054 4.34
12.142433 4.34
12.171179 4.34
12.187179 4.34
12.212304 4.34
12.223055 4.34
12.253709 4.34
12.264585 4.34
12.300305 4.34
12.311055 4.34
12.341709 4.34
12.352584 4.02
12.383056 4.34
12.399181 4.02
12.424181 4.34
12.434949 4.34
12.465306 4.34
12.476181 4.34
12.506584 4.34
12.517306 4.34
12.548057 4.34
12.560434 4.34
12.589182 4.34
12.600057 4.34
12.630308 4.34
12.641057 4.34
12.671710 4.34
12.682435 4.34
12.712933 4.34
12.723710 4.34
12.754058 4.34
12.770184 4.34
12.795184 4.34
12.806059 4.34
12.836309 4.34
12.847184 4.34
12.877588 4.34
12.888435 4.34
12.919059 4.34
12.935184 4.34
12.960184 4.34
12.970952 4.34
13.001310 4.34
13.012060 4.34
13.042715 4.34
13.053590 4.34
13.084061 4.34
13.100186 4.34
13.125186 4.34
13.135953 4.34
13.166311 4.34
13.177186 4.34
13.207589 4.34
13.218438 4.34
13.249062 4.34
13.265187 4.34
13.290187 4.34
13.300955 4.34
13.331312 4.34
13.342187 4.34
13.372590 4.34
13.383313 4.34
13.414063 4.34
13.430188 4.34
13.455188 4.34
13.466064 4.34
13.496314 4.34
13.507064 4.34
13.537594 4.34
13.548440 4.34
13.579064 4.34
13.595189 4.34
13.620065 4.34
13.636189 4.34
13.661190 4.34
13.671954 4.34
13.702315 4.34
13.713190 4.34
13.743595 4.34
13.754441 4.34
13.790190 4.34
13.801065 4.34
13.831316 4.34
13.842066 4.34
13.872442 4.34
13.888595 4.34
13.919192 4.34
13.930067 4.34
13.960317 4.34
13.971192 4.34
14.001721 4.34
14.012594 4.34
14.042959 4.34
14.053709 4.34
14.084068 4.34
14.100068 4.34
14.125193 4.34
14.136068 4.34
14.166318 4.34
14.177193 4.34
14.207597 4.34
14.218445 4.34
14.249069 4.34
14.265194 4.34
14.290069 4.34
14.306194 4.34
14.331194 4.34
14.341945 4.34
14.372319 4.34
14.384960 4.34
14.415450 4.34
14.426320 4.34
14.462196 4.34
14.473070 4.34
14.503321 4.34
14.514070 4.34
14.544447 4.34
14.560600 4.34
14.591196 4.34
14.602071 4.34
14.632481 4.34
14.648601 4.34
14.682197 4.34
14.693072 4.34
14.723477 4.34
14.739480 4.34
14.766352 4.34
14.777197 4.34
14.807602 4.34
14.818479 4.34
14.849073 4.34
14.865198 4.34
14.890198 4.34
14.901073 4.34
14.931478 4.34
14.947601 4.34
14.974353 4.34
14.985198 4.34
15.017354 4.34
15.028199 4.34
15.064074 4.34
15.080200 4.34
15.105200 4.34
15.116075 4.34
15.146477 4.34
15.157325 4.34
15.187968 4.34
15.200354 4.34
15.229200 4.34
15.240076 4.34
15.270481 4.34
15.281326 4.34
15.311969 4.34
15.328077 4.34
15.353201 4.34
15.363951 4.34
15.394481 4.34
15.405326 4.34
15.435970 4.34
15.452077 4.34
15.477202 4.34
15.488077 4.34
15.518483 4.34
15.529328 4.34
15.559970 4.34
15.576078 4.34
15.601203 4.34
15.612078 4.34
15.642483 4.34
15.653329 4.34
15.683972 4.34
15.700079 4.34
15.725204 4.34
15.736079 4.34
15.766484 4.34
15.777329 4.34
15.807972 4.34
15.824080 4.34
15.849204 4.34
15.859955 4.34
15.890484 4.34
15.901330 4.34
15.931973 4.34
15.948081 4.34
15.973206 4.34
15.984081 4.34
16.014484 4.34
16.025331 4.34
16.055974 4.34
16.072081 4.34
16.097207 4.34
16.108082 4.34
16.138487 4.34
16.149332 4.34
16.179974 4.34
16.196082 4.34
16.221208 4.34
16.232083 4.34
16.262490 4.34
16.273333 4.34
16.303976 4.34
16.320084 4.34
16.345208 4.34
16.356084 4.34
16.386486 4.34
16.397334 4.34
16.427976 4.34
16.444084 4.34
16.469209 4.34
16.479959 4.34
16.510490 4.34
16.521334 4.34
16.551979 4.34
16.568085 4.34
16.593210 4.34
16.604085 4.34
16.634490 4.34
16.645336 4.34
16.675976 4.34
16.692086 4.34
16.717211 4.34
16.727962 4.34
16.758491 4.34
16.769337 4.34
16.799852 4.34
16.810616 4.34
16.841212 4.34
16.852087 4.34
16.882212 4.34
16.892979 4.34
16.923492 4.34
16.934338 4.34
16.964978 4.34
16.981088 4.34
17.006213 4.34
17.017088 4.34
17.047494 4.34
17.058339 4.34
17.088980 4.34
17.105089 4.34
17.130214 4.34
17.141089 4.34
17.171495 4.34
17.182339 4.34
17.212980 4.34
17.229090 4.34
17.254215 4.34
17.266858 4.34
17.298467 4.34
17.309340 4.34
17.339983 4.34
17.355982 4.34
17.381215 4.34
17.392090 4.34
17.422341 4.34
17.438341 4.34
17.465346 4.34
17.476091 4.34
17.508346 4.34
17.519091 4.34
17.551221 4.34
17.561967 4.34
17.592341 4.34
17.608342 4.34
17.635222 4.34
17.646093 4.34
17.676343 4.34
17.692343 4.34
17.719223 4.34
17.730093 4.34
17.760343 4.34
17.776343 4.34
17.803223 4.34
17.814094 4.34
17.844343 4.34
17.860344 4.34
17.890861 4.34
17.903224 4.34
17.931970 4.34
17.947987 4.34
17.972970 4.34
17.983735 4.34
18.013970 4.34
18.029985 4.34
18.054970 4.34
18.065736 4.34
18.095971 4.34
18.106737 4.34
18.136971 4.34
18.147736 4.34
18.177971 4.34
18.188736 4.34
18.218972 4.34
18.229739 4.34
18.259972 4.34
18.270740 4.34
18.300972 4.34
18.311739 4.34
18.341972 4.34
18.352745 4.34
18.382973 4.34
18.393741 4.34
18.423973 4.34
18.434740 4.34
18.464974 4.34
18.475740 4.34
18.505973 4.34
18.516741 4.34
18.546974 4.34
18.557742 4.34
18.587974 4.34
18.598739 4.34
18.628974 4.34
18.639868 4.34
18.669975 4.34
18.680868 4.34
18.710991 4.34
18.721742 4.34
18.752100 4.34
18.762975 4.34
18.793100 4.34
18.803976 4.34
18.834101 4.34
18.844976 4.34
18.875226 4.34
18.891101 4.34
18.916351 4.34
18.927226 4.34
18.962742 4.34
18.973478 4.34
19.003978 4.34
19.014742 4.34
19.044977 4.34
19.055743 4.34
19.085978 4.34
19.096745 4.34
19.126978 4.34
19.137746 4.34
19.167978 4.02
19.178743 4.34
19.208979 4.34
19.219743 4.34
19.249979 4.34
19.260745 4.34
19.290980 4.34
19.301744 4.34
19.331979 4.34
19.342747 4.34
19.372980 4.34
19.383746 4.34
19.413980 4.34
19.424748 4.34
19.454981 4.34
19.465747 4.02
19.495981 4.34
19.506748 4.34
19.536980 4.34
19.547748 4.34
19.577981 4.34
19.588749 4.34
19.618981 4.34
19.629749 4.34
19.659982 4.34
19.670748 4.34
19.700982 4.34
19.711747 4.34
19.741982 4.34
19.752747 4.34
19.782982 4.34
19.793750 4.34
19.823983 4.34
19.834748 4.34
19.864983 4.34
19.875749 4.34
19.905983 4.34
19.916750 4.34
19.947109 4.34
19.957984 4.34
19.988234 4.34
20.004234 4.34
20.029485 4.34
20.040359 4.34
20.071002 4.34
20.081750 4.34
20.117360 4.34
20.128109 4.34
20.158765 4.34
20.174753 4.34
20.199985 4.34
20.210751 4.34
20.241111 4.34
20.251986 4.34
20.282236 4.34
20.298236 4.34
20.325246 4.34
20.336111 4.34
20.368246 4.34
20.379112 4.34
20.411122 4.34
20.422004 4.34
20.452237 4.34
20.468237 4.34
20.501879 4.34
20.517878 4.34
20.542988 4.34
20.553755 4.34
20.584113 4.34
20.596490 4.34
20.625238 4.34
20.641238 4.34
20.671632 4.34
20.684124 4.34
20.713114 4.34
20.725507 4.34
20.754239 4.34
20.770114 4.34
20.797123 4.34
20.808006 4.34
20.838240 4.34
20.854115 4.34
20.884644 4.34
20.897120 4.02
20.925991 4.34
20.936880 4.34
20.967116 4.34
20.979492 4.34
21.008366 4.34
21.019241 4.34
21.049885 4.34
21.060884 4.34
21.091116 4.34
21.107117 4.34
21.132242 4.34
21.143117 4.02
21.178644 4.34
21.194635 4.34
21.220010 4.34
21.230885 4.34
21.261243 4.34
21.272118 4.34
21.307634 4.34
21.318368 4.34
21.349011 4.34
21.359885 4.34
21.390244 4.34
21.400994 4.34
21.436646 4.34
21.447369 4.34
21.478012 4.34
21.488760 4.34
21.519244 4.34
21.529995 4.34
21.565649 4.34
21.581637 4.34
21.607013 4.34
21.617760 4.34
21.647995 4.34
21.658761 4.34
21.689121 4.34
21.704996 4.34
21.730246 4.34
21.741121 4.34
21.776648 4.34
21.787371 4.34
21.818014 4.34
21.828765 4.34
21.859247 4.34
21.870123 4.34
21.905648 4.34
21.916372 4.34
21.947014 4.34
21.957763 4.34
21.988247 4.34
21.998998 4.34
22.034650 4.34
22.050638 4.34
22.076013 4.34
22.086766 4.34
22.116999 4.34
22.127763 4.02
22.158124 4.34
22.174124 4.34
22.199249 4.34
22.209999 4.34
22.245641 4.34
22.261642 4.34
22.287018 4.34
22.297768 4.34
22.328250 4.34
22.339000 4.34
22.374643 4.34
22.390643 4.34
22.416018 4.34
22.426767 4.34
22.457251 4.34
22.468126 4.34
22.503653 4.34
22.519644 4.34
22.545002 4.34
22.555770 4.34
22.586002 4.34
22.596768 4.34
22.627002 4.34
22.637895 4.34
22.668128 4.34
22.684003 4.34
22.709253 4.34
22.720003 4.34
22.755656 4.34
22.771646 4.34
22.797021 4.34
22.809505 4.34
22.838254 4.34
22.849129 4.34
22.884660 4.34
22.900646 4.34
22.926022 4.34
22.938506 4.34
22.969131 4.34
22.980020 4.34
23.010255 4.34
23.021130 4.34
23.056659 4.34
23.072648 4.34
23.098130 4.34
23.114131 4.34
23.139255 4.34
23.150131 4.34
23.185660 4.34
23.201648 4.34
23.227022 4.34
23.239381 4.34
23.268257 4.34
23.279132 4.34
23.314508 4.34
23.327008 4.34
23.356024 4.34
23.368383 4.34
23.397008 4.34
23.409383 4.34
23.438133 4.34
23.454008 4.34
23.479258 4.34
23.490133 4.34
23.525660 4.34
23.538025 4.34
23.567009 4.34
23.579384 4.34
23.608135 4.34
23.624009 4.34
23.649259 4.34
23.660009 4.34
23.695650 4.34
23.708039 4.34
23.737026 4.34
23.753025 4.34
23.778136 4.34
23.794010 4.34
23.819261 4.34
23.830136 4.34
23.865652 4.34
23.881542 4.34
23.907030 4.34
23.923027 4.34
23.948011 4.34
23.960387 4.34
23.989137 4.34
24.005012 4.34
24.030262 4.34
24.041012 4.34
24.076664 4.34
24.092541 4.34
24.118138 4.34
24.134013 4.34
24.159263 4.34
24.170138 4.34
24.205654 4.34
24.221544 4.34
24.247139 4.34
24.263139 4.34
24.288264 4.34
24.299014 4.34
24.334658 4.34
24.350531 4.34
24.376015 4.34
24.392030 4.02
24.417140 4.34
24.433015 4.34
24.458265 4.02
24.469015 4.34
24.504517 4.34
24.520517 4.34
24.546032 4.34
24.562032 4.34
24.587266 4.34
24.598016 4.34
24.633659 4.34
24.649549 4.34
24.675035 4.34
24.691032 4.02
24.716142 4.34
24.732017 4.34
24.757267 4.34
24.768017 4.02
24.803658 4.02
24.819519 4.34
24.845035 4.02
24.861033 4.34
24.886143 4.34
24.902018 4.34
24.927268 4.34
24.938143 4.34
24.973520 4.34
24.989520 4.34
25.014799 4.02
25.025521 4.34
25.056144 4.02
25.072145 4.34
25.097270 4.34
25.108145 4.34
25.143663 4.34
25.159662 4.02
25.185037 4.34
25.201020 4.34
25.226146 4.34
25.242145 4.34
25.267271 4.34
25.278021 4.34
25.313664 4.34
25.329662 4.34
25.355039 4.34
25.371039 4.34
25.396147 4.02
25.412022 4.34
25.439024 4.02
25.449789 4.34
25.480148 4.34
25.496022 4.34
25.523024 4.02
25.533788 4.34
25.564148 4.34
25.580023 4.34
25.607025 4.02
25.617915 4.34
25.648149 4.34
25.664024 4.34
25.691025 4.34
25.701791 4.34
25.732149 4.34
25.743024 4.34
25.775053 4.34
25.785917 4.34
25.818055 4.34
25.828917 4.34
25.861055 4.34
25.871915 4.34
25.904057 4.34
25.914917 4.34
25.947057 4.34
25.957917 4.34
25.990054 4.34
26.000919 4.34
26.033055 4.34
26.043919 4.34
26.076057 4.34
26.086920 4.34
26.122402 4.34
26.134933 4.34
26.163921 4.34
26.179920 4.34
26.205028 4.34
26.221028 4.34
26.246028 4.34
26.256919 4.34
26.287153 4.34
26.298028 4.34
26.333403 4.34
26.344154 4.34
26.374680 4.34
26.385530 4.34
26.416029 4.34
26.426796 4.34
26.457154 4.34
26.468029 4.34
26.503404 4.34
26.514154 4.34
26.544808 4.34
26.555682 4.34
26.586155 4.34
26.597030 4.34
26.632405 4.34
26.648405 4.34
26.673923 4.34
26.689923 4.34
26.715031 4.34
26.725796 4.34
26.756032 4.34
26.766802 4.34
26.797032 4.34
26.807798 4.34
26.838032 4.34
26.848800 4.34
26.879157 4.34
26.890032 4.34
26.925407 4.34
26.936157 4.34
26.966812 4.34
26.977685 4.34
27.008158 4.34
27.019034 4.34
27.054408 4.34
27.065159 4.34
27.095812 4.34
27.106688 4.34
27.137034 4.34
27.147799 4.34
27.178159 4.34
27.189034 4.34
27.224409 4.34
27.235160 4.34
27.265811 4.34
27.276535 4.34
27.307035 4.34
27.317803 4.34
27.348036 4.34
27.358803 4.34
27.389036 4.34
27.399804 4.34
27.430036 4.34
27.440803 4.34
27.471162 4.34
27.481929 4.34
27.517412 4.34
27.528162 4.34
27.558929 4.34
27.574931 4.34
27.599927 4.34
27.615929 4.34
27.640930 4.34
27.656931 4.34
27.682037 4.34
27.692807 4.34
27.723038 4.34
27.733803 4.34
27.764038 4.34
27.774806 4.34
27.805163 4.34
27.815929 4.34
27.851414 4.34
27.862164 4.34
27.892806 4.34
27.903540 4.34
27.933932 4.34
27.949806 4.34
27.975040 4.34
27.985808 4.34
28.016040 4.34
28.026808 4.34
28.057165 4.34
28.067932 4.02
28.103416 4.34
28.114166 4.34
28.144807 4.34
28.155542 4.02
28.185933 4.34
28.201809 4.34
28.227042 4.34
28.237807 4.34
28.268042 4.34
28.278810 4.34
28.309167 4.34
28.319934 4.34
28.355425 4.34
28.367919 4.34
28.396808 4.34
28.409426 4.34
28.438168 4.34
28.448935 4.34
28.484425 4.34
28.496920 4.34
28.525698 4.34
28.536426 4.34
28.566936 4.34
28.582811 4.34
28.607934 4.34
28.637426 4.34
28.649951 4.34
28.678824 4.34
28.691428 4.02
28.720170 4.34
28.730938 4.34
28.766428 4.34
28.778951 4.34
28.807811 4.34
28.820296 4.34
28.849046 4.34
28.859813 4.34
28.890171 4.34
28.900938 4.34
28.936429 4.34
28.948825 4.34
28.977814 4.34
28.990172 4.34
29.019173 4.34
29.029937 4.34
29.065430 4.34
29.077829 4.34
29.106576 4.34
29.117297 4.34
29.148049 4.34
29.158815 4.34
29.189048 4.02
29.199940 4.34
29.230048 4.34
29.240941 4.34
29.271174 4.02
29.281941 4.02
29.317428 4.34
29.333428 4.34
29.358940 4.34
29.374943 4.34
29.400050 4.34
29.410943 4.34
29.441050 4.34
29.451943 4.34
29.482050 4.34
29.492941 4.34
29.523051 4.02
29.533943 4.34
29.564051 4.34
29.574943 4.02
29.605176 4.34
29.615944 4.34
29.651431 4.34
29.667431 4.34
29.692945 4.34
29.722431 4.34
29.738431 4.34
29.763944 4.34
29.779946 4.34
29.805053 4.34
29.815944 4.02
29.846178 4.02
29.856945 4.34
29.892434 4.34
29.916946 4.34
29.946435 4.34
29.962438 4.34
29.987947 4.34
30.003946 4.34
30.029054 4.34
30.039947 4.34
30.070055 4.34
30.080944 4.34
30.111180 4.34
30.121946 4.34
30.157436 4.34
30.173435 4.02
30.198945 4.34
30.214948 4.34
30.240056 4.34
30.250952 4.34
30.281056 4.34
30.291946 4.34
30.322181 4.34
30.332948 4.34
30.368436 4.34
30.392947 4.34
30.422435 4.34
30.438436 4.34
30.463950 4.02
30.479950 4.34
30.505058 4.34
30.515950 4.34
30.546183 4.34
30.557058 4.34
30.592436 4.34
30.616951 4.34
30.646435 4.34
30.662439 4.34
30.687951 4.34
30.703949 4.34
30.728949 4.34
30.739713 4.34
30.771837 4.34
30.782589 4.34
30.814839 4.34
30.825714 4.34
30.856060 4.34
30.866952 4.34
30.897060 4.34
30.907953 4.34
30.939841 4.34
30.950589 4.34
30.982843 4.34
30.993591 4.34
31.025830 4.34
31.036715 4.34
31.068812 4.34
31.079714 4.34
31.110062 4.34
31.120954 4.34
31.152813 4.02
31.163714 4.34
31.194062 4.34
31.204952 4.34
31.236813 4.34
31.247590 4.34
31.278063 4.34
31.288956 4.34
31.320814 4.34
31.331593 4.34
31.362064 4.02
31.372955 4.34
31.404815 4.02
31.415591 4.34
31.445957 4.34
31.456706 4.34
31.488815 4.34
31.499716 4.34
31.530065 4.34
31.540955 4.34
31.576315 4.34
31.588816 4.34
31.617593 4.34
31.628441 4.34
31.659066 4.34
31.669956 4.34
31.701817 4.34
31.712593 4.34
31.743066 4.34
31.753958 4.34
31.785692 4.02
31.796442 4.02
31.827067 4.34
31.837957 4.34
31.873192 4.34
31.883942 4.02
31.914321 4.34
31.926692 4.34
31.955316 4.34
31.967693 4.34
31.996317 4.34
32.008693 4.34
32.037317 4.34
32.049725 4.34
32.081595 4.34
32.092479 4.34
32.122960 4.34
32.133837 4.34
32.165695 4.34
32.176446 4.02
32.206960 4.34
32.217710 4.34
32.253195 4.34
32.263945 4.34
32.294320 4.34
32.310320 4.34
32.335598 4.34
32.346447 4.34
32.376962 4.34
32.387714 4.34
32.423448 4.34
32.434321 4.34
32.464962 4.34
32.475714 4.34
32.511321 4.34
32.527448 4.34
32.552602 4.34
32.563449 4.34
32.594073 4.34
32.604965 4.34
32.640322 4.34
32.656323 4.34
32.681839 4.34
32.698073 4.34
32.723073 4.02
32.733965 4.34
32.769198 4.34
32.780074 4.34
32.810324 4.34
32.826324 4.34
32.851601 4.34
32.862450 4.34
32.892964 4.34
32.903714 4.02
32.939325 4.34
32.955200 4.34
32.980601 4.34
32.991325 4.34
33.021968 4.34
33.032718 4.34
33.068325 4.34
33.084201 4.34
33.109605 4.02
33.120452 4.02
33.151076 4.34
33.161969 4.34
33.197201 4.34
33.208076 4.34
33.238326 4.34
33.254327 4.02
33.279604 4.34
33.290453 4.34
33.321077 4.34
33.331969 4.34
33.367454 4.34
33.378328 4.34
33.408971 4.34
33.419718 4.34
33.450079 4.34
33.460953 4.34
33.496329 4.34
33.512455 4.34
33.537608 4.34
33.548456 4.34
33.578972 4.34
33.589719 4.34
33.625204 4.34
33.637706 4.34
33.666330 4.34
33.682205 4.02
33.707609 4.34
33.718457 4.34
33.750707 4.02
33.761457 4.34
33.793707 4.02
33.804457 4.34
33.835081 4.34
33.845973 4.34
33.881206 4.34
33.893708 4.34
33.922331 4.34
33.938207 4.34
33.963611 4.34
33.976082 4.34
34.006709 4.34
34.017458 4.34
34.047974 4.34
34.058726 4.34
34.094208 4.34
34.106709 4.34
34.135333 4.34
34.151333 4.34
34.176612 4.34
34.189083 4.34
34.217977 4.34
34.228726 4.34
34.264334 4.34
34.280209 4.34
34.305739 4.34
34.323711 4.34
34.341975 4.34
34.368711 4.34
34.379614 4.34
34.411711 4.34
34.422461 4.34
34.458335 4.34
34.474462 4.34
34.499612 4.34
34.515613 4.34
34.540979 4.34
34.551727 4.34
34.587463 4.34
34.598336 4.34
34.628979 4.34
34.639730 4.34
34.675212 4.34
34.687589 4.34
34.716492 4.34
34.727337 4.34
34.757980 4.34
34.768730 4.34
34.799088 4.34
34.809963 4.34
34.840088 4.34
34.850963 4.34
34.881088 4.34
34.891964 4.34
34.922088 4.34
34.932964 4.34
34.963088 4.02
34.973964 4.34
35.004089 4.34
35.014964 4.34
35.045215 4.34
35.061339 4.34
35.086339 4.34
35.097215 4.34
35.127617 4.34
35.143620 4.34
35.174216 4.02
35.190340 4.02
35.215341 4.34
35.226090 4.34
35.256619 4.02
35.272731 4.34
35.297982 4.34
35.308734 4.34
35.344217 4.34
35.360216 4.02
35.385342 4.02
35.396092 4.34
35.426621 4.34
35.442468 4.34
35.473217 4.34
35.489342 4.34
35.514342 4.34
35.525218 4.34
35.555747 4.34
35.566621 4.34
35.602093 4.34
35.612985 4.34
35.643093 4.34
35.653969 4.34
35.684093 4.34
35.694969 4.34
35.725095 4.34
35.735969 4.34
35.766094 4.34
35.776969 4.34
35.807345 4.34
35.818094 4.34
35.848610 4.34
35.864471 4.34
35.889985 4.34
35.900739 4.34
35.931096 4.34
35.941971 4.34
35.972096 4.34
35.982864 4.34
36.013096 4.34
36.023971 4.34
36.054097 4.34
36.064971 4.34
36.095097 4.34
36.105972 4.34
36.136097 4.34
36.146972 4.34
36.177097 4.34
36.187973 4.34
36.218098 4.34
36.228973 4.34
36.259097 4.34
36.269973 4.34
36.300098 4.34
36.310973 4.34
36.341098 4.34
36.351974 4.34
36.382099 4.34
36.392974 4.34
36.423099 4.34
36.433974 4.34
36.464099 4.34
36.474975 4.34
36.505099 4.34
36.515975 4.34
36.546100 4.34
36.556975 4.34
36.587100 4.34
36.597975 4.34
36.628100 4.34
36.640619 4.34
36.669101 4.34
36.679976 4.34
36.710101 4.34
36.722620 4.34
36.751101 4.34
36.761976 4.34
36.792101 4.34
36.802977 4.34
36.833102 4.34
36.845621 4.34
36.874102 4.34
36.884977 4.34
36.915103 4.02
36.927622 4.34
36.956103 4.34
36.968621 4.02
36.997102 4.34
37.007978 4.34
37.038103 4.34
37.048978 4.34
37.079103 4.34
37.089979 4.34
37.120104 4.34
37.130979 4.34
37.161104 4.02
37.173606 4.34
37.202104 4.34
37.212980 4.34
37.243105 4.34
37.255606 4.34
37.284105 4.34
37.296607 4.02
37.325355 4.34
37.336105 4.34
37.366606 4.02
37.382606 4.34
37.407758 4.34
37.418483 4.34
37.454231 4.02
37.470232 4.34
37.495357 4.34
37.506232 4.34
37.536762 4.34
37.547607 4.34
37.583232 4.34
37.599232 4.34
37.624484 4.34
37.636997 4.34
37.667485 4.34
37.678358 4.34
37.714233 4.34
37.724983 4.34
37.755485 4.34
37.768001 4.02
37.802234 4.34
37.812984 4.34
37.843485 4.02
37.856001 4.34
37.886486 4.34
37.897359 4.34
37.929486 4.34
37.940360 4.34
37.976235 4.34
37.986985 4.34
38.017487 4.34
38.030000 4.34
38.064236 4.34
38.074986 4.34
38.105487 4.34
38.121487 4.34
38.152236 4.34
38.162986 4.34
38.193487 4.34
38.209627 4.34
38.240237 4.34
38.250987 4.34
38.281489 4.34
38.297489 4.34
38.328237 4.34
38.338987 4.34
38.369629 4.34
38.380363 4.34
38.416238 4.34
38.426987 4.34
38.457363 4.34
38.468113 4.34
38.498767 4.34
38.509490 4.34
38.540114 4.34
38.556239 4.34
38.581239 4.34
38.591990 4.34
38.622520 4.34
38.638644 4.34
38.669240 4.34
38.679990 4.34
38.710491 4.34
38.726645 4.34
38.751770 4.34
38.762491 4.34
38.793116 4.34
38.809241 4.34
38.834241 4.34
38.844991 4.34
38.875492 4.34
38.891633 4.34
38.922242 4.34
38.932991 4.34
38.963493 4.34
38.979635 4.02
39.004769 4.34
39.015633 4.34
39.046117 4.34
39.062118 4.34
39.087243 4.34
39.097992 4.34
39.128494 4.34
39.144636 4.34
39.175243 4.34
39.185993 4.34
39.216494 4.34
39.232494 4.34
39.263244 4.34
39.273993 4.34
39.304369 4.34
39.315119 4.34
39.345646 4.34
39.356495 4.34
39.392245 4.34
39.402995 4.34
39.433496 4.34
39.449649 4.34
39.474774 4.34
39.485635 4.34
39.515996 4.34
39.526761 4.34
39.557121 4.34
39.573246 4.34
39.598246 4.34
39.608996 4.34
39.639498 4.34
39.655497 4.34
39.686247 4.34
39.696996 4.34
39.727498 4.34
39.743498 4.34
39.774248 4.34
39.784997 4.34
39.815373 4.34
39.826123 4.34
39.856778 4.34
39.867499 4.34
39.897999 4.34
39.908766 4.34
39.938999 4.34
39.949891 4.34
39.979999 4.34
39.992503 4.34
40.021124 4.02
40.037249 4.34
40.062250 4.34
40.073125 4.34
40.103501 4.34
40.119655 4.34
40.150250 4.34
40.161001 4.34
40.191502 4.34
40.207652 4.34
40.234506 4.34
40.245376 4.34
40.277381 4.34
40.288126 4.34
40.320381 4.34
40.331126 4.34
40.363382 4.34
40.374252 4.34
40.406382 4.34
40.417126 4.34
40.449382 4.34
40.460127 4.34
40.492382 4.34
40.503128 4.34
40.535383 4.34
40.546253 4.34
40.578383 4.34
40.589128 4.34
40.625128 4.34
40.641254 4.34
40.666253 4.34
40.677004 4.34
40.707378 4.34
40.723532 4.34
40.750409 4.34
40.761254 4.34
40.797130 4.34
40.808022 4.34
40.838255 4.34
40.849005 4.34
40.879380 4.34
40.895534 4.34
40.926131 4.34
40.937023 4.34
40.967256 4.34
40.978006 4.34
41.008508 4.34
41.019381 4.34
41.055023 4.34
41.067385 4.34
41.096257 4.34
41.107132 4.34
41.137661 4.34
41.148509 4.34
41.179132 4.34
41.190007 4.34
41.220258 4.34
41.231133 4.34
41.261510 4.34
41.272383 4.34
41.308023 4.34
41.324025 4.34
41.349259 4.34
41.360009 4.34
41.390384 4.34
41.406384 4.34
41.437024 4.34
41.453027 4.34
41.478259 4.34
41.489010 4.34
41.519511 4.34
41.530385 4.34
41.566028 4.34
41.582027 4.34
41.607260 4.34
41.618010 4.34
41.648512 4.34
41.659386 4.34
41.695028 4.34
41.711029 4.34
41.736261 4.34
41.747137 4.34
41.777513 4.34
41.788387 4.34
41.824027 4.34
41.840027 4.34
41.865262 4.34
41.876137 4.34
41.906514 4.34
41.917387 4.34
41.953262 4.34
41.964138 4.34
41.994514 4.34
42.005388 4.34
42.041028 4.34
42.057030 4.34
42.082264 4.34
42.093139 4.34
42.123516 4.34
42.134389 4.34
42.170264 4.34
42.181139 4.34
42.211517 4.34
42.222390 4.34
42.258030 4.34
42.274031 4.34
42.299265 4.34
42.310140 4.34
42.340390 4.34
42.356390 4.34
42.387033 4.34
42.403033 4.34
42.428266 4.34
42.439141 4.34
42.469518 4.34
42.480391 4.34
42.516034 4.34
42.532035 4.34
42.557267 4.34
42.568142 4.34
42.598519 4.34
42.609392 4.34
42.645143 4.34
42.656034 4.34
42.686268 4.34
42.697143 4.34
42.727393 4.34
42.743393 4.34
42.774037 4.34
42.790036 4.34
42.815269 4.34
42.827786 4.34
42.856520 4.34
42.867394 4.34
42.903037 4.34
42.919036 4.34
42.944270 4.34
42.956785 4.34
42.985521 4.34
42.996395 4.34
43.028400 4.34
43.039145 4.34
43.075038 4.34
43.091036 4.34
43.116271 4.34
43.128663 4.34
43.157522 4.34
43.168397 4.34
43.204039 4.34
43.220038 4.34
43.245272 4.34
43.257664 4.34
43.286523 4.34
43.297397 4.34
43.333040 4.34
43.349039 4.34
43.374273 4.34
43.386665 4.34
43.415524 4.34
43.426398 4.34
43.458277 4.34
43.469148 4.34
43.499524 4.34
43.510399 4.34
43.546041 4.34
43.556790 4.34
43.587274 4.34
43.599666 4.34
43.631525 4.34
43.642400 4.34
43.678042 4.34
43.688790 4.34
43.719025 4.34
43.729793 4.34
43.760025 4.34
43.770793 4.34
43.801026 4.34
43.811794 4.34
43.842151 4.34
43.853026 4.34
43.883276 4.34
43.895666 4.34
43.924401 4.34
43.935152 4.34
43.971044 4.34
43.981795 4.34
44.012152 4.34
44.023027 4.34
44.053277 4.34
44.069278 4.02
44.094546 4.34
44.105403 4.34
44.136045 4.34
44.146796 4.34
44.177278 4.34
44.193279 4.34
44.218403 4.34
44.229154 4.34
44.265046 4.34
44.275797 4.34
44.306154 4.34
44.317030 4.34
44.347279 4.34
44.363280 4.34
44.388531 4.34
44.399405 4.34
44.429810 4.34
44.445795 4.34
44.471030 4.34
44.481798 4.34
44.512031 4.34
44.522797 4.02
44.553281 4.34
44.569281 4.34
44.602922 4.34
44.618921 4.34
44.644157 4.34
44.655032 4.34
44.685282 4.34
44.701282 4.34
44.726534 4.34
44.737407 4.34
44.772922 4.34
44.788799 4.34
44.814033 4.34
44.824924 4.34
44.855034 4.34
44.865923 4.34
44.896033 4.34
44.906926 4.02
44.937034 4.34
44.947924 4.34
44.978034 4.34
44.988927 4.34
45.019035 4.34
45.029927 4.34
45.060035 4.34
45.070802 4.34
45.101034 4.34
45.111928 4.34
45.142160 4.34
45.152927 4.34
45.183286 4.34
45.199285 4.34
45.232926 4.34
45.248928 4.34
45.274161 4.34
45.284926 4.34
45.315286 4.34
45.331286 4.34
45.358287 4.34
45.369161 4.34
45.399537 4.34
45.410287 4.02
45.440929 4.34
45.456929 4.34
45.482038 4.34
45.492930 4.02
45.523163 4.34
45.533931 4.34
45.564288 4.34
45.580288 4.34
45.607289 4.34
45.618039 4.02
45.650290 4.34
45.661164 4.34
45.693290 4.34
45.704164 4.34
45.736321 4.34
45.747164 4.34
45.777818 4.34
45.793932 4.34
45.819165 4.34
45.831694 4.34
45.860290 4.34
45.876290 4.34
45.903310 4.34
45.914166 4.34
45.946292 4.34
45.957166 4.34
45.989167 4.34
45.999933 4.34
46.030291 4.34
46.046292 4.34
46.079935 4.34
46.095934 4.34
46.121042 4.34
46.131809 4.34
46.162168 4.34
46.174543 4.34
46.203292 4.34
46.214043 4.34
46.249933 4.02
46.265810 4.34
46.291168 4.34
46.307168 4.34
46.332293 4.34
46.348168 4.02
46.378935 4.34
46.394934 4.34
46.420169 4.34
46.432544 4.34
46.461295 4.02
46.472045 4.34
46.507937 4.34
46.518697 4.34
46.549045 4.34
46.559810 4.34
46.590045 4.34
46.600812 4.34
46.631171 4.02
46.643546 4.02
46.672296 4.34
46.683171 4.34
46.718937 4.34
46.729701 4.34
46.760046 4.34
46.770813 4.34
46.801172 4.34
46.817048 4.34
46.842297 4.34
46.853047 4.34
46.888702 4.34
46.904701 4.34
46.930048 4.34
46.940813 4.34
46.971048 4.34
46.981814 4.34
47.012048 4.34
47.022940 4.34
47.053049 4.02
47.063940 4.34
47.094174 4.34
47.110174 4.34
47.135299 4.34
47.146049 4.34
47.181701 4.34
47.192427 4.34
47.223050 4.34
47.233942 4.02
47.264175 4.34
47.280175 4.02
47.305300 4.34
47.316050 4.34
47.351943 4.34
47.362943 4.34
47.393051 4.34
47.403943 4.34
47.434051 4.34
47.444941 4.34
47.475052 4.34
47.485944 4.02
47.516052 4.34
47.526943 4.34
47.557177 4.34
47.573052 4.34
47.598302 4.34
47.609177 4.34
47.644820 4.34
47.660707 4.34
47.686178 4.02
47.702178 4.34
47.727303 4.34
47.738053 4.02
47.773945 4.34
47.784708 4.34
47.815178 4.34
47.831179 4.34
47.856304 4.34
47.867179 4.02
47.902945 4.34
47.913708 4.02
47.944180 4.34
47.960055 4.02
47.985305 4.34
47.996055 4.34
48.031949 4.34
48.042710 4.34
48.073056 4.34
48.083945 4.34
48.114056 4.34
48.124949 4.34
48.155182 4.34
48.171181 4.34
48.196306 4.34
48.207181 4.34
48.242950 4.34
48.253710 4.34
48.284057 4.34
48.294950 4.34
48.325182 4.34
48.341183 4.34
48.366308 4.34
48.377183 4.34
48.407711 4.34
48.423710 4.34
48.448951 4.34
48.459711 4.34
48.490183 4.34
48.506184 4.34
48.531309 4.34
48.542184 4.34
48.572713 4.34
48.588713 4.34
48.614059 4.34
48.626589 4.34
48.655185 4.34
48.671060 4.34
48.696310 4.34
48.707184 4.34
48.737714 4.34
48.753713 4.34
48.778953 4.34
48.789715 4.34
48.820186 4.34
48.836186 4.34
48.861311 4.34
48.872186 4.34
48.902713 4.34
48.915086 4.34
48.944061 4.34
48.956446 4.34
48.985187 4.34
49.001187 4.34
49.026312 4.34
49.037062 4.34
49.067717 4.34
49.080072 4.34
49.109063 4.34
49.121440 4.34
49.150064 4.34
49.162440 4.34
49.191189 4.34
49.207064 4.34
49.232314 4.34
49.243064 4.34
49.278718 4.34
49.294718 4.34
49.320065 4.34
49.332441 4.34
49.361190 4.34
49.377190 4.34
49.402315 4.34
49.413190 4.34
49.443718 4.34
49.456075 4.34
49.485065 4.34
49.501066 4.34
49.526066 4.34
49.541941 4.34
49.567191 4.34
49.583066 4.34
49.613597 4.34
49.629595 4.34
49.655067 4.34
49.671067 4.34
49.696192 4.34
49.712192 4.34
49.737318 4.34
49.748067 4.34
49.783709 4.34
49.799708 4.34
49.824961 4.34
49.835710 4.34
49.866193 4.34
49.882068 4.34
49.907319 4.34
49.918193 4.34
49.953724 4.34
49.969712 4.34
49.994962 4.34
50.005710 4.34
50.036069 4.34
50.051945 4.34
50.077070 4.34
50.092945 4.34
50.118070 4.34
50.133945 4.34
50.159070 4.34
50.174945 4.34
50.200070 4.34
50.215945 4.34
50.241071 4.34
50.257071 4.34
50.282071 4.34
50.297946 4.34
50.323071 4.34
50.338947 4.34
50.364072 4.34
50.379947 4.34
50.405072 4.34
50.421072 4.34
50.446072 4.34
50.462073 4.34
50.487198 4.34
50.503072 4.34
50.528323 4.34
50.539198 4.34
50.569603 4.34
50.585602 4.34
50.611073 4.34
50.627074 4.34
50.652074 4.34
50.668074 4.34
50.693074 4.34
50.708964 4.34
50.734199 4.34
50.750074 4.02
50.775324 4.34
50.786075 4.34
50.821718 4.34
50.837604 4.34
50.863075 4.34
50.878951 4.34
50.904076 4.34
50.919950 4.34
50.945076 4.34
50.960951 4.34
50.986076 4.34
51.001951 4.34
51.027076 4.34
51.043077 4.34
51.068202 4.34
51.084201 4.02
51.111078 4.02
51.121969 4.34
51.152077 4.34
51.168077 4.34
51.193078 4.34
51.208953 4.34
51.234078 4.34
51.250078 4.02
51.275077 4.34
51.290953 4.34
51.316078 4.34
51.332078 4.02
51.357078 4.34
51.373079 4.34
51.398079 4.02
51.413954 4.02
51.439079 4.34
51.454954 4.34
51.480080 4.34
51.496080 4.34
51.521080 4.34
51.537080 4.34
51.562080 4.02
51.577955 4.34
51.603081 4.34
51.618956 4.34
51.644206 4.34
51.655081 4.02
51.690460 4.34
51.706610 4.34
51.731974 4.02
51.744332 4.34
51.773207 4.34
51.784082 4.02
51.815958 4.34
51.826723 4.34
51.856957 4.02
51.869332 4.02
51.897958 4.34
51.910332 4.34
51.938958 4.34
51.951333 4.34
51.979958 4.34
51.992333 4.34
52.020958 4.34
52.033333 4.34
52.062084 4.34
52.078084 4.34
52.103209 4.34
52.114084 4.34
52.149611 4.34
52.165492 4.34
52.191085 4.34
52.207085 4.34
52.232085 4.34
52.242960 4.34
52.273085 4.34
52.283960 4.34
52.314085 4.34
52.324961 4.34
52.355085 4.34
52.365961 4.34
52.396086 4.34
52.406961 4.02
52.437086 4.34
52.447961 4.34
52.478087 4.34
52.488962 4.34
52.519087 4.34
52.529962 4.34
52.560087 4.34
52.570962 4.34
52.601087 4.34
52.611963 4.34
52.647617 4.34
52.663615 4.02
52.689088 4.34
52.704963 4.34
52.730213 4.34
52.741089 4.34
52.776616 4.34
52.792616 4.34
52.818089 4.34
52.834089 4.34
52.859214 4.34
52.870089 4.34
52.905606 4.34
52.921605 4.34
52.946965 4.34
52.963090 4.34
52.987965 4.34
53.003965 4.34
53.028965 4.34
53.044966 4.02
53.070091 4.34
53.086091 4.34
53.111091 4.34
53.121966 4.34
53.152216 4.02
53.162966 4.34
53.198468 4.34
53.214468 4.34
53.239982 4.34
53.255985 4.34
53.281092 4.34
53.291968 4.34
53.322092 4.34
53.332967 4.34
53.363092 4.34
53.373968 4.34
53.404093 4.34
53.414968 4.34
53.445093 4.34
53.455968 4.34
53.486094 4.34
53.496969 4.02
53.527094 4.34
53.537969 4.34
53.568094 4.34
53.578969 4.34
53.609094 4.34
53.619969 4.34
53.650095 4.34
53.660970 4.34
53.696471 4.34
53.712471 4.34
53.737987 4.34
53.754095 4.34
53.778971 4.34
53.794971 4.34
53.819971 4.34
53.835971 4.34
53.860971 4.34
53.876972 4.34
53.901971 4.34
53.917972 4.34
53.942972 4.34
53.958972 4.34
53.983972 4.34
53.999989 4.34
54.024972 4.34
54.041098 4.34
54.065973 4.34
54.081973 4.34
54.106973 4.34
54.122973 4.34
54.147974 4.34
54.163973 4.34
54.188973 4.34
54.204974 4.34
54.229974 4.34
54.245974 4.34
54.270974 4.34
54.286992 4.34
54.311974 4.34
54.328099 4.34
54.352975 4.34
54.368975 4.34
54.393975 4.34
54.409975 4.34
54.434976 4.34
54.450975 4.34
54.475975 4.34
54.491976 4.34
54.516976 4.34
54.532977 4.34
54.557976 4.34
54.573993 4.34
54.598976 4.34
54.615101 4.34
54.639977 4.34
54.655993 4.34
54.680977 4.34
54.696977 4.34
54.721994 4.34
54.737994 4.34
54.762977 4.34
54.778977 4.34
54.803978 4.34
54.819978 4.34
54.844978 4.34
54.860993 4.34
54.885979 4.34
54.902103 4.34
54.926979 4.34
54.937747 4.34
54.967979 4.34
54.978746 4.34
55.008979 4.34
55.019747 4.34
55.049980 4.34
55.060748 4.34
55.090980 4.34
55.101747 4.34
55.131980 4.34
55.142746 4.34
55.172981 4.34
55.183748 4.34
55.213981 4.34
55.224749 4.34
55.254981 4.34
55.265749 4.34
55.295981 4.34
55.306749 4.34
55.336981 4.34
55.347750 4.34
55.377982 4.34
55.388749 4.34
55.418982 4.34
55.429749 4.34
55.460107 4.34
55.470983 4.34
55.501108 4.34
55.511983 4.34
55.547358 4.34
55.558233 4.34
55.588762 4.34
55.599608 4.02
55.630109 4.34
55.640984 4.02
55.671109 4.34
55.681984 4.34
55.717360 4.34
55.728109 4.34
55.758876 4.02
55.775002 4.02
55.805486 4.02
55.821485 4.02
55.847003 4.34
55.863000 4.34
55.888110 4.34
55.898986 4.02
55.934361 4.02
55.945111 4.02
55.975879 4.34
55.992004 4.34
56.022487 4.34
56.038516 4.34
56.064004 4.34
56.080005 4.34
56.105112 4.34
56.115987 4.34
56.151362 4.34
56.162112 4.34
56.192766 4.34
56.203628 4.34
56.233988 4.34
56.244754 4.34
56.275113 4.34
56.285988 4.02
56.321363 4.02
56.332114 4.34
56.362767 4.34
56.373630 4.34
56.403989 4.34
56.414755 4.34
56.445114 4.34
56.455989 4.34
56.491365 4.34
56.502115 4.34
56.532768 4.34
56.543630 4.34
56.574116 4.34
56.584990 4.34
56.620366 4.02
56.636366 4.34
56.661769 4.34
56.674366 4.34
56.703008 4.34
56.713884 4.34
56.749366 4.34
56.765367 4.34
56.790768 4.34
56.803242 4.34
56.832117 4.34
56.842992 4.34
56.878367 4.34
56.894367 4.34
56.919883 4.34
56.935885 4.34
56.961010 4.34
56.971886 4.34
57.007368 4.34
57.019870 4.34
57.048773 4.34
57.061369 4.02
57.090119 4.34
57.101011 4.34
57.136369 4.34
57.148871 4.02
57.177771 4.34
57.193634 4.34
57.219120 4.34
57.229995 4.34
57.265370 4.34
57.277871 4.34
57.306772 4.34
57.322775 4.02
57.347996 4.34
57.358761 4.34
57.389121 4.02
57.399996 4.02
57.435371 4.34
57.447748 4.34
57.476775 4.34
57.492651 4.34
57.518122 4.02
57.528997 4.34
57.564372 4.34
57.576748 4.34
57.605776 4.34
57.621774 4.34
57.647122 4.34
57.658013 4.34
57.693373 4.02
57.705749 4.34
57.734778 4.34
57.751123 4.34
57.776124 4.34
57.786999 4.34
57.817374 4.34
57.829750 4.34
57.858777 4.34
57.874776 4.34
57.900000 4.34
57.910767 4.34
57.941000 4.34
57.951767 4.34
57.982000 4.34
57.992767 4.34
58.023126 4.34
58.034000 4.34
58.069376 4.34
58.085376 4.34
58.110653 4.34
58.121503 4.34
58.152126 4.34
58.163001 4.34
58.198376 4.34
58.214252 4.34
58.239779 4.34
58.255783 4.02
58.281002 4.34
58.291768 4.34
58.322002 4.34
58.332770 4.34
58.363128 4.34
58.374003 4.34
58.409378 4.34
58.425253 4.02
58.450781 4.34
58.466644 4.34
58.492129 4.34
58.503004 4.34
58.538379 4.34
58.554254 4.34
58.579783 4.34
58.595783 4.34
58.621005 4.34
58.631897 4.02
58.662130 4.34
58.673005 4.34
58.708380 4.34
58.724255 4.34
58.749782 4.34
58.765785 4.34
58.791006 4.34
58.801774 4.34
58.832006 4.34
58.842771 4.34
58.873131 4.34
58.884006 4.34
58.919382 4.34
58.935256 4.34
58.960784 4.34
58.976662 4.34
59.003758 4.34
59.014508 4.34
59.045024 4.34
59.055774 4.34
59.091383 4.34
59.107258 4.34
59.132663 4.34
59.143509 4.34
59.174025 4.34
59.184776 4.02
59.220384 4.34
59.236258 4.02
59.261786 4.34
59.277661 4.34
59.304760 4.34
59.315665 4.34
59.346024 4.34
59.356777 4.34
59.392385 4.34
59.408385 4.34
59.433788 4.34
59.449651 4.34
59.476761 4.34
59.487511 4.02
59.519761 4.34
59.530512 4.34
59.562762 4.02
59.573512 4.34
59.605762 4.34
59.616512 4.02
59.647029 4.34
59.657779 4.34
59.693387 4.02
59.709262 4.34
59.734665 4.02
59.747137 4.34
59.776028 4.34
59.786779 4.34
59.817263 4.34
59.829764 4.02
59.858514 4.34
59.869388 4.34
59.899666 4.34
59.912139 4.02
59.941038 4.02
59.951906 4.34
59.982264 4.34
59.994782 4.34
60.023515 4.34
60.034389 4.34
60.065031 4.34
60.075907 4.34
60.111390 4.34
60.122265 4.34
60.152908 4.34
60.163908 4.34
60.199265 4.34
60.215266 4.34
60.240534 4.34
60.251390 4.34
60.281793 4.34
60.297669 4.02
60.328391 4.34
60.344391 4.34
60.369797 4.34
60.385671 4.34
60.416267 4.34
60.432392 4.34
60.457519 4.34
60.468392 4.34
60.498795 4.34
60.514796 4.34
60.545268 4.34
60.561268 4.34
60.586520 4.34
60.597393 4.34
60.627671 4.34
60.643660 4.34
60.669036 4.34
60.679787 4.34
60.710269 4.34
60.726394 4.34
60.751537 4.34
60.762395 4.34
60.792910 4.34
60.803663 4.34
60.834037 4.34
60.844912 4.34
60.880395 4.34
60.891271 4.34
60.921798 4.34
60.932540 4.34
60.968396 4.34
60.979395 4.34
61.009806 4.34
61.020675 4.34
61.056147 4.34
61.067022 4.34
61.097272 4.34
61.113147 4.34
61.138524 4.34
61.149397 4.34
61.180040 4.34
61.190790 4.34
61.221273 4.34
61.237273 4.34
61.262525 4.34
61.273398 4.34
61.303801 4.34
61.314675 4.34
61.350398 4.34
61.361274 4.34
61.391803 4.02
61.402676 4.34
61.438399 4.34
61.449149 4.34
61.479802 4.34
61.490526 4.34
61.526400 4.34
61.537275 4.34
61.567805 4.34
61.578679 4.34
61.614400 4.34
61.625150 4.34
61.655805 4.34
61.666679 4.34
61.702276 4.34
61.718401 4.34
61.743528 4.34
61.754401 4.02
61.784805 4.34
61.795528 4.34
61.831402 4.02
61.842277 4.34
61.872807 4.02
61.883529 4.34
61.919277 4.34
61.935153 4.02
61.960529 4.34
61.971403 4.34
62.001808 4.34
62.012683 4.34
62.048279 4.34
62.064403 4.34
62.089404 4.34
62.100154 4.34
62.130684 4.34
62.146683 4.34
62.172047 4.34
62.182797 4.34
62.218405 4.34
62.229155 4.02
62.259809 4.34
62.270684 4.34
62.306406 4.34
62.317156 4.34
62.347807 4.34
62.358532 4.34
62.394406 4.34
62.405281 4.02
62.435810 4.34
62.446685 4.34
62.482406 4.34
62.493282 4.34
62.523811 4.34
62.534533 4.34
62.570407 4.34
62.581282 4.34
62.611811 4.34
62.622685 4.34
62.658408 4.34
62.669157 4.34
62.699813 4.34
62.710685 4.34
62.746408 4.34
62.757159 4.34
62.787813 4.34
62.798688 4.34
62.834409 4.34
62.845159 4.34
62.875813 4.34
62.886688 4.02
62.922410 4.34
62.933160 4.34
62.963813 4.34
62.974689 4.34
63.010285 4.34
63.026285 4.34
63.051536 4.34
63.064036 4.34
63.092812 4.34
63.103536 4.34
63.139411 4.02
63.150286 4.34
63.180814 4.34
63.191537 4.34
63.227286 4.34
63.243287 4.34
63.268538 4.34
63.281037 4.34
63.309927 4.34
63.320678 4.02
63.356163 4.34
63.372163 4.34
63.397288 4.34
63.413163 4.34
63.441690 4.02
63.452413 4.34
63.488055 4.34
63.498806 4.02
63.529164 4.02
63.541540 4.02
63.570289 4.02
63.581039 4.02
63.611540 4.34
63.624040 4.34
63.652808 4.34
63.663540 4.34
63.694040 4.34
63.704805 4.02
63.735040 4.34
63.745807 4.02
63.776041 4.34
63.786807 4.34
63.817166 4.34
63.833166 4.02
63.858291 4.34
63.869166 4.34
63.899542 4.34
63.915416 4.34
63.946168 4.34
63.962057 4.34
63.987292 4.34
63.998167 4.34
64.028542 4.34
64.044426 4.02
64.075168 4.34
64.091168 4.34
64.116293 4.34
64.127043 4.34
64.157543 4.34
64.173543 4.34
64.198809 4.02
64.209696 4.34
64.240169 4.34
64.256169 4.34
64.281294 4.34
64.292169 4.34
64.322697 4.34
64.333426 4.34
64.369170 4.34
64.385170 4.34
64.410295 4.34
64.421045 4.34
64.451545 4.34
64.467545 4.34
64.492813 4.34
64.503545 4.34
64.534171 4.34
64.550171 4.34
64.575296 4.34
64.586047 4.34
64.616700 4.34
64.627574 4.34
64.663296 4.02
64.674047 4.34
64.704701 4.34
64.715577 4.02
64.751297 4.34
64.762048 4.34
64.792704 4.02
64.803430 4.34
64.839298 4.34
64.850173 4.34
64.880704 4.02
64.891578 4.34
64.927174 4.34
64.943298 4.34
64.968299 4.34
64.979049 4.34
65.009703 4.34
65.020576 4.34
65.056300 4.02
65.067175 4.02
65.097579 4.34
65.113703 4.34
65.144300 4.34
65.155051 4.02
65.185579 4.34
65.201580 4.34
65.232301 4.34
65.243067 4.34
65.273705 4.34
65.284578 4.02
65.320176 4.34
65.336302 4.34
65.361302 4.34
65.372177 4.34
65.402706 4.34
65.413579 4.02
65.449302 4.34
65.460053 4.34
65.490706 4.34
65.501583 4.34
65.537178 4.34
65.553303 4.34
65.578303 4.34
65.589178 4.34
65.619705 4.02
65.630582 4.34
65.666178 4.34
65.682304 4.34
65.707304 4.02
65.723305 4.02
65.751707 4.02
65.762584 4.34
65.798305 4.34
65.809055 4.34
65.839710 4.34
65.850584 4.34
65.886180 4.02
65.902306 4.34
65.927306 4.34
65.938056 4.34
65.968435 4.34
65.980949 4.02
66.011460 4.34
66.022306 4.34
66.054463 4.34
66.065307 4.34
66.101182 4.34
66.117307 4.34
66.142307 4.34
66.153182 4.34
66.183712 4.02
66.194587 4.34
66.230308 4.34
66.241183 4.02
66.271712 4.34
66.282588 4.02
66.313059 4.34
66.325464 4.34
66.354184 4.34
66.364951 4.02
66.395309 4.34
66.406059 4.02
66.436435 4.34
66.452436 4.34
66.483185 4.34
66.494060 4.34
66.524310 4.34
66.535060 4.34
66.565589 4.34
66.576438 4.34
66.607061 4.34
66.623186 4.34
66.648186 4.34
66.659061 4.34
66.689311 4.34
66.700061 4.34
66.730590 4.34
66.741445 4.34
66.772062 4.34
66.788187 4.34
66.813187 4.34
66.823954 4.02
66.854312 4.02
66.865063 4.02
66.895590 4.34
66.906438 4.34
66.937063 4.34
66.953188 4.02
66.978063 4.02
66.994189 4.34
67.019063 4.02
67.035064 4.34
67.060064 4.34
67.076189 4.34
67.101064 4.34
67.117189 4.34
67.142064 4.02
67.158190 4.34
67.183064 4.34
67.199190 4.02
67.224190 4.02
67.234958 4.34
67.265315 4.34
67.276190 4.34
67.306593 4.34
67.317441 4.34
67.348066 4.34
67.364191 4.34
67.389191 4.02
67.400066 4.34
67.430316 4.34
67.441191 4.02
67.471596 4.02
67.482316 4.34
67.512958 4.02
67.523709 4.34
67.554067 4.34
67.570193 4.34
67.595192 4.02
67.605943 4.34
67.636318 4.34
67.647068 4.34
67.677598 4.34
67.688444 4.02
67.719068 4.02
67.735068 4.34
67.760069 4.02
67.776194 4.34
67.801069 4.02
67.817194 4.34
67.842069 4.02
67.858194 4.34
67.883069 4.34
67.899195 4.34
67.924195 4.34
67.935070 4.34
67.965446 4.34
67.981597 4.34
68.012196 4.34
68.023070 4.34
68.053195 4.34
68.064070 4.34
68.094321 4.02
68.105195 4.34
68.135725 4.34
68.146600 4.34
68.176964 4.34
68.187714 4.34
68.218072 4.34
68.234197 4.34
68.259072 4.34
68.275198 4.34
68.300072 4.34
68.316072 4.34
68.341198 4.34
68.352073 4.34
68.382323 4.34
68.393073 4.34
68.423603 4.34
68.434450 4.34
68.465074 4.34
68.481199 4.02
68.506074 4.02
68.522199 4.34
68.547074 4.02
68.563200 4.34
68.588074 4.34
68.604200 4.34
68.629075 4.34
68.645199 4.34
68.670075 4.34
68.686075 4.34
68.711200 4.34
68.722075 4.34
68.752325 4.34
68.764718 4.34
68.795330 4.34
68.806076 4.34
68.836605 4.34
68.847453 4.34
68.878077 4.34
68.894202 4.34
68.919202 4.02
68.929952 4.02
68.960327 4.02
68.976327 4.34
69.001608 4.34
69.012454 4.34
69.043078 4.34
69.059203 4.34
69.084078 4.34
69.100203 4.02
69.125078 4.02
69.141203 4.02
69.166078 4.34
69.182079 4.02
69.207078 4.34
69.217954 4.02
69.248079 4.34
69.258954 4.34
69.289204 4.34
69.300079 4.34
69.330330 4.34
69.346330 4.34
69.371607 4.02
69.382457 4.34
69.413080 4.34
69.423972 4.02
69.454080 4.34
69.464955 4.02
69.495081 4.34
69.505956 4.34
69.536081 4.34
69.546956 4.34
69.577081 4.34
69.587956 4.34
69.618082 4.34
69.628957 4.34
69.659082 4.34
69.669957 4.02
69.700082 4.34
69.710957 4.34
69.741083 4.34
69.751973 4.34
69.782082 4.34
69.792958 4.34
69.823083 4.34
69.833958 4.34
69.864083 4.34
69.874959 4.02
69.905083 4.34
69.915959 4.34
69.946084 4.34
69.956959 4.34
69.987334 4.34
70.003334 4.34
70.028612 4.34
70.039334 4.34
70.070085 4.34
70.080976 4.34
70.111085 4.02
70.121960 4.34
70.152085 4.34
70.162961 4.34
70.193085 4.02
70.203961 4.34
70.234086 4.02
70.244961 4.34
70.275087 4.34
70.285961 4.34
70.316086 4.02
70.326962 4.34
70.357087 4.34
70.367962 4.02
70.398087 4.34
70.408962 4.34
70.439087 4.34
70.449963 4.34
70.480087 4.34
70.490963 4.34
70.521088 4.02
70.531963 4.34
70.562088 4.02
70.572963 4.34
70.603088 4.34
70.613964 4.34
70.644089 4.34
70.654964 4.02
70.685089 4.34
70.695964 4.34
70.726214 4.02
70.736965 4.02
70.767339 4.34
70.783339 4.34
70.808618 4.34
70.819466 4.34
70.850090 4.34
70.860966 4.34
70.891215 4.34
70.902091 4.34
70.932467 4.34
70.943341 4.34
70.979216 4.34
70.989967 4.34
71.020341 4.34
71.036341 4.34
71.066982 4.02
71.082983 4.34
71.108217 4.34
71.119092 4.02
71.149342 4.02
71.165342 4.02
71.190468 4.34
71.201343 4.34
71.236983 4.02
71.252984 4.34
71.278093 4.34
71.288968 4.02
71.319094 4.02
71.329985 4.34
71.360094 4.02
71.370969 4.34
71.401095 4.34
71.411969 4.34
71.442094 4.34
71.452970 4.02
71.483094 4.34
71.493970 4.02
71.524095 4.34
71.534970 4.34
71.565095 4.34
71.575971 4.34
71.606096 4.34
71.616971 4.34
71.647095 4.34
71.657971 4.34
71.688096 4.34
71.698971 4.34
71.729096 4.34
71.739971 4.34
71.770097 4.34
71.780972 4.34
71.811097 4.34
71.821972 4.34
71.852097 4.02
71.862973 4.34
71.893097 4.34
71.903973 4.34
71.934098 4.34
71.944974 4.34
71.975098 4.34
71.985973 4.34
72.016098 4.34
72.026973 4.34
72.057099 4.02
72.067974 4.02
72.098099 4.34
72.108864 4.34
72.139349 4.34
72.150099 4.34
72.185743 4.34
72.196476 4.34
72.226975 4.34
72.237742 4.34
72.268100 4.34
72.278975 4.34
72.309101 4.34
72.319976 4.34
72.350100 4.34
72.360976 4.34
72.391101 4.34
72.401976 4.34
72.432227 4.34
72.448101 4.34
72.473352 4.34
72.484101 4.34
72.519744 4.34
72.530478 4.34
72.560977 4.34
72.571745 4.34
72.601978 4.34
72.612745 4.34
72.642978 4.34
72.653747 4.34
72.683978 4.34
72.694744 4.34
72.724995 4.34
72.735871 4.34
72.766103 4.34
72.776979 4.34
72.807104 4.34
72.817979 4.34
72.848105 4.34
72.858979 4.34
72.889104 4.34
72.899979 4.34
72.930105 4.34
72.940980 4.34
72.971105 4.34
72.981980 4.34
73.012106 4.34
73.022981 4.34
73.053106 4.34
73.063981 4.34
73.094105 4.34
73.104981 4.34
73.135106 4.34
73.145981 4.34
73.176106 4.34
73.186982 4.34
73.217107 4.34
73.227982 4.34
73.258107 4.34
73.268982 4.34
73.299107 4.34
73.309983 4.34
73.340233 4.34
73.356108 4.02
73.381358 4.34
73.392233 4.34
73.428000 4.34
73.438748 4.34
73.469109 4.34
73.479984 4.34
73.510234 4.34
73.526108 4.34
73.551486 4.34
73.562359 4.34
73.592999 4.34
73.603753 4.34
73.634235 4.34
73.650110 4.34
73.675487 4.34
73.686360 4.34
73.717001 4.34
73.727752 4.34
73.758235 4.34
73.774111 4.34
73.799487 4.34
73.810361 4.34
73.841004 4.34
73.851753 4.34
73.882111 4.34
73.892987 4.34
73.923237 4.02
73.939237 4.34
73.964489 4.34
73.975362 4.02
74.006006 4.34
74.016752 4.34
74.047238 4.34
74.063237 4.34
74.090247 4.34
74.100988 4.02
74.133248 4.34
74.143991 4.34
74.174769 4.34
74.190878 4.34
74.216114 4.34
74.226989 4.02
74.257239 4.02
74.273239 4.02
74.300249 4.02
74.311114 4.34
74.343249 4.02
74.354114 4.02
74.386125 4.34
74.397007 4.34
74.427240 4.34
74.443240 4.34
74.470126 4.34
74.481009 4.34
74.511241 4.34
74.527241 4.34
74.557631 4.34
74.568366 4.34
74.599009 4.02
74.609759 4.34
74.640242 4.02
74.656117 4.02
74.686634 4.34
74.697367 4.34
74.728118 4.34
74.740494 4.34
74.769243 4.34
74.780118 4.02
74.812128 4.02
74.823009 4.34
74.853243 4.34
74.864118 4.02
74.899648 4.34
74.912128 4.34
74.941119 4.34
74.953496 4.34
74.982244 4.34
74.992994 4.34
75.028646 4.34
75.039370 4.34
75.070010 4.34
75.080760 4.34
75.111245 4.34
75.122120 4.02
75.157649 4.34
75.168370 4.34
75.199011 4.34
75.209761 4.34
75.240121 4.34
75.256121 4.34
75.281246 4.34
75.291996 4.02
75.327639 4.34
75.338371 4.34
75.369013 4.34
75.379764 4.02
75.410247 4.34
75.421122 4.34
75.456652 4.34
75.472641 4.34
75.498014 4.34
75.508765 4.34
75.539248 4.34
75.549998 4.34
75.585640 4.34
75.601642 4.34
75.627013 4.34
75.637764 4.34
75.668249 4.34
75.679124 4.34
75.714640 4.34
75.725375 4.34
75.756016 4.34
75.766768 4.34
75.797250 4.02
75.808125 4.34
75.838375 4.34
75.849125 4.34
75.879780 4.34
75.895654 4.34
75.921126 4.34
75.937001 4.34
75.962251 4.34
75.973001 4.34
76.008643 4.34
76.019376 4.34
76.050019 4.34
76.060769 4.02
76.091252 4.34
76.102127 4.34
76.137657 4.34
76.153642 4.34
76.179128 4.34
76.195002 4.34
76.220253 4.34
76.231128 4.34
76.266655 4.34
76.282651 4.34
76.308021 4.34
76.318770 4.34
76.349253 4.34
76.360129 4.34
76.390379 4.34
76.401129 4.34
76.431781 4.34
76.447658 4.34
76.473130 4.34
76.489130 4.34
76.514255 4.34
76.525130 4.34
76.560660 4.34
76.576646 4.34
76.602020 4.34
76.614526 4.34
76.643256 4.34
76.654006 4.34
76.686132 4.34
76.697023 4.34
76.727256 4.34
76.738132 4.34
76.770149 4.34
76.781022 4.02
76.816659 4.34
76.827382 4.34
76.858025 4.34
76.870525 4.34
76.899258 4.34
76.910132 4.34
76.945662 4.34
76.961650 4.34
76.987025 4.34
76.999509 4.34
77.028259 4.34
77.039134 4.34
77.071135 4.34
77.082024 4.34
77.112259 4.34
77.123134 4.34
77.155135 4.34
77.166024 4.34
77.196260 4.34
77.207010 4.34
77.239011 4.34
77.249778 4.34
77.280135 4.34
77.296011 4.34
77.321260 4.34
77.332136 4.34
77.367664 4.34
77.383653 4.34
77.409026 4.34
77.421386 4.34
77.450136 4.34
77.466137 4.34
77.491262 4.34
77.502012 4.34
77.537664 4.34
77.550014 4.34
77.579137 4.34
77.595137 4.34
77.620262 4.34
77.631138 4.34
77.666665 4.34
77.682515 4.34
77.708030 4.34
77.720388 4.34
77.749264 4.34
77.760013 4.34
77.792015 4.34
77.802780 4.34
77.833139 4.34
77.849015 4.34
77.874264 4.34
77.885139 4.34
77.920670 4.34
77.936658 4.34
77.962033 4.34
77.978032 4.34
78.003015 4.34
78.019017 4.34
78.044016 4.34
78.060016 4.34
78.085141 4.34
78.101016 4.34
78.126266 4.34
78.137141 4.34
78.172669 4.34
78.188659 4.34
78.214034 4.34
78.230033 4.34
78.255142 4.34
78.271017 4.34
78.296267 4.34
78.307142 4.34
78.342671 4.34
78.358659 4.34
78.384033 4.34
78.400036 4.34
78.425268 4.34
78.436143 4.34
78.471673 4.02
78.487661 4.34
78.513034 4.34
78.529034 4.34
78.554145 4.34
78.570019 4.34
78.595269 4.34
78.606019 4.34
78.641673 4.02
78.657551 4.34
78.683020 4.34
78.699020 4.34
78.724145 4.34
78.740021 4.34
78.765271 4.34
78.776021 4.34
78.811673 4.34
78.827522 4.34
78.853021 4.34
78.869021 4.34
78.894147 4.34
78.910022 4.34
78.935272 4.34
78.946022 4.34
78.981666 4.34
78.997555 4.34
79.023038 4.34
79.039038 4.34
79.064023 4.34
79.080148 4.34
79.105148 4.34
79.121023 4.34
79.146273 4.34
79.157023 4.34
79.192666 4.34
79.208666 4.34
79.234040 4.34
79.250039 4.34
79.275024 4.34
79.291024 4.34
79.316025 4.34
79.332150 4.34
79.357150 4.34
79.373025 4.34
79.400026 4.34
79.410794 4.34
79.441150 4.34
79.457026 4.34
79.484026 4.34
79.494791 4.34
79.525026 4.34
79.541026 4.34
79.566026 4.34
79.582026 4.02
79.607026 4.02
79.623027 4.34
79.648027 4.34
79.664027 4.34
79.689152 4.34
79.700027 4.34
79.732028 4.34
79.742796 4.34
79.773028 4.34
79.789028 4.34
79.814153 4.34
79.825028 4.34
79.857029 4.34
79.867796 4.34
79.898153 4.34
79.909029 4.34
79.941029 4.34
79.951921 4.34
79.982154 4.34
79.993029 4.34
80.028404 4.34
80.039155 4.02
80.069922 4.34
80.082405 4.34
80.111155 4.34
80.122030 4.34
80.153937 4.34
80.164688 4.34
80.195155 4.34
80.206031 4.34
80.241406 4.34
80.253937 4.34
80.282923 4.34
80.298923 4.34
80.324157 4.34
80.335032 4.34
80.370406 4.02
80.381157 4.34
80.411922 4.34
80.424407 4.34
80.453032 4.34
80.463922 4.34
80.494158 4.34
80.505032 4.02
80.540408 4.34
80.551158 4.34
80.581687 4.34
80.592535 4.34
80.623051 4.34
80.639051 4.34
80.669409 4.34
80.680284 4.34
80.710925 4.34
80.727051 4.34
80.752051 4.34
80.768035 4.34
80.793160 4.34
80.803928 4.34
80.839410 4.34
80.850160 4.34
80.880927 4.34
80.896928 4.02
80.921925 4.34
80.937801 4.34
80.962928 4.34
80.978805 4.34
81.003926 4.34
81.019805 4.34
81.044927 4.34
81.060804 4.34
81.085929 4.34
81.101929 4.34
81.127162 4.34
81.137930 4.34
81.173412 4.34
81.184163 4.34
81.214806 4.34
81.225538 4.34
81.256163 4.34
81.266929 4.34
81.302413 4.34
81.318288 4.34
81.343816 4.34
81.354539 4.34
81.385164 4.34
81.396039 4.34
81.431414 4.34
81.442164 4.34
81.472805 4.34
81.483540 4.34
81.514165 4.02
81.524930 4.34
81.560415 4.34
81.571166 4.34
81.601808 4.34
81.612541 4.34
81.643041 4.34
81.653809 4.34
81.684166 4.34
81.694932 4.34
81.730416 4.34
81.741167 4.34
81.771809 4.34
81.782542 4.34
81.812932 4.34
81.828809 4.34
81.854043 4.34
81.864807 4.34
81.895168 4.34
81.905936 4.34
81.941426 4.34
81.952168 4.34
81.982822 4.34
81.993695 4.34
82.024044 4.34
82.034812 4.34
82.065169 4.34
82.075934 4.34
82.111427 4.34
82.122169 4.34
82.152813 4.34
82.163545 4.34
82.194170 4.34
82.204935 4.34
82.240425 4.34
82.251170 4.34
82.281814 4.34
82.294295 4.34
82.322937 4.34
82.338811 4.34
82.364046 4.34
82.374811 4.34
82.405171 4.34
82.415940 4.02
82.451429 4.34
82.463923 4.34
82.492814 4.34
82.503576 4.02
82.534047 4.34
82.544814 4.34
82.575173 4.34
82.586047 4.34
82.621430 4.34
82.633952 4.34
82.662827 4.02
82.675298 4.34
82.704173 4.02
82.715048 4.34
82.750426 4.34
82.766426 4.34
82.791940 4.34
82.807939 4.02
82.833049 4.34
82.843942 4.34
82.874049 4.34
82.884941 4.02
82.915175 4.34
82.925943 4.34
82.961427 4.34
82.977428 4.34
83.002941 4.34
83.018941 4.34
83.044050 4.34
83.054943 4.34
83.085176 4.34
83.096051 4.02
83.131429 4.34
83.147430 4.02
83.172944 4.34
83.202430 4.02
83.218430 4.34
83.243943 4.34
83.259944 4.34
83.285053 4.34
83.295946 4.34
83.326178 4.34
83.336945 4.34
83.372433 4.34
83.396945 4.34
83.426432 4.34
83.442433 4.02
83.467945 4.34
83.483946 4.34
83.509054 4.34
83.519946 4.34
83.550179 4.02
83.561054 4.02
83.596436 4.34
83.620945 4.34
83.650305 4.02
83.661055 4.34
83.691707 4.34
83.702434 4.34
83.733056 4.34
83.743948 4.34
83.774181 4.34
83.784948 4.02
83.820436 4.34
83.844947 4.34
83.874434 4.34
83.890436 4.34
83.915949 4.34
83.931949 4.34
83.957057 4.34
83.967950 4.34
83.998057 4.34
84.008949 4.34
84.039058 4.34
84.049948 4.34
84.080058 4.34
84.090949 4.34
84.121183 4.34
84.131948 4.34
84.167435 4.34
84.183436 4.34
84.208949 4.34
84.225059 4.34
84.250059 4.34
84.260949 4.34
84.291184 4.34
84.301950 4.34
84.337435 4.34
84.353439 4.34
84.378951 4.34
84.394826 4.34
84.420060 4.34
84.430953 4.34
84.461060 4.34
84.471936 4.34
84.503812 4.34
84.514715 4.34
84.545061 4.34
84.555952 4.34
84.586061 4.34
84.596952 4.34
84.628842 4.34
84.639589 4.34
84.670187 4.34
84.680952 4.34
84.716450 4.34
84.727445 4.34
84.757955 4.02
84.773954 4.34
84.799063 4.34
84.809954 4.34
84.841814 4.34
84.852593 4.34
84.883064 4.34
84.893954 4.34
84.925815 4.02
84.936594 4.34
84.967064 4.34
84.977956 4.34
85.009816 4.34
85.020594 4.34
85.050955 4.34
85.061706 4.34
85.093816 4.34
85.104592 4.34
85.135066 4.34
85.145956 4.34
85.177817 4.34
85.188717 4.34
85.219066 4.34
85.229958 4.34
85.261818 4.34
85.272593 4.34
85.303066 4.34
85.313959 4.34
85.345818 4.34
85.356595 4.34
85.386959 4.34
85.397709 4.34
85.433444 4.34
85.444317 4.34
85.474958 4.34
85.485711 4.34
85.516068 4.34
85.526943 4.34
85.562445 4.34
85.573318 4.34
85.603959 4.34
85.614709 4.34
85.650319 4.34
85.666319 4.34
85.694598 4.34
85.705479 4.34
85.735963 4.34
85.746712 4.34
85.782195 4.34
85.792945 4.34
85.823320 4.34
85.835696 4.34
85.864724 4.34
85.877195 4.34
85.906071 4.34
85.916963 4.34
85.952196 4.34
85.963071 4.34
85.993321 4.34
86.009321 4.34
86.034725 4.34
86.050965 4.34
86.075966 4.34
86.086712 4.34
86.117072 4.34
86.127963 4.34
86.163197 4.34
86.174073 4.34
86.204322 4.02
86.220323 4.34
86.245601 4.34
86.256488 4.34
86.287073 4.34
86.297967 4.34
86.333198 4.34
86.344074 4.34
86.374324 4.34
86.390324 4.34
86.415603 4.34
86.426451 4.34
86.456966 4.34
86.467717 4.34
86.503200 4.34
86.514075 4.34
86.544325 4.34
86.560325 4.34
86.585603 4.34
86.596452 4.34
86.627076 4.34
86.637967 4.34
86.673201 4.34
86.684076 4.34
86.714480 4.34
86.725327 4.34
86.755970 4.34
86.766717 4.34
86.797077 4.34
86.807951 4.34
86.843327 4.34
86.859327 4.34
86.884606 4.34
86.895328 4.34
86.925970 4.34
86.936719 4.34
86.972203 4.34
86.983079 4.34
87.013329 4.34
87.029203 4.34
87.054605 4.34
87.065329 4.34
87.095968 4.34
87.106720 4.34
87.142329 4.34
87.158329 4.34
87.183609 4.34
87.194456 4.34
87.225080 4.34
87.235973 4.34
87.271205 4.34
87.281955 4.34
87.312610 4.34
87.323457 4.34
87.353973 4.34
87.364721 4.34
87.400331 4.34
87.416331 4.34
87.441735 4.34
87.457735 4.34
87.484708 4.34
87.495610 4.34
87.527708 4.34
87.538458 4.34
87.569083 4.34
87.579975 4.34
87.615208 4.34
87.627708 4.34
87.656333 4.34
87.672333 4.34
87.697610 4.34
87.710208 4.34
87.738977 4.34
87.749725 4.34
87.785334 4.34
87.801334 4.34
87.826736 4.34
87.842738 4.34
87.869710 4.34
87.880460 4.34
87.912710 4.34
87.923615 4.34
87.955711 4.34
87.966478 4.34
87.996978 4.34
88.007728 4.34
88.043210 4.34
88.055742 4.34
88.084489 4.02
88.095336 4.34
88.125978 4.34
88.136854 4.34
88.167212 4.34
88.179713 4.34
88.208337 4.34
88.224211 4.34
88.249742 4.34
88.265977 4.34
88.292714 4.34
88.303464 4.34
88.333978 4.34
88.344729 4.34
88.380464 4.34
88.391338 4.34
88.421981 4.34
88.432729 4.34
88.464715 4.34
88.475465 4.34
88.505981 4.34
88.516731 4.34
88.552214 4.34
88.564716 4.34
88.593339 4.34
88.609215 4.34
88.634619 4.34
88.650743 4.34
88.681215 4.34
88.697340 4.34
88.722495 4.34
88.733340 4.34
88.763983 4.34
88.774859 4.34
88.810091 4.34
88.820966 4.34
88.851216 4.34
88.863609 4.34
88.892342 4.34
88.903091 4.34
88.933620 4.34
88.949860 4.34
88.976612 4.02
88.987469 4.34
89.023218 4.34
89.039218 4.34
89.064343 4.02
89.075093 4.34
89.105747 4.34
89.116622 4.34
89.148595 4.34
89.159470 4.34
89.189986 4.34
89.200736 4.34
89.231094 4.02
89.241969 4.34
89.272094 4.02
89.282969 4.34
89.313095 4.34
89.323970 4.02
89.354344 4.34
89.365095 4.34
89.395624 4.02
89.411472 4.34
89.442220 4.34
89.458220 4.34
89.483346 4.34
89.494221 4.34
89.524596 4.34
89.540596 4.34
89.565986 4.34
89.576738 4.34
89.607096 4.34
89.617972 4.34
89.648347 4.34
89.659097 4.34
89.689597 4.34
89.705474 4.34
89.730989 4.02
89.741740 4.34
89.777098 4.34
89.787973 4.34
89.818098 4.34
89.828974 4.34
89.859098 4.34
89.869973 4.34
89.900099 4.34
89.910974 4.34
89.941099 4.02
89.951974 4.34
89.982099 4.34
89.992975 4.34
90.023100 4.34
90.033975 4.34
90.064100 4.34
90.074975 4.34
90.105100 4.34
90.115975 4.34
90.146100 4.34
90.156975 4.34
90.187101 4.34
90.197976 4.34
90.228101 4.34
90.238976 4.34
90.269101 4.34
90.279977 4.34
90.310101 4.34
90.320977 4.02
90.351101 4.34
90.361977 4.34
90.392102 4.02
90.402977 4.34
90.433102 4.34
90.443977 4.34
90.474103 4.34
90.484978 4.34
90.515103 4.34
90.525978 4.02
90.556103 4.02
90.566979 4.02
90.597103 4.34
90.607979 4.34
90.638104 4.34
90.648979 4.34
90.679104 4.34
90.689979 4.34
90.720105 4.34
90.730998 4.34
90.761105 4.02
90.771980 4.34
90.802105 4.34
90.812980 4.34
90.843105 4.34
90.853980 4.34
90.884105 4.02
90.894980 4.34
90.925106 4.34
90.935981 4.34
90.966106 4.34
90.976981 4.34
91.007107 4.34
91.017982 4.34
91.048106 4.34
91.060608 4.34
91.089106 4.34
91.099982 4.34
91.130232 4.34
91.146232 4.34
91.171358 4.34
91.182233 4.34
91.212760 4.34
91.223484 4.34
91.259358 4.02
91.270233 4.34
91.300763 4.34
91.311608 4.02
91.347359 4.34
91.358109 4.34
91.388762 4.02
91.399485 4.34
91.435359 4.34
91.446234 4.34
91.476761 4.34
91.487485 4.34
91.523235 4.34
91.539235 4.02
91.567610 4.34
91.578360 4.02
91.608765 4.34
91.619486 4.34
91.650111 4.02
91.662487 4.34
91.691236 4.34
91.707111 4.34
91.735612 4.34
91.746362 4.02
91.782237 4.34
91.798112 4.34
91.826639 4.34
91.842628 4.34
91.873238 4.34
91.883986 4.34
91.914489 4.34
91.927006 4.34
91.955767 4.34
91.966489 4.34
91.997114 4.34
92.013238 4.02
92.038239 4.34
92.049114 4.34
92.079520 4.34
92.095641 4.02
92.126239 4.34
92.136989 4.34
92.167519 4.34
92.183643 4.34
92.214240 4.34
92.224990 4.34
92.255520 4.34
92.271645 4.34
92.296882 4.34
92.307631 4.34
92.337991 4.34
92.348758 4.34
92.378991 4.34
92.389759 4.34
92.420117 4.34
92.436241 4.34
92.461242 4.34
92.472117 4.34
92.502493 4.34
92.518633 4.34
92.549242 4.34
92.559992 4.34
92.590493 4.34
92.606635 4.34
92.631770 4.34
92.642495 4.02
92.673118 4.02
92.689243 4.02
92.714243 4.34
92.724994 4.34
92.755511 4.02
92.771634 4.34
92.802244 4.34
92.812994 4.34
92.843512 4.34
92.859636 4.34
92.884887 4.34
92.895638 4.34
92.926120 4.34
92.942245 4.34
92.967245 4.34
92.977995 4.34
93.008370 4.34
93.019120 4.34
93.049776 4.02
93.060497 4.34
93.091121 4.34
93.107246 4.34
93.132246 4.02
93.143121 4.34
93.173498 4.34
93.189498 4.34
93.220247 4.34
93.230997 4.34
93.261499 4.34
93.277651 4.34
93.308247 4.02
93.318997 4.34
93.349638 4.34
93.360373 4.02
93.396248 4.34
93.406998 4.34
93.437500 4.02
93.453650 4.34
93.484249 4.34
93.494998 4.34
93.525501 4.34
93.541653 4.02
93.566777 4.34
93.577641 4.34
93.608000 4.34
93.618765 4.34
93.649125 4.34
93.665250 4.34
93.690250 4.02
93.701001 4.34
93.731502 4.02
93.747654 4.02
93.778251 4.02
93.789126 4.34
93.819503 4.34
93.835655 4.34
93.860641 4.34
93.871377 4.34
93.907252 4.02
93.918127 4.02
93.948504 4.34
93.964657 4.02
93.995253 4.02
94.006127 4.34
94.036504 4.34
94.052657 4.34
94.079508 4.34
94.090378 4.34
94.122508 4.34
94.133378 4.34
94.165508 4.34
94.176379 4.34
94.208509 4.02
94.219379 4.34
94.251509 4.34
94.262379 4.34
94.294384 4.34
94.305129 4.02
94.337384 4.34
94.348255 4.02
94.380385 4.34
94.391130 4.34
94.423385 4.34
94.434130 4.34
94.470023 4.02
94.482385 4.34
94.511256 4.34
94.522131 4.34
94.552507 4.34
94.568660 4.34
94.599257 4.34
94.610132 4.34
94.640509 4.34
94.651382 4.34
94.687257 4.34
94.698007 4.34
94.728526 4.34
94.744509 4.34
94.770026 4.34
94.786025 4.34
94.811258 4.34
94.822133 4.34
94.852510 4.02
94.863383 4.34
94.899026 4.34
94.915027 4.34
94.940259 4.34
94.951134 4.34
94.981511 4.34
94.992384 4.34
95.028027 4.34
95.044028 4.34
95.069260 4.02
95.080135 4.02
95.110511 4.34
95.121385 4.34
95.157028 4.34
95.173028 4.02
95.198260 4.34
95.209011 4.34
95.239512 4.34
95.250386 4.34
95.286262 4.34
95.297137 4.34
95.327513 4.34
95.338387 4.02
95.374030 4.34
95.390028 4.02
95.415262 4.34
95.426138 4.34
95.456514 4.02
95.467387 4.34
95.503263 4.02
95.514138 4.34
95.544515 4.34
95.555388 4.34
95.591032 4.02
95.607029 4.34
95.632264 4.34
95.643139 4.34
95.673516 4.34
95.684389 4.34
95.720139 4.34
95.731030 4.34
95.761265 4.34
95.772014 4.34
95.802516 4.02
95.813390 4.34
95.849034 4.34
95.865033 4.34
95.890266 4.34
95.901141 4.02
95.931517 4.34
95.942391 4.34
95.978036 4.02
95.994034 4.34
96.019266 4.34
96.030017 4.34
96.060391 4.34
96.076392 4.34
96.107034 4.34
96.123032 4.34
96.148267 4.02
96.159143 4.34
96.189519 4.34
96.200393 4.34
96.236035 4.34
96.252036 4.34
96.277268 4.34
96.288018 4.34
96.318520 4.34
96.329393 4.34
96.365034 4.34
96.381036 4.34
96.406269 4.34
96.417144 4.34
96.447394 4.34
96.463395 4.34
96.494035 4.34
96.510037 4.34
96.535270 4.34
96.546145 4.34
96.576522 4.34
96.587396 4.34
96.623038 4.34
96.639036 4.34
96.664271 4.34
96.675021 4.34
96.705550 4.34
96.716396 4.34
96.747038 4.34
96.763147 4.34
96.788272 4.34
96.799147 4.34
96.829541 4.34
96.840397 4.34
96.876147 4.34
96.887041 4.02
96.917272 4.34
96.943398 4.34
96.959398 4.02
96.986403 4.34
96.997148 4.34
97.033038 4.34
97.049040 4.34
97.074274 4.34
97.086792 4.34
97.118525 4.34
97.129399 4.34
97.165042 4.02
97.181042 4.02
97.206275 4.02
97.218667 4.34
97.247527 4.34
97.258400 4.34
97.290280 4.02
97.301026 4.34
97.331527 4.34
97.342401 4.34
97.372804 4.34
97.385281 4.34
97.414026 4.02
97.430043 4.34
97.455152 4.34
97.466027 4.34
97.496277 4.34
97.508669 4.34
97.537402 4.34
97.548152 4.34
97.584042 4.34
97.594795 4.34
97.625028 4.34
97.635793 4.34
97.666153 4.02
97.677028 4.02
97.707278 4.34
97.723278 4.34
97.748530 4.34
97.759404 4.02
97.790046 4.34
97.800797 4.34
97.831279 4.02
97.847155 4.02
97.872530 4.02
97.883404 4.02
97.913809 4.34
97.929923 4.34
97.955156 4.02
97.966030 4.34
97.996280 4.34
98.012280 4.34
98.037532 4.34
98.048405 4.34
98.078811 4.02
98.094924 4.34
98.120032 4.34
98.130798 4.34
98.161032 4.34
98.171800 4.02
98.202157 4.34
98.213032 4.34
98.243282 4.34
98.259282 4.34
98.292926 4.02
98.308925 4.34
98.334033 4.34
98.344799 4.34
98.375158 4.34
98.386034 4.34
98.416283 4.34
98.432283 4.34
98.457535 4.34
98.468409 4.34
98.498813 4.34
98.514924 4.34
98.540160 4.34
98.551034 4.02
98.581285 4.02
98.597285 4.34
98.622410 4.34
98.633285 4.02
98.669052 4.02
98.679804 4.34
98.710035 4.02
98.720929 4.34
98.751410 4.34
98.767411 4.02
98.798052 4.02
98.808803 4.02
98.839286 4.02
98.855162 4.34
98.880537 4.02
98.891412 4.34
98.921816 4.34
98.937927 4.34
98.963037 4.34
98.973929 4.34
99.004037 4.34
99.014930 4.34
99.045162 4.02
99.055928 4.34
99.086288 4.02
99.102288 4.34
99.127539 4.34
99.138289 4.02
99.168931 4.02
99.184931 4.02
99.210039 4.34
99.220804 4.34
99.251164 4.02
99.261929 4.02
99.292289 4.34
99.308290 4.02
99.333540 4.34
99.344290 4.34
99.374808 4.02
99.390930 4.02
99.416165 4.02
99.426933 4.34
99.457290 4.02
99.473291 4.02
99.498541 4.02
99.509290 4.02
99.539820 4.02
99.555933 4.02
99.581167 4.02
99.591934 4.02
99.622292 4.34
99.638292 4.34
99.671935 4.34
99.687935 4.34
99.713043 4.34
99.723810 4.34
99.754043 4.34
99.764808 4.34
99.795168 4.34
99.805935 4.34
99.836293 4.34
99.852293 4.34
99.879295 4.34
99.890044 4.34
99.925936 4.02
99.941812 4.34
99.967044 4.34
99.977812 4.34
100.008169 4.34
100.020545 4.34
100.049294 4.34
100.065295 4.34
100.098936 4.34
100.114937 4.02
100.140045 4.34
100.150811 4.34
100.181171 4.34
100.193546 4.02
100.222296 4.34
100.238295 4.02
100.268700 4.34
100.279430 4.34
100.310047 4.34
100.320815 4.34
100.351047 4.34
100.361814 4.34
100.392172 4.34
100.404575 4.02
100.433297 4.02
100.444047 4.02
100.479940 4.34
100.490701 4.34
100.521173 4.34
100.533575 4.34
100.562298 4.02
100.573174 4.34
100.608939 4.34
100.619703 4.34
100.650049 4.34
100.660940 4.34
100.691175 4.34
100.707049 4.34
100.732300 4.34
100.743175 4.34
100.778703 4.34
100.789428 4.34
100.820051 4.34
100.830944 4.34
100.861176 4.02
100.877050 4.34
100.902301 4.34
100.913176 4.34
100.948944 4.34
100.959706 4.34
100.990052 4.34
101.000944 4.34
101.031177 4.34
101.047177 4.34
101.072302 4.34
101.083177 4.34
101.118943 4.34
101.129943 4.34
101.160053 4.34
101.170945 4.34
101.201178 4.34
101.217053 4.34
101.242303 4.34
101.253178 4.34
101.288946 4.34
101.299708 4.34
101.330054 4.34
101.340947 4.34
101.371179 4.34
101.387054 4.34
101.412304 4.34
101.423055 4.34
101.458945 4.34
101.469709 4.34
101.500055 4.34
101.510945 4.34
101.541055 4.34
101.551948 4.34
101.582056 4.34
101.592945 4.34
101.623181 4.34
101.639056 4.34
101.664306 4.34
101.675056 4.34
101.710948 4.34
101.721711 4.34
101.752182 4.34
101.768182 4.34
101.793307 4.34
101.804182 4.34
101.839948 4.34
101.850712 4.34
101.881058 4.34
101.891948 4.34
101.922058 4.34
101.932951 4.34
101.963058 4.34
101.973951 4.34
102.004184 4.02
102.020184 4.02
102.045309 4.34
102.056184 4.34
102.091713 4.02
102.107713 4.34
102.133059 4.34
102.143952 4.34
102.174185 4.34
102.190185 4.34
102.215310 4.34
102.226185 4.34
102.261953 4.34
102.272716 4.34
102.303061 4.34
102.313951 4.34
102.344186 4.34
102.360061 4.02
102.385311 4.34
102.396186 4.02
102.426713 4.34
102.437438 4.34
102.468061 4.34
102.480591 4.34
102.509187 4.34
102.525062 4.02
102.550312 4.34
102.561187 4.34
102.596716 4.34
102.612717 4.02
102.638063 4.34
102.650592 4.34
102.679063 4.02
102.689955 4.34
102.720188 4.34
102.736064 4.34
102.761314 4.34
102.772064 4.02
102.807716 4.02
102.820067 4.34
102.849064 4.34
102.861440 4.34
102.890190 4.34
102.906065 4.34
102.931315 4.02
102.942189 4.34
102.972721 4.02
102.988719 4.34
103.013958 4.02
103.024707 4.34
103.055191 4.34
103.071065 4.34
103.096316 4.34
103.107065 4.34
103.139075 4.34
103.149957 4.34
103.180192 4.34
103.196192 4.34
103.221317 4.34
103.232067 4.34
103.267721 4.34
103.283720 4.34
103.309068 4.34
103.325068 4.34
103.350067 4.34
103.362444 4.34
103.391068 4.34
103.407068 4.34
103.432193 4.34
103.448193 4.34
103.473319 4.02
103.484069 4.34
103.519709 4.34
103.535596 4.34
103.560959 4.34
103.571712 4.34
103.602195 4.02
103.618070 4.34
103.643320 4.34
103.654070 4.34
103.689725 4.34
103.705599 4.34
103.730964 4.34
103.741713 4.34
103.771946 4.34
103.782714 4.02
103.813071 4.34
103.828946 4.34
103.854071 4.02
103.870072 4.34
103.895072 4.34
103.911072 4.02
103.936197 4.34
103.952197 4.34
103.977322 4.34
103.988197 4.34
104.023725 4.34
104.039589 4.34
104.065073 4.02
104.081073 4.02
104.106198 4.34
104.122073 4.34
104.147323 4.34
104.158198 4.34
104.193716 4.34
104.209600 4.34
104.235074 4.34
104.251074 4.34
104.276074 4.34
104.291949 4.34
104.317075 4.34
104.333075 4.34
104.358074 4.02
104.373950 4.34
104.399075 4.34
104.415075 4.34
104.440075 4.34
104.455951 4.34
104.481076 4.02
104.497076 4.02
104.522076 4.34
104.538076 4.34
104.563076 4.34
104.579076 4.34
104.604076 4.34
104.620077 4.34
104.645077 4.34
104.661077 4.34
104.686077 4.34
104.702077 4.34
104.727202 4.34
104.737953 4.34
104.768328 4.34
104.779203 4.34
104.814733 4.34
104.830606 4.34
104.856078 4.34
104.871954 4.34
104.897079 4.34
104.913079 4.34
104.938079 4.34
104.953954 4.34
104.979079 4.34
104.995080 4.34
105.020079 4.34
105.035955 4.34
105.061080 4.34
105.077080 4.34
105.102080 4.34
105.117955 4.34
105.143080 4.34
105.159080 4.34
105.184081 4.34
105.200081 4.34
105.225081 4.34
105.241081 4.34
105.266082 4.34
105.282081 4.34
105.307081 4.34
105.323082 4.34
105.348081 4.34
105.363957 4.34
105.389082 4.34
105.404958 4.34
105.430082 4.34
105.445958 4.34
105.471083 4.34
105.486958 4.34
105.512083 4.34
105.528083 4.34
105.553083 4.34
105.569083 4.34
105.594083 4.34
105.609959 4.34
105.635084 4.34
105.651084 4.34
105.676084 4.34
105.691959 4.34
105.717335 4.34
105.728084 4.34
105.758740 4.34
105.769614 4.34
105.799961 4.34
105.812335 4.34
105.841086 4.34
105.857085 4.34
105.882085 4.34
105.892961 4.34
105.923086 4.34
105.933961 4.34
105.964086 4.34
105.974961 4.34
106.005211 4.34
106.016086 4.34
106.051463 4.34
106.067463 4.34
106.092979 4.34
106.108978 4.34
106.134087 4.34
106.150087 4.34
106.175088 4.34
106.185963 4.34
106.216088 4.34
106.226963 4.34
106.257088 4.34
106.267964 4.34
106.298089 4.34
106.308964 4.34
106.339089 4.34
106.349965 4.34
106.380089 4.34
106.390979 4.34
106.421089 4.34
106.431964 4.34
106.462090 4.34
106.472965 4.34
106.503215 4.34
106.514090 4.34
106.549470 4.34
106.565607 4.34
106.590981 4.34
106.606981 4.34
106.631966 4.34
106.647966 4.34
106.672966 4.34
106.688984 4.34
106.713981 4.34
106.730092 4.34
106.754967 4.34
106.770967 4.34
106.795967 4.34
106.811968 4.34
106.836967 4.34
106.852985 4.34
106.877968 4.34
106.893968 4.34
106.918968 4.34
106.934969 4.34
106.959969 4.34
106.975985 4.34
107.000968 4.34
107.017094 4.34
107.041969 4.34
107.057969 4.34
107.082969 4.34
107.098969 4.34
107.123970 4.34
107.139987 4.34
107.164970 4.34
107.180970 4.34
107.205970 4.34
107.221970 4.34
107.246970 4.34
107.262987 4.34
107.287970 4.34
107.304096 4.34
107.328971 4.34
107.344971 4.34
107.369971 4.34
107.385971 4.34
107.410972 4.34
107.426971 4.34
107.451972 4.34
107.467972 4.34
107.492972 4.34
107.508972 4.34
107.533972 4.34
107.549988 4.34
107.574972 4.34
107.590973 4.34
107.615973 4.34
107.631973 4.34
107.656973 4.02
107.672974 4.34
107.697973 4.34
107.713974 4.34
107.738974 4.34
107.754973 4.34
107.779974 4.34
107.795974 4.02
107.820974 4.34
107.836991 4.34
107.861975 4.34
107.877975 4.34
107.902975 4.34
107.918975 4.34
107.943975 4.34
107.959975 4.02
107.984975 4.34
108.000975 4.34
108.025976 4.34
108.041993 4.34
108.066976 4.34
108.082976 4.34
108.107976 4.02
108.123991 4.34
108.148977 4.34
108.165101 4.34
108.189977 4.02
108.205977 4.34
108.230978 4.34
108.246978 4.34
108.271978 4.34
108.287977 4.34
108.318228 4.34
108.328978 4.02
108.359480 4.34
108.375480 4.34
108.400996 4.02
108.417103 4.34
108.441979 4.34
108.457979 4.34
108.482979 4.34
108.498979 4.02
108.523979 4.34
108.539979 4.34
108.564979 4.34
108.580980 4.02
108.605980 4.34
108.621980 4.34
108.646980 4.02
108.662981 4.34
108.687981 4.34
108.704106 4.02
108.728981 4.34
108.744997 4.34
108.769981 4.34
108.785997 4.34
108.810981 4.34
108.826998 4.02
108.851982 4.34
108.867996 4.34
108.892982 4.34
108.908999 4.34
108.933982 4.34
108.950000 4.34
108.975107 4.34
108.985872 4.34
109.021358 4.34
109.032108 4.34
109.062763 4.34
109.073484 4.34
109.104108 4.34
109.114983 4.34
109.150358 4.34
109.161233 4.34
109.191761 4.34
109.202485 4.34
109.233109 4.34
109.243984 4.02
109.279359 4.34
109.290109 4.34
109.320762 4.34
109.331610 4.34
109.361985 4.34
109.372753 4.34
109.402985 4.02
109.413752 4.34
109.444111 4.34
109.454986 4.34
109.490360 4.34
109.501111 4.34
109.531766 4.34
109.542611 4.34
109.573112 4.34
109.583987 4.34
109.619362 4.34
109.630237 4.34
109.660766 4.34
109.671629 4.34
109.702113 4.34
109.712988 4.34
109.748363 4.34
109.759238 4.34
109.789765 4.34
109.800490 4.34
109.831113 4.34
109.841989 4.34
109.877363 4.34
109.888114 4.34
109.918768 4.34
109.929631 4.34
109.960114 4.34
109.970989 4.34
110.006364 4.34
110.017240 4.34
110.047768 4.34
110.058633 4.34
110.089115 4.34
110.099990 4.34
110.135365 4.34
110.146240 4.34
110.176769 4.34
110.187644 4.34
110.218116 4.34
110.228991 4.34
110.264366 4.34
110.275242 4.34
110.305771 4.34
110.316633 4.34
110.346992 4.34
110.357759 4.34
110.388117 4.34
110.398993 4.34
110.434368 4.34
110.445243 4.34
110.475772 4.34
110.486647 4.34
110.516993 4.34
110.527760 4.34
110.557994 4.34
110.568763 4.34
110.599119 4.34
110.609994 4.34
110.645369 4.34
110.656119 4.34
110.686773 4.34
110.699369 4.34
110.727995 4.34
110.738763 4.34
110.769120 4.34
110.779995 4.34
110.815370 4.34
110.827871 4.34
110.856774 4.34
110.869370 4.34
110.898121 4.34
110.909013 4.34
110.944371 4.34
110.956873 4.34
110.985775 4.34
110.998247 4.34
111.027121 4.34
111.037997 4.34
111.073372 4.34
111.085874 4.34
111.114776 4.02
111.130777 4.34
111.156123 4.02
111.167015 4.34
111.202373 4.34
111.214874 4.34
111.243775 4.34
111.259776 4.34
111.284999 4.34
111.295764 4.34
111.326124 4.34
111.336999 4.34
111.372374 4.34
111.384780 4.34
111.413778 4.34
111.430016 4.34
111.455000 4.34
111.465768 4.34
111.496125 4.34
111.507000 4.34
111.542375 4.34
111.554752 4.34
111.583780 4.34
111.599780 4.34
111.625126 4.34
111.636018 4.34
111.671376 4.34
111.687376 4.34
111.712891 4.34
111.728773 4.34
111.754016 4.34
111.764767 4.34
111.800377 4.34
111.816252 4.34
111.841657 4.34
111.852503 4.34
111.883128 4.34
111.894003 4.34
111.929377 4.34
111.945253 4.34
111.970896 4.34
111.987129 4.34
112.012018 4.34
112.022769 4.34
112.053004 4.34
112.063771 4.34
112.094129 4.34
112.105005 4.34
112.140379 4.34
112.156380 4.34
112.181660 4.34
112.192506 4.34
112.223005 4.34
112.233772 4.34
112.264131 4.34
112.275005 4.34
112.310380 4.34
112.326256 4.34
112.351784 4.34
112.367648 4.34
112.393006 4.34
112.403772 4.34
112.434007 4.34
112.444772 4.34
112.475132 4.34
112.486007 4.34
112.521382 4.34
112.537257 4.34
112.562787 4.34
112.578786 4.34
112.604133 4.34
112.615024 4.34
112.650383 4.34
112.666383 4.34
112.691788 4.02
112.707900 4.02
112.733009 4.34
112.743900 4.34
112.774134 4.34
112.785009 4.34
112.820384 4.34
112.836384 4.34
112.861901 4.34
112.878028 4.34
112.903027 4.34
112.913902 4.34
112.949385 4.34
112.965385 4.34
112.990789 4.34
113.006790 4.34
113.032136 4.34
113.043011 4.34
113.078386 4.34
113.094260 4.34
113.119791 4.34
113.135790 4.34
113.162763 4.34
113.173666 4.34
113.204027 4.34
113.214779 4.34
113.250387 4.34
113.266262 4.34
113.291792 4.02
113.307792 4.34
113.334764 4.34
113.345667 4.34
113.376030 4.34
113.386781 4.34
113.418765 4.34
113.429668 4.34
113.460031 4.34
113.470779 4.34
113.502766 4.34
113.513515 4.34
113.545766 4.34
113.556666 4.34
113.588766 4.34
113.599517 4.34
113.631766 4.34
113.642668 4.34
113.673033 4.34
113.683782 4.34
113.719391 4.34
113.735266 4.34
113.760794 4.34
113.776669 4.34
113.803767 4.34
113.814518 4.34
113.846768 4.34
113.857668 4.34
113.893391 4.34
113.909267 4.34
113.934796 4.34
113.950796 4.34
113.981392 4.34
113.997393 4.34
114.022797 4.34
114.038797 4.34
114.069393 4.34
114.085393 4.34
114.110797 4.34
114.126672 4.34
114.157268 4.34
114.169645 4.34
114.198520 4.34
114.209394 4.34
114.240037 4.34
114.250784 4.34
114.281270 4.34
114.293646 4.34
114.322673 4.34
114.338799 4.34
114.369395 4.34
114.385395 4.34
114.410799 4.34
114.426674 4.34
114.457396 4.34
114.473396 4.34
114.498674 4.34
114.514800 4.34
114.540039 4.34
114.550788 4.34
114.581271 4.34
114.597147 4.02
114.625674 4.34
114.641676 4.34
114.667040 4.34
114.677790 4.34
114.708272 4.34
114.724397 4.02
114.749524 4.02
114.760398 4.34
114.790800 4.34
114.801678 4.34
114.837274 4.34
114.853399 4.02
114.878525 4.34
114.889399 4.34
114.919803 4.02
114.930677 4.34
114.966274 4.34
114.982399 4.34
115.010526 4.34
115.021399 4.34
115.051804 4.34
115.062678 4.34
115.098400 4.34
115.109151 4.34
115.139916 4.34
115.150667 4.34
115.186401 4.34
115.197276 4.34
115.227803 4.34
115.238680 4.34
115.274402 4.34
115.285151 4.34
115.315806 4.34
115.326681 4.34
115.362402 4.34
115.373152 4.34
115.403806 4.02
115.414679 4.02
115.450402 4.34
115.461153 4.34
115.491808 4.34
115.502529 4.34
115.538278 4.34
115.554278 4.34
115.579530 4.34
115.590404 4.34
115.620920 4.34
115.631669 4.34
115.667279 4.34
115.683404 4.34
115.708560 4.02
115.719404 4.02
115.750044 4.34
115.760797 4.34
115.796280 4.34
115.812280 4.34
115.837531 4.34
115.848405 4.02
115.878811 4.34
115.889684 4.34
115.925406 4.34
115.936281 4.02
115.966922 4.34
115.977674 4.34
116.008048 4.34
116.018800 4.34
116.054282 4.34
116.070282 4.34
116.095533 4.34
116.106407 4.34
116.137047 4.34
116.147800 4.34
116.178283 4.34
116.194283 4.34
116.219533 4.34
116.230408 4.34
116.260812 4.34
116.271688 4.34
116.307408 4.34
116.318159 4.34
116.348811 4.34
116.359688 4.34
116.395284 4.34
116.411409 4.02
116.436535 4.34
116.447409 4.34
116.477813 4.34
116.488687 4.34
116.524285 4.34
116.540410 4.34
116.565564 4.02
116.578161 4.34
116.608678 4.34
116.619536 4.34
116.651663 4.34
116.662536 4.34
116.694663 4.34
116.705536 4.34
116.737690 4.34
116.748537 4.34
116.780694 4.34
116.791537 4.34
116.821930 4.34
116.832681 4.34
116.868413 4.34
116.879162 4.34
116.909806 4.34
116.920692 4.34
116.956413 4.34
116.967163 4.34
116.997817 4.34
117.008693 4.34
117.044414 4.34
117.055164 4.34
117.085806 4.34
117.096694 4.34
117.132414 4.34
117.143164 4.34
117.173808 4.34
117.184680 4.34
117.220290 4.34
117.236415 4.34
117.264695 4.34
117.280806 4.34
117.307571 4.34
117.318416 4.34
117.350573 4.34
117.361416 4.34
117.397166 4.34
117.413166 4.34
117.438292 4.34
117.454291 4.34
117.479694 4.02
117.490542 4.34
117.521167 4.34
117.537167 4.34
117.562292 4.34
117.573043 4.34
117.603697 4.34
117.614542 4.34
117.650168 4.34
117.666168 4.34
117.691293 4.34
117.702169 4.34
117.732697 4.34
117.743544 4.34
117.779169 4.34
117.795169 4.02
117.820294 4.34
117.831169 4.34
117.861698 4.34
117.872545 4.34
117.908170 4.34
117.924170 4.34
117.949295 4.34
117.960170 4.34
117.990697 4.34
118.001427 4.34
118.037171 4.34
118.053171 4.34
118.078296 4.34
118.089171 4.34
118.119574 4.34
118.135698 4.34
118.166296 4.34
118.177172 4.34
118.207699 4.34
118.218575 4.34
118.254172 4.34
118.270297 4.34
118.295298 4.34
118.306173 4.34
118.336701 4.34
118.347577 4.34
118.383298 4.34
118.394173 4.34
118.424702 4.34
118.435578 4.34
118.471174 4.34
118.487299 4.34
118.512299 4.34
118.523174 4.34
118.553704 4.34
118.564578 4.34
118.600175 4.34
118.616300 4.34
118.641300 4.34
118.652175 4.34
118.682703 4.34
118.693579 4.34
118.729300 4.34
118.740175 4.34
118.770703 4.34
118.781428 4.34
118.817301 4.34
118.828051 4.34
118.858705 4.34
118.869581 4.34
118.905177 4.34
118.921302 4.34
118.946302 4.34
118.957177 4.34
118.987582 4.34
119.003705 4.34
119.034302 4.34
119.045053 4.34
119.075708 4.34
119.086583 4.34
119.122178 4.34
119.138303 4.34
119.163303 4.34
119.174179 4.34
119.204694 4.34
119.215435 4.34
119.251435 4.34
119.262304 4.34
119.292945 4.34
119.303708 4.34
119.334180 4.34
119.350180 4.34
119.375305 4.34
119.386055 4.34
119.416710 4.34
119.427434 4.34
119.463306 4.34
119.474181 4.34
119.504710 4.34
119.515584 4.34
119.551307 4.34
119.562181 4.34
119.592708 4.34
119.603434 4.34
119.639307 4.34
119.650182 4.34
119.680587 4.34
119.696711 4.34
119.727307 4.34
119.738183 4.34
119.768710 4.34
119.779587 4.34
119.815308 4.34
119.826058 4.34
119.856713 4.34
119.867587 4.34
119.903184 4.34
119.919309 4.34
119.944309 4.34
119.955059 4.34
119.985713 4.34
119.996588 4.34
120.032310 4.34
120.043077 4.34
120.073713 4.02
120.084587 4.34
120.120185 4.34
120.136185 4.34
120.161310 4.34
120.172186 4.34
120.202591 4.02
120.218716 4.34
120.249186 4.34
120.265311 4.34
120.290311 4.34
120.301187 4.34
120.331590 4.34
120.342438 4.34
120.373062 4.34
120.389187 4.34
120.414187 4.34
120.425063 4.34
120.455313 4.34
120.466063 4.34
120.496591 4.34
120.507439 4.34
120.538063 4.34
120.554188 4.34
120.579189 4.34
120.589957 4.34
120.620314 4.34
120.631188 4.34
120.661719 4.02
120.672594 4.34
120.702955 4.34
120.715468 4.34
120.744065 4.34
120.760190 4.34
120.785190 4.34
120.795940 4.34
120.826315 4.34
120.837065 4.34
120.867594 4.34
120.878442 4.34
120.909066 4.34
120.925191 4.34
120.950066 4.34
120.966191 4.34
120.991191 4.34
121.001942 4.34
121.032316 4.34
121.043067 4.34
121.073719 4.34
121.084443 4.34
121.114959 4.34
121.125707 4.34
121.156193 4.34
121.166943 4.34
121.197318 4.34
121.208068 4.02
121.238595 4.34
121.249444 4.34
121.280069 4.34
121.296193 4.34
121.321194 4.34
121.332069 4.34
121.362445 4.34
121.378598 4.34
121.412195 4.34
121.423070 4.34
121.453320 4.34
121.464195 4.34
121.494725 4.02
121.505446 4.34
121.535963 4.02
121.546712 4.02
121.577071 4.34
121.593071 4.34
121.618196 4.34
121.628946 4.34
121.659321 4.34
121.670071 4.34
121.700723 4.34
121.711448 4.34
121.742072 4.34
121.758197 4.34
121.783197 4.34
121.794072 4.34
121.824322 4.34
121.835197 4.34
121.865725 4.34
121.876602 4.34
121.907073 4.34
121.923198 4.34
121.948073 4.02
121.964198 4.34
121.989198 4.02
122.000074 4.34
122.030324 4.34
122.041074 4.02
122.071729 4.34
122.082602 4.34
122.113075 4.34
122.129199 4.34
122.154075 4.02
122.170200 4.34
122.195075 4.34
122.211200 4.02
122.236075 4.02
122.252076 4.34
122.277075 4.34
122.293075 4.34
122.318076 4.34
122.334201 4.34
122.359076 4.34
122.375076 4.34
122.400076 4.02
122.416201 4.34
122.441077 4.34
122.457201 4.02
122.482077 4.34
122.498202 4.34
122.523202 4.34
122.533953 4.02
122.564327 4.34
122.575077 4.34
122.607458 4.34
122.618328 4.34
122.654204 4.34
122.665078 4.34
122.695328 4.02
122.707844 4.02
122.738360 4.02
122.749203 4.34
122.781359 4.34
122.792204 4.34
122.828204 4.34
122.838954 4.34
122.869329 4.34
122.881723 4.34
122.915971 4.34
122.928333 4.34
122.957080 4.02
122.973205 4.34
122.998205 4.34
123.009081 4.34
123.039330 4.34
123.051722 4.34
123.080610 4.34
123.091457 4.34
123.122081 4.34
123.138207 4.34
123.163081 4.02
123.173957 4.34
123.204082 4.34
123.214957 4.34
123.245207 4.34
123.256083 4.34
123.286332 4.34
123.298725 4.34
123.332975 4.34
123.348976 4.34
123.374083 4.34
123.384958 4.34
123.415083 4.34
123.425959 4.34
123.456084 4.02
123.466959 4.34
123.497209 4.34
123.507959 4.02
123.538334 4.34
123.554334 4.02
123.579613 4.34
123.590461 4.34
123.621085 4.34
123.631978 4.02
123.662085 4.34
123.672960 4.34
123.703210 4.02
123.714085 4.34
123.744336 4.34
123.760336 4.34
123.790979 4.34
123.806976 4.34
123.832211 4.02
123.842961 4.34
123.873337 4.34
123.889337 4.34
123.919980 4.34
123.935980 4.34
123.961337 4.34
123.977481 4.34
124.007980 4.34
124.023854 4.34
124.049338 4.34
124.065337 4.02
124.090615 4.34
124.101465 4.34
124.132089 4.02
124.142978 4.34
124.173089 4.34
124.183964 4.34
124.214089 4.34
124.224964 4.34
124.255089 4.02
124.265964 4.34
124.296090 4.02
124.306965 4.34
124.337215 4.34
124.348090 4.34
124.378466 4.34
124.389340 4.34
124.424984 4.02
124.440983 4.34
124.466216 4.34
124.477091 4.34
124.507341 4.34
124.523341 4.34
124.553982 4.34
124.569983 4.34
124.595092 4.34
124.605966 4.34
124.636092 4.34
124.646967 4.34
124.677092 4.34
124.687967 4.34
124.718093 4.34
124.728968 4.34
124.759093 4.34
124.769968 4.34
124.800093 4.34
124.810968 4.34
124.841093 4.34
124.851969 4.34
124.882093 4.34
124.892969 4.34
124.923094 4.34
124.933969 4.34
124.964094 4.34
124.974969 4.34
125.005094 4.34
125.015970 4.34
125.046094 4.34
125.056970 4.34
125.087095 4.34
125.097970 4.34
125.128095 4.34
125.138970 4.34
125.169096 4.34
125.179971 4.34
125.210096 4.34
125.220971 4.34
125.251096 4.34
125.261988 4.34
125.292096 4.34
125.302972 4.34
125.333097 4.34
125.343865 4.34
125.374347 4.34
125.390347 4.34
125.417348 4.34
125.428098 4.34
125.460349 4.34
125.471098 4.02
125.503349 4.34
125.514098 4.02
125.546224 4.34
125.556974 4.34
125.587475 4.34
125.598348 4.34
125.630225 4.34
125.640974 4.34
125.671349 4.34
125.687349 4.34
125.714226 4.34
125.724975 4.34
125.755505 4.34
125.766349 4.34
125.802100 4.34
125.812990 4.34
125.843101 4.34
125.853976 4.34
125.884100 4.02
125.894976 4.34
125.925101 4.34
125.935976 4.34
125.966101 4.34
125.976976 4.34
126.007478 4.34
126.018351 4.34
126.048994 4.34
126.059745 4.34
126.090102 4.34
126.100977 4.34
126.131103 4.02
126.141978 4.34
126.172103 4.34
126.182978 4.34
126.213103 4.02
126.223978 4.34
126.254103 4.34
126.264978 4.34
126.295103 4.34
126.305979 4.34
126.336104 4.34
126.346979 4.34
126.377104 4.34
126.387979 4.34
126.418105 4.34
126.428980 4.34
126.459104 4.34
126.469980 4.34
126.500105 4.34
126.510980 4.02
126.541105 4.34
126.551980 4.34
126.582230 4.34
126.598106 4.02
126.623356 4.34
126.634231 4.34
126.669996 4.34
126.680748 4.34
126.710999 4.34
126.721748 4.34
126.751982 4.34
126.762749 4.34
126.792982 4.34
126.803750 4.34
126.833983 4.34
126.844750 4.34
126.874983 4.34
126.885750 4.34
126.915983 4.34
126.926749 4.34
126.957108 4.34
126.967983 4.34
126.998234 4.34
127.014109 4.34
127.039485 4.34
127.050359 4.34
127.081002 4.34
127.091752 4.34
127.122234 4.34
127.138110 4.34
127.163485 4.34
127.174360 4.34
127.205003 4.34
127.215752 4.34
127.246234 4.34
127.262110 4.34
127.287234 4.34
127.303109 4.34
127.328234 4.34
127.344110 4.34
127.372360 4.34
127.383110 4.34
127.413360 4.34
127.424110 4.34
127.454360 4.34
127.465110 4.34
127.495362 4.34
127.506112 4.34
127.542003 4.34
127.552755 4.34
127.583238 4.34
127.599237 4.34
127.624490 4.34
127.635363 4.34
127.666006 4.34
127.676756 4.34
127.707238 4.34
127.723113 4.34
127.748238 4.34
127.764120 4.34
127.792363 4.34
127.803113 4.34
127.833364 4.34
127.844113 4.34
127.874363 4.34
127.885113 4.34
127.915364 4.02
127.926114 4.34
127.956364 4.34
127.967114 4.34
127.997364 4.34
128.008114 4.34
128.038364 4.34
128.049115 4.34
128.079364 4.34
128.090115 4.34
128.120365 4.34
128.131115 4.34
128.161365 4.34
128.172115 4.34
128.202365 4.34
128.213115 4.34
128.243367 4.34
128.254118 4.34
128.284769 4.34
128.297253 4.34
128.326118 4.34
128.338646 4.34
128.367243 4.34
128.383243 4.34
128.410128 4.34
128.421009 4.34
128.451243 4.34
128.467244 4.34
128.494129 4.34
128.505009 4.34
128.535244 4.34
128.551244 4.34
128.578130 4.34
128.589010 4.34
128.619245 4.34
128.635245 4.34
128.662130 4.34
128.673014 4.34
128.703245 4.34
128.719246 4.34
128.749651 4.34
128.762149 4.34
128.791014 4.34
128.801888 4.34
128.832122 4.34
128.848122 4.34
128.873247 4.34
128.883996 4.34
128.919640 4.34
128.930372 4.34
128.961014 4.34
128.971891 4.34
129.002247 4.34
129.013122 4.34
129.048652 4.34
129.059373 4.02
129.090013 4.34
129.100764 4.34
129.131249 4.34
129.142124 4.34
129.177640 4.34
129.193639 4.34
129.219017 4.02
129.229766 4.34
129.260250 4.34
129.270999 4.34
129.301375 4.34
129.312250 4.34
129.342779 4.34
129.358892 4.34
129.384126 4.34
129.400125 4.34
129.425250 4.34
129.436001 4.34
129.471653 4.34
129.487643 4.34
129.513018 4.34
129.523769 4.34
129.554251 4.34
129.565126 4.34
129.600643 4.34
129.611377 4.34
129.642020 4.34
129.652770 4.34
129.683252 4.34
129.694002 4.34
129.729655 4.34
129.745643 4.34
129.771019 4.02
129.781768 4.34
129.812003 4.34
129.822769 4.02
129.853003 4.34
129.863770 4.34
129.894129 4.34
129.910004 4.34
129.935254 4.34
129.946004 4.34
129.981657 4.02
129.997646 4.34
130.023130 4.34
130.039130 4.34
130.064255 4.34
130.075005 4.34
130.110658 4.34
130.126648 4.34
130.152020 4.34
130.162773 4.34
130.193256 4.34
130.204131 4.34
130.234381 4.34
130.245256 4.34
130.275785 4.34
130.291898 4.34
130.317007 4.34
130.327774 4.34
130.358132 4.34
130.374132 4.34
130.399257 4.02
130.410132 4.34
130.445660 4.34
130.456383 4.34
130.487025 4.34
130.497776 4.34
130.528258 4.34
130.539133 4.34
130.574661 4.34
130.590658 4.34
130.616024 4.34
130.626774 4.34
130.657259 4.34
130.668135 4.34
130.703652 4.34
130.714385 4.34
130.745025 4.34
130.757511 4.34
130.786260 4.34
130.797010 4.34
130.829137 4.34
130.840028 4.34
130.870261 4.34
130.881136 4.34
130.916667 4.34
130.927386 4.34
130.958029 4.34
130.970513 4.34
130.999261 4.34
131.010137 4.34
131.045664 4.34
131.056387 4.34
131.087030 4.34
131.099513 4.34
131.128262 4.02
131.139137 4.02
131.174665 4.34
131.187139 4.34
131.216029 4.34
131.228388 4.02
131.257264 4.02
131.268139 4.34
131.300030 4.34
131.310905 4.34
131.341264 4.34
131.352139 4.34
131.382792 4.34
131.393666 4.34
131.424032 4.34
131.436389 4.34
131.465265 4.34
131.476015 4.34
131.511658 4.34
131.527656 4.34
131.553032 4.34
131.569033 4.34
131.594016 4.34
131.610016 4.34
131.635141 4.34
131.651016 4.34
131.676267 4.34
131.687016 4.34
131.722669 4.34
131.735047 4.34
131.764033 4.34
131.780034 4.34
131.805017 4.34
131.817392 4.34
131.846017 4.34
131.862018 4.34
131.887143 4.34
131.903018 4.34
131.928268 4.02
131.939143 4.34
131.974671 4.34
131.990659 4.34
132.016036 4.34
132.032035 4.34
132.057144 4.34
132.073019 4.34
132.098269 4.34
132.109144 4.34
132.144672 4.34
132.160661 4.34
132.186037 4.34
132.202037 4.34
132.227270 4.34
132.238145 4.34
132.273673 4.34
132.289549 4.34
132.315146 4.34
132.331021 4.34
132.356271 4.02
132.367021 4.34
132.402541 4.34
132.418541 4.02
132.444039 4.34
132.460040 4.34
132.485272 4.34
132.496147 4.34
132.531523 4.34
132.547527 4.34
132.573037 4.34
132.589040 4.34
132.614023 4.34
132.630148 4.34
132.655148 4.34
132.671148 4.34
132.696273 4.34
132.707023 4.34
132.742676 4.34
132.758668 4.34
132.784039 4.34
132.800042 4.34
132.825024 4.34
132.841024 4.34
132.866025 4.34
132.882150 4.34
132.907150 4.34
132.923025 4.34
132.948275 4.34
132.959150 4.34
132.994679 4.34
133.010668 4.34
133.036041 4.34
133.052026 4.34
133.077151 4.34
133.093026 4.34
133.118276 4.34
133.129151 4.34
133.164679 4.34
133.180528 4.34
133.206044 4.34
133.222044 4.34
133.247153 4.34
133.263028 4.02
133.288277 4.34
133.299152 4.02
133.334680 4.34
133.350669 4.34
133.376044 4.34
133.392028 4.34
133.419030 4.34
133.429807 4.34
133.460154 4.34
133.476154 4.02
133.503030 4.34
133.513797 4.02
133.544029 4.02
133.560030 4.34
133.585155 4.34
133.601030 4.34
133.628031 4.34
133.638798 4.34
133.669155 4.34
133.680030 4.34
133.712032 4.34
133.722799 4.34
133.753156 4.34
133.764031 4.34
133.796032 4.02
133.806798 4.34
133.837156 4.34
133.848032 4.34
133.883407 4.34
133.894282 4.34
133.924811 4.34
133.935685 4.34
133.966157 4.34
133.977032 4.34
134.009034 4.34
134.019799 4.34
134.050033 4.34
134.066033 4.34
134.091158 4.34
134.102033 4.34
134.133910 4.34
134.144814 4.34
134.175159 4.34
134.186034 4.34
134.221409 4.34
134.232159 4.34
134.262813 4.34
134.273688 4.34
134.304160 4.34
134.314926 4.34
134.350410 4.34
134.361285 4.34
134.391815 4.02
134.402688 4.34
134.433036 4.34
134.443803 4.34
134.474036 4.02
134.484804 4.34
134.515161 4.02
134.525929 4.34
134.561411 4.34
134.572162 4.34
134.602816 4.34
134.613691 4.34
134.644162 4.34
134.654930 4.34
134.690412 4.34
134.701287 4.34
134.731805 4.34
134.742690 4.34
134.773038 4.34
134.783803 4.34
134.814163 4.34
134.824929 4.34
134.860414 4.34
134.871164 4.02
134.901694 4.34
134.912539 4.34
134.942929 4.34
134.958804 4.34
134.984164 4.34
134.994931 4.34
135.030415 4.34
135.041165 4.34
135.071819 4.34
135.082692 4.34
135.113166 4.34
135.123930 4.34
135.159416 4.34
135.170291 4.34
135.200806 4.34
135.211541 4.34
135.242166 4.34
135.252934 4.34
135.288416 4.34
135.299167 4.34
135.329820 4.34
135.340542 4.34
135.371167 4.34
135.381936 4.34
135.417417 4.34
135.441819 4.34
135.452543 4.34
135.483168 4.34
135.493934 4.34
135.529427 4.02
135.553821 4.34
135.564544 4.34
135.595169 4.34
135.605936 4.02
135.641426 4.34
135.665822 4.34
135.676697 4.34
135.707170 4.34
135.717935 4.34
135.753427 4.34
135.777824 4.34
135.788545 4.34
135.819170 4.34
135.829937 4.34
135.865428 4.34
135.889824 4.34
135.900700 4.34
135.931171 4.34
135.941938 4.34
135.977430 4.34
136.001824 4.34
136.014296 4.34
136.043172 4.34
136.054047 4.34
136.089429 4.34
136.113826 4.34
136.124702 4.34
136.155173 4.34
136.165939 4.34
136.201426 4.34
136.225940 4.34
136.255427 4.34
136.271426 4.34
136.296939 4.34
136.312940 4.34
136.338049 4.34
136.354049 4.34
136.379174 4.34
136.389942 4.34
136.425429 4.34
136.450064 4.34
136.466175 4.34
136.491175 4.34
136.501943 4.34
136.537430 4.34
136.561942 4.34
136.591430 4.34
136.607430 4.34
136.632944 4.34
136.648944 4.34
136.674052 4.34
136.684944 4.34
136.715177 4.34
136.726052 4.34
136.761431 4.34
136.785942 4.34
136.815432 4.34
136.831431 4.34
136.856945 4.34
136.872954 4.34
136.898178 4.34
136.908946 4.34
136.944432 4.34
136.960433 4.34
136.985943 4.34
137.001947 4.34
137.027054 4.34
137.037944 4.34
137.068179 4.34
137.079055 4.34
137.114435 4.34
137.130435 4.34
137.155710 4.34
137.166581 4.34
137.197055 4.34
137.207947 4.34
137.238181 4.34
137.249055 4.34
137.284435 4.34
137.300437 4.02
137.325949 4.34
137.341948 4.34
137.367056 4.34
137.377949 4.34
137.408182 4.34
137.419057 4.34
137.454437 4.34
137.478951 4.34
137.508436 4.34
137.524437 4.34
137.549950 4.34
137.565949 4.34
137.591058 4.34
137.601950 4.34
137.632065 4.34
137.642948 4.34
137.678437 4.34
137.702952 4.34
137.732435 4.34
137.748439 4.34
137.774071 4.34
137.785070 4.34
137.815734 4.02
137.826712 4.34
137.862603 4.34
137.873440 4.02
137.904063 4.34
137.914955 4.02
137.950445 4.34
137.961441 4.34
137.991952 4.34
138.007954 4.34
138.033200 4.34
138.044075 4.34
138.074841 4.34
138.091070 4.34
138.121729 4.34
138.134317 4.02
138.163191 4.34
138.174065 4.34
138.204441 4.34
138.220441 4.34
138.245956 4.02
138.261954 4.34
138.286938 4.02
138.297703 4.02
138.328063 4.34
138.338955 4.34
138.369188 4.34
138.379938 4.34
138.415440 4.02
138.431440 4.34
138.456955 4.34
138.472955 4.34
138.497939 4.34
138.508706 4.34
138.538940 4.34
138.549974 4.34
