0.000000 0.000000
0.041721 4.34
0.057968 4.34
0.088739 4.34
0.104959 2.34
0.130525 2.66
0.141597 2.66
0.172083 2.66
0.182955 2.66
0.213719 2.66
0.226371 2.66
0.260483 2.66
0.271368 2.66
0.301948 2.66
0.312838 2.34
0.343357 2.34
0.359348 2.34
0.384839 2.34
0.400834 2.34
0.425842 2.34
0.441835 2.34
0.466837 2.66
0.482946 2.66
0.507835 2.34
0.523839 2.34
0.550849 2.34
0.561711 2.34
0.593849 2.34
0.604713 2.34
0.636850 2.34
0.647711 2.34
0.679848 2.66
0.690714 2.34
0.722851 2.66
0.733712 2.34
0.764516 2.34
0.775516 2.34
0.806082 2.66
0.816956 2.34
0.847744 2.66
0.863965 2.66
0.894587 2.66
0.905584 2.34
0.941531 2.66
0.952603 3.33
0.988339 4.02
1.000711 4.02
1.029583 4.34
1.040494 4.34
1.076489 4.34
1.087362 4.02
1.117954 4.02
1.128841 4.34
1.159356 4.02
1.175357 4.34
1.200841 4.02
1.216842 4.34
1.241841 4.34
1.252718 4.34
1.282952 4.34
1.293843 4.02
1.329202 4.34
1.345203 4.02
1.370476 4.02
1.381203 4.02
1.411868 4.02
1.428095 4.34
1.453524 4.34
1.464527 4.34
1.495105 4.34
1.506105 4.34
1.536733 4.34
1.552963 4.34
1.578375 4.34
1.594496 4.34
1.619960 4.34
1.630971 4.34
1.661591 4.34
1.672590 4.34
1.708501 4.34
1.719338 4.34
1.749960 4.34
1.760835 4.34
1.791335 4.34
1.807459 4.34
1.832849 4.34
1.848849 4.34
1.873958 4.34
1.884832 4.34
1.914957 4.34
1.925832 4.34
1.955958 4.34
1.966833 4.34
1.996958 4.34
2.007833 4.34
2.037958 4.34
2.048834 4.34
2.078959 4.34
2.089834 4.34
2.119959 4.34
2.130834 4.34
2.160959 4.34
2.171835 4.34
2.201959 4.34
2.212835 4.34
2.242960 4.34
2.253835 4.34
2.283960 4.34
2.294836 4.34
2.324961 4.34
2.335836 4.34
2.365961 4.34
2.376836 4.34
2.406961 4.34
2.417836 4.34
2.447961 4.34
2.458836 4.34
2.488961 4.34
2.499837 4.34
2.529962 4.34
2.540837 4.34
2.570962 4.34
2.581837 4.34
2.613713 4.34
2.624616 4.34
2.654963 4.34
2.665838 4.34
2.695963 4.34
2.706838 4.34
2.738714 4.34
2.749492 4.34
2.779853 4.34
2.795854 4.34
2.822715 4.34
2.833492 4.34
2.863854 4.34
2.879857 4.34
2.906715 4.34
2.917494 4.34
2.947965 4.34
2.958857 4.34
2.994215 4.34
3.010215 4.34
3.035494 4.34
3.046342 4.34
3.076966 4.34
3.087841 4.34
3.123216 4.34
3.135718 4.34
3.164621 4.34
3.177216 4.34
3.205858 4.34
3.216732 4.34
3.246843 4.34
3.257609 4.34
3.287842 4.34
3.298611 4.34
3.328859 4.34
3.339733 4.34
3.375093 4.34
3.385843 4.34
3.416218 4.34
3.432218 4.34
3.457484 4.34
3.468219 4.34
3.498860 4.34
3.509610 4.34
3.541720 4.34
3.552487 4.34
3.582844 4.34
3.593612 4.34
3.623845 4.34
3.634736 4.34
3.664845 4.34
3.675736 4.34
3.705846 4.34
3.716614 4.34
3.746846 4.34
3.757611 4.34
3.787846 4.34
3.798615 4.34
3.828846 4.34
3.839613 4.34
3.869847 4.34
3.880614 4.34
3.910847 4.34
3.921612 4.34
3.951847 4.34
3.962737 4.34
3.992848 4.34
4.003738 4.34
4.033848 4.34
4.044613 4.34
4.074848 4.34
4.085615 4.34
4.115848 4.34
4.126616 4.34
4.158601 4.34
4.169350 4.34
4.199864 4.34
4.210614 4.34
4.240849 4.34
4.251618 4.34
4.281850 4.34
4.292616 4.34
4.322850 4.34
4.333617 4.34
4.363850 4.34
4.374617 4.34
4.404850 4.34
4.415618 4.34
4.445851 4.34
4.456616 4.34
4.486851 4.34
4.497616 4.34
4.527851 4.34
4.538619 4.34
4.568852 4.34
4.579618 4.34
4.609852 4.34
4.620621 4.34
4.650853 4.34
4.661620 4.34
4.691852 4.34
4.702619 4.34
4.732852 4.34
4.743618 4.34
4.773853 4.34
4.784620 4.34
4.814853 4.34
4.825619 4.34
4.855854 4.34
4.866621 4.34
4.896854 4.34
4.907619 4.34
4.937854 4.34
4.948622 4.34
4.978855 4.34
4.989620 4.34
5.019855 4.34
5.030623 4.34
5.060855 4.34
5.071621 4.34
5.101855 4.34
5.112623 4.34
5.142856 4.34
5.153623 4.34
5.183856 4.34
5.194624 4.34
5.224856 4.34
5.235621 4.34
5.265856 4.34
5.276622 4.34
5.306857 4.34
5.317622 4.34
5.347858 4.34
5.358625 4.34
5.388982 4.34
5.399858 4.34
5.435233 4.34
5.451108 4.34
5.476635 4.34
5.492483 4.34
5.517983 4.34
5.528858 4.34
5.564234 4.34
5.580109 4.34
5.605639 4.34
5.621636 4.34
5.648611 4.34
5.659485 4.34
5.689877 4.34
5.700625 4.34
5.736235 4.34
5.752110 4.34
5.777640 4.34
5.793638 4.34
5.820612 4.34
5.831362 4.34
5.863612 4.34
5.874486 4.34
5.904879 4.34
5.915629 4.34
5.951236 4.34
5.967237 4.34
5.992638 4.34
6.008505 4.34
6.039112 4.34
6.049987 4.34
6.080364 4.34
6.091237 4.34
6.121642 4.34
6.137641 4.34
6.168113 4.34
6.180615 4.34
6.212517 4.34
6.224988 4.34
6.253880 4.34
6.264754 4.34
6.295114 4.34
6.307616 4.34
6.336381 4.34
6.347239 4.34
6.377881 4.34
6.388632 4.34
6.424240 4.34
6.440115 4.34
6.465646 4.34
6.481645 4.34
6.512240 4.34
6.528115 4.34
6.553646 4.34
6.569646 4.34
6.600241 4.34
6.616116 4.34
6.641757 4.34
6.652521 4.34
6.687992 4.34
6.698867 4.34
6.729121 4.34
6.741496 4.34
6.770510 4.34
6.786511 4.34
6.817246 4.34
6.828257 4.34
6.858896 4.34
6.869894 4.34
6.900534 4.34
6.916762 4.34
6.941889 4.34
6.952761 4.34
6.983402 4.34
6.994246 4.34
7.024886 4.34
7.035761 4.68
7.066119 4.68
7.081994 4.68
7.107244 4.34
7.118245 4.34
7.148798 4.34
7.159793 4.68
7.190434 5.00
7.201251 5.00
7.237249 5.00
7.248249 5.00
7.278767 4.68
7.289545 5.00
7.325247 5.00
7.336122 4.68
7.366764 5.00
7.377526 4.68
7.407888 5.00
7.418765 4.68
7.453997 4.68
7.464887 5.00
7.495247 4.68
7.505997 4.68
7.536652 4.68
7.547375 5.00
7.583123 4.68
7.599248 4.68
7.624249 5.00
7.635123 4.68
7.665652 5.00
7.676375 4.68
7.711999 5.00
7.722889 5.00
7.753124 4.68
7.769124 4.68
7.794375 4.68
7.805250 5.00
7.835518 4.68
7.851518 4.68
7.876891 4.68
7.887644 5.00
7.918126 4.68
7.934125 4.68
7.959377 5.00
7.970251 4.68
8.000653 5.00
8.011378 4.68
8.047251 5.00
8.058126 5.00
8.088768 4.68
8.099520 5.00
8.135252 4.68
8.146127 5.00
8.176769 5.00
8.187768 4.68
8.223252 5.00
8.234003 4.68
8.264655 5.00
8.275379 4.68
8.311253 5.00
8.322003 5.00
8.352658 4.68
8.363380 5.00
8.399254 4.68
8.410004 5.00
8.440657 4.68
8.451531 4.68
8.487254 5.00
8.498129 4.68
8.528658 5.00
8.539382 4.68
8.575130 5.00
8.591255 4.68
8.619533 4.68
8.635649 5.00
8.662508 5.00
8.673382 4.68
8.703661 5.00
8.714534 4.68
8.750131 5.00
8.766132 5.00
8.794383 5.00
8.805257 5.00
8.837509 4.68
8.848384 5.00
8.880510 4.68
8.891384 5.00
8.923510 5.00
8.934384 4.68
8.966510 4.68
8.977384 4.68
9.009510 5.00
9.020385 5.00
9.052511 5.00
9.063385 5.00
9.095511 4.68
9.106386 4.68
9.138511 4.68
9.149386 5.00
9.179664 5.00
9.190386 5.00
9.226260 5.00
9.237135 4.68
9.267663 5.00
9.278537 5.00
9.314260 5.00
9.325011 5.00
9.355664 4.68
9.366540 5.00
9.402261 4.68
9.413011 4.68
9.443664 5.00
9.454388 4.68
9.490262 5.00
9.501137 5.00
9.531539 5.00
9.547780 4.68
9.578138 5.00
9.594013 5.00
9.619263 4.68
9.630138 4.68
9.660665 4.68
9.671542 4.68
9.701888 4.68
9.712654 4.68
9.742889 5.00
9.753655 4.68
9.784014 4.68
9.800139 4.68
9.825139 5.00
9.835889 4.68
9.866391 5.00
9.882390 5.00
9.913140 5.00
9.923890 5.00
9.954391 4.68
9.970542 5.00
9.995669 4.68
10.006391 5.00
10.037016 5.00
10.053141 4.68
10.078141 5.00
10.088891 4.68
10.119392 5.00
10.131783 4.68
10.160669 4.68
10.171393 4.68
10.201892 5.00
10.212660 4.68
10.243017 4.68
10.259017 5.00
10.284143 4.68
10.294892 5.00
10.325394 5.00
10.341546 5.00
10.366671 5.00
10.377394 5.00
10.408018 5.00
10.424143 4.68
10.449144 5.00
10.459894 4.68
10.490395 5.00
10.506546 4.68
10.531674 5.00
10.542395 5.00
10.573020 5.00
10.589020 5.00
10.614145 5.00
10.624895 5.00
10.655270 4.68
10.666020 5.00
10.696674 4.68
10.707396 5.00
10.738021 5.00
10.754146 5.00
10.779146 5.00
10.789896 5.00
10.820397 5.00
10.836397 4.68
10.861662 5.00
10.872425 4.68
10.903022 5.00
10.919147 5.00
10.944147 5.00
10.954897 5.00
10.985399 5.00
11.001551 5.00
11.032148 4.68
11.043023 5.00
11.073399 5.00
11.089400 5.00
11.120148 5.00
11.131024 4.68
11.161401 5.00
11.177552 4.68
11.202679 5.00
11.213553 4.68
11.244025 5.00
11.260024 5.00
11.285150 4.68
11.295900 5.00
11.326401 4.68
11.342554 5.00
11.367679 5.00
11.378555 5.00
11.409026 5.00
11.425025 5.00
11.450151 5.00
11.461025 4.68
11.491403 5.00
11.507556 4.68
11.532679 5.00
11.543420 4.68
11.574027 4.68
11.590027 5.00
11.615152 5.00
11.625902 5.00
11.656277 4.68
11.668903 4.68
11.697681 4.68
11.708554 4.68
11.739028 4.68
11.755153 5.00
11.780153 5.00
11.791028 5.00
11.821405 5.00
11.837405 4.68
11.868154 5.00
11.878904 5.00
11.909406 5.00
11.925558 5.00
11.952410 4.68
11.963280 5.00
11.995410 4.68
12.006280 5.00
12.038410 4.68
12.049280 5.00
12.081410 5.00
12.092281 4.68
12.124285 5.00
12.135031 4.68
12.167285 5.00
12.178031 5.00
12.208686 5.00
12.219559 4.68
12.249907 4.68
12.262286 4.68
12.291032 4.68
12.307157 4.68
12.332157 4.68
12.343032 4.68
12.373409 4.68
12.389560 5.00
12.416288 5.00
12.427033 4.68
12.459288 4.68
12.470033 4.68
12.505924 5.00
12.518288 4.68
12.547158 4.68
12.558034 5.00
12.588411 4.68
12.599284 5.00
12.634926 4.68
12.650926 4.68
12.676159 5.00
12.686910 4.68
12.717437 5.00
12.728160 4.68
12.763926 5.00
12.779926 5.00
12.805161 4.68
12.815910 5.00
12.846286 4.68
12.862286 4.68
12.892930 4.68
12.908928 5.00
12.934161 4.68
12.944912 4.68
12.975286 5.00
12.991287 4.68
13.021929 5.00
13.038037 4.68
13.063162 5.00
13.074038 5.00
13.104414 4.68
13.115288 5.00
13.150929 4.68
13.166913 5.00
13.192163 5.00
13.203038 4.68
13.233414 4.68
13.244164 4.68
13.279929 5.00
13.295930 4.68
13.321164 5.00
13.332039 5.00
13.362415 5.00
13.373165 5.00
13.408930 4.68
13.424933 5.00
13.450165 4.68
13.461040 5.00
13.491416 4.68
13.502166 4.68
13.537932 4.68
13.553932 4.68
13.579166 5.00
13.590041 4.68
13.620416 5.00
13.631166 4.68
13.666934 5.00
13.682917 5.00
13.708167 4.68
13.718917 4.68
13.749573 4.68
13.760418 5.00
13.790808 4.68
13.801561 4.68
13.832043 5.00
13.842811 4.68
13.873168 5.00
13.883919 5.00
13.914570 4.68
13.925301 4.68
13.955814 5.00
13.966574 5.00
13.997044 4.68
14.007811 5.00
14.038170 4.68
14.049045 5.00
14.079575 4.68
14.090420 5.00
14.120813 5.00
14.131574 4.68
14.162045 5.00
14.172813 4.68
14.203170 5.00
14.214046 4.68
14.244421 5.00
14.255171 4.68
14.290936 5.00
14.306939 4.68
14.332171 4.68
14.343047 5.00
14.373574 4.68
14.384304 5.00
14.414923 4.68
14.430922 5.00
14.455922 5.00
14.471923 5.00
14.496923 5.00
14.512923 4.68
14.538048 5.00
14.548814 4.68
14.579174 5.00
14.589923 4.68
14.620452 5.00
14.631174 4.68
14.661924 4.68
14.678049 5.00
14.703049 4.68
14.713816 5.00
14.744174 4.68
14.756815 4.68
14.785453 4.68
14.796175 5.00
14.826925 5.00
14.843051 5.00
14.868051 5.00
14.878817 4.68
14.909176 4.68
14.921818 4.68
14.950456 4.68
14.961304 4.68
14.991942 4.68
15.008051 4.68
15.033176 5.00
15.045579 4.68
15.076196 4.68
15.087052 4.68
15.123052 4.68
15.133928 5.00
15.164178 5.00
15.176579 4.68
15.210821 5.00
15.223183 4.68
15.252053 4.68
15.262928 5.00
15.293178 5.00
15.305582 5.00
15.339819 5.00
15.352184 5.00
15.380929 4.68
15.391821 5.00
15.421929 4.68
15.432822 5.00
15.463055 5.00
15.473823 4.68
15.504180 5.00
15.520180 4.68
15.545460 5.00
15.556310 4.68
15.586821 5.00
15.599185 5.00
15.628055 5.00
15.638823 4.68
15.669181 5.00
15.685181 5.00
15.710460 4.68
15.721310 5.00
15.751932 4.68
15.762826 5.00
15.792932 5.00
15.803824 5.00
15.834058 4.68
15.844822 4.68
15.875183 5.00
15.891183 4.68
15.916463 5.00
15.927310 4.68
15.957827 5.00
15.973827 4.68
15.999058 5.00
16.009933 5.00
16.040184 5.00
16.056184 5.00
16.081461 4.68
16.092310 5.00
16.122935 4.68
16.133827 5.00
16.163934 4.68
16.174809 5.00
16.205060 5.00
16.215825 5.00
16.246185 5.00
16.262185 4.68
16.287465 5.00
16.298312 4.68
16.328828 5.00
16.344828 5.00
16.370061 5.00
16.380936 5.00
16.411186 5.00
16.427186 5.00
16.452465 4.68
16.463313 5.00
16.493829 5.00
16.509831 5.00
16.534937 5.00
16.545827 5.00
16.576063 5.00
16.586831 5.00
16.617188 5.00
16.633188 4.68
16.658578 5.00
16.669509 4.68
16.700198 4.34
16.716488 4.34
16.744945 4.34
16.755945 4.34
16.786319 4.34
16.797192 4.34
16.827835 4.34
16.843835 4.34
16.869190 4.34
16.885190 4.34
16.913317 4.34
16.924190 4.34
16.959832 4.34
16.975847 4.34
17.001493 4.34
17.012492 4.34
17.043071 4.34
17.053946 4.34
17.089836 4.34
17.105839 4.34
17.131068 4.34
17.141944 4.34
17.172319 4.34
17.183192 4.34
17.219068 4.34
17.229943 4.34
17.260193 4.34
17.276193 4.34
17.301471 4.34
17.312320 4.34
17.342943 4.34
17.353833 4.34
17.383943 4.34
17.394819 4.34
17.425069 4.34
17.437586 4.34
17.466194 4.34
17.482069 4.34
17.509199 4.34
17.520083 4.34
17.552210 4.34
