0.000000 0.000000
0.041996 4.34
0.058348 4.34
0.083574 4.34
0.099832 3.33
0.130456 2.66
0.143072 2.66
0.177467 2.66
0.190103 2.66
0.224322 2.66
0.235323 2.66
0.265927 2.66
0.276800 2.66
0.307190 2.34
0.323315 2.66
0.348549 2.66
0.364548 2.34
0.389673 2.34
0.400547 2.66
0.436074 2.66
0.446797 2.66
0.477313 2.34
0.488062 2.34
0.518423 2.34
0.529188 2.34
0.559423 2.66
0.570190 2.34
0.600423 2.34
0.611187 2.34
0.641424 2.34
0.652190 2.34
0.682424 2.34
0.693191 2.34
0.723425 2.34
0.734190 2.66
0.764565 2.34
0.780835 2.34
0.806203 2.34
0.817201 2.34
0.847838 2.34
0.858833 2.34
0.889570 2.66
0.905828 2.34
0.931204 2.34
0.942205 2.66
0.974634 2.66
0.985702 4.02
1.016248 4.02
1.027202 4.02
1.057819 4.02
1.068819 4.02
1.099447 4.02
1.115323 4.02
1.140814 4.02
1.151679 4.02
1.182194 4.02
1.198323 4.02
1.223554 4.02
1.239427 4.02
1.264678 4.02
1.275428 4.02
1.306078 4.34
1.316811 4.34
1.347553 4.34
1.363429 4.02
1.388679 4.02
1.399445 4.02
1.430259 4.02
1.441222 4.02
1.471835 4.34
1.482836 4.34
1.513568 4.34
1.529453 4.34
1.555229 4.34
1.566218 4.34
1.596690 4.34
1.607688 4.34
1.638350 4.34
1.649352 4.02
1.685215 4.34
1.696215 4.34
1.726687 4.34
1.737562 4.34
1.768329 4.34
1.779096 4.34
1.809684 4.34
1.820697 4.34
1.851339 4.34
1.862337 4.34
1.892689 4.34
1.903689 4.34
1.934329 4.68
1.945097 4.68
1.975686 4.68
1.986561 4.68
2.017347 5.00
2.028339 5.00
2.064222 5.00
2.075211 5.00
2.105819 5.00
2.116817 5.00
2.147327 5.00
2.158090 5.00
2.188435 5.00
2.200815 5.00
2.229560 5.00
2.245436 5.00
2.270685 5.00
2.281577 5.00
2.312360 5.00
2.323340 5.00
2.359103 5.00
2.375102 5.00
2.400440 5.00
2.416440 5.00
2.441564 5.00
2.457564 5.00
2.482688 5.00
2.493563 5.00
2.524093 5.00
2.540092 5.00
2.565331 5.00
2.576351 5.00
2.606831 5.00
2.617848 5.00
2.648482 5.35
2.664696 5.35
2.695340 5.35
2.706089 5.35
2.736694 5.35
2.747568 5.00
2.778332 5.35
2.789100 5.35
2.819691 5.35
2.830566 5.35
2.865968 5.35
2.876690 5.35
2.907440 5.35
2.925523 5.35
2.943832 5.00
2.969120 5.35
2.985344 5.35
3.010697 5.35
3.021571 5.35
3.052105 5.35
3.068102 5.35
3.093443 5.35
3.109444 5.35
3.134568 5.35
3.150443 5.35
3.175692 5.35
3.186567 5.35
3.217390 5.35
3.233704 5.00
3.264222 5.35
3.275219 5.00
3.305698 5.35
3.316573 5.35
3.347107 5.35
3.363105 5.35
3.388446 5.35
3.404334 5.35
3.429571 5.35
3.445570 5.00
3.470694 5.35
3.481444 5.35
3.512084 5.35
3.528242 5.35
3.553577 5.35
3.569576 5.35
3.600216 5.35
3.611092 5.35
3.641573 5.35
3.657573 5.35
3.682697 5.35
3.693571 5.35
3.724215 5.35
3.734976 5.35
3.765571 5.35
3.781447 5.35
3.806696 5.35
3.817447 5.35
3.848221 5.35
3.859097 5.00
3.891453 5.35
3.902345 5.35
3.937984 5.35
3.953985 5.35
3.979340 5.35
3.991825 5.35
4.020448 5.35
4.036324 5.35
4.061449 5.35
4.077449 5.35
4.102449 5.35
4.118324 5.35
4.149087 5.35
4.160012 5.35
4.190708 5.35
4.201707 5.35
4.232347 5.35
4.244843 5.35
4.278986 5.35
4.294983 5.35
4.320344 5.35
4.336345 5.35
4.361577 5.35
4.372327 5.35
4.407827 5.35
4.420452 5.35
4.449360 5.35
4.465582 5.35
4.490707 5.35
4.501582 5.35
4.532349 5.35
4.548352 5.35
4.579241 5.35
4.590237 5.69
4.626086 5.69
4.637012 5.69
4.667709 5.69
4.678708 5.69
4.709348 5.69
4.725350 5.69
4.750705 5.69
4.761580 5.69
4.791984 5.69
4.807984 5.69
4.833454 5.69
4.849454 5.69
4.874455 5.69
4.885347 5.69
4.915455 5.69
4.926330 5.69
4.956455 5.69
4.967330 5.69
4.997455 5.69
5.008331 5.69
5.038581 5.69
5.049330 5.69
5.084831 5.69
5.100835 5.69
5.126110 5.69
5.136832 5.69
5.167456 5.69
5.183457 5.69
5.208456 5.69
5.219332 5.69
5.249457 5.69
5.260332 5.69
5.290457 5.69
5.301350 5.69
5.331458 5.69
5.342333 5.69
5.372458 5.69
5.383333 5.69
5.413459 5.69
5.424333 5.69
5.454458 5.69
5.465334 5.69
5.495459 5.69
5.506334 5.69
5.536584 5.69
5.547459 5.69
5.582835 5.69
5.598835 5.69
5.624353 5.69
5.640352 5.69
5.665335 5.69
5.681352 5.69
5.706460 5.69
5.722460 5.69
5.747461 5.69
5.758336 5.69
5.788461 5.69
5.799336 5.69
5.829461 5.69
5.840337 5.69
5.870461 5.69
5.881337 5.69
5.911461 5.69
5.922337 5.69
5.952462 5.69
5.963337 5.69
5.993462 5.69
6.004337 5.69
6.034463 5.69
6.045338 5.69
6.075463 5.69
6.086355 5.69
6.116464 5.69
6.127339 5.69
6.157464 5.69
6.168339 5.69
6.203841 5.69
6.219840 5.69
6.245118 5.69
6.255841 5.69
6.286465 5.69
6.302340 5.69
6.327465 5.69
6.338355 5.69
6.368465 5.69
6.379340 5.69
6.409465 5.69
6.420340 5.69
6.450465 5.69
6.461341 5.69
6.491466 5.69
6.502341 5.69
6.532591 5.69
6.543467 5.69
6.578842 5.69
6.594842 5.69
6.620360 5.69
6.636359 5.69
6.661467 5.69
6.677343 5.69
6.702467 5.69
6.713343 5.69
6.743468 5.69
6.754343 5.69
6.784468 5.69
6.795343 5.69
6.825468 5.69
6.836344 5.69
6.866468 5.69
6.877344 5.69
6.907469 5.69
6.918344 5.69
6.948469 5.69
6.959344 5.69
6.989470 5.69
7.000345 5.69
7.030470 5.69
7.041345 5.69
7.071470 5.69
7.082345 5.69
7.112470 5.69
7.123346 5.69
7.153470 5.69
7.164345 5.69
7.194471 5.69
7.205346 5.69
7.235471 5.69
7.246346 5.69
7.276472 5.69
7.287347 5.69
7.317472 5.69
7.328347 5.69
7.358472 5.69
7.369348 5.69
7.399472 5.69
7.410348 5.69
7.440472 5.69
7.451348 5.69
7.483223 5.69
7.494002 5.69
7.524473 5.69
7.535366 5.69
7.565474 5.69
7.576349 5.35
7.608225 5.69
7.619127 5.35
7.649474 5.35
7.660365 5.35
7.695724 5.35
7.706599 5.35
7.737004 5.35
7.747851 4.34
7.778367 4.34
7.794475 4.34
7.819490 4.34
7.830488 4.34
7.861109 4.34
7.872028 4.34
7.908022 4.34
7.919105 4.34
7.949373 4.34
7.965354 4.34
7.995728 4.34
8.011728 4.34
8.037132 4.34
8.047854 4.34
8.078370 4.34
8.089117 4.34
8.119352 4.34
8.130118 4.34
8.160353 4.34
8.171245 4.34
8.201353 4.34
8.212121 4.34
8.242354 4.34
8.253120 4.34
8.283479 4.34
8.294368 4.34
8.324986 4.34
8.336041 4.34
8.368235 4.34
8.379254 4.34
8.414859 4.34
8.430858 4.34
8.456376 4.34
8.472374 4.34
8.497481 4.34
8.508356 4.34
8.538619 4.34
