0.000000 0.000000
0.047082 4.34
0.063368 4.34
0.088582 4.34
0.106521 2.66
0.130364 2.34
0.143027 2.34
0.177362 2.34
0.193579 2.34
0.224217 2.34
0.235073 2.34
0.265321 2.34
0.276070 2.34
0.306319 2.34
0.317069 2.34
0.347318 2.34
0.358068 2.34
0.388318 2.34
0.399068 2.34
0.429334 2.34
0.440208 2.34
0.470333 2.66
0.481208 2.34
0.511334 2.34
0.522209 2.34
0.552569 2.34
0.563319 2.34
0.598968 2.34
0.609695 2.34
0.640335 2.34
0.651211 2.34
0.681569 2.34
0.692446 2.34
0.727971 2.34
0.738696 2.34
0.769586 2.34
0.780586 2.34
0.811222 2.34
0.822220 2.34
0.858273 2.34
0.869275 2.34
0.901500 2.34
0.912328 2.34
0.942972 2.34
0.959368 2.34
0.993100 4.02
1.004085 4.02
1.034707 4.02
1.045706 4.02
1.076347 4.02
1.088872 4.02
1.122986 4.02
1.138986 4.02
1.164327 4.02
1.176869 4.02
1.205575 4.02
1.216450 4.34
1.251976 4.02
1.264481 4.34
1.295979 4.02
1.311980 4.02
1.337450 4.34
1.353325 4.34
1.378575 4.02
1.389326 4.02
1.425109 4.02
1.435993 4.02
1.466728 4.02
1.477728 4.34
1.508383 4.34
1.524464 4.34
1.555251 4.34
1.566226 4.34
1.602082 4.34
1.612994 4.34
1.643710 4.34
1.654709 4.34
1.685352 4.34
1.701350 4.34
1.726581 4.34
1.737456 4.34
1.767988 4.34
1.783986 4.34
1.809454 4.34
1.825329 4.34
1.850579 4.34
1.861329 4.34
1.896984 4.34
1.912981 4.34
1.938348 4.34
1.954346 4.34
1.979455 4.34
1.995455 4.34
2.020580 4.34
2.031455 4.34
2.066831 4.34
2.082831 4.34
2.108347 4.34
2.124347 4.34
2.152110 4.34
2.162832 4.34
2.193456 4.34
2.209457 4.34
2.234456 4.34
2.245332 4.34
2.275707 4.34
2.286582 4.34
2.316987 4.34
2.332986 4.34
2.358473 4.34
2.374457 4.34
2.399458 4.34
2.410333 4.34
2.440583 4.34
2.451459 4.34
2.486863 4.34
2.502864 4.34
2.528351 4.34
2.544350 4.34
2.569459 4.34
2.580334 4.34
2.610459 4.34
2.621334 4.34
2.651459 4.34
2.662335 4.34
2.692585 4.34
2.703335 4.34
2.738864 4.34
2.754837 4.34
2.780353 4.34
2.796351 4.34
2.821461 4.34
2.832351 4.34
2.862586 4.34
2.873336 4.34
2.908837 4.34
2.925128 4.34
2.950472 4.34
2.966595 4.34
2.992093 4.34
3.003017 4.34
3.035341 4.68
3.046496 4.68
3.077009 4.68
3.093238 4.68
3.118468 4.68
3.129343 4.68
3.165091 4.68
3.175966 4.68
3.206714 4.68
3.217715 4.68
3.248355 4.68
3.264353 4.68
3.289464 4.68
3.305464 4.68
3.330589 4.68
3.341491 4.68
3.372261 4.68
3.388597 4.68
3.419095 4.68
3.429885 4.68
3.460469 4.68
3.471344 4.68
3.507092 4.68
3.517873 4.68
3.548358 4.68
3.564358 4.68
3.591966 4.68
3.607846 4.68
3.633360 4.68
3.649360 4.68
3.674342 4.68
3.690467 4.68
3.715342 4.68
3.731360 5.00
3.756343 5.00
3.772343 4.68
3.797358 5.00
3.813361 4.68
3.838343 4.68
3.854344 4.68
3.881344 4.68
3.892234 4.68
3.922469 4.68
3.933358 4.68
3.963594 5.00
3.974344 5.00
4.009871 5.00
4.025871 5.00
4.051360 5.00
4.067361 5.00
4.092470 5.00
4.103236 5.00
4.133470 5.00
4.144359 5.35
4.174470 5.00
4.185345 5.00
4.215470 5.00
4.226394 5.00
4.257103 5.00
4.268101 5.35
4.304039 5.35
4.315041 5.69
4.345602 5.35
4.356477 5.69
4.387244 5.35
4.403351 5.35
4.428474 5.35
4.439350 5.35
4.474724 5.69
4.490723 5.69
4.518973 5.69
4.534872 5.35
4.560365 5.35
4.576366 5.35
4.601349 5.69
4.617474 5.69
4.642349 5.35
4.653116 5.00
4.689138 5.00
4.700106 4.34
4.735901 4.34
4.752020 4.34
4.777479 4.34
4.788371 4.34
4.823853 4.34
4.839853 4.34
4.865369 4.34
4.881369 4.34
4.906476 4.34
4.917351 4.34
4.947601 4.34
4.958477 4.34
4.988881 4.34
5.004880 4.34
5.030368 4.34
5.046370 4.34
5.071492 4.34
5.082491 4.34
5.113134 4.34
5.124131 4.34
5.159865 4.34
5.176022 4.34
5.201373 4.34
5.217374 4.34
5.247856 4.34
5.263856 4.34
5.289372 4.34
5.305370 4.34
5.335729 4.34
5.346479 4.34
5.377133 4.34
5.387855 4.34
5.418479 4.34
5.429355 4.34
5.464730 4.34
5.475480 4.34
5.506135 4.34
5.516980 4.34
5.553028 4.34
