0.000000 0.000000
0.041864 4.34
0.058086 4.34
0.088873 4.34
0.105225 2.66
0.135868 2.34
0.152101 2.34
0.182752 2.34
0.193729 2.34
0.229581 2.34
0.240491 2.34
0.271204 2.34
0.282203 2.34
0.312716 2.34
0.323717 2.34
0.353952 2.34
0.369951 2.34
0.395075 2.34
0.405825 2.34
0.441474 2.34
0.457353 2.34
0.482841 2.34
0.495200 2.34
0.524076 2.34
0.534826 2.34
0.570476 2.34
0.582854 2.34
0.611843 2.34
0.627842 2.34
0.652842 2.34
0.668844 2.34
0.693842 2.34
0.709842 2.34
0.734844 2.34
0.750979 2.34
0.781738 2.34
0.792742 2.34
0.828585 2.34
0.839780 2.34
0.871907 2.34
0.882969 2.34
0.913588 2.34
0.924527 2.34
0.955231 2.34
0.966231 3.67
0.996861 4.02
1.013089 4.02
1.043728 4.02
1.054725 4.02
1.090371 4.02
1.106365 4.02
1.131848 4.02
1.147846 4.02
1.173082 4.02
1.183957 4.02
1.219363 4.02
1.235369 4.02
1.260845 4.02
1.276847 4.02
1.302081 4.02
1.312832 4.02
1.348480 4.02
1.364361 4.02
1.389847 4.02
1.405845 4.02
1.432905 4.02
1.443878 4.02
1.479850 4.34
1.496106 4.34
1.526470 4.34
1.542880 4.34
1.570593 4.34
1.581514 4.34
1.612215 4.34
1.623214 4.34
1.653868 4.02
1.670095 4.02
1.700734 4.34
1.713382 4.34
1.747377 4.34
1.763372 4.34
1.788856 4.34
1.804856 4.34
1.829962 4.34
1.840837 4.34
1.870961 4.34
1.881729 4.34
1.912086 4.34
1.922836 4.34
1.958354 4.34
1.974338 4.34
1.999855 4.34
2.015852 4.34
2.041087 4.34
2.051962 4.02
2.087462 4.34
2.103341 4.34
2.128618 4.34
2.139338 4.02
2.169855 4.34
2.185963 4.34
2.210838 4.02
2.226838 4.34
2.251839 4.02
2.267839 4.34
2.292839 4.34
2.308855 4.34
2.333839 4.34
2.349839 4.34
2.374840 4.34
2.390839 4.34
2.415840 4.34
2.431855 4.34
2.456840 4.34
2.472965 4.34
2.497841 4.34
2.513840 4.34
2.538855 4.34
2.554860 4.34
2.579966 4.02
2.590841 4.34
2.620966 4.34
2.631841 4.34
2.663842 4.34
2.674608 4.34
2.704842 4.34
2.720842 4.34
2.745858 4.34
2.761860 4.34
2.786842 4.34
2.802859 4.34
2.827842 4.34
2.843968 4.34
2.868843 4.34
2.884843 4.34
2.909843 4.34
2.925843 4.34
2.950844 4.34
2.966843 4.34
2.991844 4.34
3.007844 4.34
3.032844 4.34
3.048844 4.34
3.073844 4.34
3.089861 4.34
3.114844 4.34
3.130970 4.34
3.155845 4.34
3.171845 4.34
3.196845 4.34
3.212846 4.34
3.237846 4.34
3.253846 4.34
3.278846 4.34
3.294845 4.34
3.319846 4.34
3.335846 4.34
3.360846 4.34
3.376846 4.34
3.401847 4.34
3.417971 4.34
3.442847 4.34
3.453615 4.34
3.483847 4.34
3.494613 4.02
3.524862 4.34
3.535615 4.34
3.565973 4.34
3.576848 4.34
3.606973 4.34
3.617848 4.34
3.647973 4.34
3.658849 4.34
3.688974 4.34
3.699849 4.34
3.729974 4.34
3.740849 4.34
3.770974 4.34
3.781849 4.34
3.811975 4.34
3.822850 4.34
3.852975 4.34
3.863850 4.34
3.893975 4.34
3.904851 4.34
3.934975 4.34
3.945851 4.34
3.975975 4.34
3.986851 4.34
4.016976 4.34
4.027851 4.34
4.057976 4.34
4.068851 4.34
4.098977 4.34
4.109852 4.34
4.139977 4.34
4.150852 4.34
4.180977 4.34
4.191852 4.34
4.221978 4.34
4.232853 4.34
4.268228 4.34
4.278978 4.34
4.309632 4.34
4.320478 4.34
4.350979 4.34
4.361853 4.34
4.397229 4.34
4.408104 4.34
4.438633 4.34
4.449479 4.34
4.479854 4.34
4.490622 4.34
4.520855 4.34
4.531635 4.34
4.561855 4.34
4.572620 4.34
4.602855 4.34
4.613623 4.34
4.643980 4.34
4.654856 4.34
4.690231 4.34
4.700981 4.34
4.731635 4.34
4.742481 4.34
4.772982 4.34
4.783857 4.34
4.819232 4.34
4.829982 4.34
4.860636 4.34
4.873107 4.34
4.901983 4.34
4.912858 4.34
4.948233 4.34
4.964359 4.34
4.989637 4.34
5.002233 4.34
5.030859 4.34
5.041626 4.34
5.071859 4.34
5.082627 4.34
5.112984 4.34
5.123859 4.34
5.159234 4.34
5.169985 4.34
5.200638 4.34
5.213110 4.34
5.241985 4.34
5.252860 4.34
5.288235 4.34
5.300737 4.34
5.329639 4.34
5.342111 4.34
5.370986 4.34
5.381861 4.34
5.417379 4.34
5.428236 4.34
5.458879 4.34
5.469627 4.34
5.499987 4.34
5.510862 4.34
5.546392 4.34
5.557237 4.34
5.587879 4.34
5.598754 4.34
5.634237 4.34
5.650238 4.34
5.675753 4.34
5.691755 4.34
5.716863 4.34
5.727757 4.34
5.757988 4.34
5.768864 4.34
5.804239 4.34
5.820239 4.34
5.845644 4.34
5.861518 4.34
5.886864 4.34
5.897630 4.34
5.927865 4.34
5.938630 4.34
5.968990 4.34
5.979865 4.34
6.015240 4.34
6.027616 4.34
6.056645 4.34
6.072645 4.34
6.097992 4.34
6.108866 4.34
6.144241 4.34
6.160116 4.34
6.185647 4.34
6.201645 4.34
6.226992 4.34
6.237884 4.34
6.273242 4.34
6.289117 4.34
6.314645 4.34
6.330886 4.34
6.355993 4.34
6.366868 4.02
6.402243 4.34
6.418119 4.34
6.443761 4.34
6.459634 4.34
6.484885 4.34
6.495634 4.34
6.531245 4.34
6.547119 4.34
6.572650 4.34
6.588994 4.34
6.613870 4.34
6.624637 4.34
6.654870 4.34
6.665638 4.34
6.695871 4.34
6.706637 4.34
6.736886 4.34
6.747638 4.34
6.783246 4.34
6.799246 4.34
6.824650 4.34
6.840649 4.34
6.865872 4.34
6.876636 4.34
6.906872 4.34
6.917639 4.34
6.947872 4.34
6.958637 4.34
6.988872 4.34
6.999640 4.34
7.029998 4.34
7.040873 4.34
7.076248 4.34
7.092123 4.34
7.117653 4.34
7.133653 4.34
7.158874 4.34
7.169639 4.34
7.199874 4.34
7.210641 4.34
7.240874 4.34
7.251640 4.34
7.281874 4.34
7.292640 4.34
7.323000 4.34
7.333875 4.34
7.369250 4.34
7.385125 4.34
7.410652 4.34
7.426654 4.34
7.452001 4.34
7.462766 4.34
7.493251 4.34
7.509251 4.34
7.534531 4.34
7.545378 4.34
7.576001 4.34
7.586877 4.34
7.622252 4.34
7.638127 4.34
7.663654 4.34
7.679520 4.34
7.706629 4.34
7.717531 4.34
7.748003 4.34
7.758878 4.34
7.794253 4.34
7.810253 4.34
7.835662 4.34
7.851533 4.34
7.878630 4.34
7.889380 4.34
7.919899 4.34
7.930647 4.34
7.966254 4.34
7.982129 4.34
8.007660 4.34
8.023660 4.34
8.050632 4.34
8.061532 4.34
8.091898 4.34
8.102648 4.34
8.138255 4.34
8.154131 4.34
8.179661 4.34
8.195535 4.34
8.222633 4.34
8.233383 4.34
8.265633 4.34
8.276535 4.34
8.306898 4.34
8.317649 4.34
8.349634 4.34
8.360534 4.34
8.390900 4.34
8.401774 4.34
8.433651 4.34
8.444537 4.34
8.474901 4.34
8.485650 4.34
8.521258 4.34
8.532133 4.34
8.562776 4.34
8.573527 4.34
8.609134 4.34
8.621541 4.34
8.653537 4.34
8.669526 4.34
8.694901 4.34
8.705777 4.34
8.736135 4.34
8.752010 4.34
8.777415 4.34
8.788260 4.34
8.818903 4.34
8.829778 4.34
8.865260 4.34
8.881261 4.34
8.906664 4.34
8.922540 4.34
8.953136 4.34
8.969261 4.34
8.994388 4.34
9.005262 4.34
9.035666 4.34
9.051664 4.34
9.082137 4.34
9.098263 4.34
9.123389 4.34
9.134263 4.34
9.164666 4.34
9.175542 4.34
9.211263 4.34
9.222013 4.34
9.252665 4.34
9.263390 4.34
9.299139 4.34
9.315263 4.34
9.340408 4.34
9.351264 4.34
9.381907 4.34
9.392658 4.34
9.423140 4.34
9.439265 4.34
9.464265 4.34
9.475140 4.34
9.505667 4.34
9.516421 4.34
9.552265 4.34
9.563016 4.34
9.593670 4.34
9.604545 4.34
9.640016 4.34
9.650891 4.34
9.681141 4.34
9.697017 4.34
9.722393 4.34
9.733267 4.34
9.763671 4.34
9.774393 4.34
9.810267 4.34
9.821018 4.34
9.851673 4.34
9.862547 4.34
9.898268 4.34
9.909018 4.34
9.939672 4.34
9.950547 4.34
9.986269 4.34
9.997018 4.34
10.027674 4.34
10.038395 4.34
10.074144 4.34
10.090019 4.34
10.115270 4.34
10.126020 4.34
10.156672 4.34
10.167395 4.34
10.203145 4.34
10.219270 4.34
10.244396 4.34
10.255270 4.34
10.285672 4.34
10.296397 4.34
10.332146 4.34
10.348021 4.34
10.373397 4.34
10.384272 4.34
10.414676 4.34
10.425548 4.34
10.461272 4.34
10.472022 4.34
10.502674 4.34
10.513425 4.34
10.549272 4.34
10.560023 4.34
10.590675 4.34
10.601399 4.34
10.637273 4.34
10.648148 4.34
10.678679 4.34
10.689551 4.34
10.725274 4.34
10.736149 4.34
10.766678 4.34
10.777555 4.34
10.813275 4.34
10.824025 4.34
10.854677 4.34
10.865401 4.34
10.901275 4.34
10.912150 4.34
10.942678 4.34
10.953555 4.34
10.989275 4.34
11.000026 4.34
11.030681 4.34
11.041555 4.34
11.077277 4.34
11.088026 4.34
11.118681 4.34
11.129555 4.34
11.165277 4.34
11.176027 4.34
11.206681 4.34
11.217554 4.34
11.253278 4.34
11.264028 4.34
11.294680 4.34
11.305557 4.34
11.341153 4.34
11.357153 4.34
11.382279 4.34
11.393028 4.34
11.423654 4.34
11.434405 4.34
11.466405 4.34
11.477279 4.34
11.507683 4.34
11.518405 4.34
11.554280 4.34
11.565030 4.34
11.595685 4.34
11.606560 4.34
11.642155 4.34
11.658155 4.34
11.683280 4.34
11.694155 4.34
11.724686 4.34
11.735406 4.34
11.771281 4.34
11.782031 4.34
11.812799 4.34
11.823548 4.34
11.859157 4.34
11.875157 4.34
11.900282 4.34
11.911033 4.34
11.941801 4.34
11.952549 4.34
11.983033 4.34
11.999033 4.34
12.024159 4.34
12.034908 4.34
12.065408 4.34
12.081409 4.34
12.112034 4.34
12.127924 4.34
12.153159 4.34
12.163909 4.34
12.194285 4.34
12.205034 4.34
12.235687 4.34
12.246410 4.34
12.277035 4.34
12.293035 4.34
12.318160 4.34
12.328911 4.34
12.359411 4.34
12.375411 4.34
12.406036 4.34
12.421925 4.34
12.447162 4.34
12.458036 4.34
12.488411 4.34
12.504412 4.34
12.529691 4.34
12.540412 4.34
12.571037 4.34
12.587038 4.34
12.612162 4.34
12.622912 4.34
12.653567 4.34
12.664413 4.34
12.700038 4.34
12.715930 4.34
12.741163 4.34
12.752038 4.34
12.782568 4.34
12.793414 4.34
12.829039 4.34
12.845039 4.34
12.870164 4.34
12.881039 4.34
12.911569 4.34
12.922415 4.34
12.958040 4.34
12.974040 4.34
12.999165 4.34
13.009915 4.34
13.040571 4.34
13.051416 4.34
13.087041 4.34
13.103166 4.34
13.128166 4.34
13.139041 4.34
13.169571 4.34
13.180298 4.34
13.216167 4.34
13.227042 4.34
13.257572 4.34
13.268448 4.34
13.304167 4.34
13.315042 4.34
13.345573 4.34
13.356446 4.34
13.392168 4.34
13.402935 4.34
13.433570 4.34
13.444298 4.34
13.480168 4.34
13.491044 4.34
13.521449 4.34
13.537448 4.34
13.568169 4.34
13.578920 4.34
13.609545 4.34
13.620297 4.34
13.656169 4.34
13.666920 4.34
13.697572 4.34
13.708298 4.34
13.744171 4.34
13.755046 4.34
13.785574 4.34
13.796448 4.34
13.832171 4.34
13.842921 4.34
13.873575 4.34
13.884448 4.34
13.920047 4.34
13.936172 4.34
13.961172 4.34
13.971922 4.34
14.002452 4.34
14.018451 4.34
14.049173 4.34
14.060048 4.34
14.090451 4.34
14.106578 4.34
14.137048 4.34
14.153173 4.34
14.178173 4.34
14.188924 4.34
14.219576 4.34
14.230303 4.34
14.266174 4.34
14.277049 4.34
14.307579 4.34
14.318304 4.34
14.354175 4.34
14.365050 4.34
14.395579 4.34
14.406452 4.34
14.442175 4.34
14.452926 4.34
14.483580 4.34
14.494453 4.34
14.530176 4.34
14.540926 4.34
14.571456 4.34
14.587455 4.34
14.618177 4.34
14.628927 4.34
14.659454 4.34
14.675455 4.34
14.706052 4.34
14.722177 4.34
14.747177 4.34
14.757928 4.34
14.788456 4.34
14.799305 4.34
14.831305 4.34
14.842178 4.34
14.874305 4.34
14.885179 4.34
14.921054 4.34
14.931928 4.34
14.962179 4.34
14.972929 4.34
15.003458 4.34
15.014305 4.34
15.044930 4.34
15.060930 4.34
15.086055 4.34
15.096930 4.34
15.127180 4.34
15.138055 4.34
15.168458 4.34
15.179181 4.34
15.209931 4.34
15.226056 4.34
15.251056 4.34
15.261823 4.34
15.292182 4.34
15.303056 4.34
15.333586 4.34
15.344460 4.34
15.374932 4.34
15.391057 4.34
15.415933 4.34
15.431932 4.34
15.456933 4.34
15.473058 4.34
15.498058 4.34
15.508808 4.34
15.539183 4.34
15.549933 4.34
15.580463 4.34
15.591310 4.34
15.621934 4.34
15.638059 4.34
15.662933 4.34
15.679059 4.34
15.703935 4.34
15.720060 4.34
15.745060 4.34
15.755810 4.34
15.786185 4.34
15.796935 4.34
15.827311 4.34
15.843463 4.34
15.868591 4.34
15.879466 4.34
15.909936 4.34
15.926061 4.34
15.950936 4.34
15.967061 4.34
15.991937 4.34
16.008062 4.34
16.032937 4.34
16.049062 4.34
16.074062 4.34
16.084812 4.34
16.115187 4.34
16.125938 4.34
16.156313 4.34
16.172464 4.34
16.203063 4.34
16.213938 4.34
16.244188 4.34
16.254938 4.34
16.285468 4.34
16.296189 4.34
16.332064 4.34
16.342939 4.34
16.373189 4.34
16.384064 4.34
16.414469 4.34
16.425315 4.34
16.455940 4.34
16.472065 4.34
16.496940 4.34
16.513065 4.34
16.538066 4.34
16.548941 4.34
16.579191 4.34
16.589941 4.34
16.620469 4.34
16.631317 4.34
16.661941 4.34
16.677941 4.34
16.703066 4.34
16.713941 4.34
16.744192 4.34
16.756834 4.34
16.785472 4.34
16.796319 4.34
16.826942 4.34
16.843068 4.34
16.867943 4.34
16.884068 4.34
16.908943 4.34
16.924943 4.34
16.950068 4.34
16.960818 4.34
16.991194 4.34
17.001943 4.34
17.034324 4.34
17.045194 4.34
17.081069 4.34
17.091944 4.34
17.122194 4.34
17.134588 4.34
17.165200 4.34
17.176070 4.34
17.208200 4.34
17.218945 4.34
17.251200 4.34
17.261946 4.34
17.297837 4.34
17.310200 4.34
17.338946 4.34
17.355071 4.34
17.379946 4.34
17.396072 4.34
17.421072 4.34
17.431822 4.34
17.462197 4.34
17.474588 4.34
17.503476 4.34
17.514353 4.34
17.544948 4.34
17.561073 4.34
17.585948 4.34
17.602073 4.34
17.626948 4.34
17.637840 4.34
17.667948 4.34
17.678824 4.34
17.708948 4.34
17.719824 4.34
17.749949 4.34
17.760824 4.34
17.790949 4.34
17.801824 4.34
17.831949 4.34
17.842824 4.34
17.872950 4.34
17.883825 4.34
17.913950 4.34
17.924825 4.34
17.954951 4.34
17.965826 4.34
17.995951 4.34
18.006826 4.34
18.036951 4.34
18.047826 4.34
18.078076 4.34
18.088952 4.34
18.119202 4.34
18.135202 4.34
18.160480 4.34
18.171328 4.34
18.201952 4.34
18.212844 4.34
18.242953 4.34
18.253828 4.34
18.283953 4.34
18.294828 4.34
18.324953 4.34
18.335828 4.34
18.365953 4.34
18.376828 4.34
18.407079 4.34
18.417954 4.34
18.448204 4.34
18.464204 4.34
18.489481 4.34
18.500204 4.34
18.530847 4.34
18.546847 4.34
18.572080 4.34
18.582955 4.34
18.613205 4.34
18.629205 4.34
18.654484 4.34
18.665332 4.34
18.695956 4.34
18.706848 4.34
18.737081 4.34
18.747956 4.34
18.778206 4.34
18.794207 4.34
18.824850 4.34
18.840848 4.34
18.866082 4.34
18.876957 4.34
18.907207 4.34
18.923207 4.34
18.948485 4.34
18.959207 4.34
18.989848 4.34
19.005852 4.34
19.030958 4.34
19.041833 4.34
19.071958 4.34
19.082834 4.34
19.113084 4.34
19.123959 4.34
19.154209 4.34
19.170209 4.34
19.195486 4.34
19.206335 4.34
19.236852 4.34
19.252850 4.34
19.278085 4.34
19.288835 4.34
19.319210 4.34
19.335210 4.34
19.365851 4.34
19.381851 4.34
19.407086 4.34
19.417961 4.34
19.448211 4.34
19.464211 4.34
19.491215 4.34
19.502086 4.34
19.537853 4.34
19.553854 4.34
19.579087 4.34
19.589837 4.34
19.620338 4.34
19.631213 4.34
19.661855 4.34
19.677853 4.34
19.702963 4.34
19.713838 4.34
19.743963 4.34
19.754838 4.34
19.785213 4.34
19.801214 4.34
19.828218 4.34
19.838964 4.34
19.874857 4.34
19.890856 4.34
19.915965 4.34
19.926840 4.34
19.956965 4.34
19.967840 4.34
19.997965 4.34
20.008840 4.34
20.038965 4.34
20.049840 4.34
20.079965 4.34
20.090841 4.34
20.120966 4.34
20.131841 4.34
20.161966 4.34
20.172841 4.34
20.202967 4.34
20.213841 4.34
20.243967 4.34
20.254842 4.34
20.284967 4.34
20.295842 4.34
20.325967 4.34
20.336842 4.34
20.366968 4.34
20.377843 4.34
20.407968 4.34
20.418843 4.34
20.448968 4.34
20.459844 4.34
20.489969 4.34
20.500844 4.34
20.530969 4.34
20.541844 4.34
20.571969 4.34
20.582844 4.34
20.612969 4.34
20.623844 4.34
20.653970 4.34
20.664845 4.34
20.694970 4.34
20.705845 4.34
20.735970 4.34
20.746846 4.34
20.776971 4.34
20.787846 4.34
20.817971 4.34
20.828846 4.34
20.858971 4.34
20.869846 4.34
20.899971 4.34
20.910847 4.34
20.941096 4.34
20.957097 4.34
20.982222 4.34
20.992972 4.34
21.028615 4.34
21.039349 4.34
21.069848 4.34
21.080614 4.34
21.110848 4.34
21.121615 4.34
21.151848 4.34
21.162616 4.34
21.192848 4.34
21.203614 4.34
21.233849 4.34
21.244615 4.34
21.274850 4.34
21.285615 4.34
21.315850 4.34
21.326616 4.34
21.356850 4.34
21.367615 4.34
21.397850 4.34
21.408618 4.34
21.438850 4.34
21.449618 4.34
21.479850 4.34
21.490618 4.34
21.520851 4.34
21.531618 4.34
21.561851 4.34
21.572619 4.34
21.602852 4.34
21.613620 4.34
21.643852 4.34
21.654619 4.34
21.684852 4.34
21.695618 4.34
21.725852 4.34
21.736618 4.34
21.766852 4.34
21.777619 4.34
21.807853 4.34
21.818621 4.34
21.848853 4.34
21.859622 4.34
21.889978 4.34
21.900854 4.34
21.931104 4.34
21.946979 4.34
21.972229 4.34
21.982979 4.34
22.018871 4.34
22.029621 4.34
22.060105 4.34
22.075980 4.34
22.101356 4.34
22.112230 4.34
22.142871 4.34
22.153622 4.34
22.184105 4.34
22.199981 4.34
22.225231 4.34
22.236106 4.34
22.271871 4.34
22.282624 4.34
22.312982 4.34
22.323857 4.34
22.354106 4.34
22.370107 4.34
22.397116 4.34
22.407857 4.34
22.440116 4.34
22.450857 4.34
22.481359 4.34
22.492233 4.34
22.522875 4.34
22.533637 4.34
22.564108 4.34
22.580108 4.34
22.607118 4.34
22.617983 4.34
22.650118 4.34
22.660859 4.34
22.693119 4.34
22.703984 4.34
22.736141 4.34
22.746985 4.34
22.777750 4.34
22.793752 4.34
22.818985 4.34
22.831391 4.34
22.860235 4.34
22.871111 4.34
22.901515 4.34
22.913996 4.34
22.942986 4.34
22.955363 4.34
22.984111 4.34
22.994861 4.34
23.026996 4.34
23.037880 4.34
23.068112 4.34
23.084112 4.34
23.114504 4.34
23.126997 4.34
23.155988 4.34
23.168364 4.34
23.197113 4.34
23.207988 4.34
23.243505 4.34
23.255998 4.34
23.284863 4.34
23.295631 4.34
23.325864 4.34
23.336757 4.34
23.366864 4.34
23.377632 4.34
23.407989 4.34
23.420365 4.34
23.448989 4.34
23.464990 4.34
23.490115 4.34
23.500865 4.34
23.536518 4.34
23.547240 4.34
23.577881 4.34
23.588758 4.34
23.619116 4.34
23.629866 4.34
23.660241 4.34
23.670991 4.34
23.701643 4.34
23.717521 4.34
23.742991 4.34
23.758867 4.34
23.784117 4.34
23.794867 4.34
23.830521 4.34
23.846509 4.34
23.871633 4.34
23.887508 4.34
23.912868 4.34
23.923634 4.34
23.953993 4.34
23.969993 4.34
23.995119 4.34
24.005993 4.34
24.041523 4.34
24.052244 4.34
24.082886 4.34
24.093636 4.34
24.124119 4.34
24.134994 4.34
24.170521 4.34
24.181245 4.34
24.211887 4.34
24.222637 4.34
24.252996 4.34
24.268870 4.34
24.293996 4.34
24.309995 4.34
24.335121 4.34
24.345871 4.34
24.381514 4.34
24.397514 4.34
24.422888 4.34
24.433773 4.34
24.464122 4.34
24.474997 4.34
24.510524 4.34
24.521248 4.34
24.551890 4.34
24.562638 4.34
24.593123 4.34
24.603873 4.34
24.639527 4.34
24.655516 4.34
24.680874 4.34
24.691639 4.34
24.721874 4.34
24.732639 4.34
24.762999 4.34
24.778874 4.34
24.804124 4.34
24.814999 4.34
24.850527 4.34
24.861249 4.34
24.891892 4.34
24.902641 4.34
24.933126 4.34
24.943875 4.34
24.979517 4.34
24.995518 4.34
25.020892 4.34
25.031643 4.34
25.067251 4.34
25.078001 4.34
25.108655 4.34
25.124767 4.34
25.149877 4.34
25.160645 4.34
25.191002 4.34
25.207002 4.34
25.232128 4.34
25.242877 4.34
25.278521 4.34
25.294518 4.34
25.319895 4.34
25.330644 4.34
25.361128 4.34
25.371878 4.34
25.407533 4.34
25.423520 4.34
25.448894 4.34
25.461394 4.34
25.489879 4.34
25.502397 4.34
25.531005 4.34
25.547005 4.34
25.572130 4.34
25.582879 4.34
25.615005 4.34
25.625898 4.34
25.656131 4.34
25.667006 4.34
25.698882 4.34
25.709648 4.34
25.739881 4.34
25.752255 4.34
25.780881 4.34
25.793256 4.34
25.821882 4.34
25.834257 4.34
25.862882 4.34
25.875257 4.34
25.904007 4.34
25.919883 4.34
25.945132 4.34
25.956008 4.34
25.991524 4.34
26.003901 4.34
26.032899 4.34
26.049008 4.34
26.073883 4.34
26.089883 4.34
26.115009 4.34
26.130884 4.34
26.156134 4.34
26.166885 4.34
26.202525 4.34
26.214885 4.34
26.243900 4.34
26.259903 4.34
26.284885 4.34
26.297260 4.34
26.326010 4.34
26.341885 4.34
26.367136 4.34
26.377886 4.34
26.413526 4.34
26.429417 4.34
26.454904 4.34
26.470903 4.34
26.496012 4.34
26.511886 4.34
26.537137 4.34
26.548012 4.34
26.583541 4.34
26.599530 4.34
26.624906 4.34
26.640904 4.34
26.665888 4.34
26.681888 4.34
26.707013 4.34
26.722888 4.34
26.748138 4.34
26.759013 4.34
26.794419 4.34
26.810420 4.34
26.835906 4.34
26.851906 4.34
26.877139 4.34
26.888014 4.34
26.923531 4.34
26.939412 4.34
26.964907 4.34
26.980905 4.34
27.006015 4.34
27.021890 4.34
27.047140 4.34
27.058015 4.34
27.093534 4.34
27.109531 4.34
27.134908 4.34
27.150909 4.34
27.175891 4.34
27.191892 4.34
27.217016 4.34
27.232892 4.34
27.258142 4.34
27.269017 4.34
27.304546 4.34
27.320535 4.34
27.345909 4.34
27.361909 4.34
27.386893 4.34
27.402910 4.34
27.427893 4.34
27.443894 4.34
27.468894 4.34
27.484893 4.34
27.510019 4.34
27.525894 4.34
27.551144 4.34
27.562019 4.34
27.597537 4.34
27.613535 4.34
27.638912 4.34
27.654895 4.34
27.680020 4.34
27.695895 4.34
27.721145 4.34
27.731895 4.34
27.763897 4.34
27.774661 4.34
27.805021 4.34
27.820896 4.34
27.846146 4.34
27.857021 4.34
27.892550 4.34
27.908540 4.34
27.933913 4.34
27.949914 4.34
27.976898 4.34
27.987676 4.34
28.018022 4.34
28.033897 4.34
28.060899 4.34
28.071789 4.34
28.102023 4.02
28.112898 4.34
28.144900 4.34
28.155789 4.34
28.186024 4.34
28.196899 4.34
28.228917 4.34
28.239792 4.34
28.270024 4.34
28.280899 4.34
28.316275 4.34
28.327024 4.34
28.357791 4.34
28.370275 4.34
28.400931 4.34
28.411792 4.34
28.443931 4.34
28.454791 4.34
28.486918 4.34
28.497793 4.34
28.529807 4.34
28.540793 4.34
28.571026 4.34
28.581901 4.34
28.617276 4.34
28.629808 4.34
28.658793 4.34
28.671152 4.34
28.700027 4.34
28.710902 4.34
28.742809 4.34
28.753557 4.34
28.784028 4.34
28.794903 4.34
28.830277 4.34
28.841153 4.34
28.871795 4.34
28.887796 4.34
28.912918 4.34
28.928922 4.34
28.954028 4.34
28.964904 4.34
29.000280 4.34
29.011029 4.34
29.041682 4.34
29.052558 4.34
29.082905 4.34
29.093672 4.34
29.124030 4.34
29.134797 4.34
29.170281 4.34
29.181030 4.34
29.211560 4.34
29.222407 4.34
29.252799 4.34
29.268675 4.34
29.293799 4.34
29.309797 4.34
29.335032 4.34
29.345799 4.34
29.381282 4.34
29.392032 4.34
29.422800 4.34
29.438799 4.34
29.463800 4.34
29.479675 4.34
29.504801 4.34
29.520675 4.34
29.545801 4.34
29.561675 4.34
29.586909 4.34
29.597673 4.34
29.628034 4.34
29.638799 4.34
29.674284 4.34
29.685159 4.34
29.715686 4.34
29.726410 4.34
29.756910 4.34
29.767676 4.34
29.797910 4.34
29.808679 4.34
29.839036 4.34
29.849801 4.34
29.885285 4.34
29.896036 4.34
29.926677 4.34
29.937411 4.34
29.968036 4.34
29.978803 4.34
30.014286 4.34
30.025036 4.34
30.055677 4.34
30.066412 4.34
30.097037 4.34
30.107804 4.34
30.143297 4.34
30.154037 4.34
30.184691 4.34
30.195568 4.34
30.226038 4.34
30.236806 4.34
30.272297 4.34
30.283039 4.34
30.313679 4.34
30.324414 4.34
30.354914 4.34
30.365679 4.34
30.395914 4.34
30.406682 4.34
30.436915 4.34
30.447683 4.34
30.477915 4.34
30.488680 4.34
30.518915 4.34
30.529681 4.34
30.560040 4.34
30.570809 4.34
30.606298 4.34
30.617041 4.34
30.647683 4.34
30.658568 4.34
30.689041 4.34
30.699806 4.34
30.735305 4.34
30.747811 4.34
30.776685 4.34
30.787569 4.34
30.818042 4.34
30.828918 4.34
30.864300 4.34
30.876811 4.34
30.905698 4.34
30.918301 4.34
30.947043 4.34
30.957918 4.34
30.993296 4.34
31.009296 4.34
31.034812 4.34
31.050811 4.34
31.075919 4.34
31.086811 4.34
31.117044 4.34
31.127810 4.34
31.163298 4.34
31.179298 4.34
31.204812 4.34
31.220812 4.34
31.246045 4.34
31.256921 4.34
31.292299 4.34
31.308300 4.34
31.333811 4.34
31.349814 4.34
31.374921 4.34
31.385814 4.34
31.415921 4.34
31.426811 4.34
31.456922 4.34
31.467813 4.34
31.498047 4.34
31.508813 4.34
31.539172 4.34
31.550047 4.02
31.580452 4.34
31.591173 4.34
31.621816 4.34
31.637816 4.34
31.662923 4.34
31.673815 4.34
31.704048 4.34
31.714924 4.34
31.750303 4.34
31.766303 4.34
31.791815 4.34
31.807816 4.34
31.832924 4.34
31.843815 4.34
31.873925 4.34
31.884819 4.34
31.914925 4.34
31.925818 4.34
31.955925 4.34
31.966817 4.34
31.996926 4.34
32.007816 4.34
32.037926 4.34
32.048816 4.34
32.084306 4.34
32.108817 4.34
32.138304 4.34
32.154306 4.34
32.179819 4.34
32.195817 4.34
32.220927 4.34
32.231819 4.34
32.267177 4.34
32.278052 4.34
32.308581 4.34
32.319456 4.34
32.349928 4.34
32.360819 4.34
32.391054 4.34
32.401821 4.34
32.437304 4.34
32.453304 4.34
32.478822 4.34
32.494823 4.34
32.519930 4.34
32.530820 4.34
32.561055 4.34
32.571930 4.34
32.607309 4.34
32.623312 4.34
32.648583 4.34
32.659460 4.34
32.689931 4.34
32.700823 4.34
32.731056 4.34
32.741931 4.34
32.777319 4.34
32.788309 4.34
32.818824 4.34
32.834824 4.34
32.859932 4.34
32.870823 4.34
32.901057 4.34
32.911932 4.34
32.947309 4.34
32.963309 4.34
32.988825 4.34
33.004825 4.34
33.031685 4.34
33.042588 4.34
33.072933 4.34
33.083826 4.34
33.114059 4.34
33.124826 4.34
33.160310 4.34
33.176314 4.34
33.201827 4.34
33.217826 4.34
33.242934 4.34
33.253809 4.34
33.285686 4.34
33.296462 4.34
33.326826 4.34
33.337578 4.34
33.369687 4.34
33.380464 4.34
33.410936 4.34
33.421828 4.34
33.453716 4.34
33.464465 4.34
33.500186 4.34
33.512687 4.34
33.541465 4.34
33.552349 4.34
33.582828 4.34
33.598827 4.34
33.623828 4.34
33.634706 4.34
33.666688 4.34
33.677591 4.34
33.707830 4.34
33.718579 4.34
33.750689 4.34
33.761467 4.34
33.791831 4.34
33.802580 4.34
33.838315 4.34
33.849189 4.34
33.879831 4.34
33.890579 4.34
33.926315 4.34
33.937189 4.34
33.967832 4.34
33.978582 4.34
34.010691 4.02
34.021467 4.34
34.051832 4.34
34.062583 4.34
34.094691 4.34
34.105581 4.34
34.135941 4.34
34.146832 4.34
34.178566 4.34
34.189317 4.34
34.219942 4.34
34.230831 4.34
34.266067 4.34
34.276942 4.34
34.307192 4.34
34.323067 4.34
34.348472 4.34
34.359193 4.34
34.389835 4.34
34.400586 4.34
34.430818 4.34
34.441711 4.34
34.471943 4.34
34.482836 4.34
34.518193 4.34
34.534194 4.02
34.559473 4.34
34.570320 4.34
34.600944 4.34
34.611837 4.34
34.647070 4.34
34.657945 4.34
34.688349 4.34
34.699195 4.34
34.729587 4.34
34.745600 4.34
34.770946 4.34
34.781838 4.34
34.817322 4.34
34.828195 4.34
34.858838 4.34
34.869589 4.34
34.899946 4.34
34.910821 4.34
34.946196 4.34
34.962323 4.34
34.987475 4.34
34.998324 4.34
35.028947 4.34
35.039840 4.34
35.075072 4.34
35.085948 4.34
35.116197 4.34
35.132198 4.34
35.157477 4.34
35.168198 4.34
35.198840 4.34
35.209592 4.34
35.245326 4.34
35.256199 4.34
35.286842 4.34
35.297589 4.34
35.333199 4.34
35.349200 4.34
35.374479 4.34
35.385326 4.34
35.415950 4.34
35.426842 4.34
35.462075 4.34
35.472951 4.34
35.503200 4.34
35.519076 4.34
35.544606 4.34
35.560844 4.34
35.585951 4.34
35.596841 4.34
35.632201 4.34
35.648201 4.34
35.673481 4.34
35.684328 4.34
35.714952 4.34
35.725844 4.34
35.761077 4.34
35.771953 4.34
35.802203 4.34
35.818203 4.34
35.843482 4.34
35.854329 4.34
35.884953 4.34
35.895845 4.34
35.931079 4.34
35.941829 4.34
35.972204 4.34
35.988079 4.34
36.013606 4.34
36.029606 4.34
36.056580 4.34
36.067484 4.34
36.099581 4.34
36.110331 4.34
36.140830 4.34
36.151597 4.34
36.183581 4.34
36.194331 4.34
36.226581 4.34
36.237489 4.02
36.269582 4.34
36.280332 4.34
36.312582 4.34
36.323349 4.02
36.355583 4.34
36.366348 4.02
36.396848 4.34
36.407599 4.34
36.443334 4.34
36.454208 4.34
36.484611 4.34
36.500848 4.34
36.527583 4.34
36.538487 4.34
36.574083 4.34
36.586584 4.34
36.615208 4.34
36.631209 4.34
36.656486 4.34
36.672488 4.34
36.697851 4.34
36.708727 4.02
36.739084 4.34
36.751615 4.34
36.780363 4.34
36.791210 4.34
36.821852 4.34
36.832727 4.34
36.863085 4.34
36.875604 4.34
36.904211 4.34
36.915086 4.34
36.945489 4.34
36.957961 4.34
36.991961 4.34
37.002853 4.34
37.038086 4.34
37.054212 4.34
37.079212 4.34
37.095212 4.34
37.120492 4.34
37.136616 4.34
37.163464 4.34
37.174339 4.34
37.204853 4.02
37.215606 4.34
37.251088 4.02
37.267213 4.34
37.292213 4.34
37.308213 4.02
37.333479 4.34
37.349493 4.34
37.374854 4.34
37.385606 4.34
37.421089 4.34
37.437215 4.34
37.462215 4.34
37.478215 4.34
37.503480 4.34
37.519369 4.34
37.544857 4.34
37.555607 4.34
37.585965 4.34
37.596840 4.34
37.626966 4.02
37.637841 4.34
37.667966 4.34
37.678841 4.34
37.708966 4.34
37.719841 4.34
37.749967 4.34
37.760842 4.34
37.790967 4.34
37.801842 4.34
37.831967 4.34
37.842843 4.34
37.872967 4.34
37.883843 4.34
37.913967 4.34
37.924842 4.34
37.954968 4.34
37.965843 4.34
37.995968 4.34
38.006843 4.34
38.036969 4.34
38.047844 4.34
38.077969 4.34
38.088844 4.34
38.118969 4.34
38.129845 4.34
38.159970 4.34
38.170845 4.34
38.200969 4.34
38.211845 4.34
38.241970 4.34
38.252845 4.34
38.282970 4.34
38.293845 4.02
38.323971 4.34
38.334846 4.34
38.364971 4.34
38.375846 4.34
38.406220 4.34
38.417096 4.34
38.447626 4.34
38.458471 4.34
38.493972 4.34
38.504847 4.34
38.534972 4.34
38.545847 4.34
38.575973 4.34
38.586848 4.34
38.616973 4.34
38.627848 4.34
38.657973 4.34
38.668848 4.34
38.698973 4.34
38.709848 4.34
38.739974 4.34
38.750849 4.34
38.780974 4.34
38.791849 4.34
38.821974 4.34
38.832850 4.34
38.862974 4.34
38.873850 4.34
38.903975 4.34
38.914849 4.34
38.945100 4.34
38.961100 4.34
38.986225 4.34
38.996975 4.34
39.027476 4.34
39.043353 4.34
39.068868 4.34
39.079618 4.34
39.109976 4.34
39.120852 4.34
39.150976 4.34
39.161852 4.34
39.191977 4.34
39.202852 4.34
39.232978 4.34
39.243852 4.34
39.274103 4.34
39.290102 4.34
39.315228 4.34
39.325977 4.34
39.356631 4.34
39.367355 4.34
39.403228 4.34
39.413979 4.34
39.444632 4.34
39.455355 4.34
39.491104 4.34
39.507104 4.34
39.532355 4.34
39.543230 4.34
39.575480 4.34
39.586355 4.34
39.616871 4.34
39.627622 4.34
39.658105 4.34
39.674105 4.34
39.699357 4.34
39.711981 4.34
39.740481 4.34
39.756481 4.34
39.781633 4.34
39.792357 4.34
39.828231 4.34
39.838981 4.34
39.869636 4.34
39.880500 4.34
39.916232 4.34
39.926982 4.34
39.957636 4.34
39.968498 4.34
40.004108 4.34
40.020108 4.34
40.048513 4.34
40.064359 4.34
40.095108 4.34
40.111108 4.34
40.139511 4.34
40.155502 4.34
40.186109 4.34
40.201984 4.34
40.230501 4.34
40.246500 4.34
40.271752 4.34
40.282502 4.34
40.312860 4.34
40.323752 4.02
40.353985 4.02
40.370110 4.34
40.395110 4.34
40.405861 4.34
40.436362 4.34
40.452361 4.34
40.483111 4.34
40.493861 4.34
40.524392 4.34
40.540516 4.34
40.565754 4.34
40.576502 4.34
40.606987 4.34
40.623112 4.34
40.648112 4.34
40.658987 4.34
40.689364 4.34
40.705508 4.34
40.736113 4.34
40.746863 4.34
40.777365 4.34
40.793507 4.34
40.824114 4.34
40.834863 4.34
40.865394 4.34
40.881517 4.34
40.912114 4.34
40.922864 4.34
40.953383 4.34
40.969507 4.34
40.994644 4.34
41.005519 4.34
41.035990 4.34
41.052115 4.02
41.077115 4.02
41.087991 4.34
41.118241 4.34
41.129116 4.34
41.159646 4.34
41.170368 4.34
41.200991 4.34
41.217116 4.34
41.242116 4.34
41.252991 4.34
41.283368 4.34
41.299519 4.34
41.330117 4.34
41.340867 4.34
41.371369 4.34
41.387520 4.34
41.412648 4.34
41.423522 4.34
41.453993 4.34
41.470118 4.34
41.495118 4.34
41.505993 4.34
41.536369 4.34
41.552521 4.34
41.577648 4.34
41.588370 4.02
41.618994 4.34
41.635119 4.34
41.660120 4.34
41.670869 4.34
41.701245 4.34
41.711994 4.34
41.742648 4.34
41.753371 4.34
41.783871 4.34
41.794638 4.34
41.824871 4.34
41.835638 4.34
41.865871 4.34
41.876639 4.34
41.906871 4.34
41.917639 4.34
41.947871 4.34
41.958640 4.34
41.988872 4.34
41.999639 4.34
42.029997 4.34
42.046122 4.34
42.071122 4.34
42.081873 4.34
42.112248 4.34
42.122998 4.34
42.155377 4.34
42.166248 4.34
42.198377 4.34
42.209248 4.34
42.239654 4.34
42.250529 4.34
42.280873 4.34
42.291639 4.34
42.321999 4.34
42.338124 4.34
42.363125 4.34
42.373874 4.34
42.404376 4.34
42.420375 4.34
42.451125 4.34
42.462000 4.02
42.492376 4.34
42.508530 4.02
42.539126 4.34
42.550001 4.34
42.580377 4.34
42.596529 4.34
42.627126 4.34
42.637876 4.02
42.668377 4.34
42.684530 4.34
42.711256 4.34
42.722002 4.34
42.754257 4.34
42.765002 4.02
42.800896 4.34
42.813257 4.34
42.842128 4.34
42.853003 4.34
42.883380 4.34
42.899531 4.34
42.926259 4.34
42.937003 4.34
42.972896 4.34
42.985258 4.34
43.014129 4.34
43.024879 4.34
43.055254 4.34
43.067645 4.34
43.098260 4.34
43.109005 4.34
43.144897 4.34
43.157260 4.34
43.186130 4.34
43.197005 4.34
43.227382 4.34
43.238256 4.34
43.273896 4.34
43.289897 4.34
43.315131 4.34
43.326006 4.34
43.356383 4.34
43.367257 4.34
43.403132 4.34
43.414006 4.34
43.444400 4.34
43.455257 4.34
43.485899 4.34
43.501900 4.34
43.527133 4.34
43.538008 4.34
43.568258 4.34
43.584258 4.34
43.614899 4.34
43.630900 4.34
43.656134 4.34
43.667009 4.34
43.697385 4.34
43.708259 4.34
43.743902 4.34
43.759902 4.34
43.785135 4.34
43.796010 4.34
43.826386 4.34
43.837260 4.34
43.867540 4.34
43.878386 4.34
43.908903 4.34
43.924903 4.34
43.950136 4.34
43.960886 4.34
43.991387 4.34
44.002261 4.34
44.037904 4.34
44.053903 4.34
44.079137 4.34
44.089886 4.34
44.120388 4.34
44.131262 4.34
44.161540 4.34
44.172388 4.34
44.202906 4.02
44.218905 4.34
44.244138 4.34
44.255013 4.34
44.285389 4.34
44.296263 4.34
44.331907 4.34
44.347907 4.34
44.373139 4.02
44.384014 4.02
44.414390 4.34
44.425264 4.02
44.460907 4.02
44.476907 4.34
44.502140 4.34
44.512890 4.34
44.543392 4.34
44.554265 4.34
44.589907 4.34
44.605907 4.34
44.631141 4.34
44.642016 4.34
44.672392 4.34
44.683266 4.34
44.718908 4.34
44.734907 4.34
44.760141 4.34
44.771016 4.34
44.801393 4.34
44.812267 4.34
44.847910 4.34
44.863911 4.02
44.889142 4.34
44.900018 4.34
44.930395 4.34
44.941268 4.34
44.976912 4.34
44.992911 4.34
45.018144 4.34
45.029019 4.34
45.059269 4.34
45.075269 4.34
45.105910 4.34
45.121912 4.34
45.147144 4.34
45.159662 4.34
45.188396 4.34
45.199270 4.02
45.234913 4.34
45.250911 4.34
45.276145 4.34
45.287020 4.34
45.317397 4.34
45.328271 4.34
45.363912 4.34
45.379913 4.34
45.405146 4.34
45.417664 4.34
45.446397 4.34
45.457271 4.34
45.492914 4.34
45.508914 4.34
45.534147 4.34
45.546539 4.34
45.580177 4.34
45.590898 4.34
45.623178 4.34
45.634023 4.34
45.670023 4.34
45.680916 4.34
45.711149 4.34
45.723539 4.34
45.752274 4.34
45.768274 4.34
45.798917 4.34
45.814916 4.34
45.840149 4.34
45.852541 4.34
45.881400 4.34
45.892275 4.34
45.922679 4.34
45.933401 4.34
45.964026 4.34
45.974900 4.34
46.005150 4.34
46.021150 4.34
46.046276 4.34
46.057026 4.34
46.092919 4.02
46.103666 4.34
46.133901 4.34
46.144669 4.34
46.174902 4.34
46.185667 4.34
46.215902 4.34
46.226670 4.34
46.257027 4.34
46.272902 4.02
46.298152 4.34
46.310543 4.34
46.339403 4.34
46.350278 4.34
46.380670 4.34
46.396796 4.34
46.421904 4.34
46.432671 4.34
46.463029 4.34
46.473904 4.34
46.504153 4.34
46.520154 4.34
46.545405 4.34
46.556279 4.02
46.586685 4.34
46.602670 4.34
46.627905 4.34
46.638671 4.34
46.668905 4.34
46.679673 4.34
46.710030 4.34
46.720799 4.34
46.751156 4.34
46.767156 4.34
46.792407 4.34
46.803156 4.34
46.833686 4.34
46.849796 4.34
46.875032 4.34
46.885798 4.34
46.916157 4.34
46.932157 4.34
46.957408 4.34
46.968157 4.34
46.998800 4.34
47.014798 4.34
47.039908 4.34
47.050682 4.34
47.080909 4.34
47.091676 4.34
47.121909 4.34
47.132675 4.34
47.163034 4.34
47.173801 4.34
47.204159 4.34
47.220159 4.02
47.245409 4.34
47.256160 4.34
47.286677 4.34
47.302675 4.34
47.328035 4.34
47.338800 4.34
47.369160 4.34
47.385035 4.34
47.410411 4.34
47.421161 4.34
47.456677 4.34
47.468563 4.34
47.497911 4.34
47.508678 4.34
47.539036 4.34
47.549804 4.02
47.580162 4.34
47.596162 4.34
47.626805 4.34
47.642804 4.34
47.667912 4.34
47.678679 4.34
47.709038 4.34
47.719934 4.34
47.755921 4.02
47.766920 4.34
47.799176 4.34
47.810178 4.34
47.840825 4.34
47.851819 4.34
47.882465 4.34
47.893460 4.34
47.924044 4.34
47.936576 4.34
47.970935 4.34
47.981917 4.34
48.012300 4.34
48.023166 4.34
48.053682 4.34
48.069808 4.34
48.095040 4.68
48.105931 4.34
48.136826 4.68
48.147831 4.34
48.178462 4.34
48.189308 4.68
48.220045 4.34
48.232689 4.34
48.261304 4.34
48.272168 4.34
48.302572 4.34
48.315173 4.34
48.343917 4.34
48.354683 4.34
48.385043 4.34
48.397465 4.34
48.431807 4.34
48.447942 4.68
48.473480 5.00
48.484468 5.00
48.515048 5.00
48.527603 5.00
48.561812 5.00
48.572608 5.00
48.603299 5.00
48.614170 5.00
48.644812 5.00
48.655599 5.00
48.686044 5.00
48.698448 5.00
48.727170 5.00
48.743170 5.00
48.773813 5.00
48.784572 5.00
48.815046 5.00
48.831045 5.00
48.856171 5.00
48.867046 5.00
48.902814 5.00
48.913574 5.00
48.943921 5.00
48.954814 5.00
48.985047 5.00
49.001047 5.00
49.026172 5.00
49.037047 5.00
49.072813 5.00
49.083577 5.00
49.114048 5.00
49.126453 5.00
49.155173 5.00
49.166048 5.00
49.201816 5.00
49.212575 5.00
49.242924 5.00
49.253813 5.00
49.284049 5.00
49.299924 5.00
49.325174 5.00
49.336049 5.00
49.371817 5.00
49.382577 5.00
49.413050 5.00
49.429050 5.00
49.454175 5.00
49.464925 5.00
49.500691 5.00
49.516580 5.00
49.541926 5.00
49.552817 5.00
49.582926 5.00
49.593818 5.00
49.623927 5.00
49.634817 5.00
49.664926 5.00
49.675817 5.00
49.706052 5.00
49.721927 5.00
49.747177 5.00
49.757927 5.00
49.793582 5.00
49.804304 5.00
49.834928 5.00
49.845818 5.00
49.875928 5.00
49.886819 5.00
49.916928 5.00
49.927821 5.00
49.958054 5.00
49.973929 5.00
49.999179 5.00
50.009929 5.00
50.045582 5.00
50.056304 5.00
50.086929 5.00
50.097821 5.00
50.128055 5.00
50.143930 5.00
50.169180 5.00
50.180055 5.00
50.215583 5.00
50.226308 5.00
50.256931 5.00
50.272823 5.00
50.297931 5.00
50.308823 5.00
50.338932 5.00
50.349824 5.00
50.379932 5.00
50.390822 5.00
50.420932 5.00
50.431807 5.00
50.461932 5.00
50.472807 5.00
50.503183 5.00
50.513933 5.00
50.549587 5.00
50.560308 5.00
50.590933 5.00
50.601823 5.00
50.631934 5.00
50.642824 5.00
50.672934 5.00
50.683809 5.00
50.714059 5.00
50.730059 5.00
50.755184 5.00
50.766059 5.00
50.801587 5.00
50.812311 5.00
50.842828 5.00
50.853580 5.00
50.883935 5.00
50.896465 5.00
50.925061 5.00
50.941061 5.00
50.966186 5.00
50.977061 5.00
51.012591 5.00
51.028591 5.00
51.053937 5.00
51.066464 5.00
51.095062 5.00
51.111062 5.00
51.136187 5.00
51.147062 5.00
51.177592 5.00
51.193589 5.00
51.218937 5.00
51.231314 5.00
51.259938 5.00
51.272314 5.00
51.301063 5.00
51.317063 5.00
51.343948 5.00
51.354831 5.00
51.384939 5.00
51.397350 5.00
51.426064 5.00
51.436939 5.00
51.467189 5.00
51.478064 5.00
51.508594 5.00
51.524581 5.00
51.549832 5.00
51.560581 5.00
51.590940 5.00
51.603317 5.00
51.631940 5.00
51.644317 5.00
51.672941 5.00
51.685317 5.00
51.714066 5.00
51.730066 5.00
51.755191 5.00
51.765942 5.00
51.796595 5.00
51.812459 5.00
51.837942 5.00
51.850319 5.00
51.879068 5.00
51.894942 5.00
51.920193 5.00
51.931068 5.00
51.961597 5.00
51.977472 5.00
52.002836 5.00
52.013587 5.00
52.044068 5.00
52.059944 5.00
52.085194 5.00
52.096069 5.00
52.131596 5.00
52.147471 5.00
52.172836 5.00
52.183585 5.00
52.213945 5.00
52.229945 5.00
52.254945 5.00
52.270820 5.00
52.295945 5.00
52.311946 5.00
52.337070 5.00
52.347821 5.00
52.383473 5.00
52.399475 5.00
52.424572 5.00
52.440476 5.00
52.465947 5.00
52.481947 5.00
52.506947 5.00
52.522822 5.00
52.548072 5.00
52.563947 5.00
52.589197 5.00
52.600073 5.00
52.635601 5.00
52.651475 5.00
52.676948 5.00
52.692823 5.00
52.717948 5.00
52.733823 5.00
52.758948 5.00
52.774948 5.00
52.799949 5.00
52.815824 5.00
52.840949 5.00
52.856824 5.00
52.881950 5.00
52.897950 5.00
52.922950 5.00
52.938950 5.00
52.963950 5.00
52.979951 5.00
53.004950 5.00
53.020950 5.00
53.045950 5.00
53.061951 5.00
53.086951 5.00
53.102826 5.00
53.127951 5.00
53.143827 5.00
53.168952 5.00
53.184952 5.00
53.209952 5.00
53.225952 5.00
53.250952 5.00
53.266952 5.00
53.291952 5.00
53.307828 5.00
53.333078 5.00
53.343828 5.00
53.375955 5.00
53.386845 5.00
53.417078 5.00
53.427954 5.00
53.459954 5.00
53.470847 5.00
53.500954 5.00
53.516954 5.00
53.541954 5.00
53.557829 5.00
53.582955 5.00
53.598830 5.00
53.623955 5.00
53.639830 5.00
53.664955 5.00
53.680830 5.00
53.705955 5.00
53.721831 5.00
53.746955 5.00
53.762831 5.00
53.787956 5.00
53.803831 5.00
53.828956 5.00
53.844957 5.00
53.869956 5.00
53.885957 5.00
53.910957 5.00
53.926832 5.00
53.951957 5.00
53.967832 5.00
53.992957 5.00
54.008957 5.00
54.033958 5.00
54.049958 5.00
54.074958 5.00
54.090834 5.00
54.115958 5.00
54.131833 5.00
54.156959 5.00
54.167834 5.00
54.197959 5.00
54.208834 5.00
54.238959 5.00
54.249834 5.00
54.279959 5.00
54.290834 5.00
54.320960 5.00
54.331835 5.00
54.362085 5.00
54.372960 5.00
54.408336 5.00
54.424336 5.00
54.449851 5.00
54.465851 5.00
54.490836 5.00
54.503211 5.00
54.531836 5.00
54.547836 5.00
54.572837 5.00
54.588851 5.00
54.613837 5.00
54.629837 5.00
54.654837 5.00
54.667212 5.00
54.695837 5.00
54.708212 5.00
54.736854 5.00
54.752854 5.00
54.777838 5.00
54.793838 5.00
54.818838 5.00
54.834838 5.00
54.859838 5.00
54.875853 5.00
54.900839 5.00
54.916964 5.00
54.941839 5.00
54.957839 5.00
54.982840 5.00
54.998840 5.00
55.023840 5.00
55.039840 5.00
55.064840 5.00
55.080840 5.00
55.105840 5.00
55.121840 5.00
55.146840 5.00
55.162859 5.00
55.187841 5.00
55.203966 5.00
55.228841 5.00
55.244841 5.00
55.269842 5.00
55.285842 5.00
55.310842 5.00
55.326858 5.00
55.351842 5.00
55.367860 5.00
55.392843 5.00
55.408857 5.00
55.433843 5.00
55.449861 5.00
55.474843 5.00
55.490968 5.00
55.515843 5.00
55.531861 5.00
55.556844 5.00
55.572860 5.00
55.597844 5.00
55.613861 5.00
55.638844 5.00
55.654861 5.00
55.679844 5.00
55.695844 5.00
55.720845 5.00
55.736863 5.00
55.761845 5.00
55.777970 5.00
55.802845 5.00
55.818846 5.00
55.843846 5.00
55.859846 5.00
55.884846 5.00
55.900846 5.00
55.925846 5.00
55.941846 5.00
55.966846 5.35
55.982846 5.00
56.007847 5.00
56.023862 5.00
56.048847 5.00
56.064972 5.00
56.089848 5.00
56.105848 5.00
56.130848 5.00
56.146848 5.00
56.171848 5.00
56.187849 5.00
56.212848 5.00
56.228848 5.00
56.253849 5.00
56.269849 5.00
56.294849 5.00
56.310849 5.00
56.335849 5.00
56.351975 5.00
56.376850 5.00
56.392850 5.00
56.417868 5.00
56.433850 5.00
56.458975 5.00
56.469850 5.00
56.499975 5.00
56.510850 5.00
56.540976 5.00
56.551851 5.00
56.581975 5.00
56.592851 5.00
56.622976 5.00
56.633743 5.00
56.663976 5.00
56.674852 5.00
56.704977 5.00
56.715852 5.00
56.745977 5.00
56.756852 5.00
56.786977 5.00
56.797852 5.00
56.833228 5.00
56.843978 5.00
56.874632 5.00
56.885478 5.00
56.915978 5.00
56.926854 5.00
56.958730 5.00
56.969631 5.00
56.999979 5.00
57.010854 5.00
57.046229 5.00
57.056980 5.00
57.087633 5.00
57.098480 5.00
57.128855 5.00
57.139623 5.00
57.169855 5.00
57.180624 5.00
57.210981 5.00
57.221856 5.00
57.257231 5.00
57.268106 5.00
57.298633 5.00
57.309387 5.00
57.339981 5.00
57.350856 5.00
57.386231 5.00
57.396982 5.00
57.427634 5.00
57.438509 5.00
57.468982 5.00
57.479857 5.00
57.515232 5.00
57.525983 5.00
57.556637 5.00
57.567500 5.00
57.597858 5.00
57.608625 5.00
57.638858 5.00
57.649624 5.00
57.679983 5.00
57.690859 5.00
57.726234 5.00
57.737109 5.00
57.767638 5.00
57.778499 5.00
57.808985 5.00
57.819860 5.00
57.855235 5.00
57.865985 5.00
57.896639 5.00
57.907362 5.00
57.937986 5.00
57.948861 5.00
57.984236 5.00
57.994985 5.00
58.025638 5.00
58.036363 5.00
58.066861 5.00
58.077628 5.00
58.107987 5.00
58.118862 5.00
58.154237 5.00
58.164987 5.00
58.195643 5.00
58.206365 5.00
58.236988 5.00
58.247863 5.00
58.283238 5.00
58.293988 5.00
58.324757 5.00
58.340882 5.00
58.365864 5.00
58.376629 5.00
58.406880 5.00
58.417632 5.00
58.447865 5.00
58.458630 5.00
58.488865 5.00
58.499630 5.00
58.529990 5.00
58.540865 5.00
58.576240 5.00
58.586990 5.00
58.617642 5.00
58.630116 5.00
58.658866 5.00
58.669632 5.00
58.699991 5.00
58.710866 5.00
58.746241 5.00
58.762241 5.00
58.787759 5.00
58.803884 5.00
58.828885 5.00
58.844883 5.00
58.869992 5.00
58.880867 5.00
58.916242 5.00
58.926993 5.00
58.957647 5.00
58.970243 5.00
58.998868 5.00
59.009637 5.00
59.039993 5.00
59.050869 5.00
59.086243 5.00
59.098745 5.00
59.127647 5.00
59.140119 5.00
59.168994 5.00
59.179887 5.00
59.215245 5.00
59.227746 5.00
59.256760 5.00
59.272636 5.00
59.297887 5.00
59.308760 5.00
59.344246 5.00
59.354996 5.00
59.385651 5.00
59.398246 5.00
59.426996 5.00
59.437886 5.00
59.473246 5.00
59.489247 5.00
59.514764 5.00
59.530887 5.00
59.555890 5.00
59.566765 5.00
59.602247 5.00
59.614764 5.00
59.643764 5.00
59.659890 5.00
59.684890 5.00
59.695640 5.00
59.731248 5.00
59.743625 5.00
59.772651 5.00
59.784999 5.00
59.813999 5.00
59.824874 5.00
59.860249 5.00
59.872626 5.00
59.901653 5.00
59.917517 5.00
59.943000 5.00
59.953875 5.00
59.989250 5.00
60.005126 5.00
60.030518 5.00
60.041377 5.00
60.071892 5.00
60.082641 5.00
60.112876 5.00
60.123641 5.00
60.154002 5.00
60.164877 5.00
60.200252 5.00
60.216127 5.00
60.241654 5.00
60.257657 5.00
60.283002 5.00
60.293877 5.00
60.329253 5.00
60.345128 5.00
60.370658 5.00
60.386657 5.00
60.412003 5.00
60.422878 5.00
60.458254 5.00
60.474253 5.00
60.499658 5.00
60.515658 5.00
60.541005 5.00
60.551879 5.00
60.587255 5.00
60.603129 5.00
60.628659 5.00
60.644897 5.00
60.669880 5.00
60.680648 5.00
60.710884 5.00
60.721647 5.00
60.752006 5.00
60.762881 5.00
60.798256 5.00
60.814131 5.00
60.839661 5.00
60.855661 5.00
60.880882 5.00
60.891649 5.00
60.922007 5.00
60.932882 5.00
60.968257 5.00
60.984258 5.00
61.009661 5.00
61.025536 5.00
61.051008 5.00
61.061883 5.00
61.097258 5.00
61.113133 5.00
61.138662 5.00
61.154661 5.00
61.180010 5.00
61.190884 5.00
61.226259 5.00
61.242134 5.00
61.267661 5.00
61.283538 5.00
61.309009 5.00
61.319885 5.00
61.355260 5.00
61.371260 5.00
61.396662 5.00
61.412539 5.00
61.438011 5.00
61.448886 5.00
61.484261 5.00
61.500136 5.00
61.525665 5.00
61.541541 5.00
61.568638 5.00
61.579387 5.00
61.609887 5.00
61.620654 5.00
61.652638 5.00
61.663388 5.00
61.695638 5.00
61.706388 5.00
61.738639 5.00
61.749540 5.00
61.779907 5.00
61.790656 5.00
61.822639 5.00
61.833540 5.00
61.863905 5.00
61.874655 5.00
61.906640 5.00
61.917390 5.00
61.947906 5.00
61.958656 5.00
61.990640 5.00
62.001390 5.00
62.037140 5.00
62.049641 5.00
62.078391 5.00
62.089265 5.00
62.119668 5.00
62.135545 5.00
62.162642 5.00
62.173392 5.00
62.205642 5.00
62.216392 5.00
62.252267 5.00
62.268141 5.00
62.293669 5.00
62.309545 5.00
62.336642 5.00
62.347393 5.00
62.383267 5.00
62.399142 5.00
62.424671 5.00
62.440544 5.00
62.471268 5.00
62.487143 5.00
62.512670 5.00
62.528545 5.00
62.555519 5.00
62.566394 5.00
62.596911 5.00
62.607659 5.00
62.638144 5.00
62.650549 5.00
62.679425 5.00
62.690269 5.00
62.720912 5.00
62.731787 5.00
62.762144 5.00
62.774538 5.00
62.803411 5.00
62.814270 5.00
62.844913 5.00
62.855661 5.00
62.891271 5.00
62.907146 5.00
62.932675 5.00
62.948676 5.00
62.979146 5.00
62.995147 5.00
63.020398 5.00
63.031272 5.00
63.061677 5.00
63.072551 5.00
63.108273 5.00
63.119022 5.00
63.149675 5.00
63.160399 5.00
63.196273 5.00
63.207023 5.00
63.237677 5.00
63.248553 5.00
63.284148 5.00
63.300149 5.00
63.325429 5.00
63.336274 5.00
63.366914 5.00
63.377792 5.00
63.408150 5.00
63.424024 5.00
63.449416 5.00
63.460274 5.00
63.490917 5.00
63.501790 5.00
63.532151 5.00
63.548150 5.00
63.573418 5.00
63.584276 5.00
63.614794 5.00
63.625543 5.00
63.655917 5.00
63.666791 5.00
63.702277 5.00
63.713152 5.00
63.743680 5.00
63.754403 5.00
63.790277 5.00
63.801152 5.00
63.831681 5.00
63.842404 5.00
63.878278 5.00
63.889153 5.00
63.919682 5.00
63.930405 5.00
63.966278 5.00
63.977153 5.00
64.007684 5.00
64.018405 5.00
64.054279 5.00
64.065029 5.00
64.095684 5.00
64.106558 5.00
64.142155 5.00
64.158280 5.00
64.183280 5.00
64.194030 5.00
64.224684 5.00
64.235406 5.00
64.271280 5.00
64.282156 5.00
64.312685 5.00
64.323561 5.00
64.359156 5.00
64.375156 5.00
64.400282 5.00
64.411032 5.00
64.441688 5.00
64.452408 5.00
64.488157 5.00
64.504282 5.00
64.529408 5.00
64.540158 5.00
64.570676 5.00
64.581561 5.00
64.617033 5.00
64.627800 5.00
64.658159 5.00
64.674158 5.00
64.702409 5.00
64.713159 5.00
64.743686 5.00
64.754409 5.00
64.790159 5.00
64.806159 5.00
64.831410 5.00
64.842160 5.00
64.872676 5.00
64.883565 5.00
64.919285 5.00
64.930035 5.00
64.960690 5.00
64.971564 5.00
65.007286 5.00
65.018036 5.00
65.048678 5.00
65.059411 5.00
65.095287 5.00
65.106036 5.00
65.136680 5.00
65.147412 5.00
65.183287 5.00
65.194037 5.00
65.224679 5.00
65.235413 5.00
65.267539 5.00
65.278413 5.00
65.310567 5.00
65.321296 5.00
65.353569 5.00
65.364414 5.00
65.396570 5.00
65.407414 5.00
65.443296 5.00
65.454164 5.00
65.484692 5.00
65.495415 5.00
65.531298 5.00
65.542040 5.00
65.572683 5.00
65.583415 5.00
65.614040 5.00
65.626445 5.00
65.655166 5.00
65.665916 5.00
65.696446 5.00
65.712567 5.00
65.739444 5.00
65.750299 5.00
65.786042 5.00
65.802042 5.00
65.827167 5.00
65.837917 5.00
65.868447 5.00
65.884446 5.00
65.915042 5.00
65.931167 5.00
65.956168 5.00
65.967043 5.00
65.997572 5.00
66.008301 5.00
66.044168 5.00
66.055043 5.00
66.085573 5.00
66.096447 5.00
66.132169 5.00
66.143045 5.00
66.173447 5.00
66.189572 5.00
66.220169 5.00
66.231045 5.00
66.261573 5.00
66.272298 5.00
66.308045 5.00
66.324171 5.00
66.349171 5.00
66.360046 5.00
66.390575 5.00
66.401450 5.00
66.437171 5.00
66.447921 5.00
66.478451 5.00
66.494450 5.00
66.525171 5.00
66.535922 5.00
66.566577 5.00
66.577301 5.00
66.613173 5.00
66.624048 5.00
66.654576 5.00
66.665301 5.00
66.701173 5.00
66.712048 5.00
66.742576 5.00
66.753451 5.00
66.789063 5.00
66.805173 5.00
66.830454 5.00
66.846578 5.00
66.877049 5.00
66.893174 5.00
66.918175 5.00
66.929050 5.00
66.959579 5.00
66.970454 5.00
67.006175 5.00
67.017050 5.00
67.047580 5.00
67.058455 5.00
67.094176 5.00
67.105051 5.00
67.135578 5.00
67.146305 5.00
67.182176 5.00
67.192927 5.00
67.223582 5.00
67.234456 5.00
67.270177 5.00
67.280927 5.00
67.311582 5.00
67.322458 5.00
67.358178 5.00
67.369053 5.00
67.399583 5.00
67.410305 5.00
67.446178 5.00
67.457053 5.00
67.487583 5.00
67.498457 5.00
67.534179 5.00
67.545054 5.00
67.575458 5.00
67.591458 5.00
67.622179 5.00
67.632930 5.00
67.663585 5.00
67.674459 5.00
67.710180 5.00
67.721055 5.00
67.751585 5.00
67.762457 5.00
67.798056 5.00
67.814055 5.00
67.839181 5.00
67.850056 5.00
67.880587 5.00
67.891308 5.00
67.927182 5.00
67.938057 5.00
67.968460 5.00
67.984460 5.00
68.015183 5.00
68.026057 5.00
68.056586 5.00
68.067462 5.00
68.103183 5.00
68.114058 5.00
68.144462 5.00
68.160587 5.00
68.191183 5.00
68.202059 5.00
68.232587 5.00
68.243464 5.00
68.279184 5.00
68.289934 5.00
68.320318 5.00
68.332826 5.00
68.361590 5.00
68.372464 5.00
68.408185 5.00
68.418935 5.00
68.449590 5.00
68.460465 5.00
68.496186 5.00
68.506936 5.00
68.537590 5.00
68.548312 5.00
68.578830 5.00
68.589577 5.00
68.620062 5.00
68.636187 5.00
68.661187 5.00
68.671937 5.00
68.702464 5.00
68.718464 5.00
68.743830 5.00
68.754579 5.00
68.785063 5.00
68.795938 5.00
68.826188 5.00
68.837063 5.00
68.867592 5.00
68.878468 5.00
68.908814 5.00
68.919581 5.00
68.949814 5.00
68.960581 5.00
68.990939 5.00
69.007065 5.00
69.032065 5.00
69.042940 5.00
69.073190 5.00
69.084065 5.00
69.114592 5.00
69.125317 5.00
69.155830 5.00
69.166583 5.00
69.197066 5.00
69.207941 5.00
69.238191 5.00
69.248941 5.00
69.279595 5.00
69.290469 5.00
69.320942 5.00
69.337067 5.00
69.362066 5.00
69.372817 5.00
69.403192 5.00
69.414067 5.00
69.444193 5.00
69.454943 5.00
69.485596 5.00
69.496472 5.00
69.526835 5.00
69.537584 5.00
69.567944 5.00
69.584069 5.00
69.609069 5.00
69.619944 5.00
69.650194 5.00
69.660944 5.00
69.691474 5.00
69.702321 5.00
69.732945 5.00
69.749069 5.00
69.773945 5.00
69.790070 5.00
69.814946 5.00
69.830946 5.00
69.855946 5.00
69.872071 5.00
69.897071 5.00
69.907821 5.00
69.938196 5.00
69.948946 5.00
69.979475 5.00
69.990323 5.00
70.020947 5.00
70.037071 5.00
70.062197 5.00
70.073071 5.00
70.103599 5.00
70.114324 5.00
70.144948 5.00
70.161073 5.00
70.186073 5.00
70.196948 5.00
70.227199 5.00
70.238073 5.00
70.268477 5.00
70.279325 5.00
70.309949 5.00
70.325949 5.00
70.350949 5.00
70.367074 5.00
70.391949 5.00
70.408074 5.00
70.432949 5.00
70.448950 5.00
70.473950 5.00
70.490075 5.00
70.515075 5.00
70.525951 5.00
70.556200 5.00
70.568841 5.00
70.597478 5.00
70.608201 5.00
70.644076 5.00
70.654827 5.00
70.685201 5.00
70.697843 5.00
70.726605 5.00
70.737328 5.00
70.767952 5.00
70.784077 5.00
70.809078 5.00
70.819952 5.00
70.850203 5.00
70.860952 5.00
70.893333 5.00
70.904203 5.00
70.940078 5.00
70.950832 5.00
70.981360 5.00
70.997481 5.00
71.024357 5.00
71.035204 5.00
71.071079 5.00
71.081829 5.00
71.112350 5.00
71.128482 5.00
71.159080 5.00
71.169955 5.00
71.200205 5.00
71.212598 5.00
71.241483 5.00
71.252205 5.00
71.288080 5.00
71.298831 5.00
71.329332 5.00
71.345332 5.00
71.376081 5.00
71.386831 5.00
71.417207 5.00
71.433351 5.00
71.460225 5.00
71.471207 5.00
71.506958 5.00
71.523082 5.00
71.548083 5.00
71.558958 5.00
71.589208 5.00
71.605352 5.00
71.630487 5.00
71.641352 5.00
71.671958 5.00
71.682849 5.00
71.713084 5.00
71.723834 5.00
71.754209 5.00
71.766600 5.00
71.800852 5.00
71.813214 5.00
71.842085 5.00
71.852960 5.00
71.883210 5.00
71.899210 5.00
71.924492 5.00
71.935337 5.00
71.965852 5.00
71.981850 5.00
72.007086 5.00
72.017961 5.00
72.048337 5.00
72.059211 5.00
72.094855 5.00
72.110855 5.00
72.136087 5.00
72.146837 5.00
72.177212 5.00
72.193212 5.00
72.218491 5.00
72.229339 5.00
72.259855 5.00
72.275852 5.00
72.300963 5.00
72.311838 5.00
72.341963 5.00
72.352838 5.00
72.382964 5.00
72.393838 5.00
72.423964 5.00
72.434839 5.00
72.465089 5.00
72.475839 5.00
72.506215 5.00
72.522214 5.00
72.547491 5.00
72.558215 5.00
72.588856 5.00
72.604858 5.00
72.629965 5.00
72.640840 5.00
72.670965 5.00
72.681841 5.00
72.712091 5.00
72.722841 5.00
72.753216 5.00
72.769216 5.00
72.794466 5.00
72.805217 5.00
72.840860 5.00
72.856859 5.00
72.881967 5.00
72.892842 5.00
72.922967 5.00
72.933842 5.00
72.963968 5.00
72.974843 5.00
73.004968 5.00
73.015843 5.00
73.045969 5.00
73.056843 5.00
73.086968 5.00
73.097843 5.00
73.127968 5.00
73.138844 5.00
73.168969 5.00
73.179844 5.00
73.209969 5.00
73.220844 5.00
73.250970 5.00
73.261845 5.00
73.292095 5.00
73.302845 5.00
73.333346 5.00
73.344221 5.00
73.380096 5.00
73.392612 5.00
73.424471 5.00
73.435221 5.00
73.470862 5.00
73.486864 5.00
73.511972 5.00
73.522847 5.00
73.553097 5.00
73.563847 5.00
73.594348 5.00
73.605222 5.00
73.635865 5.00
73.651863 5.00
73.676972 5.00
73.687848 5.00
73.717973 5.00
73.728848 5.00
73.758973 5.00
73.769848 5.00
73.799974 5.00
73.810849 5.00
73.840974 5.00
73.851849 5.00
73.881974 5.00
73.892850 5.00
73.922974 5.00
73.933849 5.00
73.963975 5.00
73.974850 5.00
74.004975 5.00
74.015850 5.00
74.045975 5.00
74.056851 5.00
74.086976 5.00
74.097851 5.00
74.127976 5.00
74.138851 5.00
74.168977 5.00
74.179851 5.00
74.209976 5.00
74.220852 5.00
74.250977 5.00
74.261852 5.00
74.291977 5.00
74.302852 5.00
74.333102 5.00
74.345478 5.00
74.374228 5.00
74.384978 5.00
74.420870 5.00
74.431621 5.00
74.462103 5.00
74.477978 5.00
74.503354 5.00
74.514229 5.00
74.544870 5.00
74.555621 5.00
74.586104 5.00
74.601980 5.00
74.627229 5.00
74.637980 5.00
74.673980 5.00
74.684872 5.00
74.715105 5.00
74.727481 5.00
74.756357 5.00
74.767231 5.00
74.797875 5.00
74.808623 5.00
74.839106 5.00
74.855106 5.00
74.880358 5.00
74.891232 5.00
74.921872 5.00
74.932625 5.00
74.963107 5.00
74.978982 5.00
75.004555 4.68
75.020869 4.34
75.046117 4.34
75.062367 4.34
75.092988 4.34
75.103988 4.34
75.139756 4.34
75.155751 4.34
75.180985 4.34
75.191860 4.34
75.222234 4.34
75.232985 4.34
75.268877 4.34
75.279624 4.34
75.310234 4.34
75.326389 4.34
75.354876 4.34
75.365769 4.34
75.396535 4.34
75.407527 4.34
75.438115 4.34
75.454239 4.34
75.484989 4.34
75.495863 4.34
75.526382 4.34
75.537495 4.34
