0.000000 0.000000
0.041824 4.34
0.058071 4.34
0.083464 4.34
0.094463 3.01
0.130487 2.66
0.141608 2.66
0.177464 2.66
0.188493 2.66
0.219069 2.66
0.230068 2.66
0.260580 2.66
0.271332 2.66
0.303850 2.66
0.314689 2.66
0.345342 2.66
0.361328 2.66
0.386705 2.66
0.399216 2.66
0.427937 2.66
0.438813 2.66
0.474340 2.66
0.485063 2.66
0.515702 2.66
0.528217 2.66
0.556938 2.66
0.567689 2.66
0.599840 2.66
0.610703 2.66
0.646341 2.66
0.658841 2.66
0.687704 2.66
0.700215 2.66
0.728939 2.66
0.739690 2.66
0.770507 2.66
0.781479 2.66
0.812088 2.66
0.823090 2.66
0.853844 2.66
0.875611 2.66
0.886738 2.66
0.922514 2.66
0.933737 2.66
0.969476 2.66
0.980614 4.34
1.011091 4.34
1.022088 4.34
1.052588 4.02
1.063587 4.34
1.099196 4.34
1.109946 4.34
1.140460 4.34
1.151348 4.34
1.181695 4.34
1.197586 4.34
1.222694 4.34
1.235069 4.34
1.263693 4.34
1.276069 4.34
1.304694 4.34
1.320586 4.34
1.345694 4.34
1.361587 4.34
1.386695 4.34
1.402584 4.34
1.427837 4.34
1.443958 4.34
1.474220 4.34
1.485105 4.34
1.515832 4.34
1.532092 4.34
1.557496 4.34
1.568479 4.34
1.598954 4.34
1.609955 4.34
1.640470 4.34
1.651474 4.34
1.681950 4.68
1.692825 4.68
1.723478 4.68
1.734353 4.68
1.764823 4.68
1.780824 4.68
1.805948 5.00
1.816698 4.68
1.852348 5.00
1.868199 5.00
1.893464 5.00
1.904199 5.00
1.934699 4.68
1.950587 5.00
1.975824 5.00
1.992101 5.00
2.017478 5.00
2.028475 5.00
2.059102 5.00
2.069954 5.00
2.100598 5.00
2.111472 5.00
2.147203 4.68
2.157952 5.00
2.188356 5.00
2.204355 5.00
2.229595 5.00
2.240355 5.00
2.275966 5.00
2.286964 5.00
2.317615 5.00
2.330252 5.00
2.359095 4.68
2.369957 5.00
2.400491 5.00
2.411376 5.00
2.441830 5.00
2.457954 5.00
2.482954 5.00
2.493829 5.00
2.524359 5.00
2.540358 5.00
2.565704 4.68
2.581704 4.68
2.606953 5.00
2.617848 5.35
2.648503 5.35
2.659502 5.69
2.691765 5.69
2.702711 5.69
2.738474 5.69
2.749475 5.69
2.779833 6.01
2.795832 6.01
2.820957 5.69
2.831832 5.69
2.862361 6.01
2.878360 5.69
2.903707 6.01
2.919706 6.01
2.944832 5.69
2.960841 6.01
2.989483 6.01
3.000481 6.01
3.036091 6.01
3.046961 6.01
3.077603 6.01
3.090089 6.01
3.118834 6.01
3.129601 6.01
3.161738 6.01
3.172600 6.01
3.204739 6.01
3.215599 12.32
3.247740 6.01
3.258599 6.36
3.290739 6.01
3.301600 6.36
3.333737 12.32
3.344600 12.32
3.376741 6.01
3.387600 6.01
3.423088 6.36
3.435740 6.01
3.464602 6.01
3.477089 6.01
3.507742 6.01
3.518604 6.36
3.550616 6.01
3.561603 0.05
3.591836 0.05
3.602712 6.01
3.634618 12.32
3.645365 0.05
3.675837 6.01
3.686605 6.01
3.722093 6.01
3.734616 6.01
3.763605 6.01
3.779604 6.01
3.804713 0.05
3.815605 6.01
3.845714 6.36
3.856605 0.05
3.886714 6.01
3.897606 6.01
3.927839 12.32
3.938714 6.01
3.974093 6.01
3.986618 6.36
4.015607 6.01
4.031605 6.36
4.056840 6.01
4.067606 6.01
4.103093 6.01
4.119092 6.01
4.144608 6.01
4.160609 6.01
4.185716 6.01
4.201608 12.32
4.226716 6.01
4.237591 6.01
4.267841 6.01
4.278607 6.01
4.314093 6.36
4.338608 6.36
4.354717 0.05
4.379717 12.32
4.395610 12.32
4.420843 0.05
4.431717 6.01
4.467096 12.32
4.483095 6.01
4.508372 6.01
4.519095 6.01
4.549718 6.01
4.565719 6.01
4.590719 6.01
4.601609 6.01
4.631719 6.01
4.642612 6.01
4.672845 0.05
4.683719 6.01
4.719103 6.01
4.735102 0.05
4.760611 0.05
4.776613 0.05
4.801720 12.32
4.817721 12.32
4.842721 6.01
4.853596 12.32
4.883846 12.32
4.894611 12.32
4.930101 6.01
4.946251 6.01
4.971613 6.01
4.987614 6.01
5.012598 6.01
5.028597 6.01
5.053598 6.01
5.069615 6.01
5.094598 6.01
5.110723 6.01
5.135598 6.01
5.151616 6.01
5.176598 6.01
5.192616 6.01
5.217615 6.01
5.233614 6.01
5.258599 6.01
5.274614 6.01
5.299724 6.01
5.315600 6.01
5.340724 6.01
5.351600 6.01
5.381850 12.32
5.392600 6.36
5.428135 12.32
5.444134 6.01
5.469618 6.01
5.485616 0.05
5.510601 0.05
5.526617 6.01
5.551601 12.32
5.567618 6.01
5.592601 6.01
5.608617 6.01
5.633727 12.32
5.649727 0.05
5.674727 0.05
5.685602 0.05
5.715727 6.01
5.726602 12.32
5.756727 6.01
5.767620 12.32
5.797853 0.05
5.808728 0.05
5.844104 6.01
5.860104 12.32
5.885621 12.32
5.901729 6.36
5.926604 6.01
5.942621 6.01
5.967604 12.32
5.983619 12.32
6.008729 12.32
6.019604 6.36
6.049730 0.05
6.060605 6.36
6.090730 6.01
6.101605 0.05
6.131731 12.32
6.142623 6.36
6.172731 6.01
6.183606 6.36
6.213730 6.36
6.224606 6.01
6.254731 6.01
6.265606 0.05
6.295857 6.01
6.306607 6.01
6.342108 6.36
6.358111 6.36
6.383631 0.05
6.399624 6.01
6.424732 6.36
6.435608 6.01
6.465732 6.36
6.476608 0.05
6.506733 0.05
6.517608 0.05
6.547734 6.36
6.558627 6.36
6.588734 6.36
6.599624 6.36
6.629734 6.36
6.640624 6.36
6.675984 12.32
6.686735 6.36
6.717262 0.05
6.727985 6.36
6.758627 6.36
6.774625 6.01
6.799736 6.01
6.810626 0.05
6.840736 6.01
6.851611 6.36
6.881736 6.01
6.892611 6.01
6.922736 6.01
6.933612 0.05
6.963736 6.36
6.974611 6.36
7.004737 6.36
7.015612 6.36
7.045737 6.36
7.056612 6.36
7.086862 0.05
7.097613 6.36
7.133114 6.01
7.149117 0.05
7.174630 6.36
7.190631 12.32
7.215614 12.32
7.226379 6.01
7.256739 6.36
7.267629 0.05
7.297739 6.01
7.308632 6.36
7.338864 12.32
7.349739 6.36
7.385115 6.36
7.401118 6.01
7.426632 6.01
7.442632 12.32
7.467740 6.36
7.478615 6.36
7.508741 6.36
7.519616 6.36
7.549741 0.05
7.560631 6.36
7.590741 6.36
7.601616 6.36
7.631741 12.32
7.642617 12.32
7.672742 6.36
7.683617 6.36
7.713742 12.32
7.724617 6.36
7.754742 6.36
7.765617 6.36
7.795743 6.36
7.806618 6.36
7.836743 6.36
7.847618 6.36
7.877868 6.36
7.888743 0.05
7.924119 0.05
7.940123 6.36
7.965273 6.36
7.976120 6.36
8.006744 6.36
8.017636 0.05
8.047745 12.32
8.058620 6.36
8.088745 6.36
8.099620 6.36
8.131496 6.36
8.142398 6.36
8.172746 6.36
8.183636 6.36
8.215496 6.36
8.226398 0.05
8.256637 6.36
8.267389 0.05
8.297747 6.36
8.308621 12.32
8.338747 6.36
8.349622 0.05
8.384997 0.05
8.395748 6.36
8.426276 6.01
8.437124 6.36
8.467748 6.36
8.478623 6.36
8.513998 6.36
8.529998 0.05
8.555282 12.32
8.566125 6.36
8.596639 6.36
8.612641 0.05
8.637624 6.36
8.648390 0.05
8.678624 6.36
8.689390 6.36
8.719624 6.01
8.730392 6.36
8.760625 0.05
8.771390 6.36
8.801625 6.36
8.812393 6.36
8.842626 12.32
8.853393 6.36
8.883626 6.36
8.894394 6.36
8.926503 6.36
8.937405 6.36
8.967643 0.05
8.978392 6.36
9.010503 6.36
9.021407 6.36
9.051644 6.36
9.062395 6.36
9.094504 6.36
9.105518 0.05
9.135627 6.36
9.146396 6.36
9.176628 6.36
9.187396 6.36
9.217628 6.36
9.228396 6.36
9.258629 6.36
9.269522 6.36
9.299645 6.36
9.310396 0.05
9.340629 6.36
9.351394 6.36
9.381644 12.32
9.392394 6.01
9.427880 6.36
9.438630 6.36
9.469005 6.01
9.481381 6.36
9.510410 6.36
9.526649 6.36
9.551647 6.36
9.562523 6.36
9.592631 6.36
9.603522 6.36
9.633631 6.36
9.644523 6.36
9.674632 6.36
9.685399 6.36
9.715632 6.01
9.726399 6.01
9.756632 0.05
9.767399 6.36
9.797633 0.05
9.808400 6.36
9.838633 12.32
9.849402 12.32
9.879634 6.36
9.890398 6.36
9.920633 6.36
9.931400 6.36
9.961634 6.36
9.972403 6.36
10.002634 0.05
10.013399 6.36
10.043635 6.36
10.054402 0.05
10.084635 0.05
10.095402 6.36
10.125635 6.36
10.136400 6.36
10.166635 6.36
10.177402 6.36
10.207636 0.05
10.218403 6.36
10.248636 6.36
10.259401 6.36
10.289636 6.36
10.300404 0.05
10.330636 6.36
10.341404 0.05
10.371637 6.36
10.382403 12.32
10.412637 6.36
10.423405 12.32
10.453638 6.36
10.464404 6.36
10.494638 6.36
10.505406 6.36
10.535638 6.36
10.546406 6.36
10.576638 6.36
10.587407 6.36
10.617639 6.36
10.628404 12.32
10.658639 6.36
10.669407 6.36
10.699639 0.05
10.710407 6.36
10.740640 6.36
10.751407 6.01
10.783391 12.32
10.794141 6.36
10.824765 6.36
10.835640 0.05
10.871015 0.05
10.886891 6.36
10.912418 6.36
10.928420 6.36
10.955393 12.32
10.966142 6.36
10.996657 12.32
11.007410 12.32
11.043017 0.05
11.058892 6.01
11.084421 6.36
11.100419 6.36
11.127394 6.36
11.138268 12.32
11.168657 0.05
11.179411 12.32
11.215018 6.36
11.230893 6.36
11.256423 0.05
11.272268 6.36
11.299394 12.32
11.310162 6.36
11.342395 6.36
11.353162 6.36
11.385396 6.36
11.396163 6.36
11.428395 0.05
11.439287 6.36
11.469662 6.36
11.480410 6.36
11.512396 12.32
11.523176 6.36
11.553663 6.36
11.564538 0.05
11.596428 6.36
11.607175 12.32
11.643021 12.32
11.653896 6.36
11.684540 6.36
11.695290 6.01
11.730897 6.36
11.743428 6.36
11.772179 0.05
11.783022 6.36
11.813665 6.36
11.824541 6.36
11.856399 6.36
11.867165 12.32
11.899417 6.36
11.910290 6.36
11.946024 6.36
11.961898 6.36
11.987540 6.36
11.998291 0.05
12.034024 12.32
12.049899 12.32
12.075430 6.36
12.091429 6.36
12.122025 6.36
12.138024 6.36
12.163429 12.32
12.179290 6.36
12.210025 6.36
12.220901 12.32
12.251543 6.36
12.262291 6.01
12.297901 6.36
12.313901 6.36
12.339152 6.36
12.350026 6.36
12.380668 6.36
12.391417 0.05
12.427027 6.36
12.437902 6.36
12.468545 6.36
12.479295 6.36
12.515028 6.36
12.525903 12.32
12.556432 6.36
12.567296 6.36
12.603028 12.32
12.613778 6.36
12.644433 6.36
12.655308 6.36
12.691029 0.05
12.701779 6.36
12.732431 6.36
12.743156 6.36
12.779030 6.36
12.789780 6.36
12.820433 6.36
12.831297 6.36
12.867030 12.32
12.877780 0.05
12.908434 6.36
12.919298 6.36
12.955031 12.32
12.965781 6.36
12.996434 6.36
13.007158 6.36
13.042906 6.36
13.059032 0.05
13.084158 6.36
13.095032 6.36
13.125437 6.36
13.136309 6.36
13.172033 6.36
13.182908 6.36
13.213549 6.36
13.224550 6.36
13.260033 12.32
13.270783 6.36
13.301437 6.36
13.312312 6.36
13.347909 6.36
13.363909 6.36
13.389160 6.36
13.400034 6.36
13.430302 6.36
13.446300 6.36
13.471675 0.05
13.482550 6.36
13.518035 0.05
13.528910 6.36
13.559439 6.36
13.570316 6.36
13.605911 6.36
13.622036 6.36
13.650163 6.36
13.661036 6.36
13.691678 6.36
13.702428 6.36
13.732912 6.36
13.748912 6.36
13.774163 6.36
13.785037 0.05
13.815442 0.05
13.826314 6.36
13.862038 6.36
13.872787 6.36
13.903442 6.36
13.914318 12.32
13.949788 6.01
13.960664 6.36
13.990914 6.36
14.006914 6.01
14.035166 12.32
14.046039 6.36
14.076443 6.36
14.087318 0.05
14.123040 6.36
14.133915 6.36
14.164443 6.36
14.175319 12.32
14.211040 0.05
14.221791 6.36
14.252444 0.05
14.263320 6.36
14.298916 6.36
14.315041 6.36
14.343319 6.36
14.359307 6.36
14.386323 0.05
14.397168 12.32
14.429322 6.36
14.440197 6.36
14.476043 6.36
14.487042 6.36
14.517445 6.36
14.528196 6.36
14.564043 6.36
14.574918 12.32
14.605574 0.05
14.616323 6.36
14.652044 6.01
14.662794 6.01
14.693449 6.36
14.704323 6.36
14.739920 6.36
14.756045 6.36
14.784324 12.32
14.800437 6.36
14.827172 6.36
14.838045 6.36
14.868449 6.36
14.879323 12.32
14.914920 6.36
14.931045 0.05
14.959325 0.05
14.975438 0.05
15.005921 6.01
15.022046 6.36
15.050326 0.05
15.066449 12.32
15.093174 6.36
15.104047 6.36
15.134451 6.36
15.145326 6.36
15.175673 6.36
15.186563 6.36
15.216673 6.36
15.227440 12.32
15.257673 6.36
15.268566 0.05
15.298924 6.36
15.309799 6.36
15.340175 6.36
15.352674 6.36
15.381566 6.36
15.392316 0.05
15.422799 6.36
15.438925 6.01
15.463925 6.36
15.474675 6.36
15.505177 0.05
15.517675 6.36
15.551926 12.32
15.562801 12.32
15.593205 6.36
15.609329 6.36
15.639926 6.36
15.650676 6.36
15.681207 6.36
15.697329 6.36
15.727927 6.36
15.738677 6.36
15.769208 0.05
15.785331 6.01
15.815927 12.32
15.826678 6.36
15.857179 0.05
15.873178 6.36
15.903928 0.05
15.914803 6.36
15.945053 12.32
15.955803 6.36
15.986458 6.36
15.997333 6.36
16.027678 12.32
16.038446 0.05
16.068804 0.05
16.084929 6.36
16.109930 6.36
16.120679 6.36
16.151181 6.36
16.167180 6.36
16.197930 6.36
16.208680 6.36
16.239055 6.36
16.249805 6.36
16.280459 6.36
16.291337 0.05
16.321681 6.36
16.332450 6.36
16.362807 6.36
16.378932 12.32
16.403932 6.36
16.414807 6.36
16.445210 6.36
16.461336 6.36
16.491932 6.36
16.502807 6.36
16.533058 0.05
16.543808 6.36
16.574459 6.36
16.585185 6.36
16.615683 6.36
16.626452 6.36
16.656684 6.36
16.667451 6.36
16.697809 6.36
16.713933 6.36
16.738934 12.32
16.749809 12.32
16.780186 0.05
16.796336 6.01
16.821463 6.01
16.832337 12.32
16.862810 6.36
16.878810 12.32
16.903935 0.05
16.914685 12.32
16.945187 6.36
16.961338 6.36
16.986463 6.36
16.997187 6.36
17.027686 6.36
17.038454 6.36
17.068812 0.05
17.084937 6.36
17.109937 6.36
17.120687 6.36
17.151189 6.36
17.167341 6.36
17.192577 6.36
17.203331 6.36
17.233688 12.32
17.244583 6.36
17.274704 0.05
17.287192 6.36
17.315939 0.05
17.326689 6.36
17.357064 6.36
17.369689 6.36
17.400194 6.36
17.411064 6.36
17.443220 6.36
17.454064 12.32
17.489940 6.36
17.500814 6.36
17.531065 6.01
17.543690 6.36
17.574222 6.36
17.585065 0.05
17.620941 6.36
17.631691 6.36
17.662220 6.36
17.678345 6.36
17.708941 6.36
17.719691 6.36
17.750223 12.32
17.766343 6.36
17.796942 12.32
17.807692 6.36
17.838193 6.36
17.854220 6.36
17.884711 6.01
17.897096 6.36
17.925943 6.36
17.936818 6.36
17.967222 6.36
17.983348 6.36
18.013818 6.36
18.029819 6.36
18.054943 6.36
18.065694 6.36
18.096194 6.36
18.106944 6.36
18.142820 12.32
18.153587 6.36
18.183945 6.36
18.194820 6.36
18.225196 6.36
18.235945 12.32
18.266351 6.36
18.277070 6.36
18.307588 6.36
18.318338 6.36
18.348696 6.36
18.364697 6.36
18.389822 6.36
18.400588 6.36
18.430947 6.36
18.441822 6.36
18.472072 12.32
18.488072 6.36
18.518716 6.36
18.534716 6.36
18.560073 6.36
18.576073 6.36
18.609823 6.36
18.620590 6.36
18.650948 6.36
18.661823 6.36
18.692351 6.36
18.703199 12.32
18.733589 6.36
18.744341 6.36
18.774824 6.36
18.785589 6.36
18.815950 6.36
18.826825 6.36
18.857355 6.36
18.868200 6.36
18.898592 6.36
18.909354 6.36
18.939825 6.36
18.950590 6.36
18.980951 6.36
18.991826 6.36
19.022353 0.05
19.033201 0.05
19.063591 12.32
19.074355 6.36
19.104827 6.36
19.115595 0.05
19.145952 6.36
19.156702 6.36
19.187354 6.36
19.198085 6.36
19.228592 12.32
19.239355 6.36
19.269828 0.05
19.280595 6.36
19.310953 0.05
19.321703 6.36
19.352356 6.36
19.363085 12.32
19.393704 6.36
19.409704 6.36
19.434704 0.05
19.450704 0.05
19.475704 12.32
19.491705 6.36
19.516705 6.36
19.532721 6.36
19.557705 6.36
19.573705 6.36
19.598830 6.36
19.609597 0.05
19.639956 12.32
19.650706 12.32
19.681235 6.36
19.692084 0.05
19.722721 6.36
19.738832 6.36
19.763957 6.36
19.774707 6.36
19.805359 6.36
19.816085 6.36
19.846707 6.36
19.862832 6.36
19.887708 6.36
19.903832 6.36
19.928708 6.36
19.944833 6.36
19.969708 6.36
19.985833 0.05
20.010833 6.36
20.021600 6.36
20.051959 6.36
20.064602 6.36
20.093236 6.36
20.104088 6.36
20.136102 6.36
20.146959 6.36
20.182835 6.36
20.193710 6.36
20.223960 6.36
20.236604 6.36
20.267107 12.32
20.278090 6.36
20.313836 6.36
20.324711 6.36
20.354961 6.36
20.367601 6.36
20.398105 6.36
20.408962 6.36
20.441117 6.36
20.451962 6.36
20.483992 6.36
20.494712 6.36
20.526993 6.36
20.537837 12.32
20.573838 6.36
20.584713 6.36
20.614963 6.36
20.627367 6.36
20.661605 6.36
20.673992 12.32
20.702714 6.01
20.718839 12.32
20.743714 6.36
20.759839 6.01
20.784839 6.36
20.795714 6.36
20.825965 12.32
20.838366 6.36
20.868995 6.36
20.879840 6.36
20.911995 12.32
20.922716 6.36
20.958608 6.36
20.970997 12.32
20.999841 12.32
21.010609 6.36
21.040966 6.36
21.053371 12.32
21.082244 0.05
21.093092 6.36
21.123717 6.36
21.134607 6.36
21.164842 6.36
21.175717 6.36
21.205967 6.36
21.221968 6.36
21.247248 6.36
21.258095 12.32
21.288733 6.36
21.299610 6.36
21.329968 12.32
21.345968 0.05
21.371245 6.36
21.382094 12.32
21.412486 6.36
21.423246 6.36
21.453719 0.05
21.464611 6.36
21.494845 6.36
21.505609 6.36
21.535970 6.36
21.551970 6.01
21.577250 6.36
21.587970 12.32
21.618613 6.36
21.634613 6.36
21.659721 12.32
21.670613 6.01
21.700721 6.36
21.711611 6.36
21.741721 12.32
21.752613 6.36
21.782847 0.05
21.793722 6.36
21.823972 0.05
21.839972 12.32
21.868099 12.32
21.878973 6.36
21.914848 0.05
21.925723 0.05
21.955973 6.36
21.971973 0.05
21.997253 0.05
22.008100 6.36
22.038616 6.36
22.054616 0.05
22.079724 0.05
22.090614 6.36
22.120849 6.01
22.131600 0.05
22.161974 6.36
22.177974 6.36
22.208725 6.36
22.219616 6.01
22.249851 6.01
22.260726 6.01
22.290975 6.36
22.306976 6.36
22.332101 0.05
22.342976 6.01
22.378851 6.36
22.389727 6.36
22.419976 6.36
22.435852 0.05
22.461255 6.36
22.471977 6.36
22.502619 6.01
22.518619 0.05
22.543727 6.36
22.554620 6.01
22.584728 6.36
22.595617 6.36
22.625728 6.36
22.636619 6.36
22.666728 6.36
22.677604 6.36
22.707728 6.36
22.718618 6.36
22.748729 6.36
22.759604 6.36
22.789729 6.36
22.800604 6.36
22.830730 6.36
22.841605 12.32
22.871730 6.36
22.882621 6.36
22.912730 6.36
22.923605 6.36
22.953730 6.36
22.964606 6.36
22.994731 6.36
23.005620 6.36
23.035731 6.36
23.046606 6.36
23.076731 6.36
23.087607 12.32
23.117732 6.36
23.128607 6.36
23.158732 6.36
23.169607 6.36
23.199732 6.36
23.210608 6.36
23.240732 6.36
23.251607 6.36
23.281858 6.36
23.294385 6.36
23.322983 6.36
23.338983 6.36
23.365863 6.36
23.376733 6.36
23.406984 6.36
23.422984 6.36
23.453734 6.36
23.464610 12.32
23.494859 6.36
23.507264 6.36
23.536110 12.32
23.546985 0.05
23.577628 6.36
23.593628 0.05
23.618735 6.36
23.629627 0.05
23.659735 6.36
23.670611 6.36
23.700736 0.05
23.711611 6.36
23.741736 6.36
23.752611 6.36
23.782737 6.36
23.793612 6.36
23.823862 6.36
23.836265 6.36
23.864987 0.05
23.875737 6.36
23.911379 6.36
23.922113 6.36
23.952738 6.36
23.963631 12.32
23.993738 6.36
24.004613 6.36
24.034739 6.36
24.045613 12.32
24.075739 12.32
24.086614 6.36
24.116739 6.36
24.127614 6.36
24.157739 6.36
24.168614 6.36
24.198740 6.36
24.209615 6.36
24.239740 6.36
24.250615 6.36
24.280740 0.05
24.291616 6.36
24.321740 6.36
24.332615 12.32
24.362866 6.36
24.378866 6.36
24.403991 6.36
24.414741 6.36
24.450506 6.36
24.466509 6.36
24.491617 6.36
24.502509 6.36
24.532742 6.36
24.543617 6.36
24.573742 6.36
24.584618 6.36
24.614868 6.36
24.630743 12.32
24.655993 6.36
24.666868 6.36
24.702633 6.36
24.713384 6.36
24.743743 6.36
24.754619 0.05
24.784744 0.05
24.795619 6.36
24.825744 6.36
24.836620 6.36
24.866869 6.36
24.882745 6.36
24.907995 12.32
24.918870 12.32
24.954638 6.36
24.965385 6.36
24.995745 6.36
25.006621 6.01
25.036746 0.05
25.047621 0.05
25.077746 0.05
25.088621 6.36
25.118871 12.32
25.134747 0.05
25.159997 6.01
25.170872 0.05
25.206514 12.32
25.222515 0.05
25.247747 12.32
25.258622 6.01
25.288873 0.05
25.304748 6.01
25.329873 0.05
25.345748 0.05
25.370998 12.32
25.381748 12.32
25.417389 6.01
25.428154 6.36
25.458624 6.36
25.469516 6.36
25.499624 6.36
25.510393 12.32
25.540640 6.36
25.551392 6.36
25.581750 6.36
25.592625 0.05
25.622750 6.36
25.633625 6.36
25.663751 0.05
25.674626 6.36
25.704751 12.32
25.715626 6.36
25.745751 6.36
25.756626 6.36
25.786751 6.36
25.797626 6.36
25.827752 6.36
25.838627 6.36
25.868752 6.36
25.879627 6.36
25.909752 6.36
25.922253 12.32
25.950752 0.05
25.963253 6.36
25.991753 6.36
26.004253 6.36
26.032753 6.36
26.045253 6.36
26.073754 6.36
26.086254 0.05
26.114754 12.32
26.125629 0.05
26.155754 0.05
26.168130 6.01
26.196755 0.05
26.209130 12.32
26.237755 6.36
26.250130 12.32
26.278755 6.36
26.291131 12.32
26.319755 6.01
26.332131 6.36
26.360755 12.32
26.373132 0.05
26.401756 0.05
26.414132 6.36
26.442756 12.32
26.455162 6.36
26.483757 6.36
26.496133 0.05
26.524757 0.05
26.537150 12.32
26.565757 12.32
26.578133 6.01
26.606758 6.36
26.622633 6.36
26.647758 6.36
26.660149 6.36
26.688758 6.36
26.704633 6.36
26.729758 0.05
26.742136 0.05
26.770883 12.32
26.786759 6.36
26.812009 0.05
26.822759 6.36
26.858402 6.36
26.870770 6.36
26.899653 6.36
26.910402 6.36
26.940760 6.36
26.956635 6.01
26.981760 0.05
26.997635 6.36
27.022761 6.36
27.038636 6.36
27.063761 6.36
27.079636 0.05
27.104761 6.36
27.120636 6.36
27.145887 6.36
27.161761 6.36
27.192261 6.36
27.203012 6.36
27.233654 6.36
27.244404 6.36
27.274655 6.36
27.285530 6.36
27.315763 0.05
27.331638 6.36
27.356763 12.32
27.372638 6.36
27.397763 0.05
27.413639 6.36
27.438764 6.36
27.454639 6.36
27.479764 6.01
27.495764 6.36
27.520889 0.05
27.536765 6.36
27.562015 6.36
27.572765 6.36
27.603419 6.36
27.619406 6.36
27.644766 0.05
27.660640 0.05
27.685891 12.32
27.696641 0.05
27.732281 0.05
27.743016 12.32
27.773659 6.36
27.784406 12.32
27.814641 6.01
27.825407 6.36
27.855642 12.32
27.866407 6.36
27.896767 0.05
27.912642 6.36
27.937893 6.36
27.948642 6.36
27.984285 12.32
28.000285 6.36
28.025768 6.36
28.041643 6.36
28.066893 6.36
28.077643 6.36
28.113534 6.36
28.124284 0.05
28.154644 6.36
28.165409 6.36
28.195645 6.36
28.206412 6.01
28.236770 12.32
28.252644 6.01
28.277895 6.36
28.288644 12.32
28.324286 6.36
28.335020 0.05
28.365663 0.05
28.378146 0.05
28.406896 6.01
28.417645 6.36
28.453300 6.36
28.469288 0.05
28.494771 6.36
28.510771 6.36
28.535772 6.36
28.551772 6.36
28.576897 6.36
28.587772 0.05
28.623291 6.36
28.639291 6.36
28.664663 12.32
28.677179 6.36
28.705898 0.05
28.716774 0.05
28.752291 6.01
28.764804 6.36
28.793665 12.32
28.806179 6.36
28.834774 12.32
28.850774 0.05
28.875899 12.32
28.886775 12.32
28.922303 6.36
28.938294 0.05
28.963775 6.36
28.979650 6.36
29.004900 6.36
29.015650 6.36
29.051303 6.36
29.063652 12.32
29.092776 12.32
29.108651 6.36
29.133901 6.36
29.144776 0.05
29.176682 0.05
29.187542 6.01
29.217901 6.36
29.228652 6.36
29.260653 6.36
29.271545 6.36
29.301778 6.36
29.317778 6.36
29.342903 6.36
29.353653 12.32
29.389307 6.36
29.405297 6.36
29.430670 6.36
29.443029 6.36
29.471779 0.05
29.487654 6.01
29.512905 0.05
29.523779 6.36
29.559308 0.05
29.575297 0.05
29.600672 6.01
29.616655 0.05
29.641905 12.32
29.652780 0.05
29.688309 6.01
29.704298 0.05
29.729673 6.36
29.745673 0.05
29.770656 6.36
29.786673 12.32
29.811781 0.05
29.827656 6.36
29.852907 6.36
29.863656 6.36
29.899297 12.32
29.915173 6.36
29.940657 6.36
29.956672 6.36
29.981783 6.36
29.997658 6.36
30.022908 6.36
30.033783 6.36
30.069159 6.36
30.085159 0.05
30.110674 6.36
30.126676 0.05
30.151909 6.36
30.162784 6.36
30.198302 12.32
30.214302 12.32
30.239675 6.36
30.255675 12.32
30.280660 6.36
30.296785 12.32
30.321661 6.36
30.337660 6.36
30.362661 6.36
30.378660 6.36
30.403786 6.36
30.419786 6.36
30.444911 6.36
30.455661 6.36
30.491305 6.36
30.507190 6.36
30.532662 6.36
30.548787 6.36
30.573787 6.36
30.589662 0.05
30.614912 6.36
30.625787 6.36
30.661316 6.36
30.677316 6.36
30.702443 6.36
30.713317 6.36
30.743663 6.36
30.759664 0.05
30.784789 6.36
30.800664 6.36
30.825914 0.05
30.836789 6.36
30.872307 12.32
30.888308 6.36
30.913681 6.36
30.929682 6.36
30.954665 6.36
30.970665 6.36
30.995665 6.36
31.011665 6.36
31.036665 6.36
31.052791 6.36
31.077791 6.36
31.093666 6.36
31.120668 12.32
31.131433 6.36
31.161666 6.36
31.177666 6.36
31.202792 6.36
31.218792 6.36
31.245698 6.36
31.256559 6.36
31.287042 12.32
31.299668 6.36
31.328561 6.36
31.341043 6.36
31.369668 6.36
31.385686 6.36
31.410669 6.36
31.426668 0.05
31.451669 6.36
31.467669 6.36
31.492794 6.36
31.503669 0.05
31.535700 6.36
31.546559 0.05
31.578698 0.05
31.589560 0.05
31.621701 6.36
31.632560 6.36
31.664701 0.05
31.675562 6.36
31.707703 0.05
31.718564 6.36
31.754046 6.36
31.766689 12.32
31.795563 0.05
31.811688 6.36
31.836688 6.36
31.852688 0.05
31.877672 12.32
31.893672 6.36
31.918797 6.36
31.929672 6.36
31.965048 0.05
31.975797 6.01
32.006449 6.36
32.017174 6.36
32.047798 6.36
32.058673 6.36
32.094049 0.05
32.104798 6.36
32.135453 6.36
32.146328 6.36
32.176674 6.36
32.187565 6.36
32.217800 6.36
32.228675 6.36
32.264050 6.36
32.274799 6.36
32.305452 6.36
32.316176 12.32
32.346675 6.36
32.357442 6.36
32.387675 6.36
32.398444 6.36
32.428801 6.36
32.439676 12.32
32.475051 0.05
32.491051 6.36
32.516455 0.05
32.527178 6.36
32.557802 6.36
32.568694 0.05
32.604052 12.32
32.614802 6.36
32.645455 6.36
32.656179 12.32
32.686802 0.05
32.697678 6.36
32.733053 6.36
32.743803 6.36
32.774457 6.36
32.785338 6.36
32.815678 12.32
32.826446 6.36
32.856804 12.32
32.867680 12.32
32.903054 0.05
32.913804 0.05
32.944459 0.05
32.955334 6.36
32.985680 12.32
32.996447 6.36
33.026680 6.36
33.037447 0.05
33.067806 6.36
33.078681 6.36
33.114056 0.05
33.124931 12.32
33.155459 0.05
33.166337 6.36
33.196807 0.05
33.207682 0.05
33.243057 6.36
33.253932 12.32
33.284459 6.36
33.295183 6.36
33.325683 6.36
33.336448 6.36
33.366683 0.05
33.377451 6.01
33.407683 0.05
33.418448 6.01
33.448683 6.36
33.459575 12.32
33.489809 6.36
33.500684 6.01
33.536059 6.01
33.546810 6.36
33.577464 6.01
33.588339 12.32
33.618685 6.36
33.629452 6.36
33.659685 6.36
33.670450 6.36
33.700685 12.32
33.711453 6.01
33.741686 6.36
33.752454 6.36
33.782811 0.05
33.793686 6.36
33.829061 6.01
33.839936 6.36
33.870466 6.01
33.882936 12.32
33.911687 12.32
33.922454 6.36
33.952687 0.05
33.963454 6.36
33.993688 6.36
34.004456 12.32
34.034813 6.36
34.045688 6.36
34.081063 6.36
34.097063 0.05
34.122330 0.05
34.133190 0.05
34.163705 6.36
34.179689 6.36
34.210064 0.05
34.222565 6.36
34.251469 6.36
34.263939 6.36
34.292690 12.32
34.303455 6.36
34.333690 6.36
34.344457 6.36
34.374690 0.05
34.385456 6.36
34.415816 6.36
34.426690 6.36
34.462066 6.36
34.474585 6.36
34.503469 6.36
34.519343 6.36
34.544817 0.05
34.555585 6.36
34.591067 0.05
34.603596 6.01
34.632584 6.01
34.648585 6.36
34.673693 6.36
34.684458 6.36
34.714818 6.36
34.725584 12.32
34.761068 12.32
34.773445 6.36
34.802347 6.36
34.813194 12.32
34.843588 12.32
34.859459 6.01
34.884694 0.05
34.895586 6.36
34.925694 0.05
34.936588 6.36
34.966820 6.36
34.977587 12.32
35.013070 6.36
35.028945 6.36
35.054472 0.05
35.070349 6.36
35.095821 6.36
35.106588 12.32
35.142071 6.36
35.166476 12.32
35.182463 12.32
35.207821 0.05
35.218588 6.36
35.254071 12.32
35.278477 12.32
35.294352 6.01
35.319697 6.01
35.330465 6.01
35.360698 6.36
35.371463 6.36
35.401698 0.05
35.412463 0.05
35.442823 6.36
35.453589 6.36
35.489073 12.32
35.504949 0.05
35.530351 6.36
35.541074 6.36
35.571824 12.32
35.582590 6.36
35.618083 6.36
35.642479 6.36
35.661593 6.36
35.678477 6.36
35.703825 6.36
35.714593 6.36
35.750082 6.36
35.765951 6.36
35.791480 6.36
35.807469 6.36
35.832826 6.36
35.843594 0.05
35.879084 6.36
35.894952 6.36
35.920467 6.36
35.936354 6.36
35.961595 0.05
35.972356 6.36
36.002827 6.36
36.013594 12.32
36.049085 6.36
36.064953 6.36
36.090470 0.05
36.106357 0.05
36.131703 6.36
36.142471 6.36
36.172829 6.01
36.183704 6.36
36.219088 6.36
36.235087 6.36
36.260481 6.36
36.276358 6.01
36.301830 0.05
36.312597 12.32
36.348089 12.32
36.363955 0.05
36.389597 0.05
36.405598 6.36
36.430706 6.36
36.441596 6.01
36.473487 6.36
36.484235 6.36
36.516473 0.05
36.527361 6.36
36.557831 0.05
36.568706 0.05
36.604085 12.32
36.620085 6.36
36.645361 6.36
36.657957 12.32
36.686707 6.36
36.697601 6.36
36.729489 12.32
36.740362 6.36
36.772490 6.36
36.783360 6.36
36.815489 6.36
36.826363 0.05
36.858490 6.36
36.869363 6.36
36.901490 6.36
36.912237 12.32
36.944491 6.36
36.955364 6.36
36.987491 6.36
36.998239 6.36
37.030489 6.01
37.041365 6.36
37.073491 6.36
37.084238 0.05
37.120090 6.36
37.130961 6.36
37.161603 6.36
37.172366 6.36
37.202711 6.36
37.213604 6.36
37.245493 6.36
37.256363 6.36
37.288493 6.36
37.299367 12.32
37.334962 6.36
37.351091 6.36
37.376241 12.32
37.387091 12.32
37.417607 6.36
37.428366 6.36
37.464092 6.36
37.474963 0.05
37.505604 6.36
37.516367 6.36
37.551839 6.36
37.562714 6.36
37.592964 6.36
37.605369 0.05
37.634366 6.36
37.646840 0.05
37.675714 6.36
37.686607 6.36
37.722091 0.05
37.732965 6.01
37.763606 12.32
37.774371 6.36
37.804716 6.36
37.815591 6.36
37.851091 6.36
37.861966 0.05
37.892609 0.05
37.903368 6.36
37.938966 6.36
37.954967 6.36
37.983370 6.36
37.999372 0.05
38.024718 12.32
38.035611 6.01
38.070968 6.36
38.087094 6.36
38.112247 6.36
38.123094 6.01
38.153610 6.36
38.164373 0.05
38.200094 6.36
38.210969 6.36
38.241371 6.36
38.257246 6.36
38.282720 6.36
38.293611 6.36
38.328845 6.36
38.339612 6.36
38.369970 12.32
38.385845 6.36
38.411250 6.36
38.421970 12.32
38.452613 6.36
38.463363 6.01
38.499097 6.36
38.509971 6.36
38.540614 6.36
38.551369 6.36
38.581722 6.36
38.592597 6.36
38.628099 6.36
38.638972 12.32
38.669614 6.36
38.680365 6.36
38.716099 12.32
38.726973 0.05
38.757616 6.36
38.768364 6.36
38.798598 6.36
38.809364 6.36
38.839615 6.36
38.850365 6.36
38.886100 6.36
38.896974 0.05
38.927380 6.36
38.943253 6.36
38.968725 6.36
38.979617 6.36
39.014849 6.36
39.025600 6.36
39.055975 6.36
39.071975 6.36
39.097254 6.36
39.107976 6.36
39.138615 6.36
39.149368 6.36
39.185140 6.36
39.195976 6.36
39.226617 6.36
39.237495 6.36
39.269383 12.32
39.280261 6.36
39.312354 6.36
39.323256 6.36
39.353727 6.36
39.364620 12.32
39.399853 6.36
39.410603 12.32
39.440978 6.36
39.456853 6.36
39.482255 6.36
39.494728 6.36
39.525355 6.36
39.536105 6.01
39.568355 0.05
39.579256 6.36
39.611356 12.32
39.622106 6.36
39.654356 6.01
39.665258 12.32
39.697356 12.32
39.708259 6.36
39.740356 12.32
39.751107 6.36
39.783357 6.36
39.794107 6.36
39.824623 6.36
39.835373 6.36
39.865981 6.36
39.881981 6.36
39.907260 6.36
39.919732 6.36
39.950358 6.36
39.961108 6.36
39.991623 12.32
40.002374 12.32
40.037858 6.36
40.050359 6.36
40.078983 6.01
40.094858 0.05
40.120261 6.36
40.132858 6.36
40.166983 0.05
40.182983 12.32
40.208499 6.36
40.219262 6.36
40.254859 6.36
40.270984 6.36
40.296140 12.32
40.306984 12.32
40.337627 6.36
40.348503 6.36
40.378860 6.36
40.394985 6.36
40.419985 12.32
40.435985 6.36
40.461262 6.36
40.477264 0.05
40.502629 6.36
40.513378 6.36
40.543736 6.36
40.554611 0.05
40.584737 12.32
40.595611 6.36
40.625737 6.36
40.636612 6.36
40.666737 6.36
40.677612 0.05
40.707738 6.36
40.718613 6.36
40.748737 12.32
40.759613 6.36
40.789988 6.36
40.800863 0.05
40.831391 6.36
40.842115 12.32
40.877864 6.36
40.893864 6.36
40.918989 0.05
40.929739 6.36
40.960394 6.01
40.971116 6.36
41.006990 6.01
41.017865 6.01
41.048269 6.36
41.064266 6.36
41.094990 6.36
41.105865 0.05
41.136267 6.36
41.152392 6.36
41.182991 6.36
41.193991 6.36
41.224509 6.36
41.235398 6.36
41.265866 6.36
41.281866 6.36
41.306992 0.05
41.317866 12.32
41.348397 0.05
41.359271 6.36
41.394992 0.05
41.405743 0.05
41.436397 12.32
41.447273 6.36
41.482743 0.05
41.493619 6.01
41.523743 12.32
41.534618 6.36
41.564744 6.36
41.575619 6.36
41.605744 0.05
41.616619 0.05
41.646744 6.36
41.657619 12.32
41.687745 6.36
41.698620 6.36
41.728745 6.36
41.739620 6.36
41.769745 6.36
41.780620 6.01
41.810745 12.32
41.821621 6.36
41.851745 6.36
41.862621 12.32
41.892746 6.36
41.903621 12.32
41.933746 6.01
41.944622 6.36
41.974871 6.36
41.990872 6.36
42.016124 6.36
42.026997 6.36
42.057638 6.36
42.068388 6.36
42.098873 6.36
42.114998 6.36
42.139998 6.36
42.150873 6.36
42.181276 6.36
42.197402 6.36
42.227874 6.36
42.243999 6.36
42.268999 6.36
42.279874 6.36
42.310278 6.36
42.326401 6.36
42.356874 6.36
42.373000 12.32
42.398126 12.32
42.409000 6.36
42.441251 6.36
42.452126 6.36
42.482644 6.36
42.493392 0.05
42.523751 0.05
42.534626 6.36
42.564751 6.36
42.575626 6.36
42.605752 6.36
42.618270 6.36
42.646752 0.05
42.659253 12.32
42.687752 6.36
42.698627 6.36
42.728752 6.36
42.739627 0.05
42.769752 6.36
42.780628 6.36
42.810753 0.05
42.823254 0.05
42.851753 0.05
42.864255 6.36
42.892754 6.36
42.903629 6.36
42.933754 0.05
42.946255 12.32
42.974754 6.36
42.987256 12.32
43.015754 6.36
43.028256 6.36
43.056755 6.36
43.069257 6.36
43.097880 0.05
43.113755 6.01
43.142147 0.05
43.154647 6.36
43.185132 6.36
43.196006 6.36
43.228133 6.36
43.239007 6.36
43.274881 6.36
43.290882 6.36
43.316163 6.36
43.332162 6.36
43.362882 6.36
43.378882 6.36
43.404007 6.36
43.414882 6.36
43.445526 6.36
43.456523 6.36
43.486883 6.36
43.497633 6.36
43.528163 6.36
43.544258 6.36
43.574884 6.36
43.585634 6.36
43.616163 6.36
43.632259 6.36
43.662884 12.32
43.673634 6.36
43.704167 6.36
43.720165 6.36
43.750885 12.32
43.761635 6.36
43.792010 0.05
43.802760 0.05
43.833261 12.32
43.844011 0.05
43.879761 6.01
43.895886 12.32
43.920761 6.36
43.936886 0.05
43.961761 6.36
43.977887 6.36
44.002762 6.36
44.018887 0.05
44.043762 6.36
44.059887 0.05
44.084762 6.36
44.100763 6.36
44.125763 6.36
44.141888 6.36
44.166763 6.36
44.182888 12.32
44.207763 6.36
44.223889 6.36
44.248764 6.36
44.264889 6.36
44.289764 6.36
44.305764 6.36
44.330764 6.36
44.346890 6.36
44.371765 6.36
44.387889 6.36
44.412890 6.36
44.423640 6.36
44.454142 6.36
44.470141 6.36
44.500891 6.36
44.511640 6.36
44.542142 0.05
44.558266 6.36
44.583420 6.36
44.594266 6.36
44.624766 6.36
44.640767 6.36
44.665891 6.36
44.681892 6.36
44.710267 12.32
44.721017 6.36
44.756892 0.05
44.767643 0.05
44.798144 12.32
44.814144 6.36
44.844894 6.36
44.855643 6.36
44.886145 6.36
44.902269 6.36
44.927422 6.36
44.938269 6.36
44.968769 6.36
44.984894 6.36
45.009894 6.36
45.020644 6.36
45.051146 12.32
45.067289 6.36
45.097895 6.36
45.108645 6.36
45.139147 6.36
45.155288 6.36
45.185896 6.36
45.196645 6.36
45.227021 6.36
45.237771 6.36
45.268537 6.36
45.279301 6.36
45.309647 6.36
45.320415 6.36
45.350647 6.36
45.361414 12.32
45.391772 6.36
45.407897 6.36
45.432897 6.36
45.443772 6.36
45.474149 6.36
45.490291 6.36
45.515427 6.36
45.526300 12.32
45.556648 6.36
45.567416 6.36
45.597774 6.36
45.613899 6.36
45.638899 6.36
45.649774 6.36
45.680151 6.36
45.696151 6.36
45.726900 6.36
45.737649 6.36
45.768151 6.36
45.784151 6.36
45.814900 6.36
45.825650 6.36
45.856152 6.36
45.872152 6.36
45.902901 6.36
45.913651 6.36
45.944153 6.36
45.960303 6.36
45.987031 6.36
45.997901 6.36
46.028542 6.36
46.039295 6.36
46.069777 6.36
46.085902 6.36
46.110903 6.36
46.121653 6.36
46.152154 6.36
46.168296 6.36
46.198903 6.36
46.209653 6.36
46.240155 6.36
46.256155 6.36
46.283048 6.36
46.294029 6.36
46.329779 6.36
46.345904 6.36
46.370904 6.36
46.381655 0.05
46.412156 6.36
46.423030 6.36
46.458670 6.36
46.474671 6.36
46.499906 6.36
46.510656 6.36
46.541156 12.32
46.552030 6.36
46.587906 6.36
46.598655 12.32
46.629158 6.36
46.640032 6.36
46.675672 6.36
46.691674 12.32
46.716908 6.36
46.727782 6.36
46.758159 6.36
46.769032 6.36
46.804908 6.36
46.815657 6.36
46.846159 6.36
46.857033 6.36
46.892676 6.36
46.908676 6.36
46.933908 6.36
46.944659 6.36
46.975161 6.36
46.986034 6.36
47.021910 6.36
47.032784 6.36
47.063161 6.36
47.074034 6.36
47.109678 6.36
47.125678 6.36
47.150910 6.36
47.161661 0.05
47.192162 6.36
47.203035 6.36
47.238677 6.36
47.254678 6.36
47.280037 6.36
47.296180 6.36
47.326787 6.36
47.337679 6.36
47.367912 6.36
47.378662 6.36
47.409180 6.36
47.420037 6.36
47.455912 6.36
47.466788 6.36
47.497181 6.36
47.508038 6.36
47.538678 6.36
47.554678 6.36
47.579914 6.36
47.590789 0.05
47.621039 12.32
47.637039 6.36
47.667681 0.05
47.683681 6.36
47.708914 6.36
47.719789 6.36
47.750166 6.36
47.761040 6.36
47.796682 6.36
47.812680 12.32
47.837916 0.05
47.848666 12.32
47.879167 6.36
47.890041 6.36
47.925683 6.36
47.941684 6.36
47.966916 6.36
47.977791 6.36
48.008168 6.36
48.019041 6.36
48.054667 6.36
48.070685 6.36
48.095667 12.32
48.111683 6.36
48.136792 6.36
48.147668 6.36
48.177918 6.36
48.188793 6.36
48.219170 6.36
48.230043 0.05
48.265686 6.36
48.281683 6.36
48.306919 6.36
48.317669 6.36
48.348171 6.36
48.359044 6.36
48.394686 6.36
48.410687 0.05
48.435919 6.36
48.446795 6.36
48.477171 6.36
48.488045 12.32
48.523689 6.36
48.539687 6.01
48.564920 6.36
48.575796 6.36
48.606173 12.32
48.617046 6.36
48.647691 6.36
48.663688 6.36
48.688921 6.01
48.699797 6.01
48.730173 6.01
48.741047 12.32
48.776690 6.36
48.792687 6.36
48.817922 12.32
48.830315 12.32
48.859174 6.36
48.870048 6.36
48.905688 6.36
48.921690 6.36
48.946924 6.36
48.959317 6.36
48.988175 6.36
48.999049 6.36
49.034691 6.36
49.050691 0.05
49.075924 12.32
49.088315 6.36
49.121942 12.32
49.132800 12.32
49.168693 12.32
49.179443 0.05
49.209926 6.36
49.222316 0.05
49.251177 6.36
49.262051 6.36
49.292694 6.01
49.303566 12.32
49.333677 6.36
49.344570 6.36
49.374677 6.36
49.385571 6.36
49.415677 6.36
49.426570 6.36
49.456678 6.36
49.467567 6.36
49.497803 6.36
49.508678 6.36
49.538928 0.05
49.554803 6.36
49.580207 6.36
49.591053 6.36
49.621696 6.36
49.632444 6.36
49.662804 6.36
49.673679 6.36
49.703929 6.36
49.719929 6.36
49.745180 6.36
49.756054 12.32
49.786457 6.36
49.802572 0.05
49.827680 6.36
49.838445 6.36
49.868681 6.36
49.879446 6.36
49.909806 12.32
49.920681 6.36
49.950931 12.32
49.966931 0.05
50.000572 12.32
50.016573 6.36
50.041682 6.36
50.052447 12.32
50.082807 6.36
50.093573 6.36
50.123932 6.36
50.139932 0.05
50.165184 6.36
50.176058 6.36
50.206463 6.36
50.217184 6.36
50.247809 6.36
50.258683 6.36
50.288934 6.36
50.304934 6.36
50.330059 6.36
50.340934 12.32
50.376701 6.36
50.387452 6.36
50.417810 6.36
50.428685 6.36
50.458935 0.05
50.474935 6.36
50.500186 6.36
50.511060 6.36
50.541465 12.32
50.557453 12.32
50.582811 6.36
50.593686 0.05
50.623936 6.36
50.639811 6.36
50.665187 6.36
50.676061 12.32
50.706702 6.36
50.717455 6.36
50.747812 6.36
50.758687 6.36
50.788937 6.36
50.804937 12.32
50.830189 6.36
50.841063 6.36
50.876579 0.05
50.892578 6.36
50.917813 6.36
50.928688 6.36
50.958938 6.36
50.974938 6.36
51.008581 6.36
51.024581 6.36
51.049689 12.32
51.060458 6.36
51.090815 12.32
51.101690 12.32
51.131940 6.36
51.147940 6.36
51.174962 6.36
51.185690 6.36
51.217950 6.36
51.228816 6.36
51.259192 6.36
51.270066 6.36
51.300708 6.36
51.311583 6.36
51.341816 6.36
51.354344 6.36
51.382942 6.36
51.398942 6.36
51.425947 6.36
51.436817 0.05
51.468944 6.36
51.479692 6.36
51.511944 6.36
51.522818 6.36
51.554819 0.05
51.565586 0.05
51.595943 12.32
51.611944 6.36
51.641820 12.32
51.652587 6.36
51.682944 12.32
51.698944 6.36
51.725820 6.36
51.736587 12.32
51.766944 6.36
51.782945 6.36
51.809821 6.36
51.820585 6.36
51.850945 6.36
51.866945 0.05
51.897349 6.36
51.908071 12.32
51.938589 12.32
51.954588 6.36
51.979696 6.36
51.990463 0.05
52.020822 6.36
52.036696 6.36
52.061947 6.36
52.072822 12.32
52.108349 12.32
52.119072 6.01
52.149587 0.05
52.160341 6.36
52.190698 6.36
52.201465 6.36
52.231698 6.36
52.242466 6.36
52.272824 6.36
52.288824 6.36
52.313949 6.36
52.324699 0.05
52.360353 6.36
52.372824 0.05
52.401591 0.05
52.412342 6.36
52.442825 6.36
52.458700 6.36
52.483950 6.36
52.494700 6.36
52.530592 6.36
52.541354 12.32
52.571825 0.05
52.587826 6.36
52.612951 6.36
52.623826 6.36
52.659593 6.36
52.670354 6.36
52.700594 6.36
52.711356 6.36
52.741702 6.36
52.752469 6.36
52.782702 6.36
52.793470 6.36
52.823827 6.36
52.839703 6.36
52.864952 6.36
52.875703 6.36
52.911596 6.36
52.922357 6.36
52.952595 6.36
52.963356 6.36
52.993704 6.36
53.004470 6.36
53.034829 6.36
53.050829 12.32
53.075954 6.36
53.086829 6.36
53.122358 6.36
53.133086 6.36
53.163705 0.05
53.174473 6.36
53.204830 6.36
53.220830 6.36
53.245956 12.32
53.256706 6.36
53.292359 6.36
53.303085 6.36
53.333706 6.36
53.344599 6.36
53.374707 6.36
53.385599 6.36
53.415832 6.36
53.431707 6.36
53.456957 6.36
53.467707 6.36
53.503359 6.36
53.514085 6.36
53.544708 6.36
53.555601 6.36
53.585708 6.36
53.596601 6.36
53.626709 6.36
53.637599 6.36
53.667709 6.36
53.678601 6.36
53.708834 6.36
53.724834 6.36
53.749959 6.36
53.760710 6.36
53.796602 6.36
53.807364 6.36
53.837835 6.36
53.853835 6.36
53.878961 6.36
53.889710 6.36
53.925362 6.36
53.937845 6.36
53.966711 6.36
53.977605 6.36
54.007836 6.36
54.023711 6.36
54.048961 6.36
54.059837 6.36
54.090364 6.36
54.101092 6.36
54.131712 6.36
54.144242 6.36
54.172837 6.36
54.188712 6.36
54.213963 6.36
54.224838 6.36
54.263365 6.36
54.275848 6.36
54.304713 6.36
54.315605 6.36
54.345839 6.36
54.361838 6.36
54.386964 6.36
54.397714 6.36
54.428244 6.36
54.440723 6.36
54.469732 6.36
54.485715 6.36
54.510840 6.36
54.526716 6.36
54.551965 6.36
54.562716 6.36
54.594746 6.36
54.605607 6.36
54.635966 6.36
54.646841 6.36
54.676966 6.36
54.687716 6.36
54.723371 6.36
54.739372 6.36
54.764717 6.36
54.777096 6.36
54.805842 6.36
54.821842 6.36
54.846967 6.36
54.857718 6.36
54.888372 6.36
54.904372 6.36
54.929718 6.36
54.945718 6.36
54.970843 6.36
54.986843 6.36
55.011969 6.36
55.022844 0.05
55.058374 6.36
55.074374 6.36
55.099719 6.36
55.115720 6.36
55.140845 6.36
55.156845 6.36
55.181970 0.05
55.192845 0.05
55.223374 0.05
55.239374 6.36
55.264721 6.36
55.280721 6.36
55.305846 6.36
55.321846 6.36
55.346971 6.36
55.357846 6.36
55.388377 6.36
55.404376 6.36
55.429722 6.36
55.445597 6.36
55.470722 6.36
55.486597 6.36
55.511723 6.36
55.527598 6.36
55.552848 6.36
55.568848 0.05
55.593973 6.36
55.604848 12.32
55.640377 6.36
55.656376 6.36
55.681724 0.05
55.697723 6.01
55.722724 6.36
55.738599 6.36
55.763724 6.36
55.779724 6.36
55.804850 12.32
55.820850 6.36
55.845975 0.05
55.856850 6.36
55.892368 6.36
55.908367 6.36
55.933618 0.05
55.944368 6.36
55.974726 0.05
55.990601 12.32
56.015851 12.32
56.031726 6.01
56.056976 6.36
56.067851 6.36
56.098382 6.36
56.114369 6.36
56.139727 12.32
56.155602 6.36
56.180727 6.36
56.196728 12.32
56.221728 0.05
56.237603 6.36
56.262853 12.32
56.278728 12.32
56.305730 6.36
56.316621 6.36
56.346854 6.36
56.362854 6.36
56.387979 6.36
56.398854 6.36
56.429383 12.32
56.445384 6.36
56.470622 0.05
56.483106 6.36
56.511730 6.36
56.527730 6.36
56.552730 0.05
56.568731 6.36
56.593730 6.36
56.609605 6.36
56.634730 6.36
56.650731 12.32
56.675731 6.36
56.691606 12.32
56.716731 6.36
56.732731 6.36
56.757732 6.36
56.773732 6.36
56.798732 6.36
56.814732 6.36
56.839732 6.36
56.855733 6.36
56.880858 6.36
56.891733 6.36
56.923734 12.32
56.934623 6.36
56.964733 6.36
56.980608 6.36
57.005733 6.36
57.021733 0.05
57.046734 6.36
57.062609 12.32
57.087734 6.36
57.103734 6.36
57.128734 6.36
57.144735 6.36
57.169735 6.36
57.185735 0.05
57.210735 6.36
57.226735 6.01
57.251735 12.32
57.267735 6.36
57.292861 6.36
57.303736 6.36
57.335612 12.32
57.346376 0.05
57.376736 6.36
57.392611 6.36
57.417736 6.36
57.428612 12.32
57.458737 6.36
57.469612 6.01
57.499737 6.36
57.510612 12.32
57.540863 6.36
57.551737 6.36
57.587113 6.36
57.599613 12.32
57.628631 6.36
57.644630 12.32
57.669738 6.36
57.680629 6.36
57.710739 6.36
57.721614 6.36
57.751739 6.36
57.762614 6.36
57.792740 6.36
57.803615 0.05
57.833740 6.36
57.844615 6.36
57.874740 6.36
57.885615 6.36
57.915740 0.05
57.926615 6.36
57.956740 6.36
57.967616 6.36
57.997741 6.36
58.008616 6.36
58.038741 6.36
58.049617 6.36
58.079742 6.36
58.090617 6.36
58.120742 6.36
58.131617 6.36
58.161742 6.36
58.172617 6.36
58.202742 6.36
58.213618 6.36
58.243743 6.36
58.254618 6.36
58.284743 6.36
58.295618 6.36
58.325743 6.36
58.336619 6.36
58.366744 6.36
58.377619 6.36
58.407744 6.36
58.418619 6.36
58.454120 6.36
58.470120 6.36
58.495637 6.36
58.511636 6.36
58.536620 6.36
58.552638 6.36
58.577621 0.05
58.593620 6.36
58.618746 6.36
58.634746 6.36
58.659746 6.36
58.670621 6.36
58.700746 0.05
58.711621 6.36
58.741746 6.36
58.752621 6.36
58.782747 12.32
58.793622 0.05
58.823872 6.36
58.834747 6.36
58.870262 6.36
58.886124 0.05
58.911748 6.36
58.927623 6.36
58.952873 6.36
58.963623 12.32
58.999265 6.36
59.015248 6.36
59.040640 0.05
59.056639 6.01
59.081624 6.36
59.097624 0.05
59.122624 6.01
59.138639 12.32
59.163625 6.36
59.179750 6.01
59.204625 6.36
59.220625 12.32
59.245626 6.01
59.261626 6.01
59.286642 6.01
59.302640 12.32
59.327625 12.32
59.343643 12.32
59.368626 6.01
59.384641 6.36
59.409626 6.36
59.425644 12.32
59.450627 6.36
59.466752 0.05
59.491627 6.01
59.507643 12.32
59.532628 0.05
59.548642 12.32
59.573628 12.32
59.589642 6.36
59.614628 0.05
59.630628 12.32
59.655629 6.01
59.672630 6.36
59.696628 6.36
59.712647 6.36
59.737629 0.05
59.753754 0.05
59.778629 0.05
59.794630 6.36
59.819630 0.05
59.835630 6.36
59.860630 6.36
59.876629 6.36
59.901630 6.36
59.917630 6.36
59.942630 6.01
59.958630 6.36
59.983631 12.32
59.999649 6.36
60.024631 6.36
60.040756 6.36
60.065631 6.36
60.081632 6.36
60.106632 6.36
60.122632 12.32
60.147632 6.36
60.163632 6.36
60.188632 6.36
60.204632 6.36
60.229633 6.36
60.245632 6.36
60.270633 0.05
60.286649 6.36
60.311633 6.36
60.327633 6.36
60.352883 6.36
60.363633 6.36
60.394009 6.36
60.404884 6.36
60.435259 6.36
60.451135 6.36
60.476652 6.36
60.492652 6.36
60.517635 6.36
60.533635 6.36
60.558635 6.36
60.569403 6.36
60.599635 6.36
60.610402 6.36
60.640636 6.36
60.651400 6.36
60.681636 6.36
60.692403 6.36
60.722636 0.05
60.733403 6.36
60.763636 6.36
60.774403 6.36
60.804637 6.36
60.815404 6.36
60.845637 6.36
60.856405 0.05
60.886637 6.36
60.897403 6.36
60.927638 6.36
60.938406 6.36
60.968638 6.36
60.979405 6.36
61.009639 6.36
61.020405 6.36
61.050639 6.36
61.061404 6.36
61.091639 12.32
61.102407 6.36
61.132639 6.36
61.143406 6.36
61.173640 6.36
61.184407 6.36
61.214640 6.36
61.225405 6.36
61.255765 6.36
61.266640 6.36
61.302015 6.36
61.312766 6.36
61.343266 6.36
61.354016 6.36
61.384658 6.01
61.400656 6.36
61.425766 0.05
61.436641 6.36
61.472017 6.36
61.482767 6.36
61.513419 6.36
61.524143 6.36
61.554642 0.05
61.565408 6.36
61.595767 6.36
61.606643 6.36
61.642018 0.05
61.652768 6.36
61.683423 6.36
61.694284 6.36
61.724643 12.32
61.735410 6.36
61.765769 6.36
61.776644 6.36
61.812019 12.32
61.822769 6.36
61.853424 6.36
61.866019 6.36
61.894645 12.32
61.905413 12.32
61.935770 6.36
61.946645 0.05
61.982020 6.36
61.992771 6.36
62.023425 6.36
62.035896 6.36
62.064771 6.36
62.075646 6.36
62.111021 6.36
62.121772 6.36
62.152425 6.36
62.165022 6.36
62.193664 6.36
62.204414 6.36
62.234772 6.36
62.245647 6.36
62.281023 6.36
62.297022 12.32
62.322540 6.36
62.338416 6.36
62.363666 6.36
62.379649 6.36
62.404649 12.32
62.415414 6.36
62.445774 0.05
62.456649 6.36
62.492024 0.05
62.504525 6.36
62.533428 6.36
62.545900 6.36
62.574650 6.36
62.585415 6.36
62.615776 6.36
62.626650 6.36
62.662026 6.36
62.678026 6.36
62.703294 6.36
62.714026 6.36
62.744667 6.36
62.755541 6.36
62.791027 0.05
62.807027 6.36
62.832432 0.05
62.848433 6.36
62.873652 6.36
62.884420 6.36
62.914778 6.36
62.925653 6.36
62.961028 12.32
62.973404 6.36
63.002431 12.32
63.018431 6.36
63.043779 6.01
63.054671 6.36
63.090028 12.32
63.105904 12.32
63.131433 6.36
63.147433 6.36
63.172654 0.05
63.183547 0.05
63.213780 6.36
63.224654 6.36
63.260030 0.05
63.276030 12.32
63.301547 12.32
63.317670 6.36
63.342673 0.05
63.353549 12.32
63.389031 0.05
63.404906 12.32
63.430548 6.36
63.446546 6.36
63.476907 6.36
63.487656 6.36
63.518032 12.32
63.534032 6.36
63.559435 6.36
63.575434 6.36
63.600783 6.36
63.611657 6.36
63.647032 6.36
63.663033 12.32
63.688438 6.36
63.704676 6.36
63.729658 12.32
63.740426 12.32
63.770783 0.05
63.781659 6.36
63.817034 6.36
63.833034 6.36
63.858439 6.36
63.874437 6.36
63.899785 6.36
63.910677 6.36
63.946035 6.36
63.961910 6.36
63.987439 6.36
64.003315 6.36
64.028786 6.36
64.039661 6.36
64.075036 6.36
64.090911 6.36
64.116440 6.36
64.132679 6.36
64.157786 6.36
64.168662 6.36
64.204037 0.05
64.219912 6.36
64.245442 6.36
64.261440 6.36
64.286788 12.32
64.297663 6.36
64.333038 6.36
64.348913 6.36
64.374442 6.36
64.390443 6.36
64.415789 6.36
64.426664 6.36
64.457039 6.36
64.472914 6.36
64.498444 6.36
64.514318 6.36
64.541416 6.36
64.552166 0.05
64.582790 12.32
64.593665 6.36
64.629040 6.36
64.644915 0.05
64.670446 6.36
64.686443 6.36
64.713417 12.32
64.724321 6.36
64.754683 6.36
64.765433 0.05
64.797418 6.36
64.808319 6.36
64.838684 6.36
64.849435 6.36
64.881418 6.36
64.892319 12.32
64.922685 6.36
64.933435 6.36
64.965419 12.32
64.976323 12.32
65.006684 12.32
65.017437 6.36
65.049419 6.36
65.060322 6.36
65.090686 6.36
65.101436 6.36
65.133420 6.36
65.144321 0.05
65.174686 12.32
65.185437 0.05
65.217421 6.36
65.228171 6.36
65.260421 6.36
65.271324 6.36
65.303451 6.36
65.314201 6.36
65.346451 6.36
65.357323 6.01
65.392921 12.32
65.405450 6.01
65.437323 6.36
65.449921 12.32
65.478689 6.36
65.489563 0.05
65.519922 6.36
65.532451 6.36
65.561200 0.05
65.572047 12.32
65.602689 6.36
65.613438 6.36
65.649048 6.36
65.664923 0.05
65.690452 12.32
65.706452 6.36
65.733299 12.32
65.744048 6.36
65.774691 6.36
65.785441 6.36
65.815924 12.32
65.828300 0.05
65.857175 0.05
65.868050 6.36
65.898690 6.36
65.909442 6.36
65.939925 6.36
65.955800 12.32
65.981176 6.36
65.992050 6.36
66.022455 0.05
66.038330 6.36
66.069051 6.36
66.084926 6.36
66.110455 12.32
66.121177 6.36
66.156926 6.36
66.173052 6.36
66.198178 12.32
66.209052 0.05
66.239454 6.36
66.250329 12.32
66.285928 12.32
66.302052 12.32
66.327178 6.36
66.338052 6.36
66.368457 6.36
66.379330 6.36
66.415053 0.05
66.425803 6.36
66.456458 6.36
66.467327 12.32
66.502929 6.36
66.518804 6.36
66.544209 6.36
66.555054 6.36
66.585572 6.36
66.596321 6.36
66.626930 6.36
66.643055 6.36
66.668055 6.36
66.678931 6.36
66.709460 6.36
66.720332 6.36
66.755930 6.36
66.772056 6.36
66.797183 6.36
66.808056 6.36
66.838459 6.36
66.849183 12.32
66.885057 12.32
66.895932 6.36
66.926460 12.32
66.937183 6.36
66.972932 6.36
66.989058 0.05
67.014184 0.05
67.025058 0.05
67.055460 6.36
67.066185 6.36
67.102059 6.36
67.112808 6.36
67.143463 6.36
67.154338 12.32
67.189810 6.36
67.200701 6.36
67.230935 6.36
67.246809 6.36
67.272186 6.36
67.283059 0.05
67.313578 0.05
67.324327 6.36
67.360060 6.36
67.370810 6.36
67.401579 0.05
67.412579 6.36
67.442703 6.36
67.453578 6.36
67.489062 6.36
67.499937 6.36
67.530579 12.32
67.541580 6.36
67.577062 6.36
67.587812 6.36
67.618466 12.32
67.629341 12.32
67.665063 6.01
67.675813 6.36
67.706467 6.36
67.717342 6.36
67.752938 6.36
67.769063 0.05
67.794189 0.05
67.805063 6.36
67.835469 12.32
67.846343 0.05
67.881940 6.36
67.898064 6.36
67.923191 0.05
67.934065 0.05
67.964468 6.36
67.975345 0.05
68.010940 0.05
68.027065 12.32
68.055192 6.36
68.066065 12.32
68.098318 6.36
68.109218 12.32
68.139470 6.36
68.150346 6.36
68.185941 6.36
68.201942 0.05
68.230346 12.32
68.246471 6.36
68.276817 6.36
68.289319 6.36
68.317943 6.36
68.333943 6.36
68.359193 6.36
68.371818 6.36
68.400472 6.36
68.411347 6.36
68.446943 12.32
68.462944 6.36
68.488069 6.36
68.498944 6.01
68.529337 6.36
68.545334 6.36
68.572196 6.01
68.583069 0.05
68.613585 0.05
68.624339 0.05
68.659820 6.36
68.672197 6.01
68.700945 0.05
68.716821 6.01
68.742196 6.36
68.754696 6.36
68.783462 0.05
68.794196 12.32
68.829946 6.36
68.846072 6.36
68.874350 6.36
68.890464 12.32
68.920822 6.36
68.933199 6.01
68.961947 12.32
68.978072 0.05
69.003198 12.32
69.015698 6.36
69.044464 0.05
69.055355 6.36
69.085823 6.36
69.101824 6.36
69.126948 0.05
69.137698 0.05
69.168351 6.01
69.184466 6.36
69.214825 6.36
69.230825 6.36
69.255950 0.05
69.266825 12.32
69.297352 6.36
69.308200 0.05
69.343825 6.36
69.359825 12.32
69.384950 6.36
69.395701 6.01
69.426201 6.36
69.442201 6.36
69.467467 12.32
69.478201 12.32
69.508827 0.05
69.524827 6.36
69.549952 0.05
69.560827 6.36
69.591354 6.36
69.602084 0.05
69.637828 6.36
69.653828 6.36
69.678953 0.05
69.689703 6.36
69.720358 0.05
69.731085 6.36
69.766953 6.36
69.777828 6.36
69.808357 6.36
69.819087 6.36
69.854954 6.36
69.865704 6.36
69.896358 6.36
69.907087 6.36
69.942830 6.36
69.958830 6.36
69.983956 6.36
69.994830 6.36
70.025234 0.05
70.041359 6.36
70.066359 0.05
70.077085 12.32
70.112956 0.05
70.123832 12.32
70.154359 6.36
70.165084 12.32
70.200957 6.36
70.211707 0.05
70.242236 6.36
70.258361 6.36
70.288957 6.36
70.299832 6.36
70.330362 6.36
70.341086 6.36
70.376832 6.36
70.392958 6.36
70.417958 6.36
70.428708 6.36
70.459239 12.32
70.475362 6.36
70.500364 6.36
70.511087 0.05
70.546959 12.32
70.557834 6.36
70.588238 12.32
70.604237 0.05
70.634959 6.36
70.645710 6.36
70.676365 0.05
70.687237 12.32
70.722961 6.36
70.733711 6.36
70.764363 6.36
70.775238 12.32
70.810961 6.36
70.821711 6.36
70.852364 6.36
70.863241 12.32
70.898962 6.36
70.909712 6.01
70.940241 0.05
70.956366 12.32
70.986962 6.36
70.997837 6.36
71.028368 6.36
71.039240 6.36
71.074963 12.32
71.085713 6.36
71.116242 6.36
71.132368 6.36
71.162964 6.36
71.173839 6.36
71.204366 12.32
71.215092 6.36
71.250964 6.36
71.261839 6.36
71.292367 6.36
71.303092 6.36
71.338965 6.36
71.349840 6.36
71.380245 6.36
71.396368 12.32
71.426841 6.36
71.442966 6.36
71.467966 6.36
71.478841 6.36
71.509245 6.36
71.525371 6.36
71.555967 6.36
71.566717 12.32
71.597371 6.36
71.608246 6.36
71.643967 6.36
71.654842 6.36
71.685372 6.36
71.696246 6.36
71.731968 6.36
71.742718 6.36
71.773373 6.36
71.784248 6.36
71.814719 6.36
71.827096 6.36
71.855844 6.36
71.866611 6.36
71.896969 6.36
71.907719 6.36
71.938248 6.36
71.949096 6.36
71.979720 6.36
71.995845 6.36
72.020720 6.36
72.033097 6.36
72.061845 6.36
72.072612 6.36
72.102971 6.36
72.113721 0.05
72.144250 6.36
72.155098 6.36
72.185721 6.36
72.201721 6.36
72.226847 6.36
72.237614 0.05
72.267972 6.36
72.278847 6.36
72.309377 6.36
72.320251 6.36
72.350722 6.36
72.366848 6.36
72.391723 6.36
72.407848 6.36
72.432848 6.36
72.443616 6.36
72.473973 6.36
72.484724 6.36
72.515377 6.36
72.526252 6.36
72.556614 0.05
72.567368 6.36
72.597850 6.36
72.608599 6.36
72.638975 6.36
72.649850 6.36
72.680255 6.36
72.691102 6.36
72.721725 6.36
72.737850 6.36
72.762726 6.36
72.778851 6.36
72.803726 6.36
72.819851 6.36
72.844726 6.36
72.860851 6.36
72.885727 6.36
72.901852 6.36
72.926852 6.36
72.937602 6.36
72.967977 6.36
72.978853 6.36
73.009256 6.36
73.020104 6.36
73.050728 6.36
73.066853 6.36
73.091853 6.36
73.102728 6.36
73.132979 6.36
73.143728 6.36
73.174384 6.36
73.185136 6.36
73.215729 6.36
73.231854 6.36
73.256729 6.36
73.272729 6.36
73.297730 6.36
73.313855 6.36
73.338730 6.36
73.354855 6.36
73.379730 6.36
73.395855 6.36
73.420855 6.36
73.431606 6.36
73.461981 6.36
73.472731 6.36
73.503258 6.36
73.514107 6.36
73.549857 0.05
73.560607 6.36
73.590982 6.36
73.601731 6.36
73.632261 6.36
73.643108 6.36
73.678858 6.36
73.689607 6.36
73.719983 6.36
73.730733 6.36
73.761261 6.36
73.772108 6.36
73.802734 6.36
73.818733 6.36
73.843734 12.32
73.859859 6.36
73.884734 6.36
73.900859 6.36
73.925859 6.36
73.936610 6.36
73.966984 6.36
73.979627 6.36
74.008262 6.36
74.018985 6.36
74.054860 0.05
74.065610 6.36
74.095986 6.36
74.108628 6.36
74.137264 0.05
74.148112 6.36
74.178736 6.01
74.194861 6.36
74.219736 0.05
74.235737 6.36
74.260737 0.05
74.276862 6.36
74.301737 6.36
74.317863 6.36
74.342737 6.36
74.358863 6.36
74.383738 6.36
74.399738 6.36
74.424738 6.36
74.440738 6.36
74.465738 6.36
74.481739 6.36
74.506739 6.36
74.522864 6.36
74.547864 6.36
74.558739 6.36
74.588989 6.36
74.604989 6.36
74.630269 6.36
74.641116 6.36
74.671632 6.36
74.683994 6.01
74.712865 0.05
74.723740 6.36
74.753991 6.36
74.766383 6.36
74.795269 6.36
74.806118 6.36
74.836741 6.36
74.847634 6.36
74.877742 6.36
74.888616 6.36
74.918741 6.36
74.929617 6.36
74.959742 6.36
74.970617 6.36
75.000742 6.36
75.011617 6.36
75.041742 6.36
75.052618 6.36
75.082743 6.36
75.093618 6.36
75.123743 6.36
75.134619 6.36
75.164743 6.36
75.175619 6.36
75.205743 6.36
75.216618 6.36
75.246744 6.36
75.257619 6.36
75.287869 6.36
75.298745 6.36
75.329137 6.36
75.339995 6.36
75.370636 6.36
75.386638 6.36
75.411870 6.36
75.422621 6.36
75.452996 6.36
75.469140 6.36
75.494274 6.36
75.505141 6.36
75.535638 6.36
75.551746 6.36
75.576872 6.36
75.587747 6.36
75.617997 6.36
75.633997 6.36
75.659276 6.36
75.670125 6.36
75.700640 6.36
75.716638 6.36
75.741748 6.36
75.752623 12.32
75.782748 12.32
75.793623 6.36
75.823749 12.32
75.834624 6.36
75.864874 6.36
75.875749 6.36
75.905999 6.36
75.921999 6.36
75.947277 6.36
75.957999 6.36
75.988639 6.36
76.004642 6.36
76.029750 6.36
76.040625 6.36
76.070750 12.32
76.081625 6.36
76.111751 6.36
76.122626 6.36
76.152751 6.36
76.163626 6.36
76.193751 6.36
76.204626 12.32
76.234751 0.05
76.245627 6.36
76.275751 12.32
76.286627 6.36
76.316752 0.05
76.327627 6.01
76.357752 6.36
76.368627 12.32
76.398753 0.05
76.409628 6.36
76.439753 0.05
76.450628 6.36
76.480753 0.05
76.491629 0.05
76.521754 6.36
76.532629 6.36
76.562753 0.05
76.573629 12.32
76.603754 0.05
76.614629 6.36
76.644754 6.36
76.655630 12.32
76.685755 6.36
76.696630 6.36
76.726755 6.36
76.737526 6.36
76.767755 6.36
76.778631 6.36
76.808756 0.05
76.819631 6.36
76.849756 6.36
76.860631 6.36
76.890756 0.05
76.901631 0.05
76.931756 6.36
76.942632 6.36
76.972757 6.36
76.983632 6.36
77.013757 12.32
77.024633 0.05
77.054757 12.32
77.065633 0.05
77.095758 6.36
77.106633 0.05
77.136758 6.36
77.147633 6.01
77.177758 6.36
77.188634 6.01
77.218759 12.32
77.229634 0.05
77.259759 12.32
77.270633 6.36
77.300759 0.05
77.311635 0.05
77.341759 6.36
77.352635 6.36
77.382760 6.01
77.393636 12.32
77.423761 6.36
77.434635 0.05
77.464761 6.36
77.475636 6.36
77.505761 6.36
77.516636 6.36
77.546761 6.36
77.557636 6.01
77.587762 6.36
77.598637 0.05
77.628762 6.36
77.639637 6.36
77.669762 0.05
77.680637 6.01
77.710762 12.32
77.721638 6.01
77.751762 6.01
77.762638 12.32
77.792763 6.01
77.803638 6.36
77.833763 6.36
77.844638 6.36
77.874764 0.05
77.885639 6.01
77.915764 6.36
77.926639 6.36
77.956764 6.36
77.967640 12.32
77.997890 6.01
78.013764 6.36
78.039015 12.32
78.049765 6.36
78.085658 6.36
78.096405 6.01
78.126891 12.32
78.142766 6.36
78.168016 6.36
78.178766 6.36
78.214657 6.36
78.225409 6.36
78.255891 6.36
78.271767 6.36
78.297143 6.36
78.308017 6.36
78.338660 12.32
78.349411 12.32
78.379892 6.36
78.395768 0.05
78.421017 6.36
78.431768 0.05
78.467658 6.36
78.478411 6.36
78.508644 6.36
78.519409 6.36
78.549769 6.36
78.560644 6.36
78.590894 6.36
78.606894 6.36
78.632145 6.36
78.643020 6.36
78.673659 6.36
78.684410 6.36
78.714895 6.36
78.730770 6.36
78.756147 6.36
78.767020 6.36
78.797662 6.36
78.808414 6.36
78.838771 6.36
78.849646 6.36
78.879896 6.36
78.895896 6.36
78.921148 0.05
78.932021 6.36
78.962665 12.32
78.973415 6.36
79.003897 6.36
79.019897 6.36
79.045149 12.32
79.056022 6.36
79.086664 6.36
79.097416 6.36
79.127898 6.36
79.143773 6.36
79.169150 6.36
79.180023 6.36
79.210425 6.36
79.221150 6.36
79.251774 6.36
79.262649 6.36
79.292899 12.32
79.308899 6.36
79.335923 6.36
79.346775 6.36
79.377169 12.32
79.388025 6.36
79.418541 6.36
79.434542 6.36
79.459776 0.05
79.472306 6.36
79.500901 6.36
79.516901 6.36
79.543926 6.36
79.554651 0.05
79.590542 6.36
79.606541 6.36
79.631776 6.36
79.642652 6.36
79.672902 6.36
79.688902 0.05
79.718912 6.36
79.729778 6.36
79.761913 12.32
79.772778 6.36
79.804913 6.36
79.815778 6.36
79.847788 6.36
79.858669 0.05
79.888904 6.36
79.904904 6.36
79.931788 12.32
79.942672 6.36
79.972904 6.36
79.988904 6.36
80.015789 6.36
80.026670 6.36
80.056905 6.36
80.072905 6.36
80.103309 6.36
80.115790 6.36
80.144656 6.36
80.155421 6.36
80.185781 6.36
80.198157 6.36
80.226906 6.36
80.242781 6.36
80.269791 6.36
80.280675 6.36
80.310907 6.36
80.321782 6.36
80.357310 6.36
80.369791 12.32
80.398782 6.36
80.414657 6.36
80.439908 6.36
80.450782 0.05
80.486310 6.36
80.498793 6.36
80.527784 6.36
80.543659 6.36
80.568909 6.36
80.579659 6.36
80.615299 6.36
80.626034 6.36
80.656676 6.36
80.667426 6.36
80.697910 6.36
80.708785 6.36
80.744314 6.36
80.760303 6.36
80.785676 6.36
80.796428 6.36
80.826786 6.36
80.842786 0.05
80.867911 0.05
80.878786 6.36
80.914313 6.36
80.930304 6.36
80.955676 6.36
80.966428 6.36
80.996911 6.36
81.007787 6.36
81.043316 6.36
81.059305 6.36
81.084677 6.36
81.095430 6.36
81.125913 6.36
81.136788 6.36
81.172305 6.36
81.188306 6.36
81.213680 6.36
81.224430 6.36
81.254914 6.36
81.265664 6.36
81.301316 6.36
81.317307 12.32
81.342432 6.36
81.358306 6.36
81.383790 6.36
81.399665 6.36
81.424915 6.36
81.435790 6.36
81.466040 6.36
81.476790 6.36
81.507446 6.36
81.523557 6.36
81.548791 6.36
81.564666 6.36
81.589916 6.36
81.600791 6.36
81.636319 12.32
81.647042 6.36
81.677682 6.36
81.688436 6.36
81.718917 6.36
81.729667 6.36
81.760043 6.36
81.770793 6.36
81.801448 6.36
81.817322 6.01
81.842793 6.36
81.858793 6.36
81.883918 6.36
81.894793 12.32
81.930323 12.32
81.946311 6.36
81.971687 6.36
81.982436 6.36
82.012920 6.36
82.023795 6.36
82.054045 6.36
82.064795 6.36
82.095449 6.36
82.111561 6.36
82.136795 6.36
82.152671 6.36
82.177920 6.36
82.188795 0.05
82.224324 6.36
82.240314 6.36
82.265689 6.36
82.278172 6.36
82.306921 0.05
82.317797 6.36
82.349797 0.05
82.360690 0.05
82.390922 0.05
82.401672 12.32
82.433798 6.36
82.444689 6.36
82.474923 6.36
82.485673 0.05
82.517799 6.36
82.528691 12.32
82.558923 6.36
82.569798 6.36
82.601826 6.36
82.612693 6.36
82.648329 0.05
82.664314 6.36
82.689690 6.36
82.702050 6.01
82.730925 6.36
82.741800 0.05
82.777327 6.36
82.793317 6.36
82.818694 12.32
82.834692 6.36
82.859676 6.36
82.872051 6.36
82.900676 6.36
82.913051 6.36
82.941801 6.36
82.957802 12.32
82.982927 6.36
82.993802 6.01
83.029331 6.01
83.045321 6.01
83.070694 6.01
83.083052 0.05
83.111927 6.36
83.122678 6.36
83.158180 6.36
83.170680 12.32
83.199696 12.32
83.215693 6.36
83.240928 6.36
83.251679 6.36
83.287333 6.36
83.303322 6.36
83.328695 6.36
83.344698 6.36
83.369804 6.36
83.385680 6.36
83.410929 6.36
83.421680 6.36
83.457323 6.36
83.473320 6.36
83.498695 6.36
83.514697 6.36
83.539806 6.36
83.555681 6.36
83.580931 6.36
83.591806 6.36
83.627212 6.36
83.643213 6.36
83.668699 6.36
83.684700 6.36
83.709932 6.36
83.720807 6.36
83.756325 6.36
83.772216 6.36
83.797700 12.32
83.813698 6.36
83.838683 6.36
83.854808 6.36
83.879808 6.36
83.895808 6.36
83.920934 6.36
83.931809 12.32
83.967340 6.36
83.983326 6.36
84.008701 6.36
84.024702 6.36
84.049810 6.36
84.065685 6.36
84.090935 6.36
84.101810 0.05
84.137340 6.36
84.153328 12.32
84.178704 6.36
84.194686 6.36
84.219686 6.36
84.235686 6.36
84.260811 6.36
84.276686 12.32
84.301936 6.36
84.312687 6.36
84.348188 6.36
84.364189 6.36
84.389705 6.36
84.405705 6.36
84.430937 6.36
84.441687 6.36
84.477330 12.32
84.493330 6.36
84.518705 6.36
84.534688 6.36
84.559813 6.36
84.575689 6.36
84.602690 6.36
84.613456 12.32
84.643814 12.32
84.659689 6.36
84.684939 6.36
84.695814 6.36
84.731333 0.05
84.747330 0.05
84.772705 6.36
84.788690 6.36
84.813815 6.36
84.829690 12.32
84.856692 6.36
84.867458 0.05
84.897691 6.36
84.913691 6.36
84.938691 6.36
84.954691 6.36
84.979817 6.36
84.995691 6.36
85.022693 6.36
85.033460 6.36
85.063817 6.36
85.074583 6.36
85.106694 6.36
85.117583 6.36
85.147693 6.36
85.163693 6.36
85.188818 6.36
85.199583 6.36
85.231695 6.36
85.242585 6.36
85.272711 6.36
85.288585 6.36
85.315725 6.36
85.326459 6.36
85.362069 6.36
85.372820 6.36
85.403461 6.36
85.414346 6.36
85.444820 6.36
85.455587 6.36
85.487602 6.36
85.498350 6.36
85.528820 0.05
85.539588 12.32
85.571601 6.36
85.582348 6.36
85.612821 6.36
85.623587 6.36
85.659072 6.36
85.669946 6.36
85.700476 6.36
85.711351 6.36
85.741823 6.36
85.752590 12.32
85.788073 6.36
85.812478 6.36
85.823198 6.36
85.853823 6.36
85.864589 12.32
85.900073 6.36
85.924360 0.05
85.935199 6.36
85.965588 6.36
85.981466 6.01
86.006699 12.32
86.017464 6.36
86.047825 0.05
86.058589 6.36
86.094082 6.36
86.104950 6.36
86.135477 12.32
86.146355 12.32
86.176825 6.36
86.187591 6.36
86.223083 6.36
86.233951 6.36
86.264466 0.05
86.275202 0.05
86.305826 0.05
86.316593 6.36
86.352084 12.32
86.362827 6.36
86.393479 6.36
86.404354 6.36
86.434828 12.32
86.445592 12.32
86.481085 0.05
86.505483 6.01
86.516358 6.36
86.546704 6.36
86.557471 0.05
86.587829 0.05
86.598596 6.36
86.634087 6.36
86.644829 12.32
86.675472 6.01
86.686358 6.36
86.716705 6.36
86.727473 12.32
86.757830 6.36
86.768596 12.32
86.804087 6.36
86.814830 6.36
86.845596 12.32
86.861598 6.36
86.886706 6.36
86.902706 6.36
86.927831 6.36
86.938598 6.36
86.974085 6.36
86.990085 6.36
87.015360 6.36
87.026234 6.36
87.056707 6.36
87.072707 6.36
87.097832 6.36
87.108598 6.36
87.144086 6.36
87.160084 6.36
87.185602 6.36
87.201598 6.36
87.226708 6.36
87.242833 6.36
87.267834 6.36
87.278708 6.36
87.314088 6.36
87.338599 6.36
87.368088 0.05
87.384088 6.36
87.409600 6.36
87.425600 6.36
87.450710 6.36
87.466710 6.36
87.491835 6.36
87.502600 6.36
87.538091 6.36
87.562603 6.36
87.592091 6.36
87.608091 6.36
87.633602 6.36
87.649604 6.36
87.674711 6.36
87.690711 12.32
87.715837 6.36
87.726711 6.36
87.762093 6.36
87.786605 12.32
87.816092 6.36
87.832094 12.32
87.857603 0.05
87.873603 0.05
87.898713 12.32
87.909605 6.01
87.939839 0.05
87.950714 6.36
87.986094 6.36
88.010606 6.36
88.040092 6.01
88.056095 6.36
88.081605 6.36
88.097605 0.05
88.122715 6.36
88.133605 6.36
88.163715 6.36
88.174608 6.36
88.204840 6.36
88.215605 0.05
88.251092 6.36
88.267092 6.36
88.292606 6.36
88.308608 6.36
88.333717 6.36
88.344607 6.36
88.374716 12.32
88.385592 12.32
88.415717 6.36
88.426607 6.36
88.456717 6.36
88.467608 0.05
88.497718 6.36
88.508607 0.05
88.538718 6.36
88.549608 6.36
88.579843 0.05
88.590611 6.36
88.626095 6.36
88.642095 6.36
88.667609 12.32
88.683610 6.36
88.708844 6.36
88.719610 6.36
88.755096 6.36
88.771096 6.36
88.796612 6.36
88.812611 6.36
88.837720 6.36
88.848612 6.36
88.878720 6.36
88.889596 6.36
88.919845 6.36
88.930614 6.36
88.966101 6.36
88.977097 6.36
89.007611 6.36
89.023614 6.36
89.048597 6.36
89.059364 6.36
89.089722 6.36
89.100612 12.32
89.130847 6.36
89.141598 6.36
89.177104 0.05
89.193104 6.36
89.218614 6.36
89.234614 6.36
89.259598 6.36
89.270364 12.32
89.300614 6.36
89.311365 12.32
89.341724 6.36
89.352614 6.36
89.382724 12.32
89.393599 6.36
89.423724 12.32
89.434600 6.36
89.464725 6.36
89.475600 6.36
89.505725 6.36
89.516618 6.36
89.546725 6.36
89.557600 12.32
89.587726 6.36
89.598601 6.36
89.628851 6.36
89.639726 6.36
89.675102 6.36
89.691102 6.36
89.716619 6.36
89.732619 6.36
89.757727 6.36
89.768617 6.36
89.798727 12.32
89.809602 6.36
89.839728 6.36
89.850603 6.36
89.880728 6.36
89.891618 6.36
89.921728 6.36
89.932603 6.01
89.962728 6.36
89.973603 6.36
90.003729 6.36
90.014604 6.36
90.044729 12.32
90.055620 6.36
90.085729 12.32
90.096605 6.36
90.128480 6.36
90.139384 12.32
90.169731 6.36
90.180620 6.36
90.210730 6.36
90.221606 6.36
90.253481 6.36
90.264258 6.36
90.294731 0.05
90.305623 6.36
90.337482 0.05
90.348260 6.36
90.378621 6.36
90.389373 6.36
90.421483 6.36
90.432260 0.05
90.462622 6.36
90.473375 6.36
90.505500 6.36
90.516260 6.36
90.551983 6.36
90.562858 6.36
90.593261 6.36
90.604135 6.36
90.634733 6.36
90.645626 12.32
90.677485 6.36
90.688385 6.36
90.718734 6.36
90.729625 6.36
90.761486 6.36
90.772262 12.32
90.802627 6.36
90.813378 6.36
90.843735 6.36
90.854610 6.36
90.886487 6.36
90.897387 6.36
90.927627 6.36
90.938377 6.36
90.968736 6.36
90.979611 6.36
91.011488 6.36
91.022265 12.32
91.052626 6.36
91.063380 6.36
91.095488 6.36
91.106391 6.36
91.136737 6.36
91.147630 6.36
91.182863 6.36
91.193613 6.36
91.223988 6.36
91.236365 6.36
91.265268 6.36
91.276143 6.36
91.306739 6.36
91.317629 6.36
91.352864 6.36
91.363739 6.36
91.393989 6.36
91.409989 6.36
91.435268 6.36
91.446116 6.36
91.476740 6.36
91.487633 12.32
91.522865 6.36
91.533615 6.36
91.563990 6.36
91.579991 6.36
91.605270 6.36
91.616117 6.36
91.646741 6.36
91.657631 6.36
91.692866 6.36
91.703742 6.36
91.733991 6.36
91.749867 6.36
91.775396 6.36
91.791634 6.36
91.816742 6.36
91.827634 6.36
91.862867 6.36
91.873743 6.36
91.903993 6.36
91.919994 6.36
91.945271 6.36
91.956120 6.36
91.986744 6.36
91.997633 6.36
92.032869 6.36
92.043744 6.36
92.073994 6.36
92.089869 6.36
92.115271 6.36
92.125994 6.36
92.156638 6.36
92.167388 0.05
92.202995 6.36
92.218870 6.36
92.244399 6.36
92.260637 6.36
92.285638 6.36
92.296386 6.36
92.331996 6.36
92.347871 6.36
92.373277 6.36
92.384123 6.36
92.414638 6.36
92.425387 6.36
92.460997 6.36
92.476872 6.36
92.502277 6.36
92.513123 6.36
92.543638 6.36
92.554391 6.36
92.589873 6.36
92.600748 6.36
92.630999 6.36
92.646873 6.36
92.672277 6.36
92.683125 6.36
92.713641 6.36
92.724389 6.36
92.754624 6.36
92.765392 6.36
92.795625 6.36
92.806393 6.36
92.836625 6.36
92.847393 6.36
92.877625 6.36
92.888392 12.32
92.918625 12.32
92.929390 6.36
92.959626 6.36
92.970394 6.36
93.000626 6.36
93.011393 0.05
93.041626 12.32
93.052392 6.36
93.082627 6.36
93.093393 0.05
93.129002 6.36
93.145003 6.36
93.170270 0.05
93.181003 6.36
93.211643 6.36
93.222393 12.32
93.257878 6.36
93.268628 6.36
93.299004 6.36
93.315003 6.36
93.340253 6.36
93.351004 6.36
93.381396 6.36
93.397395 6.36
93.422644 6.36
93.433395 6.36
93.468879 6.36
93.481380 6.36
93.510005 6.36
93.525880 6.36
93.551255 6.36
93.563755 0.05
93.592648 6.36
93.603398 12.32
93.638881 6.36
93.649631 6.01
93.680132 6.36
93.691006 12.32
93.721650 6.36
93.732396 6.36
93.764383 6.36
93.775133 0.05
93.807383 6.36
93.818133 6.36
93.850383 6.36
93.861134 0.05
93.893383 6.36
93.904134 6.36
93.936385 0.05
93.947134 12.32
93.979259 0.05
93.990134 6.36
94.020649 0.05
94.031399 12.32
94.066884 6.36
94.079260 0.05
94.108135 6.36
94.119009 6.36
94.149414 0.05
94.167261 0.05
94.185653 6.36
94.212261 6.36
94.223136 6.36
94.253651 0.05
94.264403 6.36
94.299761 6.36
94.310636 6.36
94.345886 6.36
94.358262 6.36
94.387137 6.36
94.398011 0.05
94.428652 6.36
94.439405 6.36
94.474887 12.32
94.487263 0.05
94.516138 6.36
94.527012 6.36
94.557417 12.32
94.568263 12.32
94.603888 6.36
94.616293 6.36
94.648168 6.36
94.659013 6.36
94.689529 6.36
94.700264 0.05
94.735764 6.36
94.746639 6.36
94.776764 6.36
94.787639 6.36
94.817889 6.36
94.833889 6.36
94.859141 6.36
94.870015 0.05
94.900417 0.05
94.911142 6.36
94.946891 0.05
94.962891 6.36
94.991266 0.05
95.007266 6.36
95.032421 6.36
95.043142 6.36
95.079016 6.36
95.089891 6.36
95.120421 6.36
95.131267 6.01
95.167017 6.36
95.177768 6.01
95.208421 6.36
95.219267 6.36
95.255018 6.36
95.265768 6.36
95.296533 0.05
95.307268 6.36
95.337659 6.36
95.348535 6.36
95.383894 6.36
95.400019 6.36
95.425163 6.36
95.436019 6.36
95.466537 6.36
95.477287 6.36
95.513020 6.36
95.523770 6.36
95.554424 0.05
95.565146 6.36
95.600895 6.36
95.616771 6.36
95.642147 6.36
95.653021 6.36
95.683425 6.36
95.694289 6.36
95.730021 6.36
95.740772 6.36
95.771425 6.36
95.782289 6.36
95.817897 6.36
95.833772 6.36
95.859149 6.36
95.870022 6.36
95.900664 6.36
95.911416 6.36
95.941898 6.36
95.957773 0.05
95.983150 6.36
95.994023 0.05
96.024664 6.36
96.035416 6.36
96.071024 6.36
96.081774 6.36
96.112428 6.36
96.123292 6.36
96.158900 6.36
96.174899 6.36
96.200151 6.36
96.211025 6.36
96.241668 6.36
96.252415 6.36
96.288025 12.32
96.298776 6.36
96.329431 6.36
96.340291 0.05
96.376026 6.36
96.386776 6.36
96.417306 12.32
96.433419 6.36
96.460279 6.36
96.471154 6.36
96.503279 6.36
96.514154 6.36
96.544432 6.36
96.555295 6.36
96.591028 6.36
96.601778 6.36
96.632430 6.36
96.643155 6.36
96.679028 6.36
96.689903 6.36
96.720433 6.36
96.731307 6.36
96.766904 6.36
96.783029 6.36
96.811310 6.36
96.827419 12.32
96.854156 0.05
96.865030 6.36
96.895434 6.36
96.906156 6.36
96.942030 6.01
96.952905 6.36
96.983436 6.36
96.994310 12.32
97.024781 6.01
97.037158 0.05
97.065906 6.36
97.082031 6.36
97.107158 6.36
97.119657 6.36
97.153907 6.36
97.169782 6.36
97.195032 0.05
97.205782 6.36
97.236437 6.36
97.247311 6.36
97.283032 6.36
97.293908 0.05
97.324550 0.05
97.335549 6.36
97.365783 12.32
97.381784 0.05
97.406908 6.36
97.417784 0.05
97.448190 6.36
97.464314 6.36
97.494910 6.36
97.505784 6.36
97.536161 6.36
97.548660 6.36
97.582910 6.36
97.593660 0.05
97.624162 6.36
97.640314 6.36
97.665440 12.32
97.676314 6.36
97.706787 6.36
97.722911 6.36
97.747912 6.36
97.758787 6.36
97.789163 6.36
97.805316 6.36
97.835912 12.32
97.846787 6.36
97.877163 6.36
97.893164 12.32
97.923913 0.05
97.934663 12.32
97.965038 6.36
97.975788 6.36
98.006440 6.36
98.017165 6.36
98.047664 6.36
98.058431 6.36
98.088664 6.36
98.099429 0.05
98.129790 6.36
98.145914 12.32
98.170915 6.36
98.181790 6.36
98.212166 6.36
98.228166 6.36
98.258916 6.36
98.269665 6.36
98.300166 6.36
98.316166 6.36
98.346916 12.32
98.357791 6.36
98.388168 6.36
98.404319 6.36
98.429445 6.36
98.440321 6.36
98.470667 6.36
98.481434 6.36
98.511792 6.36
98.527918 6.36
98.552917 6.36
98.563667 6.36
98.594197 6.36
98.610321 6.36
98.640918 6.36
98.651793 12.32
98.682170 6.36
98.698322 6.36
98.723446 6.36
98.734321 0.05
98.764669 6.36
98.775435 6.01
98.805669 0.05
98.816436 6.36
98.846669 12.32
98.857437 6.36
98.887795 6.36
98.903920 6.36
98.928920 6.36
98.939670 6.36
98.970172 6.36
98.986172 0.05
99.016921 6.36
99.027671 6.36
99.058172 6.36
99.074323 6.36
99.099451 12.32
99.110326 12.32
99.140797 6.36
99.156922 6.36
99.181922 6.36
99.192672 6.36
99.223174 6.36
99.239313 6.36
99.266204 6.01
99.277047 12.32
99.312923 12.32
99.323798 6.36
99.354192 6.36
99.370191 6.36
99.400924 12.32
99.411673 6.36
99.442049 6.36
99.454691 6.36
99.485193 6.36
99.496050 6.36
99.531924 6.36
99.542675 0.05
99.573176 12.32
99.589330 6.36
99.619926 6.36
99.630801 6.36
99.661177 6.36
99.677327 6.36
99.707692 6.36
99.720055 6.36
99.748926 12.32
99.759801 6.36
99.790178 12.32
99.806332 12.32
99.833057 6.36
99.843802 6.36
99.879693 6.36
99.892057 6.36
99.920927 6.36
99.931678 12.32
99.962179 6.36
99.978179 6.36
100.008928 6.36
100.019804 6.36
100.050180 6.36
100.061054 12.32
100.093059 6.36
100.103804 6.36
100.139698 6.36
100.155696 6.36
100.180929 0.05
100.191804 6.01
100.222182 0.05
100.233055 6.36
100.268695 12.32
100.281060 6.36
100.309931 6.36
100.320680 6.36
100.351182 6.36
100.362056 6.36
100.397699 6.36
100.413699 6.36
100.438932 6.36
100.449681 6.36
100.480183 6.36
100.491056 6.36
100.526699 6.36
100.542700 6.36
100.567932 0.05
100.578807 6.36
100.609184 12.32
100.620058 12.32
100.655698 6.36
100.671706 6.36
100.696933 12.32
100.707683 6.36
100.738185 6.36
100.749059 6.36
100.784934 6.36
100.795809 6.36
100.826186 6.36
100.837059 6.36
100.872703 6.36
100.888701 0.05
100.913935 6.36
100.924810 6.36
100.955186 6.36
100.966060 6.36
101.001701 6.36
101.017703 6.36
101.042935 6.01
101.053686 6.36
101.084187 12.32
101.095061 12.32
101.125341 6.36
101.136188 6.36
101.166702 0.05
101.182702 0.05
101.207937 0.05
101.218687 12.32
101.249189 6.36
101.260062 6.36
101.295704 6.36
101.311562 0.05
101.336687 6.36
101.352562 6.36
101.377687 6.01
101.393563 6.36
101.418687 6.36
101.434562 6.36
101.459688 6.36
101.475563 6.36
101.500688 6.36
101.516563 6.36
101.541688 6.36
101.557563 0.05
101.582688 6.36
101.598564 12.32
101.623689 0.05
101.639564 6.01
101.664689 12.32
101.680564 6.36
101.705690 6.36
101.721565 0.05
101.746690 0.05
101.762565 0.05
101.787690 6.36
101.803565 6.36
101.828690 12.32
101.844566 6.01
101.869690 6.36
101.885566 6.36
101.910691 6.36
101.926566 12.32
101.951691 12.32
101.967567 6.01
101.992692 0.05
102.008567 6.36
102.033692 12.32
102.049568 12.32
102.074692 6.01
102.090567 0.05
102.115692 6.01
102.131568 6.01
102.156692 6.01
102.172568 12.32
102.197693 6.01
102.213569 6.01
102.238693 12.32
102.254569 6.36
102.279694 6.36
102.295569 6.36
102.320694 6.36
102.336569 6.36
102.361694 0.05
102.377569 6.36
102.402694 6.36
102.418570 12.32
102.443695 12.32
102.459571 6.36
102.484695 6.36
102.500571 6.36
102.525695 12.32
102.541571 6.36
102.566696 12.32
102.582571 0.05
102.607696 0.05
102.623571 0.05
102.648696 0.05
102.664571 6.01
102.689697 6.01
102.705572 0.05
102.730697 12.32
102.746572 0.05
102.771697 6.01
102.787573 0.05
102.812698 12.32
102.828573 0.05
102.853698 0.05
102.869574 6.01
102.894698 12.32
102.910573 12.32
102.935699 6.01
102.946448 6.01
102.976699 12.32
102.987467 6.36
103.017825 6.01
103.028593 6.01
103.058950 12.32
103.071355 6.36
103.100201 6.36
103.110951 12.32
103.141467 0.05
103.152201 6.01
103.182827 6.36
103.193592 6.01
103.223952 6.36
103.236358 12.32
103.270593 0.05
103.286596 6.36
103.311828 12.32
103.322592 6.01
103.352953 6.01
103.368953 0.05
103.394203 6.01
103.404953 0.05
103.435469 6.36
103.446234 12.32
103.476829 6.01
103.487704 6.36
103.517954 6.01
103.533954 6.01
103.559231 0.05
103.570088 0.05
103.600473 6.36
103.611233 6.36
103.641830 6.01
103.652597 0.05
103.682955 6.01
103.698956 6.36
103.732596 6.36
103.748597 0.05
103.773706 6.36
103.784598 6.36
103.814832 6.36
103.825707 0.05
103.855957 6.36
103.877085 6.36
103.887957 6.36
103.923833 6.36
103.934707 6.36
103.964958 6.36
103.980958 6.36
104.011600 6.36
104.027598 6.36
104.052833 6.36
104.063601 6.36
104.093958 0.05
104.109959 6.36
104.135238 6.36
104.146088 0.05
104.176709 6.36
104.187600 6.36
104.217835 6.36
104.228709 6.36
104.258960 6.36
104.274960 6.36
104.305602 6.36
104.321603 6.36
104.346836 6.36
104.357603 6.01
104.387961 6.36
104.403961 6.36
104.429240 0.05
104.440092 6.36
104.470712 6.36
104.481602 12.32
104.511836 6.36
104.522712 6.36
104.552961 6.36
104.568962 0.05
104.599604 6.36
104.615605 6.36
104.640712 0.05
104.651605 6.36
104.681838 12.32
104.692713 6.36
104.722963 6.36
104.738964 6.36
104.765973 6.36
104.776839 6.36
104.812604 6.36
104.828483 6.36
104.853714 6.36
104.864607 12.32
104.894714 6.36
104.905607 12.32
104.935715 6.36
104.946608 6.36
104.976840 6.36
104.987607 6.36
105.017965 6.36
105.033966 12.32
105.060976 12.32
105.071716 12.32
105.103976 6.36
105.114841 6.36
105.146976 6.36
105.157842 6.36
105.193606 0.05
105.209607 6.36
105.234842 12.32
105.247369 12.32
105.275967 6.36
105.291967 6.36
105.318865 6.36
105.329718 0.05
105.365608 6.36
105.381486 6.36
105.406843 6.36
105.419246 6.36
105.447969 6.36
105.463844 12.32
105.494373 0.05
105.506849 6.36
105.535719 6.36
105.546611 6.36
105.576845 6.36
105.589247 0.05
105.617970 6.36
105.633970 12.32
105.660869 12.32
105.671720 6.36
105.707375 6.36
105.723373 0.05
105.748721 12.32
105.759614 6.36
105.789721 6.36
105.800613 6.36
105.830847 6.36
105.843250 6.36
105.877098 0.05
105.887972 6.01
105.923614 0.05
105.934366 12.32
105.964722 6.01
105.975615 6.01
106.005723 12.32
106.016598 0.05
106.046723 0.05
106.057616 6.36
106.087723 6.36
106.098599 12.32
106.128724 6.36
106.139599 6.36
106.169849 6.36
106.185724 12.32
106.210974 0.05
106.221849 6.36
106.257376 12.32
106.268101 6.36
106.298617 6.36
106.309365 6.36
106.339725 6.01
106.350618 0.05
106.380851 6.36
106.396725 6.36
106.421976 6.36
106.432851 6.36
106.463102 0.05
106.473976 0.05
106.504619 6.01
106.515492 0.05
106.545727 0.05
106.556619 6.36
106.586852 0.05
106.602727 12.32
106.627977 6.36
106.638727 6.36
106.674621 6.36
106.685370 6.36
106.715728 12.32
106.726618 6.01
106.756728 0.05
106.767604 6.36
106.797729 6.36
106.808604 6.36
106.838729 0.05
106.849604 6.01
106.879729 12.32
106.890622 0.05
106.920730 6.36
106.931605 0.05
106.961730 6.01
106.972605 6.36
107.002730 6.36
107.013605 0.05
107.043730 6.01
107.054606 6.36
107.084731 6.01
107.095606 6.01
107.125731 6.01
107.136606 12.32
107.166732 12.32
107.177607 6.01
107.207731 6.36
107.218623 6.36
107.248732 6.36
107.259625 12.32
107.289858 6.36
107.305857 12.32
107.330983 0.05
107.341858 0.05
107.377733 6.36
107.388626 0.05
107.418983 12.32
107.434983 6.36
107.465734 12.32
107.476624 6.36
107.506984 6.36
107.523128 6.36
107.553750 0.05
107.566262 6.36
107.594984 6.36
107.605735 6.36
107.641377 6.01
107.652111 6.36
107.682735 6.36
107.693625 6.36
107.723735 6.36
107.734611 6.36
107.764735 6.36
107.775611 6.36
107.805736 6.36
107.816611 6.36
107.846736 6.36
107.859266 6.36
107.887862 12.32
107.903737 6.36
107.928987 6.36
107.939737 6.36
107.975392 6.36
107.986114 12.32
108.016738 6.36
108.029266 12.32
108.057738 6.36
108.068613 6.36
108.098738 6.36
108.111115 6.36
108.139739 12.32
108.152115 6.36
108.180739 0.05
108.193116 6.36
108.221864 6.36
108.237739 0.05
108.262990 6.36
108.273740 6.01
108.304395 6.36
108.320380 12.32
108.345632 6.36
108.356382 6.36
108.386740 0.05
108.399117 6.36
108.427741 6.36
108.440117 6.36
108.468741 6.36
108.481118 6.36
108.509866 6.36
108.525741 6.36
108.550991 12.32
108.561742 6.36
108.592396 12.32
108.608385 6.36
108.633617 12.32
108.644383 6.01
108.674618 0.05
108.685385 6.36
108.715618 6.36
108.726383 0.05
108.756619 6.36
108.767383 6.36
108.797744 6.36
108.813744 12.32
108.838744 6.36
108.851121 6.36
108.879869 6.36
108.895744 6.36
108.920994 6.36
108.931745 6.36
108.967385 6.36
108.983271 6.36
109.008745 12.32
109.024745 6.36
109.049746 6.36
109.065746 12.32
109.090746 12.32
109.106746 6.36
109.131746 6.36
109.147621 6.36
109.172746 6.36
109.188746 0.05
109.213746 6.01
109.229747 0.05
109.254747 6.36
109.270621 6.36
109.295872 0.05
109.311747 6.36
109.336872 6.36
109.347623 6.36
109.383266 6.01
109.399267 12.32
109.424640 6.36
109.435389 6.01
109.465748 6.36
109.481624 6.36
109.506873 0.05
109.517749 6.36
109.553264 6.36
109.563999 0.05
109.594641 6.36
109.605389 6.36
109.635749 6.36
109.651625 6.36
109.676875 6.36
109.687750 6.36
109.718001 6.36
109.728750 12.32
109.764404 6.36
109.780251 6.36
109.805626 6.36
109.816394 6.36
109.846626 6.36
109.857392 6.36
109.887627 6.36
109.898394 6.36
109.928627 6.36
109.939394 6.36
109.969627 0.05
109.980392 6.36
110.010628 6.36
110.021395 6.36
110.051628 6.36
110.062395 6.36
110.092628 6.36
110.103394 6.36
110.133629 6.36
110.144395 6.36
110.174629 6.36
110.185398 6.36
110.215629 6.36
110.226397 6.36
110.256629 6.36
110.267394 6.36
110.297630 6.36
110.308397 6.36
110.338630 6.36
110.349398 0.05
110.379630 6.36
110.390398 6.36
110.420631 6.36
110.431397 6.36
110.461631 6.36
110.472398 6.36
110.502631 0.05
110.513399 0.05
110.543632 12.32
110.556133 6.36
110.584631 12.32
110.595401 6.36
110.625632 0.05
110.638134 6.36
110.666632 6.36
110.682633 6.36
110.707633 6.36
110.720134 6.36
110.748633 6.36
110.759398 6.36
110.789634 6.36
110.802135 0.05
110.830634 6.36
110.841401 6.36
110.871634 6.36
110.884136 6.36
110.912634 12.32
110.925153 12.32
110.953634 6.36
110.966010 6.36
110.994635 6.36
111.007010 12.32
111.035635 6.36
111.048010 6.36
111.076761 6.36
111.087636 6.01
111.117761 6.36
111.128528 6.36
111.158761 6.36
111.169636 6.36
111.199762 6.36
111.210637 6.36
111.240762 6.36
111.251637 6.36
111.281887 0.05
111.292637 6.36
111.328262 6.36
111.340669 6.36
111.369653 0.05
111.382013 6.36
111.410763 6.36
111.421638 6.36
111.451763 0.05
111.462530 0.05
111.492763 0.05
111.503638 12.32
111.533764 0.05
111.544529 6.36
111.574764 6.36
111.585639 6.36
111.615764 6.36
111.626640 0.05
111.656890 0.05
111.667640 12.32
111.703265 0.05
111.719142 6.36
111.744658 0.05
111.760656 12.32
111.785766 0.05
111.801641 6.36
111.826891 6.36
111.837641 12.32
111.873283 6.36
111.889284 6.36
111.914767 0.05
111.930766 6.01
111.955892 6.01
111.966642 6.01
112.002284 12.32
112.018285 6.01
112.043660 6.01
112.059643 12.32
112.084768 12.32
112.100643 0.05
112.125893 6.36
112.136643 0.05
112.172285 6.36
112.188286 0.05
112.213659 6.36
112.229644 6.36
112.254645 6.36
112.270644 6.36
112.295644 6.36
112.311645 6.36
112.336770 6.36
112.352645 6.36
112.377895 6.36
112.388644 0.05
112.424287 6.36
112.440147 6.36
112.465771 12.32
112.481771 12.32
112.506896 0.05
112.517771 12.32
112.553288 6.36
112.569288 6.36
112.594663 0.05
112.610772 6.36
112.635772 6.36
112.651647 6.36
112.676897 6.01
112.687772 12.32
112.723289 0.05
112.739290 0.05
112.764665 6.36
112.780666 6.36
112.805773 0.05
112.821649 6.36
112.848650 6.36
112.859415 0.05
112.889774 6.36
112.905649 6.36
112.930899 0.05
112.941649 12.32
112.977290 12.32
112.993151 6.36
113.018775 6.36
113.034775 6.36
113.059900 6.36
113.070775 12.32
113.106305 6.36
113.122291 6.36
113.147669 6.36
113.163776 6.36
113.188776 6.36
113.204651 6.36
113.229901 6.36
113.240776 6.36
113.276304 6.36
113.292307 0.05
113.317670 12.32
113.333671 6.36
113.358652 12.32
113.374668 6.36
113.399778 6.36
113.410653 6.36
113.442655 12.32
113.453432 6.36
113.483778 0.05
113.494653 6.36
113.526655 12.32
113.537420 6.36
113.567780 6.36
113.578654 6.36
113.610655 6.36
113.621421 6.36
113.651779 6.36
113.662654 6.36
113.694656 6.36
113.705422 6.36
113.735780 0.05
113.746656 6.36
113.778532 6.01
113.789435 12.32
113.819781 6.36
113.830656 6.36
113.862533 6.36
113.873299 6.36
113.903674 6.36
113.919781 0.05
113.944657 6.36
113.955422 12.32
113.985657 0.05
113.996424 6.36
114.026657 6.36
114.037425 12.32
114.067783 6.36
114.078658 6.36
114.114033 6.36
114.124908 6.36
114.155437 6.36
114.166313 6.36
114.196784 6.36
114.207659 6.36
114.243034 6.36
114.253909 6.36
114.284438 6.36
114.295302 0.05
114.325785 6.36
114.336660 6.36
114.372034 6.36
114.382785 6.36
114.413439 6.36
114.424161 6.36
114.454786 6.36
114.465678 0.05
114.501036 6.36
114.511786 6.36
114.542441 6.36
114.553162 6.36
114.583661 6.36
114.594430 6.36
114.624787 6.36
114.635662 6.36
114.671037 6.36
114.681912 6.36
114.712443 0.05
114.723315 6.36
114.753788 6.36
114.764663 6.36
114.800038 6.36
114.810913 6.36
114.841442 0.05
114.852315 6.36
114.882664 6.36
114.893431 6.36
114.923789 6.36
114.934664 6.36
114.970039 6.36
114.980790 6.36
115.011443 6.36
115.022317 6.36
115.052790 6.36
115.063665 6.36
115.099166 6.36
115.115167 6.36
115.140684 6.36
115.156683 6.36
115.187041 6.36
115.197790 6.36
115.228446 6.36
115.239318 6.36
115.269791 6.36
115.280682 6.36
115.316042 6.36
115.326792 6.36
115.357559 6.36
115.373685 6.36
115.404043 6.36
115.420043 6.36
115.445447 0.05
115.456187 0.05
115.486668 6.36
115.497560 12.32
115.527794 6.36
115.538669 6.36
115.574044 6.36
115.584919 0.05
115.615448 0.05
115.627919 0.05
115.656794 6.36
115.667670 6.36
115.703045 0.05
115.713920 6.36
115.744450 6.36
115.756920 0.05
115.785671 6.36
115.796437 6.36
115.826796 6.36
115.837671 6.36
115.873046 6.36
115.883921 6.01
115.914449 6.01
115.926921 12.32
115.955672 0.05
115.966438 6.36
115.996672 6.01
116.007441 6.36
116.037797 0.05
116.048672 6.36
116.084048 0.05
116.096549 0.05
116.125453 12.32
116.138048 6.01
116.166798 6.36
116.177673 6.36
116.213048 6.36
116.225550 6.36
116.254451 6.36
116.266924 6.36
116.295674 12.32
116.306440 6.36
116.336799 6.01
116.347675 12.32
116.383050 6.36
116.395551 0.05
116.424454 6.01
116.437050 6.36
116.465675 0.05
116.476441 6.36
116.506801 0.05
116.517676 12.32
116.553051 6.36
116.565552 6.36
116.594454 6.01
116.606802 6.36
116.635677 6.36
116.646442 6.36
116.676802 0.05
116.687677 0.05
116.723052 0.05
116.735429 6.36
116.764455 0.05
116.780332 6.36
116.805678 6.36
116.816446 12.32
116.846679 0.05
116.857444 0.05
116.887804 0.05
116.898679 12.32
116.934054 6.36
116.950054 0.05
116.975457 6.36
116.991458 6.36
117.016805 6.36
117.027680 6.36
117.063054 6.36
117.078930 0.05
117.104459 12.32
117.120459 6.36
117.145806 6.36
117.156681 0.05
117.192056 12.32
117.207931 0.05
117.233458 6.36
117.249335 0.05
117.274807 6.36
117.285699 6.36
117.321057 6.36
117.336932 6.36
117.362462 0.05
117.378336 6.36
117.403808 12.32
117.414683 6.36
117.450057 12.32
117.465933 0.05
117.491460 6.36
117.507335 12.32
117.532683 6.36
117.543452 12.32
117.573808 6.36
117.584684 0.05
117.620059 6.01
117.635934 6.36
117.661463 6.36
117.677325 12.32
117.702701 6.36
117.713450 6.36
117.743810 12.32
117.754685 12.32
117.790061 6.36
117.805935 6.36
117.831463 6.36
117.847340 6.36
117.872811 6.36
117.883686 6.36
117.919061 6.36
117.935062 6.36
117.960466 6.36
117.976340 6.36
118.001812 6.36
118.012687 6.36
118.048062 6.36
118.063938 6.36
118.089464 6.36
118.105340 6.36
118.130688 6.36
118.141453 6.36
118.171813 6.36
118.182688 6.36
118.218063 6.36
118.233939 6.36
118.259467 6.36
118.275344 6.36
118.302440 6.36
118.313190 6.36
118.343707 6.36
118.354455 6.36
118.390065 12.32
118.405940 6.36
118.431468 6.36
118.447344 6.36
118.474441 6.36
118.485192 6.36
118.517442 6.36
118.528192 6.36
118.558708 6.36
118.569459 6.36
118.605066 6.36
118.620942 6.36
118.646471 6.36
118.662582 6.36
118.689472 6.36
118.700346 6.36
118.732473 6.36
118.743193 6.36
118.775473 6.36
118.786346 6.36
118.818473 6.36
118.829193 6.36
118.861472 6.36
118.872194 6.36
118.904476 0.05
118.915346 12.32
118.947476 6.36
118.958195 6.36
118.990482 6.36
119.001346 6.36
119.033473 12.32
119.044195 6.36
119.076476 6.36
119.087350 6.36
119.119474 6.36
119.130350 6.36
119.165946 6.36
119.178447 6.36
119.207196 6.36
119.217946 6.36
119.248351 12.32
119.260821 6.36
119.295071 6.36
119.310947 6.36
119.336475 6.36
119.352465 0.05
119.379476 6.36
119.390198 12.32
119.426072 12.32
119.441948 6.01
119.467466 6.36
119.483341 0.05
119.513948 0.05
119.530073 6.36
119.555199 6.36
119.565949 6.36
119.596466 12.32
119.612466 6.36
119.637592 6.36
119.648339 12.32
119.684074 6.36
119.699950 0.05
119.725466 6.36
119.736355 12.32
119.772083 0.05
119.787950 6.36
119.813480 6.36
119.829468 6.36
119.859825 6.36
119.870593 6.36
119.900951 6.36
119.916951 6.36
119.942201 12.32
119.952951 6.36
119.983356 6.36
119.999468 6.36
120.024592 12.32
120.035354 6.36
120.070828 6.36
120.081594 6.36
120.111953 0.05
120.128085 0.05
120.156356 6.36
120.172480 6.36
120.197594 12.32
120.208355 6.36
120.243953 6.36
120.260087 6.36
120.285231 6.36
120.296087 6.36
120.326472 6.36
120.337356 6.36
120.373089 6.36
120.383830 6.36
120.414483 6.36
120.425235 6.36
120.461083 6.36
120.471955 6.36
120.502596 6.36
120.513360 6.36
120.548956 6.36
120.565084 6.36
120.590235 6.36
120.601085 12.32
120.631721 12.32
120.642598 6.36
120.672957 12.32
120.689086 12.32
120.714361 12.32
120.744085 6.36
120.754957 6.36
120.785601 12.32
120.796363 6.36
120.831958 6.01
120.848086 12.32
120.873238 12.32
120.884087 6.01
120.914600 6.01
120.925363 6.01
120.961088 6.01
120.971959 0.05
121.002602 12.32
121.013364 12.32
121.048960 0.05
121.065089 6.36
121.090237 12.32
121.101089 6.36
121.131603 12.32
121.142362 0.05
121.178090 6.36
121.188960 6.36
121.219603 12.32
121.230366 12.32
121.265836 6.36
121.278366 6.01
121.306961 6.36
121.322962 6.01
121.348241 6.36
121.359092 6.36
121.391354 12.32
121.402091 6.36
121.434353 12.32
121.445092 6.36
121.477368 6.01
121.488091 6.36
121.520369 6.36
121.531091 6.36
121.563366 6.36
121.574093 6.36
121.606371 6.36
121.617243 6.01
121.649369 6.36
121.660243 6.36
121.692370 6.36
121.703244 6.36
121.735371 6.36
121.746244 6.36
121.778371 6.36
121.789244 6.36
121.821369 6.36
121.832092 6.36
121.867966 6.36
121.884092 6.01
121.909245 6.36
121.921716 6.36
121.950609 6.36
121.961372 6.36
121.996842 6.36
122.012842 6.36
122.037967 6.36
122.053967 6.36
122.079246 6.36
122.091842 6.36
122.122344 6.36
122.133245 6.36
122.168968 6.36
122.184968 6.36
122.210247 6.36
122.226373 6.36
122.253220 6.36
122.264095 6.36
122.294610 12.32
122.305359 6.36
122.340844 6.36
122.356719 6.36
122.381969 6.36
122.397970 6.36
122.423096 0.05
122.433970 6.36
122.464373 6.36
122.485970 6.36
122.502096 6.36
122.527373 12.32
122.543248 6.36
122.573971 6.36
122.590096 6.36
122.615249 6.36
122.631376 12.32
122.661972 0.05
122.672847 6.36
122.703374 6.36
122.714251 6.36
122.749972 6.36
122.760847 6.36
122.791251 0.05
122.807376 6.36
122.837848 6.36
122.853972 0.05
122.878973 12.32
122.889848 6.36
122.920378 6.36
122.931252 6.36
122.966974 6.36
122.977849 6.36
123.008253 6.36
123.024378 6.36
123.054849 6.36
123.070850 6.36
123.095975 6.36
123.106850 6.36
123.137380 6.36
123.148101 0.05
123.183975 6.36
123.194976 6.36
123.225377 0.05
123.236103 6.01
123.271976 12.32
123.282976 6.01
123.313492 6.36
123.324256 12.32
123.359977 6.36
123.370852 0.05
123.401494 6.36
123.412495 0.05
123.447977 6.01
123.458977 12.32
123.489495 12.32
123.500495 6.01
123.530853 12.32
123.546978 6.36
123.571978 6.36
123.582853 6.36
123.613381 6.36
123.624259 6.36
123.659979 6.36
123.670729 6.36
123.701259 6.36
123.717384 6.36
123.747980 6.01
123.758855 6.01
123.789383 5.69
123.800107 5.69
123.835856 5.69
123.851981 5.69
123.876981 5.69
123.887731 5.69
123.918261 5.35
123.934384 5.00
123.959623 5.00
123.970373 5.00
124.000856 5.00
124.016982 5.00
124.041981 5.00
124.052732 5.00
124.083387 5.00
124.094262 5.00
124.129983 5.00
124.140732 5.00
124.171385 4.68
124.182262 4.68
124.217983 4.68
124.228733 4.68
124.259387 4.68
124.270261 4.34
124.305984 4.34
124.316734 4.68
124.347264 4.68
124.363388 4.68
124.393984 4.68
124.404859 4.68
124.435387 4.68
124.446111 4.68
124.481860 4.68
124.497985 4.68
124.522985 4.68
124.533736 4.68
124.564263 4.68
124.580387 4.68
124.610986 4.68
124.621861 4.34
124.652390 4.68
124.663265 4.34
124.698737 4.34
124.711238 4.68
124.739737 4.68
124.750612 4.68
124.780737 4.68
124.793239 4.34
124.821738 4.68
124.834240 4.68
124.862738 4.34
124.873628 4.68
124.903738 4.34
124.916240 4.34
124.944739 4.68
124.955631 4.34
124.985739 4.68
124.998240 4.34
125.026739 4.34
125.039241 4.68
125.067865 4.34
125.083990 4.34
125.108990 4.34
125.119865 4.34
125.150268 4.34
125.166392 4.34
125.196990 4.34
125.207865 4.34
125.238394 4.34
125.249268 4.34
125.284991 4.34
125.295741 4.34
125.326270 4.34
125.342393 4.34
125.369118 4.34
125.379992 4.34
125.415867 4.34
125.431992 4.34
125.456992 4.34
125.467742 4.34
125.498272 4.34
125.508992 4.34
125.541119 4.34
125.551993 4.34
125.587868 4.34
125.598743 4.34
125.628994 4.34
125.639744 4.34
125.670274 4.34
125.680994 4.34
125.716745 4.34
125.729121 4.34
125.757745 4.34
125.773870 4.34
125.798745 4.34
125.811121 4.34
125.839745 4.68
125.855870 4.34
125.880745 4.34
125.896871 4.68
125.921886 4.34
125.932755 4.34
125.963526 4.34
125.974525 4.34
126.005002 4.34
126.015877 4.34
126.051875 4.34
126.062625 4.34
126.093125 4.34
126.109249 4.34
126.139873 4.34
126.150623 4.34
126.181123 4.34
126.197144 4.34
126.222400 4.34
126.233124 4.34
126.263638 4.34
126.274392 4.34
126.304624 4.34
126.315389 4.34
126.346137 4.34
126.362384 4.34
126.393006 4.34
126.404006 4.34
126.439879 4.34
126.450753 4.34
126.481414 4.34
126.492252 4.34
126.522625 4.34
126.533444 4.34
126.564328 4.34
