0.000000 0.000000
0.042135 4.34
0.054704 4.34
0.089016 4.34
0.100093 2.66
0.130594 2.34
0.141594 2.34
0.172364 2.66
0.190253 2.34
0.213991 2.66
0.224989 2.66
0.255573 2.34
0.266448 2.66
0.297212 2.66
0.313446 2.66
0.338570 2.34
0.349445 2.66
0.379973 2.66
0.390694 2.66
0.421333 2.66
0.437335 2.66
0.467694 2.34
0.483694 2.34
0.508969 2.66
0.519851 2.34
0.550333 2.34
0.566333 2.34
0.591445 2.66
0.602334 2.34
0.637695 2.34
0.653695 2.66
0.678969 2.34
0.689853 2.66
0.720337 2.34
0.736334 2.66
0.767015 2.34
0.778021 2.66
0.813854 2.66
0.824851 2.34
0.855462 2.66
0.866462 2.66
0.897099 2.34
0.908086 2.66
0.944016 2.66
0.955099 2.34
0.985600 4.02
0.996600 4.02
1.027229 4.34
1.043352 4.34
1.074079 4.02
1.084992 4.02
1.117241 4.02
1.128220 4.02
1.163880 4.02
1.179866 4.02
1.205216 4.02
1.221217 4.02
1.246325 4.02
1.257215 4.02
1.287450 4.02
1.298340 4.02
1.333700 4.02
1.349700 4.02
1.375219 4.02
1.391220 4.02
1.416451 4.02
1.427341 4.02
1.458102 4.34
1.470728 4.34
1.504991 4.34
1.515851 4.34
1.546585 4.34
1.557457 4.34
1.587998 4.34
1.598843 4.34
1.631242 4.34
1.642228 4.34
1.672853 4.34
1.683846 4.34
1.714459 4.34
1.725459 4.34
1.755833 4.34
1.766707 4.34
1.797346 4.34
1.808099 4.34
1.838705 4.34
1.851205 4.34
1.880109 4.34
1.892579 4.34
1.921455 4.34
1.932347 4.34
1.967705 4.34
1.983705 4.34
2.008982 4.34
2.019831 4.34
2.050456 4.34
2.061348 4.34
2.096831 4.34
2.107705 4.34
2.138349 4.34
2.149100 4.34
2.184832 4.34
2.195706 4.34
2.226348 4.34
2.237224 4.34
2.267347 4.34
2.278100 4.34
2.308457 4.34
2.319332 4.34
2.354582 4.34
2.365458 4.34
2.395707 4.34
2.411708 4.34
2.436988 4.34
2.447834 4.34
2.478458 4.34
2.489351 4.34
2.524583 4.34
2.535459 4.34
2.565709 4.34
2.581584 4.34
2.606988 4.34
2.617836 4.34
2.648460 4.34
2.659352 4.34
2.694585 4.34
2.705335 4.34
2.735710 4.34
2.751585 4.34
2.776989 4.34
2.787837 4.34
2.818461 4.34
2.829352 4.34
2.864586 4.34
2.875461 4.34
2.905712 4.34
2.921711 4.34
2.947116 4.34
2.963115 4.34
2.988462 4.34
2.999352 4.34
3.034712 4.34
3.050712 4.34
3.075991 4.34
3.086838 4.34
3.117463 4.34
3.128353 4.34
3.163588 4.34
3.174339 4.34
3.204714 4.34
3.220714 4.34
3.245992 4.34
3.256839 4.34
3.287464 4.34
3.298357 4.34
3.333590 4.34
3.344340 4.34
3.374715 4.34
3.390715 4.34
3.416118 4.34
3.432118 4.34
3.457359 4.34
3.468107 4.34
3.498466 4.34
3.509341 4.34
3.544716 4.34
3.560846 4.34
3.585994 4.34
3.596872 4.34
3.627467 4.34
3.638356 4.34
3.673716 4.34
3.689592 4.34
3.714996 4.34
3.725844 4.34
3.758094 4.34
3.768996 4.34
3.799468 4.34
3.810358 4.34
3.845593 4.34
3.858095 4.34
3.886719 4.34
3.902593 4.34
3.927996 4.34
3.940469 4.34
3.969469 4.02
3.985594 4.34
4.015719 4.34
4.031845 4.34
4.057123 4.34
4.073360 4.34
4.100096 4.34
4.110999 4.34
4.143096 4.34
4.153846 4.34
4.184362 4.34
4.195113 4.34
4.230596 4.34
4.241471 4.34
4.271721 4.34
4.287596 4.34
4.313001 4.34
4.323721 4.34
4.354363 4.34
4.365113 4.34
4.397098 4.34
4.407848 4.34
4.440098 4.34
4.450866 4.34
4.481365 4.34
4.492113 4.34
4.527598 4.34
4.540115 4.34
4.568723 4.34
4.579598 4.34
4.610000 4.34
4.622474 4.34
4.653118 4.34
4.663866 4.34
4.696119 4.34
4.706866 4.34
4.739101 4.34
4.749993 4.34
4.785600 4.34
4.798101 4.34
4.826725 4.34
4.837600 4.34
4.867975 4.34
4.880476 4.34
4.909368 4.34
4.920242 4.34
4.955601 4.34
4.968007 4.34
4.996726 4.34
5.007602 4.34
5.038242 4.34
5.048977 4.34
5.084602 4.34
5.097007 4.34
5.125730 4.34
5.141601 4.34
5.166726 4.34
5.182601 4.34
5.207853 4.34
5.218601 4.34
5.248882 4.34
5.259728 4.34
5.290369 4.34
5.301119 4.34
5.336729 4.34
5.352729 4.34
5.377979 4.34
5.390479 4.34
5.419372 4.34
5.430119 4.34
5.460480 4.34
5.471355 4.34
5.501480 4.34
5.512355 4.34
5.542481 4.34
5.553373 4.34
5.583480 4.34
5.594356 4.34
5.624481 4.34
5.635373 4.34
5.665481 4.34
5.676356 4.34
5.706481 4.34
5.717249 4.34
5.747482 4.34
5.758249 4.34
5.788482 4.34
5.799357 4.34
5.829483 4.34
5.840357 4.34
5.870482 4.34
5.881358 4.34
5.911483 4.34
5.922358 4.34
5.952483 4.34
5.963358 4.34
5.993483 4.34
6.004359 4.34
6.034484 4.34
6.045359 4.34
6.075484 4.34
6.086359 4.34
6.116484 4.34
6.127359 4.34
6.157484 4.34
6.168360 4.34
6.198485 4.34
6.209360 4.34
6.239485 4.34
6.250377 4.34
6.280486 4.34
6.291361 4.34
6.321486 4.34
6.332361 4.34
6.362486 4.34
6.373361 4.34
6.403486 4.34
6.414362 4.34
6.444486 4.34
6.455361 4.34
6.485487 4.34
6.496362 4.34
6.526487 4.34
6.537379 4.34
6.567612 4.34
6.583612 4.34
6.608864 4.34
6.619738 4.34
6.650380 4.34
6.661129 4.02
6.696739 4.34
6.707488 4.34
6.738141 4.34
6.748865 4.34
6.784739 4.34
6.795489 4.34
6.826144 4.34
6.836989 4.34
6.872615 4.34
6.888615 4.34
6.913866 4.34
6.924740 4.34
6.955383 4.34
6.966131 4.34
6.996616 4.34
7.012490 4.34
7.037866 4.34
7.048741 4.34
7.079381 4.34
7.090132 4.34
7.120616 4.34
7.136491 4.34
7.161867 4.34
7.172742 4.34
7.204993 4.34
7.215868 4.34
7.247994 4.34
7.258868 4.34
7.289385 4.34
7.300133 4.34
7.330617 4.34
7.346493 4.34
7.371869 4.34
7.382743 4.34
7.413153 4.34
7.424009 4.34
7.459619 4.34
7.475494 4.34
7.500870 4.34
7.513495 4.34
7.542387 4.34
7.553137 4.34
7.583620 4.34
7.599745 4.34
7.624745 4.34
7.635495 4.34
7.666150 4.34
7.676871 4.34
7.712746 4.34
7.723621 4.34
7.754150 4.34
7.765013 4.34
7.800621 4.34
7.816746 4.34
7.841746 4.34
7.852621 4.34
7.883152 4.34
7.894015 4.34
7.929497 4.34
7.941873 4.34
7.970622 4.34
7.986497 4.34
8.011874 4.34
8.024390 4.34
8.053153 4.34
8.064028 4.34
8.099623 4.34
8.115748 4.34
8.144027 4.34
8.160016 4.34
8.190624 4.34
8.201374 4.34
8.231875 4.34
8.248027 4.34
8.274876 4.34
8.285750 4.34
8.321625 4.34
8.332375 4.34
8.362876 4.34
8.379030 4.34
8.404154 4.34
8.414876 4.34
8.445376 4.34
8.456270 4.34
8.486501 4.34
8.502501 4.34
8.527626 4.34
8.538502 4.34
8.568878 4.34
8.585030 4.34
8.610156 4.34
8.621032 4.34
8.651377 4.34
8.662144 4.34
8.692378 4.34
8.703146 4.34
8.733503 4.34
8.749628 4.34
8.774628 4.34
8.790628 4.34
8.815909 4.34
8.832033 4.34
8.857272 4.34
8.868020 4.34
8.898505 4.34
8.914504 4.34
8.939630 4.34
8.950505 4.34
8.980880 4.34
8.997031 4.34
9.027631 4.34
9.038505 4.34
9.068881 4.34
9.084881 4.34
9.115631 4.34
9.126506 4.34
9.156882 4.34
9.173036 4.34
9.198160 4.34
9.208882 4.34
9.239507 4.34
9.255632 4.34
9.280632 4.34
9.291382 4.34
9.321883 4.34
9.337883 4.34
9.368633 4.34
9.379507 4.34
9.409758 4.34
9.420508 4.34
9.451276 4.34
9.462163 4.34
9.492383 4.34
9.503151 4.34
9.533509 4.34
9.549634 4.34
9.574634 4.34
9.590634 4.34
9.615885 4.34
9.632038 4.34
9.662635 4.34
9.673510 4.34
9.703760 4.34
9.714510 4.34
9.745029 4.34
9.755886 4.34
9.786385 4.34
9.797154 4.34
9.827510 4.34
9.843636 4.34
9.868636 4.34
9.879387 4.34
9.909887 4.34
9.926041 4.34
9.951166 4.34
9.962040 4.34
9.992512 4.34
10.008637 4.34
10.033637 4.34
10.044388 4.34
10.074762 4.34
10.087388 4.34
10.116166 4.34
10.127043 4.34
10.157513 4.34
10.173513 4.34
10.198638 4.34
10.209513 4.34
10.239916 4.34
10.256044 4.34
10.286639 4.34
10.297514 4.34
10.327890 4.34
10.344044 4.34
10.374640 4.34
10.390639 4.34
10.419042 4.34
10.429905 4.34
10.460390 4.34
10.472894 4.34
10.501516 4.34
10.517516 4.34
10.542641 4.34
10.553516 4.34
10.583920 4.34
10.600046 4.34
10.630642 4.34
10.641391 4.34
10.671908 4.34
10.688045 4.34
10.714772 4.34
10.725767 4.34
10.757772 4.34
10.768642 4.34
10.800773 4.34
10.811518 4.34
10.843786 4.34
10.854518 4.34
10.890411 4.34
10.902805 4.34
10.931643 4.34
10.942394 4.34
10.972769 4.34
10.985286 4.34
11.015785 4.34
11.026644 4.34
11.062411 4.34
11.074773 4.34
11.103645 4.34
11.114519 4.34
11.144911 4.34
11.155770 4.34
11.191413 4.34
11.207521 4.34
11.232646 4.34
11.243521 4.34
11.273924 4.34
11.284771 4.34
11.320412 4.34
11.336412 4.34
11.361647 4.34
11.372522 4.34
11.402898 4.34
11.413772 4.34
11.449647 4.34
11.460523 4.34
11.490898 4.34
11.501773 4.34
11.537523 4.34
11.548415 4.34
11.578648 4.34
11.589398 4.34
11.619900 4.34
11.630773 4.34
11.666414 4.34
11.682415 4.34
11.707649 4.34
11.718400 4.34
11.748901 4.34
11.759774 4.34
11.790054 4.34
11.800901 4.34
11.831417 4.34
11.847417 4.34
11.872650 4.34
11.883526 4.34
11.913901 4.34
11.924776 4.34
11.960419 4.34
11.976416 4.34
12.001651 4.34
12.012527 4.34
12.042902 4.34
12.053776 4.34
12.089418 4.34
12.105419 4.34
12.130652 4.34
12.141403 4.34
12.171903 4.34
12.182777 4.34
12.213057 4.34
12.223904 4.34
12.254418 4.34
12.270418 4.34
12.295653 4.34
12.306403 4.34
12.336904 4.34
12.347779 4.34
12.383422 4.34
12.399421 4.34
12.424654 4.34
12.435404 4.34
12.465905 4.34
12.476779 4.34
12.512422 4.34
12.528530 4.34
12.553655 4.34
12.564530 4.34
12.594780 4.34
12.610780 4.34
12.636058 4.34
12.646781 4.34
12.677424 4.34
12.693424 4.34
12.718656 4.34
12.729531 4.34
12.759908 4.34
12.770782 4.34
12.806425 4.34
12.822424 4.34
12.847657 4.34
12.858407 4.34
12.888783 4.34
12.904783 4.34
12.935298 4.34
12.947786 4.34
12.976534 4.34
12.987409 4.34
13.017659 4.34
13.028409 4.34
13.058909 4.34
13.069783 4.34
13.105426 4.34
13.121426 4.34
13.146659 4.34
13.157534 4.34
13.187911 4.34
13.198785 4.34
13.234427 4.34
13.250427 4.34
13.275661 4.34
13.286536 4.34
13.316912 4.34
13.327786 4.34
13.363429 4.34
13.379429 4.34
13.404662 4.34
13.417177 4.34
13.445912 4.34
13.456786 4.34
13.488666 4.34
13.499537 4.34
13.529941 4.34
13.540787 4.34
13.576538 4.34
13.587429 4.34
13.617663 4.34
13.630053 4.34
13.658788 4.34
13.674788 4.34
13.705432 4.34
13.721433 4.34
13.746664 4.34
13.762664 4.34
13.787915 4.34
13.798789 4.34
13.834539 4.34
13.845429 4.34
13.875665 4.34
13.888056 4.34
13.916915 4.34
13.927790 4.34
13.958193 4.34
13.968915 4.34
13.999415 4.34
14.010187 4.34
14.040541 4.34
14.051307 4.34
14.081666 4.34
14.097667 4.34
14.122917 4.34
14.133667 4.34
14.164308 4.34
14.180184 4.34
14.205542 4.34
14.216310 4.34
14.246667 4.34
14.262543 4.34
14.287918 4.34
14.298793 4.34
14.334183 4.34
14.344918 4.34
14.375418 4.34
14.386185 4.34
14.416419 4.34
14.427183 4.34
14.457544 4.34
14.468311 4.34
14.498669 4.34
14.514544 4.02
14.539920 4.34
14.550795 4.34
14.581187 4.34
14.591920 4.34
14.622312 4.34
14.638313 4.34
14.663545 4.34
14.674313 4.34
14.704671 4.34
14.720670 4.34
14.745921 4.34
14.756671 4.34
14.787189 4.34
14.797922 4.34
14.828421 4.34
14.839187 4.34
14.869547 4.34
14.880312 4.34
14.910672 4.34
14.926672 4.34
14.960313 4.34
14.976315 4.34
15.001423 4.34
15.012191 4.34
15.042548 4.34
15.053316 4.34
15.083673 4.34
15.099673 4.34
15.124924 4.34
15.135673 4.34
15.166189 4.34
15.176925 4.34
15.207424 4.34
15.218191 4.34
15.248424 4.34
15.259190 4.34
15.289550 4.34
15.300314 4.34
15.330675 4.34
15.346675 4.34
15.380317 4.34
15.396319 4.34
15.421426 4.34
15.432194 4.34
15.462551 4.34
15.473320 4.34
15.503676 4.34
15.519677 4.34
15.544927 4.34
15.555677 4.34
15.586195 4.34
15.602320 4.34
15.627427 4.34
15.638193 4.34
15.668427 4.34
15.679196 4.34
15.709428 4.34
15.720196 4.34
15.750553 4.34
15.761319 4.34
15.791678 4.34
15.807679 4.34
15.832958 4.34
15.843806 4.34
15.879321 4.34
15.895197 4.34
15.920554 4.34
15.931321 4.34
15.961679 4.34
15.977555 4.34
16.004711 4.34
16.015555 4.34
16.046321 4.34
16.062320 4.34
16.087430 4.34
16.098323 4.34
16.128431 4.34
16.139321 4.34
16.169431 4.34
16.180321 4.34
16.210432 4.34
16.221324 4.34
16.251431 4.34
16.262323 4.34
16.292557 4.34
16.304959 4.34
16.333682 4.34
16.349682 4.34
16.374811 4.34
16.385682 4.34
16.416326 4.34
16.432324 4.34
16.457558 4.34
16.469961 4.34
16.498684 4.34
16.514683 4.34
16.541590 4.34
16.552434 4.34
16.588212 4.34
16.600589 4.34
16.629560 4.34
16.641964 4.34
16.670685 4.34
16.686685 4.34
16.717088 4.34
16.729591 4.34
16.758436 4.34
16.769325 4.34
16.799436 4.34
16.810329 4.34
16.840561 4.34
16.852964 4.34
16.881686 4.34
16.892561 4.34
16.924591 4.34
16.935437 4.34
16.971327 4.34
16.982091 4.34
17.012437 4.34
17.023328 4.34
17.053437 4.34
17.064330 4.34
17.094563 4.34
17.110438 4.34
17.135688 4.34
17.146438 4.34
17.182091 4.34
17.192814 4.34
17.223439 4.34
17.234330 4.34
17.264438 4.34
17.275329 4.34
17.305564 4.34
17.321439 4.34
17.346690 4.34
17.357439 4.34
17.393207 4.34
17.409092 4.34
17.434440 4.34
17.445333 4.34
17.475441 4.34
17.486331 4.34
17.516440 4.34
17.527331 4.34
17.557566 4.34
17.573441 4.34
17.598691 4.34
17.609442 4.34
17.645095 4.34
17.661096 4.34
17.686442 4.34
17.697334 4.34
17.727567 4.34
17.743567 4.34
17.768693 4.34
17.779442 4.34
17.809819 4.34
17.820693 4.34
17.851335 4.34
17.862084 4.34
17.892568 4.34
17.908444 4.34
17.933693 4.34
17.944569 4.34
17.980097 4.34
17.990820 4.34
18.021444 4.34
18.032338 4.34
18.062445 4.34
18.073337 4.34
18.103445 4.34
18.114320 4.34
18.144445 4.34
18.155321 4.34
18.185445 4.34
18.196320 4.34
18.226446 4.34
18.237336 4.34
18.267571 4.34
18.283571 4.34
18.308696 4.34
18.319446 4.34
18.355099 4.34
18.371100 4.34
18.396447 4.34
18.407339 4.34
18.437447 4.34
18.448322 4.34
18.478573 4.34
18.494448 4.34
18.519697 4.34
18.530572 4.34
18.566338 4.34
18.577093 4.34
18.607573 4.34
18.623448 4.34
18.648699 4.34
18.659574 4.34
18.695103 4.34
18.711092 4.34
18.736340 4.34
18.747092 4.34
18.777575 4.34
18.793574 4.34
18.818700 4.34
18.829450 4.34
18.861585 4.34
18.872451 4.34
18.902700 4.34
18.913575 4.34
18.945585 4.34
18.956344 4.34
18.986701 4.34
18.997576 4.34
19.029585 4.34
19.040345 4.34
19.070702 4.34
19.081577 4.34
19.113461 4.34
19.124345 4.34
19.154452 4.34
19.166828 4.34
19.195453 4.34
19.207828 4.34
19.236578 4.34
19.252578 4.34
19.277703 4.34
19.288578 4.34
19.324107 4.34
19.336462 4.02
19.365454 4.34
19.377830 4.34
19.406454 4.34
19.418830 4.34
19.447454 4.34
19.459830 4.34
19.488455 4.34
19.500830 4.34
19.529579 4.34
19.540330 4.34
19.572464 4.34
19.583347 4.34
19.613581 4.34
19.629456 4.34
19.654706 4.34
19.665456 4.34
19.696108 4.34
19.711986 4.34
19.737457 4.34
19.749832 4.34
19.778582 4.34
19.794457 4.34
19.819707 4.34
19.830457 4.34
19.866098 4.34
19.881987 4.34
19.907458 4.34
19.923332 4.34
19.948458 4.34
19.964334 4.34
19.989708 4.34
20.000583 4.34
20.031224 4.34
20.041987 4.34
20.072334 4.34
20.083099 4.34
20.113459 4.34
20.129459 4.34
20.154459 4.34
20.170335 4.34
20.195459 4.34
20.211460 4.34
20.236460 4.34
20.252460 4.02
20.277460 4.34
20.293335 4.34
20.318460 4.02
20.334461 4.34
20.359461 4.34
20.375461 4.02
20.400461 4.34
20.416337 4.34
20.441586 4.34
20.452337 4.34
20.482712 4.34
20.493462 4.34
20.529114 4.34
20.544989 4.34
20.570462 4.34
20.586462 4.34
20.611463 4.34
20.627463 4.02
20.652463 4.34
20.668338 4.34
20.693463 4.34
20.709464 4.34
20.734714 4.34
20.745588 4.34
20.781116 4.34
20.796993 4.34
20.822464 4.34
20.838339 4.34
20.863465 4.34
20.879465 4.34
20.904465 4.34
20.920465 4.34
20.945465 4.34
20.961340 4.34
20.986465 4.34
21.002341 4.34
21.027465 4.34
21.043341 4.34
21.068466 4.34
21.084341 4.34
21.109466 4.34
21.125466 4.34
21.150467 4.34
21.166467 4.34
21.191467 4.34
21.207467 4.34
21.232467 4.34
21.248342 4.34
21.273467 4.34
21.289468 4.34
21.314468 4.34
21.330468 4.34
21.355468 4.34
21.371468 4.34
21.396468 4.34
21.412343 4.34
21.437593 4.34
21.453469 4.34
21.480470 4.34
21.491360 4.34
21.521469 4.34
21.537470 4.34
21.562469 4.34
21.578469 4.34
21.603470 4.34
21.619345 4.34
21.644470 4.02
21.660470 4.02
21.685470 4.34
21.701346 4.34
21.726471 4.34
21.742346 4.34
21.767471 4.34
21.783346 4.34
21.808471 4.34
21.824346 4.34
21.849472 4.34
21.865347 4.34
21.890597 4.34
21.901347 4.34
21.936990 4.34
21.949348 4.02
21.978365 4.02
21.994362 4.34
22.019348 4.02
22.031723 4.34
22.060348 4.34
22.072723 4.34
22.101348 4.34
22.113723 4.34
22.142349 4.34
22.154723 4.34
22.183349 4.34
22.195724 4.34
22.224349 4.34
22.236724 4.34
22.265349 4.34
22.281366 4.34
22.306350 4.34
22.318725 4.34
22.347351 4.34
22.359725 4.34
22.388351 4.34
22.404366 4.34
22.429351 4.34
22.441725 4.34
22.470351 4.34
22.482726 4.34
22.511351 4.34
22.527370 4.34
22.552366 4.34
22.568369 4.34
22.593352 4.34
22.605727 4.34
22.634352 4.34
22.650370 4.34
22.675353 4.34
22.691370 4.34
22.716353 4.34
22.732478 4.34
22.757353 4.34
22.773370 4.34
22.798354 4.34
22.814371 4.34
22.839354 4.34
22.855371 4.34
22.880354 4.34
22.896354 4.34
22.921369 4.34
22.937373 4.34
22.962355 4.34
22.978372 4.34
23.003355 4.34
23.019480 4.34
23.044355 4.34
23.060372 4.34
23.085355 4.34
23.101372 4.34
23.126356 4.34
23.142373 4.34
23.167356 4.34
23.183356 4.34
23.208356 4.34
23.224357 4.34
23.249357 4.34
23.265372 4.34
23.290357 4.34
23.306482 4.34
23.331357 4.34
23.347357 4.34
23.372357 4.34
23.388357 4.34
23.413358 4.34
23.429358 4.34
23.454358 4.34
23.470375 4.34
23.495359 4.34
23.511359 4.34
23.536373 4.34
23.552377 4.34
23.577359 4.34
23.593484 4.34
23.618359 4.34
23.634360 4.34
23.659359 4.34
23.675360 4.34
23.700360 4.34
23.716360 4.34
23.741360 4.34
23.757360 4.34
23.782361 4.34
23.798361 4.34
23.823361 4.34
23.839376 4.34
23.864361 4.34
23.880486 4.34
23.905361 4.34
23.921378 4.34
23.946361 4.34
23.962378 4.34
23.987362 4.34
24.003362 4.34
24.028362 4.34
24.044362 4.34
24.069363 4.34
24.085362 4.34
24.110363 4.34
24.126363 4.34
24.151363 4.34
24.167488 4.34
24.192363 4.34
24.208363 4.34
24.233488 4.34
24.249488 4.34
24.276364 4.34
24.287129 4.34
24.317364 4.34
24.333364 4.34
24.358365 4.34
24.374365 4.34
24.399365 4.34
24.415365 4.34
24.440365 4.34
24.456365 4.34
24.481365 4.34
24.497365 4.34
24.522491 4.34
24.533380 4.34
24.565367 4.34
24.576134 4.34
24.606366 4.34
24.622491 4.34
24.647367 4.34
24.663367 4.34
24.688367 4.34
24.704367 4.34
24.729367 4.34
24.745368 4.34
24.770492 4.34
24.781368 4.34
24.813261 4.34
24.824259 4.34
24.854368 4.34
24.870369 4.34
24.895368 4.34
24.911260 4.34
24.936368 4.34
24.952369 4.34
24.977369 4.34
24.988134 4.34
25.018369 4.34
25.029138 4.34
25.059494 4.34
25.070370 4.34
25.105744 4.34
25.116495 4.34
25.147147 4.34
25.157871 4.34
25.188370 4.34
25.199136 4.34
25.229495 4.34
25.240371 4.34
25.275746 4.34
25.286621 4.34
25.317148 4.34
25.327872 4.34
25.358497 4.34
25.369371 4.34
25.404747 4.34
25.415497 4.34
25.446265 4.34
25.462140 4.34
25.487389 4.34
25.503390 4.34
25.533748 4.34
25.544497 4.34
25.575150 4.34
25.591152 4.34
25.616374 4.34
25.627139 4.34
25.657499 4.34
25.668374 4.34
25.703749 4.34
25.714499 4.34
25.745151 4.34
25.755875 4.34
25.786500 4.34
25.797390 4.02
25.832750 4.34
25.843500 4.34
25.874152 4.34
25.884876 4.34
25.915376 4.34
25.926143 4.34
25.956376 4.34
25.967141 4.34
25.997377 4.34
26.008143 4.34
26.038502 4.34
26.049377 4.34
26.084752 4.34
26.095627 4.34
26.126155 4.34
26.137031 4.34
26.167503 4.34
26.178377 4.34
26.213753 4.34
26.224502 4.34
26.255156 4.34
26.266033 4.34
26.296504 4.34
26.307378 4.34
26.342753 4.34
26.353504 4.34
26.384156 4.34
26.395021 4.34
26.425379 4.34
26.436147 4.34
26.466379 4.34
26.477145 4.34
26.507380 4.34
26.518147 4.34
26.548505 4.34
26.559380 4.34
26.594755 4.34
26.605506 4.34
26.636159 4.34
26.648756 4.34
26.677506 4.34
26.688397 4.34
26.723756 4.34
26.734631 4.34
26.765158 4.34
26.777632 4.34
26.806507 4.34
26.817382 4.34
26.852757 4.34
26.863633 4.34
26.894162 4.34
26.905025 4.34
26.935383 4.34
26.946276 4.34
26.976384 4.34
26.987275 4.34
27.017383 4.34
27.028274 4.34
27.058384 4.34
27.069276 4.34
27.099509 4.34
27.110384 4.34
27.145759 4.34
27.158260 4.34
27.187163 4.34
27.199760 4.34
27.228510 4.34
27.239403 4.34
27.274760 4.34
27.287261 4.34
27.316277 4.34
27.332403 4.34
27.357402 4.34
27.368153 4.34
27.403761 4.34
27.416262 4.34
27.445165 4.34
27.461041 4.34
27.486387 4.34
27.497153 4.34
27.527404 4.34
27.538280 4.34
27.573762 4.34
27.589762 4.34
27.615279 4.02
27.631280 4.02
27.656513 4.34
27.667388 4.34
27.702763 4.34
27.718763 4.34
27.744282 4.34
27.760279 4.34
27.785406 4.34
27.796279 4.34
27.831764 4.34
27.844140 4.34
27.873168 4.34
27.889167 4.34
27.914515 4.34
27.925390 4.34
27.960765 4.34
27.976765 4.34
28.002168 4.34
28.018170 4.34
28.043391 4.34
28.054159 4.34
28.084516 4.34
28.095391 4.34
28.130766 4.02
28.146641 4.02
28.172169 4.34
28.188044 4.02
28.213517 4.34
28.224392 4.34
28.259767 4.34
28.275642 4.34
28.301172 4.34
28.317170 4.34
28.342409 4.34
28.353159 4.34
28.383518 4.34
28.394393 4.34
28.429768 4.34
28.445769 4.34
28.471170 4.34
28.487047 4.34
28.512537 4.34
28.523268 4.34
28.558643 4.34
28.569393 4.34
28.599643 4.34
28.610393 4.34
28.640643 4.34
28.651394 4.34
28.681644 4.34
28.692394 4.34
28.722644 4.34
28.733395 4.34
28.763644 4.34
28.774395 4.34
28.804645 4.34
28.815394 4.34
28.845770 4.34
28.861645 4.34
28.886770 4.34
28.902645 4.34
28.927771 4.34
28.943645 4.34
28.968771 4.34
28.984646 4.34
29.009771 4.34
29.025646 4.34
29.050771 4.34
29.066647 4.34
29.091897 4.34
29.102647 4.34
29.132898 4.34
29.143647 4.34
29.173898 4.34
29.184648 4.34
29.214899 4.34
29.225648 4.34
29.255899 4.34
29.266648 4.34
29.296898 4.34
29.307648 4.34
29.337899 4.34
29.348648 4.34
29.378899 4.34
29.389649 4.34
29.419900 4.34
29.430649 4.34
29.460900 4.34
29.471650 4.34
29.501901 4.34
29.512650 4.34
29.542901 4.34
29.553650 4.34
29.583902 4.34
29.594650 4.34
29.624902 4.34
29.635651 4.34
29.665902 4.34
29.676651 4.34
29.706903 4.34
29.717651 4.34
29.747903 4.34
29.758652 4.34
29.788903 4.34
29.799652 4.34
29.829903 4.34
29.840652 4.34
29.870904 4.34
29.881652 4.34
29.911903 4.34
29.922653 4.34
29.952904 4.34
29.963653 4.34
29.993904 4.34
30.004654 4.34
30.034904 4.34
30.045654 4.34
30.075904 4.34
30.086653 4.34
30.116905 4.34
30.127654 4.34
30.157905 4.34
30.168654 4.34
30.198915 4.34
30.209655 4.34
30.239906 4.34
30.250655 4.34
30.280907 4.34
30.291782 4.34
30.322184 4.34
30.338062 4.34
30.368657 4.34
30.384657 4.34
30.409782 4.34
30.425658 4.34
30.451063 4.34
30.467062 4.34
30.497783 4.34
30.508658 4.34
30.539189 4.34
30.555060 4.34
30.585784 4.34
30.601784 4.34
30.627188 4.34
30.643061 4.34
30.673784 4.34
30.689659 4.34
30.715188 4.34
30.731062 4.34
30.761660 4.34
30.777785 4.34
30.802912 4.34
30.813785 4.34
30.844426 4.34
30.855301 4.34
30.885661 4.34
30.898065 4.34
30.926911 4.34
30.937786 4.34
30.968189 4.34
30.979065 4.34
31.014787 4.34
31.025662 4.34
31.056192 4.34
31.067066 4.34
31.102537 4.34
31.113413 4.34
31.143663 4.34
31.159538 4.34
31.188065 4.34
31.204076 4.34
31.229431 4.34
31.240182 4.34
31.270664 4.34
31.286538 4.34
31.311914 4.34
31.322789 4.34
31.353192 4.34
31.364067 4.34
31.399790 4.34
31.424193 4.34
31.434945 4.34
31.470540 4.34
31.481309 4.34
31.511666 4.34
31.527541 4.34
31.552916 4.34
31.563666 4.34
31.594194 4.34
31.604916 4.34
31.640541 4.34
31.651306 4.34
31.681667 4.34
31.697542 4.34
31.722918 4.34
31.733667 4.34
31.764309 4.34
31.775061 4.34
31.810668 4.34
31.826793 4.34
31.851793 4.34
31.862542 4.34
31.893073 4.34
31.909070 4.34
31.934308 4.34
31.945061 4.34
31.975312 4.34
31.986061 4.34
32.021794 4.34
32.032544 4.34
32.063188 4.34
32.074073 4.34
32.109545 4.34
32.120312 4.34
32.150670 4.34
32.166545 4.34
32.191921 4.34
32.202670 4.34
32.233188 4.34
32.243921 4.34
32.279796 4.34
32.290671 4.34
32.321199 4.34
32.331921 4.34
32.367797 4.34
32.378546 4.34
32.409188 4.34
32.420076 4.34
32.455797 4.34
32.466547 4.34
32.497192 4.34
32.507924 4.34
32.543672 4.34
32.559807 4.34
32.588078 4.34
32.604075 4.34
32.629315 4.34
32.640077 4.34
32.675806 4.34
32.686549 4.34
32.717192 4.34
32.728078 4.34
32.763808 4.34
32.774549 4.34
32.805191 4.34
32.816077 4.34
32.851808 4.34
32.862550 4.34
32.893193 4.34
32.904077 4.34
32.936080 4.34
32.946926 4.34
32.979081 4.34
32.989926 4.34
33.022081 4.34
33.032809 4.34
33.065079 4.34
33.075811 4.02
33.108083 4.34
33.118956 4.34
33.154677 4.34
33.170552 4.34
33.195810 4.34
33.206552 4.34
33.237321 4.34
33.248081 4.34
33.283678 4.34
33.299678 4.34
33.324958 4.34
33.341082 4.34
33.371679 4.34
33.387679 4.34
33.412806 4.34
33.423679 4.34
33.454321 4.34
33.465082 4.34
33.500679 4.34
33.516807 4.34
33.541957 4.34
33.558084 4.34
33.583322 4.34
33.594085 4.34
33.624430 4.34
33.635324 4.34
33.665556 4.34
33.681556 4.34
33.706681 4.02
33.722681 4.34
33.747960 4.34
33.764084 4.34
33.794557 4.34
33.810682 4.34
33.835682 4.34
33.846432 4.34
33.877087 4.34
33.887812 4.34
33.923683 4.34
33.934433 4.34
33.964961 4.34
33.980963 4.34
34.011683 4.34
34.022433 4.34
34.053089 4.34
34.063964 4.34
34.099684 4.34
34.110559 4.34
34.141089 4.34
34.151815 4.02
34.187685 4.34
34.198560 4.34
34.229090 4.34
34.239843 4.34
34.275685 4.34
34.286561 4.34
34.317075 4.34
34.327964 4.34
34.363685 4.34
34.374436 4.34
34.405089 4.34
34.415965 4.34
34.451561 4.34
34.467687 4.34
34.492687 4.34
34.503436 4.34
34.534089 4.34
34.544964 4.34
34.580687 4.34
34.591438 4.34
34.621965 4.34
34.637966 4.34
34.668688 4.34
34.679563 4.34
34.710092 4.34
34.720968 4.34
34.756564 4.34
34.772564 4.34
34.797689 4.34
34.808564 4.34
34.838969 4.34
34.854966 4.34
34.885689 4.34
34.896564 4.34
34.927093 4.34
34.937968 4.34
34.973690 4.34
34.984566 4.34
35.015092 4.34
35.025817 4.34
35.061691 4.34
35.072566 4.34
35.103094 4.34
35.113819 4.34
35.149691 4.34
35.160441 4.34
35.190819 4.34
35.201692 4.34
35.232335 4.34
35.243082 4.34
35.273442 4.34
35.284335 4.34
35.314568 4.34
35.330568 4.34
35.355693 4.34
35.366568 4.34
35.397097 4.34
35.407973 4.34
35.443569 4.34
35.459569 4.34
35.484694 4.34
35.495444 4.34
35.525973 4.34
35.541972 4.34
35.572694 4.34
35.583444 4.34
35.614099 4.34
35.624821 4.34
35.660570 4.34
35.676570 4.34
35.701696 4.34
35.712570 4.34
35.742974 4.34
35.759099 4.34
35.789571 4.34
35.805696 4.02
35.830696 4.34
35.841446 4.34
35.871976 4.34
35.887975 4.34
35.918697 4.34
35.929447 4.34
35.959977 4.34
35.975976 4.34
36.006698 4.34
36.017573 4.34
36.048100 4.34
36.058823 4.34
36.094573 4.02
36.110698 4.34
36.135698 4.34
36.146573 4.34
36.177103 4.02
36.187976 4.02
36.223449 4.02
36.235825 4.34
36.264450 4.34
36.276825 4.34
36.305450 4.34
36.317826 4.34
36.346450 4.34
36.358826 4.34
36.387700 4.34
36.398451 4.34
36.428979 4.34
36.445217 4.34
36.475701 4.34
36.486451 4.34
36.517105 4.34
36.527979 4.34
36.558451 4.34
36.574577 4.34
36.599577 4.34
36.615702 4.34
36.640702 4.34
36.651452 4.34
36.681981 4.34
36.692829 4.34
36.723453 4.34
36.739578 4.34
36.764578 4.34
36.775328 4.34
36.805703 4.34
36.816454 4.34
36.846981 4.34
36.857704 4.34
36.893579 4.34
36.904329 4.34
36.934704 4.34
36.945579 4.34
36.975983 4.34
36.986830 4.34
37.017455 4.34
37.033580 4.34
37.058580 4.34
37.069455 4.34
37.099705 4.34
37.110456 4.34
37.140985 4.34
37.151832 4.34
37.182456 4.34
37.198581 4.34
37.223581 4.34
37.234456 4.34
37.264706 4.34
37.275456 4.34
37.305984 4.34
37.316707 4.34
37.352582 4.34
37.363457 4.34
37.393708 4.34
37.404457 4.34
37.434988 4.34
37.445833 4.34
37.476458 4.34
37.492583 4.34
37.517583 4.34
37.528350 4.34
37.558709 4.34
37.569459 4.34
37.599989 4.34
37.610835 4.34
37.641460 4.34
37.657585 4.02
37.682459 4.34
37.698585 4.02
37.723460 4.34
37.739585 4.34
37.764460 4.34
37.780585 4.34
37.805461 4.34
37.821585 4.34
37.846461 4.34
37.862586 4.34
37.887461 4.34
37.903586 4.34
37.928461 4.34
37.944461 4.34
37.969461 4.34
37.985587 4.34
38.010462 4.34
38.026587 4.34
38.051462 4.34
38.067588 4.34
38.092587 4.34
38.103462 4.34
38.133712 4.02
38.144463 4.34
38.174990 4.34
38.185713 4.34
38.221589 4.34
38.232338 4.34
38.262714 4.34
38.273464 4.34
38.303991 4.34
38.314714 4.34
38.350590 4.34
38.361464 4.34
38.391714 4.34
38.402590 4.34
38.433120 4.34
38.443992 4.34
38.474356 4.02
38.485107 4.34
38.515465 4.34
38.531590 4.34
38.556591 4.34
38.567466 4.34
38.597716 4.34
38.610356 4.34
38.638993 4.34
38.649717 4.34
38.685592 4.34
38.696467 4.34
38.726716 4.34
38.739360 4.34
38.768122 4.34
38.778843 4.34
38.809467 4.34
38.825593 4.34
38.850467 4.34
38.866593 4.34
38.891468 4.34
38.907593 4.34
38.932593 4.34
38.943469 4.34
38.973719 4.34
38.986361 4.34
39.014996 4.34
39.025719 4.34
39.061595 4.34
39.072470 4.34
39.102720 4.34
39.115112 4.34
39.143998 4.34
39.154845 4.34
39.185345 4.34
39.197748 4.34
39.226345 4.34
39.238725 4.34
39.267345 4.34
39.279724 4.34
39.308346 4.34
39.320724 4.34
39.349346 4.34
39.361725 4.34
39.390471 4.34
39.406597 4.34
39.431596 4.34
39.442347 4.34
39.472722 4.34
39.485113 4.34
39.513999 4.34
39.524723 4.34
39.555365 4.34
39.567741 4.34
39.596473 4.34
39.607348 4.34
39.637473 4.34
39.648348 4.34
39.678473 4.34
39.689349 4.34
39.719474 4.34
39.730349 4.34
39.760474 4.34
39.771349 4.34
39.801475 4.34
39.812350 4.34
39.842475 4.34
39.853350 4.34
39.883475 4.34
39.894350 4.34
39.924475 4.34
39.935351 4.34
39.965476 4.34
39.976351 4.34
40.006476 4.34
40.017351 4.34
40.047476 4.34
40.058352 4.34
40.088601 4.34
40.099352 4.34
40.129727 4.34
40.145727 4.34
40.173977 4.34
40.184727 4.34
40.215367 4.34
40.231370 4.34
40.256478 4.34
40.267353 4.34
40.297478 4.34
40.308353 4.34
40.338478 4.34
40.349353 4.34
40.379479 4.34
40.390354 4.34
40.420479 4.34
40.431354 4.34
40.461604 4.34
40.472355 4.34
40.505855 4.34
40.516730 4.34
40.552605 4.34
40.563355 4.34
40.593857 4.34
40.604730 4.34
40.640606 4.34
40.651356 4.34
40.681857 4.34
40.692731 4.34
40.728606 4.34
40.739356 4.34
40.769875 4.34
40.780731 4.34
40.816607 4.34
40.827372 4.34
40.857876 4.34
40.868732 4.34
40.899372 4.34
40.915483 4.34
40.940483 4.34
40.951358 4.34
40.981483 4.34
40.992359 4.34
41.022859 4.34
41.033733 4.34
41.069608 4.34
41.080359 4.34
41.110860 4.34
41.121734 4.34
41.157609 4.34
41.168359 4.34
41.198860 4.34
41.209735 4.34
41.245610 4.34
41.258128 4.34
41.289861 4.34
41.300735 4.34
41.336611 4.34
41.347361 4.34
41.377861 4.34
41.388736 4.34
41.419379 4.34
41.435379 4.34
41.460486 4.34
41.471362 4.34
41.501487 4.34
41.512362 4.34
41.542487 4.34
41.553362 4.34
41.583487 4.34
41.594363 4.34
41.624487 4.34
41.635363 4.34
41.665613 4.34
41.678130 4.34
41.709864 4.34
41.720738 4.34
41.751380 4.02
41.767379 4.34
41.792613 4.34
41.805132 4.34
41.833865 4.34
41.844739 4.34
41.875383 4.34
41.891380 4.34
41.916615 4.34
41.928990 4.34
41.957866 4.34
41.968740 4.34
41.999381 4.34
42.015380 4.34
42.040616 4.34
42.052991 4.34
42.081866 4.34
42.092740 4.34
42.123383 4.34
42.139382 4.34
42.164616 4.34
42.180616 4.34
42.205742 4.34
42.221742 4.34
42.252383 4.34
42.268382 4.02
42.293617 4.34
42.309618 4.34
42.334869 4.34
42.345743 4.34
42.376385 4.34
42.387134 4.34
42.417618 4.34
42.433618 4.34
42.458869 4.34
42.469744 4.34
42.500134 4.02
42.510870 4.34
42.541494 4.34
42.552369 4.34
42.582619 4.34
42.598620 4.34
42.632261 4.34
42.648261 4.34
42.673370 4.34
42.684139 4.34
42.714495 4.34
42.725370 4.34
42.755621 4.02
42.771621 4.34
42.796873 4.34
42.807746 4.34
42.838149 4.34
42.854263 4.34
42.879497 4.34
42.890372 4.34
42.920622 4.34
42.936622 4.34
42.961747 4.34
42.972497 4.34
43.008391 4.34
43.019140 4.34
43.049373 4.34
43.060140 4.34
43.090498 4.34
43.101373 4.34
43.131623 4.34
43.147498 4.34
43.172874 4.34
43.183749 4.34
43.219392 4.02
43.230140 4.34
43.260374 4.34
43.271142 4.34
43.301500 4.34
43.312375 4.34
43.342625 4.34
43.358625 4.34
43.383876 4.34
43.394750 4.34
43.425152 4.34
43.441143 4.34
43.466501 4.34
43.477376 4.34
43.507626 4.34
43.523501 4.34
43.548878 4.34
43.559751 4.34
43.590155 4.34
43.606267 4.34
43.631502 4.34
43.642377 4.34
43.672627 4.34
43.688627 4.34
43.713879 4.34
43.724752 4.34
43.755156 4.34
43.771269 4.34
43.796378 4.34
43.807144 4.34
43.837504 4.34
43.848378 4.34
43.878628 4.34
43.894504 4.34
43.919880 4.34
43.930754 4.34
43.961158 4.34
43.977271 4.34
44.002379 4.34
44.013148 4.34
44.043505 4.34
44.054380 4.34
44.084630 4.34
44.100630 4.34
44.125881 4.34
44.136755 4.34
44.167160 4.34
44.183149 4.34
44.208506 4.34
44.219381 4.34
44.249631 4.34
44.265507 4.34
44.292640 4.34
44.303507 4.34
44.333756 4.34
44.344507 4.34
44.375161 4.34
44.387037 4.34
44.416508 4.34
44.427383 4.34
44.457633 4.34
44.473633 4.34
44.500642 4.34
44.511508 4.34
44.543643 4.34
44.554399 4.34
44.586644 4.34
44.597509 4.34
44.627759 4.34
44.638509 4.34
44.669162 4.34
44.685278 4.34
44.710385 4.34
44.721151 4.34
44.751510 4.34
44.763886 4.34
44.792635 4.34
44.808635 4.34
44.835536 4.34
44.846402 4.34
44.878521 4.34
44.889402 4.34
44.919636 4.34
44.935636 4.34
44.962520 4.34
44.973401 4.34
45.003636 4.34
45.019637 4.34
45.050042 4.34
45.062521 4.34
45.091403 4.34
45.102153 4.34
45.132638 4.34
45.143513 4.34
45.173763 4.34
45.184513 4.34
45.215166 4.34
45.231281 4.34
45.256389 4.34
45.267157 4.34
45.297388 4.34
45.308156 4.34
45.338390 4.34
45.349157 4.34
45.379515 4.34
45.395514 4.34
45.420640 4.34
45.431515 4.34
45.467042 4.34
45.477765 4.34
45.508406 4.34
45.519157 4.34
45.549390 4.34
45.560158 4.34
45.590516 4.34
45.606516 4.34
45.631641 4.34
45.642516 4.34
45.678034 4.34
45.688766 4.34
45.719408 4.34
45.730158 4.34
45.760642 4.34
45.771517 4.34
45.807045 4.34
45.817768 4.34
45.848410 4.34
45.859161 4.34
45.889643 4.34
45.900518 4.34
45.936048 4.34
45.952035 4.34
45.977412 4.34
45.988159 4.34
46.018519 4.34
46.034519 4.34
46.059644 4.34
46.070394 4.34
46.106035 4.34
46.122037 4.34
46.147412 4.34
46.158289 4.34
46.188645 4.34
46.199395 4.34
46.235049 4.34
46.245771 4.34
46.276411 4.34
46.287161 4.34
46.317646 4.34
46.328396 4.34
46.364037 4.02
46.374772 4.34
46.405413 4.34
46.416165 4.34
46.446647 4.34
46.457397 4.34
46.493039 4.34
46.503772 4.34
46.534416 4.34
46.545165 4.34
46.575648 4.34
46.586398 4.34
46.622039 4.34
46.638041 4.34
46.663414 4.34
46.674166 4.34
46.704524 4.34
46.720524 4.34
46.745649 4.34
46.756524 4.34
46.792042 4.34
46.808042 4.34
46.833417 4.34
46.845918 4.34
46.874650 4.34
46.885400 4.34
46.921054 4.34
46.937041 4.34
46.962418 4.34
46.974902 4.34
47.003526 4.34
47.019401 4.34
47.044651 4.34
47.055401 4.34
47.091055 4.34
47.107044 4.34
47.132418 4.34
47.144903 4.34
47.173652 4.34
47.184402 4.34
47.220045 4.34
47.230778 4.34
47.261417 4.34
47.272169 4.34
47.302653 4.34
47.313528 4.34
47.345529 4.34
47.356419 4.34
47.386654 4.02
47.397403 4.34
47.429559 4.34
47.440419 4.34
47.476059 4.34
47.492048 4.34
47.517422 4.34
47.529779 4.34
47.558654 4.34
47.569530 4.34
47.605057 4.34
47.617437 4.34
47.646420 4.34
47.658781 4.34
47.687656 4.34
47.698531 4.34
47.734310 4.34
47.745315 4.34
47.781190 4.34
47.792183 4.34
47.822661 4.34
47.833536 4.68
47.864305 4.68
47.875177 4.68
47.905784 4.68
47.916659 5.00
47.947314 5.00
47.958323 5.00
47.994186 5.00
48.005067 5.00
48.035788 5.00
48.046662 5.35
48.077194 5.35
48.088069 5.00
48.118536 5.00
48.134535 5.00
48.159660 5.00
48.170534 5.00
48.206050 5.00
48.222050 5.35
48.247671 5.35
48.258670 5.00
48.289309 5.00
48.300313 5.35
48.336070 5.35
48.352178 5.35
48.377427 5.00
48.393426 5.00
48.424063 5.35
48.440052 5.35
48.465425 5.00
48.481425 5.35
48.506411 5.35
48.522431 5.35
48.548088 5.00
48.564318 5.00
48.589667 5.35
48.600542 5.00
48.636060 5.35
48.651916 5.00
48.677307 5.00
48.688083 5.35
48.718664 5.35
48.729539 5.00
48.765065 5.35
48.781055 5.35
48.806432 5.35
48.822550 5.35
48.853328 5.00
48.865920 5.00
48.900081 5.00
48.916076 5.35
48.941310 5.35
48.952058 5.35
48.982666 5.35
48.993541 5.00
49.024071 5.00
49.040059 5.00
49.065308 5.00
49.076058 5.00
49.106447 5.00
49.122675 5.35
49.153315 5.35
49.165923 5.00
49.200203 5.00
49.211185 5.00
49.241544 5.00
49.257543 5.00
49.282669 5.00
49.293418 5.00
49.329057 5.00
49.344918 5.00
49.370307 5.35
49.381068 5.00
49.411807 5.00
49.424472 5.00
49.456081 5.35
49.472078 5.35
49.497333 5.35
49.509795 5.35
49.538669 5.00
49.549545 5.35
49.585071 5.35
49.600920 5.00
49.626188 5.00
49.636920 5.35
49.667420 5.35
49.683313 5.35
49.708676 5.00
49.719674 5.00
49.750190 5.35
49.761080 5.00
49.791672 5.35
49.802548 5.00
49.838114 5.35
49.848922 5.35
49.879313 5.35
49.891797 5.35
49.920547 5.00
49.936547 5.35
49.963423 5.00
49.974188 5.00
50.004562 5.00
50.015313 5.35
50.046211 5.35
50.057078 5.69
50.087548 6.01
50.098314 6.01
50.130450 6.01
50.141189 6.01
50.173450 6.01
50.184189 6.01
50.216449 6.01
50.227188 6.01
50.259452 6.01
50.270189 6.01
50.302450 6.01
50.313189 6.01
50.349061 6.01
50.360118 6.01
50.390680 6.36
50.401680 6.36
50.432321 6.68
50.448194 7.02
50.479210 7.02
50.490209 7.37
50.526096 7.37
50.537096 7.37
50.567179 7.37
50.577928 7.37
50.608177 7.37
50.618927 7.37
50.649177 7.37
50.659927 7.37
50.690176 7.37
50.700926 7.37
50.731176 7.37
50.741926 7.37
50.772177 7.37
50.782926 7.37
50.813177 7.37
50.823927 7.37
50.854177 7.37
50.864927 7.37
50.895177 7.37
50.905927 7.37
50.936178 7.37
50.946928 7.37
50.977178 7.37
50.987928 7.37
51.018179 7.37
51.028928 7.37
51.059178 7.37
51.069929 7.37
51.100178 7.37
51.110929 7.37
51.141179 7.37
51.151929 7.37
51.182179 7.37
51.192930 7.37
51.223180 7.37
51.233930 7.37
51.264180 7.37
51.274930 7.37
51.305181 7.37
51.315931 7.37
51.346181 7.37
51.356931 7.37
51.387181 7.37
51.397931 7.37
51.428181 7.37
51.438932 7.37
51.469181 7.37
51.479932 7.37
51.510182 7.37
51.520932 7.37
51.551182 7.37
51.561932 7.37
51.592183 7.37
51.602932 7.37
51.633183 7.37
51.643933 7.37
51.674183 7.37
51.684933 7.37
51.715183 7.37
51.725933 7.37
51.756184 7.37
51.766934 7.37
51.797184 7.37
51.807934 7.37
51.838184 7.37
51.848934 7.37
51.879184 7.37
51.889934 7.37
51.920185 7.37
51.930935 7.69
51.961185 7.37
51.971935 7.37
52.002185 7.37
52.012936 7.37
52.043186 7.37
52.053936 7.37
52.084186 7.37
52.094936 7.69
52.125186 7.37
52.135936 7.37
52.166186 7.37
52.176937 7.37
52.207187 7.37
52.217937 7.37
52.248187 7.37
52.258937 7.37
52.289187 7.37
52.299938 7.37
52.330188 7.37
52.340938 7.37
52.371188 7.37
52.381938 7.37
52.412188 7.37
52.422938 7.37
52.453189 7.37
52.463939 7.69
52.494189 7.37
52.504939 7.37
52.535189 7.37
52.545940 7.37
52.576189 7.37
52.586939 7.37
52.617190 7.37
52.627939 7.37
52.658190 7.37
52.668940 7.37
52.699191 7.37
52.711690 7.37
52.740191 7.37
52.750941 7.37
52.781191 7.37
52.791941 7.37
52.822191 7.37
52.834691 7.69
52.863192 7.69
52.873942 7.69
52.904192 7.37
52.916692 7.37
52.945192 7.37
52.955942 7.37
52.986192 7.37
52.996942 7.37
53.027192 7.69
53.039692 7.37
53.068193 7.69
53.078943 7.69
53.109193 7.37
53.121693 7.69
53.150194 7.69
53.162693 7.37
53.191194 7.37
53.201944 7.37
53.232195 7.69
53.244569 7.69
53.273195 7.37
53.285570 7.37
53.314194 7.37
53.326570 7.37
53.355195 7.37
53.367569 7.37
53.396195 7.37
53.408570 7.37
53.437196 7.37
53.449570 7.37
53.478196 7.37
53.490571 7.37
53.519196 7.37
53.531571 7.37
53.560196 7.37
53.572571 7.37
53.601197 7.69
53.613571 7.37
53.642197 7.37
53.654572 7.37
53.683197 7.37
53.695572 7.37
53.724198 7.37
53.740073 7.37
53.765198 7.69
53.777573 7.37
53.806198 7.37
53.822073 7.37
53.847198 7.37
53.863074 7.37
53.888199 7.37
53.900574 7.37
53.929199 7.37
53.945074 7.37
53.970200 7.69
53.986075 7.69
54.011200 7.37
54.023575 7.37
54.052200 7.37
54.068075 7.37
54.093201 7.37
54.109076 7.37
54.134200 7.37
54.150076 7.69
54.175201 7.37
54.191076 7.37
54.216201 7.37
54.232076 7.37
54.257202 7.37
54.273076 7.37
54.298202 7.37
54.314077 7.37
54.339202 7.37
54.355077 7.69
54.380202 7.37
54.396078 7.37
54.421202 7.37
54.437078 7.37
54.462203 7.37
54.478078 7.37
54.503203 7.37
54.519078 7.69
54.544204 7.69
54.560078 7.37
54.585204 7.37
54.601079 7.69
54.626204 7.37
54.642079 7.37
54.667204 7.37
54.683080 7.37
54.708205 7.37
54.724080 7.37
54.749205 7.37
54.765080 7.37
54.790205 7.37
54.806080 7.37
54.831206 7.37
54.847081 7.37
54.872206 7.37
54.888081 7.69
54.913206 7.69
54.929081 7.69
54.954206 7.37
54.970082 7.37
54.995207 7.69
55.011082 7.37
55.036207 7.37
55.052082 7.37
55.077208 7.69
55.093082 7.37
55.118208 7.37
55.134083 7.37
55.159207 7.37
55.175083 7.37
55.200208 7.37
55.216084 7.37
55.241208 7.37
55.257084 7.37
55.282209 7.37
55.298084 7.37
55.323209 7.37
55.339084 7.37
55.364209 7.37
55.380084 7.37
55.405210 7.37
55.421085 7.37
55.446210 7.69
55.462085 7.37
55.487210 7.37
55.503086 7.37
55.528210 7.37
55.544086 7.37
55.569211 7.37
55.585086 7.37
55.610211 7.69
55.626086 7.69
55.651212 7.69
55.667086 7.69
55.692211 7.37
55.708087 7.37
55.733212 7.37
55.749087 7.37
55.774212 7.37
55.790087 7.69
55.815213 7.69
55.831088 7.69
55.856213 7.37
55.872088 7.37
55.897213 7.37
55.913088 7.37
55.938213 7.37
55.954089 7.37
55.979213 7.69
55.995089 7.69
56.020214 7.37
56.036089 7.69
56.061214 7.37
56.077089 7.69
56.102215 7.37
56.118089 7.37
56.143215 7.37
56.159090 7.69
56.184215 7.37
56.200090 7.69
56.225215 7.37
56.241091 7.37
56.266215 7.37
56.282091 7.37
56.307216 7.37
56.323091 7.37
56.348216 7.37
56.364092 7.37
56.389217 7.37
56.405091 7.37
56.430217 7.37
56.446092 7.37
56.471217 7.37
56.487092 7.37
56.512217 7.37
56.528093 7.37
56.553218 7.37
56.569093 7.69
56.594218 7.37
56.610094 7.37
56.635218 7.37
56.651093 7.37
56.676219 7.02
56.692094 6.68
56.717219 6.68
56.733094 6.36
56.758219 6.68
56.768969 6.68
56.799219 6.68
56.809970 6.68
56.840220 6.36
56.850970 6.36
56.881220 6.36
56.891970 6.68
56.922221 6.36
56.932970 6.68
56.963221 6.68
56.973971 6.68
57.004221 6.36
57.014971 6.36
57.045221 6.01
57.055971 5.69
57.086222 5.35
57.097109 5.00
57.132604 4.34
57.143354 4.34
57.173602 4.34
57.184352 4.34
57.214600 4.34
57.225351 4.34
57.255599 4.34
57.266350 4.34
57.296599 4.34
57.307349 4.34
57.337598 4.34
57.348349 4.34
57.378599 4.34
57.389349 4.34
57.419599 4.34
57.430349 4.34
57.460599 4.34
57.471349 4.34
57.501599 4.34
57.512350 4.34
57.542600 4.34
57.553350 4.34
57.583600 4.34
57.594361 4.34
57.624730 4.34
57.640605 4.34
57.665855 4.34
57.676604 4.34
57.706854 4.34
57.717602 4.34
57.747853 4.34
57.758602 4.34
57.788853 4.34
57.799601 4.34
57.829853 4.34
57.840601 4.34
57.870853 4.34
57.881602 4.34
57.911853 4.34
57.922602 4.34
57.952853 4.34
57.963603 4.34
57.993854 4.34
58.004603 4.34
58.034854 4.34
58.045603 4.34
58.075855 4.34
58.086604 4.34
58.116855 4.34
58.127604 4.34
58.157855 4.34
58.168604 4.34
58.198855 4.34
58.209604 4.34
58.239855 4.34
58.250605 4.34
58.280856 4.34
58.291605 4.34
58.321856 4.34
58.332605 4.34
58.362857 4.34
58.373606 4.34
58.403857 4.34
58.414606 4.34
58.444857 4.34
58.455606 4.34
58.485857 4.34
58.496607 4.34
58.526857 4.34
58.537746 4.34
