0.000000 0.000000
0.041986 4.34
0.058313 4.34
0.083061 4.34
0.099130 4.34
0.124689 2.66
0.135755 2.66
0.166323 2.34
0.182758 2.66
0.207980 2.66
0.224188 2.34
0.249058 2.34
0.264932 2.34
0.290056 2.34
0.305931 2.66
0.331055 2.66
0.346930 2.34
0.372055 2.66
0.387929 2.66
0.413053 2.66
0.428928 2.66
0.454053 2.66
0.469928 2.66
0.495053 2.66
0.510928 2.34
0.536054 2.66
0.551929 2.34
0.577054 2.34
0.592929 2.34
0.618054 2.34
0.633929 2.66
0.659054 2.34
0.674929 2.34
0.700055 2.34
0.715930 2.34
0.741054 2.34
0.756930 2.66
0.782326 2.34
0.793322 2.34
0.823985 2.34
0.840207 2.66
0.871012 2.34
0.887323 2.34
0.917861 2.66
0.928859 2.66
0.964711 2.34
0.975698 2.66
1.006447 4.02
1.022739 4.34
1.048081 4.34
1.064315 4.34
1.089563 4.34
1.105562 4.34
1.131078 4.34
1.147078 4.02
1.172311 4.34
1.183186 4.34
1.218560 4.34
1.234560 4.34
1.260077 4.34
1.276075 4.34
1.301201 4.34
1.312075 4.34
1.347560 4.34
1.363561 4.02
1.389076 4.34
1.405078 4.34
1.430311 4.34
1.441228 4.34
1.471972 4.34
1.488361 4.34
1.513701 4.34
1.524770 4.34
1.555326 4.34
1.566323 4.34
1.596964 4.34
1.613213 4.34
1.641568 4.34
1.657567 4.34
1.683085 4.34
1.699083 4.34
1.724315 4.34
1.735190 4.34
1.765719 4.34
1.776564 4.34
1.807206 4.34
1.818082 4.34
1.853564 4.34
1.869564 4.34
1.894843 4.34
1.905564 4.34
1.936206 4.34
1.947081 4.34
1.982565 4.34
1.998565 4.34
2.026844 4.34
2.037721 4.34
2.068316 4.34
2.079191 4.34
2.114566 4.34
2.130566 4.34
2.156085 4.34
2.172208 4.34
2.202566 4.34
2.218567 4.34
2.244082 4.34
2.259960 4.34
2.285210 4.34
2.295959 4.34
2.331568 4.34
2.347443 4.34
2.372972 4.34
2.388972 4.34
2.414194 4.34
2.424960 4.34
2.455194 4.34
2.466085 4.34
2.496194 4.34
2.507086 4.34
2.538972 4.34
2.549725 4.34
2.580319 4.34
2.591209 4.34
2.626569 4.34
2.642445 4.34
2.667975 4.34
2.683975 4.34
2.709320 4.34
2.720195 4.34
2.755571 4.34
2.771446 4.34
2.797089 4.34
2.813213 4.34
2.838215 4.34
2.848964 4.34
2.884572 4.34
2.900446 4.34
2.925977 4.34
2.941974 4.34
2.967322 4.34
2.978197 4.34
3.013572 4.34
3.029447 4.34
3.054977 4.34
3.070976 4.34
3.097949 4.34
3.108698 4.34
3.140949 4.34
3.151699 4.34
3.183949 4.34
3.194851 4.34
3.225214 4.34
3.235968 4.34
3.271574 4.34
3.287449 4.34
3.312979 4.34
3.328854 4.34
3.355950 4.34
3.366854 4.34
3.397217 4.34
3.407969 4.34
3.438451 4.34
3.450979 4.34
3.482855 4.34
3.495451 4.34
3.524217 4.34
3.534968 4.34
3.566952 4.34
3.577718 4.34
3.613452 4.34
3.625970 4.34
3.657854 4.34
3.670327 4.34
3.699219 4.34
3.709967 4.34
3.740453 4.34
3.752954 4.34
3.781720 4.34
3.792578 4.34
3.823096 4.34
3.833843 4.34
3.864221 4.34
3.874972 4.34
3.910454 4.34
3.922859 4.34
3.951732 4.34
3.962579 4.34
3.993220 4.34
4.004095 4.34
4.034455 4.34
4.050330 4.34
4.075733 4.34
4.086580 4.34
4.117224 4.34
4.127970 4.34
4.163455 4.34
4.175852 4.34
4.204723 4.34
4.215581 4.34
4.246224 4.34
4.256971 4.34
4.287456 4.34
4.303332 4.34
4.328582 4.34
4.339332 4.34
4.369986 4.34
4.380708 4.34
4.416582 4.34
4.427332 4.34
4.458099 4.34
4.468850 4.34
4.504458 4.34
4.520458 4.34
4.545583 4.34
4.556458 4.34
4.587112 4.34
4.598083 4.34
4.633583 4.34
4.644334 4.34
4.674990 4.34
4.685710 4.34
4.721585 4.34
4.732334 4.34
4.762863 4.34
4.778987 4.34
4.804227 4.34
4.814976 4.34
4.845460 4.34
4.861335 4.34
4.889862 4.34
4.905862 4.34
4.931228 4.34
4.941978 4.34
4.972461 4.34
4.988336 4.34
5.013712 4.34
5.024586 4.34
5.054991 4.34
5.065866 4.34
5.101587 4.34
5.112337 4.34
5.142990 4.34
5.153713 4.34
5.189463 4.34
5.205338 4.34
5.230713 4.34
5.241588 4.34
5.271993 4.34
5.282714 4.34
5.318464 4.34
5.334588 4.34
5.359715 4.34
5.370588 4.34
5.400991 4.34
5.411868 4.34
5.447589 4.34
5.458339 4.34
5.488994 4.34
5.499716 4.34
5.535465 4.34
5.551466 4.34
5.576716 4.34
5.587590 4.34
5.617858 4.34
5.633984 4.34
5.659233 4.34
5.669983 4.34
5.700466 4.34
5.716466 4.34
5.741717 4.34
5.752592 4.34
5.782994 4.34
5.793746 4.34
5.829467 4.34
5.845467 4.34
5.870718 4.34
5.881467 4.34
5.911997 4.34
5.922718 4.34
5.958593 4.34
5.969343 4.34
5.999998 4.34
6.010873 4.34
6.041621 4.34
6.052619 4.34
6.084853 4.34
6.095893 4.34
6.131598 4.34
6.142598 4.68
6.173121 4.68
6.183865 4.68
6.214596 4.34
6.225471 4.34
6.255988 4.68
6.266863 4.34
6.302470 4.68
6.318471 4.34
6.343721 4.68
6.356346 4.34
6.384987 4.68
6.396031 4.34
6.426616 4.34
6.437477 4.68
6.468121 4.34
6.478992 4.68
6.509474 4.68
6.525599 4.68
6.553724 4.68
6.564473 4.68
6.594989 4.34
6.605723 4.68
6.641473 4.68
6.657598 4.68
6.682930 4.68
6.704483 4.68
6.715348 4.34
6.746013 4.34
6.757004 4.34
6.787630 4.34
6.798617 4.34
6.830747 4.34
6.841613 4.34
6.873744 4.34
6.884611 4.34
6.916742 4.34
6.927609 4.34
6.957994 4.34
6.968880 4.34
6.999350 4.34
7.011727 4.34
7.040476 4.34
7.056608 4.34
7.081726 4.34
7.094226 4.34
7.122994 4.34
7.133727 4.34
7.164352 4.34
7.180352 4.34
7.205477 4.34
7.216227 4.34
7.246879 4.34
7.257610 4.34
7.293353 4.34
7.309353 4.34
7.334478 4.34
7.345353 4.34
7.375883 4.34
7.386610 4.34
7.422478 4.34
7.433228 4.34
7.463882 4.34
7.474612 4.34
7.510479 4.34
7.521354 4.34
7.551883 4.34
7.562759 4.34
7.598480 4.68
7.609354 4.34
7.639874 4.34
7.650612 4.34
7.686480 4.34
7.697356 4.34
7.727885 4.34
7.738608 4.34
7.774481 4.34
7.785231 4.34
7.815883 4.34
7.826609 4.34
7.862482 4.34
7.873357 4.34
7.903887 4.34
7.914758 4.34
7.950482 4.34
7.961357 4.34
7.991888 4.34
8.002761 4.34
8.038482 4.34
8.049358 4.34
8.079885 4.34
8.090610 4.34
8.126484 4.34
8.137359 4.34
8.167886 4.34
8.178611 4.34
8.214484 4.34
8.225359 4.34
8.255886 4.34
8.266613 4.34
8.302485 4.34
8.313360 4.34
8.343887 4.34
8.354614 4.34
8.390485 4.34
8.401235 4.34
8.431888 4.34
8.442765 4.34
8.478361 4.34
8.494361 4.34
8.519486 4.34
8.530237 4.34
8.560888 4.34
8.571617 4.34
8.602237 4.34
8.613131 4.34
8.643237 4.34
8.654127 4.34
8.684363 4.34
8.700362 4.34
8.725488 4.34
8.736363 4.34
8.766893 4.34
8.777768 4.34
8.813363 4.34
8.829363 4.34
8.854488 4.34
8.865238 4.34
8.895768 4.34
8.911893 4.34
8.942489 4.34
8.953364 4.34
8.983891 4.34
8.994617 4.34
9.030490 4.34
9.041240 4.34
9.071616 4.34
9.082490 4.34
9.114757 4.34
9.125616 4.34
9.161491 4.34
9.172366 4.34
9.202770 4.34
9.218769 4.34
9.249491 4.34
9.260241 4.34
9.290771 4.34
9.306770 4.34
9.337492 4.34
9.348367 4.34
9.378897 4.34
9.389771 4.34
9.425368 4.34
9.441493 4.34
9.466493 4.34
9.477243 4.34
9.507772 4.34
9.523897 4.34
9.554493 4.34
9.565244 4.34
9.595771 4.34
9.611773 4.34
9.642369 4.34
9.658494 4.34
9.683495 4.34
9.694244 4.34
9.724897 4.34
9.735774 4.34
9.771370 4.34
9.787370 4.34
9.812495 4.34
9.823245 4.34
9.853773 4.34
9.869898 4.34
9.900496 4.34
9.911246 4.34
9.941776 4.34
9.957900 4.34
9.983246 4.34
9.995623 4.34
10.024247 4.34
10.040372 4.34
10.065372 4.34
10.076122 4.34
10.106498 4.34
10.117372 4.34
10.147774 4.34
10.158497 4.34
10.189248 4.34
10.205373 4.34
10.230373 4.34
10.241248 4.34
10.271498 4.34
10.282373 4.34
10.312776 4.34
10.323499 4.34
10.354139 4.34
10.364892 4.34
10.395375 4.34
10.406250 4.34
10.436500 4.34
10.447375 4.34
10.477779 4.34
10.488626 4.34
10.519251 4.34
10.535375 4.34
10.560250 4.34
10.576376 4.34
10.601376 4.34
10.612126 4.34
10.642501 4.34
10.653376 4.34
10.683780 4.34
10.694627 4.34
10.725252 4.34
10.741376 4.34
10.766252 4.34
10.782377 4.34
10.807253 4.34
10.823378 4.34
10.848253 4.34
10.864378 4.34
10.889253 4.34
10.905378 4.34
10.930253 4.34
10.946378 4.34
10.971378 4.34
10.982128 4.34
11.012504 4.34
11.023379 4.34
11.053783 4.34
11.064504 4.34
11.100380 4.68
11.111129 4.34
11.141505 4.34
11.152255 4.34
11.182784 4.34
11.193630 4.34
11.229380 4.34
11.240130 4.68
11.270505 4.68
11.281255 4.34
11.311786 4.34
11.322632 4.34
11.353256 4.34
11.369381 4.34
11.394381 4.34
11.405256 4.34
11.435507 4.34
11.446257 4.34
11.476787 4.34
11.487633 4.34
11.523383 4.34
11.534257 4.34
11.564912 4.34
11.575787 4.34
11.606133 4.34
11.616898 4.34
11.647258 4.34
11.663383 4.34
11.688259 4.34
11.704259 4.34
11.729259 4.34
11.745259 4.34
11.770260 4.34
11.786384 4.34
11.811259 4.34
11.827385 4.34
11.852385 4.34
11.863260 4.34
11.893636 4.34
11.909787 4.34
11.940385 4.34
11.951260 4.34
11.981510 4.34
11.994153 4.34
12.022791 4.68
12.033637 4.34
12.064261 4.34
12.080386 4.68
12.105386 4.68
12.116261 4.34
12.146512 4.34
12.159154 4.34
12.187793 4.68
12.198638 4.68
12.229263 4.68
12.245388 4.34
12.270262 4.34
12.286263 4.34
12.311262 4.34
12.327388 4.34
12.352263 4.34
12.368389 4.34
12.393263 4.34
12.409389 4.34
12.434264 4.34
12.450389 4.34
12.475264 4.34
12.491264 4.34
12.516389 4.34
12.527139 4.34
12.557514 4.34
12.569907 4.34
12.600519 4.34
12.611265 4.34
12.641795 4.34
12.652641 4.34
12.683266 4.34
12.699391 4.34
12.724266 4.34
12.740391 4.68
12.765266 4.34
12.781391 4.34
12.806391 4.68
12.817266 4.34
12.847516 4.34
12.859910 4.34
12.888796 4.34
12.899643 4.34
12.930268 4.34
12.941157 4.34
12.971267 4.34
12.982143 4.34
13.012268 4.34
13.023143 4.34
13.053268 4.34
13.064143 4.68
13.094268 4.68
13.105144 4.34
13.135268 4.34
13.146144 4.68
13.176269 4.34
13.187144 4.34
13.217269 4.34
13.228144 4.34
13.258269 4.34
13.269144 4.34
13.299270 4.34
13.310145 4.68
13.340270 4.68
13.351145 4.34
13.381271 4.34
13.392146 4.34
13.422271 4.34
13.433146 4.34
13.463396 4.34
13.474271 4.34
13.504521 4.34
13.520521 4.34
13.545800 4.34
13.556521 4.34
13.587163 4.34
13.603164 4.34
13.628272 4.34
13.639147 4.34
13.669273 4.34
13.680148 4.34
13.710398 4.34
13.721273 4.34
13.751649 4.34
13.762523 4.34
13.798166 4.34
13.814166 4.34
13.839398 4.34
13.850149 4.34
13.880524 4.34
13.896524 4.34
13.921802 4.34
13.932650 4.34
13.963167 4.34
13.979166 4.34
14.004275 4.34
14.015150 4.34
14.045275 4.34
14.056150 4.34
14.086275 4.34
14.097150 4.34
14.127276 4.34
14.138151 4.34
14.168276 4.34
14.179151 4.34
14.209276 4.34
14.220152 4.34
14.250276 4.34
14.261152 4.34
14.291276 4.34
14.302152 4.34
14.332277 4.34
14.343152 4.34
14.373277 4.34
14.384152 4.34
14.414278 4.34
14.425153 4.34
14.455278 4.34
14.466153 4.34
14.496278 4.34
14.507153 4.34
14.537278 4.34
14.548046 4.34
14.578279 4.34
14.589044 4.34
14.619404 4.34
14.630154 4.34
14.660530 4.34
14.676529 4.34
14.701780 4.34
14.712530 4.34
14.743172 4.34
14.759170 4.34
14.784280 4.34
14.795156 4.34
14.825280 4.34
14.836156 4.34
14.866281 4.34
14.877156 4.34
14.907281 4.34
14.918156 4.34
14.948281 4.68
14.959157 4.34
14.989282 4.34
15.000157 4.34
15.030282 4.34
15.041157 4.34
15.071282 4.34
15.082157 4.34
15.112282 4.34
15.123157 4.34
15.153283 4.34
15.164158 4.34
15.194283 4.34
15.205158 4.34
15.235284 4.34
15.246159 4.34
15.276284 4.34
15.287159 4.34
15.317284 4.34
15.328159 4.34
15.358284 4.34
15.369159 4.34
15.399284 4.34
15.410159 4.34
15.440285 4.34
15.451160 4.34
15.481285 4.34
15.492160 4.34
15.522286 4.34
15.533161 4.34
15.563286 4.34
15.574161 4.68
15.604286 4.34
15.615162 4.68
15.645286 4.68
15.656161 4.34
15.686286 4.34
15.697162 4.34
15.727287 4.34
15.738162 4.34
15.768287 4.34
15.779162 4.34
15.809288 4.34
15.820162 4.34
15.850288 4.34
15.861163 4.34
15.891288 4.34
15.902163 4.34
15.932288 4.34
15.943164 4.34
15.973289 4.34
15.984164 4.34
16.014289 4.34
16.025164 4.34
16.055289 4.34
16.066165 4.34
16.096289 4.68
16.107165 4.34
16.137415 4.68
16.153290 4.34
16.178540 4.68
16.189290 4.34
16.225182 4.34
16.235932 4.68
16.266416 4.34
16.282416 4.34
16.315933 4.68
16.326667 4.34
16.357166 4.68
16.367934 4.34
16.398167 4.34
16.408932 4.34
16.439167 4.34
16.449934 4.34
16.480292 4.34
16.491167 4.34
16.521417 4.34
16.537292 4.34
16.562669 4.34
16.573543 4.34
16.609293 4.34
16.620184 4.34
16.650418 4.34
16.666418 4.34
16.691670 4.34
16.702544 4.34
16.733187 4.34
16.743937 4.34
16.774419 4.34
16.790419 4.34
16.815670 4.34
16.826545 4.34
16.862186 4.34
16.872937 4.34
16.903420 4.34
16.919420 4.34
16.953063 4.34
16.969064 4.34
16.994170 4.34
17.004938 4.34
17.035296 4.34
17.046171 4.34
17.076422 4.34
17.092421 4.34
17.117672 4.34
17.128546 4.34
17.164189 4.34
17.174937 4.34
17.205422 4.34
17.221297 4.34
17.246673 4.34
17.257548 4.34
17.288190 4.34
17.298940 4.34
17.329298 4.34
17.340173 4.34
17.370423 4.34
17.386423 4.34
17.413433 4.34
17.424174 4.34
17.454675 4.34
17.465549 4.34
17.495954 4.34
17.506675 4.34
17.537175 4.34
17.548068 4.34
17.578175 4.34
17.589050 4.34
17.619301 4.34
17.630175 4.34
17.660426 4.34
17.676300 4.34
17.701676 4.34
17.712551 4.34
17.742956 4.34
17.759069 4.34
17.784177 4.34
17.794943 4.34
17.825302 4.34
17.837829 4.34
17.866427 4.34
17.882426 4.34
17.909458 4.34
17.920196 4.34
17.950956 4.34
17.967070 4.34
17.992178 4.34
18.002945 4.34
18.033303 4.34
18.045679 4.34
18.074429 4.34
18.090429 4.34
18.115554 4.34
18.126303 4.34
18.156958 4.34
18.173070 4.34
18.198304 4.34
18.210680 4.34
18.239554 4.34
18.250305 4.34
18.280960 4.34
18.297073 4.34
18.322180 4.34
18.332947 4.34
18.363306 4.34
18.375681 4.34
18.404431 4.34
18.415306 4.34
18.447315 4.34
18.458197 4.34
18.488431 4.34
18.499181 4.34
18.534837 4.34
18.545557 4.34
18.576307 4.34
18.592182 4.34
18.617432 4.34
18.628307 4.34
18.663837 4.34
18.679824 4.34
18.705199 4.34
18.715948 4.34
18.746433 4.34
18.757308 4.34
18.787558 4.34
18.798309 4.34
18.828962 4.34
18.845076 4.34
18.870184 4.34
18.880951 4.34
18.911184 4.34
18.921951 4.34
18.952310 4.34
18.968185 4.34
18.993435 4.34
19.004310 4.34
19.039828 4.34
19.055828 4.34
19.081201 4.34
19.091953 4.34
19.122436 4.34
19.133186 4.34
19.168828 4.34
19.184829 4.34
19.210201 4.34
19.220953 4.34
19.251436 4.34
19.262312 4.34
19.297841 4.34
19.313829 4.34
19.339187 4.34
19.349955 4.34
19.380313 4.34
19.396188 4.34
19.421438 4.34
19.432313 4.34
19.467843 4.34
19.478563 4.34
19.509205 4.34
19.519957 4.34
19.550439 4.34
19.561189 4.34
19.596841 4.34
19.607564 4.34
19.638206 4.34
19.648954 4.34
19.679440 4.34
19.690315 4.34
19.725833 4.34
19.736565 4.34
19.767208 4.34
19.777958 4.34
19.808441 4.34
19.819316 4.34
19.854816 4.34
19.865565 4.34
19.895815 4.34
19.906565 4.34
19.936816 4.34
19.947565 4.34
19.977816 4.34
19.988566 4.34
20.018817 4.34
20.029566 4.34
20.059816 4.34
20.070566 4.34
20.100817 4.34
20.111566 4.34
20.141817 4.34
20.152566 4.34
20.182817 4.34
20.193567 4.34
20.223818 4.34
20.234567 4.34
20.264818 4.34
20.275568 4.34
20.305819 4.34
20.316568 4.34
20.346818 4.34
20.357568 4.34
20.387819 4.34
20.398568 4.34
20.428819 4.34
20.439569 4.34
20.469819 4.34
20.480569 4.34
20.510820 4.34
20.521569 4.34
20.551820 4.34
20.562569 4.34
20.592821 4.34
20.603569 4.34
20.633820 4.34
20.644570 4.34
20.674821 4.34
20.685570 4.34
20.715821 4.34
20.726571 4.34
20.756822 4.34
20.767571 4.34
20.797822 4.34
20.808572 4.34
20.838822 4.34
20.849572 4.34
20.879822 4.34
20.892197 4.34
20.920823 4.34
20.933198 4.34
20.961823 4.34
20.972572 4.34
21.002823 4.34
21.015199 4.34
21.043824 4.34
21.054573 4.34
21.084824 4.34
21.097200 4.34
21.125824 4.34
21.138200 4.34
21.166824 4.34
21.177574 4.34
21.207824 4.34
21.220201 4.34
21.248825 4.34
21.261201 4.34
21.289825 4.34
21.302201 4.34
21.330826 4.34
21.343201 4.34
21.371826 4.34
21.384202 4.34
21.412826 4.34
21.425202 4.34
21.453826 4.34
21.466202 4.34
21.494827 4.34
21.507202 4.34
21.535827 4.34
21.548203 4.34
21.576827 4.34
21.589204 4.34
21.617828 4.34
21.633703 4.34
21.658828 4.34
21.671204 4.34
21.699828 4.34
21.712204 4.34
21.740828 4.34
21.756704 4.34
21.781829 4.34
21.794205 4.34
21.822829 4.34
21.838705 4.34
21.863830 4.34
21.879705 4.34
21.904830 4.34
21.920736 4.34
21.946222 4.34
21.962222 4.34
21.987206 4.34
22.003206 4.34
22.028331 4.34
22.044206 4.34
22.069456 4.34
22.080206 4.34
22.115850 4.34
22.131735 4.34
22.157224 4.34
22.173222 4.34
22.198207 4.34
22.214207 4.34
22.239333 4.34
22.255208 4.34
22.280458 4.34
22.291208 4.34
22.326862 4.34
22.342727 4.34
22.367987 4.34
22.378710 4.34
22.409209 4.34
22.425209 4.34
22.450334 4.34
22.466209 4.34
22.491459 4.34
22.502334 4.34
22.537738 4.34
22.553729 4.34
22.579227 4.34
22.595228 4.34
22.620461 4.34
22.631211 4.34
22.666853 4.34
22.682854 4.34
22.708228 4.34
22.724226 4.34
22.749211 4.34
22.765336 4.34
22.790337 4.34
22.806212 4.34
22.831462 4.34
22.842212 4.34
22.877853 4.68
22.893713 4.34
22.918990 4.34
22.929713 4.34
22.960338 4.34
22.976213 4.34
23.001463 4.34
23.012213 4.34
23.047866 4.34
23.063853 4.34
23.089228 4.68
23.105213 4.34
23.130214 4.34
23.146214 4.34
23.171339 4.34
23.187214 4.34
23.214215 4.34
23.224981 4.34
23.255215 4.68
23.271215 4.34
23.296340 4.34
23.307215 4.34
23.339216 4.34
23.349983 4.34
23.380341 4.34
23.391216 4.34
23.423216 4.34
23.434109 4.34
23.464341 4.34
23.475216 4.34
23.510591 4.34
23.521342 4.34
23.551995 4.34
23.562872 4.34
23.593342 4.34
23.604107 4.34
23.636248 4.34
23.646984 4.34
23.682593 4.34
23.693343 4.34
23.723996 4.34
23.734719 4.34
23.765344 4.34
23.776110 4.34
23.808122 4.34
23.818861 4.34
23.849219 4.34
23.865111 4.34
23.890219 4.34
23.901110 4.34
23.931220 4.34
23.942113 4.34
23.972345 4.34
23.983113 4.34
24.018595 4.34
24.029345 4.34
24.059988 4.34
24.070868 4.34
24.101221 4.34
24.111987 4.34
24.142346 4.34
24.153114 4.34
24.188596 4.68
24.199347 4.34
24.229876 4.34
24.240597 4.34
24.271113 4.34
24.286988 4.34
24.312113 4.34
24.327987 4.34
24.353115 4.34
24.368990 4.34
24.394116 4.34
24.413001 4.34
24.430348 4.34
24.455223 4.34
24.465989 4.34
24.496349 4.34
24.507116 4.34
24.542599 4.34
24.553349 4.34
24.584001 4.34
24.594724 4.34
24.625349 4.34
24.636114 4.34
24.671599 4.34
24.690725 4.34
24.707725 4.34
24.732993 4.34
24.743725 4.34
24.774351 4.34
24.785118 4.34
24.820608 4.34
24.831351 4.34
24.861994 4.34
24.872879 4.34
24.903227 4.34
24.913995 4.34
24.944352 4.34
24.955119 4.34
24.990610 4.34
25.001352 4.34
25.031995 4.34
25.042883 4.34
25.073117 4.34
25.088993 4.34
25.114353 4.34
25.125119 4.34
25.160611 4.34
25.171353 4.34
25.201882 4.34
25.212757 4.34
25.243229 4.34
25.259354 4.34
25.284354 4.34
25.295122 4.34
25.330614 4.34
25.355006 4.34
25.365759 4.34
25.396230 4.34
25.406995 4.34
25.437355 4.34
25.448230 4.34
25.483608 4.34
25.499608 4.34
25.525124 4.34
25.541121 4.34
25.566231 4.34
25.577121 4.34
25.607231 4.34
25.618124 4.34
25.648231 4.34
25.659124 4.34
25.689357 4.34
25.700232 4.34
25.735610 4.34
25.751609 4.34
25.777125 4.34
25.793126 4.34
25.818233 4.34
25.834233 4.34
25.859233 4.34
25.870125 4.34
25.900233 4.34
25.911124 4.34
25.941358 4.34
25.952234 4.34
25.987612 4.34
26.003612 4.34
26.029127 4.34
26.045128 4.34
26.070235 4.34
26.086234 4.34
26.111360 4.34
26.122235 4.34
26.157613 4.34
26.173613 4.34
26.198888 4.34
26.209614 4.34
26.240236 4.34
26.251126 4.34
26.281236 4.34
26.292128 4.34
26.322362 4.34
26.333236 4.34
26.368616 4.34
26.384617 4.34
26.410128 4.34
26.426127 4.34
26.451238 4.34
26.462128 4.34
26.492238 4.34
26.503131 4.34
26.533238 4.34
26.544113 4.34
26.574363 4.34
26.585255 4.34
26.620616 4.34
26.636616 4.34
26.662132 4.34
26.678131 4.34
26.703239 4.34
26.714132 4.34
26.744239 4.34
26.755130 4.34
26.785240 4.34
26.796132 4.34
26.826240 4.34
26.837133 4.34
26.867240 4.34
26.878132 4.34
26.908240 4.34
26.919134 4.34
26.949241 4.34
26.960133 4.34
26.990366 4.34
27.001134 4.34
27.036621 4.34
27.052624 4.34
27.077896 4.34
27.088775 4.34
27.119242 4.34
27.130132 4.34
27.160367 4.34
27.171134 4.34
27.206622 4.34
27.217619 4.34
27.248135 4.34
27.264135 4.34
27.289243 4.34
27.300133 4.68
27.330243 4.34
27.341135 4.34
27.371243 4.34
27.382119 4.34
27.412244 4.34
27.423136 4.34
27.453244 4.34
27.464136 4.34
27.494370 4.34
27.510494 4.68
27.540629 4.34
27.556624 4.34
27.581899 4.34
27.592621 4.34
27.623137 4.34
27.633887 4.34
27.664371 4.34
27.675136 4.34
27.710625 4.34
27.721621 4.34
27.752139 4.34
27.768137 4.34
27.793122 4.34
27.803889 4.34
27.834247 4.34
27.845137 4.34
27.875247 4.34
27.886141 4.34
27.916247 4.34
27.927141 4.34
27.957373 4.34
27.968123 4.34
28.003624 4.34
28.019624 4.34
28.045141 4.34
28.061141 4.34
28.086124 4.34
28.096891 4.34
28.127124 4.34
28.137890 4.34
28.168249 4.34
28.179141 4.34
28.209249 4.34
28.220125 4.34
28.252000 4.34
28.262779 4.34
28.293142 4.34
28.303891 4.34
28.334125 4.34
28.344893 4.34
28.375251 4.34
28.386126 4.34
28.418002 4.34
28.428904 4.34
28.459252 4.34
28.470144 4.34
28.500252 4.34
28.511127 4.34
28.543033 4.34
28.553905 4.34
28.589502 4.34
28.605661 4.34
28.631018 4.34
28.647018 4.34
28.672253 4.34
28.683146 4.34
28.715004 4.34
28.725908 4.34
28.756254 4.34
28.767145 4.34
28.797254 4.34
28.808129 4.34
28.840005 4.34
28.850906 4.34
28.881254 4.34
28.892147 4.34
28.927505 4.34
28.940005 4.34
28.968784 4.34
28.979631 4.34
29.010147 4.34
29.020898 4.34
29.053006 4.34
29.063785 4.34
29.094147 4.34
29.104897 4.34
29.137007 4.34
29.147786 4.34
29.178146 4.34
29.188898 4.34
29.221008 4.34
29.231909 4.34
29.262147 4.34
29.272898 4.34
29.305008 4.34
29.315784 4.34
29.346147 4.34
29.356898 4.34
29.392383 4.34
29.403258 4.34
29.433508 4.34
29.445884 4.34
29.474914 4.34
29.487259 4.34
29.516259 4.34
29.527149 4.34
29.562384 4.34
29.573259 4.34
29.603509 4.34
29.615885 4.34
29.644912 4.34
29.660913 4.34
29.686150 4.34
29.696900 4.34
29.727135 4.34
29.737901 4.34
29.768136 4.34
29.778901 4.34
29.809136 4.34
29.819902 4.34
29.850261 4.34
29.861136 4.34
29.896387 4.34
29.907137 4.34
29.937512 4.34
29.953387 4.34
29.978791 4.34
29.989666 4.34
30.020262 4.34
30.031154 4.34
30.066512 4.34
30.082512 4.34
30.108032 4.34
30.123903 4.34
30.149263 4.34
30.160156 4.34
30.195514 4.34
30.211514 4.34
30.236791 4.34
30.247514 4.34
30.278156 4.34
30.288904 4.34
30.324515 4.34
30.340390 4.34
30.365920 4.34
30.381919 4.34
30.407265 4.34
30.418158 4.34
30.453515 4.34
30.469515 4.34
30.494794 4.34
30.505642 4.34
30.536266 4.34
30.547159 4.34
30.582391 4.34
30.593266 4.34
30.623516 4.34
30.639392 4.34
30.664795 4.34
30.675517 4.34
30.706159 4.34
30.716910 4.34
30.752518 4.34
30.768517 4.34
30.793797 4.34
30.804644 4.34
30.835268 4.34
30.846160 4.34
30.881393 4.34
30.892144 4.34
30.922519 4.34
30.938394 4.34
30.963798 4.34
30.974645 4.34
31.005161 4.34
31.015911 4.34
31.051395 4.34
31.062145 4.34
31.092519 4.34
31.108519 4.34
31.134038 4.34
31.150163 4.34
31.175271 4.34
31.186163 4.34
31.221396 4.34
31.232146 4.34
31.262647 4.34
31.273521 4.34
31.304165 4.34
31.314914 4.34
31.345272 4.34
31.356147 4.34
31.391396 4.34
31.403898 4.34
31.432522 4.34
31.448397 4.34
31.473803 4.34
31.486272 4.34
31.516899 4.34
31.527649 4.34
31.558166 4.34
31.568915 4.34
31.604399 4.34
31.616927 4.34
31.645679 4.34
31.656524 4.34
31.687040 4.34
31.702914 4.34
31.728166 4.34
31.738917 4.34
31.774400 4.34
31.786900 4.34
31.815651 4.34
31.826525 4.34
31.857165 4.34
31.867920 4.34
31.899901 4.34
31.910651 4.34
31.942902 4.34
31.953651 4.34
31.985902 4.34
31.996652 4.34
32.028903 4.34
32.039652 4.34
32.071903 4.34
32.082653 4.34
32.114903 4.34
32.125653 4.34
32.157903 4.34
32.168653 4.34
32.199170 4.34
32.209919 4.34
32.240171 4.34
32.250918 4.34
32.286403 4.34
32.298779 4.34
32.327529 4.34
32.343404 4.34
32.368780 4.34
32.381157 4.34
32.409780 4.34
32.422153 4.34
32.450779 4.34
32.463153 4.34
32.491779 4.34
32.504154 4.34
32.532778 4.34
32.545154 4.34
32.573779 4.34
32.586154 4.34
32.614779 4.34
32.627155 4.34
32.655780 4.34
32.671655 4.34
32.696780 4.34
32.709155 4.34
32.737780 4.34
32.750155 4.34
32.778780 4.34
32.794656 4.34
32.819781 4.34
32.832156 4.34
32.860781 4.34
32.876657 4.34
32.901781 4.34
32.917657 4.34
32.942782 4.34
32.958658 4.34
32.983782 4.34
32.999658 4.34
33.024782 4.34
33.040658 4.34
33.065783 4.34
33.081658 4.34
33.106783 4.34
33.122658 4.34
33.147783 4.34
33.163659 4.34
33.188784 4.34
33.204659 4.34
33.229784 4.34
33.245660 4.34
33.270784 4.34
33.286660 4.34
33.311785 4.34
33.327660 4.34
33.352785 4.34
33.368660 4.34
33.393785 4.34
33.409660 4.34
33.434785 4.34
33.450661 4.34
33.475786 4.34
33.491661 4.34
33.516786 4.34
33.532661 4.34
33.557786 4.34
33.573661 4.34
33.598786 4.34
33.614662 4.34
33.639786 4.34
33.655662 4.34
33.680787 4.34
33.696663 4.34
33.721787 4.34
33.737663 4.34
33.762787 4.34
33.778663 4.34
33.803788 4.34
33.819663 4.34
33.844788 4.34
33.860663 4.34
33.885788 4.34
33.901664 4.34
33.926789 4.34
33.942664 4.34
33.967789 4.34
33.983665 4.34
34.008789 4.34
34.024665 4.34
34.049789 4.34
34.065665 4.34
34.090789 4.34
34.106665 4.34
34.131790 4.34
34.147665 4.34
34.172790 4.34
34.188666 4.34
34.213791 4.34
34.229666 4.34
34.254790 4.34
34.270667 4.34
34.295791 4.34
34.311667 4.34
34.336792 4.34
34.352667 4.34
34.377791 4.34
34.393667 4.34
34.418792 4.34
34.434668 4.34
34.459792 4.34
34.475668 4.34
34.500793 4.34
34.516668 4.34
34.541793 4.34
34.557669 4.34
34.582793 4.34
34.598669 4.34
34.623793 4.34
34.639669 4.34
34.664794 4.34
34.680669 4.34
34.705794 4.34
34.721670 4.34
34.746794 4.34
34.762670 4.34
34.787794 4.34
34.803671 4.34
34.828795 4.34
34.844671 4.34
34.869795 4.34
34.885670 4.34
34.910795 4.34
34.926671 4.34
34.951796 4.34
34.967671 4.34
34.992796 4.34
35.008672 4.34
35.033797 4.34
35.049672 4.34
35.074797 4.34
35.090673 4.34
35.115797 4.34
35.131673 4.34
35.156797 4.34
35.172673 4.34
35.197797 4.34
35.213673 4.34
35.238798 4.34
35.254673 4.34
35.279798 4.34
35.295674 4.34
35.320799 4.34
35.336674 4.34
35.361799 4.34
35.377675 4.34
35.402799 4.34
35.418675 4.34
35.443799 4.34
35.459675 4.34
35.484799 4.34
35.500675 4.34
35.525800 4.34
35.541676 4.34
35.566800 4.34
35.582676 4.34
35.607801 4.34
35.623675 4.34
35.648801 4.34
35.664676 4.34
35.689801 4.34
35.705676 4.34
35.730801 4.34
35.746677 4.34
35.771802 4.34
35.787677 4.34
35.812802 4.34
35.823552 4.34
35.853833 4.34
35.864679 4.34
35.895304 4.34
35.911429 4.34
35.936428 4.34
35.947179 4.34
35.977680 4.34
35.993833 4.34
36.024430 4.34
36.035179 4.34
36.065555 4.34
36.076430 4.34
36.106959 4.34
36.117821 4.34
36.148305 4.34
36.164430 4.34
36.189431 4.34
36.200305 4.34
36.230682 4.34
36.246835 4.34
36.271823 4.34
36.282682 4.34
36.313181 4.34
36.323947 4.34
36.354307 4.34
36.370308 4.34
36.395432 4.34
36.406182 4.34
36.436557 4.34
36.447433 4.34
36.477963 4.34
36.488684 4.34
36.519183 4.34
36.529952 4.34
36.560308 4.34
36.576433 4.34
36.601434 4.34
36.612184 4.34
36.642685 4.34
36.658836 4.34
36.683964 4.34
36.694826 4.34
36.725185 4.34
36.735952 4.34
36.766310 4.34
36.782434 4.34
36.807435 4.34
36.818310 4.34
36.848686 4.34
36.864840 4.34
36.889965 4.34
36.900837 4.34
36.931311 4.34
36.947311 4.34
36.972436 4.34
36.983186 4.34
37.013687 4.34
37.029841 4.34
37.054967 4.34
37.065841 4.34
37.096187 4.34
37.106955 4.34
37.137188 4.34
37.147955 4.34
37.178188 4.34
37.188956 4.34
37.219313 4.68
37.235438 4.34
37.260438 4.34
37.271188 4.34
37.301689 4.34
37.317689 4.34
37.348439 4.34
37.359189 4.34
37.389690 4.34
37.405841 4.34
37.430969 4.34
37.441690 4.34
37.472190 4.34
37.482957 4.34
37.513190 4.34
37.523956 4.34
37.554316 4.68
37.570440 4.34
37.595440 4.68
37.606316 4.68
37.636692 4.34
37.652845 4.34
37.683441 4.34
37.694191 4.34
37.724566 4.34
37.737192 4.34
37.767696 4.34
37.778567 4.34
37.810696 4.34
37.821568 4.34
37.853697 4.34
37.864567 4.34
37.896572 4.34
37.907318 4.34
37.939599 4.34
37.950318 4.34
37.982599 4.34
37.993318 4.34
38.025598 4.34
38.036444 4.34
38.072319 4.34
38.088444 4.34
38.113444 4.34
38.124320 4.34
38.154711 4.34
38.170849 4.34
38.197574 4.34
38.208320 4.34
38.244211 4.34
38.256574 4.34
38.285445 4.34
38.296321 4.34
38.326570 4.34
38.342571 4.34
38.367849 4.34
38.378570 4.34
38.409213 4.34
38.421575 4.34
38.450446 4.34
38.461197 4.34
38.491726 4.34
38.502572 4.34
38.538212 4.34
38.550577 4.34
38.579447 4.34
38.590323 4.34
38.620573 4.34
38.636730 4.34
38.667323 4.34
38.678214 4.34
38.708448 4.34
38.719324 4.34
38.749716 4.34
38.760574 4.34
38.791215 4.34
38.807216 4.34
38.832449 4.34
38.843324 4.34
38.873701 4.34
38.884574 4.34
38.920450 4.34
38.931200 4.34
38.961701 4.34
38.972575 4.34
39.008217 4.34
39.024215 4.34
39.049452 4.34
39.060201 4.34
39.090702 4.34
39.101576 4.34
39.137217 4.34
39.153219 4.34
39.178452 4.34
39.189202 4.34
39.219703 4.34
39.230577 4.34
39.260856 4.34
39.271703 4.34
39.302220 4.34
39.318218 4.34
39.343453 4.34
39.354203 4.34
39.384704 4.34
39.395578 4.34
39.431220 4.34
39.447222 4.34
39.472454 4.34
39.483204 4.34
39.513720 4.34
39.524579 4.34
39.560222 4.34
39.576222 4.34
39.601455 4.34
39.612205 4.34
39.642580 4.34
39.658580 4.34
39.689222 4.34
39.705223 4.34
39.730456 4.34
39.741205 4.34
39.771707 4.34
39.782581 4.34
39.818222 4.34
39.834221 4.34
39.859457 4.34
39.870332 4.34
39.900707 4.34
39.911581 4.34
39.941861 4.34
39.952708 4.34
39.983223 4.34
39.999225 4.34
40.024458 4.34
40.035333 4.34
40.065709 4.34
40.076583 4.34
40.112223 4.34
40.128225 4.34
40.153458 4.34
40.164334 4.34
40.194710 4.34
40.205584 4.34
40.241224 4.34
40.257227 4.34
40.282460 4.34
40.293335 4.34
40.323710 4.34
40.334585 4.34
40.370229 4.34
40.386227 4.34
40.411460 4.34
40.422335 4.34
40.452739 4.34
40.463586 4.34
40.494228 4.34
40.510228 4.34
40.535461 4.34
40.548102 4.34
40.576741 4.34
40.587586 4.34
40.618228 4.34
40.634228 4.34
40.659462 4.34
40.670212 4.34
40.700713 4.34
40.711587 4.34
40.747228 4.34
40.763229 4.34
40.788463 4.34
40.800855 4.34
40.829714 4.34
40.840588 4.34
40.871232 4.34
40.887231 4.34
40.912464 4.34
40.924857 4.34
40.953715 4.34
40.964589 4.34
40.994992 4.34
41.005715 4.34
41.036215 4.34
41.052230 4.34
41.077215 4.34
41.093230 4.34
41.118340 4.34
41.129215 4.34
41.159466 4.34
41.171859 4.34
41.200717 4.34
41.211591 4.34
41.241995 4.34
41.252745 4.34
41.283216 4.34
41.293983 4.34
41.324342 4.34
41.335110 4.34
41.365467 4.34
41.381467 4.34
41.406593 4.34
41.417342 4.34
41.453233 4.34
41.463985 4.34
41.494343 4.34
41.505108 4.34
41.535468 4.34
41.551593 4.34
41.576719 4.34
41.587468 4.34
41.617999 4.34
41.628719 4.34
41.659219 4.34
41.669985 4.34
41.700220 4.34
41.710985 4.34
41.741220 4.34
41.752112 4.34
41.782220 4.34
41.792987 4.34
41.823221 4.34
41.833986 4.34
41.864346 4.34
41.875111 4.34
41.905471 4.34
41.921471 4.34
41.946722 4.34
41.957471 4.34
41.988114 4.34
42.004114 4.34
42.029222 4.34
42.039987 4.34
42.070347 4.34
42.081112 4.34
42.111472 4.34
42.127473 4.34
42.152723 4.34
42.163473 4.34
42.193991 4.34
42.204723 4.34
42.235348 4.34
42.246114 4.34
42.276473 4.34
42.292474 4.34
42.317724 4.34
42.328474 4.34
42.364239 4.34
42.374992 4.34
42.405224 4.34
42.415991 4.34
42.446225 4.34
42.456989 4.34
42.487350 4.34
42.498118 4.34
42.528475 4.34
42.544475 4.34
42.569726 4.34
42.580475 4.34
42.611004 4.34
42.627118 4.34
42.652352 4.34
42.663116 4.34
42.693477 4.34
42.709476 4.34
42.737727 4.34
42.748477 4.34
42.778995 4.34
42.795120 4.34
42.820227 4.34
42.830995 4.34
42.861352 4.34
42.872120 4.34
42.902478 4.34
42.918478 4.34
42.943728 4.34
42.954478 4.34
42.984997 4.34
43.001121 4.34
43.026228 4.34
43.036994 4.34
43.067354 4.34
43.078120 4.34
43.108479 4.34
43.124480 4.34
43.149614 4.34
43.160355 4.34
43.191123 4.34
43.207122 4.34
43.232231 4.34
43.243123 4.34
43.273231 4.34
43.284124 4.34
43.314230 4.34
43.325125 4.34
43.355356 4.34
43.366122 4.34
43.396482 4.34
43.412482 4.34
43.439491 4.34
43.450357 4.34
43.482513 4.34
43.493233 4.34
43.524124 4.34
43.540125 4.34
43.565358 4.34
43.577760 4.34
43.606483 4.34
43.622483 4.34
43.649390 4.34
43.660233 4.34
43.696127 4.34
43.712127 4.34
43.737359 4.34
43.749764 4.34
43.778484 4.34
43.794484 4.34
43.828128 4.34
43.844126 4.34
43.869360 4.34
43.881764 4.34
43.910485 4.34
43.926485 4.34
43.953385 4.34
43.964236 4.34
44.000004 4.34
44.015890 4.34
44.041361 4.34
44.053765 4.34
44.082486 4.34
44.093236 4.34
44.129130 4.34
44.139889 4.34
44.170237 4.34
44.181129 4.34
44.211237 4.34
44.222131 4.34
44.252363 4.34
44.268363 4.34
44.293488 4.34
44.304363 4.34
44.340131 4.34
44.350890 4.34
44.381238 4.34
44.392130 4.34
44.422238 4.34
44.433131 4.34
44.463239 4.34
44.474129 4.34
44.504239 4.34
44.514988 4.34
44.545238 4.34
44.555988 4.34
44.586239 4.34
44.596989 4.34
44.627239 4.34
44.637989 4.34
44.668239 4.34
44.678990 4.34
44.709239 4.34
44.719989 4.34
44.750240 4.34
44.760989 4.34
44.791240 4.34
44.801990 4.34
44.832240 4.34
44.842990 4.34
44.873240 4.34
44.883991 4.34
44.914241 4.34
44.924991 4.34
44.955241 4.34
44.965992 4.34
44.996242 4.34
45.006992 4.34
45.037242 4.34
45.047992 4.34
45.078241 4.34
45.088992 4.34
45.119242 4.34
45.129992 4.34
45.160242 4.34
45.170993 4.34
45.201243 4.34
45.211993 4.34
45.242243 4.34
45.252993 4.34
45.283244 4.34
45.293994 4.34
45.324244 4.34
45.334994 4.34
45.365244 4.34
45.375994 4.34
45.406244 4.34
45.416995 4.34
45.447244 4.34
45.457995 4.34
45.488245 4.34
45.498995 4.34
45.529245 4.34
45.539995 4.34
45.570245 4.34
45.580995 4.34
45.611245 4.34
45.621996 4.34
45.652247 4.34
45.662996 4.34
45.693246 4.34
45.703996 4.34
45.734247 4.34
45.744997 4.34
45.775247 4.34
45.785997 4.34
45.816247 4.34
45.826998 4.34
45.857247 4.34
45.867997 4.34
45.898247 4.34
45.908998 4.34
45.939248 4.34
45.949998 4.34
45.980248 4.34
45.990999 4.34
46.021249 4.34
46.033749 4.34
46.062249 4.34
46.072999 4.34
46.103249 4.34
46.113999 4.34
46.144249 4.34
46.156750 4.34
46.185249 4.34
46.196000 4.34
46.226250 4.34
46.238750 4.34
46.267250 4.34
46.278000 4.34
46.308251 4.34
46.319001 4.34
46.349251 4.34
46.361751 4.34
46.390251 4.34
46.402627 4.34
46.431251 4.34
46.443627 4.34
46.472252 4.34
46.484628 4.34
46.513252 4.34
46.525627 4.34
46.554252 4.34
46.566629 4.34
46.595252 4.34
46.607629 4.34
46.636253 4.34
46.648629 4.34
46.677253 4.34
46.689629 4.34
46.718253 4.34
46.730629 4.34
46.759254 4.34
46.775129 4.34
46.800254 4.34
46.812630 4.34
46.841255 4.34
46.857130 4.34
46.882255 4.34
46.894630 4.34
46.923255 4.34
46.935631 4.34
46.964255 4.34
46.980130 4.34
47.005255 4.34
47.017631 4.34
47.046256 4.34
47.062131 4.34
47.087256 4.34
47.099632 4.34
47.128256 4.34
47.144131 4.34
47.169256 4.34
47.185132 4.34
47.210257 4.34
47.226132 4.34
47.251257 4.34
47.267132 4.34
47.292257 4.68
47.308132 4.34
47.333258 4.34
47.349133 4.34
47.374258 4.34
47.390133 4.34
47.415258 4.34
47.431133 4.34
47.456259 4.34
47.472134 4.34
47.497259 4.34
47.513134 4.34
47.538259 4.34
47.554135 4.34
47.579260 4.34
47.595134 4.34
47.620260 4.34
47.636135 4.34
47.661260 4.34
47.677135 4.34
47.702260 4.34
47.718135 4.34
47.743260 4.34
47.759136 4.34
47.784261 4.34
47.800136 4.34
47.825261 4.34
47.841137 4.34
47.866262 4.34
47.882136 4.34
47.907262 4.34
47.923137 4.34
47.948262 4.34
47.964137 4.34
47.989262 4.34
48.005138 4.34
48.030262 4.34
48.046138 4.68
48.071263 4.68
48.087138 4.34
48.112263 4.34
48.128138 4.34
48.153264 4.34
48.169139 4.34
48.194264 4.34
48.210139 4.34
48.235264 4.34
48.251139 4.34
48.276264 4.34
48.292140 4.34
48.317265 4.34
48.333140 4.34
48.358265 4.34
48.374141 4.34
48.399265 4.34
48.415140 4.34
48.440266 4.34
48.456140 4.34
48.481266 4.34
48.497141 4.34
48.522266 4.34
48.538141 4.34
48.563266 4.34
48.579142 4.34
48.604267 4.34
48.620142 4.34
48.645267 4.34
48.661142 4.34
48.686267 4.34
48.702142 4.34
48.727268 4.34
48.743143 4.34
48.768267 4.34
48.784143 4.34
48.809268 4.34
48.825143 4.34
48.850268 4.34
48.866144 4.34
48.891269 4.34
48.907144 4.34
48.932269 4.34
48.948144 4.34
48.973269 4.34
48.989144 4.34
49.014269 4.34
49.030145 4.34
49.055270 4.34
49.071145 4.34
49.096270 4.34
49.112145 4.34
49.137270 4.34
49.153145 4.34
49.178271 4.34
49.194145 4.34
49.219271 4.34
49.235146 4.34
49.260271 4.34
49.276146 4.34
49.301271 4.34
49.317147 4.34
49.342272 4.34
49.358147 4.34
49.383272 4.34
49.399148 4.34
49.424273 4.34
49.440147 4.34
49.465273 4.34
49.481148 4.34
49.506272 4.34
49.522148 4.34
49.547273 4.34
49.563148 4.34
49.588274 4.34
49.604149 4.34
49.629274 4.34
49.645149 4.34
49.670274 4.34
49.686149 4.34
49.711275 4.34
49.727149 4.34
49.752275 4.34
49.768150 4.34
49.793275 4.34
49.809150 4.34
49.834275 4.34
49.850151 4.34
49.875275 4.34
49.891151 4.34
49.916276 4.34
49.932151 4.34
49.957276 4.34
49.968026 4.34
49.998277 4.34
50.014151 4.34
50.039277 4.34
50.050027 4.34
50.080277 4.34
50.091027 4.34
50.121277 4.34
50.132028 4.68
50.162278 4.34
50.173028 4.34
50.203278 4.34
50.214029 4.34
50.244278 4.34
50.255028 4.34
50.285279 4.34
50.296028 4.34
50.326279 4.34
50.337029 4.34
50.367279 4.34
50.378029 4.34
50.408279 4.34
50.419030 4.34
50.449280 4.34
50.460030 4.34
50.490280 4.34
50.501030 4.34
50.531280 4.34
50.542031 4.34
50.572281 4.34
50.583030 4.34
50.613281 4.34
50.624031 4.34
50.654281 4.34
50.665031 4.34
50.695281 4.34
50.706032 4.34
50.736282 4.34
50.747032 4.34
50.777282 4.34
50.788032 4.34
50.818282 4.34
50.829032 4.34
50.859283 4.34
50.870033 4.34
50.900283 4.34
50.911033 4.34
50.941283 4.34
50.952034 4.34
50.982283 4.34
50.993034 4.34
51.023284 4.34
51.034033 4.34
51.064284 4.34
51.075034 4.34
51.110409 4.34
51.121159 4.34
51.151409 4.34
51.162160 4.34
51.192410 4.34
51.203160 4.34
51.233410 4.34
51.244160 4.34
51.274411 4.34
51.285160 4.34
51.315411 4.34
51.326161 4.34
51.356410 4.34
51.367161 4.34
51.399162 4.34
51.409911 4.34
51.440162 4.34
51.456037 4.34
51.481162 4.34
51.497037 4.34
51.522163 4.34
51.538037 4.34
51.563163 4.34
51.579162 4.34
51.604163 4.34
51.620038 4.34
51.645163 4.34
51.661038 4.34
51.686164 4.34
51.702039 4.34
51.727164 4.34
51.743039 4.34
51.768164 4.34
51.784039 4.34
51.809164 4.34
51.825040 4.34
51.850164 4.34
51.866165 4.34
51.891165 4.34
51.907040 4.34
51.932165 4.34
51.948041 4.34
51.973166 4.34
51.989041 4.34
52.014166 4.34
52.030041 4.34
52.055166 4.34
52.071041 4.34
52.096167 4.34
52.112042 4.34
52.137166 4.34
52.153167 4.34
52.178167 4.34
52.194042 4.34
52.219167 4.34
52.235042 4.34
52.260168 4.34
52.276042 4.34
52.301168 4.34
52.317043 4.34
52.342168 4.34
52.358043 4.34
52.383168 4.34
52.399044 4.34
52.424169 4.34
52.440169 4.34
52.465169 4.34
52.481044 4.34
52.506169 4.34
52.522045 4.34
52.547170 4.34
52.563045 4.34
52.588170 4.34
52.604045 4.34
52.629170 4.34
52.645045 4.34
52.670170 4.34
52.686046 4.34
52.711171 4.34
52.721921 4.34
52.752171 4.34
52.768046 4.34
52.793171 4.34
52.809046 4.34
52.834171 4.34
52.850047 4.34
52.875171 4.34
52.885922 4.34
52.916172 4.34
52.926922 4.34
52.957172 4.34
52.967923 4.34
52.998173 4.34
53.008923 4.34
53.039173 4.34
53.049923 4.68
53.080190 4.34
53.090928 4.34
53.121177 4.34
53.131927 4.34
53.162176 4.34
53.172926 4.34
53.203175 4.34
53.213925 4.34
53.244174 4.34
53.254925 4.34
53.285175 4.34
53.295925 4.34
53.326175 4.34
53.336925 4.34
53.367180 4.34
53.377929 4.34
53.408178 4.34
53.418928 4.34
53.449177 4.34
53.459927 4.34
53.490177 4.34
53.500927 4.34
53.531177 4.34
53.541927 4.34
53.577565 4.34
