0.000000 0.000000
0.042139 4.34
0.058341 4.34
0.089038 4.34
0.100099 2.66
0.136000 2.66
0.147250 2.34
0.182841 2.66
0.193881 2.66
0.224461 2.34
0.235460 2.66
0.266100 2.66
0.278583 2.66
0.309238 2.66
0.320099 2.66
0.350736 2.66
0.366734 2.66
0.392221 2.34
0.408219 2.66
0.433204 2.66
0.449220 2.34
0.474204 2.66
0.490220 2.66
0.515205 2.34
0.531221 2.66
0.556205 2.66
0.572330 2.66
0.597206 2.34
0.613219 2.66
0.638331 2.66
0.649206 2.34
0.684581 2.66
0.697108 2.66
0.725858 2.66
0.736582 2.66
0.767472 2.66
0.778472 2.66
0.809109 2.66
0.825340 2.34
0.856039 2.66
0.866980 2.34
0.902886 2.66
0.913884 2.34
0.944477 2.66
0.960860 2.34
0.986099 4.02
1.002344 4.34
1.032875 4.34
1.043875 4.34
1.074463 4.34
1.085339 4.02
1.115869 4.34
1.126743 4.34
1.157227 4.34
1.173227 4.34
1.198211 4.02
1.209097 4.34
1.239210 4.34
1.250101 4.34
1.280210 4.02
1.291102 4.34
1.321211 4.34
1.332102 4.34
1.362211 4.34
1.373102 4.02
1.403337 4.34
1.414228 4.34
1.445037 4.34
1.457602 4.34
1.489879 4.34
1.500866 4.34
1.531476 4.34
1.542471 4.34
1.573112 4.34
1.589344 4.34
1.619876 4.34
1.630851 4.34
1.661488 4.34
1.672472 4.34
1.703115 4.34
1.719346 4.34
1.749883 4.34
1.760756 4.34
1.791233 4.34
1.807217 4.34
1.837591 4.34
1.848466 4.34
1.879107 4.34
1.895107 4.34
1.922868 4.34
1.933590 4.34
1.964231 4.34
1.980234 4.34
2.005216 4.34
2.016108 4.34
2.046341 4.34
2.057216 4.34
2.092591 4.34
2.108592 4.34
2.133998 4.34
2.144718 4.34
2.175342 4.34
2.186217 4.34
2.221592 4.34
2.232343 4.34
2.262995 4.34
2.273720 4.34
2.304218 4.34
2.314985 4.34
2.345344 4.34
2.356219 4.34
2.391594 4.34
2.402469 4.34
2.433112 4.34
2.449237 4.34
2.474237 4.34
2.490345 4.34
2.515220 4.34
2.526113 4.34
2.556220 4.34
2.566988 4.34
2.597220 4.34
2.607989 4.34
2.638346 4.34
2.649221 4.34
2.684596 4.34
2.697126 4.34
2.725875 4.34
2.736739 4.34
2.767222 4.34
2.777990 4.34
2.808347 4.34
2.819222 4.34
2.854597 4.34
2.867098 4.34
2.895999 4.34
2.908472 4.34
2.937348 4.34
2.948223 4.34
2.983598 4.34
2.996100 4.34
3.025116 4.34
3.041117 4.34
3.066349 4.34
3.077116 4.34
3.112599 4.34
3.125100 4.34
3.154003 4.34
3.170002 4.34
3.195350 4.34
3.206114 4.34
3.241600 4.34
3.254102 4.34
3.283118 4.34
3.299118 4.34
3.324117 4.34
3.339993 4.34
3.365119 4.34
3.380993 4.34
3.406118 4.34
3.421994 4.34
3.447120 4.34
3.462993 4.34
3.488118 4.34
3.503992 4.34
3.529244 4.34
3.539992 4.34
3.570352 4.34
3.581121 4.34
3.616603 4.34
3.632478 4.34
3.657881 4.34
3.668728 4.34
3.699118 4.34
3.714995 4.34
3.740122 4.34
3.755996 4.34
3.781229 4.34
3.791994 4.34
3.822354 4.34
3.833122 4.34
3.868604 4.34
3.884604 4.34
3.910008 4.34
3.925882 4.34
3.951355 4.34
3.962121 4.34
3.997614 4.34
4.013480 4.34
4.038998 4.34
4.054996 4.34
4.080123 4.34
4.090871 4.34
4.121231 4.34
4.132000 4.34
4.162232 4.34
4.172999 4.34
4.203232 4.34
4.213999 4.34
4.244232 4.34
4.255000 4.34
4.285233 4.34
4.296000 4.34
4.326358 4.34
4.337126 4.34
4.372615 4.34
4.388483 4.34
4.414012 4.34
4.429999 4.34
4.455359 4.34
4.466123 4.34
4.501617 4.34
4.517616 4.34
4.542889 4.34
4.553761 4.34
4.584235 4.34
4.595002 4.34
4.625360 4.34
4.636235 4.34
4.671618 4.34
4.687618 4.34
4.713001 4.34
4.728891 4.34
4.754361 4.34
4.765129 4.34
4.800616 4.34
4.816614 4.34
4.842128 4.34
4.858129 4.34
4.883236 4.34
4.894129 4.34
4.924237 4.34
4.935129 4.34
4.965362 4.34
4.976130 4.34
5.011616 4.34
5.036132 4.34
5.065616 4.34
5.081616 4.34
5.107130 4.34
5.123129 4.34
5.148239 4.34
5.159129 4.34
5.191021 4.34
5.201768 4.34
5.234021 4.34
5.244892 4.34
5.275365 4.34
5.286115 4.34
5.316619 4.34
5.332619 4.34
5.358132 4.34
5.387620 4.34
5.403620 4.34
5.429131 4.34
5.445134 4.34
5.470241 4.34
5.481133 4.34
5.512992 4.34
5.523760 4.34
5.554242 4.34
5.565134 4.34
5.597021 4.34
5.607768 4.34
5.640022 4.34
5.650772 4.34
5.683023 4.34
5.693771 4.34
5.726023 4.34
5.736771 4.34
5.769024 4.34
5.779770 4.34
5.812021 4.34
5.822771 4.34
5.855021 4.34
5.865772 4.34
5.901369 4.34
5.912244 4.34
5.942494 4.34
5.955022 4.34
5.983898 4.34
5.996370 4.34
6.025245 4.34
6.036136 4.34
6.071495 4.34
6.087495 4.34
6.115900 4.34
6.132138 4.34
6.157246 4.34
6.168136 4.34
6.199899 4.34
6.210622 4.34
6.241247 4.34
6.252138 4.34
6.282497 4.34
6.298372 4.34
6.323776 4.34
6.334497 4.34
6.365247 4.34
6.376139 4.34
6.411627 4.34
6.422625 4.34
6.453141 4.34
6.463902 4.34
6.499627 4.34
6.510499 4.34
6.541139 4.34
6.551903 4.34
6.587625 4.34
6.598499 4.34
6.629142 4.02
6.639904 4.34
6.675625 4.34
6.686499 4.34
6.717141 4.34
6.727890 4.34
6.763846 4.34
6.776385 4.34
6.806884 4.34
6.817793 4.34
6.853824 4.34
6.866386 4.34
6.900638 4.34
6.911637 4.34
6.942256 4.34
6.953148 4.34
6.983788 4.68
6.994642 4.68
7.025254 4.68
7.036144 4.68
7.071503 4.68
7.087503 4.68
7.112782 4.68
7.123629 4.68
7.155935 4.68
7.166888 4.68
7.202795 4.68
7.213793 4.68
7.249641 4.34
7.260508 4.34
7.291023 4.68
7.307147 4.68
7.337667 4.68
7.348505 4.68
7.379146 4.68
7.390021 4.68
7.420145 4.68
7.431045 4.68
7.461663 4.68
7.472507 4.68
7.504909 5.00
7.515888 5.00
7.551798 5.00
7.564385 5.00
7.594885 5.00
7.605791 5.35
7.637884 5.00
7.648791 5.00
7.679258 5.00
7.690147 5.00
7.725633 5.00
7.736508 5.00
7.767147 5.00
7.777900 5.00
7.813634 5.00
7.824508 5.00
7.855151 5.00
7.865898 5.00
7.897885 5.35
7.908634 5.00
7.939259 5.00
7.950151 5.35
7.985384 5.00
7.996134 5.00
8.026509 5.00
8.042510 5.00
8.067788 5.00
8.080260 5.00
8.109150 5.00
8.119903 5.00
8.155385 5.35
8.167886 5.35
8.196511 5.35
8.212385 5.35
8.237789 5.00
8.250261 5.00
8.280887 5.00
8.291637 5.00
8.323887 5.00
8.334788 5.00
8.366888 5.35
8.377655 5.35
8.409888 5.35
8.420653 5.00
8.452918 5.35
8.463791 5.35
8.495905 5.00
8.506656 5.00
8.538919 5.00
8.549790 5.00
8.581921 5.00
8.592671 5.00
8.628514 5.00
8.639514 5.00
8.670031 5.00
8.681031 5.00
8.716640 5.00
8.727515 5.35
8.758156 5.35
8.768906 5.00
8.800891 5.00
8.811642 5.00
8.847390 5.00
8.859892 5.35
8.888516 5.35
8.904390 5.00
8.929796 5.00
8.945642 5.00
8.976516 5.00
8.992516 5.35
9.017796 5.35
9.030267 5.00
9.064392 5.00
9.076768 5.35
9.105517 5.00
9.121392 5.35
9.146797 5.35
9.162922 5.00
9.188158 5.35
9.198909 5.00
9.229269 5.00
9.240160 5.35
9.270268 5.35
9.281143 5.00
9.311268 5.00
9.322144 5.35
9.352269 5.35
9.363144 5.35
9.393394 5.35
9.409394 5.00
9.434665 5.00
9.445519 5.35
9.476162 5.00
9.486912 5.00
9.517271 5.00
9.528161 5.00
9.558270 5.00
9.569162 5.00
9.599270 5.00
9.610146 5.00
9.640271 5.00
9.651146 5.00
9.681271 5.00
9.692147 5.00
9.722271 5.00
9.733147 5.00
9.763272 5.00
9.774147 5.00
9.804272 5.00
9.815147 5.00
9.845272 5.00
9.856147 5.00
9.886273 5.00
9.897148 5.00
9.927273 5.00
9.938148 5.00
9.968273 5.00
9.979149 5.00
10.009274 5.00
10.020149 5.00
10.050274 5.00
10.061149 5.00
10.091274 5.00
10.102149 5.00
10.132274 5.00
10.143149 5.00
10.173275 5.00
10.184150 5.00
10.214275 5.00
10.225151 5.00
10.255275 5.00
10.266151 5.00
10.296401 5.00
10.312401 5.00
10.337526 5.00
10.348401 5.00
10.378803 5.00
10.394652 5.00
10.425541 4.68
10.436539 4.34
10.467183 4.34
10.478184 4.34
10.508664 4.34
10.519530 4.34
10.550176 4.34
10.560952 4.34
10.591529 4.34
10.602404 4.34
10.632815 4.34
10.648806 4.34
10.682404 4.34
10.698529 4.34
10.723682 4.34
10.736170 4.34
10.765172 4.34
10.776044 4.34
10.806847 4.34
10.823060 4.34
10.853702 4.34
10.869909 4.34
10.900533 4.34
10.911533 4.34
10.942050 4.34
10.953049 4.34
10.983282 4.34
10.994172 4.34
11.024281 4.34
11.036810 4.34
11.065281 4.34
11.076173 4.34
11.106282 4.34
11.117173 4.34
11.147281 4.34
11.159810 4.34
11.188282 4.34
11.200811 4.34
11.229282 4.34
11.241813 4.34
11.270283 4.34
11.282810 4.34
11.311283 4.34
11.323812 4.34
11.352283 4.34
11.364813 4.34
11.393283 4.34
11.405811 4.34
11.434284 4.34
11.446814 4.34
11.475284 4.34
11.487814 4.34
11.516284 4.34
11.528806 4.34
