0.000000 0.000000
0.041973 4.34
0.052972 4.34
0.083618 4.34
0.094770 4.34
0.125526 2.66
0.136596 2.66
0.167084 2.34
0.178096 2.34
0.213954 2.66
0.224953 2.34
0.255611 2.34
0.266611 2.34
0.297199 2.34
0.313333 2.66
0.343836 2.66
0.359839 2.66
0.385072 2.66
0.395838 2.66
0.426196 2.66
0.442196 2.34
0.467474 2.66
0.478327 2.34
0.508837 2.66
0.524837 2.66
0.549947 2.34
0.560835 2.34
0.590947 2.34
0.601838 2.66
0.631948 2.66
0.642838 2.34
0.673335 2.66
0.689474 2.66
0.719712 2.34
0.730474 2.34
0.760949 2.34
0.771864 2.34
0.802589 2.34
0.813601 2.66
0.844208 2.34
0.860647 2.34
0.885854 2.34
0.896871 2.66
0.927501 2.34
0.938496 2.34
0.969091 2.34
0.980103 3.33
1.015978 4.02
1.026961 4.02
1.057619 4.02
1.068619 4.02
1.099206 4.02
1.115345 4.02
1.145842 4.02
1.161842 4.02
1.187078 4.02
1.197953 4.02
1.230231 4.02
1.241078 4.02
1.271479 4.02
1.282335 4.02
1.312967 4.02
1.323843 4.02
1.353953 4.02
1.364842 4.02
1.394953 4.02
1.405844 4.02
1.435954 4.02
1.446988 4.02
1.479281 4.02
1.490231 4.34
1.520845 4.34
1.531869 4.34
1.562507 4.34
1.573504 4.34
1.604086 4.34
1.616625 4.34
1.653850 4.34
1.669851 4.34
1.695208 4.34
1.711207 4.34
1.741216 4.34
1.752082 4.34
1.784216 4.34
1.794957 4.34
1.830850 4.34
1.846725 4.34
1.872521 4.34
1.883526 4.34
1.914091 4.34
1.926607 4.34
1.960973 4.34
1.971972 4.68
2.007873 4.68
2.018872 4.68
2.049340 4.68
2.060213 4.68
2.090963 4.68
2.101856 4.34
2.132337 4.68
2.143211 4.68
2.173854 4.68
2.189859 4.68
2.215085 4.68
2.227490 4.68
2.256362 4.68
2.267373 4.68
2.297972 4.68
2.308971 4.68
2.344861 4.68
2.355859 4.68
2.386353 4.68
2.397216 4.68
2.427856 4.68
2.438605 4.68
2.469376 4.68
2.480213 4.68
2.515587 4.68
2.526338 4.68
2.556587 4.68
2.567338 4.68
2.597587 4.68
2.608338 4.68
2.638588 4.68
2.649339 4.68
2.679588 4.68
2.690339 5.00
2.720589 5.00
2.731339 4.68
2.761588 5.00
2.772339 5.00
2.802589 5.00
2.813339 5.00
2.843589 5.00
2.854339 5.00
2.884595 5.00
2.895344 5.00
2.925593 4.68
2.936343 4.68
2.966592 4.68
2.977342 4.68
3.007591 4.68
3.018342 4.68
3.048591 4.68
3.059341 4.68
3.089591 4.68
3.100341 4.68
3.130591 4.68
3.141342 4.68
3.171592 4.68
3.182347 4.68
3.212596 4.68
3.223346 5.00
3.253595 4.68
3.264344 4.68
3.294594 4.68
3.305344 4.68
3.335594 4.68
3.346355 4.68
3.376593 4.68
3.387344 4.68
3.417594 4.68
3.428344 4.68
3.458594 4.68
3.469344 4.68
3.499594 5.00
3.510345 4.68
3.540599 4.68
3.551348 5.00
3.581598 4.68
3.592350 4.68
3.622598 4.68
3.633347 4.68
3.663596 5.00
3.674347 4.68
3.704596 4.68
3.715346 4.68
3.745596 4.68
3.756346 4.68
3.786597 4.68
3.797347 5.00
3.827597 4.68
3.838347 5.00
3.868597 4.68
3.879348 4.68
3.910105 5.00
3.925980 5.00
3.951102 4.68
3.966976 4.68
3.992100 4.68
4.007975 5.00
4.033100 4.68
4.048974 5.00
4.074226 4.68
4.085100 4.68
4.120615 5.00
4.131351 4.68
4.161975 4.68
4.172867 5.00
4.202975 5.00
4.215505 4.68
4.249861 4.68
4.260860 4.68
4.291359 5.00
4.302232 5.00
4.332981 5.00
4.345481 5.00
4.379747 4.68
4.395854 5.00
4.420978 5.00
4.433510 5.00
4.462228 5.00
4.472978 5.00
4.508618 5.00
4.524879 4.68
4.550559 5.00
4.566878 5.00
4.592108 5.00
4.608106 5.00
4.634993 5.00
4.645871 5.00
4.677991 5.00
4.688870 5.00
4.719229 5.00
4.730105 5.00
4.761989 5.00
4.772871 5.00
4.802980 5.00
4.815356 5.00
4.843980 5.00
4.856356 5.00
4.890481 5.00
4.901231 5.00
4.932136 4.68
4.948431 4.68
4.976884 5.00
4.987894 4.68
5.023756 4.68
5.034631 5.00
5.065236 4.68
5.076110 4.68
5.106638 4.68
5.122627 5.00
5.147859 5.00
5.158623 5.00
5.188859 5.00
5.199625 5.00
5.230124 5.00
5.246382 5.00
5.271766 5.00
5.282762 5.00
5.313367 5.00
5.324241 5.00
5.354989 5.00
5.370988 5.00
5.396112 5.00
5.406863 5.00
5.442627 5.00
5.458653 5.00
5.483861 5.00
5.494627 5.00
5.524861 5.00
5.535751 5.00
5.571767 5.00
5.582770 5.00
5.613371 5.00
5.624403 5.00
5.654992 5.00
5.670991 5.00
5.701615 4.68
5.717614 5.00
5.742864 5.00
5.753657 5.00
5.783863 5.00
5.794631 5.00
5.824863 5.00
5.835630 4.68
5.866253 5.00
5.877512 5.00
5.907887 5.00
5.918889 5.00
5.954619 5.00
5.970618 5.00
5.996118 5.00
6.012117 5.00
6.037667 5.00
6.053633 5.00
6.078883 5.00
6.089631 5.00
6.119989 5.00
6.135864 5.00
6.160989 5.00
6.176864 5.00
6.201990 5.00
6.217865 5.00
6.242999 5.00
6.259013 5.00
6.289905 5.00
6.302553 5.00
6.336621 5.00
6.352621 5.00
6.378245 5.00
6.389120 5.00
6.419651 5.00
6.435636 5.00
6.460869 5.00
6.471635 5.00
6.501868 5.00
6.512635 5.00
6.542886 5.00
6.553636 5.00
6.589783 5.00
6.600779 5.00
6.633022 5.00
6.644001 5.00
6.679767 5.00
6.690624 5.00
6.722999 5.00
6.733998 5.00
6.765997 5.00
6.776889 5.00
6.808998 5.00
6.819871 5.00
6.849996 5.00
6.866010 5.00
6.891639 5.00
6.907496 5.00
6.932872 5.00
6.943639 5.00
6.973872 4.68
6.984640 4.68
7.014872 4.68
7.025638 5.00
7.055873 5.00
7.066638 5.00
7.096873 5.00
7.107640 5.00
7.137873 4.68
7.148640 5.00
7.179013 5.00
7.195262 5.00
7.220522 4.68
7.236518 4.68
7.262137 4.68
7.272884 4.68
7.303777 4.68
7.314776 4.68
7.347006 5.00
7.357896 5.00
7.388522 5.00
7.401004 5.00
7.429895 5.00
7.445894 5.00
7.476377 5.00
7.488877 5.00
7.517892 4.68
7.530251 5.00
7.559001 5.00
7.575001 5.00
7.600127 5.00
7.610877 4.68
7.646836 4.68
7.657789 4.34
7.693652 4.34
7.704655 4.34
7.735257 4.34
7.746256 4.34
7.776770 4.34
7.787772 4.34
7.818005 4.34
7.834005 4.34
7.859129 4.34
7.869879 4.34
7.905520 4.34
7.917907 4.34
7.946896 4.34
7.962896 4.34
7.987880 4.34
8.000254 4.34
8.029027 4.34
8.040022 4.34
8.070679 4.34
8.081675 4.34
8.112261 4.34
8.123260 4.34
8.153911 4.34
8.169902 4.34
8.195258 4.34
8.206264 4.34
8.236911 4.34
8.253019 4.34
8.278259 4.34
8.289134 4.34
8.319775 4.34
8.330549 4.34
8.361008 4.34
8.376900 4.34
8.402133 4.34
8.412883 4.34
8.448524 4.34
8.464412 4.34
8.489900 4.34
8.505884 4.34
8.531009 4.34
8.547148 4.34
