0.000000 0.000000
0.041968 4.34
0.058252 4.34
0.083623 4.34
0.094616 2.66
0.125413 2.66
0.147167 2.66
0.158413 2.66
0.193969 2.66
0.204967 2.66
0.235482 2.66
0.246479 2.34
0.276963 2.66
0.287963 2.66
0.318605 2.34
0.329474 2.66
0.360116 2.34
0.370961 2.66
0.401600 2.66
0.412476 2.66
0.447835 2.66
0.460364 2.34
0.489111 2.66
0.499961 2.66
0.530602 2.66
0.541476 2.66
0.573241 2.66
0.583961 2.66
0.614603 2.34
0.625477 2.66
0.657240 2.66
0.667962 2.66
0.698603 2.66
0.709477 2.66
0.744713 2.34
0.760978 2.66
0.786377 2.66
0.802615 2.66
0.827970 2.66
0.838977 2.66
0.869731 2.66
0.886151 2.66
0.911366 2.66
0.932979 2.34
0.943990 2.34
0.976299 4.02
0.987353 4.02
1.023140 4.34
1.039490 4.34
1.069970 4.02
1.080970 4.34
1.111608 4.34
1.122486 4.34
1.152968 4.02
1.163967 4.34
1.194608 4.34
1.205479 4.02
1.235716 4.02
1.246608 4.34
1.276716 4.34
1.287592 4.34
1.317717 4.02
1.328592 4.34
1.358717 4.02
1.369593 4.34
1.399717 4.02
1.410593 4.02
1.441379 4.34
1.459295 4.34
1.483012 4.34
1.494113 4.34
1.526280 4.34
1.537274 4.34
1.572975 4.34
1.583850 4.34
1.614489 4.34
1.625490 4.34
1.655972 4.34
1.666972 4.34
1.697377 4.34
1.708239 4.34
1.743971 4.68
1.754721 4.68
1.785221 4.68
1.801221 5.00
1.826614 5.00
1.837622 5.00
1.868285 5.00
1.884496 5.35
1.914975 5.35
1.925851 5.35
1.956383 5.00
1.967269 5.00
2.002974 5.35
2.013849 5.35
2.044099 5.35
2.054973 5.35
2.085377 5.35
2.096239 5.35
2.131980 5.35
2.142979 5.35
2.175260 5.35
2.186134 5.35
2.221976 5.35
2.232976 5.35
2.263491 5.35
2.274491 5.00
2.309975 5.35
2.320850 5.35
2.351491 5.35
2.367489 5.35
2.392850 5.35
2.408725 5.35
2.434126 5.35
2.446734 5.00
2.480981 5.35
2.491980 5.00
2.522388 5.35
2.533272 5.35
2.568978 5.35
2.579853 5.35
2.610404 5.35
2.621277 5.00
2.656852 5.35
2.672978 5.35
2.698105 5.35
2.708978 5.35
2.741255 5.35
2.752297 5.35
2.788112 5.35
2.800734 5.35
2.831235 5.35
2.842128 5.35
2.877981 5.35
2.888856 5.35
2.924856 5.35
2.940730 5.35
2.966133 5.35
2.978730 5.35
3.007497 5.35
3.018248 5.35
3.048861 5.35
3.064985 5.35
3.090502 5.35
3.101501 5.35
3.131983 5.35
3.142858 5.35
3.173387 5.35
3.184108 5.35
3.219857 5.35
3.235732 5.35
3.261109 5.35
3.273733 5.35
3.302386 5.35
3.313279 5.35
3.348858 5.35
3.364862 5.35
3.390109 5.35
3.402626 5.35
3.431392 5.35
3.442109 5.35
3.477859 5.35
3.493984 5.35
3.519140 5.35
3.535264 5.35
3.565860 5.35
3.581735 5.35
3.607156 5.35
3.623258 5.35
3.653864 5.35
3.664739 5.35
3.695271 5.35
3.711505 5.35
3.741862 5.35
3.752611 5.35
3.783112 5.35
3.795629 5.35
3.824389 5.35
3.835113 5.35
3.865612 5.35
3.876380 5.35
3.906999 5.35
3.918002 5.35
3.953873 5.35
3.964872 5.35
3.995514 5.35
4.006513 5.35
4.036992 5.35
4.047867 5.35
4.078399 5.35
4.089259 5.35
4.119740 5.35
4.135865 5.35
4.160864 5.35
4.171739 5.35
4.202115 5.35
4.218267 5.35
4.243514 5.35
4.254513 5.35
4.284994 5.35
4.295869 5.35
4.331871 5.35
4.342745 5.35
4.373267 6.68
4.384122 7.37
4.414870 8.03
4.425746 8.03
4.456262 8.03
4.467120 8.03
4.502868 8.03
4.513635 8.03
4.544272 8.03
4.555119 7.69
4.590868 7.69
4.601743 7.69
4.632119 7.37
4.648119 7.37
4.678869 8.03
4.689744 7.37
4.720120 8.03
4.736272 8.03
4.761415 1.72
4.772392 4.68
4.802998 4.34
4.813873 4.34
4.849872 4.34
4.860747 4.34
4.891276 4.34
4.902122 4.34
4.937870 4.34
4.948745 4.34
4.979121 4.34
4.995274 4.34
5.020400 4.34
5.031275 4.34
5.061621 4.34
5.072514 4.34
5.102872 4.34
5.113747 4.34
5.144123 4.34
5.160277 4.34
5.185263 4.34
5.195997 4.34
5.231886 4.34
5.243011 4.34
5.273526 4.34
5.284526 4.34
5.315004 4.34
5.325878 4.34
5.361877 4.34
5.372752 4.34
5.403394 4.34
5.414269 4.34
5.444750 4.34
5.460875 4.34
5.489280 4.34
5.500126 4.34
5.530638 4.34
