0.000000 0.000000
0.041961 4.34
0.058325 4.34
0.083188 4.34
0.099211 4.34
0.124819 3.01
0.135820 2.66
0.166635 2.66
0.188635 2.66
0.204943 2.66
0.235478 2.66
0.248063 2.34
0.282343 2.34
0.293185 2.66
0.323823 2.66
0.334699 2.66
0.365338 2.34
0.376183 2.66
0.406820 2.66
0.417700 2.66
0.453181 2.66
0.469182 2.66
0.494457 2.34
0.505182 2.66
0.535820 2.66
0.546696 2.66
0.582182 2.66
0.598182 2.66
0.623459 2.66
0.634182 2.34
0.664825 2.66
0.675698 2.66
0.711183 2.66
0.727183 2.66
0.752699 2.34
0.768698 2.66
0.799501 2.66
0.812071 2.34
0.846362 2.66
0.857481 2.34
0.887950 2.34
0.904325 2.34
0.929585 2.34
0.945836 2.66
0.976344 2.34
0.987187 3.67
1.017826 4.02
1.028702 4.02
1.064186 4.02
1.080185 4.34
1.105462 4.34
1.116186 4.34
1.146826 4.34
1.157703 4.02
1.189586 4.02
1.200338 4.02
1.232589 4.34
1.243339 4.34
1.275590 4.34
1.286340 4.34
1.318588 4.02
1.329338 4.02
1.359813 4.34
1.370701 4.34
1.402589 4.34
1.413339 4.34
1.449329 4.34
1.460329 4.34
1.496224 4.34
1.512477 4.34
1.537842 4.34
1.548839 4.34
1.579362 4.34
1.590357 4.34
1.622605 4.34
1.633479 4.34
1.669192 4.34
1.680067 4.34
1.710710 4.34
1.721458 4.34
1.757066 4.34
1.769595 4.34
1.798345 4.34
1.809191 4.34
1.839710 4.34
1.850459 4.34
1.886067 4.34
1.898599 4.34
1.927192 4.34
1.938067 4.34
1.968472 4.34
1.980942 4.34
2.011598 4.34
2.022347 4.34
2.058193 4.34
2.069193 4.34
2.099711 4.34
2.110461 4.34
2.146069 4.34
2.158475 4.34
2.187349 4.34
2.198194 4.34
2.228710 4.34
2.239461 4.34
2.275195 4.34
2.286069 4.34
2.316472 4.34
2.332351 4.34
2.357840 4.34
2.368713 4.34
2.399071 4.34
2.415071 4.34
2.440348 4.34
2.451195 4.34
2.481838 4.34
2.492712 4.34
2.523071 4.34
2.535477 4.34
2.564196 4.34
2.575072 4.34
2.605477 4.34
2.621476 4.34
2.652072 4.34
2.668197 4.34
2.693732 4.34
2.704728 4.34
2.735331 4.34
2.746331 4.34
2.782204 4.34
2.793077 4.34
2.823843 4.34
2.834718 4.34
2.865357 4.34
2.876200 4.34
2.906839 4.34
2.917716 4.34
2.948075 4.34
2.964074 4.34
2.989352 4.34
3.000199 4.34
3.030841 4.34
3.041717 4.34
3.072331 4.34
3.083080 4.34
3.113598 4.34
3.124470 4.34
3.160203 4.34
3.171077 4.34
3.201607 4.34
3.212482 4.34
3.248076 4.34
3.264201 4.34
3.289328 4.34
3.300202 4.34
3.330605 4.34
3.341481 4.34
3.377077 4.34
3.393077 4.34
3.418202 4.34
3.428953 4.34
3.459720 4.34
3.470470 4.34
3.505953 4.34
3.516829 4.34
3.547078 4.34
3.563204 4.34
3.588331 4.34
3.599204 4.34
3.629607 4.34
3.640483 4.34
3.676080 4.34
3.692079 4.34
3.720485 4.34
3.736483 4.34
3.761830 4.34
3.772595 4.34
3.808206 4.34
3.818955 4.34
3.849610 4.34
3.860484 4.34
3.896206 4.34
3.906956 4.34
3.937608 4.34
3.948485 4.34
3.984207 4.34
3.994957 4.34
4.025722 4.34
4.036487 4.34
4.066722 4.34
4.077472 4.34
4.113207 4.34
4.123958 4.34
4.154601 4.34
4.165486 4.34
4.201208 4.34
4.211958 4.34
4.242601 4.34
4.253487 4.34
4.285460 4.34
4.296209 4.34
4.326728 4.34
4.337477 4.34
4.367726 4.34
4.378477 4.34
4.414085 4.34
4.430210 4.34
4.455335 4.34
4.466085 4.34
4.496614 4.34
4.507487 4.34
4.542961 4.34
4.555490 4.34
4.584086 4.34
4.600211 4.34
4.625336 4.34
4.636086 4.34
4.666489 4.34
4.682491 4.34
4.707726 4.34
4.718479 4.34
4.754212 4.34
4.764962 4.34
4.795605 4.34
4.806338 4.34
4.838479 4.34
4.849220 4.34
4.881482 4.34
4.892338 4.34
4.924494 4.34
4.935338 4.34
4.967369 4.34
4.978221 4.34
5.008607 4.34
5.019494 4.34
5.055221 4.34
5.065965 4.34
5.096465 4.34
5.112619 4.34
5.139357 4.34
5.150223 4.34
5.180617 4.34
5.191340 4.34
5.221966 4.34
5.234357 4.34
5.263091 4.34
5.273966 4.34
5.304494 4.34
5.315371 4.34
5.350966 4.34
5.367091 4.34
5.392091 4.34
5.402967 4.34
5.433484 4.34
5.444222 4.34
5.480092 4.34
5.490967 4.34
5.521497 4.34
5.532226 4.34
5.562968 4.34
5.575374 4.34
5.604093 4.34
5.614969 4.34
5.645497 4.34
5.656373 4.34
5.692094 4.34
5.702969 4.34
5.733496 4.34
5.744373 4.34
5.780094 4.34
5.790969 4.34
5.821375 4.34
5.837499 4.34
5.868095 4.34
5.878970 4.34
5.909497 4.34
5.920375 4.34
5.955971 4.34
5.972096 4.34
5.997096 4.34
6.007971 4.34
6.038500 4.34
6.049376 4.34
6.085097 4.34
6.095863 4.34
6.126501 4.34
6.137373 4.34
6.173097 4.34
6.183847 4.34
6.214376 4.34
6.230376 4.34
6.261097 4.34
6.271973 4.34
6.302503 4.34
6.313226 4.34
6.349098 4.34
6.359848 4.34
6.390503 4.34
6.401378 4.34
6.436974 4.34
6.453099 4.34
6.478099 4.34
6.488975 4.34
6.519503 4.34
6.530230 4.34
6.560850 4.34
6.571742 4.34
6.601975 4.34
6.618100 4.34
6.643230 4.34
6.654100 4.34
6.684504 4.34
6.695230 4.34
6.731101 4.34
6.741852 4.34
6.772381 4.34
6.788508 4.34
6.819101 4.34
6.829977 4.34
6.860380 4.34
6.876381 4.34
6.907102 4.34
6.917978 4.34
6.948504 4.34
6.959230 4.34
6.995103 4.34
7.010979 4.34
7.036383 4.34
7.052383 4.34
7.082979 4.34
7.099104 4.34
7.124104 4.34
7.134979 4.34
7.165381 4.34
7.181381 4.34
7.212105 4.34
7.222980 4.34
7.253508 4.34
7.264232 4.34
7.300105 4.34
7.310980 4.34
7.341508 4.34
7.352384 4.34
7.388106 4.34
7.398856 4.34
7.429232 4.34
7.440106 4.34
7.470510 4.34
7.481240 4.34
7.517107 4.34
7.527856 4.34
7.558512 4.34
7.569387 4.34
7.605107 4.34
7.615982 4.34
7.646512 4.34
7.657387 4.34
7.693108 4.34
7.703858 4.34
7.734385 4.34
7.750388 4.34
7.781109 4.34
7.791984 4.34
7.822513 4.34
7.833387 4.34
7.865236 4.34
7.876109 4.34
7.908236 4.34
7.919110 4.34
7.951236 4.34
7.962110 4.34
7.994254 4.34
8.005110 4.34
8.040986 4.34
8.056985 4.34
8.082111 4.34
8.092861 4.34
8.123513 4.34
8.134242 4.34
8.169987 4.34
8.185987 4.34
8.211111 4.34
8.221987 4.34
8.252393 4.34
8.268389 4.34
8.293755 4.34
8.304503 4.34
8.334863 4.34
8.350988 4.34
8.375863 4.34
8.388239 4.34
8.416863 4.34
8.432989 4.34
8.457988 4.34
8.468738 4.34
8.499114 4.34
8.509864 4.34
8.540393 4.34
8.551259 4.34
8.581864 4.34
8.597989 4.34
8.622989 4.34
8.633740 4.34
8.664114 4.34
8.674865 4.34
8.705393 4.34
8.716241 4.34
8.751990 4.34
8.762866 4.34
8.793116 4.34
8.803866 4.34
8.834393 4.34
8.845116 4.34
8.875758 4.34
8.886507 4.34
8.916867 4.34
8.932992 4.34
8.957867 4.34
8.973992 4.34
8.998993 4.34
9.009867 4.34
9.040118 4.34
9.050992 4.34
9.081397 4.34
9.092118 4.34
9.127993 4.34
9.138868 4.34
9.169118 4.34
9.179869 4.34
9.210521 4.34
9.221244 4.34
9.251869 4.34
9.267869 4.34
9.292869 4.34
9.308870 4.34
9.333870 4.34
9.349870 4.34
9.374870 4.34
9.390995 4.34
9.415870 4.34
9.431996 4.34
9.456870 4.34
9.472996 4.34
9.497996 4.34
9.508746 4.34
9.539121 4.34
9.549871 4.34
9.580401 4.34
9.591251 4.34
9.621872 4.34
9.637997 4.34
9.662997 4.34
9.673872 4.34
9.704122 4.34
9.714872 4.34
9.745401 4.34
9.756249 4.34
9.786872 4.34
9.802998 4.34
9.827873 4.34
9.843873 4.34
9.868874 4.34
9.884998 4.34
9.909998 4.34
9.920749 4.34
9.951124 4.34
9.961874 4.34
9.992404 4.34
10.003251 4.34
10.033875 4.34
10.050000 4.34
10.074874 4.34
10.090999 4.34
10.115875 4.34
10.132000 4.34
10.157000 4.34
10.167751 4.34
10.198126 4.34
10.208876 4.34
10.239529 4.34
10.250252 4.34
10.280877 4.34
10.297001 4.34
10.321877 4.34
10.338002 4.34
10.362876 4.34
10.379002 4.34
10.403877 4.34
10.420003 4.34
10.444877 4.34
10.461002 4.34
10.485878 4.34
10.501878 4.34
10.526878 4.34
10.543003 4.34
10.568003 4.34
10.578754 4.34
10.609128 4.34
10.621771 4.34
10.650406 4.34
10.661256 4.34
10.697004 4.34
10.707879 4.34
10.738130 4.34
10.750520 4.34
10.779409 4.34
10.790130 4.34
10.820770 4.34
10.833134 4.34
10.861880 4.34
10.878006 4.34
10.902880 4.34
10.919006 4.34
10.944006 4.34
10.954756 4.34
10.985132 4.34
10.997523 4.34
11.031774 4.34
11.044136 4.34
11.072882 4.34
11.083757 4.34
11.114007 4.34
11.124882 4.34
11.155258 4.34
11.166132 4.34
11.202008 4.34
11.212883 4.34
11.243133 4.34
11.259133 4.34
11.289774 4.34
11.305777 4.34
11.330884 4.34
11.341776 4.34
11.371884 4.34
11.382759 4.34
11.412885 4.34
11.423759 4.34
11.454010 4.34
11.464885 4.34
11.495135 4.34
11.511135 4.34
11.541902 4.34
11.552775 4.34
11.583262 4.34
11.594136 4.34
11.630011 4.34
11.640761 4.34
11.671136 4.34
11.687136 4.34
11.712415 4.34
11.723263 4.34
11.753777 4.34
11.769777 4.34
11.794887 4.34
11.810762 4.34
11.835887 4.34
11.846763 4.34
11.876887 4.34
11.887762 4.34
11.917888 4.34
11.928763 4.34
11.958888 4.34
11.969763 4.34
11.999889 4.34
12.010764 4.34
12.040889 4.34
12.051764 4.34
12.081889 4.34
12.092657 4.34
12.122890 4.34
12.133764 4.34
12.163890 4.34
12.174765 4.34
12.204890 4.34
12.215765 4.34
12.245890 4.34
12.256765 4.34
12.286891 4.34
12.297766 4.34
12.327891 4.34
12.338766 4.34
12.368891 4.34
12.379766 4.34
12.409891 4.34
12.420766 4.34
12.450891 4.34
12.461767 4.34
12.491892 4.34
12.502767 4.34
12.532892 4.34
12.543768 4.34
12.573893 4.34
12.584659 4.34
12.614893 4.34
12.625768 4.34
12.655894 4.34
12.666768 4.34
12.696893 4.34
12.707769 4.34
12.737894 4.34
12.748769 4.34
12.778894 4.34
12.789769 4.34
12.819894 4.34
12.830770 4.34
12.860895 4.34
12.871770 4.34
12.901895 4.34
12.912771 4.34
12.942895 4.34
12.953770 4.34
12.983895 4.34
12.994770 4.34
13.024896 4.34
13.035771 4.34
13.065896 4.34
13.076771 4.34
13.106897 4.34
13.117772 4.34
13.147897 4.34
13.158772 4.34
13.188896 4.34
13.199773 4.34
13.229897 4.34
13.240772 4.34
13.270897 4.34
13.281773 4.34
13.311898 4.34
13.322773 4.34
13.352898 4.34
13.363773 4.34
13.393898 4.34
13.404774 4.34
13.434899 4.34
13.445774 4.34
13.475900 4.34
13.486774 4.34
13.516899 4.34
13.527774 4.34
13.557899 4.34
13.568775 4.34
13.598900 4.34
13.609775 4.34
13.639900 4.34
13.650776 4.34
13.680901 4.34
13.691776 4.34
13.722026 4.34
13.734401 4.34
13.763278 4.34
13.774151 4.34
13.804794 4.34
13.820792 4.34
13.845901 4.34
13.856777 4.34
13.886902 4.34
13.897777 4.34
13.927902 4.34
13.938778 4.34
13.969027 4.34
13.981403 4.34
14.010279 4.34
14.021153 4.34
14.051793 4.34
14.062544 4.34
14.093029 4.34
14.108903 4.34
14.134154 4.34
14.145029 4.34
14.180546 4.34
14.191280 4.34
14.221779 4.34
14.232547 4.34
14.262780 4.34
14.273546 4.34
14.303905 4.34
14.314780 4.34
14.345030 4.34
14.360905 4.34
14.386281 4.34
14.397155 4.34
14.432797 4.34
14.443548 4.34
14.474031 4.34
14.489906 4.34
14.515282 4.34
14.526156 4.34
14.556800 4.34
14.567547 4.34
14.598032 4.34
14.614032 4.34
14.639157 4.34
14.649907 4.34
14.685800 4.34
14.696551 4.34
14.726783 4.34
14.737548 4.34
14.767783 4.34
14.778549 4.34
14.808783 4.34
14.819549 4.34
14.849909 4.02
14.860784 4.34
14.891034 4.34
14.906909 4.34
14.932285 4.34
14.943160 4.34
14.973802 4.34
14.984553 4.34
15.014785 4.34
15.025550 4.34
15.055785 4.34
15.066553 4.34
15.096785 4.34
15.107552 4.34
15.137786 4.34
15.148554 4.34
15.178787 4.34
15.189554 4.34
15.219787 4.34
15.230553 4.34
15.260787 4.34
15.271553 4.34
15.301787 4.34
15.312555 4.34
15.342788 4.34
15.353552 4.34
15.383788 4.34
15.394555 4.34
15.424913 4.34
15.435788 4.34
15.466038 4.34
15.482038 4.34
15.507163 4.34
15.517914 4.34
15.553804 4.34
15.564556 4.34
15.594914 4.34
15.610914 4.34
15.636039 4.34
15.652039 4.34
15.677291 4.34
15.688165 4.34
15.718569 4.34
15.734558 4.34
15.759915 4.34
15.770790 4.34
15.801041 4.34
15.816915 4.34
15.842293 4.34
15.853166 4.34
15.883570 4.34
15.899681 4.34
15.924916 4.34
15.937447 4.34
15.966042 4.34
15.982042 4.34
16.009052 4.34
16.019917 4.34
16.050167 4.34
16.060917 4.34
16.091686 4.34
16.107684 4.34
16.132793 4.34
16.143685 4.34
16.173794 4.34
16.184559 4.34
16.214794 4.34
16.225561 4.34
16.255919 4.34
16.268448 4.34
16.297044 4.34
16.313044 4.34
16.346687 4.34
16.362687 4.34
16.387920 4.34
16.400296 4.34
16.429045 4.34
16.445045 4.34
16.471929 4.34
16.482811 4.34
16.513046 4.34
16.529045 4.34
16.554171 4.34
16.564921 4.34
16.595575 4.34
16.611688 4.34
16.636814 4.34
16.647687 4.34
16.678046 4.34
16.694047 4.34
16.724449 4.34
16.735172 4.34
16.765812 4.34
16.776688 4.34
16.806922 4.34
16.822798 4.34
16.848048 4.34
16.858798 4.34
16.889173 4.34
16.900048 4.34
16.930576 4.34
16.946453 4.34
16.971799 4.34
16.982567 4.34
17.012799 4.34
17.023567 4.02
17.053925 4.34
17.069800 4.34
17.095050 4.34
17.105800 4.34
17.141443 4.34
17.157443 4.34
17.182818 4.34
17.193569 4.34
17.224050 4.34
17.234801 4.34
17.270455 4.02
17.286442 4.34
17.311926 4.34
17.327801 4.34
17.353051 4.02
17.363927 4.34
17.399454 4.34
17.410177 4.34
17.440820 4.34
17.451571 4.34
17.482052 4.34
17.492803 4.34
17.523178 4.34
17.533928 4.34
17.564584 4.34
17.580696 4.34
17.605928 4.34
17.621929 4.34
17.647054 4.34
17.657929 4.34
17.693456 4.34
17.704179 4.34
17.734822 4.02
17.745572 4.34
17.776054 4.02
17.786930 4.34
17.817179 4.34
17.827930 4.34
17.858584 4.34
17.874696 4.34
17.899930 4.34
17.915931 4.34
17.941056 4.34
17.951931 4.34
17.987461 4.34
18.003448 4.34
18.028823 4.34
18.039574 4.34
18.070057 4.34
18.080807 4.34
18.111181 4.34
18.121931 4.34
18.152584 4.34
18.168461 4.34
18.193808 4.02
18.204573 4.34
18.234933 4.34
18.250933 4.34
18.276058 4.34
18.286808 4.34
18.322452 4.34
18.338449 4.34
18.363827 4.34
18.374576 4.34
18.405059 4.34
18.415809 4.34
18.451461 4.34
18.462184 4.34
18.492827 4.34
18.503575 4.34
18.534060 4.34
18.544935 4.34
18.580462 4.34
18.591185 4.34
18.621825 4.34
18.634312 4.34
18.663061 4.34
18.673811 4.34
18.709454 4.34
18.720186 4.34
18.750826 4.34
18.763312 4.34
18.792062 4.34
18.802937 4.34
18.838464 4.34
18.850938 4.34
18.879938 4.34
18.895813 4.34
18.921062 4.34
18.931813 4.34
18.967453 4.34
18.979939 4.34
19.008831 4.34
19.021331 4.34
19.050063 4.34
19.060814 4.34
19.092957 4.34
19.103832 4.34
19.139467 4.34
19.151831 4.34
19.180940 4.34
19.196815 4.34
19.222065 4.34
19.232940 4.34
19.268467 4.34
19.280831 4.34
19.309834 4.34
19.322191 4.34
19.351065 4.34
19.361816 4.34
19.393833 4.34
19.404709 4.34
19.435066 4.34
19.445817 4.34
19.481317 4.34
19.493817 4.34
19.522833 4.34
19.538834 4.34
19.564067 4.34
19.574943 4.34
19.610472 4.34
19.626352 4.34
19.651834 4.34
19.667835 4.34
19.692818 4.34
19.708943 4.34
19.733943 4.34
19.749943 4.34
19.775069 4.34
19.785943 4.34
19.821474 4.34
19.837461 4.34
19.862834 4.34
19.878838 4.34
19.903945 4.34
19.919820 4.34
19.945069 4.34
19.955820 4.34
19.991475 4.34
20.007464 4.34
20.032835 4.34
20.048838 4.34
20.073946 4.34
20.089821 4.34
20.115071 4.34
20.125821 4.34
20.161473 4.34
20.177339 4.34
20.202822 4.34
20.218822 4.34
20.243947 4.34
20.259822 4.34
20.285072 4.34
20.295822 4.34
20.331463 4.34
20.347327 4.34
20.372841 4.34
20.388823 4.34
20.413823 4.34
20.429948 4.34
20.454824 4.34
20.470824 4.34
20.495949 4.34
20.511949 4.34
20.537074 4.34
20.547824 4.34
20.583467 4.34
20.599468 4.34
20.624840 4.34
20.640825 4.34
20.665950 4.34
20.681825 4.34
20.707076 4.34
20.717950 4.34
20.753468 4.34
20.769327 4.34
20.794606 4.34
20.805327 4.34
20.835951 4.34
20.851826 4.34
20.877076 4.34
20.887951 4.34
20.923329 4.34
20.939329 4.34
20.964845 4.34
20.980845 4.34
21.006078 4.34
21.016828 4.34
21.052469 4.34
21.068333 4.34
21.093843 4.34
21.109845 4.34
21.134828 4.34
21.150954 4.34
21.175828 4.34
21.191829 4.34
21.216829 4.34
21.232829 4.34
21.257829 4.34
21.273719 4.34
21.298955 4.34
21.314830 4.34
21.341848 4.34
21.352597 4.34
21.383080 4.34
21.393830 4.34
21.429485 4.34
21.445331 4.34
21.470723 4.34
21.481473 4.34
21.511831 4.34
21.527724 4.34
21.552832 4.34
21.568723 4.34
21.593832 4.34
21.609723 4.34
21.634957 4.02
21.645724 4.34
21.677834 4.34
21.688723 4.34
21.718833 4.34
21.734725 4.34
21.759833 4.34
21.775725 4.34
21.800958 4.02
21.811726 4.34
21.843835 4.34
21.854599 4.34
21.884834 4.34
21.900725 4.34
21.925959 4.34
21.936726 4.34
21.968711 4.34
21.979600 4.34
22.009724 4.34
22.022085 4.34
22.050960 4.34
22.061725 4.34
22.097210 4.34
22.110960 4.34
22.138614 4.34
22.149489 4.34
22.179961 4.34
22.190729 4.34
22.226337 4.34
22.238741 4.34
22.267615 4.34
22.278337 4.34
22.308962 4.34
22.319728 4.34
22.355212 4.34
22.365962 4.34
22.396615 4.34
22.407338 4.34
22.437963 4.34
22.448730 4.34
22.484221 4.34
22.495088 4.34
22.525492 4.34
22.536221 4.34
22.566963 4.34
22.577729 4.34
22.613221 4.34
22.623964 4.34
22.654619 4.34
22.665493 4.34
22.695964 4.34
22.706732 4.34
22.742222 4.34
22.766618 4.34
22.777341 4.34
22.807966 4.34
22.818731 4.34
22.854223 4.34
22.878621 4.34
22.889495 4.34
22.919966 4.34
22.930733 4.34
22.966224 4.34
22.990620 4.34
23.001342 4.34
23.031842 4.34
23.042610 4.34
23.072967 4.34
23.083734 4.34
23.119226 4.34
23.129967 4.34
23.160610 4.34
23.171370 4.34
23.201969 4.34
23.212733 4.34
23.248221 4.34
23.264221 4.34
23.289734 4.34
23.305736 4.34
23.330844 4.34
23.341734 4.34
23.371970 4.34
23.382737 4.34
23.418222 4.34
23.434222 4.34
23.459497 4.34
23.470223 4.34
23.500845 4.34
23.516845 4.34
23.541846 4.34
23.552739 4.34
23.582971 4.34
23.593738 4.34
23.629226 4.34
23.645226 4.34
23.670738 4.34
23.686737 4.34
23.711847 4.34
23.727847 4.34
23.752972 4.34
23.763847 4.34
23.799226 4.34
23.823740 4.34
23.853227 4.34
23.869227 4.34
23.894741 4.34
23.910598 4.34
23.935722 4.34
23.964972 4.34
23.975723 4.34
24.005973 4.34
24.016723 4.34
24.046973 4.34
24.057723 4.34
24.087973 4.34
24.098724 4.34
24.128973 4.34
24.139723 4.34
24.169973 4.34
24.180724 4.34
24.210974 4.34
24.221724 4.34
24.253726 4.34
24.264475 4.34
24.294725 4.34
24.310600 4.34
24.335725 4.34
24.351600 4.34
24.376725 4.34
24.405975 4.34
24.416726 4.34
24.448727 4.34
24.459476 4.34
24.489726 4.34
24.505601 4.34
24.530726 4.34
24.559976 4.34
24.570727 4.34
24.606102 4.34
24.616852 4.34
24.652228 4.34
24.662977 4.34
24.693229 4.34
24.705730 4.34
24.734229 4.34
24.744977 4.34
24.775228 4.34
24.787730 4.34
24.816354 4.34
24.832232 4.34
24.857354 4.34
24.873233 4.34
24.898354 4.34
24.914231 4.34
24.939355 4.34
24.955231 4.34
24.980355 4.34
24.996235 4.34
25.021355 4.34
25.037231 4.34
25.062355 4.34
25.078232 4.34
25.103357 4.34
25.119231 4.34
25.144356 4.34
25.160232 4.34
25.185357 4.34
25.201232 4.34
25.226357 4.34
25.242231 4.34
25.267357 4.34
25.283235 4.34
25.308358 4.34
25.319107 4.34
25.349358 4.34
25.360107 4.34
25.390358 4.34
25.401107 4.34
25.431388 4.34
25.442240 4.34
25.472859 4.34
25.483752 4.34
25.513984 4.34
25.524860 4.34
25.560236 4.34
25.576236 4.34
25.601752 4.34
25.617860 4.34
25.642752 4.02
25.653500 4.34
25.683735 4.34
25.694500 4.34
25.724753 4.34
25.735503 4.34
25.765986 4.34
25.776861 4.34
25.812238 4.34
25.828238 4.34
25.853754 4.34
25.869862 4.34
25.894737 4.34
25.905505 4.34
25.935863 4.34
25.946738 4.34
25.976988 4.34
25.987738 4.34
26.023240 4.34
26.039243 4.34
26.064756 4.34
26.080754 4.34
26.105864 4.34
26.116755 4.34
26.146864 4.34
26.157739 4.34
26.187865 4.34
26.198739 4.34
26.228864 4.34
26.239756 4.34
26.269864 4.34
26.280629 4.34
26.316241 4.34
26.332241 4.34
26.357758 4.34
26.373757 4.34
26.399247 4.34
26.415514 4.34
26.440762 4.34
26.456744 4.34
26.482256 4.34
26.498254 4.34
26.523761 4.34
26.539741 4.34
26.565444 4.34
