0.000000 0.000000
0.041957 4.68
0.058330 4.34
0.086709 4.68
0.108489 3.01
0.119614 2.66
0.155353 2.66
0.166345 2.66
0.198623 2.66
0.209595 2.66
0.245326 2.66
0.256233 2.66
0.286698 2.66
0.302698 2.66
0.327822 2.66
0.338697 2.66
0.369222 2.66
0.385224 2.66
0.410696 2.66
0.426570 2.66
0.451821 2.66
0.462571 2.66
0.498097 2.66
0.514098 2.66
0.539586 2.66
0.555586 2.66
0.580821 2.66
0.591571 2.66
0.627221 2.66
0.643102 2.66
0.668697 2.66
0.684572 2.66
0.709823 2.66
0.720572 2.66
0.756489 2.66
0.772714 2.66
0.803382 2.66
0.814333 2.66
0.850400 2.66
0.861350 2.66
0.897337 2.66
0.908253 2.66
0.938976 2.66
0.951603 2.66
0.980463 4.02
0.993100 4.34
1.027333 4.34
1.038332 4.34
1.070617 4.34
1.081471 4.34
1.117235 4.34
1.133467 4.34
1.158702 4.34
1.174577 4.34
1.201608 4.34
1.212468 4.34
1.244603 4.34
1.255466 4.34
1.287604 4.34
1.298465 4.34
1.330602 4.34
1.341468 4.34
1.373605 4.34
1.384468 4.34
1.416604 4.34
1.427624 4.34
1.458272 4.34
1.469273 4.34
1.499867 4.34
1.510840 4.34
1.541499 4.68
1.557714 4.34
1.584608 4.34
1.595606 4.34
1.626259 4.34
1.637255 4.68
1.667722 4.68
1.678475 4.68
1.709214 5.00
1.720373 5.00
1.750838 5.00
1.761712 5.00
1.792478 5.00
1.808710 5.00
1.839117 5.00
1.855104 5.00
1.880600 5.00
1.896708 5.00
1.921707 5.00
1.932597 5.00
1.967957 5.00
1.980486 5.00
2.009719 5.00
2.020718 5.00
2.051340 5.00
2.062263 5.00
2.098088 5.00
2.114091 5.00
2.139603 5.00
2.155601 4.68
2.180834 5.00
2.191709 5.00
2.227096 5.00
2.243085 4.68
2.268602 5.00
2.284599 5.00
2.310277 4.68
2.321269 5.00
2.351841 5.00
2.362713 5.00
2.393374 5.00
2.404228 5.00
2.434586 5.00
2.445479 5.00
2.475836 5.00
2.486587 5.00
2.522088 5.00
2.538088 5.00
2.563604 5.00
2.579614 5.00
2.610342 5.00
2.621093 5.35
2.651715 5.35
2.662590 5.35
2.698091 5.35
2.714090 5.35
2.739605 5.35
2.755602 5.35
2.780713 5.35
2.791588 5.35
2.821713 5.35
2.832603 5.35
2.862714 5.35
2.873589 5.35
2.904156 5.35
2.920545 5.35
2.945720 5.69
2.956611 5.69
2.987351 6.01
2.998275 12.32
3.034263 12.32
3.045098 12.32
3.075720 6.01
3.086594 6.01
3.117095 12.32
3.133095 6.01
3.158606 6.36
3.174608 0.05
3.199842 6.36
3.210717 0.05
3.246093 6.36
3.262094 6.36
3.287607 6.36
3.303607 6.36
3.328592 6.36
3.339359 6.36
3.369592 6.36
3.380357 6.36
3.410593 6.36
3.421361 6.36
3.451593 6.36
3.462359 6.36
3.492593 6.36
3.503362 6.36
3.533594 0.05
3.544360 6.36
3.574594 6.36
3.585359 12.32
3.615611 0.05
3.626470 6.36
3.661969 0.05
3.672720 6.36
3.703235 6.36
3.713970 6.36
3.744613 6.36
3.760611 6.36
3.785720 6.36
3.796596 12.32
3.826721 6.36
3.837596 0.05
3.869472 0.05
3.880237 6.01
3.910614 6.36
3.926614 0.05
3.951597 6.01
3.962364 12.32
3.992597 6.36
4.003364 6.36
4.033597 6.36
4.044364 12.32
4.074597 12.32
4.085366 6.36
4.115598 0.05
4.126365 12.32
4.156598 6.36
4.167365 0.05
4.197599 6.36
4.208363 6.36
4.238599 0.05
4.249366 6.36
4.279600 6.36
4.290366 6.36
4.320600 6.36
4.331367 6.36
4.361600 6.36
4.372367 6.36
4.402600 6.36
4.413367 6.36
4.443600 0.05
4.454367 6.36
4.484601 6.36
4.495367 6.36
4.525601 12.32
4.536369 6.36
4.566601 6.36
4.577369 6.36
4.607602 6.36
4.618369 6.36
4.648602 6.36
4.659370 6.36
4.689602 0.05
4.700371 6.36
4.730603 6.36
4.741369 6.36
4.771603 6.36
4.782370 12.32
4.812603 6.36
4.823370 6.36
4.853603 12.32
4.864369 6.36
4.894604 6.36
4.905373 6.01
4.935604 6.36
4.946500 6.36
4.976604 6.36
4.987370 6.36
5.017605 12.32
5.028373 6.36
5.058605 6.36
5.069372 6.36
5.099606 6.36
5.110372 6.36
5.140606 6.36
5.151372 12.32
5.181606 6.36
5.192372 6.36
5.222606 6.36
5.233374 6.36
5.263606 6.36
5.274374 6.36
5.304607 6.36
5.315373 6.36
5.345607 6.36
5.356375 6.36
5.386608 12.32
5.397375 6.36
5.427608 6.36
5.438374 6.36
5.468608 6.36
5.479376 6.36
5.509734 6.36
5.520608 6.36
5.555984 6.36
5.571858 6.36
5.597388 6.36
5.613502 6.36
5.638734 6.36
5.649609 6.36
5.684984 6.36
5.700860 6.36
5.726387 6.36
5.742390 12.32
5.767735 6.36
5.778610 6.36
5.813985 6.36
5.829861 6.36
5.855390 6.36
5.871629 6.36
5.896611 6.36
5.907378 6.36
5.937736 6.36
5.948611 6.36
5.983987 6.36
5.999987 6.36
6.025390 6.36
6.041389 6.36
6.066738 6.36
6.077613 6.36
6.112988 6.36
6.128988 6.36
6.154267 6.36
6.165115 6.36
6.197365 6.36
6.208115 6.36
6.238739 6.36
6.249614 6.36
6.284989 6.36
6.300864 6.36
6.326393 6.36
6.342391 6.36
6.369366 6.36
6.380255 6.36
6.410739 6.36
6.421615 6.36
6.456990 6.36
6.473120 6.36
6.498271 6.36
6.509117 6.36
6.541367 6.36
6.552118 6.36
6.584367 6.36
6.595259 6.36
6.625635 6.36
6.636385 6.36
6.671992 6.36
6.687867 6.36
6.713396 6.36
6.729259 6.36
6.756368 6.36
6.767118 0.05
6.799368 12.32
6.810148 6.36
6.842398 6.36
6.853148 6.36
6.885369 6.36
6.896146 6.36
6.928399 6.36
6.939272 6.36
6.971401 6.36
6.982273 6.36
7.017870 6.36
7.028619 6.36
7.059151 6.36
7.069994 6.36
7.100512 6.36
7.111262 6.36
7.143399 6.36
7.154151 6.36
7.189871 6.36
7.202402 6.36
7.234273 6.36
7.246746 6.36
7.280871 6.36
7.293403 6.36
7.325274 0.05
7.341514 12.32
7.368404 0.05
7.379275 6.01
7.414997 6.36
7.425997 6.36
7.456513 6.36
7.467266 6.36
7.502874 12.32
7.515278 6.36
7.544152 6.36
7.554998 6.36
7.585641 6.36
7.596513 6.36
7.626874 6.36
7.639280 6.36
7.668155 6.36
7.678999 6.36
7.709642 6.36
7.720516 6.36
7.750875 12.32
7.766750 0.05
7.792157 0.05
7.803000 6.36
7.833642 6.36
7.844519 6.36
7.880000 0.05
7.890876 6.36
7.921518 0.05
7.932517 0.05
7.967876 6.36
7.983876 6.36
8.009157 6.36
8.020002 6.36
8.050642 6.36
8.061518 6.36
8.096878 6.36
8.113003 6.36
8.138158 6.36
8.149003 6.36
8.179643 6.36
8.190397 6.36
8.220878 6.36
8.236754 6.36
8.262004 6.36
8.272754 6.36
8.303408 6.36
8.314130 6.36
8.349880 6.36
8.365754 6.36
8.391130 6.36
8.402004 6.36
8.432272 6.36
8.448274 6.36
8.473646 6.36
8.484396 6.36
8.514880 6.36
8.530756 6.36
8.556006 6.36
8.566756 6.36
8.597411 6.36
8.608283 6.36
8.643881 12.32
8.659881 0.05
8.685133 12.32
8.696007 12.32
8.726410 6.36
8.737133 6.36
8.773007 6.36
8.783757 6.36
8.814413 6.36
8.825287 6.36
8.860883 6.36
8.876883 6.36
8.902163 6.36
8.913008 6.36
8.943649 6.36
8.954414 6.36
8.984884 6.36
9.000884 6.36
9.026136 6.36
9.037009 6.36
9.067413 6.36
9.078289 6.36
9.113885 6.36
9.130011 6.36
9.155136 6.36
9.166010 0.05
9.196414 6.36
9.207137 6.36
9.243011 6.36
9.253761 0.05
9.284414 6.36
9.295138 6.36
9.330887 0.05
9.347011 6.36
9.372138 6.36
9.383011 6.36
9.413414 6.36
9.424292 6.36
9.460012 6.36
9.470762 6.36
9.501415 6.36
9.512139 6.36
9.548013 6.36
9.558888 6.36
9.589418 6.36
9.600291 6.36
9.636014 6.36
9.647014 6.36
9.677531 6.36
9.688529 6.36
9.723889 6.36
9.740014 6.36
9.768294 6.36
9.784532 6.36
9.811282 6.36
9.822158 6.36
9.858015 6.36
9.868891 6.36
9.899421 6.36
9.910295 6.36
9.946016 6.36
9.956766 6.36
9.987420 6.36
9.998293 6.36
10.034016 6.36
10.044767 6.36
10.075421 0.05
10.086296 6.36
10.122017 12.32
10.132767 6.36
10.163420 6.36
10.174144 6.36
10.210018 6.36
10.220768 12.32
10.251422 6.36
10.262145 6.36
10.298019 0.05
10.308894 6.36
10.339423 6.36
10.350296 6.36
10.385894 6.36
10.402019 6.36
10.427146 6.36
10.439645 6.36
10.468424 6.36
10.479299 6.36
10.514770 6.36
10.527147 6.36
10.555896 6.36
10.571771 6.36
10.597147 6.36
10.609646 6.36
10.638423 6.36
10.649147 6.36
10.679771 0.05
10.692148 6.36
10.720897 6.36
10.731772 6.36
10.762149 6.36
10.778301 6.36
10.808897 6.36
10.819773 6.36
10.850149 6.36
10.862648 6.36
10.896898 6.36
10.907648 6.36
10.938150 6.36
10.954303 6.36
10.979428 6.36
10.990304 6.36
11.020649 6.36
11.031416 6.36
11.061649 6.36
11.072415 6.36
11.102775 6.36
11.118774 6.36
11.143900 6.36
11.154650 6.36
11.185152 6.36
11.201305 6.36
11.231900 6.36
11.242651 6.36
11.273152 6.36
11.289306 6.36
11.314429 6.36
11.325306 6.36
11.355776 12.32
11.371902 6.36
11.396902 6.36
11.407777 6.36
11.438154 6.36
11.454307 6.36
11.484902 6.36
11.495777 6.36
11.526185 6.36
11.542305 0.05
11.572903 6.36
11.583778 6.36
11.614306 6.36
11.625156 6.36
11.655433 6.36
11.666154 6.36
11.696654 6.36
11.707421 6.36
11.737780 12.32
11.753904 0.05
11.778905 6.36
11.789655 6.36
11.820155 6.36
11.836310 6.36
11.861432 6.36
11.872310 12.32
11.902656 12.32
11.913423 12.32
11.943656 0.05
11.954423 6.36
11.984656 6.36
11.995424 6.36
12.025657 12.32
12.036423 0.05
12.066782 6.36
12.082907 6.36
12.107907 6.36
12.118782 6.36
12.149158 6.36
12.165313 6.36
12.190434 6.36
12.201159 6.36
12.231658 6.36
12.242425 6.36
12.272658 6.36
12.283426 6.36
12.313784 6.36
12.329908 6.36
12.354909 6.36
12.365784 6.36
12.396186 6.36
12.412160 6.36
12.442910 6.36
12.453785 6.36
12.484160 6.36
12.500161 6.36
12.525437 6.36
12.536161 6.36
12.566785 6.36
12.582786 6.36
12.607911 6.36
12.618661 6.36
12.649161 6.36
12.665161 6.36
12.692165 6.36
12.703037 6.36
12.735166 6.36
12.746037 6.36
12.778163 6.36
12.789037 6.36
12.824788 6.36
12.840788 6.36
12.865913 6.36
12.876662 6.36
12.907164 6.36
12.923164 0.05
12.953788 12.32
12.969789 6.36
12.994914 6.36
13.005664 6.36
13.036039 6.36
13.048664 6.36
13.079068 0.05
13.089914 6.36
13.120290 6.36
13.131039 6.36
13.161290 6.36
13.172038 6.36
13.202289 6.36
13.213039 6.36
13.243290 6.36
13.254039 6.36
13.284290 6.36
13.295040 6.36
13.325291 6.36
13.336040 6.36
13.366291 6.36
13.377040 6.36
13.407291 6.36
13.418040 6.36
13.448291 6.36
13.459041 6.36
13.489291 6.36
13.500041 6.36
13.530292 6.36
13.541041 6.36
13.571292 6.36
13.582042 6.36
13.612292 6.36
13.623042 6.36
13.653293 6.36
13.664042 6.36
13.694293 6.36
13.705050 6.36
13.735293 6.36
13.746049 6.36
13.776294 6.36
13.787050 6.36
13.817294 6.36
13.828050 6.36
13.858294 6.36
13.869049 6.36
13.899295 6.36
13.910049 6.36
13.940295 6.36
13.951050 6.36
13.981295 6.36
13.992050 6.36
14.022296 6.36
14.033050 6.36
14.063296 6.36
14.074051 6.36
14.104296 6.36
14.115052 6.36
14.145297 6.36
14.156052 6.36
14.186297 6.36
14.197052 6.36
14.227297 6.36
14.238052 6.36
14.268298 6.36
14.279052 6.36
14.309298 6.36
14.320050 6.36
14.350298 6.36
14.361050 6.36
14.391298 6.36
14.402052 6.36
14.432299 6.36
14.443051 6.36
14.473299 6.36
14.484051 6.36
14.514299 6.36
14.525052 6.36
14.555300 6.36
14.566052 6.36
14.596300 6.36
14.607052 6.36
14.637300 6.36
14.648052 6.36
14.678300 6.36
14.689053 12.32
14.719301 6.36
14.730053 6.36
14.760301 6.36
14.771055 6.36
14.801301 6.36
14.812055 6.36
14.842301 6.36
14.853055 6.36
14.883302 6.36
14.894055 6.36
14.924303 6.36
14.935056 6.36
14.965302 6.36
14.976057 6.36
15.006303 6.36
15.017056 6.36
15.047303 6.36
15.058059 6.36
15.088304 6.36
15.099059 6.36
15.129304 6.36
15.140058 6.36
15.170304 6.36
15.181058 6.36
15.211304 6.36
15.222058 6.36
15.252305 6.36
15.263059 6.36
15.293305 6.36
15.304059 6.36
15.336057 6.36
15.346805 6.36
15.377059 6.36
15.392930 6.36
15.418058 6.36
15.433931 6.36
15.459059 6.36
15.474931 6.36
15.500058 6.36
15.515931 6.36
15.541058 6.36
15.556931 6.36
15.582182 6.36
15.592932 6.36
15.623183 6.36
15.633932 6.36
15.664183 6.36
15.674933 6.36
15.705183 6.36
15.715932 6.36
15.746183 6.36
15.756933 0.05
15.787185 12.32
15.797933 6.36
15.828184 6.36
15.838934 6.36
15.869184 6.36
15.879934 6.36
15.910185 6.36
15.920934 6.36
15.951185 12.32
15.961934 6.36
15.992185 6.36
16.002935 6.36
16.033185 6.36
16.043935 6.36
16.074186 6.36
16.084935 0.05
16.115186 6.36
16.125936 6.36
16.156187 6.36
16.166936 6.36
16.197187 6.36
16.207937 6.36
16.238187 6.36
16.248936 6.36
16.279187 12.32
16.289936 6.36
16.320188 6.36
16.330937 6.36
16.361188 6.36
16.371937 6.36
16.402188 6.36
16.412938 6.36
16.443189 6.36
16.453938 6.36
16.484189 6.36
16.494938 6.36
16.525190 6.36
16.535939 6.36
16.566189 6.36
16.576939 6.36
16.607190 6.36
16.617939 6.36
16.648190 6.36
16.658939 6.36
16.689190 6.36
16.699940 6.36
16.730191 6.36
16.740940 6.36
16.771191 6.36
16.781940 6.36
16.812191 6.36
16.822941 6.36
16.853192 6.36
16.863941 6.36
16.894192 0.05
16.904941 6.36
16.935192 6.36
16.945942 6.36
16.976587 6.36
16.992586 6.36
17.017818 6.36
17.028693 6.36
17.058944 6.36
17.074944 6.36
17.100223 6.36
17.111071 6.36
17.141587 6.36
17.157584 6.36
17.182820 6.36
17.193695 6.36
17.223945 6.36
17.239945 6.36
17.265226 6.36
17.275945 6.36
17.306588 6.36
17.322586 6.36
17.347696 6.36
17.358571 6.36
17.388696 6.36
17.399571 6.36
17.429697 6.36
17.440572 6.36
17.470822 6.36
17.481698 6.36
17.511947 6.36
17.527947 6.36
17.553224 6.36
17.563947 6.36
17.594588 6.36
17.610591 6.36
17.635698 6.36
17.646588 12.32
17.676698 6.36
17.687573 6.36
17.717699 6.36
17.733574 6.36
17.758699 12.32
17.769574 6.36
17.799824 6.36
17.810699 12.32
17.840949 6.36
17.856949 6.36
17.882230 6.36
17.893076 6.36
17.923701 6.36
17.934592 6.36
17.964826 6.36
17.975701 6.36
18.005951 6.36
18.021951 6.36
18.052591 6.36
18.068593 6.36
18.093702 6.36
18.104592 0.05
18.134702 6.36
18.145577 6.36
18.175702 6.36
18.186577 6.36
18.216827 6.36
18.227702 6.36
18.257953 6.36
18.273953 6.36
18.304593 6.36
18.320597 6.36
18.345704 6.36
18.356595 6.36
18.386703 6.36
18.397579 6.36
18.427704 6.36
18.438579 6.36
18.468829 6.36
18.479579 6.36
18.509955 6.36
18.525955 6.36
18.556597 6.36
18.572597 6.36
18.597705 6.36
18.608580 6.36
18.638705 6.36
18.649580 6.36
18.679707 6.36
18.690581 6.36
18.720831 6.36
18.733233 6.36
18.761956 6.36
18.777957 6.36
18.804836 6.36
18.815707 6.36
18.846084 6.36
18.856957 6.36
18.887598 6.36
18.903598 6.36
18.928833 6.36
18.941237 6.36
18.969958 6.36
18.985958 6.36
19.012838 6.36
19.023708 6.36
19.053959 6.36
19.069959 6.36
19.096839 6.36
19.107584 6.36
19.137959 6.36
19.153959 6.36
19.184350 6.36
19.195086 6.36
19.225710 0.05
19.236600 6.36
19.266710 6.36
19.277586 6.36
19.307710 6.36
19.318586 6.36
19.348711 6.36
19.359586 6.36
19.389711 6.36
19.400586 6.36
19.430836 6.36
19.446711 6.36
19.471962 6.36
19.482837 6.36
19.518602 6.36
19.529353 6.36
19.559712 6.36
19.570588 6.36
19.600837 6.36
19.616838 0.05
19.641963 12.32
19.652838 6.36
19.688367 6.36
19.699089 0.05
19.729606 6.36
19.740354 6.36
19.770839 12.32
19.786714 6.36
19.811964 12.32
19.822714 6.36
19.858369 6.36
19.869090 6.36
19.899715 6.36
19.910590 6.36
19.940840 6.36
19.956715 6.36
19.981965 0.05
19.992716 6.36
20.028357 6.36
20.039092 6.36
20.069606 6.36
20.080359 6.36
20.110591 6.36
20.121357 6.36
20.151591 6.36
20.162357 6.36
20.192717 6.36
20.203592 6.36
20.233717 6.36
20.244592 6.36
20.274717 6.36
20.285593 6.36
20.315718 6.36
20.326593 6.36
20.356718 6.36
20.367593 6.36
20.397968 6.36
20.408719 6.36
20.444361 6.36
20.455095 6.36
20.485610 6.36
20.496361 6.36
20.526719 6.36
20.537595 6.36
20.567720 6.36
20.578595 6.36
20.608720 6.36
20.619595 6.36
20.649720 6.36
20.660595 6.36
20.690721 6.36
20.701596 12.32
20.731721 6.36
20.742596 6.36
20.772721 6.36
20.783596 6.36
20.813722 6.36
20.824597 6.36
20.854722 6.36
20.865597 6.36
20.895722 6.36
20.906598 6.36
20.936722 6.36
20.947615 6.36
20.977723 6.36
20.988598 6.36
21.018723 6.36
21.029598 6.36
21.059723 6.36
21.070599 6.36
21.100724 6.36
21.111599 6.36
21.141724 6.36
21.152599 6.36
21.182724 6.36
21.193600 6.36
21.223724 6.36
21.236225 6.36
21.264725 6.36
21.275600 6.36
21.305725 6.36
21.318225 6.36
21.346725 6.36
21.357600 6.36
21.387726 6.36
21.400226 6.36
21.428726 6.36
21.439601 6.36
21.469727 6.36
21.482227 6.36
21.510727 6.36
21.521602 6.36
21.551727 6.36
21.564104 6.36
21.592727 6.36
21.605133 6.36
21.633853 6.36
21.649728 6.36
21.674978 6.36
21.685853 6.36
21.721369 6.36
21.733760 6.36
21.762620 6.36
21.773494 6.36
21.803604 6.36
21.814497 6.36
21.844604 6.36
21.855497 6.36
21.885605 6.36
21.896370 6.36
21.926605 6.36
21.937370 6.36
21.967605 6.36
21.978372 6.36
22.008605 6.36
22.019371 6.36
22.049606 6.36
22.060375 6.36
22.090606 6.36
22.101371 6.36
22.131606 6.36
22.142372 6.36
22.172607 6.36
22.183374 6.36
22.213607 6.36
22.224374 6.36
22.254732 6.36
22.267109 6.36
22.295857 6.36
22.306608 6.36
22.342250 6.36
22.358248 6.36
22.383623 6.36
22.394376 6.36
22.424858 6.36
22.435609 6.36
22.471251 6.36
22.487252 6.36
22.512609 6.36
22.523375 6.36
22.553734 6.36
22.569735 6.36
22.594859 6.36
22.605610 6.36
22.641250 6.36
22.651985 6.36
22.682625 6.36
22.693376 12.32
22.723861 6.36
22.734610 6.36
22.770253 6.36
22.786253 6.36
22.811631 6.36
22.822376 6.36
22.852862 6.36
22.863611 6.36
22.899253 6.36
22.909987 6.36
22.940630 6.36
22.951378 6.36
22.981862 6.36
22.992737 6.36
23.028256 6.36
23.044257 6.36
23.069631 6.36
23.080380 6.36
23.110864 6.36
23.121739 6.36
23.157266 6.36
23.173257 6.36
23.198614 6.36
23.209381 6.36
23.239615 6.36
23.250382 6.36
23.280740 6.36
23.296615 6.36
23.321865 0.05
23.332740 0.05
23.368255 6.36
23.378991 6.36
23.409631 6.36
23.420383 6.36
23.450866 6.36
23.461616 6.36
23.497260 6.36
23.507991 6.36
23.538633 6.36
23.549507 6.36
23.579867 6.36
23.590617 6.36
23.621272 6.36
23.637260 6.36
23.662634 6.36
23.673383 6.36
23.703868 6.36
23.714743 6.36
23.750270 6.36
23.766260 6.36
23.791634 6.36
23.804120 6.36
23.832744 6.36
23.848619 6.36
23.873869 6.36
23.884619 6.36
23.920261 6.36
23.936263 6.36
23.961620 6.36
23.974121 6.36
24.002745 6.36
24.018745 6.36
24.043871 6.36
24.054621 6.36
24.090261 6.36
24.106263 6.36
24.131637 6.36
24.144122 6.36
24.172871 6.36
24.183747 6.36
24.219277 6.36
24.235263 6.36
24.260637 6.36
24.273123 6.36
24.301622 6.36
24.314123 6.36
24.342623 6.36
24.355124 6.36
24.383623 6.36
24.394391 6.36
24.424624 6.36
24.436998 0.05
24.465749 6.36
24.481749 6.36
24.506874 6.36
24.517624 6.36
24.553276 6.36
24.569269 0.05
24.594642 6.36
24.606999 6.36
24.635874 6.36
24.646750 12.32
24.678626 6.36
24.689516 6.36
24.719626 6.36
24.735641 6.36
24.760626 6.36
24.773001 6.36
24.801751 6.36
24.817626 6.36
24.842876 6.36
24.853752 6.36
24.889281 6.36
24.905267 6.36
24.930644 6.36
24.946645 6.36
24.971627 6.36
24.984002 6.36
25.012753 6.36
25.028628 6.36
25.053878 6.36
25.064628 6.36
25.100272 6.36
25.112657 6.36
25.141645 12.32
25.157646 6.36
25.182754 6.36
25.198629 6.01
25.223879 6.36
25.234754 6.01
25.270160 6.36
25.286146 0.05
25.311648 6.36
25.327647 0.05
25.352880 6.36
25.363755 6.36
25.399271 6.36
25.415135 6.36
25.440648 6.36
25.456649 6.36
25.481631 6.36
25.497756 6.36
25.522757 6.36
25.538757 0.05
25.563882 6.36
25.574757 6.36
25.610286 6.36
25.626286 12.32
25.651647 6.36
25.667649 6.36
25.692758 6.36
25.708633 6.36
25.733883 6.36
25.744758 6.36
25.780288 0.05
25.796275 6.36
25.821648 6.36
25.837651 6.36
25.862759 6.36
25.878634 0.05
25.903885 12.32
25.914634 6.36
25.950276 6.36
25.966136 6.36
25.991760 6.36
26.007635 6.36
26.032885 6.36
26.043636 6.36
26.079278 6.36
26.095279 6.36
26.120654 6.36
26.136653 6.36
26.161761 6.36
26.177636 6.36
26.202886 6.36
26.213762 6.36
26.249289 6.36
26.265139 6.36
26.290762 6.36
26.306762 6.36
26.331887 6.36
26.342762 6.36
26.378292 6.36
26.394281 6.36
26.419656 6.36
26.435763 12.32
26.460638 6.36
26.476639 6.36
26.501639 6.36
26.517639 6.36
26.542764 6.36
26.558764 6.36
26.585641 6.36
26.596404 12.32
26.626765 12.32
26.642765 6.01
26.667890 6.36
26.678765 6.01
26.714283 6.36
26.730283 6.36
26.755657 6.36
26.771766 6.36
26.796766 6.36
26.812766 12.32
26.839642 6.36
26.850409 6.36
26.880766 6.36
26.891642 6.36
26.923643 6.36
26.934410 6.36
26.964767 6.36
26.975642 6.36
27.007644 6.36
27.018409 6.36
27.048768 6.36
27.059643 6.36
27.091644 6.36
27.102410 6.36
27.132768 6.36
27.143644 6.36
27.175645 6.36
27.186412 6.36
27.216769 6.36
27.227644 6.36
27.259521 6.36
27.270422 6.36
27.300770 6.36
27.311645 6.36
27.347020 6.36
27.357770 6.36
27.388422 6.36
27.399147 6.36
27.429771 6.36
27.440646 6.36
27.476021 6.36
27.486771 6.36
27.517426 6.36
27.528177 6.36
27.558772 6.36
27.569647 6.36
27.605022 6.36
27.621022 6.36
27.646426 6.36
27.657148 6.36
27.687773 6.36
27.698648 6.36
27.734023 6.36
27.744772 6.36
27.775427 6.36
27.786149 6.36
27.816773 6.36
27.827650 6.36
27.863024 6.36
27.879024 6.36
27.904301 6.36
27.915150 6.36
27.945649 6.36
27.956416 6.36
27.986649 6.36
27.997417 6.36
28.027775 6.36
28.038650 6.36
28.074025 0.05
28.084776 6.36
28.115429 6.36
28.126304 6.36
28.156651 6.36
28.167418 6.36
28.197777 6.36
28.208651 6.36
28.244026 6.36
28.254777 6.36
28.285430 6.36
28.296153 0.05
28.326652 6.36
28.337420 6.36
28.367777 6.36
28.378653 6.36
28.414028 6.36
28.424778 6.36
28.455433 6.36
28.466154 6.36
28.496654 6.36
28.507422 6.36
28.537654 6.36
28.548422 6.36
28.578654 0.05
28.589421 6.36
28.619655 6.36
28.630422 6.36
28.660655 6.36
28.671422 6.36
28.701655 6.36
28.712424 6.36
28.742781 6.36
28.753656 6.36
28.789031 6.36
28.805031 6.36
28.830309 6.36
28.841031 6.36
28.871672 6.36
28.887674 6.36
28.912657 6.36
28.923423 6.36
28.953782 6.36
28.964657 6.36
29.000032 6.36
29.010782 6.36
29.041436 6.36
29.054032 6.36
29.082783 6.36
29.093658 6.36
29.129033 6.36
29.139783 6.36
29.170437 6.36
29.183034 6.36
29.211784 6.36
29.222659 6.36
29.258035 6.36
29.282438 6.36
29.293161 6.36
29.323660 6.36
29.334427 6.36
29.364785 6.36
29.375551 6.36
29.411035 6.36
29.423537 6.36
29.452441 6.36
29.464911 6.36
29.493786 6.36
29.504554 6.36
29.540036 6.36
29.552554 6.36
29.581554 6.36
29.597553 6.36
29.622787 6.36
29.633554 6.36
29.669037 6.36
29.681568 6.36
29.710442 6.36
29.723037 6.36
29.751787 6.36
29.762555 6.36
29.798038 6.36
29.810567 6.36
29.839431 6.36
29.852039 6.36
29.880789 6.36
29.891554 6.36
29.927039 6.36
29.939569 6.36
29.968443 6.36
29.984430 6.36
30.009790 6.36
30.020555 6.36
30.056040 6.36
30.080443 6.36
30.092790 6.36
30.121791 6.36
30.132556 6.36
30.168041 0.05
30.192446 6.36
30.208319 6.36
30.233791 6.36
30.244558 6.36
30.280041 6.36
30.304448 6.36
30.320321 6.36
30.345792 6.36
30.356557 6.36
30.392052 6.36
30.416448 6.36
30.432322 6.36
30.457668 6.36
30.468433 6.36
30.498793 6.36
30.509561 6.36
30.545051 6.36
30.561051 6.36
30.586448 6.36
30.602323 6.36
30.627794 0.05
30.638561 6.36
30.674052 12.32
30.689920 6.36
30.715436 6.36
30.731324 12.32
30.756795 6.36
30.767560 6.36
30.803053 6.36
30.818920 6.36
30.844451 6.36
30.860325 6.36
30.885796 6.36
30.896561 6.36
30.932055 6.36
30.947921 6.36
30.973439 6.36
30.989325 6.36
31.014672 6.36
31.025440 6.36
31.055798 6.36
31.066565 12.32
31.102057 6.36
31.117923 6.36
31.143563 12.32
31.159438 0.05
31.184798 6.36
31.195566 6.36
31.231053 6.36
31.247053 6.36
31.272564 6.36
31.288565 6.36
31.313674 6.36
31.324566 6.36
31.354675 0.05
31.365567 6.36
31.395675 12.32
31.406567 6.36
31.436800 6.36
31.447675 6.36
31.483053 12.32
31.499055 6.36
31.524566 6.36
31.540569 6.36
31.565676 6.36
31.576568 6.36
31.606677 6.36
31.617567 6.01
31.647802 6.36
31.658569 12.32
31.694056 6.36
31.718569 6.36
31.748056 12.32
31.764058 6.36
31.789568 6.36
31.805569 12.32
31.830678 6.36
31.841568 6.36
31.873430 6.36
31.884207 6.36
31.914678 6.36
31.925569 6.36
31.955804 6.36
31.966569 6.36
32.002062 6.36
32.026572 6.36
32.056059 6.36
32.072061 6.36
32.097333 0.05
32.108059 6.36
32.138681 6.36
32.149573 6.36
32.181461 12.32
32.192210 6.36
32.224459 0.05
32.235213 6.36
32.267462 6.01
32.278211 6.36
32.310460 6.36
32.321211 6.36
32.353460 6.36
32.364212 6.36
32.396462 0.05
32.407212 12.32
32.439461 6.36
32.450211 6.36
32.485808 6.36
32.496683 6.36
32.526934 6.01
32.539461 6.36
32.568210 6.01
32.579059 6.36
32.609684 6.01
32.620577 6.01
32.656059 6.01
32.666934 6.01
32.697575 6.36
32.708338 6.36
32.738685 12.32
32.749579 6.36
32.781436 12.32
32.792214 0.05
32.822686 12.32
32.833575 6.36
32.865464 6.36
32.876213 0.05
32.912066 12.32
32.923062 12.32
32.953576 0.05
32.964339 6.36
33.000070 12.32
33.010937 6.36
33.041580 12.32
33.052329 6.36
33.088064 0.05
33.098937 6.36
33.129579 6.01
33.140331 12.32
33.176065 0.05
33.186938 6.36
33.217579 6.36
33.228331 6.36
33.263814 6.36
33.274564 6.36
33.304939 0.05
33.320939 6.36
33.346218 12.32
33.356939 6.36
33.387581 6.36
33.398333 0.05
33.434067 6.36
33.444940 6.36
33.475583 6.36
33.486331 6.36
33.522072 6.36
33.532941 6.36
33.563585 0.05
33.574332 0.05
33.610073 6.36
33.620941 6.36
33.651346 0.05
33.667220 6.36
33.692692 0.05
33.703584 6.36
33.738817 12.32
33.749584 6.36
33.779942 6.36
33.795943 6.36
33.821221 6.36
33.831943 6.36
33.862584 6.36
33.873335 12.32
33.909070 12.32
33.919944 6.36
33.950584 6.36
33.961336 6.36
33.991569 12.32
34.002335 6.36
34.032586 6.36
34.043337 6.36
34.078945 6.36
34.095074 6.01
34.120347 6.36
34.136224 6.36
34.161696 6.36
34.172588 6.36
34.207946 0.05
34.223821 6.36
34.249225 0.05
34.259946 6.01
34.290589 6.36
34.301338 6.36
34.336822 6.36
34.347697 0.05
34.377947 12.32
34.393947 6.36
34.419351 6.36
34.435351 6.36
34.460698 6.36
34.471590 6.36
34.506948 6.36
34.522823 6.36
34.548226 6.36
34.558948 6.36
34.589589 6.36
34.600345 6.36
34.635949 6.36
34.651949 6.36
34.677229 0.05
34.688076 0.05
34.720326 6.36
34.731076 6.36
34.763326 12.32
34.774230 0.05
34.804700 6.36
34.815593 6.36
34.845950 12.32
34.861826 6.36
34.887231 6.36
34.899701 6.36
34.930328 6.36
34.941078 6.36
34.973328 6.36
34.984230 0.05
35.016328 6.36
35.027079 6.36
35.059328 6.36
35.070079 6.36
35.102329 6.36
35.113231 6.36
35.145330 6.36
35.156079 6.36
35.188329 6.36
35.199079 6.36
35.231330 0.05
35.242080 6.36
35.274330 0.05
35.285232 6.36
35.317331 6.36
35.328233 6.36
35.363829 6.36
35.376331 6.36
35.404955 6.36
35.420954 6.36
35.446235 6.36
35.458830 6.36
35.492955 6.36
35.509085 6.36
35.534234 6.36
35.546831 6.36
35.580956 6.36
35.596956 6.36
35.622235 6.36
35.638471 6.36
35.668957 6.36
35.679956 6.36
35.710235 6.36
35.726362 6.36
35.756957 6.36
35.773084 6.36
35.798362 6.36
35.814598 6.36
35.844958 6.36
35.861085 6.36
35.886237 12.32
35.902363 6.36
35.932958 6.36
35.949085 6.36
35.974239 6.36
35.990361 6.36
36.020834 6.36
36.036959 6.36
36.061959 6.36
36.077959 6.36
36.103239 6.36
36.119362 6.36
36.149960 6.36
36.165960 6.36
36.191240 6.36
36.207365 6.36
36.237960 6.36
36.248836 6.36
36.279365 6.36
36.290241 6.36
36.325962 6.36
36.336712 6.36
36.367367 6.36
36.378088 6.36
36.413962 6.36
36.424712 6.36
36.455242 6.36
36.471240 6.36
36.501963 6.36
36.512838 6.36
36.543242 6.36
36.559368 0.05
36.589963 6.36
36.600714 6.36
36.631244 6.36
36.647243 6.36
36.677963 6.36
36.688714 6.36
36.719243 6.36
36.735243 6.36
36.765965 6.36
36.776840 6.36
36.807244 12.32
36.823367 6.36
36.853715 6.36
36.864607 6.36
36.894715 6.36
36.905591 6.36
36.935716 6.36
36.946485 6.36
36.976716 6.36
36.987591 6.36
37.017716 6.36
37.028592 6.36
37.058717 6.36
37.069592 6.36
37.099717 6.36
37.110592 12.32
37.140717 6.36
37.151593 12.32
37.181718 6.36
37.192593 6.36
37.222968 6.36
37.233718 6.36
37.264095 6.36
37.274969 6.36
37.305612 6.36
37.316361 6.36
37.346719 6.36
37.357594 6.36
37.387719 6.36
37.398595 6.36
37.428719 6.36
37.439595 6.36
37.469720 6.36
37.480595 12.32
37.510720 6.36
37.521595 6.36
37.551721 6.36
37.562596 6.36
37.592721 6.36
37.603596 6.36
37.633721 6.36
37.644596 6.36
37.674721 6.36
37.685597 6.36
37.715722 6.36
37.726597 6.36
37.756722 6.36
37.767597 6.36
37.797722 6.36
37.808598 6.36
37.838723 6.36
37.849598 6.36
37.879723 6.36
37.890598 6.36
37.920723 6.36
37.931598 6.36
37.961724 6.36
37.972599 6.36
38.002724 6.36
38.015225 12.32
38.043724 6.36
38.054599 12.32
38.084724 6.36
38.097226 6.36
38.125725 6.36
38.136600 6.36
38.166725 6.01
38.177600 6.36
38.207725 6.36
38.220227 6.36
38.248851 6.36
38.264851 6.36
38.293103 6.36
38.305726 6.36
38.336228 6.36
38.347103 6.36
38.379229 6.36
38.390104 6.36
38.422229 6.36
38.433104 6.36
38.465229 6.36
38.476104 6.36
38.508229 6.36
38.519105 6.36
38.551105 12.32
38.561978 12.32
38.594105 6.36
38.604978 6.36
38.637105 6.36
38.647979 6.36
38.680106 6.36
38.690979 12.32
38.726854 6.36
38.737605 6.36
38.768106 6.36
38.780619 6.36
38.811106 6.36
38.821980 6.36
38.852384 6.36
38.863107 6.36
38.893623 6.36
38.904371 6.36
38.934731 6.36
38.950731 6.36
38.975731 6.36
38.988108 6.36
39.016731 6.36
39.032857 6.36
39.057732 6.36
39.070108 6.36
39.098857 6.36
39.109607 6.36
39.140109 6.36
39.156232 6.36
39.186858 6.36
39.197608 6.36
39.228110 6.36
39.244109 6.36
39.274858 6.36
39.285608 6.36
39.316110 6.36
39.328626 6.36
39.362859 6.36
39.373609 6.36
39.404111 6.36
39.420234 6.36
39.450860 6.36
39.461610 6.36
39.492111 6.36
39.508112 6.36
39.538860 6.36
39.549611 6.36
39.579986 6.36
39.590736 6.36
39.621502 6.36
39.632235 6.36
39.662611 6.36
39.673379 6.36
39.703736 6.36
39.719862 6.36
39.744862 6.36
39.755737 6.36
39.786114 6.36
39.802255 6.36
39.827392 6.36
39.838254 6.36
39.868738 6.36
39.884738 6.36
39.909863 6.36
39.920612 6.36
39.950988 6.36
39.961738 6.36
39.992392 6.36
40.003115 6.36
40.033739 6.36
40.049864 6.36
40.074864 6.36
40.085614 6.36
40.116116 6.36
40.132269 6.36
40.162865 6.36
40.173615 6.36
40.204117 6.36
40.220258 6.36
40.250866 6.36
40.261615 6.36
40.292118 6.36
40.308117 6.36
40.338866 6.36
40.349616 6.36
40.380118 6.36
40.396260 6.36
40.421396 6.36
40.432261 6.36
40.462742 6.36
40.478867 6.36
40.503867 6.36
40.514742 6.36
40.545119 6.36
40.561260 6.36
40.591868 6.36
40.602618 6.36
40.633258 6.36
40.643994 6.36
40.679869 6.36
40.690618 6.36
40.720994 6.36
40.731744 6.36
40.762396 6.36
40.773260 6.36
40.803745 6.36
40.819870 6.36
40.844870 6.36
40.855745 6.36
40.886121 6.36
40.902272 6.36
40.932871 6.36
40.943620 6.36
40.974122 6.36
40.990275 6.36
41.020871 6.36
41.031621 6.36
41.062123 6.36
41.078275 6.36
41.105126 6.36
41.115997 6.36
41.151872 6.36
41.162622 6.36
41.193124 6.36
41.209276 12.32
41.239873 6.36
41.250623 6.36
41.280998 0.05
41.293623 6.36
41.324128 6.36
41.334998 6.36
41.370874 6.36
41.381749 0.05
41.412126 6.36
41.428126 12.32
41.458875 6.36
41.469750 6.36
41.500127 6.36
41.516278 6.36
41.546875 6.36
41.557625 6.36
41.588127 6.36
41.604155 6.36
41.631005 6.36
41.641751 6.36
41.677643 6.36
41.690006 6.36
41.718751 6.36
41.734877 6.36
41.759877 6.36
41.770752 6.36
41.801128 6.36
41.817282 0.05
41.847877 6.36
41.858753 6.36
41.889156 6.36
41.900003 6.36
41.930644 6.36
41.946753 6.36
41.971878 6.36
41.982753 6.36
42.013130 6.36
42.024003 6.36
42.059644 6.36
42.075645 6.36
42.100879 6.36
42.111629 6.36
42.142005 6.36
42.158005 6.36
42.188647 12.32
42.204648 6.36
42.229880 0.05
42.240755 6.01
42.271132 6.36
42.282006 6.36
42.317631 6.36
42.333631 6.36
42.358756 6.36
42.369631 6.36
42.399881 6.36
42.410756 6.36
42.441133 6.36
42.452007 6.36
42.487883 6.36
42.498632 6.36
42.529134 6.36
42.540007 6.36
42.575647 12.32
42.591648 6.36
42.616883 6.36
42.627634 6.36
42.658135 6.36
42.669009 6.36
42.704884 6.36
42.715759 6.36
42.746135 6.36
42.757009 6.36
42.792650 6.36
42.808651 6.36
42.833885 6.36
42.844760 6.36
42.875137 6.36
42.886010 6.36
42.921885 6.36
42.932760 0.05
42.963137 6.36
42.974011 6.36
43.004289 6.36
43.015011 6.36
43.045653 6.36
43.061654 6.36
43.086887 6.36
43.097636 6.36
43.128138 6.36
43.139012 6.36
43.174654 6.36
43.190652 6.36
43.215887 6.36
43.226637 6.36
43.257139 6.36
43.268013 6.36
43.303653 12.32
43.319655 6.36
43.344888 6.36
43.355764 6.36
43.386140 6.36
43.397014 6.36
43.432889 6.36
43.443639 6.36
43.474141 6.36
43.485014 6.36
43.515294 6.36
43.526142 6.36
43.556655 6.36
43.572658 6.36
43.597890 6.36
43.608640 6.36
43.639142 6.36
43.650016 6.36
43.685658 6.36
43.701656 6.36
43.726892 6.36
43.737766 6.36
43.768143 6.36
43.779016 6.36
43.814659 12.32
43.830658 6.36
43.855892 6.36
43.866767 6.36
43.897144 6.36
43.908017 6.36
43.938660 6.36
43.954661 6.36
43.979893 6.36
43.990768 6.36
44.021145 6.36
44.032018 6.36
44.064023 6.36
44.074769 6.36
44.110660 6.36
44.126662 0.05
44.151894 6.36
44.164410 6.36
44.193019 6.36
44.209020 6.36
44.239661 12.32
44.255663 6.36
44.280895 6.36
44.293286 6.36
44.322147 6.36
44.333021 0.05
44.364898 6.36
44.375771 6.36
44.406148 6.36
44.417022 12.32
44.447425 12.32
44.458149 6.36
44.488772 6.36
44.499647 6.36
44.529897 6.36
44.542289 12.32
44.571022 6.36
44.587023 6.36
44.617773 6.36
44.628664 6.36
44.658898 0.05
44.671290 6.36
44.700149 6.36
44.711024 6.36
44.741427 6.36
44.757541 6.36
44.782774 0.05
44.793649 6.36
44.823899 12.32
44.839899 6.36
44.865025 6.36
44.875775 0.05
44.911668 6.36
44.922416 6.36
44.952650 6.36
44.963417 6.36
44.993651 6.36
45.004416 6.36
45.034651 6.36
45.045418 6.36
45.075651 6.36
45.086419 6.36
45.116652 6.36
45.127417 6.36
45.157777 6.36
45.168652 6.36
45.198902 6.36
45.214902 6.36
45.240154 0.05
45.251027 6.36
45.281429 0.05
45.292154 6.36
45.322778 6.36
45.333653 6.36
45.363903 6.36
45.379904 6.36
45.405155 6.36
45.416029 6.36
45.451671 6.36
45.462421 6.36
45.492779 6.36
45.503655 12.32
45.533905 6.36
45.549905 6.36
45.575157 6.36
45.586030 6.36
45.616546 6.36
45.632549 6.36
45.657780 6.36
45.668656 6.36
45.698906 6.36
45.714906 6.36
45.740031 6.36
45.750781 6.36
45.786674 6.36
45.797422 6.36
45.827657 6.36
45.838422 6.36
45.868782 6.36
45.879657 6.36
45.909907 6.36
45.925907 6.36
45.951159 6.36
45.962033 6.36
45.997673 6.36
46.008425 6.36
46.038783 12.32
46.049659 6.01
46.079909 6.36
46.095908 6.36
46.121161 6.36
46.132034 0.05
46.162437 6.36
46.178551 6.36
46.203660 12.32
46.214427 6.36
46.244660 6.36
46.255427 6.36
46.285661 0.05
46.296426 6.36
46.326785 6.36
46.337554 0.05
46.367911 6.36
46.383910 6.36
46.409171 6.36
46.419911 6.36
46.455552 6.36
46.471428 6.36
46.496787 6.36
46.507554 6.36
46.537912 6.36
46.553787 6.36
46.579163 6.36
46.590037 6.36
46.620538 6.36
46.636440 12.32
46.661663 6.36
46.672431 6.36
46.702788 6.36
46.713556 6.36
46.743913 6.36
46.759914 6.36
46.785164 0.05
46.795914 6.36
46.826431 6.36
46.837164 6.01
46.867664 6.36
46.878431 6.36
46.908665 6.36
46.919430 6.36
46.949790 6.36
46.962320 0.05
46.990915 6.36
47.006915 6.36
47.033828 6.36
47.044559 6.36
47.080434 6.36
47.092809 6.36
47.121791 6.36
47.134166 6.36
47.162917 12.32
47.173792 6.36
47.209560 6.36
47.225560 6.36
47.250792 6.36
47.263168 6.36
47.291918 6.36
47.307918 6.36
47.334794 6.36
47.345560 6.36
47.375918 6.36
47.391918 6.36
47.422321 6.36
47.433050 6.36
47.463562 6.36
47.479435 6.36
47.504794 12.32
47.517170 6.36
47.545919 6.36
47.556794 6.36
47.592562 6.36
47.603322 6.36
47.633795 6.36
47.646170 0.05
47.674920 6.36
47.685796 6.36
47.721561 6.36
47.732323 6.36
47.762671 6.36
47.773439 6.36
47.803671 6.36
47.814438 6.36
47.844672 6.36
47.855438 6.36
47.885797 6.36
47.901797 6.36
47.926922 6.36
47.937673 6.36
47.973563 6.36
47.984324 6.36
48.014798 6.36
48.030798 6.36
48.055923 6.36
48.066799 6.36
48.102326 6.36
48.113053 6.36
48.143674 6.36
48.154566 6.36
48.184799 6.36
48.200799 6.36
48.225925 12.32
48.236675 6.36
48.267053 6.36
48.277925 6.36
48.308568 6.36
48.319327 6.36
48.349676 6.36
48.360566 6.36
48.390676 12.32
48.401568 6.36
48.431801 6.36
48.447676 6.36
48.472926 6.36
48.483676 6.36
48.519570 12.32
48.530330 12.32
48.560677 6.36
48.571569 0.05
48.601678 6.36
48.612567 6.36
48.642803 6.36
48.658803 6.36
48.683928 6.36
48.694678 6.36
48.730568 6.36
48.741332 6.36
48.771803 6.36
48.787679 6.36
48.812929 6.36
48.823679 0.05
48.859572 0.05
48.870334 6.36
48.900680 6.36
48.911572 6.01
48.941680 12.32
48.952573 6.01
48.982805 6.36
48.998680 6.01
49.023930 6.36
49.034681 6.01
49.070572 12.32
49.081336 6.01
49.111681 6.36
49.122573 0.05
49.152806 6.36
49.168806 6.36
49.193932 6.36
49.204807 6.36
49.240575 6.36
49.251337 0.05
49.281808 6.36
49.297808 6.36
49.322933 6.36
49.333682 0.05
49.369337 12.32
49.385337 6.36
49.410683 6.36
49.421576 12.32
49.451684 6.36
49.462573 0.05
49.492809 6.36
49.508810 6.36
49.533934 6.36
49.544684 6.36
49.575338 6.36
49.591339 6.36
49.616702 6.36
49.629213 6.36
49.657936 6.36
49.668810 6.36
49.699339 6.36
49.715340 12.32
49.740578 6.36
49.751339 6.36
49.781686 12.32
49.792576 6.36
49.822812 6.36
49.838686 6.36
49.863937 6.36
49.874812 6.36
49.905341 0.05
49.921342 6.36
49.946687 6.36
49.959064 0.05
49.987688 6.36
50.000064 6.36
50.028813 6.36
50.044813 6.36
50.069938 6.36
50.080813 0.05
50.111340 6.36
50.123699 6.36
50.152689 6.36
50.165065 6.36
50.193690 6.36
50.206066 6.36
50.234814 6.36
50.250815 6.36
50.275940 6.36
50.286690 6.36
50.322342 6.36
50.338220 0.05
50.363582 6.36
50.374332 0.05
50.404816 0.05
50.420816 6.36
50.445941 6.36
50.456691 6.36
50.492345 6.36
50.504701 6.36
50.533584 0.05
50.544334 6.36
50.574817 0.05
50.590817 6.36
50.615943 6.36
50.626817 6.36
50.657347 6.36
50.673335 6.36
50.698693 0.05
50.714568 0.05
50.739693 6.36
50.755693 0.05
50.780694 6.01
50.796569 0.05
50.821819 0.05
50.837694 0.05
50.862944 6.36
50.873819 6.36
50.909346 6.36
50.925224 12.32
50.950695 0.05
50.966695 6.36
50.991695 6.36
51.007570 6.36
51.032696 6.36
51.048570 0.05
51.073696 6.36
51.089696 6.36
51.114696 6.36
51.130696 12.32
51.155696 6.36
51.171697 6.36
51.196822 6.36
51.212822 6.36
51.237947 0.05
51.248822 6.36
51.279351 6.36
51.295352 6.36
51.320698 6.36
51.336698 6.36
51.361698 0.05
51.377698 12.32
51.402698 6.36
51.418699 0.05
51.443698 6.36
51.459699 6.36
51.484698 6.36
51.500699 6.36
51.525824 6.36
51.541699 6.36
51.566950 6.36
51.577825 6.36
51.608464 6.36
51.619228 6.36
51.649825 6.36
51.665700 6.36
51.690950 6.36
51.701825 6.36
51.732356 6.36
51.748340 6.36
51.773701 6.36
51.789576 6.36
51.814702 6.36
51.830701 6.36
51.855701 6.36
51.871701 6.36
51.896701 6.36
51.912702 6.36
51.937702 6.36
51.953702 12.32
51.978703 6.36
51.994703 12.32
52.019702 6.36
52.035703 6.36
52.060703 6.36
52.076703 6.36
52.101703 6.36
52.117578 6.36
52.142704 6.36
52.158704 6.36
52.183704 6.36
52.199704 6.36
52.224704 6.36
52.240704 6.36
52.265705 12.32
52.281580 6.36
52.306705 6.36
52.322705 6.36
52.347705 6.36
52.363580 6.36
52.388705 6.36
52.404705 6.36
52.429706 6.36
52.445706 6.36
52.470706 6.36
52.486707 6.36
52.511706 6.36
52.527581 6.36
52.552832 6.36
52.563707 0.05
52.599234 6.36
52.615236 6.36
52.640600 6.36
52.653083 6.36
52.681707 6.36
52.697583 6.36
52.722708 6.36
52.738583 6.36
52.763708 6.36
52.779709 12.32
52.804709 6.36
52.815584 6.36
52.845709 6.36
52.856584 6.36
52.886709 6.36
52.897584 6.36
52.927709 6.36
52.938584 6.36
52.968710 6.36
52.979585 6.36
53.009710 6.36
53.020585 0.05
53.050835 0.05
53.061711 6.36
53.097087 6.36
53.113087 6.36
53.138601 6.36
53.154711 12.32
53.179586 6.36
53.191961 6.36
53.220587 6.36
53.236587 6.36
53.261712 6.36
53.277712 6.36
53.302712 6.36
53.313588 6.36
53.343712 6.36
53.354588 6.36
53.384713 6.36
53.395587 6.36
53.425713 6.36
53.436588 6.36
53.466713 6.36
53.477589 6.36
53.507714 6.36
53.518589 6.36
53.548714 6.36
53.559589 6.36
53.589839 6.36
53.600590 6.36
53.636245 6.36
53.652243 6.36
53.677715 6.36
53.693715 6.36
53.718840 6.36
53.729715 6.36
53.765234 6.36
53.781092 6.36
53.806608 6.36
53.822607 6.36
53.847591 6.36
53.863591 6.36
53.888592 6.36
53.904610 6.36
53.929592 6.36
53.945717 6.36
53.970593 6.36
53.986592 6.36
54.011593 6.36
54.027592 6.36
54.052592 6.36
54.068611 6.36
54.093593 6.36
54.109593 6.36
54.134594 6.36
54.150594 6.36
54.175594 0.05
54.191611 6.36
54.216594 6.01
54.232719 6.36
54.257595 6.36
54.273594 6.36
54.298595 6.36
54.314612 6.36
54.339595 6.36
54.355612 6.36
54.380595 6.36
54.396595 6.36
54.421595 6.36
54.437596 6.36
54.462596 6.36
54.478612 0.05
54.503596 6.36
54.519721 6.36
54.544596 6.36
54.560597 6.36
54.585597 6.36
54.601488 6.36
54.626722 6.36
54.637597 6.36
54.667723 0.05
54.678597 6.36
54.708722 0.05
54.719598 6.36
54.749723 6.36
54.760598 6.36
54.790723 6.36
54.801598 6.01
54.831724 12.32
54.842599 6.36
54.872724 6.36
54.883599 6.36
54.913724 0.05
54.924599 6.36
54.954724 6.36
54.965600 6.36
54.995725 6.36
55.006599 6.36
55.036725 6.36
55.047600 12.32
55.077725 6.36
55.088600 6.36
55.118726 6.36
55.129601 6.36
55.159726 6.36
55.170601 6.36
55.200727 6.36
55.211602 6.36
55.241726 6.36
55.252602 6.36
55.282726 6.36
55.293602 6.36
55.323727 6.36
55.334602 6.36
55.364852 6.36
55.375602 6.36
55.406105 6.36
55.422104 6.36
55.447618 6.36
55.463622 6.36
55.488729 0.05
55.499604 6.36
55.529729 6.36
55.540604 6.01
55.570729 6.36
55.581605 6.36
55.611729 6.36
55.622619 6.36
55.652729 12.32
55.663605 6.36
55.693730 6.36
55.704605 12.32
55.734730 6.36
55.745605 12.32
55.775731 0.05
55.786606 6.36
55.816731 6.36
55.827606 6.36
55.857731 12.32
55.868606 6.36
55.898731 6.36
55.909606 6.36
55.939731 6.36
55.950607 6.36
55.980732 12.32
55.991607 6.36
56.021732 6.36
56.032607 6.36
56.067982 6.36
56.078733 6.36
56.109385 6.36
56.120110 6.36
56.150733 6.36
56.161609 6.36
56.196983 6.36
56.207734 6.36
56.238387 6.36
56.249234 6.36
56.279609 6.36
56.290376 6.36
56.320734 12.32
56.331610 6.36
56.366985 6.36
56.377735 6.36
56.408389 6.36
56.419235 6.36
56.449736 6.36
56.460611 12.32
56.495986 6.36
56.506861 6.36
56.537390 0.05
56.548251 6.36
56.578736 6.36
56.589612 12.32
56.624987 6.36
56.635737 6.36
56.666254 6.36
56.677113 6.36
56.707612 6.36
56.718377 6.36
56.748613 6.36
56.759377 6.36
56.789613 6.36
56.800379 6.36
56.830613 6.36
56.841381 6.36
56.871739 6.36
56.882614 6.36
56.917989 6.36
56.928739 6.36
56.959394 6.36
56.970256 6.36
57.000615 6.36
57.011379 12.32
57.041740 6.36
57.052615 6.36
57.087990 6.36
57.098741 6.36
57.129392 6.36
57.140117 6.36
57.170616 6.36
57.181381 6.36
57.211616 6.36
57.222385 6.36
57.252742 6.36
57.263617 6.36
57.298992 6.36
57.309742 0.05
57.340396 6.36
57.351259 6.36
57.381742 6.36
57.392617 0.05
57.427992 6.36
57.438867 6.36
57.469396 6.36
57.480120 6.36
57.510744 6.36
57.521618 6.36
57.556994 6.36
57.567744 6.36
57.598398 6.36
57.610994 6.36
57.639745 6.36
57.650635 6.36
57.685995 6.36
57.696870 6.36
57.727261 6.36
57.738121 6.36
57.768621 6.36
57.779388 6.36
57.809746 6.36
57.820621 6.36
57.855996 6.36
57.866871 6.36
57.897400 6.36
57.909871 6.36
57.938747 6.36
57.949639 6.36
57.984996 6.36
57.997499 6.36
58.026403 6.36
58.038997 6.36
58.067748 0.05
58.078623 12.32
58.113998 0.05
58.126499 6.36
58.155402 6.36
58.167998 6.36
58.196749 6.36
58.207640 6.36
58.242999 6.36
58.255500 6.36
58.284403 6.36
58.296874 6.36
58.325749 6.36
58.336641 0.05
58.371999 6.36
58.384376 0.05
58.413404 6.36
58.429392 6.36
58.454625 6.36
58.465392 6.36
58.495751 6.36
58.506626 6.36
58.542001 6.36
58.554377 6.36
58.583405 6.36
58.599403 6.36
58.624752 6.36
58.635627 6.36
58.671002 6.36
58.683379 6.36
58.712270 6.36
58.723001 6.36
58.753377 6.36
58.769252 6.36
58.794376 6.36
58.806752 6.36
58.835377 6.36
58.851252 6.36
58.876377 6.36
58.888752 6.36
58.917378 6.36
58.933253 12.32
58.958378 6.01
58.974253 6.36
58.999378 6.36
59.011753 6.36
59.040379 6.36
59.056254 6.36
59.081379 6.36
59.097254 6.36
59.122379 6.36
59.138254 6.36
59.163379 6.36
59.175754 6.36
59.204380 6.36
59.220254 6.36
59.245380 0.05
59.261255 6.36
59.286381 12.32
59.302255 12.32
59.327381 6.01
59.343256 6.36
59.368381 6.36
59.384256 6.36
59.409381 0.05
59.425257 6.36
59.450381 6.36
59.466257 6.36
59.491382 6.36
59.507257 0.05
59.532382 12.32
59.548257 6.36
59.573382 6.36
59.589257 6.36
59.614383 6.36
59.630258 12.32
59.655383 6.36
59.671258 6.36
59.696383 6.36
59.712259 6.36
59.737384 6.36
59.753259 6.36
59.778384 12.32
59.794259 6.36
59.819384 6.36
59.835259 6.36
59.860385 6.36
59.876260 6.36
59.901385 6.36
59.917260 6.36
59.942385 0.05
59.958260 6.36
59.983385 6.36
59.999261 6.36
60.024386 6.36
60.040261 6.36
60.065386 6.36
60.081261 6.36
60.106387 6.36
60.122262 6.36
60.147387 6.36
60.163262 6.36
60.188387 6.36
60.204262 6.36
60.229387 12.32
60.245263 0.05
60.270387 6.36
60.286263 6.36
60.311388 6.36
60.327263 0.05
60.352388 6.36
60.368263 6.36
60.393389 6.36
60.409263 6.36
60.434389 0.05
60.450264 6.36
60.475389 6.36
60.491264 6.36
60.516389 6.36
60.532265 6.36
60.557390 12.32
60.573265 6.36
60.598390 6.36
60.614266 6.36
60.639390 6.36
60.655266 6.36
60.680391 6.36
60.696265 6.36
60.721391 6.36
60.737266 6.36
60.762392 6.36
60.778267 12.32
60.803392 12.32
60.819267 6.36
60.844392 6.36
60.860267 6.36
60.885392 12.32
60.901267 6.36
60.926392 6.36
60.942268 6.36
60.967393 6.36
60.983268 6.36
61.008393 6.36
61.024268 6.36
61.049393 12.32
61.065268 6.36
61.090394 6.36
61.106269 6.36
61.131394 6.36
61.147269 6.36
61.172394 6.36
61.188270 12.32
61.213395 0.05
61.229270 6.36
61.254395 12.32
61.270270 6.36
61.295395 6.36
61.311270 6.36
61.336396 6.36
61.352271 6.36
61.377396 6.36
61.393271 6.36
61.418396 6.36
61.434271 6.36
61.459396 6.36
61.475272 6.36
61.500397 6.36
61.516272 6.36
61.541397 6.36
61.557272 6.36
61.582398 6.36
61.598272 6.01
61.623398 12.32
61.634149 6.36
61.664397 12.32
61.675149 6.36
61.705398 6.36
61.716149 6.36
61.746398 6.36
61.757150 6.36
61.787399 6.36
61.798150 6.36
61.828399 6.36
61.839150 12.32
61.869400 6.36
61.880151 6.36
61.910400 6.36
61.926275 12.32
61.951400 0.05
61.962151 6.36
61.992400 12.32
62.003152 6.36
62.033400 6.36
62.044152 12.32
62.074401 0.05
62.085152 6.36
62.115401 6.36
62.126153 6.36
62.156402 0.05
62.167153 6.36
62.197402 6.36
62.208153 6.01
62.238402 6.36
62.249154 6.36
62.279402 6.36
62.290154 6.36
62.320403 6.36
62.331154 6.36
62.361403 12.32
62.372155 0.05
62.402403 0.05
62.413155 6.36
62.443404 6.36
62.454155 0.05
62.484404 6.36
62.495155 0.05
62.525405 12.32
62.536155 6.36
62.566405 6.01
62.577156 0.05
62.607405 6.01
62.618156 6.36
62.648405 6.36
62.659157 6.36
62.689406 12.32
62.700157 0.05
62.730406 6.36
62.741157 0.05
62.771406 12.32
62.782158 6.36
62.812407 6.36
62.823157 6.36
62.853407 6.36
62.864158 6.36
62.894407 6.36
62.905158 6.36
62.935407 6.36
62.946159 6.36
62.976408 6.36
62.987159 6.36
63.017408 6.36
63.028160 6.36
63.058409 6.36
63.069160 6.36
63.099409 0.05
63.110160 12.32
63.140409 6.36
63.151160 0.05
63.181409 5.69
63.192160 5.69
63.222410 5.69
63.233161 6.01
63.263410 5.69
63.274161 5.69
63.304410 5.69
63.315161 5.69
63.345411 6.01
63.356162 5.69
63.386411 5.69
63.397162 5.69
63.427411 5.69
63.438162 5.69
63.468411 5.69
63.479163 5.69
63.509411 5.69
63.520163 5.35
63.550412 5.00
63.561163 4.34
63.591412 4.68
63.602164 4.34
63.632413 4.34
63.643164 4.68
63.673413 4.68
63.684165 4.68
63.714414 4.68
63.725163 4.34
63.755432 4.34
63.766318 4.68
63.802040 4.68
63.812790 4.68
63.843433 4.68
63.854465 4.68
63.885064 4.68
63.896074 4.34
63.928299 4.34
63.939336 4.34
63.969920 4.68
63.980920 4.68
64.011435 4.34
64.022325 4.68
64.058053 4.68
64.068792 4.34
64.099437 4.68
64.110319 4.34
64.142169 4.34
64.153042 4.34
64.183433 4.34
64.194168 4.34
64.226170 4.34
64.237050 4.34
64.273069 4.34
64.284079 4.68
64.319926 4.34
64.330925 4.68
64.361459 4.68
64.372440 4.34
64.402922 4.34
64.413921 4.34
64.444325 4.34
64.455200 4.68
64.490795 4.34
64.503198 4.34
64.532104 4.68
