0.000000 0.000000
0.042134 4.34
0.053216 4.34
0.083489 4.34
0.099892 3.33
0.130329 2.66
0.141358 2.66
0.172144 2.66
0.183222 2.66
0.213696 2.66
0.229695 2.34
0.254693 2.66
0.265442 2.34
0.301207 2.34
0.317208 2.34
0.342442 2.34
0.353334 2.34
0.383844 2.34
0.394691 2.66
0.425331 2.66
0.436204 2.66
0.466566 2.34
0.482566 2.34
0.507691 2.34
0.518567 2.34
0.554208 2.34
0.570205 2.34
0.595316 2.34
0.606208 2.66
0.636442 2.34
0.647317 2.66
0.677567 2.66
0.693567 2.66
0.718844 2.34
0.729693 2.66
0.760270 2.34
0.771230 2.34
0.801897 2.66
0.818248 2.66
0.843471 2.66
0.859709 2.66
0.890338 2.34
0.901347 2.34
0.937225 2.66
0.948224 2.66
0.978846 3.67
0.989882 4.34
1.020454 4.34
1.033092 4.02
1.070342 4.02
1.081216 4.34
1.113480 4.02
1.124338 4.34
1.160215 4.34
1.176211 4.34
1.201446 4.02
1.213851 4.34
1.242571 4.34
1.253321 4.02
1.285474 4.02
1.296338 4.02
1.328473 4.34
1.339335 4.34
1.369697 4.02
1.380447 4.02
1.410974 4.02
1.421697 4.02
1.452473 4.02
1.468724 4.34
1.499367 4.34
1.510347 4.02
1.546240 4.34
1.557366 4.34
1.587879 4.34
1.598877 4.02
1.629455 4.34
1.645590 4.34
1.676365 4.34
1.687353 4.34
1.723226 4.34
1.733974 4.34
1.764704 4.34
1.775579 4.34
1.806222 4.34
1.816970 4.34
1.847577 4.34
1.858452 4.34
1.893969 4.34
1.909970 4.34
1.943219 4.34
1.954127 4.34
1.984837 4.02
1.995896 4.34
2.026460 4.34
2.042708 4.34
2.073222 4.34
2.084154 4.34
2.114890 4.68
2.125885 4.68
2.156459 4.68
2.172709 4.68
2.203222 4.68
2.213970 4.68
2.244581 4.68
2.255455 4.68
2.285579 4.68
2.296330 4.68
2.326705 4.68
2.337580 4.68
2.367979 4.68
2.379033 4.68
2.409590 4.68
2.425893 4.68
2.451249 4.68
2.462239 4.68
2.492584 4.68
2.508709 4.68
2.539333 4.68
2.550226 4.68
2.580582 4.68
2.591457 4.68
2.622223 4.68
2.633222 4.68
2.663581 4.68
2.674457 4.68
2.709972 4.68
2.720707 4.68
2.751348 4.68
2.762223 4.68
2.792458 4.68
2.808458 4.68
2.841225 4.68
2.851976 4.68
2.882333 4.68
2.898334 4.68
2.923334 4.68
2.934227 4.68
2.964464 4.68
2.980713 4.68
3.011384 4.68
3.024029 4.68
3.058235 4.68
3.069234 4.68
3.101516 4.68
3.112464 4.68
3.148229 4.68
3.158980 4.68
3.189462 4.68
3.205462 4.68
3.230586 4.68
3.241461 4.68
3.276979 4.68
3.292979 4.68
3.318592 4.68
3.329337 4.68
3.361466 4.68
3.372358 5.00
3.402999 5.00
3.413714 5.00
3.444354 5.00
3.456855 5.00
3.485588 5.00
3.496462 5.00
3.531993 5.00
3.547981 5.00
3.573356 5.00
3.585867 5.00
3.614464 5.00
3.630339 5.00
3.655589 5.00
3.666463 5.00
3.701993 5.00
3.717982 5.00
3.743357 5.00
3.755869 5.00
3.784590 5.00
3.795465 5.00
3.830995 5.00
3.846983 5.00
3.872356 5.00
3.884871 5.00
3.913591 5.00
3.924341 5.00
3.956361 5.00
3.967109 5.00
3.997591 5.00
4.008466 5.00
4.040343 5.00
4.051110 5.00
4.081467 5.00
4.097342 5.00
4.122592 5.00
4.133342 5.00
4.168997 5.00
4.185002 5.00
4.210359 5.00
4.226359 5.00
4.251468 5.00
4.267343 5.00
4.292593 5.00
4.303344 5.00
4.338998 5.00
4.354984 5.00
4.380360 5.00
4.396363 5.00
4.421594 5.00
4.432345 5.00
4.467987 5.00
4.483845 5.00
4.509470 5.00
4.525345 5.00
4.550595 5.00
4.561345 5.00
4.591595 5.00
4.602471 5.00
4.638001 5.00
4.653986 5.00
4.679363 5.00
4.695361 5.00
4.720347 5.00
4.736347 5.00
4.761472 5.00
4.777347 5.00
4.802597 5.00
4.813472 5.00
4.848849 5.00
4.864849 5.00
4.890364 5.00
4.906364 5.00
4.931598 5.00
4.942473 5.00
4.977991 5.00
4.993853 5.00
5.019363 5.00
5.035364 5.00
5.060474 5.00
5.076349 5.00
5.101599 5.00
5.112474 5.00
5.147993 5.00
5.163992 5.00
5.189365 5.00
5.205367 5.00
5.230475 5.00
5.246350 5.00
5.271601 5.00
5.282476 5.00
5.317852 5.00
5.333852 5.00
5.359366 5.00
5.375368 5.00
5.400601 5.00
5.411477 5.00
5.446992 5.00
5.462873 5.00
5.488367 5.00
5.504352 5.00
5.529477 5.00
5.545478 5.00
5.570602 5.00
5.581353 5.00
5.616995 5.00
5.632993 5.00
5.658368 5.00
5.674353 5.00
5.699479 5.00
5.715354 5.00
5.740604 5.00
5.751479 5.00
5.786856 5.00
5.802856 5.35
5.828371 5.00
5.844372 5.35
5.869605 5.35
5.880480 5.00
5.915856 5.00
5.931860 5.00
5.957370 5.00
5.973355 5.00
5.998356 5.00
6.014481 5.00
6.039356 5.00
6.055356 5.00
6.080357 5.00
6.096356 5.00
6.121482 5.00
6.137482 5.00
6.162607 5.00
6.173482 5.00
6.209009 5.00
6.224858 5.00
6.250375 5.00
6.266483 5.00
6.291483 5.00
6.307357 5.00
6.334359 5.00
6.345125 5.00
6.375358 5.00
6.391248 5.00
6.416484 5.00
6.427359 5.00
6.459359 5.00
6.470126 5.00
6.500359 5.00
6.516251 5.00
6.541485 5.00
6.552250 5.00
6.584391 5.00
6.595128 5.00
6.627391 5.00
6.638251 5.00
6.673736 5.00
6.698253 5.00
6.710735 5.00
6.744736 5.00
6.755486 5.00
6.786252 5.00
6.798611 5.00
6.827255 5.00
6.843255 5.00
6.868251 5.00
6.880612 5.00
6.909362 5.00
6.920254 5.00
6.950488 5.00
6.961252 5.00
6.993258 5.00
7.004017 5.00
7.034488 5.00
7.045253 5.00
7.080738 5.00
7.091488 5.00
7.122132 5.00
7.133018 5.00
7.163364 5.00
7.174132 5.00
7.204364 5.00
7.215131 5.00
7.245490 5.00
7.256256 5.00
7.291740 5.00
7.302615 5.00
7.333132 5.00
7.344020 5.00
7.374490 5.00
7.385258 5.00
7.420741 5.00
7.431491 5.00
7.462019 5.00
7.472866 5.00
7.503241 5.00
7.532742 5.00
7.543617 5.00
7.574146 5.00
7.585019 5.00
7.615492 5.00
7.626259 5.00
7.661742 5.00
7.672492 5.00
7.703137 5.00
7.714022 5.00
7.744493 5.00
7.755260 5.00
7.790752 5.00
7.801493 5.00
7.832146 5.00
7.842869 5.00
7.873494 5.00
7.884259 5.00
7.919752 5.00
7.944148 5.00
7.954870 5.00
7.985496 5.00
7.996260 5.00
8.031754 5.00
8.056147 5.00
8.066871 5.00
8.097496 5.00
8.108263 5.00
8.143754 5.00
8.168150 5.00
8.179027 5.00
8.209497 5.00
8.220264 5.00
8.255756 5.00
8.280151 5.00
8.290900 5.00
8.321497 5.00
8.332266 5.00
8.367757 5.00
8.392149 5.00
8.402903 5.00
8.433373 5.00
8.444139 5.00
8.474498 5.00
8.485373 5.00
8.520751 5.00
8.536752 5.00
8.562026 5.00
8.572752 5.00
8.603374 5.00
8.619374 5.00
8.644375 5.00
8.655267 5.00
8.685500 5.00
8.696266 5.00
8.731754 5.35
8.756268 5.00
8.785752 5.00
8.801754 5.35
8.827031 5.00
8.837905 5.00
8.868376 5.00
8.884502 5.00
8.909502 5.00
8.920376 5.00
8.955755 5.00
8.980269 5.35
9.009756 5.00
9.025755 5.35
9.051270 5.00
9.067270 5.00
9.092378 5.00
9.108378 5.00
9.133503 5.00
9.144378 5.00
9.179759 5.00
9.204273 5.00
9.233758 5.00
9.249759 5.00
9.275269 5.00
9.291269 5.00
9.316379 5.00
9.327273 5.00
9.357379 5.00
9.368272 5.00
9.398380 5.00
9.409270 5.00
9.439380 5.00
9.450273 5.00
9.480381 5.00
9.491273 5.00
9.521506 5.00
9.532273 5.00
9.564162 5.00
9.574910 5.00
9.605507 5.00
9.616271 5.00
9.651760 5.00
9.667761 5.00
9.693275 5.00
9.709276 5.00
9.734383 5.00
9.745275 5.00
9.775508 5.00
9.786383 5.00
9.821760 5.00
9.837762 5.00
9.863276 5.00
9.879276 5.00
9.904384 5.00
9.915276 5.00
9.945509 5.00
9.956276 5.00
9.991764 5.35
10.002763 5.00
10.033279 5.00
10.049276 5.35
10.074385 5.35
10.085278 5.35
10.115510 5.00
10.126275 5.00
10.161763 5.00
10.177824 5.00
10.203276 5.00
10.219276 5.00
10.244512 5.00
10.255276 5.00
10.290763 5.00
10.306765 5.35
10.332038 5.00
10.342763 5.00
10.373387 5.00
10.384279 5.00
10.414387 5.00
10.425280 5.35
10.455513 5.00
10.466263 5.00
10.501770 5.00
10.517771 5.00
10.543281 5.00
10.559281 5.00
10.584388 5.00
10.595280 5.00
10.625389 5.00
10.636264 5.00
10.666514 5.00
10.677282 5.00
10.712769 5.00
10.723766 5.00
10.754283 5.00
10.770282 5.00
10.795265 5.00
10.806032 5.00
10.836266 5.00
10.847032 5.00
10.877266 5.00
10.888031 5.00
10.918391 5.00
10.929282 5.00
10.959516 5.00
10.970266 5.00
11.005768 5.00
11.021768 5.00
11.047283 5.00
11.063282 5.00
11.088267 5.00
11.099161 5.00
11.129267 5.00
11.140157 5.00
11.170268 5.00
11.181157 5.00
11.211286 5.00
11.222035 5.00
11.252268 5.00
11.263034 5.00
11.293269 5.00
11.304035 5.00
11.334269 5.00
11.345034 5.00
11.375270 5.00
11.386037 5.00
11.416269 5.00
11.427163 5.00
11.457395 5.00
11.468285 5.00
11.500146 5.00
11.511162 5.00
11.541395 5.00
11.552287 5.00
11.582395 5.00
11.593270 5.00
11.623396 5.00
11.634286 5.00
11.664396 5.00
11.675271 5.00
11.707148 5.00
11.718048 5.00
11.748397 5.00
11.759290 5.00
11.789397 5.00
11.800272 5.00
11.832148 5.00
11.843051 5.00
11.873290 5.00
11.884039 5.00
11.916149 5.00
11.927053 5.00
11.957399 5.00
11.968291 5.00
12.000150 5.00
12.010927 5.00
12.041399 5.00
12.052291 5.00
12.084178 5.00
12.094929 5.00
12.125399 5.00
12.136291 5.00
12.171650 5.00
12.187650 5.00
12.213052 5.00
12.225650 5.00
12.254294 5.00
12.265043 5.00
12.295401 5.00
12.306276 5.00
12.338152 5.00
12.349056 5.00
12.379401 5.00
12.390291 5.00
12.422027 5.00
12.432808 5.00
12.463402 5.00
12.474294 5.00
12.509527 5.00
12.520277 5.00
12.555652 5.00
12.571653 5.00
12.597168 4.34
12.613171 4.34
12.643809 4.34
12.654653 4.34
12.685296 4.34
12.696169 4.34
12.731654 4.34
12.747795 4.34
12.773323 4.34
12.784304 4.34
12.814785 4.34
12.825659 4.34
12.856408 4.34
12.867283 4.34
12.897782 4.34
12.908656 4.34
12.939299 4.34
12.950068 4.34
12.985781 4.34
12.996655 4.34
13.027060 4.34
13.043060 4.34
13.068406 4.34
13.079300 4.34
13.114532 4.34
13.125425 4.34
13.156192 4.34
13.172415 4.34
13.197789 4.34
13.208662 4.34
13.239301 4.34
13.250179 4.34
13.280785 4.34
13.291660 4.34
13.322301 4.34
13.333051 4.34
13.368784 4.34
13.379658 4.34
13.410049 4.34
13.426051 4.34
13.451301 4.34
13.462175 4.34
13.492409 4.34
13.503284 4.34
13.538980 4.34
