0.000000 0.000000
0.041966 4.34
0.058267 4.34
0.086717 4.34
0.097748 2.66
0.133612 2.66
0.144610 2.66
0.175278 2.66
0.191605 2.66
0.216837 2.66
0.233094 2.66
0.266724 2.66
0.277598 2.66
0.313360 2.66
0.329360 2.66
0.354705 2.66
0.365594 2.34
0.395830 2.34
0.411829 2.66
0.436954 2.66
0.447829 2.66
0.483596 2.66
0.494353 2.66
0.524704 2.66
0.535595 2.66
0.565705 2.66
0.576595 2.66
0.606706 2.66
0.617597 2.66
0.647705 2.66
0.658597 2.66
0.688706 2.66
0.699597 2.66
0.729706 2.66
0.740597 2.66
0.772903 2.66
0.783847 2.66
0.814606 2.66
0.825602 2.66
0.861487 2.66
0.872485 2.66
0.903100 2.66
0.914099 2.66
0.944728 2.66
0.957348 2.66
0.991613 4.02
1.002609 4.34
1.034880 4.34
1.045840 4.34
1.081605 4.34
1.092476 4.34
1.122962 4.34
1.133837 4.34
1.164363 4.34
1.180363 4.34
1.205727 4.34
1.218234 4.34
1.246960 4.34
1.257710 4.34
1.293360 4.34
1.305862 4.34
1.334711 4.34
1.347237 4.34
1.375711 4.34
1.388238 4.34
1.416836 4.34
1.433105 4.34
1.458489 4.34
1.469491 4.34
1.505478 4.34
1.521363 4.34
1.547100 4.34
1.558120 4.34
1.588736 4.34
1.604970 4.34
1.635633 4.34
1.646631 4.34
1.682529 4.34
1.693610 4.34
1.724106 4.34
1.734968 4.34
1.765730 4.34
1.778100 4.68
1.812368 4.68
1.828366 5.00
1.853840 5.00
1.864715 5.00
1.900621 5.35
1.911617 5.35
1.947346 5.35
1.959739 5.35
1.988719 5.35
2.004719 5.35
2.029843 5.35
2.045843 5.35
2.076249 5.35
2.088727 5.35
2.117719 5.35
2.130093 5.35
2.158718 5.35
2.174733 5.35
2.205604 5.35
2.216623 5.35
2.252491 5.35
2.263386 5.35
2.293972 5.35
2.304847 5.35
2.335613 5.35
2.346364 5.35
2.376846 5.35
2.392845 5.35
2.417970 5.35
2.428845 5.35
2.459487 5.35
2.470640 5.35
2.501104 5.35
2.512119 5.35
2.542617 5.35
2.553619 5.35
2.583974 5.35
2.594848 5.35
2.625381 5.35
2.641488 5.35
2.666614 5.35
2.677364 5.35
2.707971 5.35
2.718847 5.35
2.749376 5.35
2.765495 5.35
2.790976 5.35
2.801976 5.35
2.832617 5.35
2.843395 5.35
2.879255 5.35
2.895255 5.35
2.920724 5.35
2.936598 5.35
2.961724 5.35
2.977599 5.35
3.002723 5.35
3.018724 5.35
3.043724 5.35
3.059862 5.35
3.090518 5.35
3.101500 5.35
3.131980 5.35
3.142980 5.35
3.173619 5.35
3.184492 5.35
3.220255 5.35
3.236254 5.35
3.261615 5.35
3.272490 5.35
3.302725 5.35
3.318617 5.35
3.343851 5.35
3.354734 5.35
3.385510 5.35
3.396513 5.35
3.426980 5.35
3.437855 5.35
3.468387 5.35
3.484371 5.35
3.509729 5.35
3.525620 5.35
3.550728 5.35
3.566603 5.35
3.591728 5.35
3.607728 5.35
3.632728 5.35
3.648991 5.35
3.674363 5.35
3.690504 5.35
3.715985 5.35
3.726984 5.35
3.757625 5.35
3.770108 5.35
3.800733 5.35
3.811625 5.35
3.847262 5.35
3.863261 5.35
3.888620 5.35
3.899371 5.35
3.929730 5.35
3.945737 5.35
3.972732 5.35
3.983746 5.35
4.014365 5.35
4.030509 5.35
4.055989 5.35
4.066987 5.35
4.097627 5.35
4.110111 5.35
4.138860 5.35
4.149735 5.35
4.180264 5.35
4.196262 5.35
4.221625 5.35
4.234109 5.35
4.262608 5.35
4.275127 5.35
4.303864 5.35
4.314739 5.35
4.345545 5.35
4.356524 5.35
4.392364 5.35
4.408363 5.35
4.433995 6.36
4.444993 8.03
4.475633 8.03
4.487991 8.03
4.522364 8.03
4.533115 8.03
4.563629 8.03
4.579613 8.03
4.604862 8.03
4.615737 8.03
4.651265 8.35
4.667264 8.03
4.692629 8.03
4.704987 8.03
4.739267 8.03
4.755114 8.03
4.780629 8.03
4.792987 8.03
4.821737 8.03
4.837613 8.03
4.862738 8.03
4.873613 8.03
4.903738 8.03
4.914613 8.03
4.944739 8.03
4.955614 8.03
4.985739 8.03
4.996614 8.03
5.026739 8.03
5.037614 8.03
5.067739 8.03
5.078614 8.03
5.108739 8.03
5.119615 6.68
5.149740 8.03
5.160615 8.03
5.190740 8.03
5.201615 8.03
5.231741 8.03
5.242616 8.03
5.272866 8.03
5.283616 8.03
5.319259 8.03
5.335268 8.03
5.360634 8.35
5.376632 8.35
5.401617 8.35
5.417617 8.35
5.442617 8.35
5.458634 8.35
5.483617 8.03
5.499743 8.35
5.524636 8.03
5.540634 8.03
5.565743 8.03
5.576618 8.35
5.606743 8.03
5.617618 8.03
5.647744 8.35
5.658619 8.03
5.688744 8.35
5.699619 8.03
5.729744 8.35
5.740620 8.35
5.770745 8.35
5.781620 8.35
5.811745 8.35
5.822637 6.36
5.852745 8.03
5.863621 8.03
5.893745 8.35
5.904621 8.03
5.934746 8.03
5.945621 8.35
5.975746 8.35
5.986621 8.35
6.016747 8.35
6.027622 8.35
6.057747 8.35
6.068622 8.03
6.098747 8.35
6.109623 8.35
6.139747 8.35
6.150623 8.03
6.180747 8.35
6.191623 8.35
6.227124 8.03
6.243127 8.35
6.268640 8.35
6.284640 8.35
6.309623 8.35
6.325749 8.03
6.350624 8.03
6.366624 8.03
6.391624 8.35
6.407624 8.35
6.432625 8.35
6.448625 8.03
6.473625 8.03
6.489625 8.35
6.514626 8.03
6.530626 6.36
6.555626 8.03
6.571640 8.35
6.596625 8.03
6.612751 8.03
6.637626 8.35
6.653626 8.03
6.678627 8.35
6.694627 8.03
6.719627 8.03
6.735627 8.03
6.760627 8.35
6.776627 8.35
6.801643 8.35
6.817628 8.35
6.842628 8.35
6.858645 8.35
6.883628 8.03
6.899753 8.03
6.924628 8.35
6.940628 8.35
6.965628 8.35
6.981629 8.03
7.006629 8.35
7.022629 8.35
7.047629 8.35
7.063630 8.35
7.088630 8.35
7.104630 8.35
7.129630 8.35
7.145646 8.35
7.170631 8.35
7.186756 8.35
7.211630 8.35
7.227631 7.37
7.252631 8.03
7.268631 8.35
7.293631 8.35
7.309631 8.35
7.334631 8.35
7.350632 8.35
7.375632 8.35
7.391632 8.35
7.416632 8.03
7.432633 8.03
7.457633 8.35
7.473633 8.35
7.498633 8.35
7.514633 8.03
7.539633 8.35
7.555633 8.35
7.580633 8.03
7.596633 8.35
7.621759 8.35
7.632634 8.03
7.668009 8.03
7.678883 8.35
7.709413 8.03
7.720136 8.35
7.750760 8.35
7.761635 8.03
7.797009 8.35
7.813010 8.03
7.838412 8.35
7.849136 8.03
7.879636 8.03
7.890402 8.03
7.920636 8.03
7.931402 12.32
7.961636 8.03
7.972404 8.03
8.002636 8.03
8.013402 8.03
8.043762 8.03
8.054637 8.03
8.090012 8.03
8.100762 8.03
8.131530 8.03
8.147403 8.03
8.172653 8.03
8.188655 8.03
8.213763 8.03
8.224639 8.03
8.260013 8.03
8.270763 8.03
8.301418 8.03
8.312139 8.35
8.342639 8.03
8.353407 8.03
8.383640 8.03
8.394405 8.03
8.424640 8.03
8.435407 8.03
8.465765 8.03
8.476640 8.03
8.512015 8.03
8.528016 8.35
8.553418 8.03
8.564142 8.03
8.594766 8.03
8.605641 8.35
8.641016 7.37
8.651767 8.03
8.682419 8.35
8.693285 8.35
8.723642 8.35
8.734410 8.35
8.764767 8.35
8.775643 8.03
8.811017 8.35
8.821767 8.03
8.852421 8.03
8.863296 8.35
8.893643 8.03
8.904410 8.35
8.934769 8.35
8.945643 8.35
8.981019 8.03
8.991769 8.35
9.022424 8.03
9.033296 8.35
9.063770 8.03
9.074645 8.03
9.104769 8.03
9.115645 8.03
9.151020 8.03
9.161770 8.35
9.192423 8.35
9.204895 8.35
9.233771 8.03
9.244662 8.03
9.280021 8.03
9.290896 8.03
9.321423 8.03
9.334021 6.36
9.362772 8.03
9.373647 8.35
9.409022 8.35
9.421523 8.03
9.450425 8.35
9.462898 8.35
9.491664 8.35
9.502413 8.35
9.538024 8.03
9.554023 8.35
9.579541 8.35
9.595663 8.35
9.620664 8.35
9.636774 8.03
9.661774 8.35
9.672650 8.03
9.708025 8.03
9.720525 8.35
9.749429 8.35
9.762025 8.03
9.790775 8.03
9.801665 8.35
9.837025 8.03
9.849526 8.03
9.878429 8.35
9.891026 8.35
9.919776 8.03
9.930668 8.35
9.966026 8.35
9.978527 8.03
10.007430 8.03
10.023294 8.35
10.048777 6.36
10.059652 8.03
10.095027 8.03
10.107403 8.03
10.136432 8.03
10.148903 8.03
10.177778 8.03
10.188669 8.03
10.224028 8.03
10.236404 8.03
10.265433 8.03
10.281307 8.03
10.306779 8.35
10.317654 8.03
10.353029 8.03
10.365405 8.35
10.394434 8.35
10.410433 8.03
10.435655 8.03
10.446420 8.03
10.476780 8.03
10.487655 8.03
10.523030 8.03
10.539030 8.03
10.564434 8.03
10.580298 8.03
10.605782 8.03
10.616656 8.35
10.652031 8.03
10.667907 8.03
10.693436 8.03
10.709549 8.03
10.734782 8.03
10.745657 7.37
10.781032 8.03
10.796907 8.03
10.822438 8.03
10.838310 8.03
10.863783 8.03
10.874658 8.03
10.910033 8.03
10.925908 8.03
10.951437 8.03
10.967313 8.03
10.992659 8.03
11.003427 8.03
11.033785 8.03
11.044660 8.03
11.080034 8.03
11.095910 8.03
11.121439 8.03
11.137315 8.03
11.162660 8.03
11.173428 8.03
11.203661 8.03
11.214442 8.03
11.250036 8.03
11.266036 8.03
11.291552 8.03
11.307678 8.03
11.338037 8.03
11.354037 8.03
11.379442 8.35
11.395315 8.03
11.420787 8.35
11.431662 7.69
11.467038 8.03
11.482913 8.35
11.508442 8.03
11.524555 8.35
11.549789 8.03
11.560681 8.35
11.596038 8.03
11.611913 8.35
11.637445 8.35
11.653442 8.03
11.678664 8.35
11.689432 8.35
11.719790 8.35
11.730665 8.35
11.766040 8.03
11.782040 8.35
11.807290 8.35
11.818040 8.35
11.848682 8.03
11.859430 8.03
11.895041 8.03
11.910916 8.35
11.936445 8.35
11.952443 8.03
11.977682 8.03
11.988434 8.35
12.020418 8.35
12.031168 8.35
12.063418 8.03
12.074319 8.35
12.106418 8.03
12.117197 8.35
12.149445 6.68
12.160197 8.03
12.192449 8.35
12.203320 8.35
12.235449 8.03
12.246199 8.35
12.278447 8.03
12.289198 8.35
12.321438 8.03
12.332321 8.35
12.362687 8.35
12.373562 8.35
12.405421 8.03
12.416321 8.35
12.446686 8.35
12.457562 8.03
12.492920 8.35
12.505422 8.35
12.534046 8.35
12.544921 8.35
12.575564 8.35
12.586563 8.03
12.618437 8.03
12.629200 8.35
12.665046 8.03
12.675922 8.35
12.706564 8.35
12.717565 8.35
12.747688 8.35
12.758562 8.03
12.790452 8.35
12.801326 8.03
12.837048 8.03
12.847923 7.02
12.878564 8.03
12.889316 8.03
12.924799 8.35
12.935674 8.03
12.965924 8.35
12.978331 8.35
13.010328 8.35
13.026567 8.03
13.051691 8.35
13.062567 8.35
13.092925 8.35
13.105318 8.35
13.134194 8.03
13.145050 8.03
13.175441 8.35
13.186177 8.35
13.216692 8.35
13.227441 8.03
13.262926 8.35
13.278802 8.03
13.304177 8.35
13.315052 8.35
13.345455 8.35
13.361454 8.35
13.391927 8.03
13.408053 8.35
13.433205 8.35
13.444053 8.35
13.474570 8.35
13.485320 8.35
13.520928 8.03
13.537053 8.35
13.562053 7.37
13.572803 8.35
13.603456 8.35
13.614180 8.35
13.650055 8.35
13.660929 8.03
13.691456 8.03
13.702332 8.35
13.738055 8.35
13.748804 8.03
13.779460 8.35
13.790334 8.03
13.826055 8.03
13.836806 8.03
13.867460 8.35
13.878333 8.03
13.913931 8.35
13.929931 8.35
13.955182 8.35
13.966057 8.35
13.996461 8.35
14.007183 8.35
14.042932 8.35
14.058933 8.03
14.084183 8.03
14.095057 8.03
14.125462 8.35
14.136335 8.35
14.171933 8.35
14.187933 8.35
14.213059 8.03
14.223809 8.03
14.254462 6.68
14.265184 8.03
14.300809 8.03
14.311684 8.35
14.341934 8.35
14.357810 8.35
14.383186 8.35
14.394060 8.35
14.424578 8.35
14.435328 8.35
14.471060 8.35
14.481811 8.35
14.512465 8.35
14.523341 8.35
14.559061 8.35
14.583466 8.35
14.594340 8.03
14.629936 8.03
14.646061 8.35
14.671187 8.35
14.681937 8.03
14.712579 8.35
14.723340 8.03
14.759062 8.35
14.769813 8.03
14.800580 8.35
14.811580 8.35
14.846938 8.03
14.863063 8.35
14.888189 8.35
14.898938 8.35
14.929455 8.35
14.940344 8.03
14.975814 7.69
14.986582 8.35
15.016939 8.35
15.032815 8.35
15.061342 8.35
15.077344 8.35
15.104345 8.35
15.115190 8.35
15.147346 8.03
15.158191 8.35
15.188581 8.03
15.199333 8.03
15.234816 8.35
15.245581 8.35
15.275941 8.35
15.291942 8.35
15.320343 8.35
15.336459 8.35
15.361585 8.35
15.372336 8.35
15.407943 8.35
15.423942 8.03
15.449193 8.35
15.459943 8.35
15.490460 8.35
15.501194 8.35
15.537068 8.35
15.547943 8.35
15.578349 8.35
15.594461 8.35
15.621349 8.35
15.632194 8.35
15.664350 12.32
15.675194 8.35
15.707350 8.35
15.718194 8.35
15.750226 8.35
15.761077 8.35
15.791461 8.35
15.802196 8.35
15.838078 8.35
15.848946 8.35
15.879477 8.35
15.890348 8.35
15.920696 8.35
15.931464 8.35
15.961697 8.35
15.972465 8.35
16.002822 8.35
16.018822 8.35
16.043947 8.35
16.054698 8.35
16.085351 8.03
16.096224 8.35
16.131948 8.35
16.142823 8.35
16.173350 8.35
16.184228 8.35
16.219948 8.35
16.230699 8.35
16.261228 8.35
16.277353 8.35
16.307949 8.35
16.323949 8.35
16.349227 8.03
16.365355 7.69
16.390593 8.03
16.401354 8.03
16.431700 8.35
16.442593 8.03
16.472826 8.35
16.488826 8.03
16.513951 8.35
16.524716 8.35
16.554950 8.35
16.565700 8.35
16.595951 8.35
16.606701 8.35
16.637356 8.35
16.648081 8.35
16.683952 8.35
16.694827 8.35
16.725355 8.35
16.736231 8.35
16.771828 8.35
16.787952 8.35
16.812953 8.35
16.823703 8.35
16.854357 8.35
16.865081 8.35
16.900954 8.35
16.911704 8.35
16.942358 8.35
16.953233 8.35
16.988954 8.35
16.999830 8.35
17.030359 8.35
17.041233 8.35
17.076955 7.37
17.087705 8.35
17.118359 8.35
17.129085 8.35
17.164955 8.35
17.175706 8.35
17.206359 8.35
17.217085 8.35
17.252956 8.35
17.263707 8.35
17.294347 8.35
17.305235 8.35
17.340957 8.35
17.351833 8.35
17.382237 8.35
17.398361 8.35
17.428957 8.35
17.439833 8.35
17.470361 8.35
17.481085 8.35
17.516958 8.35
17.527834 8.35
17.558362 8.35
17.569237 8.35
17.604834 8.35
17.620959 8.35
17.645959 8.35
17.656834 8.35
17.687239 8.35
17.703364 8.35
17.733960 8.35
17.744835 8.35
17.775239 7.69
17.791240 8.35
17.821836 8.35
17.837961 8.35
17.862961 8.35
17.873836 8.35
17.904241 8.35
17.920090 8.35
17.950962 8.35
17.961712 8.35
17.992240 8.35
18.008240 8.35
18.038962 8.35
18.049712 8.35
18.080365 8.35
18.091088 8.35
18.126963 8.35
18.137838 8.35
18.168090 8.35
18.178963 8.35
18.211214 8.35
18.222090 8.35
18.254215 8.35
18.265090 8.35
18.297215 8.35
18.308090 8.35
18.338368 8.35
18.349241 8.35
18.384840 8.35
18.400840 8.35
18.425965 8.35
18.436840 8.35
18.467368 6.36
18.478091 8.35
18.513966 8.35
18.524716 8.35
18.555370 8.35
18.566092 8.35
18.601842 8.35
18.617842 8.35
18.642967 8.35
18.653841 8.35
18.684371 8.35
18.695246 8.35
18.730842 8.35
18.746843 8.35
18.771968 8.35
18.782843 8.35
18.813371 8.35
18.824248 8.35
18.859844 8.35
18.875844 8.35
18.900969 8.35
18.911719 8.35
18.942248 8.35
18.958249 8.35
18.988844 8.35
19.004720 8.35
19.029969 8.35
19.040844 8.03
19.071096 8.35
19.083613 8.35
19.117846 8.35
19.128595 8.35
19.158971 8.35
19.169720 7.69
19.200252 8.35
19.210971 8.35
19.246847 8.35
19.257596 8.35
19.287972 8.35
19.298722 8.35
19.329251 8.35
19.339972 8.03
19.375847 8.35
19.386598 8.35
19.416972 8.35
19.427723 8.35
19.458378 8.35
19.469252 8.35
19.499723 8.35
19.515724 8.35
19.540724 8.35
19.556849 8.35
19.581724 8.35
19.597724 8.35
19.622724 8.35
19.638849 8.03
19.663725 8.35
19.679725 8.35
19.704725 8.35
19.720850 8.35
19.745725 8.35
19.761850 8.35
19.786726 8.35
19.802851 8.35
19.827851 8.35
19.838726 8.35
19.868976 6.68
19.879726 8.03
19.910256 8.35
19.920976 8.35
19.956727 8.35
19.972852 8.35
19.997727 8.35
20.013728 8.35
20.038728 8.35
20.054728 8.35
20.079728 8.35
20.095853 8.35
20.120728 8.35
20.136728 8.35
20.161728 8.35
20.177854 8.35
20.202729 8.35
20.218854 8.35
20.243854 8.35
20.254729 8.35
20.284979 8.35
20.295729 8.35
20.326258 8.35
20.337106 8.35
20.367730 8.35
20.383855 8.35
20.408730 8.35
20.424856 8.35
20.449730 8.35
20.465730 8.35
20.490731 8.35
20.506856 8.35
20.531857 8.35
20.542731 8.35
20.572981 6.36
20.583731 8.35
20.614385 8.35
20.625261 8.35
20.655607 8.35
20.666375 8.35
20.696733 8.35
20.712733 8.35
20.737858 8.35
20.748733 8.35
20.778983 8.35
20.789733 8.35
20.820262 8.35
20.830983 8.35
20.866859 8.35
20.877609 8.35
20.907984 8.35
20.923984 8.35
20.949262 8.35
20.960110 8.35
20.990735 8.35
21.006860 8.35
21.031860 8.35
21.042610 8.35
21.072985 8.35
21.083735 8.35
21.114262 8.35
21.124985 8.35
21.160736 8.35
21.176861 8.35
21.201736 8.35
21.217862 8.35
21.242736 8.35
21.258862 8.35
21.283737 7.69
21.299862 8.35
21.324737 8.35
21.340862 8.35
21.365740 8.35
21.381863 8.35
21.406738 8.35
21.422863 8.35
21.447863 8.35
21.458738 8.35
21.488988 8.35
21.501381 8.35
21.531992 8.35
21.542739 8.35
21.573268 8.35
21.583989 8.35
21.619864 8.35
21.630740 8.35
21.660990 8.35
21.673380 8.35
21.702270 8.35
21.718269 8.35
21.748866 8.35
21.759616 8.35
21.789991 8.35
21.805991 8.35
21.831269 8.35
21.842116 8.35
21.872617 8.35
21.888633 8.35
21.913617 8.35
21.929633 8.35
21.954617 8.35
21.966996 6.36
21.995617 8.35
22.011635 8.35
22.036618 8.35
22.052635 8.35
22.077743 8.35
22.088618 8.35
22.118743 8.35
22.129618 8.35
22.159743 8.35
22.170618 8.35
22.200868 8.35
22.211619 8.35
22.241994 8.35
22.257994 8.35
22.283273 8.35
22.294120 8.35
22.324636 8.35
22.340637 8.35
22.365745 8.35
22.376620 8.35
22.406870 8.35
22.417620 8.35
22.447995 8.35
22.464121 8.35
22.489276 8.35
22.499996 8.35
22.530637 8.35
22.546639 8.35
22.571746 8.35
22.582622 8.35
22.612747 8.35
22.623622 8.35
22.653747 8.35
22.664623 7.02
22.694997 8.03
22.711124 8.35
22.736248 8.35
22.746998 8.03
22.777638 8.35
22.793749 8.35
22.818748 8.35
22.829624 8.35
22.859748 8.35
22.870624 8.35
22.900749 8.35
22.911624 8.35
22.941749 8.35
22.952625 8.35
22.982750 8.35
22.993625 8.35
23.023750 8.35
23.034625 8.35
23.064750 8.35
23.075625 8.35
23.105750 8.35
23.116626 8.35
23.146751 8.35
23.157626 8.35
23.187751 8.35
23.198626 8.35
23.228751 8.35
23.239627 8.35
23.269752 8.35
23.280627 8.35
23.310752 8.35
23.321627 8.35
23.351752 8.35
23.362628 7.69
23.392752 8.03
23.403628 8.35
23.434003 8.35
23.450003 8.35
23.475129 8.35
23.486003 8.35
23.521879 8.35
23.532629 8.35
23.563130 8.35
23.574004 8.35
23.609880 8.35
23.620630 8.35
23.651131 8.35
23.662005 8.35
23.697880 8.35
23.710398 8.35
23.739132 8.35
23.750006 8.35
23.785881 8.35
23.796630 8.35
23.827006 8.35
23.843005 8.35
23.873649 8.35
23.889648 8.35
23.914757 8.35
23.925632 8.35
23.955882 8.35
23.966632 8.35
23.997133 8.35
24.008007 8.35
24.043649 8.35
24.059648 8.35
24.084758 6.36
24.095634 8.35
24.125758 8.35
24.136651 8.35
24.166758 8.35
24.177634 8.35
24.207884 8.35
24.220259 8.35
24.253885 8.35
24.264635 8.35
24.295150 8.35
24.306009 8.35
24.336650 8.35
24.352650 8.35
24.377885 8.35
24.390260 8.35
24.419010 8.03
24.435011 8.35
24.465653 8.03
24.481653 8.35
24.506886 8.35
24.519262 8.35
24.548154 8.35
24.559012 8.35
24.589404 8.35
24.601888 8.35
24.630637 8.35
24.641404 8.35
24.671762 8.35
24.682637 8.35
24.712887 8.35
24.725281 8.35
24.754139 8.35
24.765013 8.03
24.795655 7.69
24.806405 8.35
24.836764 8.35
24.847639 8.35
24.877889 8.03
24.893889 8.35
24.919140 8.35
24.930014 8.35
24.960654 8.35
24.971405 8.35
25.001890 8.35
25.017890 8.35
25.043141 8.35
25.054015 8.35
25.084658 8.35
25.095417 8.35
25.125891 8.35
25.141766 8.35
25.167142 8.35
25.178016 8.35
25.208659 8.35
25.219406 8.03
25.249642 8.35
25.260408 8.35
25.290642 8.35
25.301407 8.35
25.331768 8.35
25.342642 8.35
25.372892 8.35
25.388893 8.35
25.414144 8.35
25.425018 8.35
25.455661 8.35
25.466534 8.03
25.497323 4.68
25.508320 4.34
25.538899 4.68
25.555024 4.68
25.585779 4.68
25.596783 4.34
25.632655 4.68
25.643654 4.68
25.674327 4.68
25.685326 4.68
25.715667 4.68
25.726415 4.68
25.757023 4.68
25.767897 4.68
25.803664 4.68
25.814414 4.68
25.844772 4.68
25.855647 4.68
25.885896 4.68
25.901897 4.68
25.927149 4.68
25.938022 4.68
25.968701 4.68
25.979653 4.34
26.010153 4.34
26.021026 4.34
26.051667 4.34
26.062420 4.68
26.093024 4.34
26.103899 4.68
26.139665 4.68
26.150414 4.68
26.180899 4.68
26.196899 4.34
26.222024 4.68
26.232774 4.68
26.268665 4.68
26.279416 4.68
26.309775 4.34
26.320650 4.68
26.350900 4.68
26.366900 4.68
26.392152 4.34
26.403025 4.68
26.438544 4.68
26.454541 4.68
26.479651 4.68
26.490416 4.68
26.520665 4.68
26.531790 4.68
