0.000000 0.000000
0.041844 4.34
0.057842 4.34
0.083111 4.34
0.095881 3.33
0.129976 2.66
0.140971 2.66
0.173286 2.66
0.184516 2.66
0.220090 2.66
0.231089 2.66
0.266977 2.66
0.277962 2.66
0.308460 2.66
0.319210 2.66
0.349722 2.66
0.365972 2.66
0.391084 2.66
0.401848 2.66
0.432208 2.66
0.448207 2.66
0.475236 2.66
0.485958 2.66
0.521973 2.66
0.532724 2.66
0.563209 2.66
0.579209 2.66
0.604459 2.66
0.615209 2.66
0.645735 2.66
0.656460 2.66
0.687084 2.66
0.699608 2.66
0.728210 2.66
0.744210 2.66
0.778007 2.66
0.788976 2.66
0.821260 2.66
0.832218 2.66
0.862876 2.66
0.873865 2.66
0.904522 2.66
0.915523 2.66
0.946103 2.66
0.962370 2.66
0.992991 4.02
1.003972 4.34
1.036135 4.34
1.047094 4.34
1.082982 4.34
1.093855 4.34
1.126121 4.34
1.136966 4.34
1.172862 4.34
1.183615 4.34
1.213964 4.34
1.224855 4.34
1.254964 4.34
1.265856 4.34
1.295964 4.34
1.306855 4.34
1.336964 4.34
1.347856 4.34
1.377965 4.34
1.388855 4.34
1.418964 4.34
1.430010 4.34
1.460533 4.34
1.471536 4.34
1.502128 4.34
1.518379 4.34
1.548975 4.34
1.559974 4.34
1.595740 4.34
1.611866 4.34
1.644861 4.34
1.655623 4.34
1.686218 4.34
1.697093 4.34
1.732620 4.34
1.748622 4.34
1.773968 4.34
1.784860 4.34
1.815093 4.34
1.830969 4.34
1.856218 4.34
1.867094 4.34
1.902860 4.34
1.913621 4.34
1.943969 4.34
1.954861 4.34
1.984969 4.34
1.995861 4.34
2.026095 4.34
2.041970 4.34
2.067220 4.34
2.077970 4.34
2.113625 4.34
2.124348 4.34
2.154971 4.34
2.165864 4.34
2.195971 4.34
2.206863 4.34
2.236971 4.34
2.247864 4.34
2.278097 4.34
2.293972 4.34
2.319222 4.34
2.329972 4.34
2.365624 4.34
2.376347 4.34
2.406973 4.34
2.417863 4.34
2.448098 4.34
2.463973 4.34
2.489223 4.34
2.500098 4.34
2.535625 4.34
2.546349 4.34
2.576974 4.34
2.587864 4.34
2.617974 4.34
2.628849 4.68
2.659099 4.34
2.674974 4.34
2.700224 4.34
2.710974 4.34
2.746628 4.34
2.762628 4.34
2.787975 4.34
2.798866 4.34
2.828976 4.34
2.839866 4.34
2.869975 4.34
2.880851 4.34
2.911101 4.34
2.927101 4.34
2.952226 4.34
2.963101 4.34
2.998631 4.34
3.009353 4.34
3.040102 4.34
3.056102 4.34
3.081227 4.34
3.091977 4.34
3.122353 4.34
3.133227 4.34
3.163868 4.34
3.174620 4.34
3.204978 4.34
3.215868 4.34
3.246104 4.34
3.261979 4.34
3.287229 4.34
3.298104 4.34
3.333869 4.34
3.344620 4.34
3.375105 4.34
3.390979 4.34
3.416230 4.34
3.426980 4.34
3.462634 4.34
3.478632 4.34
3.503980 4.34
3.516510 4.34
3.544981 4.34
3.555872 4.34
3.585981 4.34
3.598511 4.34
3.627106 4.34
3.643106 4.34
3.668231 4.34
3.679107 4.34
3.714633 4.34
3.727117 4.34
3.755982 4.34
3.768512 4.34
3.797107 4.34
3.812982 4.34
3.838233 4.68
3.849108 4.34
3.884638 4.34
3.896993 4.34
3.925983 4.34
3.938360 4.34
3.966983 4.34
3.979360 4.34
4.008109 4.34
4.024109 4.34
4.049234 4.34
4.059984 4.34
4.095627 4.34
4.107995 4.34
4.136984 4.34
4.149361 4.34
4.177985 4.34
4.190361 4.34
4.218985 4.34
4.231362 4.34
4.259986 4.34
4.272362 4.34
4.300986 4.34
4.316986 4.34
4.341986 4.34
4.357986 4.34
4.382986 4.34
4.395363 4.34
4.423986 4.34
4.439987 4.34
4.464987 4.34
4.477363 4.34
4.505987 4.34
4.521988 4.34
4.547112 4.34
4.562988 4.34
4.588237 4.34
4.599113 4.34
4.634629 4.34
4.650515 4.34
4.675881 4.34
4.686629 4.34
4.716989 4.68
4.732989 4.34
4.757989 4.34
4.773990 4.34
4.799114 4.34
4.814989 4.34
4.840239 4.34
4.851115 4.34
4.886631 4.34
4.902520 4.34
4.927884 4.34
4.938631 4.34
4.968991 4.34
4.984866 4.34
5.009991 4.34
5.025992 4.34
5.050991 4.34
5.066866 4.34
5.091991 4.34
5.107867 4.34
5.132992 4.34
5.148992 4.34
5.173992 4.34
5.189868 4.34
5.214993 4.34
5.230993 4.34
5.255993 4.34
5.271993 4.34
5.296992 4.34
5.312868 4.34
5.337994 4.34
5.353993 4.34
5.378994 4.68
5.394869 4.34
5.419994 4.34
5.435994 4.34
5.460994 4.68
5.476870 4.68
5.501995 4.34
5.517995 4.34
5.542995 4.34
5.558870 4.34
5.583995 4.34
5.599995 4.34
5.624995 4.34
5.640995 4.34
5.666261 4.34
5.677256 4.34
5.707906 4.34
5.720542 4.34
5.754501 4.34
5.765376 4.68
5.796148 4.68
5.812255 5.00
5.837772 5.00
5.848773 4.68
5.881003 5.00
5.891892 5.00
5.927500 5.00
5.938250 5.00
5.968890 5.00
5.981375 4.68
6.010123 4.68
6.025998 5.00
6.052999 5.00
6.063891 5.00
6.099537 5.00
6.115501 5.00
6.140894 5.00
6.153391 5.00
6.184001 5.00
6.194892 5.00
6.225000 5.00
6.240875 4.68
6.266125 5.00
6.277000 5.00
6.309029 5.00
6.319893 4.68
6.355529 5.00
6.371530 5.00
6.397001 5.00
6.412876 5.00
6.438126 5.00
6.448879 5.00
6.479531 5.00
6.495530 4.68
6.521001 5.00
6.536877 4.68
6.562002 5.00
6.578002 4.68
6.603127 5.00
6.614002 5.00
6.646004 5.00
6.656893 5.00
6.687655 5.00
6.698656 5.00
6.729262 4.68
6.740261 4.68
6.770900 4.68
6.787008 5.00
6.812257 5.00
6.823256 5.00
6.853769 5.00
6.864772 5.00
6.894880 4.68
6.907255 5.00
6.935880 5.00
6.948254 5.00
6.976880 5.00
6.989393 5.00
7.023790 5.00
7.034771 5.00
7.070672 5.00
7.081565 5.00
7.112261 5.00
7.123261 5.00
7.153900 5.00
7.169900 5.00
7.200633 5.00
7.211417 5.00
7.242008 5.00
7.252900 5.00
7.283007 5.00
7.293774 5.00
7.324007 5.00
7.334882 5.00
7.365008 5.00
7.375883 5.00
7.406008 5.00
7.416883 5.00
7.447009 5.00
7.457884 5.00
7.488009 5.00
7.498884 5.00
7.529008 4.68
7.539884 4.68
7.570009 5.00
7.580884 5.00
7.611009 5.00
7.621885 5.00
7.652010 5.00
7.662885 5.00
7.693010 5.00
7.703885 5.00
7.734010 5.00
7.744885 5.00
7.775011 5.00
7.785886 5.00
7.816011 5.00
7.826886 5.00
7.857011 5.00
7.867886 5.00
7.898011 5.00
7.908887 5.00
7.939012 5.00
7.949887 5.00
7.980012 5.00
7.990888 5.00
8.021012 5.00
8.031888 5.00
8.062013 5.00
8.072887 5.00
8.103013 5.00
8.113888 5.00
8.144013 5.00
8.154888 5.00
8.185014 5.00
8.195889 5.00
8.226014 5.00
8.236889 5.00
8.267014 5.00
8.277890 5.00
8.308014 5.00
8.318890 5.00
8.349015 5.00
8.359890 5.00
8.390015 5.00
8.400890 5.00
8.431140 5.00
8.441890 5.00
8.477516 5.00
8.493392 5.00
8.518909 5.00
8.535016 5.00
8.559891 5.00
8.575892 5.00
8.600892 5.00
8.616892 5.00
8.641892 5.00
8.657892 5.00
8.682893 5.00
8.698892 5.00
8.723893 5.00
8.739892 5.00
8.764893 5.00
8.780908 5.00
8.805893 5.00
8.822018 5.00
8.846893 5.00
8.862894 5.00
8.887894 5.00
8.903894 5.00
8.928894 5.00
8.944909 5.00
8.969895 5.00
8.985895 5.00
9.010895 5.00
9.026894 5.00
9.051895 5.00
9.067895 5.00
9.092895 4.68
9.109020 5.00
9.133896 5.00
9.149896 5.00
9.174896 5.00
9.190896 5.00
9.215896 5.00
9.231896 5.00
9.257021 5.00
9.267897 5.00
9.299897 5.00
9.310663 5.00
9.340897 5.00
9.356897 5.00
9.381897 5.00
9.397897 5.00
9.422897 5.00
9.438898 5.00
9.463897 5.00
9.480023 5.00
9.505023 5.00
9.515898 5.00
9.547774 5.00
9.558523 5.00
9.588916 5.00
9.604916 5.00
9.635274 5.00
9.646149 5.00
9.676677 5.00
9.687400 5.00
9.717900 5.00
9.728665 5.00
9.758900 5.00
9.769665 5.00
9.800025 5.00
9.810900 5.00
9.846275 5.00
9.857025 5.00
9.887680 5.00
9.898402 5.00
9.928901 5.00
9.939668 5.00
9.969902 5.00
9.980668 5.00
10.010902 5.00
10.021668 5.00
10.051902 5.00
10.062667 5.00
10.093028 5.00
10.103903 5.00
10.139278 5.00
10.150027 5.00
10.180794 5.00
10.196671 5.00
10.221918 5.00
10.237903 5.00
10.262904 5.00
10.273671 5.00
10.304029 5.00
10.314904 5.00
10.350279 5.00
10.361029 5.00
10.391682 5.00
10.402406 5.00
10.432905 5.00
10.443673 5.00
10.473905 5.00
10.484670 5.00
10.514906 5.00
10.525673 5.00
10.555906 5.00
10.566673 5.00
10.597031 5.00
10.607906 5.00
10.643281 5.00
10.654031 5.00
10.684683 5.00
10.695550 5.00
10.726032 5.00
10.736907 5.00
10.772282 5.00
10.783157 5.00
10.813685 5.00
10.824409 5.00
10.854908 5.00
10.865673 5.00
10.895908 5.00
10.906676 5.00
10.937033 5.00
10.947926 5.00
10.983283 5.00
10.994033 5.00
11.024688 5.00
11.035552 5.00
11.066034 5.00
11.076910 5.00
11.112285 5.00
11.123160 5.00
11.153689 5.00
11.164411 5.00
11.195035 5.00
11.205929 5.00
11.241285 5.00
11.252035 5.00
11.282688 5.00
11.293413 5.00
11.324036 5.00
11.334929 5.00
11.370286 5.00
11.381036 5.00
11.411691 5.00
11.422555 5.00
11.453037 5.00
11.463912 5.00
11.499287 5.00
11.510037 5.00
11.540689 5.00
11.553288 5.00
11.582038 5.00
11.592930 5.00
11.628288 5.00
11.640789 5.00
11.669691 5.00
11.682288 5.00
11.710914 5.00
11.721680 5.00
11.751914 5.00
11.762680 5.00
11.792914 5.00
11.803680 5.00
11.834040 5.00
11.844915 5.00
11.880290 5.00
11.891040 5.00
11.921695 5.00
11.934290 5.00
11.963041 5.00
11.973934 5.00
12.009291 5.00
12.025291 5.00
12.050558 5.00
12.061434 5.00
12.091917 5.00
12.102683 5.00
12.133042 5.00
12.143917 5.00
12.179292 5.00
12.191793 5.00
12.220935 5.00
12.231684 5.00
12.261918 5.00
12.272687 5.00
12.303043 5.00
12.313918 5.00
12.349293 5.00
12.361670 5.00
12.390696 5.00
12.406936 5.00
12.431919 5.00
12.442684 5.00
12.473044 5.00
12.483919 5.00
12.519294 5.00
12.531671 5.00
12.560698 5.00
12.576697 5.00
12.601920 5.00
12.612687 5.00
12.642921 5.00
12.653689 5.00
12.683921 5.00
12.694686 5.00
12.724921 5.00
12.735689 5.00
12.765921 5.00
12.776688 4.68
12.806922 5.00
12.817689 5.00
12.847922 5.00
12.858688 5.00
12.889047 5.00
12.899922 5.00
12.935297 5.00
12.951173 5.00
12.976699 5.00
12.992570 5.00
13.017923 5.00
13.028692 5.00
13.058923 5.00
13.069691 5.00
13.100048 5.00
13.110924 5.00
13.146299 5.00
13.162174 5.00
13.187701 5.00
13.203579 5.00
13.229050 5.00
13.239925 5.00
13.275300 5.00
13.291299 5.00
13.316704 5.00
13.332579 5.00
13.358051 5.00
13.368926 5.00
13.404301 5.00
13.420176 5.00
13.445703 5.00
13.461703 5.00
13.486926 5.00
13.497694 5.00
13.527927 5.00
13.538695 5.00
13.568927 5.00
13.579693 5.00
13.610052 5.00
13.620928 5.00
13.656303 5.00
13.672178 5.00
13.697707 5.00
13.713707 5.00
13.739053 5.00
13.749929 5.00
13.785304 5.00
13.801178 5.00
13.826706 5.00
13.842707 5.00
13.867930 5.00
13.878695 5.00
13.908930 5.00
13.919697 5.00
13.951680 5.00
13.962583 5.00
13.992948 5.00
14.003695 5.00
14.039305 5.00
14.055180 5.00
14.085947 5.00
14.096698 5.00
14.132306 5.00
14.148181 5.00
14.173710 5.00
14.189586 5.00
14.216683 5.00
14.227587 5.00
14.258057 5.00
14.268949 5.00
14.304307 5.00
14.320307 5.00
14.345711 5.00
14.361587 5.00
14.388684 5.00
14.399587 5.00
14.429950 5.00
14.440699 5.00
14.476308 5.00
14.492308 5.00
14.517712 5.00
14.533588 5.00
14.560685 5.00
14.571436 5.00
14.603686 5.00
14.614589 5.00
14.644935 5.00
14.655700 5.00
14.687686 5.00
14.698587 5.00
14.728953 5.00
14.739700 5.00
14.770186 5.00
14.782687 5.00
14.811437 5.00
14.822311 5.00
14.852827 5.00
14.863578 5.00
14.893953 5.00
14.904702 5.00
14.940312 5.00
14.951312 5.00
14.981829 5.00
14.992579 5.00
15.024719 5.00
15.035467 5.00
15.071187 5.00
15.087063 5.00
15.112467 5.00
15.123313 5.00
15.153955 5.00
15.164830 5.00
15.196594 5.00
15.207457 5.00
15.243314 5.00
15.259314 5.00
15.284716 5.00
15.300594 5.00
15.331189 5.00
15.343566 4.68
15.372315 4.68
15.388190 4.68
15.413720 5.00
15.429718 5.00
15.460315 4.68
15.476316 5.00
15.501720 5.00
15.517596 5.00
15.548316 5.00
15.564191 5.00
15.589718 5.00
15.605597 5.00
15.636191 5.00
15.652192 5.00
15.677444 5.00
15.688317 5.00
15.718720 5.00
15.729444 5.00
15.765318 5.00
15.776068 5.00
15.806720 5.00
15.817444 5.00
15.853318 5.00
15.864193 5.00
15.894722 5.00
15.905597 5.00
15.941319 5.00
15.952069 5.00
15.982724 5.00
15.993596 5.00
16.029319 5.00
16.040070 5.00
16.070726 5.00
16.081446 5.00
16.117195 5.00
16.133320 5.00
16.158447 5.00
16.169321 5.00
16.199724 5.00
16.210448 5.00
16.246321 5.00
16.257071 5.00
16.287723 5.00
16.298448 5.00
16.334321 5.00
16.345197 5.00
16.375726 5.00
16.386601 5.00
16.422322 5.00
16.433072 5.00
16.463725 5.00
16.474601 5.00
16.510198 5.00
16.526323 5.00
16.551450 5.00
16.562323 5.00
16.592604 5.00
16.608726 5.00
16.633949 5.00
16.644717 5.00
16.680324 5.00
16.691074 5.00
16.721604 5.00
16.737729 5.00
16.762950 5.00
16.773715 5.00
16.809325 5.00
16.820075 5.00
16.850840 5.00
16.861604 5.00
16.897326 5.00
16.908075 5.00
16.938731 5.00
16.949452 5.00
16.985202 5.00
17.001202 5.00
17.026452 5.00
17.037202 5.00
17.067842 4.68
17.078594 5.00
17.114327 5.00
17.125077 5.00
17.155718 5.00
17.166607 4.68
17.196845 5.00
17.207596 5.00
17.243328 5.00
17.254203 5.00
17.284721 4.68
17.295605 5.00
17.331204 5.00
17.347329 5.00
17.375609 5.00
17.391723 5.00
17.416847 5.00
17.427596 5.00
17.463330 5.00
17.474079 5.00
17.504722 5.00
17.515456 5.00
17.551331 5.00
17.562081 5.00
17.592720 5.00
17.603456 5.00
17.639331 5.00
17.650081 5.00
17.685972 5.00
17.696723 5.00
17.727207 5.00
17.743082 5.00
17.768458 5.00
17.781082 4.68
17.809724 5.00
17.820458 5.00
17.856340 5.00
17.867083 5.00
17.897726 5.00
17.908612 5.00
17.940599 5.00
17.951458 5.00
17.983612 5.00
17.994459 5.00
18.026489 5.00
18.037341 5.00
18.067738 5.00
18.078611 5.00
18.114209 5.00
18.130209 5.00
18.155460 5.00
18.167960 5.00
18.196727 5.00
18.207489 5.00
18.237960 5.00
18.248726 5.00
18.279085 5.00
18.295211 5.00
18.320211 5.00
18.330961 5.00
18.361344 5.00
18.372086 5.00
18.402740 5.00
18.413490 5.00
18.444087 5.00
18.460087 5.00
18.485212 5.00
18.495962 5.00
18.526491 5.00
18.542614 5.00
18.573213 5.00
18.584088 5.00
18.614617 5.00
18.625492 5.00
18.661213 5.00
18.672088 5.00
18.702493 5.00
18.718617 5.00
18.749089 5.00
18.765089 5.00
18.790214 5.00
18.800964 5.00
18.831618 5.00
18.842494 5.00
18.878215 5.00
18.889090 5.00
18.919495 5.00
18.935619 5.00
18.966215 5.00
18.976966 5.00
19.007618 5.00
19.018344 5.00
19.054216 5.00
19.065091 5.00
19.095618 5.00
19.106345 5.00
19.142217 5.00
19.153092 5.00
19.183620 5.00
19.194496 5.00
19.230217 5.00
19.241092 5.00
19.271619 5.00
19.282494 5.00
19.318218 5.00
19.328968 5.00
19.359622 5.00
19.370496 5.00
19.406093 5.00
19.422219 5.00
19.447219 5.00
19.458094 5.00
19.488621 5.00
19.499497 5.00
19.535219 5.00
19.546095 5.00
19.576625 5.00
19.587499 5.00
19.623095 5.00
19.639095 5.00
19.664221 5.00
19.674970 5.00
19.705623 5.00
19.716349 5.00
19.752221 5.00
19.763096 5.00
19.793626 5.00
19.804501 5.00
19.840097 5.00
19.856221 5.00
19.881222 5.00
19.892097 5.00
19.922624 5.00
19.933501 5.00
19.969222 5.00
19.980098 5.00
20.010500 5.00
20.026502 5.00
20.057223 5.00
20.068098 5.00
20.098503 5.00
20.114629 5.00
20.139865 5.00
20.150626 5.00
20.181099 5.00
20.197099 5.00
20.222224 5.00
20.233099 5.00
20.263628 5.00
20.274504 5.00
20.310225 5.00
20.321100 5.00
20.351502 5.00
20.367504 5.00
20.398225 5.00
20.409101 5.00
20.439504 5.00
20.455628 5.00
20.486226 5.00
20.497102 5.00
20.527631 5.00
20.538353 5.00
20.574227 5.00
20.585102 5.00
20.615630 5.00
20.626507 5.00
20.662227 5.00
20.673103 5.00
20.703508 5.00
20.719630 5.00
20.750103 5.00
20.766228 5.00
20.791228 5.00
20.801979 5.00
20.832359 5.00
20.843229 5.00
20.875356 5.00
20.886229 5.00
20.922104 5.00
20.938105 5.00
20.963229 5.00
20.974105 5.00
21.004509 5.00
21.020635 5.00
21.045871 5.00
21.056620 5.00
21.087106 5.00
21.103231 5.00
21.128231 5.00
21.138981 5.00
21.169508 5.00
21.185636 5.00
21.216107 5.00
21.232107 5.00
21.257232 5.00
21.267982 5.00
21.298509 5.00
21.314512 5.00
21.339625 5.00
21.350359 5.00
21.380876 5.00
21.391625 5.00
21.422108 5.00
21.432983 5.00
21.463233 5.00
21.474108 5.00
21.504514 5.00
21.515233 5.00
21.551109 5.00
21.561859 5.00
21.592234 5.00
21.602984 5.00
21.633638 5.00
21.644361 5.00
21.674985 5.00
21.691110 5.00
21.716110 5.00
21.726985 5.00
21.757235 5.00
21.768110 5.00
21.798637 5.00
21.809514 5.00
21.839986 5.00
21.856112 5.00
21.881111 5.00
21.891861 5.00
21.922237 5.00
21.933112 5.00
21.963515 5.00
21.974363 5.00
22.010112 5.00
22.020988 5.00
22.051238 5.00
22.061987 5.00
22.092518 5.00
22.103238 5.00
22.139113 5.00
22.149988 5.00
22.180238 5.00
22.190989 5.00
22.221642 5.00
22.232365 5.00
22.262989 5.00
22.279115 5.00
22.304114 5.00
22.314989 5.00
22.345239 5.00
22.355989 5.00
22.386645 5.00
22.397519 5.00
22.427990 5.00
22.443990 5.00
22.468990 5.00
22.485116 5.00
22.510116 5.00
22.520865 5.00
22.551241 5.00
22.561991 5.00
22.592758 5.00
22.603519 5.00
22.633867 5.00
22.644634 5.00
22.674992 5.00
22.690992 5.00
22.715992 5.00
22.732117 5.00
22.756992 5.00
22.773118 5.00
22.798118 5.00
22.808993 5.00
22.839243 5.00
22.850118 5.00
22.880523 5.00
22.891243 5.00
22.927119 4.68
22.937994 5.00
22.968244 5.00
22.978994 5.00
23.009646 5.00
23.020370 5.00
23.050886 5.00
23.061636 5.00
23.092120 5.00
23.102995 5.00
23.133245 5.00
23.143995 5.00
23.174524 5.00
23.185372 5.00
23.215996 5.00
23.232121 5.00
23.257121 5.00
23.267871 5.00
23.298246 5.00
23.308997 5.00
23.339526 4.68
23.350373 5.00
23.386122 4.68
23.396872 5.00
23.427247 5.00
23.439888 5.00
23.468524 5.00
23.479374 5.00
23.515123 5.00
23.525873 4.68
23.556248 5.00
23.566998 4.68
23.599378 5.00
23.610248 5.00
23.646124 5.00
23.656999 5.00
23.687249 5.00
23.699642 5.00
23.730254 5.00
23.741124 5.00
23.771529 5.00
23.782376 4.68
23.813000 5.00
23.829125 5.00
23.854000 5.00
23.870126 5.00
23.895251 5.00
23.907654 5.00
23.942001 5.00
23.958001 5.00
23.983002 5.00
23.999126 5.00
24.024001 5.00
24.040127 5.00
24.065127 5.00
24.076002 5.00
24.106379 5.00
24.122529 5.00
24.153127 5.00
24.164003 5.00
24.194252 5.00
24.206645 5.00
24.235532 5.00
24.246379 5.00
24.277003 5.00
24.287894 5.00
24.318003 5.00
24.328894 5.00
24.359128 5.00
24.369879 5.00
24.400254 5.00
24.416254 5.00
24.441531 5.00
24.452381 5.00
24.482898 5.00
24.498897 5.00
24.524005 5.00
24.534880 5.00
24.565131 5.00
24.575881 5.00
24.606256 4.68
24.622256 5.00
24.647535 5.00
24.658382 5.00
24.688897 5.00
24.704896 5.00
24.730007 5.00
24.740882 5.00
24.771007 5.00
24.781882 5.00
24.812007 5.00
24.822882 5.00
24.853008 5.00
24.863882 5.00
24.894007 5.00
24.904883 5.00
24.935008 5.00
24.945898 5.00
24.976008 5.00
24.986883 5.00
25.017009 5.00
25.027884 5.00
25.058009 5.00
25.068884 5.00
25.099010 5.00
25.109884 5.00
25.140009 5.00
25.150884 5.00
25.181010 5.00
25.191885 5.00
25.222010 5.00
25.232885 5.00
25.263010 5.00
25.273886 5.00
25.304011 5.00
25.314886 5.00
25.345011 5.00
25.355886 5.00
25.386011 5.00
25.396886 5.00
25.427011 5.00
25.437887 5.00
25.468012 5.00
25.478887 5.00
25.509012 5.00
25.519887 5.00
25.550013 5.00
25.560888 5.00
25.591013 5.00
25.601888 5.00
25.632138 5.00
25.642888 5.00
25.673389 5.00
25.684263 5.00
25.719906 5.00
25.735904 5.00
25.761014 5.00
25.771889 5.00
25.802014 5.00
25.812890 5.00
25.843014 5.00
25.853890 5.00
25.884014 5.00
25.894890 5.00
25.925015 5.00
25.935890 5.00
25.966015 5.00
25.976890 5.00
26.007016 5.00
26.017891 5.00
26.048016 5.00
26.058891 5.00
26.089141 5.00
26.099891 5.00
26.130392 5.00
26.141267 5.00
26.176907 5.35
26.192909 5.00
26.218017 5.00
26.228892 5.00
26.259018 5.00
26.269785 4.68
26.300018 5.00
26.310893 5.00
26.341018 5.00
26.351893 5.00
26.382018 5.00
26.392893 5.00
26.423019 5.35
26.433894 5.00
26.464019 5.00
26.474894 5.00
26.505019 5.00
26.515895 5.00
26.546019 5.00
26.556895 5.00
26.587020 5.00
26.597894 5.00
26.628020 5.00
26.638895 4.68
26.669020 5.00
26.679895 5.00
26.710021 5.00
26.720896 5.00
26.751021 5.00
26.761896 5.00
26.792021 5.00
26.802897 5.00
26.833147 5.00
26.845522 5.00
26.874398 5.00
26.885272 5.00
26.915913 5.35
26.931896 5.00
26.957272 5.00
26.973416 5.00
27.003916 5.00
27.014791 5.00
27.045023 5.00
27.055898 5.00
27.086148 5.00
27.098523 5.00
27.127415 5.00
27.138273 5.00
27.168917 5.35
27.179792 5.00
27.210149 5.00
27.226024 5.00
27.251275 5.00
27.262150 5.00
27.297916 5.00
27.308668 5.00
27.339025 5.00
27.349900 5.00
27.380150 5.00
27.396025 5.35
27.421402 5.35
27.432276 5.00
27.462918 5.00
27.473668 5.00
27.504151 5.00
27.520151 5.00
27.545277 5.00
27.556152 4.68
27.591919 5.00
27.602669 5.00
27.633027 4.68
27.643902 5.35
27.674152 5.00
27.690152 5.00
27.715404 5.00
27.726278 5.00
27.756920 5.00
27.767670 4.68
27.798153 5.00
27.814154 5.00
27.839278 5.00
27.850029 5.00
27.885921 5.00
27.896672 5.00
27.927029 5.00
27.937905 5.00
27.968154 5.00
27.984155 5.00
28.009407 5.00
28.020280 5.00
28.050921 5.00
28.061674 5.00
28.092155 5.00
28.108155 5.00
28.133281 5.00
28.144156 5.00
28.179924 5.00
28.190673 5.00
28.221032 5.00
28.231907 5.00
28.262157 5.00
28.278157 5.00
28.303408 5.00
28.314282 5.00
28.344684 5.00
28.360674 5.00
28.386032 5.35
28.396908 5.35
28.427157 5.00
28.443033 5.00
28.468410 5.00
28.479283 5.00
28.509688 5.00
28.525801 5.00
28.551034 5.00
28.561909 5.00
28.592159 5.00
28.608159 5.00
28.633411 5.00
28.644284 5.35
28.674688 5.00
28.690801 5.00
28.716035 5.00
28.726925 5.00
28.757160 5.00
28.773160 5.00
28.798285 5.00
28.809161 5.00
28.844931 5.00
28.855679 5.00
28.886036 5.35
28.896911 5.00
28.927161 5.00
28.943286 5.00
28.970171 5.00
28.980912 5.00
29.011691 5.00
29.027805 5.00
29.052913 5.00
29.063679 5.00
29.094038 5.00
29.104913 5.00
29.135163 5.35
29.151163 5.00
29.176288 5.00
29.187163 5.00
29.217693 5.00
29.233807 5.00
29.259039 5.00
29.269914 5.00
29.300164 5.00
29.316164 5.00
29.343174 5.00
29.353914 5.00
29.386049 5.35
29.396931 5.00
29.427165 5.00
29.443165 5.00
29.473050 5.00
29.483931 5.00
29.514166 5.00
29.530166 5.00
29.557050 5.00
29.567931 5.00
29.598166 5.00
29.614167 5.00
29.641051 5.35
29.651932 5.00
29.682167 5.00
29.698167 5.00
29.725051 5.00
29.735935 5.00
29.766168 5.00
29.782167 5.00
29.809052 5.00
29.819933 5.00
29.850168 5.00
29.861043 5.00
29.896572 5.35
29.909052 5.00
29.937919 5.00
29.948686 5.00
29.979044 5.00
29.994919 5.00
30.020169 5.00
30.030919 5.00
30.066562 5.00
30.077295 5.00
30.107936 5.00
30.118686 5.00
30.149170 5.35
30.159920 5.00
30.195575 5.00
30.206295 5.00
30.236938 5.00
30.247687 5.00
30.278171 5.00
30.288921 5.00
30.324575 5.00
30.340575 5.00
30.365937 5.00
30.376688 5.35
30.407172 5.00
30.418047 5.00
30.453574 5.00
30.464297 5.00
30.494937 5.00
30.505691 5.00
30.536173 5.00
30.547048 5.00
30.582577 5.00
30.598564 5.00
30.624049 5.00
30.640049 5.00
30.665174 5.00
30.676049 5.00
30.711576 5.00
30.722299 5.00
30.752941 5.00
30.763689 5.00
30.794174 5.00
30.805050 5.00
30.835300 5.00
30.846050 5.00
30.876704 5.35
30.892819 5.00
30.918051 5.00
30.933943 5.00
30.959176 5.00
30.970051 5.00
31.005580 5.00
31.021569 5.00
31.046694 5.00
31.062694 5.00
31.088052 5.00
31.104052 5.00
31.129177 5.35
31.139927 5.00
31.170302 5.00
31.181177 5.00
31.211706 5.00
31.227580 5.00
31.253053 5.00
31.269053 5.00
31.294178 5.00
31.305053 5.00
31.340583 5.00
31.356571 5.00
31.381945 5.35
31.392697 5.00
31.423180 5.00
31.434055 5.00
31.469581 5.00
31.480305 5.00
31.510948 5.00
31.521697 5.00
31.552180 4.68
31.562930 5.00
31.598573 5.00
31.614585 5.35
31.639946 5.35
31.652432 5.00
31.686306 5.00
31.697056 5.00
31.727572 5.00
31.740058 5.00
31.768947 5.00
31.779698 5.00
31.810182 5.00
31.821057 5.00
31.856586 5.00
31.872573 5.35
31.897952 5.00
31.910434 5.00
31.939183 5.00
31.950058 5.00
31.985588 5.00
32.001573 5.00
32.026949 5.00
32.039462 5.00
32.068184 5.00
32.079059 5.00
32.111090 5.00
32.121949 5.35
32.157588 5.00
32.173578 5.00
32.198953 5.00
32.211310 5.00
32.240185 5.00
32.250935 5.00
32.286579 5.00
32.302577 5.00
32.327951 5.00
32.340310 5.00
32.369185 5.35
32.380061 5.00
32.415453 5.00
32.427954 5.00
32.456954 5.00
32.472954 5.00
32.498187 5.00
32.509062 5.00
32.544580 5.00
32.560442 5.00
32.585954 5.00
32.601954 5.00
32.627063 5.35
32.642938 5.00
32.668188 5.00
32.679063 5.00
32.714581 5.00
32.730580 5.00
32.755954 5.00
32.771939 5.00
32.797064 5.00
32.812939 5.00
32.838189 5.00
32.849065 5.00
32.879190 5.35
32.890065 5.00
32.925592 5.00
32.941594 5.00
32.966955 5.00
32.982956 5.00
33.008066 5.00
33.023940 5.00
33.049191 5.00
33.060066 5.00
33.095596 5.00
33.111472 5.35
33.136959 5.00
33.152959 5.00
33.178192 5.00
33.188942 5.00
33.224584 5.00
33.240583 5.00
33.265960 5.00
33.281943 5.00
33.306943 5.00
33.322943 5.00
33.348068 5.00
33.363943 5.00
33.389193 5.00
33.399943 5.00
33.435447 5.00
33.451587 5.00
33.476721 5.00
33.487444 5.00
33.518069 5.00
33.533944 4.68
33.559195 5.00
33.569944 5.00
33.605445 5.00
33.621446 5.00
33.646962 5.00
33.662962 5.00
33.688195 5.00
33.698945 5.00
33.734587 5.00
33.750450 5.00
33.775963 5.00
33.791946 5.00
33.816946 5.00
33.833071 5.00
33.858072 5.35
33.873947 5.00
33.899196 5.00
33.909947 5.00
33.945587 5.00
33.961448 5.00
33.986726 5.00
33.997449 5.00
34.027948 5.00
34.043948 5.00
34.068948 5.00
34.084949 5.35
34.109948 5.35
34.125840 5.00
34.151074 5.00
34.167074 5.00
34.193977 5.00
34.204717 5.00
34.235199 5.00
34.246074 5.00
34.281602 5.00
34.297450 5.00
34.322842 5.00
34.333591 5.35
34.364075 5.00
34.380075 5.00
34.406952 5.00
34.417715 5.00
34.447951 5.00
34.463842 5.00
34.489076 5.00
34.504951 5.00
34.531953 5.00
34.542842 5.00
34.573077 5.00
34.588952 5.35
34.615983 5.00
34.626732 5.00
34.658954 5.00
34.669719 5.00
34.699953 5.00
34.715844 5.00
34.741078 5.00
34.751846 5.00
34.783955 5.00
34.794718 5.00
34.825078 5.00
34.835954 5.35
34.867986 5.35
34.878723 5.00
34.910973 5.00
34.921719 5.00
34.953986 5.00
34.964723 5.00
35.000330 5.00
35.011205 5.00
35.041735 5.00
35.052607 5.00
35.083080 5.35
35.093847 5.35
35.125862 5.00
35.136596 5.00
35.167081 5.00
35.177846 5.00
35.209863 5.00
35.220610 5.00
35.251082 5.00
35.261846 5.00
35.297341 5.00
35.321737 5.00
35.332457 5.35
35.363082 5.00
35.373850 5.00
35.409340 5.00
35.433735 5.00
35.444458 5.00
35.475083 5.00
35.485849 5.00
35.521341 5.00
35.545736 5.00
35.556459 5.00
35.587084 5.35
35.597849 5.00
35.633342 5.00
35.657738 5.00
35.668615 5.00
35.699085 5.00
35.709850 5.00
35.745343 5.00
35.769737 5.00
35.780461 5.00
35.811085 5.00
35.821850 5.35
35.857344 5.35
35.881740 5.00
35.892613 5.00
35.923086 5.00
35.933961 5.00
35.969347 5.00
35.993741 5.00
36.004491 5.00
36.035088 5.00
36.045853 5.00
36.081340 5.00
36.105852 5.00
36.135342 5.00
36.146086 5.00
36.176342 5.00
36.187087 5.00
36.217341 5.00
36.228087 5.00
36.258340 5.00
36.269088 5.00
36.299341 4.68
36.310088 5.00
36.340341 5.00
36.351087 5.00
36.381341 5.00
36.392088 5.00
36.422341 5.00
36.433089 5.00
36.463341 4.68
36.474089 5.00
36.504342 5.00
36.515089 5.00
36.545342 5.00
36.556089 5.00
36.586344 5.00
36.597090 5.00
36.627344 5.00
36.638090 5.00
36.668344 5.00
36.679090 5.00
36.709344 5.00
36.720090 5.00
36.750344 5.00
36.761091 5.00
36.791345 5.00
36.802091 5.00
36.832346 5.35
36.843091 5.00
36.873349 5.00
36.884092 5.00
36.914349 5.00
36.925092 5.00
36.955348 5.00
36.966092 5.00
36.996347 5.00
37.007093 5.00
37.037347 5.00
37.048093 5.00
37.078347 5.00
37.089093 5.00
37.119347 5.00
37.130094 5.00
37.160347 5.00
37.171094 5.00
37.201347 5.00
37.212094 5.00
37.242347 5.00
37.253094 5.00
37.283347 5.00
37.294095 5.00
37.324347 5.00
37.335095 5.00
37.365347 5.00
37.376095 5.00
37.406347 5.00
37.417096 5.00
37.447347 5.00
37.458096 5.00
37.488347 5.00
37.499096 5.00
37.529347 5.00
37.540096 5.00
37.570347 5.35
37.581097 5.35
37.611349 5.00
37.622097 5.00
37.652347 5.00
37.663097 5.00
37.693349 5.00
37.704097 5.00
37.734349 5.00
37.745098 5.00
37.775349 5.00
37.787850 5.00
37.816349 5.35
37.827098 5.00
37.857349 5.00
37.869725 5.00
37.898350 5.00
37.910725 5.00
37.939350 5.00
37.950099 5.00
37.980351 5.00
37.992726 5.00
38.021351 5.00
38.033726 5.00
38.062352 5.35
38.073100 5.00
38.103351 5.00
38.115726 5.00
38.144351 5.00
38.156727 5.00
38.185352 5.00
38.197727 5.00
38.226352 5.00
38.238728 5.00
38.267477 5.00
38.283353 5.00
38.308478 5.00
38.324353 5.00
38.349477 5.00
38.360228 5.00
38.390478 5.00
38.401227 5.00
38.431478 5.00
38.442228 5.00
38.472479 5.00
38.483228 4.68
38.513479 5.00
38.524229 5.00
38.554509 5.35
38.565357 5.00
38.595980 5.00
38.606872 5.00
38.637105 5.00
38.647856 5.00
38.683358 5.00
38.699361 5.00
38.724871 5.00
38.740874 5.00
38.765857 5.00
38.776623 4.68
38.806982 5.35
38.817872 5.00
38.853232 5.00
38.869232 5.00
38.894750 5.00
38.910751 5.00
38.935875 5.00
38.946625 5.00
38.976983 5.00
38.987876 5.00
39.018108 5.00
39.028983 5.00
39.064359 5.00
39.080359 5.00
39.105876 5.00
39.121876 5.00
39.146984 5.00
39.157875 5.00
39.193234 5.00
39.203985 5.00
39.234514 5.00
39.245395 5.00
39.275985 4.68
39.286875 5.00
39.316985 5.00
39.327860 5.00
39.358111 5.00
39.368986 5.00
39.404362 5.00
39.420366 5.00
39.445638 5.00
39.456363 5.00
39.486878 5.00
39.497626 5.00
39.529738 5.00
39.540641 5.35
39.570877 5.00
39.581629 5.00
39.611987 5.00
39.622880 5.00
39.652988 5.00
39.663863 5.00
39.695740 5.00
39.706640 5.00
39.736989 5.00
39.747880 5.00
39.779740 5.00
39.790641 5.00
39.820989 5.00
39.831880 5.00
39.863741 5.00
39.874757 5.00
39.904990 5.00
39.915882 5.00
39.951240 5.00
39.967240 5.00
39.992759 5.00
40.008633 5.00
40.033991 5.00
40.044883 5.00
40.076743 5.00
40.087643 5.00
40.117991 5.00
40.128883 5.00
40.160743 5.00
40.171646 5.00
40.201883 5.00
40.212634 5.00
40.244743 5.00
40.255521 5.00
40.285885 5.35
40.296633 5.00
40.328744 5.00
40.339647 5.00
40.369887 5.00
40.380634 5.00
40.412745 5.00
40.423647 5.00
40.453994 5.00
40.464885 5.00
40.496746 5.00
40.507523 5.00
40.537886 5.35
40.548636 5.00
40.580746 5.00
40.591649 5.00
40.621995 5.00
40.632885 5.00
40.664746 5.00
40.675524 5.00
40.705887 5.00
40.716636 5.00
40.752120 5.00
40.762871 5.00
40.793245 5.00
40.805622 5.00
40.834650 5.00
40.850651 5.00
40.875997 5.00
40.886887 5.00
40.922122 5.00
40.932888 5.00
40.963401 5.00
40.974247 5.00
41.004890 5.00
41.015765 5.35
41.045998 5.00
41.056891 5.00
41.092123 5.00
41.102998 5.00
41.133653 5.00
41.149654 5.00
41.174892 5.00
41.185642 5.00
41.221124 5.00
41.231999 5.00
41.262249 5.00
41.278124 5.35
41.303529 5.00
41.314376 5.00
41.345000 5.00
41.355891 5.00
41.391125 5.00
41.402001 5.00
41.432250 5.00
41.448251 5.00
41.473653 5.00
41.489653 5.00
41.515002 5.35
41.525891 5.35
41.561127 5.00
41.572002 5.00
41.602252 5.00
41.618127 5.00
41.643656 5.00
41.659892 5.00
41.685002 5.00
41.695894 5.00
41.731128 5.00
41.741878 5.00
41.772253 5.35
41.788253 5.00
41.813530 5.00
41.824253 5.00
41.854896 5.00
41.865646 5.00
41.901254 5.00
41.917129 5.00
41.942658 5.00
41.958896 5.00
41.984005 5.00
41.994880 5.35
42.030255 5.35
42.046130 5.00
42.071534 5.00
42.082255 5.00
42.112897 5.00
42.123647 5.00
42.159131 5.00
42.169881 5.00
42.200382 5.00
42.211256 5.00
42.241899 5.00
42.252649 5.35
42.288383 5.35
42.299256 5.00
42.329897 5.00
42.340647 5.00
42.376132 5.00
42.386882 5.00
42.417257 5.00
42.433257 5.00
42.458538 5.00
42.469258 5.00
42.499899 5.00
42.510650 5.00
42.541258 5.00
42.557258 5.00
42.582526 5.00
42.593258 5.00
42.623901 5.00
42.634650 5.00
42.670134 5.00
42.680884 5.00
42.711259 5.00
42.727135 5.00
42.752510 5.35
42.763260 5.00
42.793901 5.00
42.804653 5.00
42.840135 5.00
42.850886 5.00
42.881260 5.00
42.897136 5.00
42.922511 5.00
42.933261 5.00
42.963901 5.00
42.974652 5.00
43.006638 5.35
43.017388 5.35
43.047904 5.00
43.058655 5.00
43.088888 5.00
43.099655 5.00
43.131639 5.00
43.142513 5.00
43.174640 5.00
43.185389 5.00
43.217640 5.00
43.228513 5.00
43.260640 5.00
43.271390 5.00
43.303640 5.00
43.314514 5.00
43.350264 5.00
43.366391 5.00
43.391669 5.00
43.407670 5.00
43.434642 5.00
43.445515 5.00
43.477642 5.00
43.488392 5.35
43.520642 5.00
43.531515 5.00
43.563517 5.00
43.574392 5.00
43.604908 5.00
43.615659 5.00
43.651141 5.00
43.663518 5.00
43.695393 5.00
43.706267 5.00
43.736909 5.00
43.747661 5.00
43.778017 5.00
43.788893 5.00
43.824142 5.00
43.836519 5.00
43.865395 5.00
43.876268 5.00
43.906911 5.00
43.917660 5.00
43.953143 5.00
43.965520 5.00
43.994395 5.35
44.005269 5.00
44.035912 5.00
44.046662 5.00
44.082019 5.00
44.092895 5.00
44.123020 5.00
44.133895 5.00
44.164020 5.00
44.174895 5.00
44.205020 5.00
44.215895 5.00
44.246021 5.00
44.256896 5.00
44.287021 5.00
44.297896 5.00
44.328021 5.00
44.338897 5.00
44.369147 5.00
44.385147 5.00
44.410272 5.00
44.421147 5.00
44.451677 5.00
44.462399 5.00
44.498147 5.35
44.514023 5.00
44.542523 5.00
44.558523 5.00
44.583678 5.00
44.594400 5.00
44.630273 5.00
44.641024 5.00
44.671678 5.00
44.682524 5.00
44.718274 5.00
44.729024 5.35
44.759676 5.00
44.770401 5.00
44.806275 5.00
44.817150 5.00
44.847680 5.00
44.858525 5.00
44.894150 5.00
44.910150 5.00
44.935275 5.00
44.946150 5.00
44.976678 5.00
44.987402 5.35
45.023276 5.35
45.034151 5.00
45.064682 5.00
45.075402 5.00
45.111277 5.00
45.122152 5.00
45.152554 5.00
45.168403 5.00
45.199152 5.00
45.215028 5.00
45.240404 5.35
45.251278 5.00
45.281683 5.00
45.292543 5.00
45.328153 5.00
45.344029 5.00
45.369405 5.00
45.380279 5.00
45.410683 5.00
45.421557 5.00
45.457154 5.00
45.473279 5.00
45.501405 5.35
45.512280 5.00
45.542920 5.00
45.553670 5.00
45.584155 5.00
45.600155 5.00
45.625406 5.00
45.636280 5.00
45.666687 5.00
45.677406 5.00
45.713156 5.00
45.729031 5.35
45.754407 5.00
45.765281 5.00
45.795925 5.00
45.806672 5.00
45.837156 5.00
45.853157 5.00
45.878282 5.00
45.889032 5.00
45.919687 5.00
45.930408 5.00
45.966158 5.00
45.982033 5.35
46.007409 5.00
46.018283 5.00
46.048688 5.00
46.059410 5.00
46.095159 5.00
46.111159 5.00
46.136410 5.00
46.149034 5.00
46.179535 5.00
46.190410 5.00
46.222536 5.35
46.233411 5.00
46.263803 5.00
46.274803 5.00
46.305160 5.00
46.321161 5.00
46.346441 5.00
46.359036 5.00
46.393161 5.00
46.409036 5.00
46.434431 5.00
46.450554 5.00
46.475805 5.00
46.486552 5.00
46.522287 5.00
46.533036 5.00
46.563690 5.00
46.574552 5.00
46.610288 5.00
46.621038 5.00
46.651692 5.00
46.662415 5.00
46.698288 5.00
46.709038 5.35
46.739693 5.00
46.750566 5.00
46.786164 5.00
46.802289 5.00
46.827416 5.00
46.839929 5.00
46.868804 5.00
46.879556 5.00
46.910040 5.00
46.926164 5.00
46.951290 5.00
46.962164 5.00
46.992808 5.00
47.003806 5.00
47.034165 5.00
47.044916 5.00
47.075570 5.00
47.086291 5.00
47.122167 4.68
47.132916 5.00
47.163435 5.00
47.179558 5.00
47.204809 5.35
47.215560 5.00
47.246042 5.00
47.262167 5.00
47.287167 5.00
47.297917 5.00
47.328419 5.00
47.344570 5.00
47.369572 5.00
47.380293 5.00
47.416168 5.00
47.427043 4.68
47.457420 5.00
47.473570 5.00
47.504169 5.00
47.515044 5.00
47.545421 5.00
47.561574 5.00
47.586697 5.00
47.597421 5.00
47.627920 5.00
47.638688 5.00
47.668920 5.00
47.679687 5.00
47.710046 5.00
47.726171 5.00
47.751171 5.00
47.761921 5.00
47.792422 5.00
47.808575 5.00
47.839171 5.00
47.850046 5.00
47.880296 5.00
47.891047 5.00
47.921699 5.00
47.932424 5.35
47.963048 5.00
47.979172 5.00
48.004173 5.00
48.015048 5.00
48.045424 5.00
48.061576 5.00
48.092173 5.00
48.103048 5.00
48.133425 5.00
48.149575 5.00
48.174702 5.00
48.185577 5.35
48.216049 5.00
48.232174 5.00
48.257174 5.00
48.267924 5.00
48.298426 5.00
48.314576 5.00
48.345175 5.00
48.355925 5.00
48.386426 5.00
48.402577 5.00
48.427704 5.00
48.438579 5.00
48.468926 5.00
48.479693 5.00
48.510051 5.00
48.526176 5.00
48.551176 5.00
48.561926 5.00
48.592428 5.00
48.608580 5.00
48.639177 5.00
48.649927 5.00
48.680429 5.35
48.696583 5.35
48.723432 5.00
48.734302 5.00
48.764707 5.00
48.775429 5.00
48.805928 5.00
48.816695 5.00
48.847053 5.00
48.863054 5.00
48.888178 5.00
48.898929 5.00
48.929461 5.00
48.945582 5.35
48.976180 5.00
48.987054 5.00
49.017431 5.00
49.033431 5.00
49.064180 5.00
49.075055 5.00
49.105305 5.00
49.116055 5.00
49.148436 5.00
49.159306 5.00
49.195181 5.35
49.205931 5.00
49.236433 5.00
49.252433 5.00
49.283182 5.00
49.294057 5.00
49.324433 5.00
49.340585 5.00
49.367323 5.00
49.378057 5.00
49.413950 5.00
49.426311 5.00
49.455182 5.00
49.465933 5.00
49.496434 5.00
49.512589 5.00
49.537587 5.00
49.548309 5.00
49.584184 5.00
49.594934 5.00
49.625435 5.00
49.641588 5.00
49.668313 4.68
49.679059 4.68
49.714951 4.34
49.730950 4.68
49.756185 4.68
49.767060 4.68
49.797436 4.68
49.808310 4.68
49.843953 4.68
49.859953 4.68
49.885186 4.68
49.896061 4.68
49.926311 4.68
49.938703 4.68
49.972955 4.68
49.988954 4.68
50.014187 4.34
50.024937 4.68
50.055312 4.68
50.071312 4.68
50.101954 4.68
50.117953 4.68
50.143188 4.68
50.153938 4.68
50.184454 4.68
50.195313 4.34
50.230953 4.34
50.246955 4.68
50.272313 4.68
50.288313 4.68
50.318954 4.34
50.334956 4.68
50.360189 4.68
50.371064 4.68
50.401441 4.34
50.412315 4.34
50.448190 4.68
50.459065 4.68
50.489442 4.34
50.500315 4.68
50.535958 4.34
50.551958 4.34
50.577191 4.68
50.588066 4.34
50.618442 4.34
50.629316 4.34
50.665192 4.34
50.676066 4.68
50.706443 4.68
50.717317 4.34
50.752960 4.68
50.768960 4.34
50.794193 4.68
50.805068 4.34
50.835444 4.34
50.846317 4.68
50.882193 4.68
50.892943 4.68
50.923474 4.68
50.934318 4.68
50.964961 4.68
50.980961 4.34
51.006194 4.34
51.016944 4.68
51.047445 4.68
51.058318 4.34
51.088444 4.34
51.099193 4.34
51.129444 4.68
51.140193 4.34
51.170446 4.34
51.181194 4.68
51.211445 4.68
51.222194 4.68
51.252446 4.68
51.263194 4.34
51.293446 4.68
51.304195 4.68
51.334446 4.68
51.345195 4.68
51.375446 4.68
51.386195 4.68
51.416447 4.68
51.427195 4.34
51.457447 4.34
51.468198 4.34
51.498448 4.34
51.509196 4.68
51.539448 4.68
51.550197 4.68
51.580448 4.68
51.591196 4.68
51.621449 4.68
51.632197 4.68
51.662448 4.34
51.673197 4.34
51.703449 4.68
51.714197 4.34
51.744449 4.68
51.755198 4.68
51.785450 4.68
51.796198 4.68
51.826449 4.34
51.837198 4.68
51.867450 4.68
51.878199 4.34
51.908450 4.68
51.919199 4.68
51.949451 4.68
51.960199 4.68
51.990451 4.68
52.001200 4.68
52.031451 4.34
52.042200 4.68
52.072452 4.68
52.083200 4.68
52.113452 4.68
52.124200 4.34
52.154452 4.68
52.165200 4.68
52.195452 4.68
52.206201 4.68
52.236453 4.68
52.247201 4.68
52.277453 4.68
52.288202 4.68
52.318454 4.68
52.329202 4.34
52.359454 4.34
52.370202 4.34
52.400453 4.68
52.411203 4.34
52.441453 4.68
52.452202 4.68
52.482453 4.68
52.493203 4.68
52.523454 4.34
52.534203 4.34
52.564454 4.68
52.575204 4.68
52.605454 4.68
52.616204 4.34
52.646454 4.68
52.657204 4.34
52.687455 4.68
52.698204 4.68
52.728455 4.68
52.739205 4.68
52.769455 4.34
52.780205 4.34
52.810456 4.68
52.821205 4.34
52.851456 4.68
52.862206 4.68
52.892469 4.68
52.903215 4.34
52.938714 4.34
52.949462 4.34
52.979711 4.34
52.990461 4.34
53.020711 4.34
53.031459 4.34
53.061709 4.34
53.072459 4.34
53.102709 4.34
53.113458 4.34
53.143708 4.34
53.154458 4.34
53.184709 4.34
53.195458 4.34
53.225709 4.34
53.236459 4.34
53.266719 4.34
53.277468 4.34
53.307716 4.34
53.318459 4.34
53.348714 4.34
53.359464 4.34
53.389713 4.34
53.400463 4.34
53.430712 4.34
53.441461 4.34
53.471712 4.34
53.482462 4.34
53.512711 4.34
53.523461 4.34
53.554368 4.34
