0.000000 0.000000
0.041994 4.34
0.058242 4.34
0.089077 4.34
0.100075 2.66
0.130701 2.66
0.141713 2.66
0.172348 2.66
0.188699 2.66
0.213982 2.66
0.230211 2.34
0.260847 2.34
0.273442 2.34
0.302332 2.66
0.313079 2.34
0.343817 2.66
0.354690 2.66
0.385088 2.34
0.395822 2.66
0.431688 2.66
0.442437 2.66
0.472964 2.66
0.488964 2.34
0.514330 2.66
0.525089 2.66
0.555439 2.66
0.566328 2.66
0.596564 2.66
0.612564 2.66
0.637689 2.66
0.648439 2.34
0.679090 2.66
0.689820 2.66
0.725565 2.66
0.741690 2.66
0.766832 2.66
0.777843 2.66
0.813701 2.66
0.824700 2.66
0.857020 2.66
0.868093 2.66
0.898578 2.34
0.914702 2.66
0.940273 2.66
0.951217 2.66
0.982022 4.02
1.003578 4.02
1.019700 4.34
1.045217 4.02
1.056231 4.34
1.086697 4.34
1.097697 4.34
1.129975 4.02
1.140826 4.02
1.176694 4.34
1.187695 4.34
1.217968 4.34
1.233967 4.34
1.264569 4.34
1.280570 4.34
1.305853 4.34
1.321971 4.34
1.347210 4.02
1.357972 4.34
1.393570 4.34
1.409695 4.34
1.435015 4.02
1.451243 4.34
1.476471 4.34
1.492843 4.34
1.517956 4.34
1.534098 4.34
1.559582 4.34
1.570581 4.34
1.601221 4.34
1.612222 4.34
1.642841 4.34
1.655355 4.34
1.689705 4.34
1.700704 4.34
1.736578 4.34
1.752702 4.34
1.778218 4.34
1.789109 4.34
1.819700 4.34
1.830699 4.34
1.861215 4.34
1.872216 4.34
1.907699 4.34
1.918574 4.34
1.949104 4.34
1.959978 4.34
1.995699 4.34
2.006450 4.34
2.037217 4.34
2.048218 4.34
2.078342 4.34
2.089092 4.34
2.119326 4.34
2.130075 4.34
2.160576 4.34
2.171451 4.34
2.201701 4.34
2.212451 4.34
2.242981 4.34
2.253701 4.34
2.289577 4.34
2.300452 4.34
2.330702 4.34
2.341452 4.34
2.371981 4.34
2.382702 4.34
2.418453 4.34
2.434578 4.34
2.459703 4.34
2.470453 4.34
2.500983 4.34
2.511857 4.34
2.547579 4.34
2.558329 4.34
2.588704 4.34
2.599454 4.34
2.629982 4.34
2.640830 4.34
2.671455 4.34
2.687579 4.34
2.712580 4.34
2.723455 4.34
2.753705 4.34
2.764455 4.34
2.794983 4.34
2.805831 4.34
2.836456 4.34
2.852581 4.34
2.877456 4.34
2.893456 4.34
2.918456 4.34
2.934581 4.34
2.959581 4.34
2.970332 4.34
3.000707 4.34
3.011457 4.34
3.042112 4.34
3.052987 4.34
3.083458 4.34
3.099583 4.34
3.124583 4.34
3.135332 4.34
3.165708 4.34
3.176458 4.34
3.206987 4.34
3.217834 4.34
3.248459 4.34
3.264584 4.34
3.289584 4.34
3.300459 4.34
3.330709 4.34
3.341459 4.34
3.371988 4.34
3.382835 4.34
3.413460 4.34
3.429585 4.34
3.454585 4.34
3.465460 4.34
3.495710 4.34
3.506460 4.34
3.537115 4.34
3.547988 4.34
3.578336 4.34
3.589103 4.34
3.619461 4.34
3.635586 4.34
3.660462 4.34
3.676587 4.34
3.701462 4.34
3.717587 4.34
3.742462 4.34
3.758587 4.34
3.783463 4.34
3.799588 4.34
3.824588 4.34
3.835463 4.34
3.865713 4.34
3.876463 4.34
3.906993 4.34
3.917839 4.34
3.948464 4.34
3.964589 4.34
3.989589 4.34
4.000464 4.34
4.030714 4.34
4.041464 4.34
4.071993 4.34
4.082841 4.34
4.113481 4.34
4.129590 4.34
4.154715 4.34
4.165590 4.34
4.195995 4.34
4.206715 4.34
4.242591 4.34
4.253341 4.34
4.283716 4.34
4.296356 4.34
4.326846 4.34
4.337716 4.34
4.373591 4.34
4.384342 4.34
4.414717 4.34
4.427358 4.34
4.455996 4.34
4.466717 4.34
4.502593 4.34
4.513468 4.34
4.543718 4.34
4.556235 4.34
4.586737 4.34
4.597469 4.34
4.633593 4.34
4.644469 4.34
4.674718 4.34
4.687112 4.34
4.717724 4.34
4.728469 4.34
4.758998 4.34
4.769845 4.34
4.800362 4.34
4.812723 4.34
4.841470 4.34
4.857470 4.34
4.882595 4.34
4.893470 4.34
4.923721 4.34
4.936112 4.34
4.964997 4.34
4.975721 4.34
5.006363 4.34
5.018725 4.34
5.047472 4.34
5.058347 4.34
5.088472 4.34
5.099347 4.34
5.129472 4.34
5.140347 4.34
5.170472 4.34
5.181347 4.34
5.211472 4.34
5.222348 4.34
5.252473 4.34
5.263348 4.34
5.293473 4.34
5.304348 4.34
5.334474 4.34
5.345349 4.34
5.375474 4.34
5.386349 4.34
5.416474 4.34
5.427350 4.34
5.457474 4.34
5.468349 4.34
5.498475 4.34
5.509350 4.34
5.539475 4.34
5.550350 4.34
5.580475 4.34
5.591351 4.34
5.621475 4.34
5.632351 4.34
5.662476 4.34
5.673351 4.34
5.703476 4.34
5.714351 4.34
5.744476 4.34
5.755351 4.34
5.785601 4.34
5.796352 4.34
5.826853 4.34
5.837727 4.34
5.873602 4.34
5.884352 4.34
5.914854 4.34
5.925727 4.34
5.961603 4.34
5.972353 4.34
6.002855 4.34
6.013729 4.34
6.049604 4.34
6.060353 4.34
6.090856 4.34
6.101729 4.34
6.137605 4.34
6.148355 4.34
6.178855 4.34
6.189730 4.34
6.225605 4.34
6.236355 4.34
6.266856 4.34
6.277730 4.34
6.313374 4.34
6.329371 4.34
6.354480 4.34
6.365356 4.34
6.395481 4.34
6.406356 4.34
6.436481 4.34
6.447356 4.34
6.477482 4.34
6.488357 4.34
6.518482 4.34
6.529372 4.34
6.559482 4.34
6.570357 4.34
6.600483 4.34
6.611358 4.34
6.641483 4.34
6.652358 4.34
6.682483 4.34
6.693358 4.34
6.723483 4.34
6.734359 4.34
6.764484 4.34
6.775359 4.34
6.805484 4.34
6.816359 4.34
6.846609 4.34
6.862484 4.34
6.887860 4.34
6.898735 4.34
6.929375 4.34
6.945378 4.34
6.970485 4.34
6.981361 4.34
7.011485 4.34
7.022361 4.34
7.052486 4.34
7.063361 4.34
7.093486 4.34
7.104361 4.34
7.134487 4.34
7.145362 4.34
7.175487 4.34
7.186362 4.34
7.216612 4.34
7.229129 4.34
7.262738 4.34
7.273487 4.34
7.309378 4.34
7.325379 4.34
7.350613 4.34
7.362988 4.34
7.391864 4.34
7.402738 4.34
7.433380 4.34
7.449489 4.34
7.474614 4.34
7.486989 4.34
7.515892 4.34
7.526739 4.34
7.557255 4.34
7.569616 4.34
7.598615 4.34
7.610989 4.34
7.639884 4.34
7.650740 4.34
7.681383 4.34
7.697381 4.34
7.722616 4.34
7.738616 4.34
7.763741 4.34
7.774616 4.34
7.810384 4.34
7.821134 4.34
7.851492 4.34
7.862367 4.34
7.892617 4.34
7.908617 4.34
7.933869 4.34
7.944742 4.34
7.975384 4.34
7.986135 4.34
8.016617 4.34
8.032618 4.34
8.057743 4.34
8.068618 4.34
8.104494 4.34
8.115386 4.34
8.145619 4.34
8.161619 4.34
8.186870 4.34
8.197744 4.34
8.228147 4.34
8.244261 4.34
8.269495 4.34
8.280370 4.34
8.310620 4.34
8.326620 4.34
8.351745 4.34
8.362620 4.34
8.398386 4.34
8.409137 4.34
8.439371 4.34
8.450138 4.34
8.480371 4.34
8.491139 4.34
8.521497 4.34
8.532372 4.34
8.562497 4.34
8.573372 4.34
8.603622 4.34
8.619497 4.34
8.644747 4.34
8.655622 4.34
8.691389 4.34
8.702141 4.34
8.732623 4.34
8.748623 4.34
8.773874 4.34
8.784748 4.34
8.815150 4.34
8.825875 4.34
8.856374 4.34
8.867140 4.34
8.897374 4.34
8.908141 4.34
8.938499 4.34
8.949374 4.34
8.979624 4.34
8.995625 4.34
9.020876 4.34
9.031750 4.34
9.062155 4.34
9.078268 4.34
9.103501 4.34
9.114268 4.34
9.144626 4.34
9.160626 4.34
9.185877 4.34
9.196751 4.34
9.227392 4.34
9.238141 4.34
9.268626 4.34
9.284502 4.34
9.309878 4.34
9.320752 4.34
9.351157 4.34
9.367267 4.34
9.392377 4.34
9.403143 4.34
9.433503 4.34
9.444378 4.34
9.474628 4.34
9.490629 4.34
9.517657 4.34
9.528504 4.34
9.564395 4.34
9.575144 4.34
9.605629 4.34
9.621629 4.34
9.646754 4.34
9.657504 4.34
9.693395 4.34
9.704147 4.34
9.734505 4.34
9.747035 4.34
9.775631 4.34
9.791630 4.34
9.818640 4.34
9.829506 4.34
9.861641 4.34
9.872506 4.34
9.904641 4.34
9.915507 4.34
9.947642 4.34
9.958507 4.34
9.990642 4.34
10.001507 4.34
10.031757 4.34
10.042507 4.34
10.073162 4.34
10.089274 4.34
10.114383 4.34
10.125274 4.34
10.155383 4.34
10.166276 4.34
10.196509 4.34
10.208901 4.34
10.237634 4.34
10.253634 4.34
10.280518 4.34
10.291401 4.34
10.321635 4.34
10.337634 4.34
10.368036 4.34
10.378760 4.34
10.409399 4.34
10.420153 4.34
10.450635 4.34
10.466635 4.34
10.500278 4.34
10.516278 4.34
10.541636 4.34
10.552386 4.34
10.588027 4.34
10.600515 4.34
10.629511 4.34
10.645387 4.34
10.670636 4.34
10.681512 4.34
10.717042 4.34
10.727762 4.34
10.758403 4.34
10.769156 4.34
10.799388 4.34
10.810279 4.34
10.840513 4.34
10.852906 4.34
10.881638 4.34
10.892389 4.34
10.928032 4.34
10.938764 4.34
10.969406 4.34
10.980157 4.34
11.010639 4.34
11.021389 4.34
11.057033 4.34
11.073033 4.34
11.098406 4.34
11.109155 4.34
11.139640 4.34
11.150390 4.34
11.186045 4.34
11.202032 4.34
11.227407 4.34
11.238156 4.34
11.268392 4.34
11.279159 4.34
11.309391 4.34
11.320157 4.34
11.350517 4.34
11.366392 4.34
11.391642 4.34
11.402392 4.34
11.438047 4.34
11.454044 4.34
11.479393 4.34
11.490158 4.34
11.520412 4.34
11.531160 4.34
11.561393 4.34
11.572160 4.34
11.602394 4.34
11.613161 4.34
11.643519 4.34
11.659394 4.34
11.684644 4.34
11.695394 4.34
11.725770 4.34
11.736644 4.34
11.767171 4.34
11.783287 4.34
11.808520 4.34
11.824395 4.34
11.849645 4.34
11.860520 4.34
11.896049 4.34
11.912037 4.34
11.937413 4.34
11.948161 4.34
11.978646 4.34
11.989521 4.34
12.019771 4.34
12.030646 4.34
12.061175 4.34
12.077289 4.34
12.102522 4.34
12.118522 4.34
12.143647 4.34
12.154522 4.34
12.190053 4.34
12.200773 4.34
12.231416 4.34
12.242166 4.34
12.272648 4.34
12.283399 4.34
12.315524 4.34
12.326416 4.34
12.356649 4.34
12.367399 4.34
12.397774 4.34
12.408649 4.34
12.439178 4.34
12.455053 4.34
12.480400 4.34
12.491168 4.34
12.521400 4.34
12.532165 4.34
12.562401 4.34
12.573168 4.34
12.603526 4.34
12.619401 4.34
12.644651 4.34
12.655401 4.34
12.691056 4.34
12.707041 4.34
12.732419 4.34
12.744920 4.34
12.773652 4.34
12.784402 4.34
12.820057 4.34
12.830777 4.34
12.861420 4.34
12.873922 4.34
12.902652 4.34
12.913403 4.34
12.945548 4.34
12.956419 4.34
12.992057 4.34
13.008044 4.34
13.033422 4.34
13.045779 4.34
13.074654 4.34
13.085530 4.34
13.121056 4.34
13.137046 4.34
13.162421 4.34
13.174780 4.34
13.203655 4.34
13.214530 4.34
13.249906 4.34
13.262406 4.34
13.291424 4.34
13.307423 4.34
13.332656 4.34
13.343531 4.34
13.375407 4.34
13.386298 4.34
13.416532 4.34
13.432532 4.34
13.457657 4.34
13.468532 4.34
13.504050 4.34
13.516437 4.34
13.545426 4.34
13.561533 4.34
13.586533 4.34
13.602407 4.34
13.627658 4.34
13.638407 4.34
13.674052 4.34
13.690051 4.34
13.715426 4.34
13.731425 4.34
13.756409 4.34
13.772409 4.34
13.797426 4.34
13.813535 4.34
13.838535 4.34
13.854409 4.34
13.879660 4.34
13.890409 4.34
13.926050 4.34
13.941912 4.34
13.967191 4.34
13.977912 4.34
14.008536 4.34
14.024411 4.34
14.049661 4.34
14.060411 4.34
14.096063 4.34
14.112065 4.34
14.137537 4.34
14.153537 4.34
14.178662 4.34
14.189537 4.34
14.225054 4.34
14.241054 4.34
14.266430 4.34
14.282413 4.34
14.307538 4.34
14.323538 4.34
14.348663 4.34
14.359538 4.34
14.395055 4.34
14.410941 4.34
14.436191 4.34
14.446941 4.34
14.477414 4.34
14.493307 4.34
14.518415 4.34
14.534415 4.34
14.559540 4.34
14.575540 4.34
14.600665 4.34
14.611415 4.34
14.647058 4.34
14.662916 4.34
14.688308 4.34
14.699057 4.34
14.729541 4.34
14.745416 4.34
14.770666 4.34
14.781541 4.34
14.817069 4.34
14.833058 4.34
14.858309 4.34
14.869059 4.34
14.899542 4.34
14.915417 4.34
14.942436 4.34
14.953185 4.34
14.985450 4.34
14.996183 4.34
15.026668 4.34
15.037418 4.34
15.073058 4.34
15.088921 4.34
15.114312 4.34
15.125062 4.34
15.155419 4.34
15.171419 4.34
15.196544 4.34
15.212544 4.34
15.239437 4.34
15.250186 4.34
15.282438 4.34
15.293185 4.34
15.325437 4.34
15.336189 4.34
15.368438 4.34
15.379189 4.34
15.409671 4.34
15.420546 4.34
15.451076 4.34
15.466923 4.34
15.492313 4.34
15.504796 4.34
15.535452 4.34
15.546189 4.34
15.578452 4.34
15.589189 4.34
15.621453 4.34
15.632188 4.34
15.664452 4.34
15.675190 4.34
15.707453 4.34
15.718190 4.34
15.750456 4.34
15.761189 4.34
15.796806 4.34
15.807549 4.34
15.838189 4.34
15.848924 4.34
15.879424 4.34
15.895317 4.34
15.920550 4.34
15.931314 4.34
15.963332 4.34
15.974078 4.34
16.004550 4.34
16.015317 4.34
16.050808 4.34
16.061550 4.34
16.092192 4.34
16.102955 4.34
16.133426 4.34
16.149426 4.34
16.174552 4.34
16.185318 4.34
16.220810 4.34
16.231552 4.34
16.262204 4.34
16.272954 4.34
16.303427 4.34
16.314320 4.34
16.344552 4.34
16.355318 4.34
16.390806 4.34
16.415320 4.34
16.444806 4.34
16.460806 4.34
16.486321 4.34
16.502319 4.34
16.527446 4.34
16.543429 4.34
16.568430 4.34
16.579321 4.34
16.609554 4.34
16.620429 4.34
16.655807 4.34
16.671807 4.34
16.697322 4.34
16.713322 4.34
16.738430 4.34
16.754322 4.34
16.779555 4.34
16.790431 4.34
16.825809 4.34
16.841809 4.34
16.867324 4.34
16.883323 4.34
16.908432 4.34
16.924324 4.34
16.949557 4.34
16.960324 4.34
16.995810 4.34
17.011812 4.34
17.037324 4.34
17.053324 4.34
17.078558 4.34
17.089325 4.34
17.124814 4.34
17.140813 4.34
17.166325 4.34
17.182326 4.34
17.207434 4.34
17.223434 4.34
17.248434 4.34
17.259327 4.34
17.289559 4.34
17.300326 4.34
17.335815 4.34
17.360326 4.34
17.389813 4.34
17.405815 4.34
17.431327 4.34
17.447327 4.34
17.472435 4.34
17.488436 4.34
17.513436 4.34
17.524328 4.34
17.554562 4.34
17.565329 4.34
17.600813 4.34
17.616813 4.34
17.642329 4.34
17.658327 4.34
17.683437 4.34
17.699437 4.34
17.724437 4.34
17.735313 4.34
17.765563 4.34
17.776330 4.34
17.811817 4.34
17.827966 4.34
17.853331 4.34
17.869330 4.34
17.894439 4.34
17.910439 4.34
17.935564 4.34
17.946439 4.34
17.981818 4.34
17.997817 4.34
18.023329 4.34
18.039331 4.34
18.064565 4.34
18.075332 4.34
18.110818 4.34
18.126821 4.34
18.152093 4.34
18.162818 4.34
18.193441 4.34
18.209331 4.34
18.234441 4.34
18.245334 4.34
18.275441 4.34
18.286334 4.34
18.316442 4.34
18.327334 4.34
18.357442 4.34
18.368332 4.34
18.398443 4.34
18.409318 4.34
18.439443 4.34
18.450332 4.34
18.480442 4.34
18.491318 4.34
18.521459 4.34
18.532335 4.34
18.562443 4.34
18.573334 4.34
18.603569 4.34
18.614319 4.34
18.649820 4.34
18.665823 4.34
18.691099 4.34
18.701973 4.34
18.732444 4.34
18.743335 4.34
18.773570 4.34
18.784339 4.34
18.814974 4.34
18.825821 4.34
18.856446 4.34
18.867338 4.34
18.897446 4.34
18.908338 4.34
18.938571 4.34
18.949322 4.34
18.984822 4.34
19.000823 4.34
19.026340 4.34
19.042447 4.34
19.067322 4.34
19.078090 4.34
19.108340 4.34
19.119089 4.34
19.149338 4.34
19.160088 4.34
19.190448 4.34
19.201340 4.34
19.231448 4.34
19.242323 4.34
19.272574 4.34
19.283324 4.34
19.318825 4.34
19.334824 4.34
19.360342 4.34
19.376341 4.34
19.401449 4.34
19.412341 4.34
19.447826 4.34
19.463829 4.34
19.489342 4.34
19.505342 4.34
19.530450 4.34
19.541344 4.34
19.571450 4.34
19.582325 4.34
19.612451 4.34
19.623326 4.34
19.653451 4.34
19.664343 4.34
19.694452 4.34
19.705327 4.34
19.735452 4.34
19.746327 4.34
19.776452 4.34
19.787342 4.34
19.817452 4.34
19.828328 4.34
19.858452 4.34
19.869328 4.34
19.899453 4.34
19.910328 4.34
19.940579 4.34
19.951328 4.34
19.986830 4.34
20.002833 4.34
20.028344 4.34
20.044344 4.34
20.069454 4.34
20.080329 4.34
20.115704 4.34
20.126455 4.34
20.156982 4.34
20.167705 4.34
20.198347 4.34
20.214346 4.34
20.239456 4.34
20.250331 4.34
20.280455 4.34
20.291331 4.34
20.321456 4.34
20.332331 4.34
20.362456 4.34
20.373332 4.34
20.403457 4.34
20.414332 4.34
20.446208 4.34
20.456986 4.34
20.487332 4.34
20.498097 4.34
20.528458 4.34
20.539349 4.34
20.569458 4.34
20.580333 4.34
20.612209 4.34
20.622987 4.34
20.653348 4.34
20.669349 4.34
20.694334 4.34
20.705100 4.34
20.735459 4.34
20.746334 4.34
20.776459 4.34
20.787335 4.34
20.822835 4.34
20.838835 4.34
20.864352 4.34
20.880350 4.34
20.905460 4.34
20.916335 4.34
20.946460 4.34
20.957336 4.34
20.989211 4.34
20.999989 4.34
21.030461 4.34
21.041336 4.34
21.073212 4.34
21.084115 4.34
21.114354 4.34
21.125103 4.34
21.160712 4.34
21.173213 4.34
21.202116 4.34
21.214587 4.34
21.243462 4.34
21.254355 4.34
21.286213 4.34
21.297116 4.34
21.327356 4.34
21.338104 4.34
21.368464 4.34
21.379339 4.34
21.411215 4.34
21.421992 4.34
21.457589 4.34
21.468464 4.34
21.498714 4.34
21.511091 4.34
21.540230 4.34
21.556233 4.34
21.581465 4.34
21.592357 4.34
21.627715 4.34
21.643715 4.34
21.669120 4.34
21.685356 4.34
21.710357 4.34
21.721108 4.34
21.756716 4.34
21.772591 4.34
21.798105 4.34
21.814242 4.34
21.845007 4.34
21.855847 4.34
21.891719 4.34
21.907719 4.34
21.933124 4.34
21.949359 4.34
21.974358 4.34
21.985108 4.34
22.020718 4.34
22.036873 4.34
22.062000 4.34
22.072872 4.34
22.103469 4.34
22.114360 4.34
22.149719 4.34
22.165719 4.34
22.191258 4.34
22.207482 4.34
22.232862 4.34
22.243854 4.68
22.274476 4.68
22.285476 4.68
22.315850 5.00
22.326723 5.00
22.357363 5.00
22.368384 5.00
22.399031 5.35
22.411605 5.35
22.445897 5.35
22.456727 5.35
22.487475 5.35
22.498350 5.35
22.528884 5.35
22.539724 5.35
22.570365 5.35
22.581242 5.35
22.611877 5.35
22.622722 5.35
22.653364 5.35
22.664385 5.35
22.695035 5.35
22.707607 5.35
22.741856 5.35
22.752728 5.35
22.783119 5.35
22.799120 5.35
22.829726 5.35
22.845851 5.35
22.871131 5.35
22.887114 5.35
22.912349 5.35
22.923115 5.35
22.953350 5.35
22.964366 5.35
22.995036 5.35
23.007608 5.35
23.041729 5.69
23.057855 5.69
23.083135 5.69
23.099372 5.69
23.129727 5.69
23.145602 5.69
23.171130 5.69
23.187129 5.69
23.212370 5.69
23.223117 5.69
23.258602 5.69
23.269352 5.69
23.299853 5.69
23.310880 5.69
23.341251 5.69
23.357240 5.69
23.382369 5.69
23.393243 5.69
23.428603 5.69
23.439369 5.69
23.469881 5.69
23.480728 5.69
23.511369 5.69
23.522245 5.69
23.552354 5.69
23.563245 5.69
23.593354 5.69
23.604499 5.69
23.635042 5.69
23.651257 5.69
23.681862 5.69
23.692735 5.69
23.723378 5.69
23.734382 5.69
23.764733 5.69
23.780732 5.69
23.806163 5.69
23.822373 5.69
23.847357 5.69
23.858124 5.69
23.888357 5.69
23.899372 5.69
23.930043 5.69
23.946265 5.69
23.976868 6.01
23.989612 6.01
24.023736 6.01
24.034736 6.01
24.065143 6.01
24.081128 6.01
24.108111 6.01
24.119109 6.01
24.154733 6.01
24.165608 6.01
24.195984 6.01
24.208484 6.01
24.237376 6.01
24.248253 6.01
24.278896 6.01
24.289737 6.01
24.320374 6.01
24.331252 6.01
24.361889 6.01
24.372736 6.01
24.403376 6.01
24.414252 6.01
24.449610 6.01
24.462013 6.01
24.490887 6.01
24.501736 6.01
24.532252 6.01
24.543414 6.01
24.573930 6.01
24.584915 6.01
24.620741 6.01
24.631741 6.01
24.662258 6.01
24.673259 6.01
24.703739 6.01
24.714613 6.01
24.745254 6.01
24.756253 6.01
24.786613 6.01
24.799018 6.01
24.827893 6.01
24.838912 6.01
24.874743 6.01
24.885938 6.01
24.916397 12.32
24.927398 6.36
24.958041 12.32
24.974264 6.36
25.004745 6.36
25.015744 6.36
25.046260 6.36
25.057011 0.05
25.087617 0.05
25.103742 6.36
25.128895 6.36
25.139741 12.32
25.170383 0.05
25.181259 0.05
25.212052 12.32
25.228267 6.36
25.258912 6.36
25.269911 6.36
25.305746 0.05
25.316745 6.36
25.347384 0.05
25.358259 12.32
25.388898 6.36
25.399743 6.36
25.430381 6.36
25.441258 6.36
25.471617 12.32
25.487493 0.05
25.513267 12.32
25.524276 6.36
25.554747 6.36
25.565746 6.36
25.596386 6.36
25.607263 6.36
25.637620 0.05
25.653619 6.36
25.678619 0.05
25.694620 6.36
25.719900 12.32
25.730745 6.36
25.761389 6.36
25.772263 6.36
25.803050 12.32
25.819312 6.36
25.849910 6.36
25.862646 6.36
25.896755 6.36
25.907754 6.36
25.940042 6.36
25.950918 6.36
25.981393 6.36
25.992269 12.32
26.022749 6.36
26.033748 6.36
26.063903 6.36
26.076498 6.36
26.105265 6.36
26.116026 6.36
26.151762 6.36
26.162761 6.36
26.195055 6.36
26.206048 6.36
26.241920 6.36
26.254504 6.36
26.288628 6.36
26.304627 6.36
26.330269 6.36
26.341265 6.36
26.376625 6.36
26.392625 6.36
26.417903 6.36
26.430500 0.05
26.459638 6.36
26.475936 6.36
26.501278 6.36
26.512277 6.36
26.542630 6.36
26.558755 6.36
26.584273 6.36
26.595272 6.36
26.625628 6.36
26.641752 6.36
26.666753 6.36
26.677627 6.36
26.707905 0.05
26.720502 6.36
26.754948 12.32
26.771287 6.36
26.801758 6.36
26.812758 6.36
26.843273 6.36
26.854276 6.36
26.884755 6.36
26.895629 6.36
26.931629 6.36
26.947504 6.36
26.972910 6.36
26.988907 6.36
27.016896 6.36
27.029393 0.05
27.058030 12.32
27.074145 6.36
27.099147 6.36
27.110046 6.36
27.140754 6.36
27.151759 6.36
27.182293 6.36
27.193306 6.36
27.223888 6.36
27.240051 6.36
27.270760 6.36
27.281634 6.36
27.312273 6.36
27.323054 6.36
27.353632 6.36
27.369508 6.36
27.394911 6.36
27.411034 6.36
27.441632 6.36
27.457632 6.36
27.483302 6.36
27.494309 6.36
27.524889 6.36
27.541175 6.36
27.571763 6.36
27.582638 6.36
27.618642 8.03
27.629641 6.75
27.660300 8.70
27.671283 9.04
27.701763 6.75
27.712637 8.70
27.743183 15.00
27.754055 13.06
27.784511 9.36
27.800510 8.35
27.829039 6.75
27.839885 8.70
27.870510 8.70
27.886510 13.06
27.911635 9.36
27.922386 8.35
27.952887 6.41
27.969038 9.71
27.999636 8.03
28.010511 6.75
28.040914 9.04
28.056902 8.70
28.082278 6.75
28.093164 9.36
28.123637 8.35
28.134512 13.06
28.164888 10.03
28.181039 8.03
28.211638 6.41
28.222387 9.04
28.252889 8.70
28.269042 6.75
28.299638 9.36
28.310513 9.71
28.340889 6.75
28.357043 8.35
28.382165 15.35
28.392890 6.75
28.423389 9.04
28.434157 8.70
28.464514 6.75
28.480639 9.36
28.505639 8.03
28.516515 13.06
28.546891 10.03
28.563043 7.69
28.593640 6.41
28.604390 9.04
28.634891 8.35
28.651045 6.75
28.676168 9.71
28.686892 8.03
28.717516 6.41
28.733641 10.03
28.758642 7.69
28.769516 12.71
28.799893 10.72
28.816044 7.69
28.841170 12.05
28.851893 11.04
28.882392 7.37
28.893160 18.01
28.923518 11.38
28.939643 7.02
28.964643 17.35
28.975393 11.70
29.005923 7.02
29.022045 17.03
29.052643 12.37
29.063394 7.37
29.093896 11.70
29.109924 11.38
29.135174 7.02
29.146048 17.69
29.176520 11.70
29.192644 7.02
29.217645 17.03
29.228395 12.05
29.258770 7.37
29.269645 10.37
29.300175 6.41
29.310896 7.69
29.341396 16.01
29.352164 6.41
29.382521 8.35
29.398521 9.36
29.423646 6.75
29.434521 8.70
29.464897 15.00
29.481052 7.07
29.507901 9.36
29.518772 9.04
29.554648 6.75
29.565397 8.03
29.595898 16.01
29.611899 6.75
29.642648 8.35
29.653523 10.72
29.683899 12.37
29.700053 7.69
29.730648 16.34
29.741523 11.70
29.771900 7.02
29.787900 17.35
29.818649 12.05
29.829524 7.37
29.859900 11.70
29.876054 11.38
29.901052 7.37
29.911775 17.69
29.947650 12.05
29.958525 7.69
29.988930 12.05
30.005054 11.04
30.035651 7.37
30.046526 13.06
30.076902 10.03
30.093056 8.03
30.119780 6.41
30.130526 10.03
30.162781 7.69
30.173526 13.06
30.205781 10.37
30.216526 8.03
30.248781 6.41
30.259527 10.03
30.295417 8.03
30.307782 6.75
30.336653 9.04
30.347528 8.70
30.377903 6.75
30.394058 9.36
30.424528 8.35
30.440654 6.75
30.465653 8.70
30.476404 9.04
30.506779 6.75
30.519171 9.04
30.553419 8.70
30.565783 6.75
30.594655 8.35
30.605405 9.36
30.635906 6.75
30.646780 8.70
30.682423 15.35
30.694784 6.41
30.723656 8.03
30.734531 9.71
30.764906 6.75
30.775781 8.35
30.811425 15.67
30.827424 12.37
30.852656 7.69
30.863407 10.03
30.893781 6.75
30.909783 8.03
30.940422 15.67
30.956425 12.05
30.981657 7.37
30.992408 10.37
31.022909 6.41
31.033783 7.69
31.069426 16.34
31.085300 12.05
31.110658 7.37
31.121408 10.72
31.151784 12.37
31.167784 7.37
31.198424 16.68
31.214424 11.70
31.239659 7.02
31.250535 11.04
31.280910 12.05
31.291785 7.37
31.322062 17.03
31.332785 12.37
31.363428 7.69
31.379535 10.37
31.404660 6.41
31.415411 8.03
31.445912 16.01
31.456786 6.75
31.487065 8.70
31.497786 9.36
31.528428 7.07
31.544428 9.04
31.569663 15.00
31.580537 13.38
31.610913 9.36
31.621787 8.35
31.657429 6.75
31.673553 8.70
31.698922 4.68
31.715186 4.68
31.740543 4.68
31.751310 4.68
31.782185 4.68
31.793057 4.68
31.823790 4.68
31.839790 4.68
31.868071 4.68
31.878915 4.68
31.909414 4.68
31.925429 4.68
31.950539 4.68
31.961307 4.68
31.991665 4.68
32.002414 4.68
32.032916 4.68
32.043665 4.68
32.079431 4.68
32.095432 4.68
32.120916 4.68
32.131665 4.68
32.167541 4.34
32.178307 4.34
32.208667 4.68
32.219541 4.68
32.249917 4.68
32.260667 4.68
32.296433 4.34
32.312434 4.34
32.338122 4.34
32.349100 4.34
32.379673 4.34
32.392318 4.34
32.426422 4.34
32.442422 4.34
32.467921 4.34
32.478670 4.34
32.514310 4.34
32.526881 4.34
