0.000000 0.000000
0.041905 4.34
0.052884 4.34
0.083262 4.34
0.099562 3.33
0.124886 2.66
0.135885 2.34
0.166563 2.34
0.183048 2.34
0.213366 2.34
0.224114 2.34
0.254361 2.34
0.265112 2.34
0.295361 2.34
0.306110 2.34
0.336359 2.34
0.347110 2.34
0.377359 2.34
0.388359 2.66
0.418633 2.34
0.434512 2.34
0.459875 2.34
0.470625 2.34
0.506110 2.34
0.516999 2.34
0.547235 2.34
0.563110 2.34
0.588360 2.34
0.599235 2.34
0.629876 2.34
0.640627 2.34
0.676111 2.34
0.687002 2.34
0.717236 2.34
0.733111 2.34
0.758810 2.34
0.780252 2.34
0.796564 2.34
0.821891 2.34
0.832889 2.34
0.863567 2.66
0.879763 2.34
0.910375 2.34
0.921373 2.34
0.957392 2.66
0.968568 3.33
1.000675 4.02
1.011664 4.02
1.047539 4.02
1.063887 4.02
1.094368 4.02
1.105368 4.02
1.137647 4.02
1.148520 4.34
1.184367 4.02
1.195367 4.02
1.225640 4.02
1.241518 4.02
1.268643 4.02
1.279517 4.02
1.311641 4.02
1.322520 4.02
1.354641 4.02
1.365516 4.02
1.397644 4.02
1.408517 4.02
1.439258 4.02
1.455564 4.34
1.482699 4.02
1.493794 4.34
1.529541 4.34
1.545776 4.34
1.574249 4.34
1.590373 4.34
1.615890 4.34
1.626889 4.34
1.657371 4.34
1.668371 4.34
1.698887 4.34
1.709887 4.34
1.740244 4.34
1.756120 4.34
1.781526 4.34
1.794013 4.34
1.824648 4.34
1.835524 4.34
1.866269 4.34
1.877256 4.34
1.907879 4.34
1.918627 4.34
1.954006 4.34
1.964908 4.68
1.995673 4.68
2.011895 4.68
2.037252 4.68
2.053376 4.68
2.078895 4.68
2.089890 4.68
2.120374 4.68
2.131249 4.68
2.161891 4.68
2.172638 4.68
2.208373 4.68
2.219248 4.68
2.249917 4.68
2.260918 4.68
2.291508 4.68
2.307777 4.68
2.338380 4.68
2.349255 4.68
2.385253 4.68
2.396128 4.68
2.426658 4.68
2.437524 4.68
2.469503 4.68
2.480376 4.68
2.510781 4.68
2.521653 4.68
2.552142 4.68
2.568400 4.68
2.593791 5.00
2.604779 4.68
2.635383 5.00
2.646258 5.00
2.682256 5.00
2.693256 4.68
2.723662 5.00
2.734506 4.68
2.770254 4.68
2.781004 4.68
2.811656 5.00
2.822504 5.00
2.853129 5.00
2.869392 5.00
2.894658 5.00
2.905677 4.68
2.936264 5.00
2.947262 5.00
2.977906 5.00
2.988903 4.68
3.019383 5.00
3.030258 5.00
3.060791 5.00
3.071662 5.00
3.102132 5.00
3.118256 5.00
3.143256 5.00
3.154006 5.00
3.184660 5.00
3.195705 5.00
3.226262 5.00
3.237137 4.68
3.267901 5.00
3.278902 5.00
3.309384 5.00
3.320259 5.00
3.350789 5.00
3.361662 5.00
3.392008 5.00
3.402883 5.00
3.433008 5.00
3.443775 5.00
3.474258 5.00
3.485008 5.00
3.515538 5.00
3.531662 5.00
3.562259 5.00
3.573274 4.68
3.603933 5.00
3.614916 5.00
3.645390 5.00
3.656264 5.00
3.686812 5.00
3.697781 5.00
3.728137 5.00
3.744387 5.00
3.769261 5.00
3.780136 5.00
3.810386 5.00
3.821136 5.00
3.851791 5.00
3.862512 5.00
3.893399 5.00
3.906040 5.00
3.940269 5.00
3.951268 5.00
3.981907 5.00
3.992907 5.00
4.023390 5.00
4.034265 5.00
4.064901 5.00
4.075655 5.00
4.106138 5.00
4.122138 5.00
4.147263 5.00
4.158013 5.00
4.188388 5.00
4.199414 5.00
4.235276 5.00
4.246280 5.00
4.278525 5.00
4.289523 5.00
4.325395 5.00
4.336270 5.00
4.368525 5.00
4.379393 5.00
4.411523 5.00
4.422392 5.00
4.454521 5.00
4.465392 5.00
4.495793 5.00
4.506517 5.00
4.537142 5.00
4.553267 5.00
4.578802 5.00
4.589798 5.00
4.620400 5.00
4.633025 4.68
4.667272 5.00
4.678146 4.68
4.710557 4.68
4.721395 4.68
4.757269 4.68
4.768144 4.68
4.798672 5.00
4.809552 5.00
4.845268 4.68
4.856409 5.00
4.888466 4.68
4.899399 5.00
4.935275 5.00
4.946274 4.68
4.976683 4.68
4.987525 4.68
5.018041 4.68
5.030402 4.68
5.059146 5.00
5.075271 5.00
5.100271 5.00
5.111146 4.68
5.141523 4.68
5.157676 4.68
5.188040 4.68
5.204022 5.00
5.229279 4.68
5.240152 4.68
5.276161 4.68
5.287160 4.68
5.317801 5.00
5.328798 5.00
5.359403 5.00
5.375701 5.00
5.406276 5.00
5.417151 5.00
5.447400 5.00
5.459793 5.00
5.494041 4.68
5.506403 5.00
5.535274 5.00
5.546149 4.68
5.576807 5.00
5.587939 5.00
5.618410 5.00
5.634703 5.00
5.665281 5.00
5.676281 5.00
5.712155 5.00
5.723029 5.00
5.753563 5.00
5.764403 5.00
5.795046 5.00
5.811152 5.00
5.836276 5.00
5.847153 5.00
5.877728 5.00
5.888679 5.00
5.919291 5.00
5.930289 5.00
5.966161 5.00
5.977161 5.00
6.007800 5.00
6.018678 5.00
6.049406 5.00
6.067813 5.00
6.085689 5.00
6.116045 5.00
6.132048 5.00
6.157280 5.00
6.168154 5.00
6.198530 5.00
6.209405 5.00
6.240161 5.00
6.250926 5.00
6.281696 5.00
6.292534 5.00
6.322945 5.00
6.333700 5.00
6.364407 5.00
6.380281 5.00
6.411048 5.00
6.427048 5.00
6.452281 5.00
6.463031 5.00
6.493550 5.00
6.504407 5.00
6.535172 5.00
6.546157 5.00
6.576533 5.00
6.587407 5.00
6.623298 4.68
6.634446 4.68
6.670166 4.68
6.681166 4.68
6.711702 4.68
6.722539 4.68
6.753287 4.68
6.764162 4.68
6.800053 4.68
6.816053 4.68
6.841285 4.68
6.852160 4.68
6.882410 4.68
6.898410 4.68
6.929172 4.68
6.940170 4.68
6.972445 4.68
6.983439 4.68
7.019165 4.68
7.029931 4.68
7.060695 4.68
7.071538 4.68
7.101952 4.68
7.114426 4.68
7.143412 4.68
7.159412 4.68
7.190052 4.68
7.206052 4.68
7.231293 4.68
7.243938 4.68
7.278174 4.68
7.289173 4.68
7.321439 5.00
7.332442 5.00
7.362937 4.68
7.379060 5.00
7.404291 5.00
7.415166 5.00
7.447446 5.00
7.458290 5.00
7.494058 5.00
7.510040 4.68
7.535290 4.68
7.547933 5.00
7.578445 5.00
7.602930 4.68
7.615443 4.68
7.644181 4.68
7.655304 4.34
7.691067 4.34
7.702049 4.34
7.732547 4.34
7.743296 4.34
7.774295 4.34
7.786703 4.34
7.821062 4.34
7.831839 4.34
7.862293 4.34
7.874697 4.34
7.908935 4.34
7.925059 4.34
7.950168 4.34
7.960933 4.34
7.991294 4.34
8.003697 4.34
8.037937 4.34
8.050298 4.34
8.079294 4.34
8.091699 4.34
8.122298 4.34
8.133170 4.34
8.168937 4.34
8.184937 4.34
8.210184 4.34
8.221054 4.34
8.257068 4.34
8.267981 4.34
8.298438 4.34
8.309296 4.34
8.339815 4.34
8.356063 4.34
8.381171 4.34
8.391938 4.34
8.422296 4.34
8.438172 4.34
8.463574 4.34
8.474297 4.34
8.505047 4.34
8.515941 4.34
8.546614 4.34
