0.000000 0.000000
0.047231 4.34
0.058235 4.34
0.088737 4.34
0.099735 2.66
0.130368 2.34
0.141370 2.66
0.171865 2.66
0.182867 2.34
0.213484 2.34
0.229717 2.66
0.260356 2.34
0.271229 2.34
0.303495 2.34
0.314372 2.34
0.350116 2.34
0.366229 2.34
0.391353 2.34
0.402137 2.34
0.432462 2.34
0.444841 2.34
0.473586 2.34
0.489586 2.34
0.514711 2.34
0.525462 2.34
0.555962 2.34
0.566712 2.66
0.597113 2.66
0.609491 2.34
0.638351 2.66
0.649113 2.34
0.679463 2.66
0.691844 2.66
0.720589 2.34
0.736464 2.34
0.761875 2.34
0.772858 2.66
0.803513 2.66
0.819724 2.66
0.850382 2.34
0.861385 2.66
0.897268 2.66
0.908243 2.66
0.938872 2.34
0.949869 2.34
0.980609 4.02
0.991603 4.02
1.022264 4.02
1.033241 4.02
1.063853 4.02
1.074721 4.02
1.105360 4.02
1.116125 4.34
1.146719 4.02
1.157594 4.02
1.188118 4.02
1.203995 4.34
1.229356 4.02
1.240118 4.34
1.270467 4.34
1.286467 4.34
1.311467 4.02
1.327358 4.34
1.352468 4.34
1.368468 4.02
1.393485 4.34
1.409481 4.34
1.436541 4.34
1.447509 4.34
1.478121 4.34
1.494372 4.34
1.519731 4.34
1.530732 4.34
1.561387 4.34
1.572373 4.34
1.602858 4.34
1.613726 4.34
1.644379 4.34
1.655377 4.34
1.685860 4.34
1.696859 4.34
1.727476 4.34
1.743601 4.34
1.768725 4.34
1.779600 4.34
1.810132 4.34
1.826128 4.34
1.851473 4.34
1.867473 4.34
1.892597 4.34
1.908597 4.34
1.933722 4.34
1.944473 4.34
1.980002 4.34
1.990723 4.34
2.021473 4.34
2.037473 4.34
2.065127 4.34
2.081127 4.34
2.106473 4.34
2.122366 4.34
2.147473 4.34
2.163349 4.34
2.188474 4.34
2.204474 4.34
2.232129 4.34
2.248131 4.34
2.273475 4.34
2.289366 4.34
2.314475 4.34
2.330350 4.34
2.355601 4.34
2.371600 4.34
2.396725 4.34
2.407601 4.34
2.438130 4.34
2.454129 4.34
2.479369 4.34
2.490128 4.34
2.520476 4.34
2.536368 4.34
2.561602 4.34
2.577602 4.34
2.604506 4.34
2.615368 4.34
2.647534 4.34
2.658491 4.34
2.689138 4.34
2.700131 4.34
2.730734 4.34
2.741608 4.34
2.772374 4.34
2.788376 4.68
2.813731 4.68
2.824606 4.68
2.855137 4.34
2.866011 4.68
2.896495 4.34
2.912371 4.34
2.937605 4.34
2.948355 4.34
2.980497 4.34
2.991373 4.68
3.023522 4.68
3.034494 4.68
3.065115 4.68
3.081258 4.68
3.106737 4.68
3.117737 4.68
3.148377 4.68
3.164379 4.68
3.189609 4.68
3.200483 4.68
3.236013 4.68
3.252013 4.68
3.277482 4.68
3.293482 4.34
3.318482 4.68
3.329375 4.68
3.359607 4.68
3.370358 4.68
3.405899 4.34
3.421898 4.68
3.447375 4.34
3.459733 4.34
3.488734 4.68
3.499608 4.34
3.530012 4.68
3.546011 4.68
3.571484 4.34
3.587359 4.68
3.612609 4.68
3.623360 4.34
3.658860 4.34
3.674864 4.68
3.700377 4.68
3.716377 4.68
3.741485 4.34
3.757486 4.34
3.782486 4.34
3.793361 4.68
3.823486 4.68
3.834361 4.34
3.864486 4.68
3.875378 4.68
3.905486 4.68
3.916361 4.68
3.946487 4.68
3.957362 4.68
3.987487 4.34
3.998378 4.34
4.028487 4.68
4.039363 4.68
4.069487 4.68
4.080363 4.68
4.110488 4.68
4.121362 4.68
4.151488 4.34
4.162378 4.68
4.192488 4.68
4.203363 4.68
4.233614 4.68
4.244488 4.34
4.279865 4.68
4.295866 4.34
4.321381 4.68
4.337381 4.68
4.362490 4.68
4.373381 4.68
4.403615 4.34
4.414490 4.68
4.450017 4.68
4.466017 4.68
4.491383 4.34
4.507382 4.68
4.532491 4.34
4.548491 4.34
4.573491 4.68
4.584366 4.34
4.614492 4.34
4.625366 4.68
4.655492 4.34
4.666367 4.34
4.696492 4.68
4.707368 4.34
4.737492 4.34
4.748368 4.34
4.778493 4.34
4.789368 4.34
4.819493 4.34
4.830368 4.68
4.860493 4.68
4.871368 4.68
4.901493 4.68
4.912369 4.68
4.942494 4.68
4.953369 4.34
4.983494 4.34
4.994369 4.34
5.024494 4.34
5.035369 4.34
5.065620 4.68
5.076370 4.34
5.111871 4.34
5.127872 4.68
5.153147 4.34
5.163872 4.34
5.194496 4.34
5.215620 4.68
5.226371 4.34
5.261872 4.34
5.277876 4.34
5.303388 4.34
5.319389 4.34
5.344372 4.34
5.360497 4.34
5.385372 4.34
5.401387 4.34
5.426372 4.34
5.442388 4.34
5.467373 4.34
5.483391 4.68
5.508498 4.34
5.524498 4.68
5.549498 4.34
5.560389 4.34
5.590499 4.34
5.601373 4.34
5.631499 4.34
5.642373 4.34
5.672499 4.34
5.683374 4.34
5.713499 4.34
5.724374 4.68
5.754500 4.68
5.765375 4.68
5.795500 4.68
5.806375 4.68
5.836500 4.34
5.847376 4.34
5.877500 4.34
5.888375 4.34
5.918500 4.34
5.929377 4.68
5.959501 4.34
5.970376 4.68
6.000501 4.34
6.011376 4.34
6.041502 4.68
6.052377 4.68
6.082502 4.34
6.093377 4.68
6.123502 4.34
6.134377 4.34
6.169878 4.68
6.185879 4.34
6.211395 4.68
6.227395 4.68
6.252503 4.34
6.263268 4.34
6.293503 4.68
6.304378 4.34
6.334504 4.34
6.345379 4.34
6.375504 4.34
6.386379 4.34
6.416504 4.34
6.427379 4.68
6.457505 4.34
6.468380 4.68
6.498505 4.34
6.509380 4.68
6.539505 4.34
6.550381 4.68
6.585756 4.68
6.596506 4.34
6.627034 4.68
6.637756 4.34
6.668398 4.68
6.684399 4.68
6.709381 4.68
6.720149 4.34
6.750507 4.68
6.761382 4.68
6.796757 4.34
6.812757 4.68
6.838026 4.68
6.848757 4.34
6.879400 4.68
6.890148 4.68
6.920508 4.34
6.931383 4.68
6.961508 4.68
6.972383 4.34
7.002509 4.34
7.013383 4.34
7.043508 4.34
7.054384 4.34
7.084509 4.34
7.095384 4.34
7.125509 4.34
7.136384 4.68
7.166510 4.68
7.177385 4.34
7.207510 4.68
7.218385 4.68
7.253887 4.68
7.269887 4.68
7.295410 4.34
7.311401 4.34
7.336511 4.34
7.347386 4.34
7.377511 4.34
7.388386 4.68
7.418512 4.68
7.429387 4.34
7.459512 4.34
7.470386 4.68
7.500512 4.34
7.511278 4.34
7.541512 4.68
7.552387 4.68
7.582513 4.68
7.593388 4.68
7.623513 4.34
7.634388 4.68
7.664513 4.68
7.675389 4.68
7.705513 4.68
7.716389 4.34
7.746514 4.68
7.757388 4.34
7.787514 4.68
7.798280 4.34
7.828514 4.68
7.839389 4.34
7.869515 4.68
7.880390 4.68
7.910515 4.68
7.921390 4.68
7.951516 4.68
7.962390 4.34
7.994267 4.68
8.005169 4.34
8.035391 4.68
8.046158 4.34
8.076391 4.34
8.087158 4.34
8.117391 4.68
8.128160 4.34
8.158392 4.34
8.169157 4.34
8.199392 4.68
8.210157 4.34
8.240392 4.34
8.251157 4.68
8.281392 4.68
8.292158 4.68
8.322393 4.68
8.333160 4.34
8.363393 4.68
8.374159 4.68
8.404394 4.34
8.415160 4.34
8.445394 4.34
8.456161 4.68
8.486394 4.34
8.497163 4.34
8.527409 4.68
8.538162 4.68
8.568394 4.34
8.579163 4.68
8.609395 4.68
8.620160 4.68
8.650395 4.34
8.661161 4.34
8.691396 4.34
8.702163 4.68
8.732396 4.68
8.743164 4.68
8.773396 4.68
8.784161 4.68
8.814396 4.34
8.825163 4.34
8.855396 4.68
8.866164 4.68
8.896397 4.34
8.907163 4.34
8.937397 4.34
8.948165 4.68
8.978398 4.34
8.989165 4.34
9.019398 4.68
9.030163 4.34
9.060523 4.34
9.071398 4.34
9.106773 4.34
9.122648 4.34
9.148179 4.34
9.164024 4.34
9.189524 4.34
9.200399 4.34
9.235774 4.68
9.251650 4.68
9.277179 4.34
9.293418 4.68
9.318525 4.68
9.329400 4.68
9.364775 4.68
9.380650 4.68
9.406179 4.34
9.422419 4.34
9.447401 4.68
9.458168 4.34
9.488526 4.68
9.499401 4.34
9.534776 4.68
9.550651 4.68
9.576181 4.34
9.592181 4.68
9.617527 4.68
9.628403 4.68
9.663778 4.68
9.679652 4.68
9.705180 4.68
9.721181 4.68
9.746528 4.68
9.757403 4.68
9.792778 4.68
9.808654 4.34
9.834182 4.68
9.850183 4.34
9.875404 4.68
9.886171 4.68
9.916405 4.34
9.927171 4.34
9.957404 4.34
9.968172 4.68
9.998530 4.68
10.009405 4.34
10.044909 4.68
10.055906 4.34
10.086421 4.34
10.097174 4.68
10.132781 4.68
10.148656 4.68
10.174186 4.68
10.190186 4.68
10.215532 4.68
10.226406 4.68
10.261782 4.68
10.277657 4.68
10.303060 4.68
10.313782 4.68
10.344424 4.68
10.355300 4.68
10.385935 4.68
10.396783 4.34
10.427423 4.68
10.438175 4.68
10.473783 4.68
10.489659 4.68
10.515188 4.34
10.531185 4.68
10.558186 4.34
10.568937 4.68
10.599534 4.68
10.610427 4.34
10.645784 4.34
10.661785 4.34
10.687188 4.68
10.703189 4.68
10.730161 4.68
10.741062 4.68
10.771428 4.34
10.782178 4.68
10.817786 4.68
10.833661 4.68
10.859303 4.68
10.875428 4.68
10.902192 4.68
10.913065 4.34
10.945190 4.68
10.955942 4.68
10.988193 4.34
10.999066 4.68
11.031191 4.68
11.041943 4.34
11.074191 4.68
11.085055 4.34
11.117194 4.68
11.127941 4.68
11.160182 4.34
11.171056 4.68
11.201431 4.68
11.212303 4.68
11.244180 4.68
11.254932 4.68
11.290789 4.68
11.306789 4.68
11.332193 4.68
11.348055 4.68
11.375166 4.34
11.385934 4.68
11.418166 4.34
11.429057 4.34
11.459432 4.34
11.470182 4.34
11.500666 4.68
11.516666 4.68
11.541791 4.68
11.552666 4.68
11.583306 4.68
11.594058 4.68
11.629666 4.34
11.642071 4.68
11.674070 4.34
11.690060 4.68
11.715435 4.68
11.726307 4.68
11.756667 4.68
11.769077 4.68
11.797945 4.34
11.808793 4.68
11.839434 4.34
11.850184 4.68
11.885793 4.68
11.901668 4.68
11.927195 4.68
11.943061 4.34
11.973669 4.34
11.989669 4.68
12.014920 4.34
12.025794 4.68
12.056198 4.34
12.072199 4.68
12.102795 4.68
12.113545 4.34
12.144197 4.68
12.154921 4.68
12.190795 4.34
12.201670 4.68
12.232199 4.34
12.243076 4.34
12.278546 4.34
12.289436 4.34
12.319671 4.34
12.335671 4.34
12.360922 4.68
12.371797 4.34
12.402189 4.34
12.412923 4.34
12.448797 4.34
12.459672 4.34
12.490202 4.34
12.501075 4.34
12.536548 4.34
12.547423 4.34
12.577673 4.34
12.593673 4.34
12.618925 4.34
12.629798 4.68
12.660439 4.34
12.671190 4.34
12.701674 4.34
12.717674 4.34
12.742926 4.34
12.753799 4.68
12.784202 4.34
12.794926 4.68
12.830800 4.68
12.841550 4.34
12.872202 4.34
12.882926 4.34
12.918675 4.34
12.934801 4.34
12.959927 4.34
12.970801 4.34
13.001206 4.34
13.012081 4.34
13.047802 4.34
13.058551 4.68
13.089207 4.68
13.100079 4.34
13.135677 4.34
13.151802 4.34
13.176929 4.68
13.187802 4.68
13.218206 4.34
13.229080 4.68
13.264803 4.34
13.275553 4.34
13.306207 4.34
13.316930 4.34
13.352804 4.34
13.363679 4.34
13.394211 4.34
13.405083 4.34
13.440804 4.68
13.451679 4.34
13.482210 4.34
13.492931 4.34
13.528805 4.34
13.539555 4.34
13.570207 4.34
13.580932 4.34
13.616805 4.34
13.627680 4.34
13.658211 4.34
13.669086 4.34
13.704806 4.68
13.715556 4.34
13.746209 4.34
13.756933 4.34
13.792681 4.68
13.808682 4.68
13.837085 4.68
13.853209 4.68
13.878453 4.34
13.889200 4.34
13.919683 4.34
13.935683 4.34
13.960935 4.68
13.971808 4.34
14.002211 4.34
14.013088 4.34
14.048808 4.34
14.059559 4.34
14.090213 4.34
14.101089 4.34
14.136684 4.34
14.152810 4.34
14.177936 4.68
14.188810 4.34
14.219213 4.34
14.230089 4.68
14.265810 4.34
14.276560 4.34
14.307213 4.34
14.318089 4.34
14.353686 4.68
14.369686 4.34
14.394937 4.68
14.407561 4.68
14.436214 4.34
14.446938 4.68
14.482686 4.34
14.498687 4.68
14.523968 4.34
14.540091 4.68
14.570688 4.34
14.586687 4.68
14.611953 4.68
14.628092 4.34
14.654939 4.34
14.665813 4.34
14.696216 4.68
14.706939 4.68
14.742689 4.34
14.758689 4.34
14.783939 4.68
14.796439 4.34
14.825219 4.68
14.836092 4.34
14.871814 4.34
14.882815 4.68
14.913333 4.34
14.924332 4.34
14.954565 4.34
14.970565 4.34
14.995690 4.34
15.006566 4.34
15.036942 4.34
15.053094 4.34
15.083691 4.34
15.094566 4.68
15.124943 4.68
15.137441 4.68
15.166221 4.34
15.176943 4.34
15.207442 4.68
15.218209 4.34
15.248567 4.34
15.264567 4.34
15.289693 4.34
15.300442 4.34
15.330944 4.34
15.347097 4.34
15.377693 4.68
15.388443 4.34
15.418963 4.34
15.435098 4.34
15.460221 4.68
15.470945 4.68
15.501444 4.34
15.512209 4.34
15.542444 4.68
15.553209 4.34
15.583570 4.68
15.599570 4.68
15.624695 4.34
15.635445 4.68
15.665946 4.34
15.682100 4.68
15.707223 4.34
15.717946 4.34
15.748446 4.34
15.759211 4.34
15.789571 4.34
15.805696 4.34
15.830696 4.34
15.841446 4.34
15.871946 4.34
15.888100 4.68
15.913101 4.68
15.923948 4.68
15.959697 4.68
15.970447 4.68
16.000948 4.34
16.017100 4.68
16.042228 4.34
16.052949 4.34
16.083448 4.34
16.094214 4.34
16.124573 4.34
16.140574 4.68
16.165698 4.34
16.176449 4.68
16.206950 4.34
16.223103 4.34
16.248103 4.34
16.258977 4.34
16.294700 4.34
16.305575 4.34
16.335950 4.34
16.351951 4.34
16.377230 4.34
16.388102 4.34
16.418450 4.34
16.429218 4.34
16.459451 4.68
16.470216 4.34
16.500450 4.34
16.511218 4.34
16.541576 4.34
16.557452 4.68
16.582702 4.68
16.593577 4.34
16.623952 4.68
16.639952 4.34
16.665345 4.34
16.676096 4.68
16.706578 4.34
16.722578 4.68
16.747703 4.34
16.758578 4.34
16.788953 4.68
16.804954 4.34
16.831958 4.68
16.842828 4.34
16.874958 4.34
16.885829 4.68
16.921579 4.34
16.937579 4.34
16.962704 4.34
16.973580 4.34
17.003955 4.34
17.019955 4.34
17.050580 4.34
17.066580 4.68
17.091706 4.34
17.102580 4.68
17.133111 4.34
17.143956 4.68
17.179581 4.68
17.195581 4.34
17.220706 4.68
17.231581 4.34
17.262111 4.34
17.272957 4.68
17.308582 4.34
17.324582 4.34
17.349707 4.34
17.360582 4.34
17.391111 4.68
17.401957 4.34
17.437583 4.68
17.453583 4.34
17.478708 4.34
17.489583 4.34
17.520113 4.34
17.530840 4.34
17.561584 4.34
17.577584 4.68
17.602709 4.34
17.613584 4.34
17.644111 4.34
17.654843 4.34
17.690584 4.34
17.706585 4.34
17.731709 4.34
17.742460 4.34
17.773113 4.34
17.783843 4.34
17.814351 4.34
17.825113 4.68
17.855460 4.34
17.871461 4.34
17.896461 4.34
17.908864 4.34
17.937586 4.34
17.948462 4.34
17.979116 4.34
17.989991 4.34
18.020462 4.34
18.032855 4.68
18.061587 4.34
18.072354 4.34
18.102713 4.34
18.113463 4.34
18.143990 4.34
18.154712 4.34
18.185463 4.34
18.201588 4.34
18.226588 4.34
18.237355 4.34
18.267714 4.34
18.278589 4.34
18.308843 4.34
18.324992 4.34
18.355590 4.34
18.366465 4.34
18.396715 4.34
18.407465 4.34
18.438119 4.34
18.448994 4.34
18.479466 4.34
18.495590 4.34
18.520591 4.34
18.531356 4.34
18.561716 4.68
18.572591 4.34
18.603121 4.34
18.613993 4.34
18.644466 4.68
18.660592 4.34
18.685592 4.68
18.696359 4.34
18.726717 4.34
18.737592 4.68
18.768121 4.68
18.778846 4.34
18.809467 4.34
18.825593 4.34
18.850593 4.68
18.861358 4.34
18.891718 4.34
18.902593 4.34
18.933122 4.34
18.943998 4.68
18.974469 4.34
18.990594 4.34
19.015594 4.34
19.026344 4.34
19.056719 4.34
19.067594 4.34
19.098125 4.34
19.108997 4.34
19.139470 4.68
19.155595 4.34
19.180596 4.68
19.191362 4.68
19.221720 4.34
19.232596 4.34
19.263125 4.34
19.273997 4.68
19.304471 4.34
19.320596 4.34
19.345597 4.34
19.356363 4.34
19.386722 4.34
19.397597 4.68
19.428125 4.34
19.439002 4.34
19.469472 4.34
19.485598 4.34
19.510473 4.34
19.526625 4.34
19.551723 4.34
19.562598 4.34
19.594877 4.34
19.605723 4.68
19.641599 4.34
19.652474 4.68
19.682724 4.34
19.695366 4.34
19.724001 4.68
19.734850 4.34
19.770599 4.34
19.781367 4.34
19.811725 4.34
19.822475 4.34
19.853004 4.34
19.863725 4.34
19.899600 4.34
19.910475 4.34
19.940726 4.34
19.953368 4.34
19.981852 4.34
19.998005 4.34
20.028602 4.34
20.039368 4.34
20.069853 4.34
20.086005 4.34
20.119602 4.34
20.130478 4.34
20.160727 4.34
20.173132 4.34
20.203732 4.34
20.214477 4.34
20.245005 4.34
20.255728 4.34
20.286370 4.34
20.298732 4.34
20.327478 4.34
20.343604 4.34
20.368479 4.34
20.384604 4.34
20.409480 4.34
20.425604 4.34
20.450479 4.34
20.466604 4.34
20.491604 4.34
20.502355 4.34
20.532730 4.34
20.545132 4.34
20.574010 4.34
20.584857 4.34
20.615370 4.68
20.627735 4.34
20.656606 4.34
20.667481 4.34
20.697731 4.34
20.713731 4.34
20.739011 4.34
20.749858 4.68
20.780374 4.34
20.796374 4.34
20.821482 4.68
20.832357 4.34
20.862482 4.34
20.873358 4.34
20.903482 4.34
20.914358 4.34
20.944608 4.34
20.955483 4.34
20.985733 4.34
21.001733 4.34
21.027013 4.34
21.037733 4.34
21.068376 4.34
21.084248 4.68
21.109484 4.34
21.120374 4.34
21.150609 4.34
21.161484 4.34
21.191735 4.34
21.207735 4.68
21.241375 4.34
21.257377 4.68
21.282485 4.34
21.293378 4.68
21.323485 4.68
21.334360 4.34
21.364611 4.68
21.375486 4.34
21.405736 4.34
21.421736 4.68
21.447013 4.68
21.457863 4.68
21.488487 4.34
21.499377 4.34
21.529612 4.34
21.540362 4.34
21.570737 4.34
21.586737 4.68
21.612016 4.34
21.622738 4.68
21.653380 4.68
21.669381 4.34
21.694613 4.34
21.705488 4.34
21.735739 4.34
21.751739 4.34
21.776865 4.34
21.787739 4.34
21.823614 4.34
21.834489 4.34
21.864739 4.34
21.880739 4.34
21.906019 4.34
21.916865 4.34
21.947490 4.34
21.958382 4.34
21.988490 4.34
21.999365 4.34
22.029491 4.34
22.040381 4.34
22.070491 4.34
22.081366 4.34
22.111491 4.34
22.122366 4.34
22.152492 4.34
22.163366 4.34
22.193491 4.34
22.204367 4.34
22.234492 4.34
22.245367 4.34
22.275492 4.34
22.286368 4.34
22.316493 4.34
22.327382 4.34
22.357493 4.34
22.368368 4.34
22.398493 4.34
22.409368 4.34
22.439634 4.34
22.455768 4.34
22.486502 4.34
22.497502 4.34
22.528000 4.34
22.539048 4.34
22.569498 4.34
22.580373 4.34
22.616029 4.34
22.626872 4.34
22.657371 4.34
22.673259 4.34
22.698371 4.34
22.714385 4.34
22.739496 4.34
22.750371 4.34
22.782755 4.34
22.793629 4.34
22.824397 4.34
22.835394 4.34
22.865750 4.34
22.881750 4.34
22.907389 4.34
22.923392 4.34
22.948748 4.34
22.964748 4.34
22.995389 4.34
23.011387 4.34
23.036623 4.34
23.049024 4.34
23.077748 4.34
23.093748 4.34
23.120628 4.34
23.131499 4.34
23.161748 4.34
23.177749 4.34
23.208142 4.34
23.218875 4.34
23.249499 4.34
23.260390 4.34
23.290500 4.34
23.301375 4.34
23.331500 4.34
23.342375 4.34
23.372500 4.34
23.383376 4.34
23.413500 4.34
23.424375 4.34
23.454500 4.34
23.465376 4.34
23.495501 4.34
23.506267 4.34
23.536765 4.34
