0.000000 0.000000
0.047189 4.34
0.058055 4.34
0.094073 4.34
0.105071 2.66
0.137379 2.34
0.148447 2.34
0.178947 2.34
0.189933 2.34
0.220571 2.34
0.231570 2.34
0.262052 2.34
0.273051 2.34
0.305332 2.34
0.316206 2.34
0.352049 2.34
0.363048 2.34
0.393562 2.34
0.404323 2.34
0.434923 2.34
0.450798 2.34
0.476200 2.34
0.487048 2.34
0.519325 2.34
0.530200 2.34
0.565923 2.34
0.581799 2.34
0.607199 2.34
0.619799 2.34
0.648565 2.34
0.659566 2.34
0.689924 2.34
0.705800 2.34
0.731200 2.34
0.743800 2.34
0.778065 2.34
0.789064 2.34
0.824935 2.34
0.841201 2.34
0.871942 2.34
0.888078 2.34
0.913601 2.34
0.924577 2.34
0.955224 2.34
0.971453 3.33
0.996938 4.02
1.007813 4.02
1.038577 4.02
1.049594 4.02
1.080056 4.02
1.091056 4.02
1.123337 4.02
1.134209 4.02
1.170054 4.02
1.181054 4.02
1.211329 4.02
1.227204 4.02
1.252569 4.02
1.263327 4.02
1.298804 4.02
1.314929 4.02
1.339929 4.02
1.355929 4.02
1.381207 4.02
1.397329 4.02
1.422596 4.02
1.433596 4.02
1.464224 4.02
1.480458 4.02
1.511073 4.02
1.521938 4.02
1.558080 4.02
1.569251 4.02
1.604940 4.02
1.615811 4.02
1.651821 4.34
1.668067 4.34
1.693362 4.34
1.709583 4.34
1.738062 4.34
1.749062 4.34
1.784936 4.02
1.795811 4.34
1.826501 4.34
1.848068 4.34
1.859068 4.34
1.894946 4.34
1.905945 4.34
1.936588 4.34
1.947586 4.34
1.978065 4.34
1.989064 4.34
2.024938 4.34
2.035687 4.34
2.066220 4.34
2.082219 4.34
2.107579 4.34
2.118578 4.34
2.148810 4.34
2.164811 4.34
2.189936 4.34
2.200686 4.34
2.231598 4.34
2.242592 4.34
2.273245 4.34
2.289496 4.34
2.319941 4.68
2.330816 4.68
2.361582 4.34
2.372580 4.34
2.402938 4.34
2.413688 4.68
2.444063 4.34
2.454937 4.68
2.485062 4.34
2.495938 4.68
2.526203 4.34
2.542063 4.34
2.567582 4.34
2.578340 4.34
2.608813 4.34
2.624814 4.34
2.649938 4.68
2.660814 4.68
2.691064 4.68
2.701939 4.34
2.732065 4.68
2.742939 4.34
2.773344 4.34
2.784220 4.68
2.819940 4.68
2.830690 4.34
2.861066 4.34
2.871940 4.68
2.902345 4.68
2.913221 4.34
2.943708 4.34
2.954582 4.34
2.984816 4.34
3.000941 4.34
3.025942 4.34
3.036817 4.34
3.067220 4.34
3.083220 4.34
3.108584 4.34
3.119344 4.34
3.149817 4.68
3.165817 4.34
3.190943 4.34
3.201693 4.68
3.232068 4.34
3.242943 4.34
3.273068 4.68
3.283943 4.34
3.314347 4.68
3.325223 4.34
3.360944 4.34
3.371694 4.34
3.402069 4.34
3.412944 4.34
3.443223 4.34
3.459225 4.34
3.484585 4.34
3.495320 4.34
3.525695 4.34
3.536586 4.34
3.566695 4.34
3.577588 4.34
3.607696 4.68
3.618588 4.34
3.648696 4.68
3.659587 4.68
3.689696 4.34
3.700589 4.34
3.730697 4.34
3.741589 4.34
3.771697 4.34
3.782590 4.68
3.812697 4.34
3.825227 4.34
3.853697 4.34
3.864588 4.34
3.894698 4.34
3.905589 4.68
3.935698 4.68
3.948228 4.68
3.976698 4.68
3.987591 4.34
4.017698 4.34
4.030229 4.68
4.058699 4.68
4.071230 4.68
4.099699 4.68
4.112229 4.68
4.140700 4.34
4.153228 4.34
4.181700 4.34
4.192593 4.34
4.222700 4.68
4.235231 4.34
4.263825 4.68
4.279701 4.68
4.304825 4.34
4.320826 4.68
4.345826 4.68
4.361827 4.68
4.386826 4.34
4.402827 4.68
4.427826 4.34
4.443826 4.68
4.468827 4.68
4.484827 4.68
4.509827 4.68
4.525827 4.34
4.550828 4.68
4.566828 4.68
4.591828 4.34
4.607828 4.68
4.632827 4.68
4.648828 4.34
4.673828 4.34
4.689829 4.68
4.714828 4.68
4.730829 4.68
4.755829 4.34
4.766704 4.34
4.796955 4.34
4.807704 4.68
4.838233 4.68
4.849080 4.68
4.884830 4.68
4.895723 4.68
4.925830 4.68
4.936720 4.68
4.966830 4.68
4.977724 4.68
5.007831 4.68
5.018721 4.68
5.048831 4.68
5.059723 4.68
5.089831 4.34
5.100724 4.68
5.130831 4.68
5.141723 4.68
5.171832 4.34
5.182723 4.68
5.212957 4.68
5.223707 4.68
5.254237 4.68
5.265082 4.68
5.295725 4.68
5.311833 4.68
5.336958 4.68
5.347707 4.68
5.377958 4.68
5.388725 4.68
5.419238 4.34
5.430084 4.34
5.460724 4.68
5.476834 4.68
5.501959 4.34
5.512709 4.68
5.543237 4.68
5.554085 4.68
5.584727 4.68
5.600835 4.68
5.625960 4.68
5.636710 4.68
5.667240 4.68
5.678086 4.68
5.708725 4.68
5.724836 4.68
5.749961 4.34
5.760836 4.34
5.791239 4.34
5.802086 4.68
5.832729 4.68
5.848836 4.34
5.873962 4.68
5.884837 4.68
5.915243 4.34
5.926087 4.68
5.956730 4.34
5.972838 4.34
5.997962 4.68
6.008838 4.68
6.039242 4.68
6.050088 4.34
6.080730 4.68
6.096839 4.68
6.121964 4.68
6.132839 4.68
6.163243 4.68
6.174088 4.68
6.204732 4.68
6.220839 4.68
6.245964 4.68
6.256840 4.68
6.287245 4.34
6.298090 4.68
6.328732 4.34
6.344840 4.68
6.369965 4.68
6.380841 4.68
6.411244 4.68
6.422091 4.68
6.452732 4.34
6.468841 4.34
6.493966 4.34
6.504841 4.68
6.535246 4.34
6.546091 4.34
6.576735 4.34
6.592842 4.34
6.617968 4.34
6.628842 4.34
6.659245 4.68
6.670092 4.68
6.700734 4.34
6.716843 4.34
6.741968 4.68
6.752843 4.68
6.783249 4.34
6.794094 4.68
6.824734 4.34
6.840844 4.68
6.865969 4.34
6.876844 4.68
6.907250 4.68
6.918094 4.68
6.948738 4.68
6.964844 4.34
6.989969 4.34
7.002621 4.68
7.036124 4.34
7.046970 4.68
7.082846 4.34
7.093738 4.34
7.123971 4.34
7.136361 4.68
7.165240 4.34
7.176096 4.34
7.211737 4.34
7.227739 4.68
7.252972 4.68
7.265362 4.34
7.294224 4.68
7.305097 4.68
7.335499 4.34
7.348003 4.34
7.376848 4.68
7.387738 4.34
7.417973 4.68
7.430363 4.68
7.459224 4.34
7.470098 4.34
7.500504 4.68
7.512978 4.68
7.541849 4.68
7.552740 4.68
7.582974 4.68
7.595368 4.68
7.624254 4.68
7.635099 4.68
7.665741 4.68
7.676618 4.68
7.706975 4.68
7.719365 4.68
7.748244 4.68
7.759100 4.34
7.789741 4.68
7.800493 4.68
7.830976 4.68
7.846851 4.34
7.872226 4.68
7.883102 4.68
7.913505 4.68
7.929620 4.68
7.954852 4.34
7.965727 4.68
7.995977 4.68
8.011977 4.68
8.037228 4.68
8.048102 4.68
8.083621 4.34
8.099619 4.34
8.124853 4.68
8.135728 4.68
8.165978 4.68
8.181978 4.68
8.215620 4.68
8.231620 4.68
8.256729 4.34
8.267497 4.34
8.297854 4.34
8.308729 4.34
8.338979 4.34
8.354980 4.68
8.380231 4.34
8.391105 4.68
8.421510 4.68
8.437622 4.68
8.462855 4.34
8.473747 4.34
8.503981 4.34
8.519981 4.34
8.545106 4.34
8.555981 4.68
8.591747 4.68
8.602497 4.34
8.632731 4.34
8.643497 4.34
8.673856 4.34
8.684732 4.34
8.714982 4.34
8.730982 4.34
8.756234 4.34
8.767107 4.68
8.797750 4.34
8.808501 4.68
8.838983 4.68
8.854858 4.34
8.880234 4.68
8.891109 4.68
8.921512 4.34
8.937625 4.68
8.962859 4.68
8.973734 4.34
9.003984 4.34
9.019984 4.68
9.045236 4.68
9.056109 4.34
9.086514 4.68
9.102627 4.34
9.127860 4.68
9.138735 4.68
9.169111 4.68
9.179860 4.34
9.215754 4.68
9.226501 4.34
9.256861 4.68
9.267736 4.34
9.297986 4.34
9.313986 4.68
9.339265 4.34
9.350112 4.34
9.380755 4.34
9.391502 4.34
9.421987 4.68
9.437987 4.68
9.465017 4.68
9.475738 4.68
9.511755 4.68
9.522630 4.68
9.552988 4.34
9.568863 4.68
9.595998 4.34
9.606864 4.68
9.637114 4.68
9.647864 4.34
9.678517 4.68
9.694632 4.68
9.719739 4.68
9.730507 4.34
9.760865 4.68
9.773394 4.68
9.801990 4.68
9.817990 4.34
9.844999 4.68
9.855865 4.68
9.887999 4.68
9.898741 4.68
9.931000 4.34
9.941741 4.68
9.973875 4.68
9.984758 4.34
10.014991 4.34
10.030867 4.68
10.057876 4.34
10.068759 4.68
10.098992 4.68
10.114867 4.34
10.141876 4.68
10.152759 4.68
10.182992 4.68
10.198868 4.68
10.225877 4.68
10.236758 4.68
10.266993 4.68
10.282868 4.34
10.309878 4.34
10.320759 4.68
10.350994 4.68
10.366868 4.68
10.393878 4.34
10.404762 4.68
10.434994 4.68
10.450869 4.68
10.481399 4.68
10.497385 4.68
10.522760 4.68
10.533522 4.68
10.563995 4.34
10.574870 4.34
10.610388 4.68
10.621120 4.34
10.651763 4.68
10.662514 4.68
10.692996 4.68
10.703871 4.68
10.739387 4.68
10.750122 4.34
10.780762 4.68
10.791513 4.68
10.821997 4.34
10.832872 4.68
10.868401 4.68
10.884387 4.68
10.909765 4.68
10.920516 4.34
10.950748 4.68
10.961513 4.68
10.991873 4.68
11.007874 4.68
11.032999 4.34
11.043874 4.68
11.079391 4.34
11.095391 4.68
11.120765 4.68
11.131518 4.68
11.162000 4.68
11.172875 4.68
11.208392 4.34
11.224390 4.68
11.249765 4.34
11.260643 4.34
11.291000 4.34
11.301751 4.34
11.337406 4.68
11.353403 4.34
11.378626 4.34
11.389405 4.34
11.419876 4.34
11.435752 4.68
11.461001 4.34
11.471877 4.34
11.507393 4.34
11.518127 4.34
11.548531 4.34
11.564643 4.34
11.589877 4.34
11.605878 4.34
11.631003 4.34
11.641753 4.34
11.677395 4.68
11.688128 4.68
11.718769 4.68
11.729521 4.68
11.760004 4.34
11.770879 4.34
11.806409 4.34
11.822394 4.34
11.847771 4.68
11.858523 4.34
11.888880 4.34
11.904755 4.34
11.930005 4.34
11.940755 4.34
11.976398 4.34
11.992397 4.34
12.017773 4.34
12.028524 4.34
12.059006 4.68
12.069756 4.68
12.105408 4.68
12.116131 4.68
12.146774 4.68
12.157523 4.34
12.188007 4.34
12.198882 4.34
12.234399 4.68
12.250399 4.68
12.275774 4.34
12.288259 4.34
12.317008 4.68
12.327758 4.68
12.363398 4.68
12.374133 4.68
12.404773 4.34
12.417259 4.68
12.445883 4.34
12.461759 4.68
12.487009 4.68
12.497759 4.34
12.529916 4.68
12.540651 4.34
12.576411 4.68
12.592403 4.34
12.617651 4.34
12.628402 4.34
12.658652 4.34
12.669400 4.68
12.699886 4.34
12.715885 4.34
12.741011 4.68
12.751885 4.68
12.787401 4.68
12.799918 4.34
12.828655 4.68
12.839403 4.34
12.869887 4.34
12.885886 4.34
12.911012 4.34
12.921887 4.34
12.957405 4.68
12.973403 4.34
12.998653 4.34
13.009403 4.68
13.039888 4.68
13.055889 4.68
13.081013 4.34
13.091889 4.34
13.127419 4.68
13.143415 4.34
13.168654 4.68
13.179404 4.34
13.209764 4.34
13.222139 4.34
13.250890 4.34
13.266765 4.68
13.292015 4.34
13.302890 4.34
13.333419 4.34
13.349419 4.34
13.374657 4.34
13.385563 4.34
13.421564 4.34
13.432544 4.34
13.463170 4.34
13.474021 4.34
13.504664 4.34
13.515439 4.34
13.551563 4.34
13.562425 4.34
13.592893 4.02
13.608892 4.34
13.634017 4.34
13.644768 4.34
13.675268 4.34
13.686017 4.34
13.716787 4.34
13.732900 4.34
13.763677 4.34
13.774540 4.34
13.810304 4.34
13.826271 4.34
13.851705 4.34
13.864152 4.34
13.893019 4.34
13.903894 4.34
13.934423 4.34
13.950422 4.34
13.975661 4.34
13.986422 4.34
14.016770 4.34
14.032661 4.34
14.057895 4.34
14.073771 4.34
14.099021 4.34
14.109895 4.34
14.145425 4.34
14.161422 4.34
14.186771 4.34
14.202772 4.34
14.227772 4.34
14.243771 4.34
14.268897 4.34
14.284897 4.34
14.310022 4.34
14.320772 4.34
14.356427 4.34
14.372302 4.34
14.397773 4.34
14.413773 4.34
14.438774 4.34
14.454666 4.34
14.479773 4.34
14.495773 4.34
14.520774 4.34
14.536914 4.34
