0.000000 0.000000
0.042153 4.34
0.058340 4.34
0.088722 4.34
0.099731 2.66
0.130366 2.34
0.141377 2.34
0.172037 2.34
0.188360 2.34
0.218841 2.66
0.229712 2.34
0.260086 2.66
0.270837 2.34
0.301085 2.34
0.311836 2.66
0.342083 2.34
0.352832 2.66
0.383082 2.66
0.393832 2.34
0.424222 2.34
0.434983 2.66
0.470458 2.66
0.481348 2.66
0.511583 2.66
0.527459 2.34
0.552860 2.34
0.563708 2.66
0.594350 2.66
0.605226 2.66
0.640459 2.66
0.651348 2.66
0.681584 2.66
0.697460 2.34
0.722710 2.34
0.733584 2.34
0.764250 2.34
0.775124 2.66
0.805866 2.66
0.816893 2.34
0.852737 2.34
0.863727 2.34
0.896018 2.34
0.907013 2.34
0.937726 2.66
0.948724 2.34
0.981010 4.02
0.992019 4.34
1.027893 4.34
1.040469 4.02
1.074716 4.02
1.085717 4.02
1.116229 4.34
1.127231 4.02
1.162714 4.34
1.173714 4.34
1.204230 4.34
1.214990 4.34
1.250463 4.34
1.261356 4.02
1.291589 4.34
1.307464 4.34
1.332868 4.34
1.343714 4.02
1.374355 4.34
1.385228 4.34
1.415590 4.34
1.431858 4.34
1.456990 4.34
1.472977 4.34
1.498618 4.34
1.509478 4.34
1.540238 4.34
1.551236 4.34
1.581594 4.34
1.597593 4.34
1.622876 4.34
1.639105 4.34
1.669726 4.34
1.680726 4.34
1.712974 4.34
1.723849 4.34
1.759721 4.34
1.770596 4.34
1.802971 4.34
1.813846 4.34
1.844363 4.34
1.855110 4.34
1.885718 4.34
1.896469 4.34
1.926998 4.34
1.943124 4.34
1.968359 4.34
1.979111 4.34
2.014720 4.34
2.025469 4.34
2.055998 4.34
2.072124 4.34
2.102720 4.34
2.113595 4.34
2.144125 4.34
2.154997 4.34
2.190720 4.34
2.201471 4.34
2.232122 4.34
2.242847 4.34
2.278596 4.34
2.294722 4.34
2.319721 4.34
2.330597 4.34
2.361126 4.34
2.372000 4.34
2.407722 4.34
2.418472 4.34
2.449001 4.34
2.465002 4.34
2.495598 4.34
2.511722 4.34
2.536723 4.34
2.547598 4.34
2.578000 4.34
2.593850 4.34
2.624599 4.34
2.640724 4.34
2.665724 4.34
2.676599 4.34
2.707003 4.34
2.723128 4.34
2.753600 4.34
2.769725 4.34
2.794852 4.34
2.807368 4.34
2.841600 4.34
2.852350 4.34
2.882725 4.34
2.893476 4.34
2.924005 4.34
2.934725 4.34
2.970601 4.34
2.981477 4.34
3.011726 4.34
3.022476 4.34
3.052995 4.34
3.063727 4.34
3.099602 4.34
3.110351 4.34
3.140728 4.34
3.151477 4.34
3.181854 4.34
3.197995 4.34
3.223131 4.34
3.233978 4.34
3.264353 4.34
3.275120 4.34
3.305353 4.34
3.316121 4.34
3.346354 4.34
3.357122 4.34
3.387370 4.34
3.398120 4.34
3.428479 4.34
3.444604 4.34
3.469480 4.34
3.485605 4.34
3.510480 4.34
3.526605 4.34
3.551480 4.34
3.567606 4.34
3.592480 4.34
3.608606 4.34
3.633481 4.34
3.649606 4.34
3.674481 4.34
3.690606 4.34
3.715481 4.34
3.731606 4.34
3.756482 4.34
3.772482 4.34
3.797482 4.34
3.813607 4.34
3.838482 4.34
3.854483 4.34
3.879483 4.34
3.895608 4.34
3.920483 4.34
3.936608 4.34
3.961483 4.34
3.977608 4.34
4.002484 4.34
4.018608 4.34
4.043484 4.34
4.059609 4.34
4.084484 4.34
4.100609 4.34
4.125484 4.34
4.141610 4.34
4.166485 4.34
4.182485 4.34
4.207485 4.34
4.223610 4.34
4.248485 4.34
4.264610 4.34
4.289486 4.34
4.305611 4.34
4.330486 4.34
4.346611 4.34
4.371487 4.34
4.387611 4.34
4.412486 4.34
4.428486 4.34
4.453486 4.34
4.469612 4.34
4.494487 4.34
4.510613 4.34
4.535487 4.34
4.551612 4.34
4.576488 4.34
4.592613 4.34
4.617488 4.34
4.633488 4.34
4.658488 4.34
4.674614 4.34
4.699489 4.34
4.715614 4.34
4.740489 4.34
4.756614 4.34
4.781489 4.34
4.797614 4.34
4.822489 4.34
4.838614 4.34
4.863490 4.34
4.879615 4.34
4.904490 4.34
4.920615 4.34
4.945490 4.34
4.961616 4.34
4.986616 4.34
4.997365 4.34
5.027868 4.34
5.043991 4.34
5.074616 4.34
5.085367 4.34
5.115868 4.34
5.131992 4.34
5.158872 4.34
5.169742 4.34
5.205618 4.34
5.216367 4.34
5.246869 4.34
5.262993 4.34
5.289748 4.34
5.300493 4.34
5.336387 4.34
5.348747 4.34
5.377617 4.34
5.388369 4.34
5.418896 4.34
5.434888 4.34
5.465619 4.34
5.476369 4.34
5.506870 4.34
5.522871 4.34
5.553620 4.34
5.564369 4.34
5.594872 4.34
5.611013 4.34
5.637750 4.34
5.648496 4.34
5.684387 4.34
5.700389 4.34
5.725621 4.34
5.736496 4.34
5.766872 4.34
5.777746 4.34
5.813622 4.34
5.824371 4.34
5.854747 4.34
5.867138 4.34
5.901388 4.34
5.917389 4.34
5.942623 4.34
5.953498 4.34
5.983874 4.34
5.994747 4.34
6.030392 4.34
6.046391 4.34
6.071623 4.34
6.082373 4.34
6.112875 4.34
6.123749 4.34
6.159624 4.34
6.170374 4.34
6.200876 4.34
6.211750 4.34
6.247392 4.34
6.263393 4.34
6.288625 4.34
6.299500 4.34
6.329877 4.34
6.340750 4.34
6.376501 4.34
6.387393 4.34
6.417626 4.34
6.428501 4.34
6.458877 4.34
6.469751 4.34
6.505392 4.34
6.521502 4.34
6.546627 4.34
6.557377 4.34
6.587878 4.34
6.598752 4.34
6.634628 4.34
6.645377 4.34
6.675879 4.34
6.686753 4.34
6.722401 4.34
6.738396 4.34
6.763755 4.34
6.779755 4.34
6.810402 4.34
6.826401 4.34
6.851884 4.34
6.862756 4.34
6.893395 4.34
6.909399 4.34
6.934630 4.34
6.945380 4.34
6.975882 4.34
6.986755 4.34
7.022395 4.34
7.038399 4.34
7.063630 4.34
7.074506 4.34
7.104882 4.34
7.115756 4.34
7.151641 4.34
7.162640 4.68
7.198512 4.68
7.209512 5.00
7.240026 5.00
7.250888 4.68
7.281635 4.68
7.292510 4.68
7.323041 5.00
7.333885 4.68
7.364399 5.00
7.380508 4.68
7.405507 5.00
7.416402 4.68
7.446634 5.00
7.457383 5.00
7.487884 4.68
7.498759 4.68
7.534401 4.68
7.550400 5.00
7.575634 4.68
7.586385 5.00
7.616885 5.00
7.627760 4.68
7.658039 5.00
7.668886 4.68
7.699400 5.00
7.715510 4.68
7.740635 5.00
7.753154 5.00
7.781887 5.00
7.792761 5.00
7.828404 4.68
7.844403 5.00
7.869637 4.68
7.882152 5.00
7.915781 5.00
7.926637 4.68
7.962405 5.00
7.978403 4.68
8.003637 5.00
8.016153 5.00
8.044918 4.68
8.055762 5.00
8.086406 4.68
8.102513 5.00
8.127638 4.68
8.140031 5.00
8.168908 5.00
8.179764 5.00
8.215405 5.00
8.231404 4.68
8.256639 5.00
8.269031 5.00
8.297765 5.00
8.313891 5.00
8.344406 5.00
8.360405 5.00
8.385639 4.68
8.398044 5.00
8.426906 5.00
8.437765 5.00
8.468409 5.00
8.484407 5.00
8.509640 5.00
8.522046 4.68
8.550919 5.00
8.561766 4.68
8.592410 5.00
8.603284 5.00
8.633642 5.00
8.646032 5.00
8.674920 5.00
8.685767 5.00
8.716409 4.68
8.727284 5.00
8.757393 4.68
8.768283 4.68
8.798393 5.00
8.809283 5.00
8.839518 5.00
8.850393 5.00
8.880643 4.68
8.896643 4.68
8.921895 5.00
8.932769 4.68
8.968412 5.00
8.979161 5.00
9.009395 5.00
9.020160 5.00
9.050520 4.68
9.061395 5.00
9.091645 4.68
9.107645 5.00
9.132896 5.00
9.143771 5.00
9.174174 5.00
9.184897 5.00
9.215521 5.00
9.226397 4.68
9.256646 5.00
9.272521 4.68
9.297897 5.00
9.308771 5.00
9.339176 5.00
9.355288 5.00
9.380397 5.00
9.391165 5.00
9.421398 4.68
9.432163 5.00
9.462398 4.68
9.473163 5.00
9.503523 5.00
9.514398 5.00
9.544648 5.00
9.560649 5.00
9.585773 5.00
9.596524 4.68
9.632416 5.00
9.643167 5.00
9.673524 5.00
9.684400 5.00
9.714774 5.00
9.725649 5.00
9.761417 4.68
9.772168 5.00
9.802650 5.00
9.818525 5.00
9.843902 5.00
9.854776 4.68
9.885178 5.00
9.895903 4.68
9.926401 5.00
9.937166 4.68
9.967401 5.00
9.978167 5.00
10.008527 5.00
10.019401 5.00
10.049652 5.00
10.065652 5.00
10.090904 4.68
10.101777 5.00
10.132420 4.68
10.143171 5.00
10.173653 4.68
10.189528 5.00
10.214904 4.68
10.225778 5.00
10.256182 5.00
10.272294 4.68
10.297404 5.00
10.308169 4.68
10.338404 5.00
10.349173 5.00
10.379404 5.00
10.390172 5.00
10.420529 5.00
10.431405 5.00
10.461655 4.68
10.477655 5.00
10.502780 4.68
10.513530 5.00
10.544184 5.00
10.560299 5.00
10.585531 5.00
10.598058 5.00
10.626656 5.00
10.642656 4.68
10.669665 5.00
10.680532 4.68
10.710908 5.00
10.721782 5.00
10.752186 5.00
10.762908 5.00
10.793407 5.00
10.804173 5.00
10.834408 4.68
10.845175 5.00
10.875533 4.68
10.887908 5.00
10.916658 5.00
10.932658 4.68
10.957783 5.00
10.968534 5.00
10.999063 5.00
11.011543 4.68
11.040534 5.00
11.052910 4.68
11.081660 5.00
11.092409 5.00
11.124543 5.00
11.135426 5.00
11.165660 4.68
11.181661 5.00
11.208545 4.68
11.219426 5.00
11.249661 4.68
11.265660 5.00
11.292545 5.00
11.303429 5.00
11.333662 5.00
11.349661 4.68
11.380066 5.00
11.392545 5.00
11.421412 5.00
11.432177 5.00
11.462412 5.00
11.473180 5.00
11.503537 4.68
11.515940 5.00
11.544663 4.68
11.555413 5.00
11.591056 5.00
11.607056 4.68
11.632429 5.00
11.643180 4.68
11.673664 5.00
11.684539 5.00
11.720068 5.00
11.736054 5.00
11.761430 4.68
11.772308 5.00
11.802665 4.68
11.813414 5.00
11.849067 4.68
11.865057 5.00
11.890433 4.68
11.901183 4.68
11.931665 5.00
11.942541 4.68
11.972791 5.00
11.983541 5.00
12.014195 5.00
12.030306 5.00
12.055542 5.00
12.071416 5.00
12.096667 4.68
12.107542 5.00
12.143061 4.68
12.159059 5.00
12.184434 5.00
12.195185 5.00
12.225668 5.00
12.236417 4.68
12.267198 5.00
12.283310 4.68
12.308543 5.00
12.324418 5.00
12.349669 4.68
12.360544 4.68
12.396072 5.00
12.406794 5.00
12.437310 4.68
12.448063 5.00
12.478419 5.00
12.489186 4.68
12.519436 5.00
12.530185 5.00
12.560670 5.00
12.571545 4.68
12.607075 5.00
12.623066 5.00
12.648314 5.00
12.659063 5.00
12.689546 4.68
12.705546 5.00
12.730671 4.68
12.741421 5.00
12.777073 4.68
12.787797 4.68
12.818315 4.68
12.829064 4.68
12.859313 5.00
12.870064 4.68
12.900548 5.00
12.916548 4.68
12.941673 5.00
12.952548 5.00
12.988077 5.00
13.004075 5.00
13.029316 4.68
13.040065 5.00
13.070549 5.00
13.086549 5.00
13.111674 5.00
13.122424 5.00
13.158078 5.00
13.174079 4.68
13.199316 5.00
13.210068 5.00
13.240550 5.00
13.256550 5.00
13.281675 5.00
13.292550 5.00
13.323077 4.68
13.333800 5.00
13.364318 4.68
13.375066 5.00
13.405319 5.00
13.416068 5.00
13.446427 5.00
13.458927 5.00
13.487552 5.00
13.503552 4.68
13.528552 5.00
13.544552 4.68
13.569677 5.00
13.580552 4.68
13.611081 5.00
13.627081 5.00
13.652318 5.00
13.663082 5.00
13.693553 4.68
13.709554 5.00
13.734678 4.68
13.745554 5.00
13.776084 4.68
13.788431 5.00
13.817320 5.00
13.828081 5.00
13.858429 5.00
13.870810 4.68
13.899555 4.68
13.915430 4.68
13.940680 5.00
13.951430 4.68
13.982084 5.00
13.998084 4.68
14.023431 5.00
14.035811 5.00
14.064556 4.68
14.080556 5.00
14.105681 4.68
14.116556 5.00
14.147087 4.68
14.163086 5.00
14.188432 5.00
14.200811 5.00
14.229557 5.00
14.245557 4.68
14.270682 5.00
14.281557 4.68
14.312088 5.00
14.328088 4.68
14.353433 5.00
14.365811 5.00
14.394433 5.00
14.410558 5.00
14.435558 5.00
14.451434 5.00
14.476683 4.68
14.487434 5.00
14.523089 4.68
14.539093 5.00
14.564434 5.00
14.580435 4.68
14.605435 5.00
14.621327 4.68
14.646435 5.00
14.662560 5.00
14.687435 5.00
14.703435 5.00
14.728561 5.00
14.744561 5.00
14.769686 5.00
14.780561 5.00
14.816090 4.68
14.832089 5.00
14.857437 5.00
14.873328 5.00
14.898437 5.00
14.914437 4.68
14.939437 5.00
14.955437 4.68
14.980437 5.00
14.996331 4.68
15.021438 5.00
15.037330 5.00
15.062438 5.00
15.078330 5.00
15.103563 5.00
15.119563 5.00
15.144688 4.68
15.155439 5.00
15.186090 4.68
15.201968 5.00
15.227439 5.00
15.243439 5.00
15.268565 5.00
15.284439 5.00
15.309690 5.00
15.320440 4.68
15.356094 5.00
15.372094 5.00
15.397440 5.00
15.413440 5.00
15.438441 5.00
15.454332 5.00
15.479441 4.68
15.495441 5.00
15.520566 4.68
15.536441 5.00
15.561691 5.00
15.572441 5.00
15.608097 5.00
15.624097 4.68
15.649442 5.00
15.665334 4.68
15.690567 4.68
15.706568 4.68
15.731693 5.00
15.742568 5.00
15.773096 5.00
15.789097 5.00
15.814444 4.68
15.830444 5.00
15.855569 4.68
15.871569 5.00
15.898445 5.00
15.909337 5.00
15.939569 5.00
15.955569 5.00
15.980694 5.00
15.991444 4.68
16.022099 5.00
16.038098 5.00
16.063445 5.00
16.079337 5.00
16.104570 5.00
16.120446 5.00
16.147447 5.00
16.158347 5.00
16.188571 4.68
16.199338 5.00
16.231448 5.00
16.242338 5.00
16.272572 5.00
16.283337 5.00
16.315465 5.00
16.326340 4.68
16.358449 5.00
16.369339 5.00
16.401448 5.00
16.412340 5.00
16.442448 5.00
16.458323 5.00
16.483448 4.68
16.499323 5.00
16.524573 5.00
16.535343 5.00
16.567478 5.00
16.578340 5.00
16.610355 5.00
16.621089 5.00
16.651714 5.00
16.668088 4.68
16.693354 4.34
16.709583 4.34
16.740224 4.34
16.751118 4.34
16.786830 4.34
16.799329 4.34
16.828345 4.34
16.844343 4.34
16.869702 4.34
16.880451 4.34
16.911105 4.34
16.921981 4.34
16.952344 4.34
16.968348 4.34
16.999230 4.34
17.010228 4.34
17.040709 4.34
17.051708 4.34
17.082115 4.34
17.092999 4.34
17.123455 4.34
17.139454 4.34
17.164455 4.34
17.175329 4.34
17.205453 4.34
17.216329 4.34
17.246453 4.34
17.257329 4.34
17.287454 4.34
17.298346 4.34
17.328579 4.34
17.339454 4.34
17.374862 4.34
17.387358 4.34
17.415984 4.34
17.431865 4.34
17.457344 4.34
17.473345 4.34
17.498331 4.34
17.514331 4.34
17.545105 4.34
