0.000000 0.000000
0.042001 4.34
0.058330 4.34
0.088858 4.34
0.099844 2.66
0.135986 2.66
0.148645 2.66
0.182871 2.34
0.193842 2.66
0.224461 2.66
0.235460 2.66
0.266072 2.66
0.282072 2.34
0.312600 2.66
0.328599 2.66
0.354070 2.34
0.370069 2.66
0.395193 2.66
0.405959 2.66
0.436318 2.66
0.447194 2.34
0.477833 2.34
0.488595 2.66
0.519194 2.66
0.529957 2.34
0.565596 2.34
0.576319 2.66
0.606961 2.66
0.617833 2.34
0.648195 2.66
0.658945 2.34
0.694594 2.66
0.705321 2.34
0.735961 2.66
0.746835 2.34
0.782859 2.34
0.793844 2.34
0.826121 2.66
0.837098 2.66
0.867725 2.34
0.878724 2.66
0.909332 2.34
0.920331 2.34
0.951120 2.34
0.969155 3.33
0.992711 4.02
1.008848 4.34
1.034331 4.02
1.045329 4.02
1.075967 4.34
1.088487 4.34
1.122605 4.34
1.138604 4.34
1.164076 4.02
1.180076 4.02
1.205200 4.34
1.215950 4.34
1.251598 4.34
1.267603 4.34
1.292839 4.34
1.303841 4.34
1.334200 4.34
1.344951 4.34
1.380602 4.02
1.391326 4.34
1.422118 4.34
1.438341 4.34
1.463717 4.34
1.474716 4.34
1.505339 4.34
1.516086 4.34
1.546995 4.34
1.563213 4.34
1.593855 4.34
1.604855 4.34
1.640620 4.34
1.656707 4.34
1.682095 4.34
1.697957 4.34
1.728608 4.34
1.740956 4.68
1.770080 4.68
1.785954 4.68
1.811080 5.00
1.821955 5.00
1.852205 5.35
1.863080 5.35
1.898609 5.35
1.914607 5.35
1.940080 5.35
1.955955 5.35
1.981081 5.35
1.991956 5.35
2.022081 5.35
2.032973 5.35
2.063081 5.35
2.073956 5.35
2.104082 5.35
2.114957 5.35
2.150713 5.35
2.161637 5.35
2.192337 5.35
2.203211 5.35
2.233742 5.35
2.244618 5.35
2.275084 5.35
2.290959 5.35
2.316084 5.35
2.326959 5.35
2.357083 5.35
2.367958 5.35
2.398083 5.35
2.408959 5.35
2.439209 5.35
2.449959 5.35
2.485460 5.35
2.501460 5.35
2.526974 5.35
2.542978 5.35
2.568085 5.35
2.578960 5.35
2.609085 5.35
2.619961 5.35
2.650085 5.35
2.660961 5.35
2.691211 5.35
2.702086 5.35
2.737463 5.35
2.753463 5.35
2.778977 5.35
2.794977 5.35
2.820087 5.35
2.830977 5.35
2.861087 5.35
2.871962 5.35
2.902087 5.35
2.912963 5.35
2.943088 5.35
2.953963 5.35
2.984088 5.35
2.994854 5.35
3.025723 5.35
3.036721 5.35
3.067344 5.35
3.078343 5.35
3.108981 5.35
3.124980 5.35
3.150216 5.35
3.161091 5.35
3.196495 5.35
3.212493 5.35
3.240616 5.35
3.256496 5.35
3.281981 5.35
3.297999 5.35
3.323497 5.35
3.339496 5.35
3.364982 5.35
3.381091 5.35
3.406091 5.35
3.421966 5.35
3.447216 5.35
3.457966 5.35
3.493617 5.35
3.509496 5.35
3.534856 5.35
3.545618 5.35
3.575983 5.35
3.591982 5.35
3.617099 5.35
3.627992 5.35
3.663722 5.35
3.674505 5.35
3.705096 5.35
3.715986 5.35
3.751595 5.35
3.767499 5.35
3.800594 5.35
3.816471 5.35
3.841987 5.35
3.857988 5.35
3.883220 5.35
3.893970 5.35
3.924872 5.35
3.937352 5.35
3.967975 5.35
3.978745 5.35
4.010974 5.35
4.021864 5.35
4.051972 5.35
4.067972 5.35
4.092972 5.35
4.108972 5.35
4.133972 5.35
4.149990 5.35
4.174973 5.35
4.190973 5.35
4.215973 5.35
4.231973 5.35
4.257661 5.35
4.268660 5.35
4.299232 5.35
4.310123 5.35
4.341017 5.35
4.357239 5.35
4.382670 7.69
4.393668 8.03
4.424232 8.03
4.435106 8.03
4.465768 7.02
4.476729 8.03
4.507228 8.03
4.517992 8.35
4.548478 8.35
4.564478 8.03
4.589993 8.35
4.605975 8.35
4.631101 8.35
4.641975 7.69
4.672101 8.35
4.682976 8.35
4.713101 8.35
4.723976 7.37
4.754102 8.03
4.764977 8.03
4.795102 8.03
4.805977 8.35
4.836102 8.03
4.846978 8.35
4.877103 8.35
4.887978 8.35
4.918102 7.02
4.928868 8.03
4.959103 8.35
4.969978 8.35
5.000103 8.35
5.010978 8.03
5.041104 8.35
5.051979 8.03
5.082104 8.35
5.092979 7.37
5.123105 8.03
5.133980 8.35
5.164105 8.35
5.174980 8.35
5.205105 8.03
5.215980 8.35
5.246105 8.03
5.256981 8.35
5.287105 7.69
5.297981 8.35
5.328106 8.35
5.338981 8.35
5.369106 7.69
5.379981 8.03
5.410107 8.35
5.420982 8.03
5.451107 8.35
5.461982 8.03
5.492108 8.35
5.502982 8.35
5.533107 8.35
5.543983 6.68
5.574233 8.03
5.584983 8.03
5.615485 8.35
5.631488 8.35
5.656999 8.03
5.673001 8.35
5.697984 8.35
5.708751 8.35
5.738985 7.37
5.749752 8.35
5.780110 8.35
5.790985 8.35
5.826360 8.35
5.837110 8.03
5.867765 8.35
5.878610 8.35
5.909110 8.03
5.919985 8.03
5.955360 8.35
5.966236 8.35
5.996765 8.35
6.007611 8.03
6.038112 8.35
6.048986 8.35
6.084362 8.03
6.095112 7.69
6.125766 8.03
6.136613 8.35
6.166988 8.03
6.178003 1.06
6.208672 4.68
6.219671 4.68
6.251871 4.68
6.262889 4.68
6.298653 4.34
6.309494 4.68
6.340116 4.34
6.350991 4.68
6.386492 4.34
6.402491 4.34
6.428007 4.34
6.444007 4.34
6.469115 4.34
6.479990 4.34
6.515365 4.34
6.527866 4.68
6.556767 4.34
6.569365 4.34
6.598116 4.34
6.608991 4.34
6.644366 4.68
6.660790 4.68
6.686019 4.34
6.697000 4.68
6.727500 4.34
6.738372 4.68
6.769122 4.68
6.779996 4.68
6.810637 4.34
6.821369 4.68
6.852010 4.34
6.868009 4.68
6.893118 4.68
6.903994 4.34
6.939367 4.68
6.951870 4.34
6.980772 4.68
6.993369 4.68
7.021994 4.34
7.032760 4.34
7.063119 4.68
7.073994 4.68
7.109370 4.34
7.121871 4.34
7.150773 4.34
7.166773 4.68
7.192121 4.34
7.203012 4.68
7.238371 4.68
7.254371 4.34
7.279886 4.34
7.295887 4.34
7.321014 4.34
7.331887 4.34
7.367372 4.34
7.383247 4.34
7.408776 4.34
7.424638 4.34
7.449997 4.34
7.460763 4.68
7.490997 4.68
7.501762 4.34
7.537386 4.68
