0.000000 0.000000
0.041935 4.34
0.052809 4.34
0.083439 4.34
0.094438 3.01
0.125052 2.66
0.141316 2.66
0.171952 2.34
0.182941 2.66
0.218810 2.66
0.229809 2.66
0.260291 2.66
0.271165 2.66
0.301806 2.66
0.312802 2.66
0.343164 2.66
0.354038 2.66
0.389806 2.66
0.400555 2.66
0.430912 2.66
0.441801 2.66
0.471912 2.66
0.482804 2.66
0.512913 2.66
0.523801 2.66
0.553913 2.66
0.564802 2.66
0.594914 2.66
0.605803 2.66
0.635914 2.66
0.646803 2.66
0.676915 2.66
0.687805 2.66
0.717914 2.66
0.728804 2.66
0.759181 2.66
0.775431 2.66
0.800822 2.66
0.811816 2.66
0.842443 2.66
0.853428 2.66
0.884057 2.66
0.900319 2.66
0.925831 2.66
0.936822 2.66
0.969125 3.01
0.980335 4.02
1.010818 4.34
1.021816 4.34
1.052423 4.34
1.063297 4.34
1.093810 4.34
1.104562 4.34
1.135170 4.34
1.146044 4.34
1.181810 4.34
1.192561 4.34
1.222918 4.34
1.233808 4.34
1.263918 4.34
1.274685 4.34
1.304919 4.34
1.315809 4.34
1.345918 4.34
1.356808 4.34
1.386920 4.34
1.397694 4.34
1.428337 4.34
1.439334 4.34
1.469963 4.34
1.482580 4.34
1.516822 4.34
1.527816 4.34
1.563748 4.34
1.574827 4.34
1.605316 4.34
1.616315 4.34
1.646934 4.34
1.659626 4.34
1.693822 4.34
1.704823 4.68
1.737105 4.34
1.748052 4.68
1.783817 4.34
1.794567 4.34
1.827081 4.34
1.837818 4.34
1.868598 4.34
1.884566 4.34
1.909814 4.34
1.920565 4.68
1.950924 4.68
1.961690 4.68
1.992049 4.34
2.007925 4.68
2.033175 4.34
2.044049 4.34
2.074579 4.34
2.090577 4.68
2.115815 4.34
2.126569 4.34
2.156926 4.34
2.167694 4.68
2.198051 4.34
2.214051 4.34
2.239176 4.68
2.250052 4.68
2.280581 4.68
2.296582 4.34
2.321820 4.68
2.332580 4.34
2.362927 4.34
2.375427 4.34
2.404052 4.68
2.419928 4.68
2.445177 4.68
2.455928 4.34
2.486580 4.68
2.498929 4.34
2.528054 4.34
2.544054 4.68
2.569054 4.68
2.579822 4.34
2.610179 4.34
2.620929 4.34
2.651430 4.34
2.662179 4.34
2.692698 4.34
2.703582 4.68
2.734055 4.34
2.749930 4.34
2.775180 4.34
2.786056 4.34
2.816584 4.34
2.832582 4.34
2.857931 4.34
2.870312 4.34
2.899056 4.34
2.914931 4.34
2.940181 4.68
2.950932 4.68
2.981587 4.34
2.997586 4.34
3.022932 4.34
3.038932 4.34
3.063932 4.34
3.080057 4.34
3.104933 4.34
3.120933 4.34
3.145933 4.34
3.161825 4.34
3.186934 4.34
3.199312 4.34
3.228059 4.34
3.243933 4.34
3.269184 4.68
3.279934 4.34
3.310586 4.34
3.326466 4.34
3.351934 4.34
3.367825 4.34
3.392935 4.68
3.408935 4.34
3.433935 4.68
3.449827 4.34
3.474936 4.34
3.490828 4.34
3.516061 4.68
3.531935 4.34
3.557186 4.34
3.567936 4.34
3.603591 4.34
3.619588 4.34
3.644937 4.34
3.661062 4.34
3.686062 4.34
3.702062 4.68
3.727187 4.68
3.737938 4.34
3.768592 4.34
3.784593 4.34
3.809828 4.34
3.820590 4.68
3.851064 4.68
3.867063 4.34
3.892189 4.34
3.903064 4.34
3.933593 4.34
3.949471 4.34
3.974939 4.68
3.990939 4.68
4.015940 4.68
4.032065 4.34
4.056940 4.34
4.072940 4.34
4.098065 4.34
4.114065 4.34
4.139190 4.34
4.149941 4.34
4.180593 4.34
4.196471 4.34
4.221941 4.68
4.237941 4.68
4.262942 4.34
4.278832 4.34
4.303942 4.34
4.319957 4.34
4.344942 4.34
4.360834 4.34
4.385943 4.68
4.401942 4.68
4.426943 4.34
4.442835 4.34
4.467943 4.68
4.483835 4.68
4.509069 4.34
4.524943 4.34
4.551944 4.34
4.562837 4.34
4.593069 4.68
4.608944 4.34
4.634069 4.68
4.644819 4.68
4.676975 4.34
4.687836 4.68
4.719973 4.68
4.730837 4.68
4.762965 4.68
4.773838 4.68
4.804071 4.34
4.820071 4.68
4.846947 4.68
4.857838 4.68
4.888071 4.68
4.898946 4.34
4.930948 4.68
4.941839 4.68
4.972072 4.68
4.982947 4.68
5.014977 4.68
5.025840 4.34
5.057978 4.68
5.068840 4.68
5.100966 4.68
5.111840 4.68
5.143967 4.68
5.154841 4.68
5.186967 4.68
5.197841 4.68
5.233482 4.68
5.244198 4.34
5.274841 4.34
5.287199 4.34
5.316074 4.34
5.326824 4.34
5.358840 4.34
5.369593 4.34
5.399825 4.34
5.412200 4.34
5.440950 4.34
5.456825 4.34
5.482075 4.68
5.492826 4.68
5.528365 4.34
5.540844 4.34
5.569841 4.34
5.585826 4.34
5.610951 4.34
5.626843 4.34
5.652077 4.34
5.662952 4.34
5.698481 4.34
5.714364 4.34
5.739952 4.34
5.755828 4.34
5.781078 4.34
5.791828 4.34
5.827349 4.34
5.843330 4.68
5.868846 4.34
5.884846 4.34
5.909954 4.34
5.920846 4.34
5.950954 4.34
5.961829 4.34
5.991954 4.34
6.002829 4.34
6.033080 4.34
6.043955 4.34
6.079331 4.34
6.095332 4.34
6.120847 4.34
6.136847 4.68
6.162081 4.34
6.172956 4.34
6.208332 4.68
6.224366 4.34
6.249849 4.34
6.265848 4.34
6.290956 4.68
6.306832 4.34
6.332082 4.34
6.342957 4.34
6.378336 4.34
6.394487 4.34
6.419850 4.34
6.435848 4.34
6.460958 4.34
6.476958 4.34
6.501957 4.34
6.512833 4.34
6.542958 4.34
6.553834 4.68
6.583959 4.34
6.594834 4.68
6.624959 4.34
6.635834 4.34
6.665959 4.34
6.676852 4.34
6.706960 4.68
6.717835 4.34
6.748085 4.34
6.758960 4.34
6.794336 4.34
6.810336 4.68
6.835851 4.68
6.851853 4.68
6.876961 4.34
6.887851 4.34
6.917961 4.34
6.928836 4.68
6.958962 4.68
6.969836 4.68
6.999962 4.34
7.010837 4.34
7.040962 4.34
7.051837 4.34
7.081962 4.68
7.092837 4.34
7.122962 4.68
7.133838 4.68
7.163963 4.34
7.174838 4.34
7.204963 4.34
7.215839 4.34
7.245964 4.34
7.256839 4.34
7.286964 4.34
7.297839 4.34
7.328089 4.34
7.338964 4.34
7.374340 4.34
7.390341 4.34
7.415619 4.34
7.426341 4.34
7.456965 4.34
7.472841 4.34
7.497965 4.34
7.508841 4.34
7.538966 4.34
7.549841 4.34
7.579966 4.34
7.590841 4.34
7.620966 4.34
7.631842 4.34
7.662092 4.34
7.672967 4.34
7.708346 4.34
7.719343 4.34
7.749861 4.34
7.765859 4.34
7.790968 4.34
7.801842 4.34
7.831968 4.34
7.842843 4.34
7.872968 4.34
7.883843 4.34
7.913969 4.34
7.924844 4.34
7.954969 4.34
7.965844 4.34
7.995969 4.34
8.006845 4.34
8.037095 4.34
8.047970 4.34
8.083346 4.34
8.099346 4.34
8.124864 4.34
8.140970 4.34
8.165971 4.34
8.176846 4.34
8.206971 4.34
8.217846 4.34
8.247971 4.34
8.258846 4.34
8.288971 4.34
8.299846 4.34
8.329972 4.34
8.340863 4.34
8.370972 4.34
8.381847 4.34
8.411972 4.34
8.422847 4.34
8.452973 4.34
8.463848 4.34
8.493973 4.34
8.504848 4.34
8.535098 4.34
8.545973 4.34
8.576350 4.34
8.592350 4.34
8.617864 4.34
8.633866 4.34
8.658849 4.34
8.669616 4.34
8.699850 4.34
8.710615 4.34
8.740867 4.34
8.751618 4.34
8.781975 4.34
8.792850 4.34
8.822975 4.68
8.833851 4.68
8.863976 4.34
8.874850 4.34
8.904975 4.34
8.915851 4.34
8.945976 4.34
8.956851 4.34
8.992226 4.34
9.002977 4.34
9.033353 4.34
9.049353 4.34
9.074867 4.34
9.090869 4.34
9.115978 4.34
9.126853 4.34
9.156977 4.34
9.167853 4.34
9.198103 4.34
9.208853 4.34
9.244354 4.34
9.260354 4.34
9.285871 4.34
9.301870 4.34
9.326979 4.34
9.337854 4.34
9.367980 4.34
9.378854 4.34
9.408979 4.34
9.419855 4.34
9.449980 4.34
9.460855 4.34
9.490980 4.34
9.501856 4.34
9.531980 4.34
9.542856 4.34
9.573106 4.34
9.583981 4.34
9.614358 4.34
9.630358 4.34
9.655636 4.34
9.666358 4.34
9.702545 4.34
9.713541 4.34
9.744115 4.34
9.754988 4.34
9.785756 4.68
9.801987 4.68
9.827374 4.68
9.838372 5.00
9.868992 4.68
9.879991 5.00
9.910613 5.00
9.921364 5.00
9.957237 4.68
9.968112 5.00
9.998643 5.00
10.011235 5.00
10.039879 4.68
10.050627 5.00
10.080985 4.68
10.091860 5.00
10.122553 4.68
10.133550 5.00
10.165746 5.00
10.176763 5.00
10.207241 5.00
10.223404 5.00
10.248883 5.00
10.259633 5.00
10.295365 4.68
10.311395 4.68
10.336881 4.68
10.352877 5.00
10.379737 5.00
10.390641 5.00
10.420862 5.00
10.431630 5.00
10.461863 5.00
10.472630 5.00
10.502863 4.68
10.513630 5.00
10.543864 5.00
10.554754 5.00
10.584863 5.00
10.595756 5.00
10.625864 5.00
10.636757 5.00
10.666864 5.00
10.677754 5.00
10.708554 5.00
10.719550 5.00
10.755375 5.00
10.766374 5.00
10.796889 4.68
10.807635 5.00
10.838243 5.00
10.850744 5.00
10.879649 4.68
10.895646 5.00
10.920991 5.00
10.931883 4.68
10.967242 4.68
10.979618 5.00
11.008890 5.00
11.019892 5.00
11.050373 5.00
11.061246 5.00
11.091904 5.00
11.102901 5.00
11.133547 5.00
11.144544 5.00
11.180375 5.00
11.191248 5.00
11.221996 5.00
11.232886 5.00
11.263514 4.68
11.274245 5.00
11.304886 5.00
11.315762 5.00
11.351244 5.00
11.367119 5.00
11.392649 5.00
11.408495 5.00
11.433870 5.00
11.444635 5.00
11.480245 5.00
11.496120 5.00
11.521763 5.00
11.537649 5.00
11.562996 5.00
11.573871 5.00
11.609246 5.00
11.625121 4.68
11.650773 5.00
11.666650 5.00
11.697401 5.00
11.708247 5.00
11.738888 4.68
11.749638 4.68
11.785247 4.68
11.801122 5.00
11.826650 5.00
11.842652 5.00
11.867873 4.68
11.878639 5.00
11.908873 5.00
11.919641 5.00
11.949999 5.00
11.960874 5.00
11.996249 5.00
12.012124 4.68
12.037654 5.00
12.053642 5.00
12.079000 4.68
12.089891 4.68
12.125250 4.68
12.141125 5.00
12.166655 5.00
12.182655 5.00
12.207876 5.00
12.218642 4.68
12.249001 4.68
12.259876 4.68
12.295251 4.68
12.311126 5.00
12.336653 4.68
12.352657 5.00
12.377894 5.00
12.388644 4.68
12.424252 5.00
12.440127 5.00
12.465656 4.68
12.481530 5.00
12.506878 5.00
12.517770 5.00
12.547878 5.00
12.558643 4.68
12.590629 4.68
12.601521 5.00
12.631879 4.68
12.642646 4.68
12.674630 5.00
12.685380 5.00
12.717630 5.00
12.728395 5.00
12.760630 5.00
12.771531 5.00
12.801880 5.00
12.812659 5.00
12.844631 5.00
12.855381 5.00
12.885899 5.00
12.896649 5.00
12.932256 5.00
12.948131 5.00
12.973660 5.00
12.989896 5.00
13.016633 5.00
13.027382 5.00
13.059663 5.00
13.070533 5.00
13.102633 4.68
13.113411 5.00
13.145651 5.00
13.156538 5.00
13.188635 5.00
13.199384 5.00
13.231663 5.00
13.242527 5.00
13.274663 5.00
13.285411 5.00
13.317664 5.00
13.328412 5.00
13.360663 5.00
13.371414 5.00
13.403652 5.00
13.414539 5.00
13.450260 5.00
13.461135 5.00
13.491662 5.00
13.507664 5.00
13.538260 5.00
13.549135 5.00
13.579779 5.00
13.590527 5.00
13.622664 5.00
13.633416 5.00
13.669136 5.00
13.685137 5.00
13.710415 5.00
13.721262 5.00
13.751904 5.00
13.762780 5.00
13.794530 5.00
13.805262 5.00
13.835906 5.00
13.846778 5.00
13.882013 5.00
13.892888 5.00
13.923138 5.00
13.935514 5.00
13.964419 5.00
13.975263 5.00
14.005906 5.00
14.016657 5.00
14.047139 5.00
14.059543 5.00
14.088421 5.00
14.099265 5.00
14.129905 5.00
14.140784 5.00
14.176265 5.00
14.192140 5.00
14.217667 5.00
14.228542 5.00
14.264141 5.00
14.280141 5.00
14.305392 5.00
14.316265 5.00
14.346908 5.00
14.357657 5.00
14.393142 5.00
14.409142 5.00
14.434423 5.00
14.445267 5.00
14.475910 5.00
14.486661 5.00
14.517143 5.00
14.533268 5.00
14.558268 5.00
14.569018 5.00
14.599673 5.00
14.610545 5.00
14.646144 5.00
14.662143 5.00
14.687395 5.00
14.698269 5.00
14.728913 5.00
14.739659 5.00
14.770144 5.00
14.786019 5.00
14.811396 5.00
14.822270 5.00
14.852661 5.00
14.863396 5.00
14.899271 5.00
14.910020 5.00
14.940673 5.00
14.951397 5.00
14.987271 5.00
14.998146 5.00
15.028675 5.00
15.039549 5.00
15.075272 5.00
15.086022 5.00
15.116677 4.68
15.127398 5.00
15.163272 5.00
15.174023 5.00
15.204677 5.00
15.215554 4.68
15.251148 5.00
15.267148 5.00
15.292399 5.00
15.303274 5.00
15.333675 5.00
15.344552 5.00
15.380024 5.00
15.390899 5.00
15.421149 5.00
15.437025 5.00
15.462401 5.00
15.473275 5.00
15.503679 5.00
15.514554 5.00
15.550275 5.00
15.561025 5.00
15.591681 5.00
15.602555 5.00
15.638151 5.00
15.654151 5.00
15.679402 5.00
15.690277 5.00
15.720918 5.00
15.731668 5.00
15.762152 5.00
15.778152 5.00
15.803403 5.00
15.814277 5.00
15.844683 5.00
15.855558 5.00
15.891277 5.00
15.902028 5.00
15.932683 5.00
15.943404 5.00
15.979154 5.00
15.995279 5.00
16.020405 5.00
16.031279 4.68
16.061797 4.68
16.072560 5.00
16.102921 5.00
16.113672 4.68
16.149280 5.00
16.160155 5.00
16.190685 5.00
16.201559 5.00
16.237280 5.00
16.248031 5.00
16.278684 5.00
16.289560 5.00
16.325281 4.68
16.336281 5.00
16.366686 5.00
16.377561 5.00
16.413157 5.00
16.429281 5.00
16.454408 5.00
16.467032 5.00
16.495687 5.00
16.506559 5.00
16.542033 5.00
16.554408 5.00
16.583158 5.00
16.599033 5.00
16.624409 4.68
16.636909 4.68
16.671159 5.00
16.687284 5.00
16.715410 5.00
16.727909 5.00
16.762159 5.00
16.778159 5.00
16.806563 5.00
16.822552 5.00
16.853160 5.00
16.869160 5.00
16.897552 5.00
16.913552 5.00
16.938679 5.00
16.949552 5.00
16.980036 5.00
16.996035 5.00
17.021412 5.00
17.033912 5.00
17.062805 5.00
17.073564 5.00
17.109162 5.00
17.120037 5.00
17.150413 5.00
17.166566 5.00
17.191690 4.68
17.202566 5.00
17.232913 5.00
17.243805 5.00
17.274038 5.00
17.290163 4.68
17.315164 5.00
17.331164 5.00
17.359568 5.00
17.370432 5.00
17.406165 5.00
17.416914 5.00
17.447415 5.00
17.463567 5.00
17.488695 5.00
17.499570 5.00
17.535290 5.00
17.546040 5.00
17.576695 5.00
17.587569 5.00
17.617916 5.00
17.628808 5.00
17.658916 5.00
17.669683 5.00
17.699917 5.00
17.710681 5.00
17.741042 5.00
17.757167 5.00
17.782167 5.00
17.793042 5.00
17.823434 4.68
17.839419 5.00
17.864694 5.00
17.875572 5.00
17.906043 5.00
17.922044 5.00
17.947168 5.00
17.958044 5.00
17.988293 5.00
17.999044 5.00
18.029699 5.00
18.040419 5.00
18.071044 5.00
18.087044 5.00
18.112169 5.00
18.122920 4.68
18.153420 4.68
18.169420 5.00
18.200045 5.00
18.215938 5.00
18.241170 5.00
18.252045 5.00
18.282296 5.00
18.293171 5.00
18.323699 5.00
18.334422 5.00
18.364921 5.00
18.375689 5.00
18.406047 5.00
18.422047 4.68
18.447172 5.00
18.458047 5.00
18.488423 5.00
18.504423 5.00
18.529699 5.00
18.540423 5.00
18.571048 5.00
18.587048 5.00
18.612174 5.00
18.622923 5.00
18.653299 5.00
18.664048 4.68
18.694703 5.00
18.705424 5.00
18.736049 5.00
18.752049 4.68
18.777174 5.00
18.787925 5.00
18.818578 4.68
18.829425 5.00
18.865050 5.00
18.880939 5.00
18.906175 5.00
18.916925 5.00
18.947309 5.00
18.958050 5.00
18.990456 5.00
19.001309 5.00
19.033455 5.00
19.044309 5.00
19.076431 5.00
19.087308 5.00
19.119431 5.00
19.130310 5.00
19.162444 5.00
19.173310 5.00
19.209053 5.00
19.225053 5.00
19.250178 5.00
19.261053 5.00
19.291428 5.00
19.307429 5.00
19.332580 5.00
19.343311 5.00
19.379054 5.00
19.395054 5.00
19.420179 5.00
19.430929 5.00
19.461459 5.00
19.477458 5.00
19.508180 5.00
19.518930 5.00
19.549582 5.00
19.560313 5.00
19.596180 5.00
19.607055 5.00
19.637458 5.00
19.653460 5.00
19.684181 5.00
19.694931 5.00
19.730823 4.68
19.741585 5.00
19.772057 5.00
19.788057 5.00
19.813182 5.00
19.823932 5.00
19.854586 5.00
19.865462 5.00
19.895933 5.00
19.908339 5.00
19.937058 5.00
19.947823 5.00
19.978183 5.00
19.989059 5.00
20.019587 5.00
20.030460 5.00
20.060934 5.00
20.073338 5.00
20.102059 5.00
20.112826 5.00
20.143184 5.00
20.153935 5.00
20.184587 5.00
20.195462 5.00
20.225935 5.00
20.242060 5.00
20.267060 5.00
20.277828 5.00
20.308186 5.00
20.319061 5.00
20.349463 5.00
20.360314 5.00
20.390937 5.00
20.407061 5.00
20.431937 5.00
20.448062 5.00
20.472937 5.00
20.489062 5.00
20.513937 5.00
20.530063 5.00
20.555063 5.00
20.565938 5.00
20.596188 5.00
20.607063 5.00
20.637590 5.00
20.648469 5.00
20.678939 5.00
20.695063 5.00
20.720064 5.00
20.736064 5.00
20.761189 5.00
20.772064 5.00
20.802593 5.00
20.813319 5.00
20.843940 5.00
20.860065 5.00
20.885065 5.00
20.895830 5.00
20.926190 5.00
20.937066 5.00
20.967467 5.00
20.978191 5.00
21.014066 5.00
21.024941 5.00
21.055191 5.00
21.065942 5.00
21.096597 5.00
21.107470 5.00
21.137943 5.00
21.154067 5.00
21.179068 5.00
21.189833 5.00
21.220192 5.00
21.230942 5.00
21.261598 5.00
21.272471 5.00
21.302943 5.00
21.319068 5.00
21.343944 5.00
21.360069 4.68
21.385069 5.00
21.395944 5.00
21.426194 5.00
21.436944 5.00
21.467321 5.00
21.483473 5.00
21.514069 5.00
21.524963 5.00
21.555195 5.00
21.566070 5.00
21.596597 5.00
21.607330 5.00
21.637946 5.00
21.654071 5.00
21.679071 5.00
21.689946 5.00
21.720196 5.00
21.736196 5.00
21.761600 5.00
21.772475 5.00
21.802947 5.00
21.819072 5.00
21.844073 5.00
21.854840 5.00
21.885197 5.00
21.895947 5.00
21.926477 5.00
21.937198 5.00
21.967838 5.00
21.980328 5.00
22.009073 5.00
22.019949 5.00
22.050325 5.00
22.066478 5.00
22.097074 5.00
22.107949 5.00
22.138199 5.00
22.150839 5.00
22.182477 5.00
22.193326 5.00
22.229075 5.00
22.239950 5.00
22.270200 5.00
22.282594 5.00
22.311478 5.00
22.322361 5.00
22.358076 5.00
22.368826 5.00
22.399201 5.00
22.411592 5.00
22.440352 5.00
22.456481 5.00
22.487077 5.00
22.497827 5.00
22.528365 5.00
22.544479 5.00
22.572845 5.00
22.585233 5.00
22.614078 5.00
22.624953 5.00
22.655078 5.00
22.665843 5.00
22.696079 4.68
22.706847 5.00
22.737364 5.00
22.748204 5.00
22.778845 4.68
22.794955 5.00
22.820079 5.00
22.830955 5.00
22.861365 4.68
22.872205 5.00
22.902848 5.00
22.918955 5.00
22.944080 5.00
22.954956 5.00
22.985363 5.00
22.996206 5.00
23.026846 4.68
23.042956 5.00
23.068082 4.68
23.078957 5.00
23.109363 5.00
23.120207 5.00
23.150849 5.00
23.166957 5.00
23.192082 5.00
23.202957 5.00
23.233363 5.00
23.244208 5.00
23.274851 4.68
23.290958 5.00
23.316083 5.00
23.326833 5.00
23.357361 5.00
23.368208 4.68
23.398851 5.00
23.414959 5.00
23.440083 4.68
23.450959 4.68
23.481364 5.00
23.492209 5.00
23.522850 5.00
23.538960 5.00
23.564084 5.00
23.574852 5.00
23.605365 5.00
23.616211 5.00
23.646854 5.00
23.662961 5.00
23.688086 4.68
23.698961 4.68
23.734961 5.00
23.745853 4.68
23.776086 5.00
23.786962 5.00
23.817367 5.00
23.828212 5.00
23.858853 5.00
23.874963 5.00
23.900087 5.00
23.910963 5.00
23.941367 5.00
23.952213 5.00
23.982855 5.00
23.998963 5.00
24.024089 5.00
24.034964 5.00
24.065369 5.00
24.076213 5.00
24.106856 5.00
24.122964 5.00
24.148089 5.00
24.158964 5.00
24.189370 5.00
24.200215 5.00
24.230855 5.00
24.246965 5.00
24.272090 5.00
24.282841 5.00
24.313371 4.68
24.324216 5.00
24.354860 5.00
24.370966 5.00
24.396091 5.00
24.406966 5.00
24.437373 5.00
24.448217 5.00
24.478858 5.00
24.494967 5.00
24.520092 5.00
24.535967 5.00
24.561373 5.00
24.572217 5.00
24.602860 5.00
24.618968 5.00
24.644093 5.00
24.656734 5.00
24.690234 5.00
24.701218 5.00
24.736861 5.00
24.752859 5.00
24.777969 5.00
24.788860 5.00
24.818969 5.00
24.829845 5.00
24.859970 5.00
24.870845 5.00
24.900970 5.00
24.911845 5.00
24.941970 5.00
24.952845 5.00
24.982970 5.00
24.993846 5.00
25.023971 5.00
25.034846 5.00
25.065096 5.00
25.077500 5.00
25.106349 5.00
25.117221 5.00
25.147862 4.68
25.163863 5.00
25.188973 5.00
25.199847 5.00
25.229973 5.00
25.240847 5.00
25.270972 5.00
25.281848 5.00
25.311973 5.00
25.322848 5.00
25.353098 5.00
25.365504 5.00
25.394224 5.00
25.410224 5.00
25.437103 5.00
25.447975 5.00
25.478350 5.00
25.489224 5.00
25.519867 5.00
25.530630 5.00
25.560975 5.00
25.571850 5.00
25.601975 5.00
25.612850 5.00
25.642975 5.00
25.653851 5.00
25.683976 4.68
25.694851 5.00
25.724976 5.00
25.735851 5.00
25.765976 5.00
25.776852 5.00
25.806977 5.00
25.817852 5.00
25.847977 5.00
25.858852 5.00
25.888977 5.00
25.899853 5.00
25.929977 5.00
25.940852 5.00
25.970978 5.00
25.981853 5.00
26.011978 4.68
26.022853 5.00
26.052979 5.00
26.063854 5.00
26.093979 5.00
26.104854 5.00
26.134979 5.00
26.145855 5.00
26.175979 5.00
26.186855 5.00
26.216980 4.68
26.227854 5.00
26.257980 5.00
26.268855 5.00
26.298980 5.00
26.309855 5.00
26.339981 5.00
26.350856 5.00
26.380981 5.00
26.391856 5.00
26.421982 5.00
26.432749 5.00
26.462982 5.00
26.473857 5.00
26.503982 5.00
26.514857 5.00
26.544982 5.00
26.555873 5.00
26.585982 5.00
26.596858 5.00
26.626983 5.00
26.637858 5.00
26.667983 5.00
26.678858 4.68
26.708984 5.00
26.719859 5.00
26.749983 5.00
26.760874 5.00
26.790984 5.00
26.801859 5.00
26.831984 5.00
26.842859 5.00
26.872984 5.00
26.883860 5.00
26.913985 5.00
26.924860 5.00
26.954985 5.00
26.965860 4.68
26.995986 5.00
27.006861 5.00
27.036986 5.00
27.047861 5.00
27.077986 5.00
27.088861 5.00
27.118986 4.68
27.129754 5.00
27.159987 5.00
27.170862 4.68
27.200987 5.00
27.211862 5.00
27.241987 5.00
27.252863 5.00
27.282987 5.00
27.293863 5.00
27.323988 5.00
27.334863 5.00
27.364988 5.00
27.377488 5.00
27.405989 5.00
27.416863 5.00
27.446989 5.00
27.457864 5.00
27.487989 5.00
27.498864 4.68
27.529114 5.00
27.544990 4.68
27.572124 5.00
27.582865 5.00
27.615125 5.00
27.625880 5.00
27.658138 5.00
27.668883 5.00
27.699643 5.00
27.712126 5.00
27.740866 5.00
27.751633 5.00
27.781991 5.00
27.794492 5.00
27.822992 5.00
27.835492 5.00
27.864117 5.00
27.879993 5.00
27.907002 5.00
27.917883 5.00
27.948118 5.00
27.963993 5.00
27.994522 5.00
28.005243 5.00
28.035884 5.00
28.046633 5.00
28.077118 5.00
28.092994 5.00
28.120004 5.00
28.130886 5.00
28.161119 5.00
28.177119 5.00
28.207514 5.00
28.218245 5.00
28.248887 5.00
28.259760 5.00
28.290120 5.00
28.300870 5.00
28.336513 5.00
28.347246 5.00
28.377889 5.00
28.388637 5.00
28.419121 5.00
28.429871 5.00
28.465512 5.00
28.476247 5.00
28.506888 5.00
28.517762 5.00
28.547997 5.00
28.563872 5.00
28.589122 5.00
28.599872 5.00
28.630247 4.68
28.641123 5.00
28.671651 5.00
28.687766 5.00
28.712998 5.00
28.728874 5.00
28.754124 5.00
28.764998 5.00
28.795249 5.00
28.806124 5.00
28.836652 5.00
28.852518 5.00
28.877875 5.00
28.888641 5.00
28.918874 5.00
28.929643 5.00
28.959875 5.00
28.970640 5.00
29.001000 5.00
29.016876 5.00
29.042126 5.00
29.052876 5.00
29.088520 5.00
29.099251 5.00
29.129895 5.00
29.140642 5.00
29.171002 5.00
29.186877 5.00
29.212127 5.00
29.222877 5.00
29.258521 5.00
29.269252 5.00
29.299892 5.00
29.310645 5.00
29.341128 5.00
29.352003 4.68
29.387532 5.00
29.403521 5.00
29.428896 5.00
29.439769 5.00
29.470129 5.00
29.480879 5.00
29.511255 4.68
29.522004 5.00
29.552658 5.00
29.568646 5.00
29.594005 5.00
29.609880 5.00
29.635130 5.00
29.645880 5.00
29.681534 4.68
29.697522 5.00
29.722895 4.68
29.733648 5.00
29.764131 5.00
29.775006 4.68
29.810536 5.00
29.826522 5.00
29.851898 5.00
29.862650 5.00
29.893132 5.00
29.904008 5.00
29.939525 5.00
29.955525 5.00
29.980900 5.00
29.993384 5.00
30.022133 4.68
30.032883 5.00
30.068537 5.00
30.084527 5.00
30.109884 5.00
30.120650 5.00
30.151009 4.68
30.166884 5.00
30.192134 5.00
30.202884 4.68
30.238528 4.68
30.254526 5.00
30.279904 5.00
30.292386 5.00
30.321135 5.00
30.331885 4.68
30.367540 5.00
30.383529 5.00
30.408903 5.00
30.421387 5.00
30.449886 5.00
30.462414 5.00
30.490887 5.00
30.503404 5.00
30.532012 5.00
30.547887 5.00
30.573137 5.00
30.584012 5.00
30.619541 5.00
30.632042 5.00
30.660907 5.00
30.673419 5.00
30.702014 5.00
30.717889 5.00
30.743139 5.00
30.753889 5.00
30.789543 5.00
30.805532 5.00
30.830889 5.00
30.843265 5.00
30.872014 4.68
30.888015 5.00
30.913140 5.00
30.923890 5.00
30.959532 4.68
30.975532 5.00
31.000908 5.00
31.013266 5.00
31.042141 5.00
31.053016 5.00
31.088546 4.68
31.100910 5.00
31.129909 5.00
31.145909 4.68
31.170892 5.00
31.183267 5.00
31.211892 5.00
31.224267 5.00
31.253017 5.00
31.268892 5.00
31.294142 5.00
31.305018 5.00
31.340548 5.00
31.356535 5.00
31.381910 5.00
31.397908 5.00
31.423019 5.00
31.438893 5.00
31.464144 5.00
31.474893 5.00
31.510548 5.00
31.526395 5.00
31.551895 5.00
31.567912 5.00
31.592895 5.00
31.608895 5.00
31.634020 5.00
31.649895 5.00
31.675145 5.00
31.686021 5.00
31.721539 5.00
31.737536 4.68
31.762911 5.00
31.779021 5.00
31.804022 5.00
31.820022 5.00
31.845147 5.00
31.855897 5.00
31.891539 5.00
31.907416 5.00
31.932913 5.00
31.948914 5.00
31.973898 5.00
31.989898 5.00
32.014897 5.00
32.031023 5.00
32.055898 4.68
32.071898 5.00
32.096899 5.00
32.112899 5.00
32.138024 4.68
32.154024 5.00
32.179149 5.00
32.189899 5.00
32.225543 5.00
32.241540 5.00
32.266917 5.00
32.283025 5.00
32.308026 5.00
32.324025 5.00
32.349151 5.00
32.359900 5.00
32.395543 5.00
32.411541 5.00
32.436917 4.68
32.452919 5.00
32.477901 5.00
32.493901 5.00
32.518901 5.00
32.535027 5.00
32.560028 5.00
32.575919 5.00
32.601026 5.00
32.611776 5.00
32.642026 5.00
32.652776 5.00
32.683027 5.00
32.693776 4.68
32.724027 4.68
32.734777 5.00
32.765027 5.00
32.775777 4.68
32.806027 4.68
32.816778 4.68
32.847028 4.68
32.857778 5.00
32.888028 5.00
32.898778 5.00
32.929029 5.00
32.939778 5.00
32.970029 4.68
32.980779 5.00
33.011028 5.00
33.021779 5.00
33.052029 5.00
33.062779 5.00
33.093029 5.00
33.103780 4.68
33.134030 5.00
33.144780 5.00
33.175030 5.00
33.185781 5.00
33.216031 5.00
33.226781 5.00
33.257031 5.00
33.267781 5.00
33.298031 5.00
33.308781 5.00
33.339032 5.00
33.349782 5.00
33.380031 5.00
33.390782 5.00
33.421032 5.00
33.431782 5.00
33.462032 5.00
33.472783 5.00
33.503033 5.00
33.513783 5.00
33.544033 5.00
33.554783 5.00
33.585033 4.68
33.595783 5.00
33.626033 5.00
33.636784 5.00
33.667034 5.00
33.677784 5.00
33.708034 5.00
33.718785 5.00
33.749034 5.00
33.759785 5.00
33.790035 4.68
33.800785 4.68
33.831035 4.68
33.841785 5.00
33.872035 5.00
33.882786 5.00
33.913036 5.00
33.923786 5.00
33.954036 5.00
33.964786 5.00
33.995036 5.00
34.005787 5.00
34.036037 4.68
34.046787 4.68
34.077037 5.00
34.087788 5.00
34.118037 5.00
34.128787 5.00
34.159038 5.00
34.169787 5.00
34.200038 4.68
34.210788 5.00
34.241038 4.68
34.251788 5.00
34.282038 5.00
34.292789 5.00
34.323039 5.00
34.333789 5.00
34.364039 5.00
34.374789 5.00
34.405040 5.00
34.415790 5.00
34.446040 5.00
34.456790 5.00
34.487040 5.00
34.497790 5.00
34.528041 5.00
34.538790 5.00
34.569040 4.68
34.579791 4.68
34.610041 5.00
34.620791 5.00
34.651041 5.00
34.661791 4.68
34.692042 5.00
34.702792 5.00
34.733042 5.00
34.743792 5.00
34.774042 5.00
34.784792 5.00
34.815042 4.68
34.825793 5.00
34.856043 5.00
34.866793 5.00
34.897043 5.00
34.907793 5.00
34.938043 5.00
34.948794 5.00
34.979044 5.00
34.989794 5.00
35.020044 5.00
35.030794 5.00
35.061045 5.00
35.071794 4.68
35.102045 5.00
35.112795 5.00
35.143045 5.00
35.153795 5.00
35.189296 4.68
35.213422 5.00
35.229295 5.00
35.254422 4.68
35.270296 4.68
35.295422 4.68
35.311297 5.00
35.336577 5.00
35.347423 5.00
35.377815 5.00
35.393691 5.00
35.418814 5.00
35.434691 5.00
35.459817 5.00
35.475692 5.00
35.500816 5.00
35.519815 5.00
35.536817 5.00
35.562050 4.68
35.572814 5.00
35.608300 5.00
35.619050 5.00
35.649703 5.00
35.662300 5.00
35.690925 5.00
35.701693 5.00
35.732051 5.00
35.742818 5.00
35.778306 5.00
35.802818 5.00
35.832308 5.00
35.844830 5.00
35.873704 5.00
35.886177 5.00
35.915052 5.00
35.931052 5.00
35.961310 5.00
35.973832 5.00
36.002696 5.00
36.015177 5.00
36.043817 5.00
36.059694 5.00
36.084821 5.00
36.100693 5.00
36.131054 5.00
36.141818 5.00
36.177311 5.00
36.201706 5.00
36.214179 5.00
36.243054 5.00
36.253820 5.00
36.289313 5.00
36.313709 5.00
36.330056 5.00
36.354930 5.00
36.365698 5.00
36.396056 5.00
36.406930 5.00
36.442314 5.00
36.454709 5.00
36.483708 5.00
36.499586 4.68
36.525056 5.00
36.535932 5.00
36.571309 5.00
36.587310 5.00
36.612825 5.00
36.628824 5.00
36.653933 5.00
36.664824 4.68
36.694932 5.00
36.705823 5.00
36.736058 5.00
36.746933 5.00
36.782311 5.00
36.798311 5.00
36.823827 5.00
36.839826 5.00
36.864934 5.00
36.875827 5.00
36.906060 5.00
36.916934 5.00
36.952313 5.00
36.968313 5.00
36.993827 5.00
37.009829 5.00
37.034936 5.00
37.045829 5.00
37.075935 5.00
37.086828 5.00
37.116936 5.00
37.127829 5.00
37.157936 5.00
37.168828 4.68
37.199061 5.00
37.209827 5.00
37.245316 5.00
37.261317 5.00
37.286830 5.00
37.316317 5.00
37.332319 5.00
37.357831 5.00
37.373813 5.00
37.398938 5.00
37.409829 5.00
37.439939 5.00
37.450831 5.00
37.480939 5.00
37.491831 5.00
37.521939 5.00
37.532829 5.00
37.563064 5.00
37.573830 5.00
37.609318 4.68
37.625318 5.00
37.650830 5.00
37.680318 5.00
37.696320 5.00
37.721833 5.00
37.737831 5.00
37.762941 5.00
37.773833 5.00
37.804066 5.00
37.814941 5.00
37.850320 5.00
37.874832 5.00
37.904318 5.00
37.920322 5.00
37.945832 5.00
37.961832 5.00
37.986942 5.00
37.997834 5.00
38.028068 5.00
38.038943 5.00
38.074326 5.00
38.085322 5.00
38.115837 5.00
38.131835 5.00
38.156944 5.00
38.167835 5.00
38.197944 5.00
38.208837 5.00
38.238944 5.00
38.249819 5.00
38.281712 5.00
38.292473 5.00
38.323070 5.00
38.333835 5.00
38.369321 5.00
38.385321 5.00
38.410838 5.00
38.426835 5.00
38.451946 4.68
38.462838 5.00
38.494697 5.00
38.505475 5.00
38.535947 5.00
38.546836 5.00
38.578698 4.68
38.589476 5.00
38.619947 5.00
38.630840 5.00
38.662699 5.00
38.673475 5.00
38.703839 5.00
38.714589 5.00
38.750198 5.00
38.762699 5.00
38.791603 5.00
38.804074 5.00
38.832949 5.00
38.843841 5.00
38.875729 5.00
38.886602 5.00
38.922199 5.00
38.938199 5.00
38.963603 5.00
38.976075 5.00
39.004842 5.00
39.015594 5.00
39.051201 5.00
39.063701 5.00
39.092480 5.00
39.103327 5.00
39.133950 5.00
39.144842 5.00
39.176577 5.00
39.187480 5.00
39.217951 5.00
39.228843 5.00
39.264077 5.00
39.274827 5.00
39.305202 5.00
39.317578 5.00
39.346482 5.00
39.357203 5.00
39.387847 5.00
39.398595 5.00
39.434203 5.00
39.450203 5.00
39.475483 5.00
39.486348 5.00
39.516844 5.00
39.527596 5.00
39.563204 5.00
39.579204 5.00
39.604608 5.00
39.620609 5.00
39.645955 5.00
39.656846 5.00
39.692331 5.00
39.703205 5.00
39.733847 5.00
39.744597 5.00
39.780333 5.00
39.791206 4.68
39.821846 5.00
39.832596 5.00
39.868082 5.00
39.878957 5.00
39.909207 5.00
39.925207 5.00
39.950484 4.68
39.961207 5.00
39.991847 5.00
40.002597 5.00
40.038334 5.00
40.049208 5.00
40.079851 5.00
40.090612 5.00
40.126208 5.00
40.142209 4.68
40.167487 5.00
40.178335 4.68
40.208959 4.68
40.219852 5.00
40.255084 5.00
40.265959 5.00
40.296336 5.00
40.307209 5.00
40.337613 5.00
40.353615 5.00
40.378852 5.00
40.389603 5.00
40.419836 5.00
40.430604 5.00
40.460835 5.00
40.471604 5.00
40.501836 5.00
40.512603 5.00
40.542962 5.00
40.553837 5.00
40.589086 5.00
40.599837 5.00
40.630212 5.00
40.646087 5.00
40.671489 5.00
40.682213 5.00
40.712854 5.00
40.723606 5.00
40.759213 5.00
40.775213 5.00
40.800618 5.00
40.816618 5.00
40.841964 5.00
40.852857 5.00
40.888089 5.00
40.898964 5.00
40.929214 5.00
40.945089 5.00
40.970618 5.00
40.986858 5.00
41.011857 5.00
41.022606 5.00
41.058090 5.00
41.068965 5.00
41.099215 5.00
41.115216 5.00
41.140493 5.00
41.153091 5.00
41.181966 5.00
41.192856 5.00
41.228091 5.00
41.238967 5.00
41.269216 5.00
41.285217 5.00
41.310622 5.00
41.326620 5.00
41.353593 5.00
41.364344 5.00
41.396593 5.00
41.407361 5.00
41.437861 5.00
41.448608 5.00
41.484218 5.00
41.500093 5.00
41.525497 5.00
41.537969 5.00
41.568623 5.00
41.579498 5.00
41.611596 5.00
41.622360 5.00
41.658219 5.00
41.674346 5.00
41.699500 5.00
41.715623 5.00
41.742597 5.00
41.753347 5.00
41.785597 5.00
41.796365 5.00
41.832221 5.00
41.848221 5.00
41.873624 5.00
41.889625 4.68
41.916598 5.00
41.927500 5.00
41.959599 5.00
41.970348 5.00
42.006097 5.00
42.018474 5.00
42.047223 5.00
42.063098 5.00
42.088502 5.00
42.104627 5.00
42.129866 5.00
42.140616 5.00
42.176224 5.00
42.192098 5.00
42.217501 4.68
42.233501 5.00
42.260506 5.00
42.271380 5.00
42.303476 5.00
42.314380 5.00
42.344867 5.00
42.355617 5.00
42.391100 5.00
42.407100 5.00
42.432225 5.00
42.443100 5.00
42.473505 5.00
42.489743 5.00
42.520101 5.00
42.536226 5.00
42.561226 5.00
42.572101 5.00
42.602507 5.00
42.618630 5.00
42.649102 5.00
42.664977 5.00
42.690227 5.00
42.700977 5.00
42.731495 4.68
42.747354 5.00
42.778103 5.00
42.793978 4.68
42.819228 5.00
42.830103 5.00
42.860497 5.00
42.876355 5.00
42.901633 5.00
42.912497 5.00
42.948104 5.00
42.964104 5.00
42.989229 5.00
42.999980 5.00
43.030480 5.00
43.046356 5.00
43.071874 5.00
43.082624 5.00
43.113106 5.00
43.129106 5.00
43.154231 5.00
43.165106 5.00
43.195481 5.00
43.211388 4.68
43.236875 5.00
43.247747 5.00
43.277982 5.00
43.288857 5.00
43.318982 5.00
43.329857 5.00
43.359982 5.00
43.370858 5.00
43.400982 5.00
43.411858 5.00
43.441983 5.00
43.452858 5.00
43.482983 5.00
43.493858 5.00
43.523984 5.00
43.534876 5.00
43.564984 4.68
43.575859 5.00
43.605985 5.00
43.616860 5.00
43.646985 5.00
43.657877 5.00
43.688110 5.00
43.704110 5.00
43.729235 5.00
43.740110 5.00
43.770486 5.00
43.786486 5.00
43.811878 4.68
43.822628 5.00
43.852986 5.00
43.863861 5.00
43.893987 5.00
43.904862 5.00
43.934987 5.00
43.945862 5.00
43.975987 5.00
43.986862 5.00
44.016987 5.00
44.027862 5.00
44.057988 5.00
44.068863 5.00
44.098988 5.00
44.109863 5.00
44.139988 5.00
44.150863 5.00
44.180989 5.00
44.191864 5.00
44.221989 5.00
44.234508 5.00
44.262989 5.00
44.273864 5.00
44.303990 5.00
44.316517 5.00
44.344989 5.00
44.355865 5.00
44.385990 5.00
44.396865 5.00
44.426990 5.00
44.439508 5.00
44.468115 5.00
44.483991 5.00
44.512367 5.00
44.523241 5.00
44.555493 5.00
44.566368 5.00
44.598493 5.00
44.609398 5.00
44.641494 5.00
44.652369 5.00
44.684494 5.00
44.695369 5.00
44.731118 5.00
44.747118 5.00
44.772385 5.00
44.784993 5.00
44.819118 5.00
44.834993 5.00
44.860399 5.00
44.872886 5.00
44.907119 5.00
44.923119 5.00
44.948400 5.00
44.964494 5.00
44.989763 5.00
45.000495 5.00
45.036120 5.00
45.052120 5.00
45.077389 5.00
45.093512 5.00
45.120371 5.00
45.131245 5.00
45.163372 5.00
45.174246 5.00
45.204654 5.00
45.215513 5.00
45.251121 5.00
45.261871 5.00
45.292372 4.68
45.308514 5.00
45.333640 5.00
45.344515 5.00
45.374997 5.00
45.391123 5.00
45.416123 5.00
45.426873 5.00
45.457403 5.00
45.473516 5.00
45.498764 5.00
45.509514 5.00
45.539999 5.00
45.555999 5.00
45.581124 5.00
45.591999 5.00
45.622375 4.68
45.638529 5.00
45.669125 5.00
45.679874 5.00
45.710377 5.00
45.726515 5.00
45.751653 5.00
45.762515 5.00
45.793001 5.00
45.809126 5.00
45.834126 5.00
45.845001 5.00
45.875377 5.00
45.891378 5.00
45.922127 5.00
45.932876 5.00
45.963379 5.00
45.979378 5.00
46.010127 5.00
46.020877 4.68
46.051252 5.00
46.062127 5.00
46.092656 5.00
46.103521 5.00
46.134003 5.00
46.150128 5.00
46.175128 5.00
46.186003 4.68
46.216410 5.00
46.232521 5.00
46.263129 5.00
46.273879 5.00
46.304409 5.00
46.320531 4.68
46.345773 5.00
46.356773 5.00
46.387005 5.00
46.403005 5.00
46.428130 5.00
46.439005 5.00
46.469396 5.00
46.485524 5.00
46.516131 5.00
46.527006 5.00
46.557383 5.00
46.573535 5.00
46.604131 5.00
46.614881 5.00
46.645383 5.00
46.661536 5.00
46.686659 5.00
46.697525 5.00
46.727882 5.00
46.738653 5.00
46.769008 5.00
46.785133 5.00
46.810133 5.00
46.821009 5.00
46.851385 5.00
46.867538 5.00
46.898133 5.00
46.908884 5.00
46.939385 5.00
46.955385 5.00
46.986134 5.00
46.997010 5.00
47.027386 5.00
47.043536 5.00
47.074135 5.00
47.085011 4.68
47.115260 5.00
47.127886 5.00
47.156662 5.00
47.167387 5.00
47.198011 5.00
47.214136 5.00
47.239136 5.00
47.249886 5.00
47.280406 5.00
47.296540 5.00
47.327137 5.00
47.338012 5.00
47.368388 5.00
47.384388 5.00
47.415138 5.00
47.426013 5.00
47.456407 5.00
47.472389 5.00
47.503138 5.00
47.514013 5.00
47.544389 5.00
47.560541 5.00
47.587393 5.00
47.598264 5.00
47.628513 5.00
47.639263 5.00
47.669514 5.00
47.680263 5.00
47.710514 5.00
47.721264 5.00
47.751513 5.00
47.762264 5.00
47.792545 5.00
47.803421 5.00
47.833891 5.00
47.846270 5.00
47.875016 5.00
47.891141 5.00
47.916141 5.00
47.926892 5.00
47.957393 5.00
47.973545 5.00
48.004142 5.00
48.014892 5.00
48.045394 5.00
48.061393 5.00
48.092143 5.00
48.102892 5.00
48.133394 5.00
48.144268 5.00
48.179911 5.00
48.195910 5.00
48.221143 5.00
48.232019 5.00
48.262413 5.00
48.273269 5.00
48.308911 5.00
48.325019 5.00
48.350144 5.00
48.360895 5.00
48.391396 5.00
48.402270 4.68
48.438020 5.00
48.448913 5.00
48.479145 5.00
48.490020 5.00
48.520426 5.00
48.531271 5.00
48.561914 5.00
48.577911 5.00
48.603147 5.00
48.614021 5.00
48.644398 5.00
48.655272 5.00
48.690915 4.68
48.706912 4.68
48.732148 5.00
48.743022 5.00
48.773398 5.00
48.784272 5.00
48.819915 4.68
48.835916 5.00
48.861148 5.00
48.872023 4.68
48.902399 4.68
48.913273 5.00
48.948916 5.00
48.964915 5.00
48.990149 5.00
49.001024 5.00
49.031401 5.00
49.042275 5.00
49.078150 5.00
49.089025 5.00
49.119431 5.00
49.130275 5.00
49.160922 5.00
49.176915 5.00
49.202150 5.00
49.213026 5.00
49.243276 4.68
49.259276 5.00
49.284555 5.35
49.295403 5.00
49.326027 5.00
49.336902 5.00
49.367152 5.00
49.378027 5.00
49.408403 5.00
49.419277 5.00
49.449557 5.00
49.460403 5.00
49.490920 5.00
49.506920 5.00
49.532154 5.35
49.543028 5.00
49.573405 5.00
49.584279 5.00
49.620154 5.00
49.630904 5.00
49.661406 5.00
49.672279 5.00
49.707921 5.00
49.723922 5.00
49.749155 5.00
49.759905 5.00
49.790406 5.35
49.801280 5.00
49.836923 5.00
49.852921 5.00
49.878156 5.00
49.888906 5.00
49.919408 5.00
49.930281 5.00
49.965921 5.00
49.981923 5.00
50.007157 5.00
50.018032 5.00
50.048282 5.00
50.064282 5.00
50.094925 5.00
50.110925 5.00
50.136158 5.00
50.148675 5.00
50.177410 5.00
50.188283 5.00
50.223926 5.00
50.239925 5.00
50.265159 5.00
50.276033 5.35
50.306439 5.00
50.317285 5.00
50.347925 5.00
50.363926 5.00
50.389160 5.00
50.401676 5.00
50.430410 5.00
50.441285 5.00
50.476928 5.00
50.492926 5.00
50.518160 5.00
50.530565 5.35
50.559286 5.35
50.575442 5.00
50.606037 5.00
50.616927 5.00
50.647162 5.00
50.659552 5.00
50.688414 5.00
50.699287 5.00
50.729691 5.00
50.745805 5.00
50.770913 5.00
50.786928 5.35
50.812038 5.35
50.822930 5.00
50.853163 5.00
50.865553 5.35
50.894414 5.00
50.905289 5.00
50.935694 5.00
50.948168 5.00
50.977040 5.00
50.987914 5.00
51.018164 5.00
51.030555 5.00
51.059416 5.35
51.070289 5.35
51.100694 5.00
51.113170 5.00
51.142040 5.00
51.152915 5.00
51.183165 5.00
51.199166 5.00
51.224291 5.00
51.235166 5.00
51.270933 5.00
51.281683 5.00
51.312041 5.35
51.322917 5.00
51.353166 5.00
51.369167 5.00
51.394418 5.00
51.405292 5.00
51.435696 5.00
51.451685 5.00
51.477043 5.00
51.487811 5.00
51.518168 5.00
51.534043 5.00
51.559418 5.35
51.570293 5.00
51.600697 5.00
51.616809 5.00
51.641919 5.00
51.652696 5.00
51.683044 5.00
51.693812 5.00
51.724169 5.00
51.740170 5.00
51.765420 5.00
51.776170 5.00
51.811813 5.35
51.827813 5.00
51.853046 5.00
51.863813 5.00
51.894171 5.00
51.910171 5.00
51.935421 5.00
51.946172 5.00
51.976687 5.00
51.987422 4.68
52.017922 5.00
52.028687 5.00
52.058922 5.35
52.069689 5.00
52.100048 5.00
52.110815 5.00
52.141172 5.00
52.157047 5.00
52.182423 5.00
52.193173 5.00
52.223691 5.00
52.239816 5.00
52.264924 5.00
52.275689 5.00
52.305924 5.35
52.316691 5.00
52.347049 5.00
52.357816 5.00
52.388174 5.00
52.404175 4.68
52.429425 5.00
52.440175 5.00
52.470815 4.68
52.486816 5.00
52.512051 5.00
52.522801 5.00
52.553176 5.00
52.569176 5.35
52.602819 5.00
52.618817 5.00
52.643927 5.00
52.654694 5.00
52.684927 5.00
52.695695 5.00
52.725927 5.00
52.736695 5.00
52.766927 5.00
52.777693 5.00
52.807928 5.00
52.818696 5.35
52.848928 5.00
52.859695 5.00
52.890053 5.00
52.900820 5.00
52.931179 5.00
52.947178 5.00
52.980822 5.00
52.996822 5.00
53.022054 5.00
53.032823 5.00
53.063179 5.00
53.079180 5.35
53.104459 5.00
53.115313 5.00
53.145697 5.00
53.158184 5.00
53.187056 5.00
53.199582 5.00
53.228181 5.00
53.244181 5.00
53.271190 5.00
53.282056 5.00
53.314065 5.00
53.324932 5.35
53.355182 5.35
53.371182 5.00
53.398066 5.00
53.408932 5.00
53.439183 5.00
53.455182 5.00
53.482066 5.00
53.492933 5.00
53.523183 5.00
53.539183 5.00
53.566090 5.00
53.576933 5.35
53.612827 5.00
53.628701 5.00
53.654059 5.00
53.666463 5.00
53.695184 5.00
53.711059 5.00
53.741827 5.00
53.752585 5.00
53.783184 5.00
53.799185 5.00
53.829589 5.35
53.842090 5.00
53.870935 5.00
53.881828 5.00
53.911936 5.00
53.922829 5.00
53.953062 5.00
53.969061 5.00
53.994186 5.00
54.005062 5.00
54.040829 5.00
54.051590 5.00
54.082063 5.35
54.098062 5.35
54.123188 5.00
54.134062 5.00
54.169832 5.00
54.180592 5.00
54.210938 5.00
54.221830 5.00
54.251938 5.00
54.262831 5.00
54.293064 5.00
54.309064 5.00
54.334189 5.00
54.345064 5.35
54.380591 5.00
54.396591 5.00
54.421940 5.00
54.432832 5.00
54.463065 5.00
54.479065 5.00
54.504191 5.00
54.515065 5.00
54.550830 5.00
54.561593 5.00
54.592066 5.35
54.607942 5.00
54.633191 5.00
54.643941 5.00
54.679595 5.00
54.695595 5.00
54.720942 5.00
54.733470 5.00
54.762067 5.00
54.777943 5.00
54.803192 5.00
54.813943 5.00
54.849595 5.35
54.860322 5.00
54.890943 5.00
54.901836 5.00
54.932068 5.00
54.948069 5.00
54.973193 5.00
54.983944 5.00
55.019836 5.00
55.030596 5.00
55.060944 5.00
55.071834 4.68
55.101945 5.00
55.112820 5.00
55.142945 5.00
55.153694 5.00
55.184070 5.00
55.199946 5.00
55.225195 5.00
55.236070 5.00
55.271836 5.00
55.282587 5.00
55.312946 5.00
55.323836 5.00
55.354071 5.35
55.369947 5.00
55.395197 5.00
55.405947 5.00
55.441601 5.00
55.457601 5.00
55.482948 5.00
55.493840 5.00
55.523948 5.00
55.534838 5.00
55.565073 5.00
55.581073 5.00
55.606199 5.35
55.617074 5.00
55.652603 5.00
55.665078 5.00
55.693949 5.00
55.704841 5.00
55.734949 5.00
55.745824 5.00
55.776075 5.00
55.792075 5.00
55.817200 5.00
55.828075 5.00
55.858604 5.35
55.874602 5.00
55.899951 5.00
55.912480 5.00
55.941076 5.00
55.956951 5.00
55.982201 5.00
55.992952 5.00
56.028594 5.00
56.044595 5.00
56.069851 5.00
56.080595 5.00
56.111077 5.35
56.127077 5.00
56.152203 5.00
56.163077 5.00
56.198605 5.00
56.210962 5.00
56.239953 5.00
56.252330 5.00
56.280954 5.00
56.293330 4.68
56.322204 5.00
56.333204 5.00
56.363609 5.35
56.379597 5.00
56.404848 5.00
56.415597 5.00
56.445955 5.00
56.461830 5.00
56.486955 5.00
56.499331 5.00
56.528080 5.00
56.538830 5.00
56.574484 5.00
56.586977 5.00
56.615848 5.35
56.626598 5.00
56.657081 5.00
56.672956 5.00
56.698207 5.00
56.708957 5.00
56.744723 5.00
56.755484 5.00
56.785958 5.00
56.801958 5.00
56.826957 5.00
56.839338 5.00
56.867958 5.00
56.883833 5.00
56.908958 5.00
56.924833 5.00
56.949958 5.00
56.965834 5.00
56.990959 5.00
57.006959 5.00
57.031959 5.00
57.047959 5.00
57.072960 5.00
57.088834 5.00
57.113960 5.35
57.129960 5.35
57.154960 5.00
57.170835 5.00
57.195960 5.00
57.211961 5.00
57.236960 5.00
57.252836 5.00
57.277961 5.00
57.293961 5.00
57.318961 5.00
57.334836 5.00
57.359962 5.35
57.375962 5.00
57.400962 5.00
57.416962 5.00
57.441962 5.00
57.457837 5.00
57.482962 5.00
57.498962 5.00
57.523963 5.00
57.539963 5.00
57.564963 5.00
57.580963 4.68
57.605963 5.35
57.621964 5.00
57.646964 5.00
57.662964 5.00
57.687964 5.00
57.703964 5.00
57.728964 5.00
57.744965 5.00
57.769964 5.00
57.785964 5.00
57.810965 5.00
57.826965 5.00
57.851965 5.00
57.867841 5.35
57.892966 5.00
57.908966 5.00
57.933966 5.00
57.949841 5.00
57.974966 5.00
57.990967 5.00
58.015967 5.00
58.031841 5.00
58.056967 5.00
58.072967 5.00
58.097967 5.00
58.113967 5.35
58.138967 5.00
58.154967 5.00
58.179968 5.00
58.195968 5.00
58.220968 5.00
58.236843 5.00
58.261969 5.00
58.277969 5.00
58.302969 5.00
58.318860 5.00
58.343968 5.00
58.359844 5.35
58.384969 5.35
58.400969 5.00
58.425969 5.00
58.441970 5.00
58.466970 5.00
58.482970 5.00
58.507970 5.00
58.523860 5.00
58.548971 5.00
58.564971 5.00
58.589970 5.00
58.605846 5.00
58.630971 5.35
58.646846 5.00
58.671971 5.00
58.687971 5.00
58.712971 5.00
58.728847 5.00
58.753972 5.00
58.769972 4.68
58.794972 5.00
58.810973 5.00
58.835973 5.00
58.851973 5.00
58.876973 5.35
58.892973 5.00
58.917973 5.00
58.933973 5.00
58.959099 5.00
58.969974 5.00
59.001850 5.00
59.012615 5.00
59.042849 5.00
59.055224 5.00
59.083850 5.00
59.096224 5.00
59.124850 5.35
59.137225 5.00
59.165850 5.00
59.178225 5.00
59.206850 5.00
59.219225 5.00
59.247851 5.00
59.260226 5.00
59.288851 5.00
59.301226 5.00
59.329851 5.00
59.345977 5.00
59.370852 5.35
59.383227 5.00
59.411852 5.00
59.427868 5.00
59.452852 5.00
59.468870 5.00
59.493853 5.00
59.506228 5.00
59.534871 5.00
59.550870 5.00
59.575853 5.00
59.591870 5.00
59.616853 5.35
59.632979 5.00
59.657871 5.00
59.673872 5.00
59.698979 5.00
59.709854 5.00
59.739979 5.00
59.750854 5.00
59.780980 5.00
59.791746 5.00
59.821980 4.68
59.832855 5.00
59.862980 5.00
59.873855 5.00
59.903980 5.00
59.914747 5.00
59.944981 5.00
59.955856 5.00
59.985981 5.00
59.996856 5.00
60.026981 5.00
60.037857 5.00
60.067982 5.00
60.078857 5.00
60.108982 5.35
60.119857 5.35
60.149983 5.35
60.160857 5.00
60.190982 5.00
60.201858 5.00
60.231983 5.00
60.242748 5.00
60.272983 5.00
60.283858 5.00
60.313984 5.00
60.324876 5.00
60.354984 5.00
60.365859 5.35
60.395984 5.00
60.406859 5.00
60.436984 5.00
60.447860 5.00
60.477984 5.00
60.488859 5.00
60.518985 5.00
60.529878 5.00
60.559985 5.00
60.570860 5.00
60.600986 5.00
60.611861 5.35
60.641986 5.35
60.652861 5.00
60.682987 5.00
60.693862 5.00
60.723986 5.00
60.734862 5.00
60.764986 5.00
60.775862 5.00
60.805987 5.00
60.816862 5.00
60.846987 5.00
60.857863 5.00
60.887988 5.35
60.898863 5.35
60.928988 5.00
60.939863 5.00
60.969989 5.00
60.980864 5.00
61.010989 5.00
61.021864 5.00
61.051989 5.00
61.062864 5.00
61.092989 4.68
61.103865 5.00
61.133989 5.35
61.144865 5.00
61.174990 5.00
61.185865 5.00
61.215990 5.00
61.226865 5.00
61.258867 5.00
61.269758 5.00
61.299991 5.00
61.315991 5.00
61.342868 5.00
61.353759 5.00
61.383992 5.35
61.394867 5.00
61.426895 5.00
61.437760 5.00
61.469895 5.00
61.480760 5.00
61.512868 4.68
61.523772 5.00
61.553993 5.00
61.564868 4.68
61.596869 5.00
61.607636 5.00
61.637869 5.35
61.653869 5.00
61.678869 5.00
61.694868 5.00
61.719870 5.00
61.735869 5.00
61.760995 5.00
61.771870 5.00
61.803746 5.00
61.814513 5.00
61.844887 5.00
61.860870 5.00
61.885995 5.35
61.896871 5.00
61.928747 5.00
61.939511 5.00
61.969996 5.00
61.980871 5.00
62.016246 5.00
62.026996 5.00
62.057649 5.00
62.068514 5.00
62.098872 5.00
62.109651 5.00
62.139872 5.35
62.150641 5.00
62.180997 5.00
62.191873 5.00
62.227248 5.00
62.243247 5.00
62.268763 5.00
62.284765 5.00
62.309999 5.00
62.320765 5.00
62.356249 5.00
62.366998 5.00
62.397651 5.35
62.408375 5.00
62.438875 5.00
62.449640 5.00
62.479875 5.00
62.490642 5.00
62.520875 5.00
62.531768 5.00
62.561875 5.00
62.572768 5.00
62.603001 4.68
62.613767 5.00
62.649251 5.35
62.660000 5.00
62.690656 5.00
62.701530 5.00
62.731876 5.00
62.742644 5.00
62.772877 5.00
62.783770 4.68
62.814002 5.00
62.824877 5.00
62.860252 4.68
62.871002 5.35
62.901655 5.35
62.912532 5.00
62.942878 5.00
62.953645 5.00
62.983878 5.00
62.994647 5.00
63.024879 5.00
63.035645 5.00
63.066004 5.00
63.076879 5.00
63.112254 5.00
63.123004 5.00
63.153656 5.00
63.164381 5.00
63.195005 5.00
63.205880 5.00
63.241256 5.00
63.252005 5.00
63.282662 4.68
63.293523 5.00
63.324006 5.00
63.334881 5.00
63.370256 5.00
63.381006 5.35
63.411659 5.00
63.422382 5.00
63.453007 5.00
63.463897 5.00
63.499257 5.00
63.510007 5.00
63.540661 5.00
63.551536 5.00
63.581883 4.68
63.592775 5.00
63.622883 5.00
63.633776 5.35
63.663884 5.00
63.674652 5.00
63.704884 5.00
63.715649 5.00
63.745884 5.00
63.756650 5.00
63.786884 5.00
63.797652 5.00
63.828010 5.00
63.838885 5.00
63.874260 5.00
63.885010 5.35
63.915665 5.35
63.928260 5.00
63.956886 5.00
63.967654 5.00
63.997886 5.00
64.008651 5.00
64.038886 5.00
64.049652 5.00
64.079886 5.00
64.090654 5.00
64.121012 5.00
64.131887 5.35
64.167262 5.35
64.183388 5.00
64.208668 5.00
64.221263 5.00
64.250013 5.00
64.260905 5.00
64.296263 5.00
64.308793 5.00
64.337906 5.00
64.348657 5.00
64.384417 5.00
64.395264 5.35
64.425907 5.00
64.436781 5.00
64.472264 5.00
64.488265 5.00
64.513780 5.00
64.529782 5.00
64.554908 5.00
64.565782 5.00
64.601265 5.00
64.617266 5.00
64.642670 5.35
64.658670 5.00
64.684016 5.00
64.694891 5.00
64.730266 5.00
64.746142 5.00
64.771544 5.00
64.782393 5.00
64.812910 5.00
64.823659 5.00
64.859268 5.00
64.875142 5.00
64.900672 5.00
64.916671 5.00
64.942018 5.00
64.952893 5.00
64.988268 5.00
65.004143 4.68
65.029671 5.00
65.045673 5.00
65.071019 5.00
65.081894 5.00
65.117269 5.00
65.133145 5.35
65.158673 5.00
65.174672 5.00
65.200020 5.00
65.210895 5.00
65.246270 5.00
65.262271 5.00
65.287675 5.00
65.303675 5.00
65.329021 5.00
65.339913 5.00
65.375271 5.00
65.391146 5.35
65.416675 5.00
65.432675 5.00
65.458022 5.00
65.468897 5.00
65.504273 5.00
65.520147 5.00
65.545675 5.00
65.561552 5.00
65.587023 5.00
65.597898 5.00
65.633273 5.00
65.649273 5.35
65.674790 5.00
65.690918 5.00
65.716024 5.00
65.726899 5.00
65.762274 5.00
65.778149 5.00
65.803791 5.00
65.819667 5.00
65.845025 5.00
65.855900 5.00
65.891275 5.00
65.907150 5.35
65.932677 5.00
65.948556 5.00
65.973901 5.00
65.984670 5.00
66.014901 5.00
66.025666 5.00
66.056026 5.00
66.066902 5.00
66.102277 5.00
66.118152 5.00
66.143679 5.35
66.159556 5.00
66.186654 5.00
66.197557 5.00
66.227920 5.00
66.238795 5.00
66.274278 5.00
66.290279 5.00
66.315794 5.00
66.332028 5.00
66.356903 5.00
66.367680 5.00
66.403279 5.35
66.419279 5.00
66.444796 5.00
66.460929 5.00
66.485922 5.00
66.496795 5.00
66.532280 4.68
66.548280 4.68
66.573798 5.00
66.589798 5.00
66.616672 5.00
66.627424 5.35
66.659657 5.35
66.670558 5.00
66.700921 5.00
66.711674 5.00
66.747281 5.00
66.763281 5.00
66.788683 5.00
66.804561 5.00
66.831658 5.00
66.842408 5.00
66.874658 5.00
66.885559 5.35
66.915924 5.00
66.926675 5.00
66.958659 5.00
66.969564 5.00
66.999923 5.00
67.010677 5.00
67.046158 5.00
67.058659 5.00
67.087410 5.00
67.098284 5.00
67.128927 5.00
67.139678 5.35
67.170159 5.00
67.182660 5.00
67.211410 5.00
67.222285 5.00
67.252687 5.00
67.268565 5.00
67.299161 5.00
67.315286 4.68
67.340412 5.00
67.351286 4.68
67.381688 5.00
67.397565 5.00
67.428162 5.00
67.440537 5.00
67.472564 5.00
67.488677 5.00
67.513927 5.00
67.524677 5.00
67.555163 4.68
67.567538 4.68
67.596413 5.00
67.607288 5.00
67.637693 5.00
67.653806 5.35
67.684288 5.00
67.695164 5.00
67.725806 5.00
67.736806 5.00
67.772164 5.00
67.788289 5.00
67.813433 4.68
67.824289 5.00
67.854694 5.00
67.870693 5.00
67.901290 5.00
67.912165 5.00
67.942692 5.00
67.953570 5.00
67.989291 5.00
68.000041 5.00
68.030693 5.00
68.041418 4.68
68.077291 5.00
68.088166 5.00
68.118695 4.68
68.129569 5.35
68.165292 5.35
68.176042 5.00
68.206695 5.00
68.217436 5.00
68.253293 5.00
68.264042 5.00
68.294696 5.00
68.305573 5.00
68.341293 5.00
68.352043 5.00
68.382698 5.00
68.393572 5.35
68.429169 5.00
68.445294 5.00
68.473420 5.00
68.484169 5.00
68.514810 5.00
68.525560 5.00
68.561170 5.00
68.577170 5.00
68.602421 5.00
68.613170 5.00
68.643686 5.35
68.654421 5.35
68.690296 5.00
68.701046 5.00
68.731698 5.00
68.742422 5.00
68.778172 5.00
68.794297 5.00
68.819422 5.00
68.830172 4.68
68.860687 5.00
68.871423 5.00
68.907298 5.35
68.918173 5.00
68.948700 5.00
68.959577 5.00
68.995298 5.00
69.006048 5.00
69.036691 5.00
69.047578 5.00
69.083298 5.00
69.094049 5.00
69.124691 5.00
69.135579 5.35
69.171174 5.35
69.187299 5.00
69.215578 5.00
69.231690 5.00
69.256817 5.00
69.267565 5.00
69.303175 5.00
69.319176 5.00
69.344426 5.00
69.355176 5.00
69.385691 5.00
69.396426 5.35
69.432309 5.00
69.443177 5.00
69.473707 5.00
69.484581 5.00
69.520310 5.00
69.531052 5.00
69.561695 5.00
69.572582 5.00
69.608311 5.00
69.619053 5.00
69.649696 5.35
69.660583 5.00
69.696178 5.00
69.712311 5.00
69.740581 5.00
69.756706 5.00
69.781819 5.00
69.792582 5.00
69.828179 5.00
69.844312 5.00
69.869457 5.00
69.882055 5.35
69.910695 5.35
69.921458 5.00
69.957180 5.00
69.973314 5.00
69.998586 5.00
70.014708 5.00
70.045056 5.00
70.057588 5.00
70.086181 5.00
70.102315 5.00
70.127459 5.00
70.143458 5.35
70.174182 5.35
70.190309 5.00
70.215311 5.00
70.226182 5.00
70.256823 5.00
70.267587 5.00
70.303311 5.00
70.314183 5.00
70.344824 5.00
70.355585 5.00
70.391312 5.00
70.402184 5.35
70.432828 5.00
70.443588 5.00
70.473934 5.00
70.484826 5.00
70.515060 5.00
70.531060 5.00
70.556185 5.00
70.572185 5.00
70.597464 5.00
70.613589 5.00
70.644185 5.00
70.660314 5.35
70.685462 5.00
70.701589 5.00
70.732186 5.00
70.743061 5.00
70.773589 5.00
70.784315 5.00
70.820187 5.00
70.830937 5.00
70.861590 5.00
70.872464 5.00
70.908063 5.35
70.924063 5.00
70.949187 5.00
70.960063 5.00
70.990590 5.00
71.001319 5.00
71.037188 5.00
71.048063 5.00
71.078590 5.00
71.089319 5.00
71.125189 5.00
71.136064 5.00
71.166591 5.35
71.177318 5.00
71.213190 5.00
71.224065 5.00
71.254592 5.00
71.265319 5.00
71.301190 5.00
71.311940 5.00
71.342318 5.00
71.353191 5.00
71.383833 5.00
71.394596 5.00
71.425066 5.35
71.441066 5.00
71.466191 5.00
71.476942 5.00
71.507472 5.00
71.523596 5.00
71.554192 5.00
71.564942 5.00
71.595472 5.00
71.611597 5.00
71.642068 5.00
71.658068 5.35
71.683193 5.00
71.693943 5.00
71.724595 5.00
71.735473 5.00
71.771194 5.00
71.782069 5.00
71.812598 5.00
71.823475 5.00
71.859194 5.00
71.870070 5.00
71.900472 5.00
71.916473 5.35
71.947195 5.00
71.957945 5.00
71.988597 5.00
71.999322 5.00
72.035196 5.00
72.046071 5.00
72.076600 5.00
72.087323 4.68
72.123071 5.00
72.139196 4.68
72.164196 5.00
72.175072 5.35
72.205602 5.00
72.216475 5.00
72.252198 5.00
72.263073 5.00
72.293602 5.00
72.304478 5.00
72.340198 5.00
72.351073 5.00
72.381603 5.00
72.392477 5.00
72.428074 5.35
72.444074 5.00
72.469199 5.00
72.479949 5.00
72.510476 5.00
72.526479 5.00
72.557200 5.00
72.568075 5.00
72.598604 4.68
72.609478 4.68
72.645200 5.00
72.656076 5.00
72.686327 5.00
72.697201 5.00
72.727605 5.00
72.738480 5.00
72.774201 5.00
72.785076 5.00
72.815605 5.00
72.826483 5.00
72.862202 5.00
72.873077 5.00
72.903329 5.00
72.914202 5.35
72.946455 5.00
72.957329 5.00
72.989455 5.00
73.000329 5.00
73.032455 5.00
73.043329 5.00
73.075455 5.00
73.086330 5.00
73.118331 5.00
73.129204 5.00
73.161331 5.00
73.172204 5.35
73.204332 5.00
73.215205 5.00
73.247332 5.00
73.258205 5.00
73.290332 5.00
73.301205 5.00
73.333332 5.00
73.344205 5.00
73.380081 5.00
73.396081 5.00
73.421206 5.35
73.432081 5.00
73.462485 5.00
73.478610 5.00
73.503957 5.00
73.516333 5.00
73.544957 5.00
73.557334 5.00
73.586082 5.00
73.596958 5.00
73.627208 5.00
73.638083 5.00
73.668727 5.35
73.679725 5.35
73.710083 5.00
73.720958 5.00
73.751208 5.00
73.761959 5.00
73.792489 5.00
73.803335 5.00
73.833960 5.00
73.850085 5.00
73.875085 5.00
73.885835 5.00
73.916210 5.00
73.926960 5.35
73.957487 5.00
73.968337 5.00
73.998960 5.00
74.015086 5.00
74.039961 5.00
74.056086 5.00
74.080961 5.00
74.097086 5.00
74.122086 5.00
74.132961 5.00
74.163211 5.00
74.173962 5.35
74.204616 5.00
74.215491 5.00
74.245962 5.00
74.261962 5.00
74.286963 5.00
74.303088 5.00
74.328088 5.00
74.338963 5.00
74.369213 5.00
74.379963 5.00
74.410615 5.00
74.421340 5.35
74.451964 5.00
74.468089 5.00
74.492964 5.00
74.509089 5.00
74.533964 5.00
74.550090 5.00
74.575090 5.00
74.585965 5.00
74.616215 5.00
74.626965 5.00
74.657495 5.00
74.668342 5.35
74.698966 5.00
74.715091 5.00
74.740091 5.00
74.750966 5.00
74.781216 5.00
74.791966 5.00
74.822622 5.00
74.833493 5.00
74.863842 5.00
74.874610 5.00
74.904967 5.00
74.921093 5.35
74.945967 5.00
74.962093 5.00
74.986968 5.00
75.003093 5.00
75.028093 5.00
75.038968 5.00
75.069219 5.00
75.079968 5.00
75.110498 5.00
75.121346 5.00
75.151969 5.00
75.167969 5.00
75.192970 5.35
75.209095 5.00
75.233969 5.00
75.249970 5.00
75.274970 5.00
75.291095 5.00
75.316096 5.00
75.326970 5.00
75.357221 5.00
75.367970 5.00
75.398347 5.00
75.414499 5.00
75.445096 5.35
75.455971 5.00
75.486221 5.00
75.496972 5.00
75.529351 5.00
75.540222 5.00
75.576097 5.00
75.586972 5.00
75.617222 5.00
75.629863 5.00
75.658502 5.00
75.669379 5.35
75.699849 5.00
75.710738 5.00
75.740973 5.00
75.756974 5.00
75.782099 5.00
75.792974 5.00
75.823351 5.00
75.839503 5.00
75.870099 5.00
75.880850 5.00
75.911225 5.00
75.923617 5.35
75.952504 5.00
75.963225 5.00
75.999100 5.00
76.009976 5.00
76.040226 5.00
76.052618 5.00
76.081505 5.00
76.092353 5.00
76.122869 4.68
76.135231 5.00
76.163977 5.00
76.180102 5.35
76.204977 5.00
76.220977 5.00
76.245977 5.00
76.262103 5.00
76.286977 4.68
76.302978 5.00
76.327977 5.00
76.343978 5.00
76.368978 5.00
76.385103 5.00
76.409978 5.00
76.420854 5.35
76.450979 5.00
76.461854 5.00
76.491979 5.00
76.502854 5.00
76.532979 5.00
76.543854 5.00
76.573980 5.00
76.584854 5.00
76.614980 5.00
76.625855 4.68
76.655980 5.00
76.666855 5.35
76.696981 5.00
76.707856 5.00
76.737981 5.00
76.748856 5.00
76.778981 5.00
76.789857 5.00
76.820107 5.00
76.830857 5.00
76.861358 5.00
76.872232 5.00
76.908107 5.00
76.918857 5.35
76.949358 5.00
76.960233 5.00
76.996108 5.00
77.006858 5.00
77.037360 5.00
77.048233 5.00
77.084108 5.00
77.094859 5.00
77.125360 5.00
77.136234 5.00
77.172109 5.00
77.182859 5.00
77.213361 5.00
77.224234 5.00
77.260110 5.00
77.270860 4.68
77.301362 5.00
77.312235 5.00
77.348110 5.00
77.358860 5.00
77.389362 4.68
77.400236 5.00
77.436111 5.00
77.446861 5.00
77.477363 5.00
77.488236 5.00
77.524112 5.00
77.534862 5.00
77.565364 5.00
77.576237 5.00
77.612113 4.68
77.622862 5.00
77.653364 5.00
77.664238 5.35
77.700113 5.00
77.710863 5.00
77.741364 5.00
77.752239 5.00
77.788114 5.00
77.798864 5.00
77.829366 5.00
77.840239 5.00
77.876114 5.00
77.886864 5.00
77.917366 5.00
77.928240 5.00
77.964115 5.00
77.974865 5.00
78.005367 5.00
78.016240 5.00
78.052116 5.00
78.062866 5.00
78.093491 5.00
78.104240 5.00
78.134883 5.00
78.150883 5.00
78.176116 5.35
78.186866 5.00
78.217397 5.00
78.228242 5.00
78.258884 5.00
78.274884 5.00
78.300117 5.00
78.310868 5.00
78.341369 5.00
78.352242 5.00
78.382886 5.00
78.398885 5.00
78.424118 5.35
78.434868 5.35
78.465370 5.00
78.476244 5.00
78.511887 5.00
78.527887 5.00
78.553119 5.00
78.565635 5.00
78.594245 5.00
78.610245 5.00
78.640888 5.00
78.656886 5.00
78.682121 5.00
78.694637 5.00
78.723371 5.00
78.734245 5.00
78.764888 5.00
78.780888 5.00
78.806121 5.00
78.818513 5.00
78.847373 5.00
78.858247 5.00
78.888650 5.00
78.901125 5.00
78.929997 5.35
78.940872 5.00
78.971123 5.00
78.983515 5.00
79.017126 5.00
79.027998 5.00
79.058374 5.00
79.069248 5.00
79.099892 5.00
79.115888 5.00
79.141124 5.00
79.153514 5.35
79.182249 5.35
79.192999 5.00
79.228892 5.00
79.244890 5.00
79.270250 5.00
79.286250 5.00
79.314892 5.00
79.325641 5.00
79.356125 5.00
79.368517 5.00
79.405767 5.00
79.418129 5.35
79.447001 5.00
79.457876 5.00
79.488126 5.00
79.504126 5.00
79.529378 5.00
79.540251 5.00
79.570653 5.00
79.581378 5.00
79.611878 5.00
79.622646 5.00
79.653003 5.00
79.663894 5.35
79.694128 5.00
79.710127 5.00
79.735127 5.00
79.751002 5.00
79.776127 5.00
79.792002 5.00
79.820252 5.00
79.831002 5.00
79.861253 5.00
79.872003 5.00
79.902253 5.00
79.913003 5.35
79.943254 5.35
79.954005 5.00
79.989895 5.00
80.000647 5.00
80.031130 5.00
80.047131 5.00
80.072382 5.00
80.083256 5.00
80.113899 5.00
80.124646 5.00
80.155131 5.00
80.171007 5.35
80.196383 5.00
80.207257 5.00
80.237660 5.00
80.253774 5.00
80.279008 5.00
80.289882 5.00
80.320133 5.00
80.336133 5.00
80.361384 5.00
80.372257 5.00
80.402650 5.00
80.413384 5.35
80.444008 5.35
80.454883 5.00
80.485134 5.00
80.501134 5.00
80.531385 5.00
80.542259 5.00
80.572901 5.00
80.583652 5.00
80.613885 5.00
80.624652 5.00
80.654885 5.00
80.665652 5.35
80.696010 5.35
80.706885 5.00
80.737135 5.00
80.753136 5.00
80.778261 5.00
80.789136 5.00
80.824903 5.00
80.835653 5.00
80.866012 5.00
80.876887 5.00
80.907137 5.00
80.923137 5.35
80.948389 5.35
80.959262 5.00
80.989666 5.00
81.005656 5.00
81.031013 5.00
81.041888 5.00
81.072138 5.00
81.088013 5.00
81.115148 5.00
81.126013 5.00
81.156263 5.00
81.167014 5.35
81.197666 5.00
81.208391 5.00
81.239014 5.00
81.249890 5.00
81.280139 5.00
81.296139 5.00
81.323150 5.00
81.333890 5.00
81.366150 5.00
81.376891 5.00
81.409151 5.00
81.420016 5.35
81.455784 5.35
81.471783 5.00
81.497016 5.00
81.507891 5.00
81.538141 5.00
81.554142 5.00
81.581027 5.00
81.591910 5.00
81.622142 5.00
81.638142 5.00
81.665028 5.00
81.675909 5.35
81.706143 5.00
81.722143 5.00
81.749028 5.00
81.759911 5.00
81.790143 5.00
81.806144 5.00
81.836548 5.00
81.849029 5.00
81.878019 5.00
81.890396 5.00
81.919144 5.00
81.935020 5.35
81.962030 5.00
81.972913 5.00
82.003270 5.00
82.014020 5.00
82.044675 5.00
82.060788 5.00
82.086021 5.00
82.098397 5.00
82.127270 5.00
82.138146 4.68
82.168676 5.00
82.184788 5.35
82.210022 5.00
82.226022 5.00
82.251147 5.00
82.262022 5.00
82.297539 5.00
82.310052 5.00
82.338915 5.00
82.349665 5.00
82.380148 5.00
82.390898 5.00
82.426541 5.00
82.437273 5.35
82.467917 5.00
82.478666 5.00
82.509148 5.00
82.519899 5.00
82.555553 5.00
82.566274 5.00
82.596916 4.68
82.607667 5.00
82.638024 5.00
82.654025 5.00
82.679150 5.00
82.690025 5.35
82.725540 5.00
82.741542 5.00
82.766916 5.00
82.777669 5.00
82.808151 5.00
82.819026 5.00
82.854553 5.00
82.870541 5.00
82.895919 5.00
82.906669 5.00
82.937152 5.35
82.948027 5.00
82.983546 5.00
82.999543 5.00
83.024920 5.00
83.035668 5.00
83.066153 5.00
83.077028 5.00
83.112546 5.00
83.128546 5.00
83.153921 5.00
83.164671 5.00
83.195154 5.35
83.205904 5.00
83.241556 5.00
83.252279 5.00
83.282921 5.00
83.293670 5.00
83.324030 5.00
83.339905 5.00
83.365155 5.00
83.376030 5.00
83.411548 5.00
83.427546 5.35
83.452924 5.00
83.463673 5.00
83.494156 5.00
83.504906 5.00
83.540560 5.00
83.556550 5.00
83.581922 4.68
83.592672 5.00
83.623157 5.00
83.633907 5.00
83.669560 5.00
83.685550 5.35
83.710925 5.00
83.721675 5.00
83.752158 5.00
83.763033 5.00
83.798551 5.00
83.814551 5.00
83.839926 5.00
83.850676 5.00
83.881159 5.00
83.892034 5.00
83.927562 5.35
83.943552 5.00
83.968926 5.00
83.981411 5.00
84.010160 5.00
84.021035 5.00
84.056552 5.00
84.072554 5.00
84.097928 5.00
84.110428 5.00
84.139161 5.00
84.150036 5.00
84.182038 5.35
84.192927 5.00
84.223162 5.00
84.234036 5.00
84.266039 5.00
84.276929 5.00
84.307162 5.00
84.317929 5.00
84.350067 5.00
84.360927 5.00
84.396567 5.00
84.412555 5.35
84.437929 5.35
84.450288 5.35
84.479163 5.00
84.489913 5.00
84.525556 5.00
84.541556 5.00
84.566932 5.00
84.582914 5.00
84.608040 5.00
84.624040 5.00
84.649165 5.00
84.660040 5.35
84.695567 5.35
84.707947 5.00
84.736933 5.00
84.752915 5.00
84.777916 5.00
84.790291 5.00
84.819041 5.00
84.834916 5.00
84.860166 5.00
84.871041 5.00
84.906447 5.00
84.922419 5.35
84.947935 5.00
84.963934 5.00
84.989167 5.00
85.000042 5.00
85.035560 5.00
85.051558 5.00
85.076918 5.00
85.092810 5.00
85.118043 5.00
85.133919 4.68
85.159169 5.00
85.169919 5.35
85.205561 5.00
85.221419 5.00
85.246698 5.00
85.257420 5.00
85.288045 5.00
85.303920 5.00
85.329170 5.00
85.340045 5.00
85.375420 5.00
85.386170 5.00
85.416688 5.00
85.427572 5.35
85.457921 5.00
85.473813 5.00
85.498922 5.00
85.514813 5.00
85.540046 5.00
85.555922 5.00
85.581172 5.00
85.592047 5.00
85.627422 5.00
85.638172 4.68
85.668690 5.00
85.679575 5.35
85.710048 5.00
85.726048 5.00
85.751173 5.00
85.761923 5.00
85.797577 5.00
85.813577 5.00
85.838817 5.00
85.849566 5.00
85.880049 5.00
85.895924 5.00
85.921174 5.00
85.931925 5.35
85.967578 5.00
85.983578 5.00
86.008817 5.00
86.019568 5.00
86.050050 5.00
86.065925 5.00
86.091175 5.00
86.102051 5.00
86.132578 5.00
86.148426 5.00
86.173818 5.00
86.184566 5.35
86.214819 5.00
86.225580 5.00
86.255927 5.00
86.271819 5.00
86.297052 5.00
86.312927 5.00
86.338310 5.00
86.349052 5.00
86.379693 5.00
86.390428 5.00
86.421053 5.00
86.437053 5.35
86.462178 5.00
86.473053 5.00
86.503582 5.00
86.519429 5.00
86.544696 5.00
86.555584 5.00
86.586054 5.00
86.602054 5.00
86.627179 5.00
86.638055 5.00
86.668583 4.68
86.684583 5.35
86.709930 5.00
86.725931 5.00
86.751055 5.00
86.766931 5.00
86.793961 5.00
86.804699 5.00
86.836962 5.00
86.847696 5.00
86.879963 5.00
86.890824 5.00
86.922962 5.00
86.933822 5.35
86.965963 5.00
86.976823 5.00
87.008962 5.00
87.019824 5.00
87.051964 5.00
87.062823 5.00
87.098311 5.00
87.110965 5.00
87.139825 5.00
87.155826 5.00
87.180934 5.00
87.196934 5.35
87.222059 5.00
87.232934 5.00
87.268311 5.00
87.280839 5.00
87.309826 5.00
87.322185 5.00
87.350935 5.00
87.366935 5.00
87.391935 5.00
87.407825 5.00
87.432936 5.35
87.443828 5.35
87.473936 5.00
87.484829 5.00
87.515061 5.00
87.525827 5.00
87.561315 5.00
87.573830 5.00
87.602831 5.00
87.632187 5.00
87.642937 5.00
87.673590 5.00
87.684466 5.35
87.714938 5.00
87.730938 5.00
87.755938 5.00
87.766828 5.00
87.797063 5.00
87.807938 5.00
87.843318 5.00
87.859318 5.00
87.884829 5.00
87.900831 5.00
87.925939 5.00
87.941939 5.35
87.966939 5.00
87.977832 5.00
88.008065 5.00
88.018831 5.00
88.054320 5.00
88.078834 5.00
88.108318 5.00
88.124322 5.00
88.149833 5.00
88.165831 5.00
88.190941 5.35
88.206941 5.00
88.231941 5.00
88.242833 5.00
88.273067 5.00
88.283832 5.00
88.319317 5.00
88.335318 5.00
88.360834 5.00
88.376835 5.00
88.401942 5.00
88.417836 5.00
88.442943 5.35
88.453818 5.00
88.484068 5.00
88.494835 5.00
88.530325 5.00
88.546473 5.00
88.571819 5.00
88.587836 5.00
88.612944 5.00
88.628944 5.00
88.654070 5.00
88.664945 5.00
88.700323 5.35
88.716323 5.00
88.741599 5.00
88.752474 5.00
88.782946 5.00
88.798838 5.00
88.824071 5.00
88.834946 5.00
88.870322 5.00
88.886322 5.00
88.911840 4.68
88.927947 4.68
88.952947 4.68
88.968947 4.68
88.993947 4.34
89.004848 4.68
89.034947 4.68
89.045839 4.68
89.075948 4.34
89.086823 4.34
89.116948 4.68
89.127823 4.68
89.158073 4.68
89.168948 4.34
89.204325 4.68
89.220325 4.68
89.245841 4.34
89.261840 4.34
89.287075 4.34
89.297949 4.34
89.333326 4.34
89.349329 4.68
89.374843 4.68
89.390842 4.34
89.415825 4.34
89.431950 4.34
89.456826 4.68
89.472842 4.34
89.497826 4.34
89.513844 4.34
89.538951 4.34
89.554951 4.34
89.579952 4.68
89.590827 4.34
89.621077 4.34
89.631952 4.34
89.667329 4.34
89.683329 4.34
89.708845 4.34
89.724842 4.34
89.751829 4.34
89.762608 4.34
89.792953 4.34
89.803844 4.34
89.833953 4.34
89.844828 4.34
89.875078 4.34
89.885954 4.34
89.921330 4.34
89.937334 4.34
89.962846 4.34
89.978846 4.34
90.003954 4.68
90.014830 4.34
90.044955 4.68
90.055830 4.68
90.085955 4.68
90.096830 4.68
90.127080 4.68
90.137831 4.68
90.173332 4.68
90.189336 4.68
90.214848 4.68
90.230850 4.68
90.255956 4.68
90.266849 4.34
90.296957 4.34
90.307832 4.34
90.337957 4.34
90.348847 4.68
90.379082 4.34
90.389832 4.68
90.425334 4.68
90.441338 4.34
90.466851 4.34
90.482850 4.34
90.507958 4.68
90.518834 4.68
90.548959 4.68
90.559834 4.34
90.589959 4.68
90.600834 4.34
90.631084 4.34
90.641834 4.34
90.677336 4.68
90.693340 4.68
90.718852 4.34
90.734852 4.68
90.759960 4.34
90.770836 4.68
90.800960 4.68
90.811836 4.68
90.841960 4.68
90.852835 4.68
90.883086 4.68
90.893961 4.68
90.929337 4.68
90.945341 4.34
90.970854 4.68
90.986854 4.68
91.011962 4.68
91.022837 4.68
91.053087 4.34
91.063963 4.68
91.099343 4.68
91.110339 4.68
91.140853 4.68
91.156853 4.68
91.181964 4.68
91.192839 4.68
91.223089 4.34
91.233964 4.68
91.269341 4.68
91.285341 4.68
91.310856 4.68
91.326857 4.34
91.351965 4.68
91.362840 4.68
91.392965 4.68
91.403840 4.34
91.433965 4.34
91.444840 4.34
91.474965 4.34
91.485840 4.68
91.515965 4.34
91.526841 4.34
91.556966 4.68
91.567841 4.68
91.597966 4.68
91.608841 4.34
91.638967 4.34
91.649860 4.68
91.679967 4.68
91.690842 4.68
91.720968 4.34
91.731843 4.34
91.761968 4.68
91.772843 4.68
91.802968 4.68
91.813843 4.68
91.843968 4.68
91.854843 4.34
91.884968 4.68
91.895844 4.68
91.926093 4.34
91.936844 4.34
91.972346 4.34
91.988349 4.34
92.013861 4.34
92.029863 4.68
92.054970 4.34
92.065845 4.34
92.095970 4.34
92.106845 4.34
92.136970 4.34
92.147846 4.68
92.179722 4.34
92.190623 4.34
92.220971 4.68
92.231862 4.68
92.263723 4.34
92.274626 4.34
92.304861 4.68
92.315739 4.68
92.345972 4.34
92.356863 4.34
92.392222 4.34
92.408223 4.34
92.433501 4.34
92.444379 4.34
92.474973 4.34
92.485865 4.34
92.521223 4.34
92.533741 4.34
92.562741 4.34
92.578867 4.34
92.603849 4.34
92.614616 4.34
92.644974 4.68
92.655849 4.34
92.686225 4.34
92.698726 4.68
92.727503 4.34
92.738351 4.34
92.768868 4.68
92.779618 4.34
92.811727 4.34
92.822628 4.34
92.852870 4.68
92.863618 4.68
92.895602 4.68
92.906353 4.68
92.936868 4.34
92.947618 4.68
92.983102 4.68
92.993851 4.68
93.024227 4.34
93.040102 4.34
93.065493 4.34
93.076227 4.68
93.106869 4.34
93.117620 4.68
93.153103 4.68
93.163854 4.34
93.194228 4.68
93.210103 4.34
93.235355 4.34
93.246228 4.34
93.276872 4.34
93.287622 4.34
93.323104 4.34
93.333854 4.68
93.364229 4.68
93.380230 4.34
93.405480 4.34
93.416230 4.34
93.446872 4.34
93.457622 4.34
93.487856 4.34
93.498621 4.34
93.528856 4.34
93.539623 4.34
93.569857 4.68
93.580622 4.68
93.610856 4.34
93.621624 4.68
93.651856 4.68
93.662622 4.68
93.692857 4.68
93.703625 4.68
93.733858 4.34
93.744625 4.34
93.774858 4.34
93.785625 4.34
93.815858 4.34
93.826623 4.34
93.856858 4.34
93.867623 4.68
93.897858 4.34
93.908625 4.34
93.938859 4.34
93.949625 4.34
93.979859 4.34
93.990625 4.34
94.020859 4.34
94.031627 4.34
94.061860 4.34
94.072626 4.34
94.102860 4.34
94.113625 4.34
94.143860 4.34
94.154627 4.34
94.184861 4.34
94.195628 4.34
94.225861 4.34
94.236753 4.34
94.266861 4.34
94.277629 4.34
94.307862 4.34
94.318754 4.34
94.348862 4.68
94.359630 4.68
94.389862 4.34
94.400631 4.68
94.430863 4.68
94.441630 4.68
94.471863 4.34
94.482630 4.68
94.512863 4.68
94.523631 4.34
94.553863 4.34
94.564631 4.34
94.594864 4.34
94.605630 4.34
94.635864 4.34
94.646632 4.34
94.676865 4.34
94.687631 4.34
94.717865 4.68
94.728632 4.68
94.758865 4.68
94.769630 4.34
94.799865 4.34
94.810631 4.34
94.840866 4.34
94.851634 4.34
94.881866 4.34
94.892632 4.34
94.922866 4.34
94.933633 4.34
94.965617 4.34
94.976367 4.34
95.008617 4.34
95.019493 4.68
95.049882 4.68
95.060635 4.34
95.092618 4.34
95.103368 4.68
95.135618 4.34
95.146493 4.34
95.176886 4.34
95.187637 4.34
95.223243 4.34
95.239244 4.68
95.264645 4.68
95.280494 4.34
95.307620 4.34
95.318370 4.34
95.354120 4.68
95.366620 4.34
95.395370 4.34
95.406245 4.34
95.436885 4.34
95.447638 4.34
95.478120 4.34
95.490621 4.34
95.519371 4.68
95.530246 4.34
95.560889 4.34
95.571636 4.34
95.603622 4.68
95.614372 4.68
95.650246 4.34
95.661121 4.68
95.691765 4.34
95.702764 4.34
95.738122 4.34
95.750513 4.34
95.779247 4.34
95.790123 4.34
95.820764 4.68
95.831516 4.34
95.867248 4.68
95.883123 4.34
95.908650 4.34
95.924516 4.34
95.955248 4.34
95.971249 4.34
95.996526 4.34
96.012376 4.34
96.043250 4.34
96.059125 4.34
96.084654 4.34
96.100653 4.34
96.131250 4.34
96.147250 4.34
96.172654 4.34
96.183377 4.68
96.219125 4.34
96.235001 4.34
96.263528 4.34
96.279396 4.34
96.310252 4.34
96.321126 4.68
96.351769 4.34
96.362517 4.34
96.392894 4.68
96.403768 4.68
96.439252 4.68
96.450127 4.68
96.480770 4.68
96.491769 4.68
96.522128 4.34
96.538253 4.68
96.563253 4.68
96.574003 4.34
96.604658 4.68
96.615532 4.68
96.651254 4.68
96.662004 4.34
96.692657 4.34
96.703533 4.34
96.739130 4.34
96.755255 4.34
96.780130 4.34
96.796005 4.34
96.821382 4.34
96.832255 4.34
96.862523 4.34
96.878648 4.34
96.903898 4.34
96.914648 4.34
96.950006 4.34
96.960882 4.34
96.991132 4.34
97.007132 4.34
97.032257 4.34
97.043132 4.34
97.073659 4.34
97.084383 4.34
97.120257 4.34
97.131008 4.34
97.161661 4.34
97.172534 4.34
97.208133 4.34
97.224258 4.34
97.249259 4.68
97.260149 4.34
97.290923 4.34
97.301890 4.34
97.332263 4.34
97.343138 4.34
97.373653 4.34
97.384530 4.34
97.420262 4.34
97.431136 4.34
97.461677 4.34
97.472386 4.34
97.508135 4.34
97.524260 4.34
97.549402 4.34
97.560261 4.34
97.590665 4.34
97.601414 4.34
97.637262 4.34
97.648277 4.34
97.678836 4.34
97.689790 4.34
97.720394 4.34
97.731266 4.34
97.761659 4.34
97.772561 4.34
97.808265 4.34
97.819139 4.34
97.849690 4.34
97.860552 4.34
97.896014 4.34
97.906889 4.34
97.937139 4.34
97.953014 4.34
97.978390 4.34
97.989264 4.34
98.019669 4.34
98.030543 4.34
98.066265 4.34
98.077014 4.34
98.107666 4.34
98.118543 4.34
98.154140 4.34
98.170141 4.34
98.195392 4.34
98.206265 4.34
98.236531 4.34
98.252534 4.34
98.277906 4.34
98.288656 4.34
98.319141 4.34
98.335142 4.34
98.360266 4.34
98.371017 4.34
98.401670 4.34
98.412393 4.34
98.448143 4.34
98.464143 4.34
98.489393 4.34
98.502018 4.34
98.530810 4.34
98.541843 4.34
