0.000000 0.000000
0.041932 4.02
0.053095 4.34
0.083090 4.02
0.098968 4.02
0.132729 2.66
0.148716 2.34
0.173980 2.34
0.186480 2.34
0.215217 2.34
0.225964 2.34
0.256212 2.34
0.266961 2.34
0.302335 2.34
0.313084 2.34
0.343334 2.34
0.354083 2.34
0.386084 2.34
0.396832 2.34
0.427082 2.34
0.442957 2.34
0.468082 2.34
0.483957 2.34
0.509082 2.34
0.524958 2.34
0.550083 2.34
0.565957 2.34
0.591083 2.34
0.606958 2.34
0.632083 2.34
0.647958 2.34
0.673083 2.34
0.688959 2.34
0.714083 2.34
0.729959 2.34
0.755084 2.34
0.770971 2.34
0.796222 2.34
0.807235 2.34
0.839089 2.34
0.849839 2.34
0.882114 2.34
0.893097 2.34
0.928594 2.34
0.940972 2.34
0.969985 2.34
0.985973 3.33
1.011236 4.02
1.021972 4.02
1.053970 4.02
1.064717 4.02
1.094966 4.02
1.107340 4.02
1.135965 4.02
1.148339 4.02
1.176963 4.02
1.189338 4.02
1.217963 4.02
1.230338 4.02
1.258963 4.02
1.274839 4.02
1.300087 4.02
1.315963 4.02
1.341088 4.02
1.356963 4.02
1.382088 4.02
1.397964 4.02
1.423089 4.02
1.438976 4.02
1.464351 4.02
1.475101 4.02
1.505989 4.02
1.522244 4.34
1.552728 4.02
1.563740 4.02
1.594366 4.02
1.605366 4.34
1.635857 4.34
1.646720 4.34
1.677364 4.34
1.688112 4.34
1.718718 4.34
1.729718 4.34
1.760123 4.34
1.770843 4.34
1.806592 4.02
1.822593 4.34
1.847718 4.34
1.858593 4.34
1.888998 4.34
1.905123 4.34
1.935718 4.34
1.946594 4.34
1.977235 4.34
1.987998 4.34
2.023719 4.34
2.034594 4.34
2.065122 4.34
2.075845 4.34
2.111719 4.34
2.122595 4.34
2.153122 4.34
2.163846 4.34
2.199720 4.34
2.210470 4.34
2.240997 4.34
2.257125 4.02
2.287721 4.02
2.298596 4.34
2.329000 4.34
2.345123 4.34
2.370364 4.02
2.381115 4.34
2.411597 4.34
2.427722 4.34
2.452722 4.34
2.463597 4.34
2.494125 4.34
2.504848 4.02
2.540724 4.34
2.551598 4.34
2.582126 4.34
2.592849 4.34
2.623736 4.34
2.634609 4.34
2.665373 4.34
2.676387 4.34
2.707034 4.34
2.723252 4.34
2.748730 4.34
2.759730 4.34
2.790371 4.34
2.801122 4.34
2.831727 4.34
2.842602 4.34
2.873133 4.34
2.884007 4.34
2.919601 4.34
2.935725 4.34
2.960725 4.34
2.971475 4.34
3.002250 4.34
3.012981 4.34
3.043730 4.34
3.054729 4.34
3.085245 4.34
3.096158 4.34
3.126603 4.34
3.142728 4.34
3.167727 4.34
3.178477 4.34
3.209008 4.34
3.225007 4.34
3.255602 4.34
3.271727 4.34
3.296728 4.34
3.307478 4.34
3.338007 4.34
3.353854 4.34
3.380979 4.34
3.391855 4.34
3.423980 4.34
3.434855 4.34
3.465372 4.34
3.476121 4.34
3.506479 4.34
3.517369 4.34
3.547605 4.34
3.563730 4.34
3.588730 4.34
3.599480 4.34
3.630134 4.34
3.641008 4.34
3.676730 4.34
3.687481 4.34
3.718011 4.34
3.733857 4.34
3.764731 4.34
3.775481 4.34
3.806010 4.34
3.822136 4.34
3.852732 4.34
3.863482 4.34
3.894011 4.34
3.910012 4.34
3.940732 4.34
3.951483 4.34
3.982010 4.34
3.998137 4.34
4.028733 4.34
4.039483 4.34
4.070012 4.34
4.086013 4.34
4.116609 4.34
4.132734 4.34
4.157734 4.34
4.168609 4.34
4.199012 4.34
4.209734 4.34
4.245609 4.34
4.256485 4.34
4.286735 4.34
4.297485 4.34
4.328140 4.34
4.339014 4.34
4.369485 4.34
4.385611 4.34
4.410486 4.34
4.426611 4.02
4.451486 4.34
4.467486 4.34
4.492486 4.34
4.508611 4.34
4.533611 4.34
4.544487 4.34
4.574737 4.34
4.585487 4.34
4.616015 4.34
4.626737 4.34
4.662612 4.34
4.673363 4.34
4.703738 4.34
4.714488 4.34
4.745017 4.34
4.755738 4.34
4.791614 4.34
4.802363 4.34
4.832739 4.34
4.843488 4.34
4.874018 4.34
4.884865 4.34
4.915382 4.34
4.926132 4.34
4.956489 4.34
4.972490 4.34
4.997490 4.34
5.013615 4.34
5.038490 4.34
5.054490 4.34
5.079490 4.34
5.095616 4.34
5.120491 4.34
5.136616 4.34
5.161491 4.34
5.177491 4.34
5.202491 4.34
5.218616 4.34
5.243492 4.34
5.259617 4.34
5.284617 4.34
5.295367 4.34
5.325742 4.02
5.336493 4.34
5.367010 4.34
5.377742 4.02
5.413618 4.34
5.424368 4.34
5.454743 4.34
5.465493 4.34
5.495993 4.34
5.506743 4.02
5.542619 4.34
5.553369 4.34
5.583871 4.02
5.599870 4.34
5.630620 4.34
5.641369 4.34
5.671871 4.34
5.687994 4.34
5.718620 4.34
5.729386 4.02
5.759870 4.34
5.775995 4.34
5.806621 4.02
5.817371 4.34
5.847872 4.34
5.863996 4.34
5.894621 4.34
5.905371 4.02
5.935873 4.34
5.951872 4.34
5.982622 4.34
5.993372 4.34
6.023873 4.34
6.039997 4.34
6.070623 4.34
6.081373 4.34
6.111873 4.34
6.127874 4.34
6.158623 4.34
6.169373 4.34
6.199748 4.02
6.210499 4.34
6.240999 4.34
6.251748 4.02
6.282141 4.34
6.292874 4.34
6.323374 4.34
6.334141 4.34
6.364374 4.34
6.375141 4.34
6.405375 4.02
6.417878 4.34
6.446375 4.34
6.457142 4.34
6.487375 4.34
6.499879 4.34
6.528376 4.34
6.540906 4.34
6.569376 4.34
6.580266 4.34
6.610376 4.34
6.622767 4.34
6.651502 4.34
6.667626 4.34
6.692502 4.34
6.708502 4.34
6.733502 4.34
6.749627 4.34
6.774502 4.34
6.790503 4.34
6.815502 4.34
6.831627 4.34
6.856503 4.34
6.872628 4.34
6.897503 4.34
6.913503 4.34
6.938503 4.34
6.954628 4.34
6.979503 4.34
6.995629 4.34
7.020504 4.34
7.036629 4.34
7.061630 4.34
7.072379 4.34
7.102880 4.34
7.113754 4.34
7.149630 4.34
7.160380 4.34
7.190880 4.02
7.201756 4.34
7.237630 4.34
7.248381 4.34
7.278882 4.34
7.289756 4.34
7.325631 4.34
7.336381 4.34
7.366882 4.34
7.377757 4.34
7.413631 4.34
7.424382 4.34
7.454883 4.34
7.465757 4.34
7.501633 4.34
7.512382 4.34
7.542884 4.34
7.553758 4.34
7.589401 4.34
7.605401 4.34
7.630633 4.34
7.641383 4.34
7.671885 4.34
7.682758 4.34
7.718634 4.34
7.729509 4.34
7.759885 4.34
7.770759 4.34
7.806635 4.34
7.817384 4.34
7.847760 4.34
7.863760 4.34
7.894403 4.34
7.910404 4.34
7.935635 4.02
7.946385 4.34
7.976761 4.34
7.992761 4.34
8.023403 4.34
8.039401 4.34
8.064636 4.34
8.075511 4.34
8.105887 4.34
8.116761 4.34
8.152402 4.34
8.168402 4.34
8.193637 4.02
8.204512 4.34
8.234888 4.34
8.245763 4.34
8.281403 4.34
8.297406 4.34
8.322637 4.34
8.333388 4.34
8.363889 4.34
8.374763 4.34
8.410639 4.34
8.421388 4.34
8.451890 4.34
8.462764 4.34
8.498406 4.34
8.514407 4.34
8.539764 4.34
8.555891 4.34
8.586407 4.34
8.602405 4.34
8.627640 4.34
8.638390 4.34
8.668891 4.34
8.679765 4.34
8.710034 4.34
8.720891 4.34
8.751392 4.34
8.767406 4.34
8.792391 4.34
8.808408 4.34
8.833517 4.34
8.844392 4.34
8.874642 4.34
8.885517 4.34
8.915893 4.34
8.926767 4.34
8.962409 4.34
8.978409 4.34
9.003643 4.34
9.014393 4.34
9.044768 4.34
9.060768 4.34
9.087772 4.34
9.098519 4.34
9.134394 4.34
9.150409 4.34
9.175519 4.34
9.186394 4.34
9.216644 4.34
9.229162 4.34
9.257896 4.34
9.268770 4.34
9.300773 4.34
9.311520 4.34
9.347414 4.34
9.363412 4.34
9.388645 4.34
9.401162 4.34
9.429771 4.34
9.445771 4.34
9.476414 4.34
9.492413 4.34
9.517646 4.34
9.530037 4.34
9.558898 4.34
9.569772 4.34
9.605415 4.34
9.621415 4.34
9.646647 4.34
9.659040 4.34
9.687916 4.34
9.698772 4.34
9.734415 4.34
9.750416 4.34
9.775648 4.02
9.788040 4.34
9.816899 4.34
9.827774 4.34
9.863415 4.34
9.874167 4.34
9.904649 4.34
9.917039 4.34
9.954290 4.34
9.970290 4.34
9.995525 4.34
10.006400 4.34
10.036650 4.34
10.052650 4.34
10.077901 4.34
10.088775 4.34
10.119180 4.34
10.129902 4.34
10.160401 4.34
10.171167 4.34
10.201401 4.34
10.212167 4.34
10.242402 4.34
10.253167 4.34
10.283527 4.34
10.294402 4.34
10.324652 4.34
10.340652 4.34
10.368903 4.02
10.379778 4.34
10.410420 4.34
10.421171 4.34
10.451653 4.34
10.467528 4.34
10.492921 4.34
10.503778 4.34
10.539170 4.34
10.555295 4.34
10.580404 4.34
10.591294 4.34
10.621529 4.34
10.632405 4.34
10.662654 4.34
10.678655 4.34
10.703780 4.02
10.714530 4.34
10.750421 4.02
10.761170 4.34
10.791406 4.34
10.802174 4.34
10.832531 4.34
10.843406 4.34
10.873656 4.34
10.889656 4.34
10.914907 4.34
10.925781 4.02
10.956424 4.34
10.967297 4.34
10.997657 4.34
11.013532 4.34
11.038908 4.34
11.049782 4.34
11.080423 4.02
11.091172 4.34
11.121657 4.34
11.137658 4.02
11.162909 4.02
11.173783 4.34
11.209423 4.34
11.220175 4.34
11.250658 4.34
11.266658 4.02
11.291784 4.02
11.302534 4.02
11.338424 4.02
11.349174 4.02
11.379410 4.02
11.390177 4.02
11.420535 4.02
11.431410 4.02
11.461660 4.34
11.477660 4.34
11.502911 4.34
11.513786 4.34
11.549536 4.34
11.560428 4.34
11.590661 4.34
11.606661 4.34
11.631942 4.34
11.642786 4.02
11.673429 4.34
11.684176 4.34
11.714662 4.34
11.730662 4.34
11.755913 4.34
11.766787 4.34
11.797191 4.34
11.807913 4.34
11.838538 4.34
11.849413 4.34
11.879663 4.02
11.895538 4.34
11.922672 4.34
11.933413 4.34
11.963789 4.02
11.974539 4.02
12.005191 4.34
12.015915 4.34
12.046539 4.34
12.059069 4.34
12.087664 4.34
12.103664 4.34
12.130674 4.34
12.141540 4.02
12.173674 4.02
12.184415 4.34
12.216675 4.34
12.227541 4.34
12.257791 4.34
12.268666 4.34
12.299195 4.34
12.311550 4.34
12.340541 4.02
12.352917 4.34
12.381666 4.34
12.397667 4.34
12.424551 4.02
12.435433 4.34
12.465667 4.34
12.481667 4.34
12.508552 4.34
12.519435 4.02
12.549668 4.34
12.560418 4.34
12.592553 4.02
12.603435 4.02
12.633668 4.02
12.649668 4.02
12.676554 4.34
12.687434 4.34
12.717669 4.34
12.733669 4.02
12.764073 4.02
12.776572 4.02
12.805420 4.34
12.816310 4.34
12.846420 4.34
12.857187 4.34
12.887545 4.34
12.899921 4.34
12.928670 4.34
12.939420 4.34
12.975064 4.34
12.985796 4.02
13.016439 4.34
13.027188 4.34
13.057671 4.34
13.068421 4.34
13.104074 4.34
13.114797 4.34
13.145437 4.34
13.156187 4.34
13.186422 4.34
13.197189 4.34
13.227422 4.34
13.238172 4.34
13.268422 4.34
13.279172 4.34
13.309422 4.34
13.320172 4.34
13.350422 4.34
13.361172 4.34
13.391422 4.34
13.402173 4.34
13.432422 4.34
13.443173 4.34
13.473423 4.34
13.484173 4.34
13.514423 4.34
13.525173 4.34
13.555423 4.34
13.566174 4.34
13.596424 4.34
13.607174 4.34
13.637424 4.34
13.648174 4.34
13.678424 4.02
13.689175 4.34
13.719425 4.34
13.730175 4.34
13.760425 4.34
13.771176 4.34
13.801425 4.34
13.812176 4.34
13.842426 4.34
13.853175 4.34
13.883426 4.34
13.894176 4.34
13.924426 4.34
13.935176 4.34
13.965426 4.34
13.976177 4.34
14.006427 4.34
14.017177 4.34
14.047427 4.34
14.058177 4.34
14.088428 4.34
14.099177 4.34
14.129427 4.34
14.140178 4.34
14.170427 4.34
14.181178 4.34
14.211428 4.02
14.222178 4.34
14.252428 4.34
14.263179 4.34
14.293429 4.34
14.304179 4.34
14.334429 4.34
14.345179 4.34
14.375429 4.34
14.386179 4.34
14.416429 4.34
14.427180 4.34
14.457430 4.34
14.468180 4.34
14.498430 4.34
14.509181 4.34
14.539430 4.34
14.550181 4.34
14.580431 4.34
14.591181 4.34
14.621431 4.34
14.632181 4.34
14.662557 4.34
14.678432 4.34
14.703682 4.34
14.714433 4.34
14.750073 4.34
14.766075 4.34
14.791325 4.34
14.802073 4.34
14.832434 4.34
14.844935 4.34
14.873559 4.34
14.889434 4.34
14.914684 4.34
14.925559 4.34
14.961078 4.34
14.971809 4.34
15.002327 4.34
15.013079 4.34
15.043560 4.34
15.059452 4.34
15.084685 4.34
15.095436 4.34
15.127466 4.34
15.138204 4.34
15.168686 4.34
15.179436 4.34
15.211468 4.34
15.222203 4.34
15.252686 4.34
15.263437 4.34
15.299089 4.34
15.315091 4.34
15.340329 4.34
15.351080 4.34
15.381563 4.02
15.397438 4.34
15.422688 4.34
15.433438 4.34
15.464093 4.02
15.476439 4.34
15.505438 4.34
15.517814 4.34
15.546457 4.34
15.562331 4.34
15.587689 4.34
15.598564 4.34
15.629093 4.34
15.645094 4.34
15.670330 4.34
15.681083 4.34
15.711565 4.34
15.727565 4.34
15.752690 4.34
15.763565 4.34
15.793941 4.34
15.804690 4.34
15.835207 4.34
15.845941 4.34
15.876566 4.34
15.892441 4.34
15.917691 4.34
15.928567 4.34
15.959097 4.34
15.974942 4.34
16.000332 4.02
16.011096 4.34
16.041443 4.34
16.057333 4.34
16.082568 4.34
16.098442 4.34
16.123693 4.34
16.134443 4.34
16.170095 4.34
16.185972 4.34
16.211444 4.34
16.227335 4.34
16.252444 4.34
16.268444 4.34
16.293569 4.34
16.309444 4.34
16.334693 4.34
16.345569 4.02
16.376097 4.34
16.391974 4.34
16.417445 4.02
16.433445 4.34
16.458570 4.34
16.474570 4.34
16.499695 4.34
16.510570 4.34
16.546100 4.34
16.561976 4.02
16.587446 4.34
16.603446 4.34
16.628571 4.34
16.644571 4.34
16.669696 4.34
16.680572 4.34
16.716099 4.02
16.731974 4.34
16.757447 4.02
16.773447 4.34
16.798447 4.34
16.814339 4.34
16.839573 4.34
16.855448 4.02
16.880698 4.34
16.891574 4.34
16.922102 4.34
16.938102 4.02
16.963449 4.34
16.979449 4.34
17.004449 4.34
17.020339 4.34
17.045449 4.34
17.061574 4.34
17.086575 4.34
17.102450 4.34
17.127700 4.02
17.138450 4.34
17.169104 4.34
17.185104 4.34
17.210342 4.02
17.222830 4.34
17.251576 4.34
17.267576 4.34
17.294469 4.34
17.305342 4.34
17.337475 4.34
17.348342 4.34
17.378452 4.34
17.394344 4.34
17.419577 4.34
17.435577 4.34
17.462483 4.34
17.473346 4.34
17.505469 4.34
17.516343 4.34
17.546578 4.34
17.557453 4.34
17.589472 4.34
17.600346 4.34
17.630579 4.02
17.641346 4.34
17.673485 4.34
17.684347 4.34
17.716484 4.34
17.727346 4.34
17.757579 4.34
17.768455 4.34
17.800484 4.34
17.811347 4.02
17.843484 4.34
17.854346 4.34
17.886485 4.02
17.897348 4.02
17.929485 4.34
17.940348 4.34
17.972359 4.34
17.983110 4.34
18.013456 4.02
18.029349 4.34
18.054457 4.34
18.070349 4.34
18.095582 4.34
18.106332 4.34
18.141834 4.02
18.154362 4.34
18.183349 4.02
18.199348 4.34
18.224458 4.34
18.240458 4.34
18.265583 4.34
18.276458 4.02
18.311835 4.34
18.327834 4.34
18.353351 4.02
18.369351 4.34
18.394459 4.34
18.405352 4.34
18.435460 4.34
18.446352 4.34
18.476459 4.34
18.487351 4.34
18.517585 4.34
18.528352 4.34
18.563835 4.34
18.579836 4.34
18.605350 4.34
18.621350 4.34
18.646461 4.02
18.657353 4.34
18.687586 4.34
18.698336 4.34
18.733837 4.34
18.749840 4.34
18.775354 4.34
18.791351 4.34
18.816337 4.02
18.832462 4.34
18.857337 4.34
18.873353 4.02
18.898338 4.34
18.914356 4.34
18.939357 4.34
18.955356 4.34
18.980338 4.34
18.996353 4.34
19.021338 4.34
19.037353 4.34
19.062463 4.34
19.078339 4.34
19.103463 4.34
19.114339 4.02
19.144464 4.34
19.155339 4.34
19.185464 4.34
19.196339 4.34
19.226465 4.34
19.237358 4.02
19.267465 4.34
19.278340 4.34
19.308465 4.02
19.319340 4.34
19.349465 4.34
19.360359 4.02
19.390590 4.34
19.401341 4.34
19.436842 4.34
19.452861 4.34
19.478358 4.34
19.494359 4.34
19.519467 4.34
19.535342 4.34
19.560467 4.34
19.571342 4.02
19.601467 4.02
19.612342 4.34
19.642467 4.34
19.653343 4.34
19.683468 4.34
19.694343 4.34
19.724593 4.34
19.735468 4.34
19.770844 4.34
19.786844 4.34
19.812124 4.34
19.822997 4.34
19.853362 4.34
19.869362 4.34
19.894344 4.34
19.910470 4.02
19.935470 4.34
19.951345 4.34
19.976469 4.34
19.987345 4.02
20.017470 4.34
20.028345 4.02
20.058470 4.34
20.069345 4.34
20.099471 4.34
20.110346 4.34
20.140471 4.34
20.151361 4.34
20.181471 4.34
20.192347 4.02
20.222472 4.34
20.233347 4.34
20.263471 4.34
20.274347 4.34
20.304472 4.34
20.315364 4.34
20.345472 4.34
20.356348 4.34
20.386473 4.34
20.397348 4.34
20.427473 4.34
20.438348 4.34
20.468473 4.02
20.479348 4.02
20.509473 4.34
20.520349 4.34
20.552350 4.34
20.563129 4.34
20.593474 4.34
20.604349 4.02
20.634474 4.34
20.645349 4.34
20.675600 4.34
20.686474 4.34
20.721850 4.34
20.737854 4.34
20.763128 4.34
20.773851 4.34
20.804476 4.34
20.815369 4.34
20.845476 4.34
20.856351 4.34
20.886476 4.34
20.897351 4.34
20.927477 4.34
20.938352 4.34
20.968476 4.34
20.979352 4.34
21.009477 4.34
21.020352 4.34
21.050477 4.34
21.061353 4.34
21.091477 4.34
21.102353 4.34
21.132478 4.34
21.143353 4.34
21.173478 4.34
21.184354 4.34
21.214603 4.34
21.225354 4.34
21.260855 4.34
21.276858 4.34
21.302372 4.34
21.318371 4.34
21.343355 4.34
21.354121 4.34
21.384355 4.34
21.395123 4.34
21.425480 4.34
21.436355 4.34
21.466605 4.02
21.477356 4.34
21.512857 4.34
21.528860 4.34
21.554372 4.34
21.570375 4.34
21.595481 4.34
21.606357 4.34
21.636481 4.34
21.647357 4.34
21.677482 4.34
21.688357 4.34
21.718607 4.34
21.729482 4.34
21.764858 4.34
21.780861 4.02
21.806136 4.34
21.816858 4.34
21.847375 4.34
21.858126 4.34
21.888483 4.34
21.899358 4.34
21.929483 4.34
21.940359 4.34
21.970484 4.34
21.981359 4.34
22.011484 4.34
22.022359 4.34
22.052484 4.02
22.063360 4.34
22.093484 4.34
22.104360 4.02
22.134485 4.34
22.145360 4.34
22.175485 4.02
22.186360 4.34
22.216485 4.34
22.227361 4.02
22.257611 4.34
22.268486 4.34
22.303862 4.02
22.319865 4.34
22.345380 4.34
22.361379 4.34
22.386362 4.34
22.397127 4.34
22.427362 4.34
22.438128 4.34
22.468362 4.34
22.479129 4.34
22.509363 4.34
22.520129 4.02
22.550380 4.34
22.561130 4.34
22.591488 4.34
22.602363 4.34
22.632488 4.34
22.643363 4.34
22.673489 4.02
22.684364 4.34
22.719739 4.02
22.735739 4.02
22.761016 4.34
22.771739 4.34
22.802380 4.34
22.818380 4.34
22.843365 4.34
22.854134 4.34
22.884365 4.34
22.895132 4.34
22.925365 4.34
22.936131 4.34
22.966366 4.34
22.977134 4.02
23.007366 4.34
23.018132 4.34
23.048366 4.02
23.059269 4.34
23.089386 4.34
23.100131 4.34
23.132242 4.34
23.143009 4.34
23.173384 4.34
23.189384 4.34
23.214368 4.34
23.225133 4.34
23.255368 4.34
23.266135 4.02
23.296368 4.34
23.307134 4.34
23.337368 4.34
23.348134 4.34
23.378369 4.34
23.389137 4.34
23.419369 4.34
23.430134 4.34
23.460370 4.34
23.471136 4.02
23.501370 4.34
23.512137 4.34
23.542388 4.34
23.553135 4.34
23.585246 4.34
23.595995 4.34
23.626388 4.34
23.637138 4.34
23.672620 4.34
23.683371 4.34
23.713902 4.34
23.724746 4.34
23.755263 4.34
23.771389 4.34
23.796372 4.34
23.807264 4.34
23.837372 4.34
23.848264 4.02
23.878372 4.34
23.889139 4.34
23.919373 4.34
23.930265 4.34
23.960373 4.02
23.971140 4.34
24.001373 4.34
24.012138 4.34
24.042373 4.34
24.053140 4.02
24.083373 4.34
24.094139 4.34
24.124374 4.34
24.135142 4.34
24.165374 4.34
24.176141 4.34
24.206375 4.34
24.217142 4.34
24.247375 4.34
24.258142 4.02
24.288375 4.34
24.299142 4.34
24.329375 4.34
24.340143 4.02
24.370377 4.02
24.381143 4.34
24.411376 4.34
24.422141 4.34
24.452376 4.34
24.463144 4.34
24.493377 4.34
24.504144 4.34
24.534377 4.02
24.545270 4.02
24.575377 4.34
24.586142 4.34
24.616377 4.34
24.627143 4.34
24.657378 4.34
24.668143 4.02
24.698378 4.34
24.709146 4.02
24.739379 4.34
24.750146 4.34
24.780378 4.34
24.791144 4.34
24.821379 4.34
24.832146 4.34
24.862379 4.34
24.873145 4.34
24.903379 4.34
24.914146 4.34
24.944380 4.02
24.955148 4.02
24.985505 4.34
24.996380 4.34
25.031630 4.02
25.042380 4.34
25.072881 4.34
25.083755 4.34
25.114161 4.34
25.130006 4.34
25.155506 4.02
25.166381 4.34
25.201756 4.34
25.217632 4.34
25.243160 4.02
25.259159 4.34
25.286133 4.34
25.297007 4.34
25.327401 4.34
25.338150 4.34
25.373758 4.34
25.389758 4.34
25.415162 4.34
25.431160 4.34
25.456383 4.34
25.467150 4.34
25.497509 4.34
25.508384 4.02
25.543633 4.34
25.556135 4.34
25.584885 4.34
25.595759 4.34
25.626163 4.34
25.642164 4.02
25.669136 4.34
25.680027 4.34
25.712136 4.34
25.722914 4.02
25.755166 4.34
25.766029 4.34
25.798166 4.34
25.808915 4.34
25.841154 4.34
25.851904 4.34
25.884154 4.34
25.895028 4.34
25.927154 4.02
25.937905 4.02
25.970138 4.34
25.980903 4.34
26.011404 4.34
26.022155 4.34
26.054138 4.34
26.064888 4.34
26.097138 4.34
26.107889 4.34
26.140139 4.34
26.150889 4.34
26.183139 4.34
26.194043 4.34
26.224406 4.34
26.235156 4.34
26.265639 4.34
26.278140 4.34
26.306764 4.34
26.322639 4.34
26.348169 4.34
26.366141 4.34
26.384408 4.34
26.411141 4.34
26.422034 4.34
26.457640 4.34
26.473765 4.34
26.498921 4.02
26.509766 4.34
26.540409 4.34
26.551284 4.34
26.581641 4.34
26.594047 4.34
26.622922 4.34
26.633766 4.34
26.664408 4.34
26.675284 4.34
26.705642 4.34
26.718033 4.34
26.746922 4.34
26.757767 4.34
26.788408 4.34
26.799160 4.34
26.834518 4.34
26.845393 4.34
26.875643 4.34
26.891644 4.34
26.916894 4.34
26.927768 4.34
26.958172 4.34
26.968921 4.34
27.004644 4.34
27.020769 4.34
27.045924 4.34
27.056769 4.02
27.087412 4.02
27.098160 4.34
27.128645 4.34
27.144645 4.34
27.169896 4.34
27.180770 4.34
27.211173 4.34
27.221896 4.34
27.257771 4.34
27.268646 4.34
27.299175 4.34
27.309897 4.34
27.345771 4.34
27.356521 4.34
27.387176 4.34
27.398039 4.34
27.433647 4.34
27.449772 4.34
27.474928 4.34
27.485772 4.34
27.516415 4.34
27.527167 4.34
27.562648 4.34
27.578648 4.34
27.603900 4.34
27.614773 4.34
27.645041 4.34
27.661289 4.34
27.686417 4.34
27.697289 4.34
27.727649 4.34
27.743649 4.34
27.768900 4.34
27.779775 4.34
27.810177 4.34
27.820901 4.34
27.856775 4.02
27.867650 4.34
27.898180 4.02
27.909052 4.02
27.944776 4.34
27.955526 4.34
27.986180 4.34
27.997056 4.02
28.032526 4.34
28.043418 4.02
28.073651 4.34
28.089527 4.34
28.114903 4.34
28.125777 4.34
28.156182 4.34
28.166930 4.02
28.202652 4.34
28.218652 4.34
28.247057 4.34
28.263054 4.34
28.288421 4.34
28.299170 4.34
28.329653 4.34
28.345528 4.34
28.370905 4.34
28.381779 4.34
28.412181 4.02
28.422905 4.34
28.458654 4.34
28.474654 4.34
28.499932 4.34
28.512530 4.34
28.543033 4.34
28.553906 4.34
28.584423 4.34
28.595174 4.34
28.625655 4.34
28.641531 4.34
28.666907 4.34
28.677781 4.34
28.708423 4.34
28.719173 4.34
28.749656 4.34
28.765656 4.34
28.790907 4.34
28.803532 4.34
28.832187 4.34
28.842908 4.34
28.878782 4.34
28.889532 4.34
28.920187 4.34
28.931061 4.34
28.966658 4.34
28.982783 4.34
29.007909 4.34
29.020533 4.34
29.049187 4.34
29.060062 4.34
29.095784 4.34
29.106534 4.34
29.137188 4.34
29.148062 4.34
29.183659 4.34
29.199784 4.34
29.224911 4.34
29.237535 4.34
29.266062 4.34
29.282050 4.34
29.309036 4.34
29.319911 4.34
29.351912 4.34
29.362786 4.34
29.393190 4.34
29.404065 4.34
29.439662 4.34
29.455661 4.34
29.480939 4.34
29.497066 4.34
29.527662 4.34
29.543787 4.34
29.568787 4.34
29.579662 4.34
29.610180 4.34
29.620916 4.34
29.651537 4.34
29.667662 4.34
29.692662 4.34
29.708788 4.34
29.733941 4.34
29.750068 4.34
29.780664 4.34
29.791414 4.34
29.821914 4.34
29.834414 4.34
29.863191 4.34
29.873915 4.34
29.904415 4.34
29.915180 4.34
29.945415 4.34
29.956180 4.34
29.986416 4.02
29.997182 4.34
30.027415 4.34
30.038184 4.34
30.068416 4.34
30.079184 4.34
30.109416 4.34
30.120183 4.34
30.150541 4.34
30.166666 4.34
30.191666 4.34
30.202542 4.34
30.232918 4.34
30.248918 4.34
30.279667 4.34
30.290417 4.34
30.320918 4.34
30.337072 4.34
30.362195 4.34
30.372919 4.34
30.403543 4.34
30.419668 4.34
30.444668 4.34
30.455418 4.34
30.485793 4.34
30.496669 4.34
30.527195 4.34
30.537948 4.34
30.568419 4.34
30.579186 4.34
30.609544 4.34
30.625544 4.34
30.650670 4.34
30.661421 4.34
30.691921 4.34
30.708079 4.34
30.733199 4.34
30.744073 4.34
30.774546 4.34
30.790546 4.34
30.815671 4.34
30.826546 4.34
30.856796 4.34
30.867546 4.34
30.898200 4.34
30.909075 4.34
30.939422 4.02
30.950188 4.34
30.980422 4.34
30.991315 4.34
31.021547 4.34
31.037672 4.34
31.062672 4.34
31.073423 4.34
31.103924 4.34
31.120077 4.34
31.145203 4.34
31.155924 4.34
31.186548 4.02
31.202673 4.34
31.227673 4.34
31.238549 4.34
31.268924 4.34
31.284925 4.34
31.315674 4.34
31.326550 4.34
31.356925 4.34
31.373078 4.34
31.398203 4.02
31.409080 4.34
31.439425 4.34
31.450317 4.34
31.480426 4.34
31.491317 4.34
31.521551 4.34
31.537551 4.34
31.562676 4.02
31.573426 4.02
31.603928 4.34
31.620080 4.34
31.645320 4.34
31.656052 4.34
31.686552 4.34
31.702677 4.02
31.727677 4.34
31.738427 4.34
31.768929 4.02
31.785081 4.34
31.810080 4.34
31.820803 4.34
31.856678 4.34
31.867429 4.02
31.898938 4.34
31.909803 4.34
31.941933 4.34
31.952804 4.34
31.984933 4.34
31.995804 4.34
32.031680 4.34
32.042429 4.34
32.072931 4.34
32.088930 4.34
32.119680 4.34
32.130430 4.34
32.160948 4.34
32.177085 4.34
32.203810 4.34
32.214556 4.34
32.246836 4.34
32.257682 4.34
32.293681 4.34
32.304557 4.34
32.334959 4.34
32.351084 4.34
32.381682 4.34
32.392432 4.34
32.422932 4.34
32.438962 4.34
32.469448 4.34
32.481831 4.34
32.510682 4.34
32.521557 4.34
32.551933 4.34
32.567933 4.34
32.598452 4.34
32.610813 4.34
32.639683 4.34
32.650434 4.34
32.680935 4.34
32.691684 4.34
32.727560 4.34
32.738309 4.34
32.768685 4.34
32.779559 4.34
32.809810 4.34
32.825810 4.34
32.856452 4.34
32.872453 4.34
32.897685 4.34
32.908436 4.34
32.938936 4.34
32.949686 4.34
32.985454 4.34
32.997841 4.34
33.026686 4.34
33.037437 4.34
33.067937 4.34
33.078687 4.34
33.114452 4.34
33.130437 4.34
33.155687 4.34
33.166437 4.34
33.196937 4.34
33.207687 4.34
33.243456 4.34
33.259456 4.34
33.284688 4.34
33.295563 4.34
33.326094 4.34
33.336939 4.34
33.367329 4.34
33.378080 4.34
33.408564 4.34
33.419331 4.34
33.449689 4.34
33.460440 4.34
33.491093 4.34
33.501940 4.34
33.532330 4.34
33.543094 4.34
33.573440 4.34
33.589440 4.34
33.614566 4.34
33.625331 4.34
33.655691 4.34
33.666441 4.34
33.697096 4.34
33.707942 4.34
33.738334 4.34
33.749095 4.34
33.779567 4.02
33.790334 4.34
33.820692 4.34
33.831442 4.34
33.862094 4.34
33.872823 4.34
33.903336 4.34
33.914094 4.34
33.944568 4.34
33.955443 4.34
33.985692 4.34
33.996569 4.34
34.026943 4.34
34.037693 4.34
34.073461 4.34
34.089444 4.34
34.114694 4.02
34.125569 4.02
34.156099 4.02
34.166973 4.34
34.197445 4.34
34.213445 4.34
34.238445 4.34
34.254445 4.34
34.279570 4.34
34.290335 4.34
34.320695 4.34
34.331446 4.34
34.363840 4.34
34.374696 4.34
34.410571 4.34
34.421446 4.34
34.451696 4.34
34.464338 4.34
34.493101 4.34
34.503974 4.34
34.534447 4.34
34.550572 4.34
34.575572 4.34
34.586337 4.02
34.616697 4.34
34.627572 4.34
34.659853 4.34
34.670698 4.34
34.706573 4.34
34.717448 4.02
34.747699 4.02
34.760341 4.34
34.793855 4.02
34.804827 4.34
34.840574 4.02
34.851449 4.34
34.881699 4.34
34.892575 4.34
34.924843 4.02
34.935700 4.34
34.971575 4.34
34.982450 4.02
35.012700 4.02
35.025104 4.34
35.053980 4.34
35.064830 4.34
35.100576 4.34
35.111451 4.34
35.141701 4.34
35.154105 4.34
35.184734 4.34
35.195576 4.34
35.227731 4.34
35.238577 4.34
35.274577 4.34
35.285452 4.34
35.315702 4.34
35.328107 4.34
35.356982 4.34
35.367831 4.34
35.398470 4.34
35.414578 4.34
35.439703 4.34
35.452108 4.02
35.480981 4.02
35.491831 4.34
35.527345 4.34
35.539735 4.34
35.568579 4.34
35.579345 4.34
35.609704 4.02
35.622108 4.02
35.650983 4.34
35.661705 4.34
35.692456 4.34
35.708455 4.34
35.733705 4.34
35.749705 4.34
35.774985 4.34
35.785705 4.02
35.816348 4.34
35.832349 4.34
35.857456 4.34
35.868349 4.34
35.898581 4.34
35.909347 4.34
35.939707 4.34
35.955707 4.34
35.980832 4.34
35.991707 4.34
36.027582 4.34
36.038458 4.34
36.068707 4.34
36.084708 4.34
36.109987 4.34
36.120708 4.34
36.151459 4.34
36.162351 4.34
36.192458 4.34
36.203351 4.34
36.233584 4.34
36.244351 4.34
36.274709 4.34
36.290584 4.34
36.315989 4.34
36.326710 4.34
36.357460 4.34
36.368352 4.34
36.398460 4.34
36.409350 4.34
36.439461 4.34
36.450352 4.34
36.480461 4.34
36.491336 4.34
36.521586 4.02
36.532336 4.02
36.562711 4.34
36.578711 4.34
36.603838 4.34
36.614711 4.34
36.650587 4.34
36.661353 4.34
36.691712 4.34
36.707712 4.34
36.732992 4.34
36.743839 4.34
36.774463 4.34
36.785352 4.34
36.815463 4.34
36.826338 4.34
36.856588 4.34
36.867338 4.34
36.902839 4.34
36.913714 4.34
36.949589 4.34
36.960354 4.34
36.990714 4.34
37.006714 4.34
37.031994 4.34
37.042840 4.34
37.073465 4.02
37.084356 4.34
37.114465 4.34
37.125340 4.34
37.155465 4.34
37.166340 4.34
37.196465 4.34
37.207341 4.34
37.237590 4.34
37.248341 4.34
37.278716 4.34
37.294717 4.34
37.319993 4.34
37.330717 4.34
37.361356 4.34
37.377233 4.34
37.402467 4.34
37.413360 4.34
37.443467 4.34
37.454232 4.02
37.484593 4.34
37.497236 4.02
37.525718 4.34
37.541718 4.34
37.568723 4.34
37.579593 4.34
37.611724 4.34
37.622594 4.34
37.658361 4.34
37.674362 4.34
37.699470 4.34
37.710359 4.34
37.740595 4.34
37.751344 4.34
37.781864 4.34
37.792720 4.34
37.823363 4.34
37.839362 4.34
37.864470 4.34
37.875360 4.34
37.905471 4.34
37.916346 4.34
37.946471 4.34
37.957346 4.34
37.987471 4.34
37.998347 4.02
38.028597 4.34
38.041000 4.34
38.069722 4.34
38.085722 4.34
38.110848 4.34
38.121722 4.34
38.152364 4.02
38.168364 4.34
38.193473 4.02
38.204363 4.34
38.234473 4.34
38.245348 4.34
38.275598 4.34
38.291473 4.02
38.316723 4.02
38.327598 4.34
38.363126 4.34
38.373849 4.34
38.404474 4.02
38.415366 4.34
38.445475 4.34
38.456350 4.34
38.486474 4.34
38.497350 4.34
38.527475 4.34
38.538350 4.34
38.568475 4.34
38.579367 4.34
38.609601 4.02
38.625475 4.34
38.650726 4.34
38.661601 4.02
38.697366 4.34
38.708119 4.34
38.738476 4.34
38.749352 4.02
38.779477 4.34
38.790352 4.34
38.820477 4.02
38.831352 4.34
38.861477 4.02
38.872353 4.34
38.902477 4.02
38.913353 4.34
38.943478 4.34
38.954353 4.34
38.984603 4.34
39.000478 4.34
39.025728 4.34
39.036478 4.34
39.072370 4.34
39.083121 4.34
39.113479 4.34
39.124354 4.02
39.154479 4.34
39.165355 4.34
39.195479 4.34
39.206354 4.34
39.236480 4.34
39.247355 4.34
39.277480 4.34
39.288355 4.34
39.318481 4.34
39.329356 4.34
39.359481 4.34
39.370356 4.34
39.400481 4.34
39.411372 4.34
39.441481 4.34
39.452374 4.34
39.482481 4.34
39.493357 4.34
39.523482 4.34
39.534357 4.34
39.564482 4.34
39.575357 4.34
39.605483 4.34
39.616358 4.34
39.646482 4.34
39.657358 4.02
39.687608 4.34
39.703483 4.34
39.728859 4.34
39.739733 4.34
39.770376 4.34
39.781127 4.34
39.811484 4.34
39.822359 4.34
39.852484 4.34
39.863359 4.34
39.893484 4.34
39.904360 4.34
39.934485 4.34
39.945360 4.34
39.975485 4.34
39.986360 4.34
40.016485 4.34
40.027361 4.34
40.057486 4.34
40.068361 4.34
40.098486 4.34
40.109361 4.34
40.139486 4.34
40.150362 4.34
40.180487 4.34
40.193016 4.34
40.221612 4.34
40.237487 4.34
40.262737 4.34
40.273612 4.34
40.304139 4.34
40.316621 4.34
40.345378 4.34
40.356129 4.34
40.386488 4.34
40.399016 4.34
40.427613 4.34
40.443613 4.34
40.470622 4.34
40.481489 4.34
40.511739 4.34
40.522489 4.34
40.558144 4.34
40.570624 4.34
40.599381 4.34
40.610132 4.34
40.640365 4.34
40.651131 4.34
40.681365 4.34
40.692132 4.34
40.722365 4.34
40.733116 4.34
40.763365 4.34
40.774259 4.34
40.804366 4.34
40.815256 4.34
40.851272 4.34
40.862268 4.34
40.892874 4.34
40.903873 4.34
40.934496 4.34
40.947039 4.34
40.975744 4.34
40.986619 4.34
41.017157 4.02
41.033136 4.02
41.058368 4.34
41.069368 4.34
41.105292 4.34
41.116275 4.34
41.146749 4.34
41.157623 4.34
41.188444 4.34
41.199265 4.34
41.229746 4.34
41.240621 4.34
41.271387 4.34
41.282137 4.34
41.312369 4.34
41.323138 4.34
41.353370 4.34
41.364137 4.34
41.394370 4.34
41.405137 4.34
41.435370 4.02
41.446137 4.34
41.476371 4.34
41.487137 4.34
41.517372 4.34
41.528138 4.34
41.559011 4.34
