0.000000 0.000000
0.041706 4.34
0.052704 4.34
0.083597 4.34
0.094580 2.66
0.125209 2.34
0.137960 2.34
0.172096 2.34
0.183085 2.34
0.213757 2.34
0.224724 2.34
0.255327 2.34
0.271450 2.34
0.296968 2.34
0.312965 2.34
0.338198 2.34
0.348963 2.34
0.381354 2.66
0.392196 2.34
0.428196 2.66
0.439087 2.34
0.469320 2.34
0.485321 2.66
0.510446 2.34
0.521321 2.34
0.551848 2.66
0.562573 2.66
0.593197 2.34
0.605725 2.66
0.634322 2.66
0.650322 2.66
0.677352 2.66
0.688073 2.66
0.718962 2.66
0.734965 2.34
0.760338 2.66
0.776600 2.34
0.801972 2.34
0.817969 2.66
0.843338 2.34
0.859591 2.66
0.884975 2.34
0.896000 2.66
0.926591 2.34
0.937587 2.66
0.968214 2.66
0.984468 4.02
1.015104 4.02
1.026084 4.34
1.061849 4.02
1.077975 4.02
1.103330 4.34
1.114204 4.34
1.149970 4.34
1.160720 4.34
1.191327 4.02
1.202202 4.34
1.234202 4.34
1.244966 4.34
1.275201 4.02
1.287576 4.34
1.316327 4.02
1.332327 4.02
1.357452 4.02
1.368202 4.34
1.398855 4.34
1.414967 4.02
1.440486 4.34
1.451495 4.34
1.482244 4.34
1.498506 4.34
1.526474 4.34
1.537659 4.34
1.568090 4.34
1.579089 4.34
1.614979 4.34
1.625749 4.34
1.656586 4.34
1.667335 4.34
1.698209 4.34
1.714208 4.34
1.744849 4.34
1.760975 4.34
1.793974 4.34
1.804724 4.34
1.835206 4.34
1.851206 4.34
1.876331 4.34
1.887206 4.34
1.922972 4.34
1.933724 4.34
1.964082 4.34
1.974849 4.34
2.005207 4.34
2.021207 4.34
2.046332 4.34
2.057082 4.34
2.092975 4.34
2.103735 4.34
2.134083 4.34
2.144848 4.34
2.175208 4.34
2.191208 4.34
2.216333 4.34
2.227208 4.34
2.262974 4.34
2.273737 4.34
2.304084 4.34
2.314851 4.34
2.345084 4.34
2.355851 4.34
2.386085 4.34
2.396851 4.34
2.427210 4.34
2.443210 4.34
2.468335 4.34
2.479210 4.34
2.514976 4.34
2.525740 4.34
2.556335 4.34
2.567086 4.34
2.602854 4.34
2.618740 4.34
2.644211 4.34
2.660086 4.34
2.685336 4.34
2.696212 4.34
2.731979 4.34
2.742740 4.34
2.773087 4.34
2.783852 4.34
2.814212 4.34
2.830213 4.34
2.855338 4.34
2.866213 4.34
2.901980 4.34
2.912742 4.34
2.943214 4.34
2.959088 4.34
2.984339 4.34
2.995214 4.34
3.030982 4.34
3.041744 4.34
3.072214 4.34
3.088215 4.34
3.113339 4.34
3.124090 4.34
3.159981 4.34
3.170744 4.34
3.201215 4.34
3.217091 4.34
3.242341 4.34
3.253215 4.34
3.288745 4.34
3.299469 4.34
3.330091 4.34
3.342621 4.34
3.371091 4.34
3.381984 4.34
3.412092 4.34
3.424619 4.34
3.453217 4.34
3.469217 4.34
3.494342 4.34
3.505217 4.34
3.540748 4.34
3.551473 4.34
3.582093 4.34
3.594622 4.34
3.623219 4.34
3.639218 4.34
3.664343 4.34
3.675094 4.34
3.705748 4.34
3.721748 4.34
3.747094 4.34
3.759473 4.34
3.788220 4.34
3.804220 4.34
3.829345 4.02
3.840095 4.34
3.870749 4.34
3.886750 4.34
3.911988 4.34
3.922749 4.34
3.953221 4.34
3.969221 4.34
3.994345 4.34
4.005096 4.34
4.035751 4.34
4.048126 4.34
4.077097 4.34
4.089473 4.34
4.118096 4.34
4.130474 4.34
4.159222 4.34
4.175097 4.34
4.200348 4.34
4.211097 4.34
4.246751 4.34
4.259128 4.34
4.288098 4.34
4.304098 4.34
4.329098 4.34
4.341474 4.34
4.370098 4.34
4.382476 4.34
4.411099 4.34
4.426992 4.34
4.452099 4.34
4.464476 4.34
4.493224 4.34
4.509225 4.34
4.534349 4.34
4.545225 4.34
4.575753 4.34
4.591628 4.34
4.617118 4.34
4.633100 4.34
4.658101 4.34
4.673992 4.34
4.699226 4.34
4.715226 4.34
4.740352 4.34
4.751101 4.34
4.786754 4.34
4.802631 4.34
4.828102 4.34
4.844102 4.34
4.869102 4.34
4.884978 4.34
4.910228 4.34
4.926228 4.34
4.951353 4.34
4.962103 4.34
4.997755 4.34
5.013630 4.34
5.038995 4.34
5.049746 4.34
5.080229 4.34
5.096229 4.34
5.121354 4.34
5.132104 4.34
5.167758 4.34
5.183756 4.34
5.209105 4.34
5.224980 4.34
5.250105 4.34
5.265980 4.34
5.291105 4.34
5.307105 4.34
5.332106 4.34
5.347981 4.34
5.373106 4.34
5.389106 4.34
5.414106 4.34
5.429981 4.34
5.455106 4.34
5.470981 4.34
5.496106 4.34
5.511982 4.34
5.537107 4.34
5.553107 4.02
5.578232 4.34
5.594107 4.34
5.619358 4.34
5.630107 4.34
5.665750 4.34
5.681638 4.34
5.707108 4.34
5.723108 4.34
5.748234 4.34
5.764109 4.34
5.789359 4.34
5.800234 4.34
5.835763 4.34
5.851752 4.34
5.877001 4.34
5.887750 4.34
5.918235 4.34
5.934235 4.34
5.961111 4.34
5.972000 4.34
6.002110 4.34
6.018110 4.34
6.043111 4.34
6.058986 4.34
6.084111 4.34
6.100111 4.34
6.125111 4.34
6.140986 4.34
6.166112 4.34
6.182112 4.34
6.207112 4.34
6.222987 4.34
6.248112 4.34
6.264112 4.34
6.289112 4.34
6.304988 4.34
6.330113 4.34
6.346113 4.34
6.371113 4.34
6.386988 4.34
6.412114 4.34
6.428114 4.34
6.453239 4.34
6.464114 4.34
6.499490 4.34
6.512114 4.34
6.541005 4.34
6.553521 4.34
6.582240 4.34
6.593114 4.34
6.628645 4.34
6.644644 4.34
6.670007 4.34
6.682365 4.34
6.711115 4.34
6.726991 4.34
6.752116 4.34
6.762991 4.34
6.793116 4.34
6.803991 4.34
6.834241 4.34
6.844992 4.34
6.880647 4.34
6.896645 4.34
6.922117 4.34
6.938117 4.34
6.963117 4.34
6.973992 4.34
7.004118 4.34
7.014993 4.34
7.045243 4.34
7.055993 4.34
7.091494 4.34
7.107494 4.02
7.133010 4.34
7.149012 4.34
7.174119 4.34
7.185011 4.34
7.215119 4.34
7.225994 4.34
7.256119 4.34
7.266995 4.34
7.297245 4.34
7.308120 4.34
7.343496 4.34
7.359496 4.34
7.384887 4.34
7.395886 4.34
7.426121 4.34
7.441995 4.34
7.467246 4.34
7.478121 4.34
7.513525 4.34
7.529527 4.34
7.555015 4.34
7.571122 4.34
7.595997 4.34
7.612012 4.34
7.636997 4.34
7.653014 4.34
7.677997 4.34
7.694013 4.34
7.718998 4.34
7.735013 4.34
7.759998 4.34
7.776013 4.34
7.800999 4.34
7.817016 4.34
7.841999 4.34
7.858124 4.34
7.883124 4.34
7.899124 4.34
7.924125 4.34
7.935000 4.34
7.965124 4.34
7.975999 4.34
8.006124 4.34
8.017000 4.34
8.047125 4.34
8.058000 4.34
8.088125 4.34
8.099000 4.34
8.129126 4.34
8.140001 4.34
8.170126 4.34
8.181001 4.34
8.211126 4.34
8.222002 4.34
8.252126 4.34
8.263002 4.34
8.293127 4.34
8.304002 4.34
8.334127 4.34
8.345002 4.34
8.375127 4.34
8.386003 4.34
8.416128 4.34
8.427003 4.34
8.457128 4.34
8.468003 4.34
8.498128 4.34
8.509003 4.34
8.539254 4.34
8.550129 4.34
8.585647 4.34
8.601537 4.34
8.627023 4.34
8.643022 4.34
8.668130 4.02
8.684004 4.34
8.709130 4.34
8.720005 4.34
8.752006 4.34
8.762771 4.34
8.793130 4.34
8.809006 4.34
8.836007 4.34
8.846774 4.34
8.877006 4.34
8.893006 4.34
8.918131 4.34
8.934007 4.34
8.959132 4.34
8.970007 4.34
9.000132 4.34
9.011007 4.34
9.041132 4.34
9.052008 4.34
9.082132 4.34
9.093008 4.34
9.123132 4.34
9.134007 4.34
9.164133 4.34
9.175008 4.34
9.205133 4.34
9.216008 4.34
9.246134 4.34
9.257009 4.34
9.287134 4.34
9.298009 4.34
9.328134 4.34
9.339010 4.34
9.369134 4.34
9.380010 4.34
9.410134 4.34
9.421010 4.34
9.451135 4.34
9.462010 4.34
9.492135 4.34
9.503010 4.34
9.533136 4.34
9.544011 4.34
9.574136 4.34
9.585011 4.34
9.615136 4.34
9.626012 4.34
9.656137 4.34
9.667012 4.34
9.697137 4.34
9.708013 4.34
9.738137 4.34
9.749012 4.34
9.779137 4.34
9.790013 4.34
9.820138 4.34
9.831013 4.34
9.861138 4.34
9.872013 4.34
9.902138 4.34
9.913014 4.34
9.943139 4.34
9.954028 4.34
9.984139 4.34
9.995014 4.34
10.025139 4.34
10.036014 4.34
10.066140 4.34
10.077015 4.34
10.107140 4.34
10.118015 4.34
10.148140 4.34
10.159016 4.34
10.189140 4.34
10.200016 4.34
10.230141 4.34
10.241015 4.34
10.271141 4.34
10.282016 4.34
10.312141 4.34
10.323016 4.34
10.353142 4.34
10.364017 4.34
10.394142 4.34
10.405017 4.34
10.435143 4.34
10.446018 4.34
10.476142 4.34
10.487018 4.34
10.517142 4.34
10.528018 4.34
10.558143 4.34
10.569018 4.34
10.599143 4.34
10.609909 4.34
10.640144 4.34
10.651019 4.34
10.681144 4.34
10.692019 4.34
10.722145 4.34
10.733019 4.34
10.763144 4.34
10.774020 4.34
10.804145 4.34
10.815020 4.34
10.845145 4.34
10.856020 4.34
10.886145 4.34
10.897021 4.34
10.927145 4.34
10.938021 4.34
10.968146 4.34
10.979021 4.34
11.009147 4.02
11.020021 4.34
11.055397 4.34
11.066146 4.34
11.096800 4.34
11.107647 4.34
11.138022 4.34
11.148789 4.34
11.179148 4.34
11.190023 4.34
11.225398 4.34
11.236148 4.34
11.266802 4.34
11.277524 4.34
11.308023 4.34
11.318789 4.34
11.349024 4.34
11.359791 4.34
11.390024 4.34
11.400791 4.34
11.431024 4.34
11.441790 4.34
11.472025 4.34
11.482791 4.34
11.513025 4.34
11.523916 4.34
11.554026 4.34
11.564790 4.34
11.595026 4.34
11.605793 4.34
11.636025 4.34
11.646805 4.34
11.677026 4.34
11.687791 4.34
11.718151 4.34
11.729027 4.34
11.764402 4.34
11.776902 4.34
11.805806 4.34
11.818277 4.34
11.847153 4.34
11.858028 4.34
11.893403 4.34
11.905904 4.34
11.934805 4.34
11.947278 4.34
11.976153 4.34
11.987028 4.34
12.022403 4.34
12.034905 4.34
12.063808 4.34
12.076404 4.34
12.105047 4.34
12.115796 4.34
12.151405 4.34
12.163905 4.34
12.192809 4.34
12.205279 4.34
12.234030 4.34
12.244798 4.34
12.275155 4.34
12.286031 4.34
12.321405 4.34
12.333782 4.34
12.362807 4.34
12.378673 4.34
12.404032 4.34
12.414797 4.34
12.445032 4.34
12.455799 4.34
12.486157 4.34
12.497032 4.34
12.532407 4.34
12.544783 4.34
12.573810 4.34
12.589801 4.34
12.620283 4.34
12.631033 4.34
12.661564 4.34
12.672409 4.34
12.703049 4.34
12.713924 4.34
12.749409 4.34
12.765284 4.34
12.790814 4.34
12.806799 4.34
12.832035 4.34
12.842801 4.34
12.873035 4.34
12.883803 4.34
12.914035 4.34
12.924801 4.34
12.955035 4.34
12.965801 4.34
12.996036 4.34
13.006803 4.34
13.037161 4.34
13.048036 4.34
13.083411 4.34
13.099286 4.34
13.124816 4.34
13.140677 4.34
13.166036 4.34
13.176805 4.34
13.207037 4.34
13.217802 4.34
13.248162 4.34
13.259037 4.34
13.294413 4.34
13.310288 4.34
13.335816 4.34
13.351818 4.34
13.377038 4.34
13.387805 4.34
13.418164 4.34
13.429039 4.34
13.464414 4.34
13.480289 4.34
13.505818 4.34
13.521682 4.34
13.547040 4.34
13.557808 4.34
13.588040 4.34
13.598805 4.34
13.629040 4.34
13.639807 4.34
13.670165 4.34
13.681040 4.34
13.716416 4.34
13.732291 4.34
13.757696 4.34
13.768542 4.34
13.799167 4.34
13.810042 4.34
13.845417 4.34
13.861291 4.34
13.886821 4.34
13.902819 4.34
13.928167 4.34
13.939059 4.34
13.974418 4.34
13.990293 4.34
14.015820 4.34
14.031696 4.34
14.057168 4.34
14.068044 4.34
14.103418 4.34
14.119294 4.34
14.144820 4.02
14.160824 4.34
14.187795 4.34
14.198545 4.34
14.229170 4.34
14.240045 4.34
14.275420 4.34
14.291295 4.34
14.316822 4.34
14.332697 4.34
14.359796 4.34
14.370700 4.34
14.401062 4.34
14.411815 4.34
14.447421 4.34
14.463421 4.34
14.488826 4.34
14.504825 4.34
14.531798 4.34
14.542548 4.34
14.574799 4.34
14.585548 4.34
14.617828 4.34
14.628699 4.34
14.660828 4.34
14.671577 4.34
14.703826 4.34
14.714579 4.34
14.746828 4.34
14.757580 4.34
14.793298 4.34
14.805817 4.34
14.834567 4.34
14.845424 4.34
14.875827 4.34
14.891827 4.34
14.918800 4.34
14.929550 4.34
14.965424 4.34
14.981425 4.34
15.006829 4.34
15.022828 4.34
15.053300 4.34
15.065801 4.34
15.094426 4.34
15.110301 4.34
15.135830 4.34
15.151830 4.34
15.182426 4.34
15.198302 4.34
15.223830 4.34
15.239829 4.34
15.270302 4.34
15.286427 4.34
15.311427 4.34
15.327427 4.34
15.352829 4.34
15.368706 4.34
15.399178 4.34
15.410071 4.34
15.440303 4.34
15.456178 4.34
15.481570 4.34
15.492428 4.34
15.523071 4.34
15.533821 4.34
15.564304 4.34
15.580179 4.34
15.605429 4.34
15.621305 4.34
15.646707 4.34
15.662706 4.34
15.688070 4.34
15.698822 4.34
15.734430 4.34
15.745181 4.34
15.775832 4.34
15.786556 4.34
15.822306 4.34
15.838306 4.34
15.863557 4.34
15.874431 4.02
15.904833 4.34
15.915557 4.34
15.951432 4.34
15.962182 4.34
15.992836 4.34
16.003558 4.34
16.039432 4.34
16.050307 4.34
16.080837 4.34
16.091559 4.02
16.127183 4.34
16.138076 4.34
16.168309 4.34
16.184184 4.34
16.209559 4.34
16.220434 4.34
16.250712 4.34
16.266559 4.34
16.292075 4.34
16.302828 4.34
16.333310 4.34
16.349310 4.34
16.374560 4.34
16.385435 4.34
16.415715 4.34
16.431953 4.34
16.457079 4.34
16.467953 4.34
16.503436 4.34
16.514186 4.34
16.544951 4.34
16.555703 4.34
16.591436 4.34
16.602186 4.34
16.632954 4.34
16.643702 4.34
16.674079 4.34
16.684829 4.02
16.720437 4.34
16.731187 4.34
16.761842 4.34
16.772715 4.34
16.808313 4.34
16.824438 4.34
16.852718 4.34
16.868841 4.34
16.894081 4.34
16.904829 4.34
16.935314 4.34
16.951314 4.34
16.976565 4.34
16.987439 4.34
17.017718 4.34
17.033831 4.34
17.059082 4.34
17.069842 4.34
17.105440 4.34
17.116190 4.34
17.146844 4.34
17.157718 4.34
17.193316 4.34
17.209315 4.34
17.237719 4.34
17.258959 4.34
17.269709 4.34
17.305317 4.34
17.321317 4.34
17.349722 4.34
17.365719 4.34
17.392693 4.34
17.403583 4.34
17.435693 4.34
17.446583 4.34
17.477084 4.34
17.487834 4.34
17.518318 4.34
17.534318 4.34
17.559570 4.34
17.570443 4.34
17.602696 4.34
17.613601 4.34
17.645722 4.34
17.656599 4.34
17.692319 4.34
17.708194 4.34
17.733445 4.34
17.744320 4.34
17.774964 4.34
17.785962 4.34
17.821445 4.34
17.832320 4.34
17.862963 4.34
17.873711 4.34
17.909446 4.34
17.920196 4.34
17.950963 4.34
17.961963 4.34
17.997447 4.34
18.008196 4.34
18.038967 4.34
18.049726 4.34
18.085447 4.34
18.096197 4.34
18.126851 4.34
18.137724 4.34
18.173323 4.34
18.189448 4.34
18.217727 4.34
18.233966 4.34
18.264323 4.34
18.280323 4.34
18.308728 4.34
18.324967 4.34
18.349852 4.34
18.360575 4.34
18.391074 4.34
18.401842 4.34
18.432075 4.34
18.442842 4.34
18.473200 4.34
18.489200 4.34
18.514325 4.34
18.525075 4.34
18.555576 4.34
18.571576 4.34
18.596967 4.34
18.607718 4.34
18.638451 4.34
18.649201 4.34
18.679969 4.34
18.690717 4.34
18.721202 4.34
18.737202 4.34
18.762327 4.34
18.773202 4.34
18.803578 4.34
18.819730 4.34
18.844732 4.34
18.855578 4.34
18.891203 4.34
18.907203 4.34
18.932329 4.34
18.943203 4.34
18.973579 4.34
18.989579 4.34
19.014846 4.34
19.025579 4.34
19.056204 4.34
19.072205 4.34
19.097329 4.34
19.108205 4.34
19.138580 4.34
19.154581 4.34
19.179857 4.34
19.190581 4.34
19.221206 4.34
19.237206 4.34
19.262330 4.34
19.273081 4.34
19.303733 4.34
19.314456 4.34
19.350206 4.34
19.366206 4.34
19.391331 4.34
19.402082 4.34
19.432734 4.34
19.443582 4.34
19.479208 4.34
19.495208 4.34
19.520332 4.34
19.531083 4.34
19.561737 4.34
19.572583 4.34
19.608083 4.34
19.618850 4.34
19.649209 4.34
19.665083 4.34
19.690334 4.34
19.701209 4.34
19.731737 4.34
19.742584 4.34
19.778209 4.34
19.794210 4.34
19.819334 4.34
19.830210 4.34
19.860739 4.34
19.871585 4.34
19.907335 4.34
19.918210 4.34
19.948614 4.34
19.964615 4.34
19.995336 4.34
20.006211 4.34
20.036738 4.34
20.047469 4.34
20.083336 4.34
20.094087 4.34
20.124740 4.34
20.135470 4.34
20.171337 4.34
20.182087 4.34
20.212739 4.34
20.223465 4.34
20.259338 4.34
20.270213 4.34
20.300742 4.34
20.311615 4.34
20.347338 4.34
20.358214 4.34
20.388617 4.34
20.404742 4.34
20.435339 4.34
20.446214 4.34
20.476743 4.34
20.487618 4.34
20.523215 4.34
20.539339 4.34
20.564340 4.34
20.575090 4.34
20.605744 4.34
20.616469 4.34
20.652341 4.34
20.663090 4.34
20.693743 4.34
20.704619 4.34
20.740341 4.34
20.751216 4.34
20.781746 4.34
20.792619 4.34
20.828342 4.34
20.839092 4.34
20.869744 4.34
20.880470 4.34
20.916343 4.34
20.927093 4.34
20.957748 4.34
20.968472 4.34
21.004343 4.34
21.015218 4.34
21.045747 4.34
21.056621 4.34
21.092218 4.34
21.108219 4.34
21.133343 4.34
21.144219 4.34
21.174623 4.34
21.190749 4.34
21.221345 4.34
21.232220 4.34
21.262748 4.34
21.273625 4.34
21.304095 4.34
21.316486 4.34
21.345096 4.34
21.361221 4.34
21.386096 4.34
21.402221 4.34
21.427221 4.34
21.437988 4.34
21.468346 4.34
21.479096 4.34
21.509752 4.34
21.520627 4.34
21.551097 4.34
21.563491 4.34
21.592222 4.34
21.602988 4.34
21.633348 4.34
21.644223 4.34
21.674750 4.34
21.685475 4.34
21.715973 4.34
21.726750 4.34
21.757099 4.34
21.773224 4.34
21.798099 4.34
21.814224 4.34
21.839100 4.34
21.855225 4.34
21.880225 4.34
21.890989 4.34
21.921350 4.34
21.932225 4.34
21.962627 4.34
21.973478 4.34
22.004100 4.34
22.020225 4.34
22.045101 4.34
22.061226 4.34
22.086226 4.34
22.097101 4.34
22.127670 4.34
22.143883 4.34
22.169236 4.34
22.180235 4.34
22.210876 4.34
22.221875 4.34
22.252356 4.68
22.263230 4.68
22.293763 4.68
22.304637 4.68
22.335104 5.00
22.351243 5.00
22.376736 5.35
22.387646 5.00
22.418358 5.35
22.429357 5.35
22.465232 5.35
22.476106 5.35
22.506634 5.35
22.517512 5.35
22.548105 5.35
22.564104 5.35
22.589229 5.35
22.599996 5.35
22.630512 5.35
22.646745 5.35
22.680363 5.35
22.691362 5.35
22.727236 5.35
22.738110 5.35
22.768766 5.35
22.779641 5.35
22.810108 5.35
22.826233 5.00
22.851232 5.00
22.861982 5.35
22.892357 5.35
22.903232 5.35
22.933742 5.35
22.944668 5.35
22.975364 5.35
22.988006 5.35
23.022234 5.35
23.033109 5.69
23.063485 5.69
23.079635 5.69
23.110233 5.69
23.121108 5.69
23.151358 5.69
23.162109 5.69
23.192763 5.69
23.203638 5.69
23.233999 5.69
23.244752 5.69
23.274985 5.69
23.285893 5.69
23.316671 5.69
23.327667 5.35
23.358242 5.69
23.369240 5.69
23.401497 5.69
23.412364 5.69
23.448238 5.69
23.459113 5.69
23.489489 5.69
23.505641 5.69
23.536237 5.69
23.546986 5.69
23.577544 5.69
23.593657 5.69
23.619006 5.69
23.631496 5.69
23.660240 5.69
23.671114 5.69
23.701490 5.69
23.717642 5.69
23.748239 5.69
23.759003 5.69
23.789363 5.69
23.801754 5.69
23.830642 5.69
23.841489 5.69
23.872129 5.69
23.883128 5.69
23.913747 5.69
23.924747 6.01
23.955379 6.01
23.971686 12.32
24.002249 6.36
24.013121 6.36
24.045377 6.36
24.056370 6.36
24.092244 6.36
24.103118 6.36
24.139009 6.36
24.155009 6.36
24.180117 6.36
24.190992 6.36
24.221116 6.36
24.231991 6.36
24.262507 6.36
24.278752 6.36
24.304126 6.36
24.315125 6.36
24.345623 6.36
24.356672 6.36
24.387121 6.36
24.397996 6.36
24.428507 6.36
24.439369 6.36
24.475245 6.36
24.486119 6.36
24.516524 6.36
24.527368 6.36
24.558257 6.36
24.569127 6.36
24.605126 6.36
24.616125 6.36
24.646624 6.36
24.657659 6.36
24.688122 6.36
24.699009 12.32
24.729650 6.36
24.740527 6.36
24.771120 6.36
24.782011 6.36
24.812245 6.36
24.823120 6.36
24.853644 6.36
24.864380 6.36
24.895251 6.36
24.906125 6.68
24.942130 7.02
24.953130 7.02
24.983627 7.02
24.994677 7.02
25.025126 7.02
25.036000 7.02
25.066374 7.02
25.082374 7.02
25.107655 7.02
25.118499 7.02
25.149123 7.02
25.160013 7.02
25.190123 7.02
25.201014 7.02
25.231759 7.02
25.242682 7.02
25.273380 7.02
25.289381 7.02
25.318023 7.02
25.334128 6.68
25.359252 7.02
25.370127 7.02
25.400535 7.02
25.411376 7.02
25.447125 7.02
25.458016 6.68
25.488250 6.68
25.499132 6.68
25.535130 6.68
25.546019 6.68
25.576538 6.68
25.587378 6.68
25.618020 6.68
25.634127 6.68
25.659252 6.68
25.670127 6.68
25.700533 6.68
25.711377 6.68
25.742021 6.68
25.758127 6.68
25.783252 6.68
25.794266 6.68
25.830136 6.68
25.841136 6.68
25.873382 6.68
25.884383 6.68
25.920257 6.68
25.931007 6.68
25.961533 6.68
25.972380 6.68
26.003019 6.68
26.019129 6.68
26.044129 6.68
26.055020 6.68
26.085395 6.68
26.101699 6.68
26.127035 7.02
26.138054 7.02
26.168703 7.37
26.179693 7.37
26.210262 7.37
26.222905 7.37
26.257135 7.37
26.268135 7.37
26.298547 7.37
26.309383 7.37
26.340026 7.37
26.356132 7.02
26.381257 6.68
26.392022 6.68
26.422535 6.68
26.433577 6.68
26.464142 6.68
26.475142 6.68
26.505555 6.68
26.516388 6.68
26.552137 6.68
26.563026 6.68
26.593544 6.68
26.604385 6.68
26.634900 6.68
26.647291 6.68
26.676134 6.68
26.686900 6.68
26.717133 6.68
26.728041 6.68
26.758827 6.68
26.771333 7.02
26.800392 7.37
26.816682 7.69
26.842031 7.69
26.852783 7.69
26.883388 7.37
26.894263 7.37
26.925029 7.37
26.935780 7.37
26.966386 7.69
26.977136 7.69
27.012790 7.69
27.023512 7.69
27.054030 7.69
27.064778 7.69
27.095525 7.69
27.106522 7.69
27.137068 7.69
27.148032 8.03
27.178693 8.35
27.189695 8.35
27.220267 8.70
27.236266 8.70
27.261516 8.70
27.272390 8.70
27.303140 8.70
27.314015 8.70
27.344139 8.70
27.355014 8.70
27.385139 8.70
27.396014 8.70
27.426139 8.70
27.437014 8.70
27.467139 8.70
27.478155 8.70
27.513780 8.70
27.530037 9.04
27.555033 9.36
27.565949 9.36
27.596702 9.36
27.607698 9.36
27.638271 9.04
27.654270 9.04
27.679521 9.04
27.690394 9.04
27.721036 9.04
27.731785 9.04
27.762392 9.04
27.773142 9.04
27.808784 9.04
27.819518 9.04
27.850033 9.04
27.860784 9.04
27.891393 9.04
27.902268 9.04
27.937786 9.04
27.953786 9.04
27.979019 9.04
27.989784 9.04
28.020018 9.04
28.030784 9.04
28.061019 9.04
28.071785 9.04
28.102019 9.04
28.112786 9.04
28.143144 9.04
28.154020 9.04
28.184145 9.04
28.195020 9.04
28.225145 9.04
28.236020 8.70
28.266145 8.35
28.277020 8.35
28.307146 8.35
28.318021 8.03
28.348146 8.03
28.359021 8.03
28.389146 8.03
28.400022 8.03
28.430146 8.03
28.441022 8.03
28.471272 8.03
28.487147 8.03
28.512523 8.03
28.523397 8.03
28.559041 8.03
28.569788 8.03
28.600148 8.03
28.611041 7.69
28.641273 7.69
28.657148 7.37
28.682524 7.02
28.693398 7.02
28.724041 7.02
28.734790 7.02
28.765274 7.02
28.781148 7.02
28.806525 7.02
28.817399 7.02
28.848039 7.02
28.858793 6.68
28.889275 7.02
28.905150 7.02
28.932284 7.02
28.943025 7.02
28.973400 7.02
28.984150 6.68
29.014803 6.36
29.030916 6.01
29.056425 5.35
29.067412 4.34
29.098052 4.34
29.109050 4.34
29.141297 4.34
29.152156 4.34
29.182813 4.34
29.198921 4.34
29.224154 4.34
29.236685 4.34
29.265278 4.34
29.281278 4.34
29.308162 4.34
29.319043 4.34
29.349278 4.34
29.365278 4.34
29.392163 4.34
29.403046 4.34
29.433279 4.34
29.449279 4.34
29.476163 4.34
29.487044 4.34
29.517279 4.34
29.533404 4.34
29.563672 4.34
29.576164 4.34
29.605030 4.34
29.615921 4.34
29.646155 4.34
29.658531 4.34
29.687280 4.34
29.703156 4.34
29.733946 4.34
29.744937 4.34
29.775540 4.34
29.786412 4.34
29.817055 4.34
29.827802 4.34
29.860187 4.34
29.871053 4.34
29.906909 4.34
29.917677 4.34
29.948158 4.34
29.960534 4.34
29.989283 4.34
30.000158 4.34
30.030408 4.34
30.041158 4.34
30.071926 4.34
30.082674 4.34
30.113158 4.34
30.129034 4.34
30.154284 4.34
30.165159 4.34
30.200687 4.34
30.216674 4.34
30.242053 4.34
30.252804 4.34
30.283284 4.34
30.294036 4.34
30.324410 4.34
30.335160 4.34
30.365813 4.34
30.381928 4.34
30.407036 4.34
30.417804 4.34
30.448161 4.34
30.464037 4.34
30.489286 4.34
30.500161 4.34
30.536080 4.34
