0.000000 0.000000
0.041951 4.34
0.058220 4.34
0.089018 4.34
0.105326 3.01
0.135838 2.34
0.146827 2.66
0.182702 2.66
0.193698 2.66
0.224337 2.66
0.235335 2.34
0.265854 2.34
0.276692 2.34
0.307330 2.34
0.318207 2.66
0.348845 2.34
0.359690 2.34
0.390329 2.66
0.401205 2.34
0.431563 2.66
0.447563 2.66
0.472841 2.66
0.483689 2.34
0.514329 2.34
0.525204 2.66
0.555564 2.66
0.571439 2.66
0.596842 2.34
0.607690 2.66
0.638330 2.66
0.649203 2.34
0.684565 2.66
0.700565 2.34
0.725844 2.34
0.736691 2.66
0.769013 2.66
0.780008 2.34
0.810578 2.34
0.826717 2.34
0.857582 2.66
0.873968 2.34
0.899220 2.66
0.910219 2.66
0.940962 2.34
0.957219 2.34
0.982595 3.67
0.993739 4.02
1.024226 4.02
1.035217 4.34
1.065698 4.02
1.076573 4.02
1.107087 4.02
1.117975 4.02
1.153695 4.02
1.164571 4.02
1.195210 4.02
1.206096 4.02
1.236335 4.02
1.247210 4.34
1.277569 4.34
1.293444 4.02
1.318821 4.02
1.329695 4.34
1.359971 4.34
1.375969 4.34
1.401210 4.02
1.411972 4.02
1.442738 4.02
1.453733 4.34
1.486028 4.34
1.497101 4.34
1.532712 4.34
1.543448 4.34
1.573976 4.34
1.589962 4.34
1.616975 4.34
1.627697 4.34
1.658720 4.34
1.669720 4.34
1.702006 4.34
1.713003 4.34
1.748701 4.34
1.759576 4.34
1.790095 4.34
1.800983 4.34
1.836700 4.68
1.847449 4.68
1.878102 4.68
1.888825 5.00
1.924699 5.00
1.935574 5.00
1.966121 5.35
1.976980 5.35
2.012574 5.35
2.028700 5.35
2.053825 5.35
2.066342 5.35
2.097980 5.35
2.113826 5.00
2.140981 5.35
2.151826 5.35
2.183857 5.35
2.194701 5.35
2.226857 5.35
2.237701 5.35
2.269853 5.35
2.280701 5.35
2.316452 5.35
2.328855 5.35
2.357577 5.35
2.373452 5.35
2.398828 5.35
2.411327 5.35
2.439977 5.35
2.455827 5.35
2.486452 5.35
2.498856 5.35
2.527872 5.35
2.543997 5.35
2.574580 5.35
2.585581 5.35
2.616112 5.69
2.627016 5.69
2.657455 5.69
2.669863 5.69
2.698580 5.69
2.709455 5.69
2.739983 5.69
2.750831 5.69
2.786456 5.69
2.802581 5.69
2.827581 5.69
2.838331 5.35
2.868971 5.69
2.885115 5.69
2.910591 5.69
2.921590 5.69
2.952232 5.69
2.963232 5.69
2.993717 5.69
3.004585 5.69
3.034993 5.69
3.045866 5.69
3.081584 5.69
3.092458 5.69
3.122987 5.69
3.133710 5.69
3.169598 5.69
3.180594 5.69
3.211233 5.69
3.222230 5.69
3.252871 5.69
3.268996 5.69
3.299586 5.69
3.310461 5.69
3.340989 5.69
3.351862 5.69
3.387585 5.69
3.398335 5.69
3.428859 5.69
3.444860 5.69
3.475720 5.69
3.486719 5.69
3.522601 5.69
3.533596 6.01
3.564246 6.01
3.575236 6.01
3.605590 6.01
3.616465 6.01
3.647229 6.01
3.657995 6.01
3.688588 6.01
3.699338 6.01
3.729716 6.01
3.740587 6.01
3.770867 6.01
3.786717 6.01
3.812296 6.01
3.828599 6.01
3.853885 6.01
3.870119 6.01
3.900725 6.01
3.911725 6.01
3.947591 6.01
3.958590 6.01
3.988995 6.01
3.999866 6.01
4.035464 6.01
4.051589 6.01
4.076589 6.01
4.087340 6.01
4.117975 6.01
4.128992 6.01
4.159595 6.01
4.170595 6.01
4.201238 6.01
4.212237 6.01
4.242593 6.01
4.253468 6.01
4.283996 6.01
4.294869 6.01
4.330466 6.01
4.346591 6.01
4.371591 6.01
4.382342 6.01
4.412869 6.01
4.429132 6.01
4.454479 6.01
4.465350 6.01
4.496117 6.01
4.507120 6.01
4.537597 12.32
4.548472 6.01
4.579240 6.01
4.589986 12.32
4.620595 12.32
4.631470 0.05
4.661998 6.01
4.672871 6.01
4.708594 6.01
4.719344 6.01
4.749872 12.32
4.765981 0.05
4.791480 12.32
4.802351 12.32
4.833117 0.05
4.844117 6.36
4.874599 12.32
4.885598 6.36
4.915876 6.36
4.932001 12.32
4.962597 12.32
4.973472 0.05
5.003996 6.36
5.014726 12.32
5.050600 0.05
5.061478 0.05
5.093764 6.36
5.104728 6.01
5.140475 0.05
5.151349 0.05
5.181734 12.32
5.197881 12.32
5.224754 12.32
5.235598 6.01
5.267751 6.36
5.278598 6.36
5.314348 6.36
5.326754 6.36
5.355892 0.05
5.372144 12.32
5.397356 6.36
5.413491 6.36
5.438887 6.36
5.449740 12.32
5.480352 6.36
5.496476 6.01
5.521476 6.36
5.532351 0.05
5.562877 6.36
5.573752 12.32
5.604350 0.05
5.616243 12.32
5.645350 0.05
5.661476 12.32
5.686477 6.01
5.697226 0.05
5.728135 6.36
5.739132 0.05
5.769735 6.36
5.786002 6.36
5.816606 12.32
5.827481 0.05
5.863480 0.05
5.874354 6.36
5.904730 6.36
5.920884 0.05
5.946006 6.36
5.956763 0.05
5.987353 6.01
6.003484 12.32
6.028896 6.36
6.039742 6.36
6.070356 6.36
6.086481 6.36
6.111480 12.32
6.122355 6.36
6.152605 6.36
6.163355 6.36
6.194007 12.32
6.204730 6.36
6.235245 6.36
6.245997 6.01
6.276480 12.32
6.287355 6.36
6.318146 6.36
6.329131 6.36
6.359744 6.36
6.375994 6.36
6.406614 0.05
6.417614 12.32
6.453526 6.36
6.464483 6.36
6.495124 6.36
6.506124 6.36
6.536482 6.36
6.547357 6.36
6.577760 6.36
6.593762 0.05
6.619123 12.32
6.629884 6.36
6.660399 6.36
6.676613 6.36
6.701993 6.36
6.712988 6.36
6.743620 6.36
6.754635 6.36
6.790495 12.32
6.801493 12.32
6.832032 6.36
6.842905 6.36
6.873363 12.32
6.889613 6.36
6.914772 6.36
6.930895 6.36
6.961486 6.36
6.972361 12.32
7.002611 6.36
7.013485 6.36
7.043889 6.36
7.054744 6.36
7.085497 6.36
7.096502 0.05
7.127152 6.36
7.138027 6.36
7.168489 6.68
7.179364 6.68
7.210739 6.68
7.221613 6.68
7.252003 6.68
7.262890 6.68
7.293362 6.68
7.309487 6.68
7.334363 6.68
7.350363 6.68
7.375488 6.68
7.386238 6.36
7.416613 6.36
7.427363 6.68
7.457891 6.68
7.468614 6.68
7.504364 6.68
7.520489 6.68
7.545364 6.68
7.561489 6.68
7.586489 6.68
7.597240 6.68
7.627614 6.68
7.640256 6.68
7.670745 6.68
7.681615 6.68
7.713769 6.68
7.724616 6.68
7.760491 6.68
7.771366 6.68
7.801616 6.68
7.814256 6.68
7.842895 6.68
7.853616 6.68
7.889492 6.68
7.900367 6.68
7.930617 6.68
7.943007 6.68
7.971896 6.68
7.982744 6.68
8.013368 6.68
8.029492 6.36
8.054493 6.36
8.065243 6.36
8.095618 6.36
8.108011 6.36
8.136897 6.36
8.147745 6.36
8.178369 6.36
8.194494 5.00
8.219509 4.34
8.230255 4.34
8.266379 4.34
8.277378 4.34
8.308001 4.34
8.318932 4.34
8.349623 4.34
8.362032 4.34
8.396265 4.34
8.408627 4.34
8.437621 4.34
8.450021 4.34
8.478901 4.34
8.489747 4.34
8.520371 4.34
8.531263 4.34
8.561371 4.34
8.572247 4.34
8.602622 4.34
8.618622 4.34
8.649373 4.34
8.660262 4.34
8.690372 4.34
8.701247 4.34
8.731373 4.34
8.742248 4.34
8.772373 4.34
8.783248 4.34
8.813498 4.34
8.824249 4.34
8.854623 4.34
8.870624 4.34
8.901509 4.34
8.912379 4.34
8.948270 4.34
8.964271 4.34
8.989627 4.34
9.005626 4.34
9.036501 4.34
9.047250 4.34
9.077625 4.34
9.093626 4.34
9.118903 4.34
9.129751 4.34
9.160267 4.34
9.176267 4.34
9.201376 4.34
9.212251 4.34
9.242501 4.34
9.253251 4.34
9.283626 4.34
9.299627 4.34
9.324905 4.34
9.335627 4.34
9.366266 4.34
9.382269 4.34
9.407377 4.34
9.418253 4.34
9.448378 4.34
9.459253 4.34
9.489378 4.34
9.500253 4.34
9.530509 4.34
9.541517 4.34
