0.000000 0.000000
0.047094 4.34
0.063357 4.34
0.088736 3.33
0.099737 2.34
0.130507 2.66
0.148540 2.66
0.172289 2.66
0.183365 2.66
0.215506 2.66
0.226467 2.66
0.256996 2.66
0.272982 2.66
0.298464 2.66
0.314464 2.34
0.344987 2.66
0.360990 2.66
0.386462 2.66
0.402337 2.66
0.427586 2.66
0.438337 2.66
0.473986 2.66
0.484712 2.34
0.515352 2.34
0.527863 2.34
0.556588 2.34
0.567337 2.34
0.602988 2.34
0.618988 2.34
0.644352 2.66
0.656866 2.66
0.685588 2.66
0.696339 2.34
0.731990 2.34
0.748287 2.66
0.773228 2.66
0.783976 2.66
0.819973 2.66
0.836243 2.66
0.861606 2.34
0.872742 2.66
0.903264 2.34
0.914242 2.66
0.950118 2.66
0.961118 4.02
0.991727 4.02
1.002725 4.02
1.033364 4.34
1.049472 4.34
1.080004 4.02
1.095999 4.02
1.121468 4.34
1.137469 4.34
1.162593 4.02
1.173343 4.34
1.208993 4.34
1.221369 4.02
1.250356 4.34
1.266359 4.02
1.291359 4.34
1.307359 4.34
1.332358 4.02
1.344718 4.02
1.373593 4.02
1.384359 4.02
1.420300 4.34
1.431379 4.34
1.467300 4.34
1.479871 4.34
1.514144 4.34
1.525106 4.34
1.555477 4.34
1.566476 4.34
1.602101 4.34
1.613100 4.34
1.643726 4.34
1.654725 4.34
1.685366 4.34
1.701367 4.34
1.726723 4.34
1.737597 4.34
1.767875 4.34
1.783878 4.34
1.809240 4.34
1.819999 4.34
1.850597 4.34
1.861347 4.34
1.896877 4.34
1.912877 4.34
1.941000 4.34
1.956883 4.34
1.982473 4.34
1.998349 4.34
2.023599 4.34
2.034474 4.34
2.070002 4.34
2.086001 4.34
2.111368 4.34
2.127367 4.34
2.152475 4.34
2.168475 4.34
2.193475 4.34
2.204350 4.34
2.234475 4.34
2.245350 4.34
2.275475 4.34
2.286350 4.34
2.316476 4.34
2.327351 4.34
2.357476 4.34
2.368351 4.34
2.398476 4.34
2.409369 4.34
2.439477 4.34
2.450352 4.34
2.480477 4.34
2.491352 4.34
2.521477 4.34
2.532352 4.34
2.562477 4.34
2.573352 4.34
2.603478 4.34
2.614353 4.34
2.644478 4.34
2.655353 4.34
2.685603 4.34
2.696354 4.34
2.731854 4.34
2.747857 4.34
2.773369 4.34
2.789371 4.34
2.814479 4.34
2.830479 4.34
2.855480 4.34
2.866355 4.34
2.896480 4.34
2.907355 4.34
2.937605 4.34
2.948480 4.34
2.983856 4.34
2.999859 4.34
3.025135 4.34
3.035856 4.34
3.066481 4.34
3.082481 4.34
3.107481 4.34
3.118357 4.34
3.148482 4.34
3.159357 4.34
3.191358 4.34
3.202123 4.34
3.232357 4.34
3.248357 4.34
3.273358 4.34
3.289374 4.34
3.314358 4.34
3.330358 4.34
3.355358 4.34
3.371359 4.34
3.396358 4.34
3.412376 4.34
3.437359 4.34
3.453484 4.34
3.478359 4.34
3.494359 4.34
3.519376 4.34
3.535374 4.34
3.560485 4.34
3.571360 4.34
3.601485 4.34
3.612360 4.34
3.642485 4.34
3.653360 4.34
3.683486 4.34
3.694361 4.34
3.724486 4.34
3.735251 4.34
3.765486 4.34
3.776361 4.34
3.806486 4.34
3.817362 4.34
3.847486 4.34
3.858362 4.34
3.888487 4.34
3.899362 4.34
3.929487 4.34
3.940362 4.34
3.970488 4.34
3.981363 4.34
4.011488 4.34
4.022363 4.34
4.052488 4.34
4.063363 4.34
4.093488 4.34
4.104364 4.34
4.134489 4.34
4.145364 4.34
4.175489 4.34
4.186364 4.34
4.216489 4.34
4.227365 4.34
4.257489 4.34
4.268365 4.34
4.298490 4.34
4.309365 4.34
4.339490 4.34
4.350365 4.34
4.380490 4.34
4.391365 4.34
4.421491 4.34
4.432366 4.34
4.462491 4.34
4.473366 4.34
4.503492 4.34
4.514385 4.34
4.544492 4.34
4.555367 4.34
4.585492 4.34
4.596367 4.34
4.626492 4.34
4.637367 4.34
4.667492 4.34
4.678367 4.34
4.708493 4.34
4.719368 4.34
4.749493 4.34
4.760368 4.34
4.790494 4.34
4.801369 4.34
4.831494 4.34
4.842369 4.34
4.872494 4.34
4.883370 4.34
4.913495 4.34
4.924369 4.34
4.954494 4.34
4.965370 4.34
4.995495 4.34
5.006370 4.34
5.036620 4.34
5.047370 4.34
5.077871 4.34
5.093872 4.34
5.119388 4.34
5.135388 4.34
5.160371 4.34
5.171136 4.34
5.201371 4.34
5.212137 4.34
5.242372 4.34
5.253139 4.34
5.283372 4.34
5.294139 4.34
5.324373 4.34
5.335141 4.34
5.365373 4.34
5.376139 4.34
5.406373 4.34
5.417141 4.34
5.447373 4.34
5.458141 4.34
5.488373 4.34
5.499140 4.34
5.529374 4.34
5.540139 4.34
5.570374 4.34
5.581139 4.34
5.611374 4.34
5.622139 4.34
5.652500 4.34
5.663375 4.34
5.698750 4.34
5.709500 4.34
5.740152 4.34
5.752750 4.34
5.781376 4.34
5.792140 4.34
5.822501 4.34
5.833376 4.34
5.868751 4.34
5.879502 4.34
5.910155 4.34
5.922751 4.34
5.951502 4.34
5.962377 4.34
5.997752 4.34
6.010254 4.34
6.039157 4.34
6.051753 4.34
6.080503 4.34
6.091377 4.34
6.126753 4.34
6.137628 4.34
6.168158 4.34
6.180628 4.34
6.209504 4.34
6.220379 4.34
6.255754 4.34
6.266629 4.34
6.297158 4.34
6.309754 4.34
6.338505 4.34
6.349380 4.34
6.384755 4.34
6.397256 4.34
6.426271 4.34
6.442274 4.34
6.467381 4.34
6.478273 4.34
6.508397 4.34
6.519274 4.34
6.549381 4.34
6.560274 4.34
6.590381 4.34
6.601147 4.34
6.631507 4.34
6.642382 4.34
6.677757 4.34
6.693632 4.34
6.719273 4.34
6.735399 4.34
6.760383 4.34
6.771273 4.34
6.801508 4.34
6.812383 4.34
6.847758 4.34
6.863759 4.34
6.889161 4.34
6.905150 4.34
6.930402 4.34
6.941150 4.34
6.976759 4.34
6.989135 4.34
7.018163 4.34
7.034161 4.34
7.059385 4.34
7.070152 4.34
7.100511 4.34
7.111385 4.34
7.146760 4.34
7.162760 4.34
7.188029 4.34
7.198761 4.34
7.229403 4.34
7.240154 4.34
7.270511 4.34
7.281386 4.34
7.316761 4.34
7.332761 4.34
7.358042 4.34
7.368761 4.34
7.399402 4.34
7.410153 4.34
7.445763 4.34
7.461762 4.34
7.487165 4.34
7.503283 4.34
7.528388 4.34
7.539156 4.34
7.569388 4.34
7.580156 4.34
7.610389 4.34
7.621157 4.34
7.651389 4.34
7.662281 4.34
7.692390 4.34
7.703281 4.34
7.733515 4.34
7.744282 4.34
7.779765 4.34
7.795765 4.34
7.821044 4.34
7.831892 4.34
7.862515 4.34
7.873390 4.34
7.908765 4.34
7.924641 4.34
7.950171 4.34
7.966406 4.34
7.991392 4.34
8.002158 4.34
8.032392 4.34
8.043157 4.34
8.073517 4.34
8.084392 4.34
8.119767 4.34
8.135643 4.34
8.161171 4.34
8.177169 4.34
8.204144 4.34
8.214895 4.34
8.245518 4.34
8.256393 4.34
8.291769 4.34
8.307643 4.34
8.333286 4.34
8.349412 4.34
8.374409 4.34
8.385161 4.34
8.420770 4.34
8.436645 4.34
8.462172 4.34
8.478036 4.34
8.505173 4.34
8.515925 4.34
8.548161 4.34
8.558913 4.34
8.591146 4.34
8.601897 4.34
8.632414 4.34
8.643162 4.34
8.678771 4.34
8.694646 4.34
8.720049 4.34
8.732522 4.34
8.763147 4.34
8.773898 4.34
8.804415 4.34
8.815166 4.34
8.847148 4.34
8.857899 4.34
8.888416 4.34
8.899163 4.34
8.934523 4.34
8.945398 4.34
8.975774 4.34
8.991773 4.34
9.017054 4.34
9.033052 4.34
9.058414 4.34
9.069164 4.34
9.099649 4.34
9.112150 4.34
9.144055 4.34
9.160041 4.34
9.185418 4.34
9.196165 4.34
9.226650 4.34
9.239151 4.34
9.267901 4.34
9.278775 4.34
9.309180 4.34
9.325178 4.34
9.355776 4.34
9.371776 4.34
9.397182 4.34
9.413180 4.34
9.443652 4.34
9.459652 4.34
9.484903 4.34
9.495777 4.34
9.526420 4.34
9.537171 4.34
9.572778 4.34
9.588653 4.34
9.614182 4.34
9.630183 4.34
9.660653 4.34
9.676779 4.34
9.701905 4.34
9.712779 4.34
9.743057 4.34
9.759183 4.34
9.784422 4.34
9.795172 4.34
9.830779 4.34
9.846654 4.34
9.872185 4.34
9.888184 4.34
9.918780 4.34
9.929655 4.34
9.960184 4.34
9.971059 4.34
10.006781 4.34
10.017531 4.34
10.048185 4.34
10.059058 4.34
10.094657 4.34
10.110657 4.34
10.135909 4.34
10.146782 4.34
10.177186 4.34
10.188061 4.34
10.223782 4.34
10.234533 4.34
10.265184 4.34
10.275909 4.34
10.311658 4.34
10.327783 4.34
10.352909 4.34
10.363784 4.34
10.394188 4.34
10.405062 4.34
10.440534 4.34
10.451409 4.34
10.481659 4.34
10.497535 4.34
10.522912 4.34
10.533785 4.34
10.564427 4.34
10.575175 4.34
10.605660 4.34
10.621536 4.34
10.646912 4.34
10.657786 4.34
10.688187 4.34
10.698912 4.34
10.734786 4.34
10.745536 4.34
10.776190 4.34
10.786913 4.34
10.822787 4.34
10.833662 4.34
10.864190 4.34
10.875067 4.34
10.910787 4.34
10.921538 4.34
10.952191 4.34
10.963064 4.34
10.998538 4.34
11.009413 4.34
11.039663 4.34
11.055663 4.34
11.080916 4.34
11.091789 4.34
11.122193 4.34
11.133066 4.34
11.168789 4.34
11.179540 4.34
11.210191 4.34
11.220916 4.34
11.256789 4.34
11.267540 4.34
11.298194 4.34
11.308917 4.34
11.344791 4.34
11.355666 4.34
11.386193 4.34
11.396917 4.34
11.432666 4.34
11.448541 4.34
11.473791 4.34
11.484541 4.34
11.515194 4.34
11.525917 4.34
11.561792 4.34
11.572667 4.34
11.603194 4.34
11.613918 4.34
11.649793 4.34
11.660543 4.34
11.691196 4.34
11.702070 4.34
11.737668 4.34
11.753793 4.34
11.778920 4.34
11.789794 4.34
11.820197 4.34
11.831072 4.34
11.866795 4.34
11.877544 4.34
11.908196 4.34
11.918921 4.34
11.954670 4.34
11.970670 4.34
11.995922 4.34
12.008546 4.34
12.037200 4.34
12.048076 4.34
12.083671 4.34
12.099671 4.34
12.124796 4.34
12.135671 4.34
12.166198 4.34
12.176923 4.34
12.212672 4.34
12.228672 4.34
12.253924 4.34
12.266422 4.34
12.295076 4.34
12.311199 4.34
12.337924 4.34
12.348798 4.34
12.379200 4.34
12.389925 4.34
12.420548 4.34
12.432924 4.34
12.461673 4.34
12.477673 4.34
12.502799 4.34
12.513674 4.34
12.544317 4.34
12.555067 4.34
12.590799 4.34
12.601550 4.34
12.632317 4.34
12.643067 4.34
12.678675 4.34
12.694675 4.34
12.719800 4.34
12.730676 4.34
12.761318 4.34
12.772068 4.34
12.802426 4.34
12.813316 4.34
12.843426 4.34
12.854192 4.34
12.884427 4.34
12.895194 4.34
12.925427 4.34
12.936194 4.34
12.966427 4.34
12.977193 4.34
13.007428 4.34
13.018193 4.34
13.048427 4.34
13.059194 4.34
13.089428 4.34
13.100194 4.34
13.130553 4.34
13.146554 4.34
13.171679 4.34
13.182429 4.34
13.212929 4.34
13.228929 4.34
13.254321 4.34
13.265070 4.34
13.295430 4.34
13.306195 4.34
13.336555 4.34
13.352555 4.34
13.377680 4.34
13.388430 4.34
13.418931 4.34
13.434931 4.34
13.460085 4.34
13.470931 4.34
13.506556 4.34
13.522556 4.34
13.547681 4.34
13.558432 4.34
13.588932 4.34
13.604932 4.34
13.630209 4.34
13.640932 4.34
13.671432 4.34
13.682198 4.34
13.712558 4.34
13.728558 4.34
13.753683 4.34
13.764433 4.34
13.794933 4.34
13.810933 4.34
13.841559 4.34
13.857559 4.34
13.882684 4.34
13.893559 4.34
13.924086 4.34
13.934934 4.34
13.970560 4.34
13.986560 4.34
14.011685 4.34
14.022435 4.34
14.053091 4.34
14.063935 4.34
14.099560 4.34
14.115561 4.34
14.140686 4.34
14.151561 4.34
14.181936 4.34
14.197936 4.34
14.223201 4.34
14.233936 4.34
14.269561 4.34
14.285562 4.34
14.310686 4.34
14.321563 4.34
14.352089 4.34
14.362937 4.34
14.398562 4.34
14.414563 4.34
14.439688 4.34
14.450563 4.34
14.481093 4.34
14.491968 4.34
14.527564 4.34
14.543563 4.34
14.568689 4.34
14.579438 4.34
14.610091 4.34
14.620822 4.34
14.656689 4.34
14.667440 4.34
14.697969 4.34
14.713967 4.34
14.744690 4.34
14.755565 4.34
14.786095 4.34
14.796818 4.34
14.832690 4.34
14.843441 4.34
14.873969 4.34
14.889967 4.34
14.920691 4.34
14.931566 4.34
14.962095 4.34
14.972820 4.34
15.008692 4.34
15.019442 4.34
15.049972 4.34
15.065973 4.34
15.096568 4.34
15.112692 4.34
15.137693 4.34
15.148443 4.34
15.179098 4.34
15.189970 4.34
15.225693 4.34
15.236444 4.34
15.267098 4.34
15.277822 4.34
15.308444 4.34
15.320820 4.34
15.349445 4.34
15.361820 4.34
15.390570 4.34
15.406570 4.34
15.431695 4.34
15.442445 4.34
15.473097 4.34
15.483972 4.34
15.519695 4.34
15.530446 4.34
15.561099 4.34
15.571825 4.34
15.602446 4.34
15.618572 4.34
15.643446 4.34
15.655840 4.34
15.684447 4.34
15.700571 4.34
15.725447 4.34
15.741572 4.34
15.766572 4.34
15.777340 4.34
15.807697 4.34
15.818448 4.34
15.849101 4.34
15.859975 4.34
15.890448 4.34
15.906574 4.34
15.931464 4.34
15.947574 4.34
15.972699 4.34
15.983449 4.34
16.014103 4.34
16.024827 4.34
16.055449 4.34
16.071575 4.34
16.096574 4.34
16.107450 4.34
16.137700 4.34
16.148450 4.34
16.179104 4.34
16.189827 4.34
16.220451 4.34
16.236576 4.34
16.261450 4.34
16.277576 4.34
16.302576 4.34
16.313344 4.34
16.343702 4.34
16.354451 4.34
16.385104 4.34
16.395980 4.34
16.426577 4.34
16.437452 4.34
16.467702 4.34
16.478577 4.34
16.508981 4.34
16.519832 4.34
16.550453 4.34
16.566578 4.34
16.591453 4.34
16.607579 4.34
16.632579 4.34
16.643328 4.34
16.673704 4.34
16.684453 4.34
16.715109 4.34
16.725831 4.34
16.756454 4.34
16.772579 4.34
16.797455 4.34
16.813580 4.34
16.838580 4.34
16.849456 4.34
16.879705 4.34
16.890456 4.34
16.920985 4.34
16.931832 4.34
16.962456 4.34
16.978581 4.34
17.003456 4.34
17.019581 4.34
17.044581 4.34
17.055349 4.34
17.085707 4.34
17.096582 4.34
17.126984 4.34
17.137834 4.34
17.173582 4.34
17.184458 4.34
17.214708 4.34
17.225583 4.34
17.256112 4.34
17.266988 4.34
17.297458 4.34
17.313583 4.34
17.338584 4.34
17.349334 4.34
17.379708 4.34
17.392352 4.34
17.420989 4.34
17.431852 4.34
17.467584 4.34
17.478460 4.34
17.508710 4.34
17.519585 4.34
17.549837 4.34
17.565836 4.34
17.596586 4.34
17.607461 4.34
17.637711 4.34
17.648586 4.34
17.680841 4.34
17.691711 4.34
17.727586 4.34
17.738337 4.34
17.768711 4.34
17.781354 4.34
17.809989 4.34
17.820712 4.34
17.856587 4.34
17.867462 4.34
17.897839 4.34
17.913989 4.34
17.944588 4.34
17.955463 4.34
17.985713 4.34
17.998104 4.34
18.032354 4.34
18.044718 4.34
18.073589 4.34
18.084464 4.34
18.114714 4.34
18.127104 4.34
18.155993 4.34
18.166841 4.34
18.197465 4.34
18.213590 4.34
18.238590 4.34
18.249340 4.34
18.279715 4.34
18.292106 4.34
18.326466 4.34
18.342591 4.34
18.367591 4.34
18.378466 4.34
18.408716 4.34
18.424716 4.34
18.449996 4.34
18.460842 4.34
18.491467 4.34
18.502360 4.34
18.532592 4.34
18.543467 4.34
18.573860 4.34
18.584718 4.34
18.615360 4.34
18.631360 4.34
18.656468 4.34
18.667358 4.34
18.697468 4.34
18.708343 4.34
18.738468 4.34
18.749344 4.34
18.779469 4.34
18.790344 4.34
18.820469 4.34
18.831359 4.34
18.861470 4.34
18.872345 4.34
18.902470 4.34
18.913345 4.34
18.943470 4.34
18.954345 4.34
18.984470 4.34
18.995346 4.34
19.025470 4.34
19.036346 4.34
19.066471 4.34
19.077346 4.34
19.107471 4.34
19.118346 4.34
19.148472 4.34
19.159347 4.34
19.189472 4.34
19.200347 4.34
19.230472 4.34
19.241347 4.34
19.271472 4.34
19.282347 4.34
19.312472 4.34
19.323348 4.34
19.353473 4.34
19.364348 4.34
19.394598 4.34
19.405349 4.34
19.435724 4.34
19.451723 4.34
19.477002 4.34
19.487724 4.34
19.518367 4.34
19.534364 4.34
19.559475 4.34
19.570366 4.34
19.600474 4.34
19.611350 4.34
19.641475 4.34
19.652350 4.34
19.682475 4.34
19.693351 4.34
19.723476 4.34
19.734351 4.34
19.764476 4.34
19.775351 4.34
19.805476 4.34
19.816369 4.34
19.846476 4.34
19.857352 4.34
19.887477 4.34
19.898352 4.34
19.928477 4.34
19.939352 4.34
19.969477 4.34
19.980353 4.34
20.010478 4.34
20.021353 4.34
20.051478 4.34
20.062354 4.34
20.092478 4.34
20.103353 4.34
20.133479 4.34
20.144353 4.34
20.174479 4.34
20.185354 4.34
20.215479 4.34
20.226354 4.34
20.256480 4.34
20.267355 4.34
20.297480 4.34
20.308355 4.34
20.338480 4.34
20.349355 4.34
20.379480 4.34
20.390356 4.34
20.420480 4.34
20.431371 4.34
20.461481 4.34
20.472356 4.34
20.502481 4.34
20.513249 4.34
20.543606 4.34
20.556124 4.34
20.584731 4.34
20.600732 4.34
20.627737 4.34
20.638482 4.34
20.670737 4.34
20.681482 4.34
20.713738 4.34
20.724608 4.34
20.756613 4.34
20.767483 4.34
20.797733 4.34
20.813734 4.34
20.840613 4.34
20.851483 4.34
20.881734 4.34
20.897734 4.34
20.924614 4.34
20.935484 4.34
20.965735 4.34
20.981735 4.34
21.012140 4.34
21.024615 4.34
21.053378 4.34
21.069376 4.34
21.094485 4.34
21.105361 4.34
21.135486 4.34
21.146361 4.34
21.176486 4.34
21.187362 4.34
21.217486 4.34
21.228362 4.34
21.258612 4.34
21.270987 4.34
21.299737 4.34
21.310612 4.34
21.342614 4.34
21.353363 4.34
21.383738 4.34
21.394613 4.34
21.430129 4.34
21.440864 4.34
21.471378 4.34
21.482131 4.34
21.512489 4.34
21.523380 4.34
21.553488 4.34
21.564364 4.34
21.594489 4.34
21.605364 4.34
21.635489 4.34
21.646365 4.34
21.676490 4.34
21.687365 4.34
21.717490 4.34
21.728365 4.34
21.758490 4.34
21.769365 4.34
21.805377 4.34
21.816376 4.34
21.846741 4.34
21.857491 4.34
21.893146 4.34
21.903867 4.34
21.934385 4.34
21.945134 4.34
21.975617 4.34
21.991492 4.34
22.016742 4.34
22.027617 4.34
22.063135 4.34
22.073869 4.34
22.104385 4.34
22.115133 4.34
22.145368 4.34
22.156136 4.34
22.186884 4.34
22.197887 4.34
22.228504 4.34
22.239503 4.34
22.275376 4.34
22.286269 4.34
22.316875 4.34
22.327748 4.34
22.358389 4.34
22.369139 4.68
22.399746 4.34
22.410746 4.34
22.446386 4.34
22.457147 4.68
22.487371 4.34
22.498138 4.34
22.528879 4.68
22.539879 5.00
22.570501 4.68
22.581375 5.00
22.617141 4.68
22.633176 4.68
22.658373 5.00
22.669160 4.68
22.699622 5.00
22.715622 4.68
22.740747 5.00
22.751622 4.68
22.787138 5.00
22.797874 5.00
22.828373 4.68
22.839140 5.00
22.869374 4.68
22.880140 5.00
22.910374 5.00
22.921139 5.00
22.951374 5.00
22.962141 4.68
22.992374 5.00
23.003142 4.68
23.033375 5.00
23.044140 4.68
23.074375 5.00
23.085143 5.00
23.115375 5.00
23.126143 5.00
23.156500 5.00
23.167376 5.00
23.197625 4.68
23.213501 5.00
23.240636 5.00
23.251376 5.00
23.281751 5.00
23.292501 5.00
23.323154 4.68
23.339142 4.68
23.364377 5.00
23.375144 4.68
23.405502 5.00
23.418002 4.68
23.446628 4.68
23.462502 5.00
23.489637 5.00
23.500503 5.00
23.532637 4.68
23.543503 5.00
23.575637 4.68
23.586379 5.00
23.618513 5.00
23.629393 5.00
23.659629 5.00
23.675504 4.68
23.702513 5.00
23.713396 5.00
23.743754 5.00
23.754754 5.00
23.785272 5.00
23.796022 5.00
23.826505 5.00
23.842505 5.00
23.867630 4.68
23.883630 5.00
23.914023 5.00
23.926516 5.00
23.955507 5.00
23.967883 4.68
23.996632 5.00
24.012632 4.68
24.037757 4.68
24.048632 4.68
24.079161 5.00
24.095275 5.00
24.120383 5.00
24.131148 5.00
24.161632 5.00
24.172383 5.00
24.208025 4.68
24.220518 5.00
24.249508 5.00
24.265384 5.00
24.290633 5.00
24.301384 4.68
24.331759 5.00
24.342634 4.68
24.373161 5.00
24.389024 4.68
24.414510 5.00
24.430510 5.00
24.455635 5.00
24.466385 5.00
24.502027 4.68
24.518037 5.00
24.543510 5.00
24.559385 5.00
24.584636 5.00
24.595386 5.00
24.625761 5.00
24.636636 5.00
24.667163 5.00
24.683040 5.00
24.708512 5.00
24.724512 5.00
24.749637 5.00
24.760387 5.00
24.796039 5.00
24.812031 5.00
24.837405 5.00
24.848154 5.00
24.878638 5.00
24.889513 5.00
24.919763 5.00
24.930513 5.00
24.961165 5.00
24.977042 4.68
25.002389 5.00
25.013156 4.68
25.043389 5.00
25.054157 5.00
25.084514 5.00
25.100514 5.00
25.125639 5.00
25.136514 5.00
25.172042 5.00
25.182764 5.00
25.213408 5.00
25.224158 5.00
25.254640 5.00
25.265516 5.00
25.301034 5.00
25.317031 5.00
25.342391 5.00
25.353159 5.00
25.383516 5.00
25.399392 5.00
25.424642 5.00
25.435517 5.00
25.465767 4.68
25.476517 5.00
25.507285 4.68
25.518169 5.00
25.548643 5.00
25.559517 5.00
25.595045 5.00
25.605768 4.68
25.636409 5.00
25.647159 5.00
25.677643 5.00
25.688519 5.00
25.724049 5.00
25.740034 5.00
25.765394 4.68
25.776159 5.00
25.806519 5.00
25.822395 5.00
25.847644 5.00
25.858395 5.00
25.894036 5.00
25.904770 4.68
25.935410 5.00
25.946163 5.00
25.976646 5.00
25.987521 5.00
26.023050 5.00
26.039038 5.00
26.064414 5.00
26.075163 5.00
26.105646 5.00
26.116521 5.00
26.152040 5.00
26.168040 4.68
26.193414 5.00
26.205898 4.68
26.234522 5.00
26.250523 5.00
26.275647 5.00
26.286523 5.00
26.322052 5.00
26.338038 5.00
26.363413 5.00
26.375918 5.00
26.404649 5.00
26.415524 5.00
26.447429 5.00
26.458289 4.68
26.488649 5.00
26.499525 5.00
26.531431 5.00
26.542290 5.00
26.572651 5.00
26.583526 5.00
26.618931 5.00
26.631430 5.00
26.660415 4.68
26.676419 5.00
26.701651 5.00
26.712526 5.00
26.748044 5.00
26.763921 4.68
26.789419 5.00
26.805416 5.00
26.830402 5.00
26.846402 5.00
26.871402 5.00
26.883777 5.00
26.912527 5.00
26.928527 5.00
26.953653 4.68
26.964528 5.00
27.000058 4.68
27.015907 5.00
27.041419 5.00
27.057420 4.68
27.082404 5.00
27.098528 4.68
27.123404 5.00
27.135778 4.68
27.164529 5.00
27.180405 5.00
27.205654 5.00
27.216529 5.00
27.252059 5.00
27.268047 5.00
27.293421 5.00
27.309422 5.00
27.334530 5.00
27.350406 5.00
27.375656 5.00
27.386406 5.00
27.422049 5.00
27.438047 5.00
27.463422 5.00
27.479422 5.00
27.504531 5.00
27.520407 5.00
27.545657 5.00
27.556531 5.00
27.591908 4.68
27.607937 5.00
27.633298 5.00
27.644184 5.00
27.674533 5.00
27.690533 4.68
27.715658 5.00
27.726533 4.68
27.762060 5.00
27.777910 5.00
27.803408 5.00
27.819534 5.00
27.844534 4.68
27.860535 5.00
27.885660 5.00
27.896409 5.00
27.932052 5.00
27.948050 5.00
27.973425 5.00
27.989427 5.00
28.014536 5.00
28.030410 5.00
28.055661 5.00
28.066536 5.00
28.097065 5.00
28.113054 5.00
28.138426 5.00
28.154429 5.00
28.179661 4.68
28.190536 5.00
28.226065 5.00
28.242065 5.00
28.267430 5.00
28.283427 5.00
28.308537 5.00
28.324537 4.68
28.349663 5.00
28.360413 5.00
28.396066 5.00
28.412067 5.00
28.437429 5.00
28.453431 5.00
28.478539 4.68
28.494414 5.00
28.519538 4.68
28.530414 5.00
28.562415 5.00
28.573180 5.00
28.603539 4.68
28.619415 4.68
28.644664 5.00
28.655415 4.68
28.691057 5.00
28.707055 5.00
28.732432 5.00
28.748432 5.00
28.773541 4.68
28.789416 5.00
28.816418 4.68
28.827184 5.00
28.857541 5.00
28.868416 5.00
28.900418 5.00
28.911185 4.68
28.941542 5.00
28.952418 4.68
28.984418 5.00
28.995186 5.00
29.025543 5.00
29.036417 5.00
29.068419 5.00
29.079183 5.00
29.109543 4.68
29.120418 5.00
29.155794 5.00
29.166668 5.00
29.197195 5.00
29.207920 4.68
29.238544 5.00
29.249419 5.00
29.284795 5.00
29.295544 5.00
29.326312 5.00
29.342185 5.00
29.367436 4.68
29.383420 5.00
29.408545 4.68
29.419420 5.00
29.454796 5.00
29.465671 5.00
29.496200 5.00
29.506950 4.68
29.537546 5.00
29.548422 4.68
29.583796 5.00
29.594546 5.00
29.625200 5.00
29.636074 5.00
29.666547 4.68
29.677422 5.00
29.712797 5.00
29.723547 5.00
29.754202 5.00
29.764924 4.68
29.795423 5.00
29.806192 5.00
29.836548 5.00
29.847423 5.00
29.882798 5.00
29.893673 5.00
29.924204 4.68
29.934925 5.00
29.965550 4.68
29.976424 5.00
30.011799 5.00
30.022675 5.00
30.053203 5.00
30.064077 4.68
30.094425 5.00
30.105193 4.68
30.135550 5.00
30.146425 5.00
30.181801 5.00
30.192551 5.00
30.223205 4.68
30.233955 5.00
30.264552 4.68
30.275427 5.00
30.310802 5.00
30.321677 4.68
30.352206 5.00
30.363081 4.68
30.393552 5.00
30.404320 5.00
30.439802 5.00
30.464205 5.00
30.474928 4.68
30.505553 5.00
30.516321 5.00
30.551803 5.00
30.576205 5.00
30.587082 4.68
30.617554 5.00
30.628321 5.00
30.663804 5.00
30.688322 5.00
30.704197 5.00
30.729323 5.00
30.745197 5.00
30.770555 5.00
30.781323 5.00
30.816805 5.00
30.827680 5.00
30.858196 4.68
30.869085 5.00
30.899556 5.00
30.910324 5.00
30.945806 5.00
30.956681 4.68
30.987208 5.00
30.997932 5.00
31.028557 5.00
31.039324 5.00
31.074807 5.00
31.085557 5.00
31.116211 4.68
31.127087 5.00
31.157558 5.00
31.168326 5.00
31.203808 5.00
31.214683 4.68
31.245199 5.00
31.256088 4.68
31.286559 5.00
31.297327 4.68
31.332809 4.68
31.343684 5.00
31.374214 4.68
31.386809 4.68
31.415560 4.68
31.426328 5.00
31.461818 5.00
31.486087 4.68
31.496818 4.68
31.527560 4.68
31.538326 5.00
31.573818 5.00
31.598215 4.68
31.610686 5.00
31.639561 4.68
31.650328 5.00
31.685821 4.68
31.710216 4.68
31.722687 5.00
31.751562 4.68
31.762327 5.00
31.797820 5.00
31.822217 4.68
31.834820 5.00
31.863563 5.00
31.874328 5.00
31.909821 5.00
31.934217 4.68
31.946820 5.00
31.975563 5.00
31.986439 5.00
32.021824 5.00
32.046219 4.68
32.075822 5.00
32.091820 4.68
32.117218 4.68
32.133093 5.00
32.158565 4.68
32.169333 5.00
32.204824 4.68
32.220690 5.00
32.246333 5.00
32.262333 4.68
32.287441 4.68
32.298334 4.68
32.328441 5.00
32.339334 5.00
32.369441 5.00
32.380334 5.00
32.410442 5.00
32.421332 5.00
32.451442 4.68
32.462333 5.00
32.492567 4.68
32.503442 5.00
32.538820 5.00
32.554820 5.00
32.580336 5.00
32.596337 4.68
32.621443 5.00
32.632335 4.68
32.662444 5.00
32.673336 5.00
32.703569 5.00
32.714334 5.00
32.749822 5.00
32.774337 5.00
32.803823 5.00
32.819823 4.68
32.845099 5.00
32.855975 4.68
32.886445 5.00
32.897338 5.00
32.927445 5.00
32.938338 5.00
32.968571 5.00
32.979339 5.00
33.014825 4.68
33.030825 5.00
33.056336 5.00
33.072339 5.00
33.097447 5.00
33.108338 5.00
33.138447 5.00
33.149341 4.68
33.179447 5.00
33.190338 5.00
33.220572 5.00
33.231338 5.00
33.266827 5.00
33.282826 5.00
33.308340 4.68
33.324340 5.00
33.349449 4.68
33.360341 5.00
33.390449 5.00
33.401342 5.00
33.431574 5.00
33.442340 5.00
33.477829 5.00
33.502342 5.00
33.531827 5.00
33.547828 5.00
33.572977 5.00
33.583700 5.00
33.614451 5.00
33.625344 5.00
33.655576 5.00
33.666340 5.00
33.701831 5.00
33.712827 4.68
33.743342 5.00
33.759345 5.00
33.784452 5.00
33.795343 5.00
33.827231 5.00
33.837980 5.00
33.868577 4.68
33.879345 5.00
33.914830 5.00
33.930828 5.00
33.956345 5.00
33.972345 4.68
33.999205 5.00
34.010107 4.68
34.040453 5.00
34.051346 5.00
34.083205 5.00
34.094106 5.00
34.124454 4.68
34.135344 5.00
34.167206 4.68
34.178108 5.00
34.208455 5.00
34.219348 5.00
34.251206 5.00
34.261983 4.68
34.292455 5.00
34.303348 4.68
34.335237 5.00
34.345985 5.00
34.378237 5.00
34.389111 5.00
34.421237 4.68
34.431983 5.00
34.464236 4.68
34.475108 5.00
34.510839 5.00
34.526837 5.00
34.552350 5.00
34.563099 4.68
34.595209 5.00
34.605986 5.00
34.636350 5.00
34.647099 5.00
34.682707 5.00
34.695209 5.00
34.724113 5.00
34.740350 5.00
34.765351 5.00
34.776101 5.00
34.811836 5.00
34.822709 4.68
34.853351 5.00
34.864101 4.68
34.899836 5.00
34.910710 5.00
34.941353 4.68
34.952103 5.00
34.987837 4.68
34.998711 5.00
35.029353 5.00
35.040100 5.00
35.072087 5.00
35.082837 4.68
35.113353 5.00
35.124103 4.68
35.156088 5.00
35.166838 5.00
35.197462 5.00
35.208355 5.00
35.243587 4.68
35.254462 5.00
35.284712 5.00
35.300713 5.00
35.325991 5.00
35.336871 5.00
35.367463 5.00
35.378354 4.68
35.408713 5.00
35.424713 4.68
35.450115 5.00
35.466356 5.00
35.491464 4.68
35.502355 5.00
35.537590 5.00
35.548339 5.00
35.578715 4.68
35.594714 5.00
35.619993 5.00
35.630841 5.00
35.661465 5.00
35.672358 5.00
35.707590 5.00
35.718340 5.00
35.748842 5.00
35.759716 5.00
35.790356 5.00
35.801109 5.00
35.831466 4.68
35.842342 5.00
35.877717 4.68
35.893843 5.00
35.918994 5.00
35.929717 5.00
35.960358 5.00
35.971109 5.00
36.006593 5.00
36.017468 5.00
36.047718 5.00
36.063593 5.00
36.088997 5.00
36.099718 5.00
36.130361 5.00
36.141111 5.00
36.176845 4.68
36.187719 5.00
36.218361 5.00
36.229110 5.00
36.264594 5.00
36.275470 5.00
36.305720 5.00
36.321595 5.00
36.346998 5.00
36.357847 5.00
36.388471 5.00
36.399363 5.00
36.434721 4.68
36.450596 5.00
36.476000 5.00
36.486847 5.00
36.519097 5.00
36.529999 4.68
36.560471 5.00
36.571365 4.68
36.606597 5.00
36.617347 5.00
36.647722 5.00
36.663597 5.00
36.689001 4.68
36.701473 5.00
36.730369 4.68
36.741113 5.00
36.776598 5.00
36.789099 5.00
36.817723 5.00
36.833599 4.68
36.859002 5.00
36.871474 5.00
36.902100 5.00
36.913003 5.00
36.945100 5.00
36.955850 5.00
36.986364 4.68
36.997118 5.00
37.029100 4.68
37.039851 5.00
37.072101 4.68
37.082851 5.00
37.115101 5.00
37.126004 4.68
37.158102 5.00
37.168852 4.68
37.199368 5.00
37.210116 5.00
37.245602 5.00
37.258102 5.00
37.286727 4.68
37.302727 5.00
37.328007 5.00
37.340602 5.00
37.369369 5.00
37.380120 5.00
37.415728 5.00
37.431728 4.68
37.457006 5.00
37.469478 5.00
37.500104 5.00
37.510882 5.00
37.543122 5.00
37.554006 5.00
37.589729 4.68
37.605729 4.68
37.631006 5.00
37.646856 5.00
37.672372 5.00
37.683120 4.68
37.718730 5.00
37.734605 5.00
37.760009 5.00
37.772480 5.00
37.806730 5.00
37.822730 5.00
37.848135 5.00
37.864135 5.00
37.894731 4.68
37.910731 4.68
37.936986 5.00
37.947858 4.68
37.978374 5.00
37.989125 5.00
38.024607 5.00
38.040732 5.00
38.065732 4.68
38.081733 5.00
38.107137 4.68
38.123135 5.00
38.153608 5.00
38.169733 5.00
38.194860 5.00
38.205733 4.68
38.236379 5.00
38.247124 4.68
38.277484 5.00
38.288359 5.00
38.318484 5.00
38.329250 5.00
38.359485 5.00
38.370360 5.00
38.400485 4.68
38.411251 5.00
38.441485 4.68
38.452360 5.00
38.482485 5.00
38.493361 5.00
38.523485 4.68
38.534360 5.00
38.564486 5.00
38.575361 4.68
38.605486 5.00
38.616361 4.68
38.646487 5.00
38.657362 5.00
38.687487 5.00
38.698362 5.00
38.728488 5.00
38.739362 5.00
38.769487 4.68
38.780363 5.00
38.810487 4.68
38.821363 5.00
38.851488 5.00
38.862363 5.00
38.892489 5.00
38.903363 5.00
38.933489 5.00
38.944364 5.00
38.974489 5.00
38.985364 4.68
39.015489 5.00
39.026364 4.68
39.056490 5.00
39.067365 5.00
39.097490 5.00
39.108365 5.00
39.138490 5.00
39.149365 5.00
39.179490 4.68
39.190366 5.00
39.220491 4.68
39.231366 5.00
39.261491 4.68
39.272366 4.68
39.302491 5.00
39.313367 5.00
39.343491 5.00
39.354367 4.68
39.384492 5.00
39.395367 4.68
39.425492 5.00
39.436367 5.00
39.466493 5.00
39.477259 5.00
39.507493 5.00
39.518382 5.00
39.548493 5.00
39.559368 5.00
39.589493 4.68
39.602024 4.68
39.630493 4.68
39.641369 5.00
39.671494 5.00
39.682368 5.00
39.712619 5.00
39.728619 5.00
39.753870 5.00
39.764745 4.68
39.795387 5.00
39.806138 4.68
39.836495 5.00
39.847370 5.00
39.877495 5.00
39.888371 5.00
39.918495 5.00
39.929370 5.00
39.959496 4.68
39.970371 5.00
40.000496 4.68
40.011371 5.00
40.041497 4.68
40.052372 5.00
40.082497 4.68
40.093372 5.00
40.123622 5.00
40.139622 4.68
40.167873 5.00
40.178748 4.68
40.209152 5.00
40.219998 5.00
40.255623 5.00
40.271623 5.00
40.296749 4.68
40.307498 5.00
40.338266 4.68
40.348999 5.00
40.384624 4.68
40.400624 4.68
40.425904 5.00
40.438500 4.68
40.469017 5.00
40.479893 5.00
40.515625 5.00
40.531625 5.00
40.560001 4.68
40.576001 5.00
40.601265 5.00
40.612001 5.00
40.647751 5.00
40.658501 4.68
40.689155 5.00
40.700001 4.68
40.735626 5.00
40.751502 5.00
40.776896 4.68
40.789393 5.00
40.818267 4.68
40.829002 5.00
40.864628 4.68
40.875377 5.00
40.905894 5.00
40.918394 4.68
40.947272 5.00
40.958020 4.68
40.993753 5.00
41.004628 5.00
41.035155 5.00
41.045880 5.00
41.076504 4.68
41.088880 5.00
41.117629 4.68
41.128379 5.00
41.158881 5.00
41.175026 5.00
41.205631 5.00
41.216379 4.68
41.246882 5.00
41.259398 4.68
41.288160 4.68
41.298882 4.68
41.329381 5.00
41.340274 4.68
41.370381 5.00
41.381274 5.00
41.411398 4.68
41.422272 5.00
41.452507 4.68
41.468507 5.00
41.493632 4.68
41.504507 5.00
41.534914 4.68
41.551035 5.00
41.581633 4.68
41.592382 4.68
41.622758 4.68
41.633508 4.68
41.664161 5.00
41.675024 5.00
41.705509 5.00
41.721384 5.00
41.746634 4.68
41.757509 4.68
41.787885 4.68
41.804028 5.00
41.834634 5.00
41.845384 4.68
41.876027 4.68
41.886760 4.68
41.922635 5.00
41.933385 5.00
41.963887 5.00
41.980040 5.00
42.005165 4.68
42.016041 5.00
42.046511 4.68
42.062636 5.00
42.087636 4.68
42.098386 5.00
42.128761 5.00
42.139636 5.00
42.170166 4.68
42.181029 4.68
42.211387 4.68
42.222153 4.68
42.252512 5.00
42.268638 4.68
42.293638 5.00
42.304513 5.00
42.334918 5.00
42.350907 5.00
42.381638 4.68
42.392388 4.68
42.423042 4.68
42.433908 4.68
42.464514 5.00
42.480639 5.00
42.505639 5.00
42.516390 4.68
42.546765 4.68
42.557515 4.68
42.588170 5.00
42.599045 4.68
42.629515 5.00
42.645640 5.00
42.670641 5.00
42.681391 5.00
42.711892 4.68
42.728043 4.68
42.758641 4.68
42.769391 5.00
42.799893 5.00
42.816046 4.68
42.841043 5.00
42.851767 4.68
42.887642 5.00
42.898392 4.68
42.928893 4.68
42.944893 4.68
42.975643 4.68
42.986392 4.68
43.016922 4.68
43.033045 4.68
43.059897 5.00
43.070768 4.68
43.101173 5.00
43.112047 4.68
43.142519 5.00
43.158519 4.68
43.183644 5.00
43.194519 4.68
43.224895 5.00
43.241048 4.68
43.267899 5.00
43.278770 5.00
43.310899 4.68
43.321770 4.68
43.357645 4.68
43.368396 4.68
43.398896 4.68
43.415047 4.68
43.441900 5.00
43.452771 4.68
43.484775 5.00
43.495522 5.00
43.527776 5.00
43.538522 5.00
43.569049 4.68
43.579772 5.00
43.615647 4.68
43.626398 5.00
43.656925 5.00
43.673052 4.68
43.703648 5.00
43.714398 5.00
43.744928 5.00
43.761052 5.00
43.787793 5.00
43.798523 5.00
43.829053 4.68
43.839900 5.00
43.870524 4.68
43.886649 4.68
43.911649 4.68
43.922524 5.00
43.952901 4.68
43.963775 4.68
43.999417 5.00
44.011780 4.68
44.040650 4.68
44.051525 4.68
44.081902 5.00
44.092776 4.68
44.128418 4.68
44.140780 5.00
44.169651 4.68
44.180526 5.00
44.210903 4.68
44.221776 4.68
44.257652 5.00
44.268402 4.68
44.298903 4.68
44.309777 4.68
44.340057 5.00
44.350922 4.68
44.381420 5.00
44.397419 5.00
44.422653 4.68
44.433528 5.00
44.463904 4.68
44.474778 5.00
44.505055 5.00
44.515779 4.68
44.546529 5.00
44.557419 4.68
44.587654 5.00
44.598529 4.68
44.628924 5.00
44.639779 4.68
44.670422 5.00
44.686421 4.68
44.711655 5.00
44.722530 5.00
44.752907 5.00
44.763780 4.68
44.799422 4.68
44.815421 5.00
44.840656 4.68
44.851407 4.68
44.881908 4.68
44.892781 4.68
44.928423 4.68
44.944424 4.68
44.969657 5.00
44.980532 4.68
45.010782 5.00
45.026782 4.68
45.057424 4.68
45.073426 5.00
45.098658 4.68
45.109408 4.68
45.139910 4.68
45.150783 4.68
45.186426 5.00
45.202426 4.68
45.227659 4.68
45.238409 4.68
45.268911 4.68
45.279784 4.68
45.310064 5.00
45.320928 4.68
45.351427 4.68
45.367427 4.68
45.392660 4.68
45.403410 4.68
45.433785 4.68
45.449785 5.00
45.480428 4.68
45.496428 4.68
45.521661 4.68
45.532411 4.68
45.562913 5.00
45.573786 5.00
45.609426 4.68
45.625429 5.00
45.650662 4.68
45.661537 5.00
45.691914 4.68
45.702787 4.68
45.738430 4.68
45.754429 4.68
45.779663 5.00
45.790538 4.68
45.820913 5.00
45.831788 4.68
45.867431 5.00
45.883431 5.00
45.908664 4.68
45.919414 4.68
45.949915 4.68
45.960789 4.68
45.991432 4.68
46.007431 5.00
46.032665 4.68
46.043540 5.00
46.073915 5.00
46.084790 4.68
46.120433 5.00
46.136433 4.68
46.161665 5.00
46.172540 5.00
46.202917 4.68
46.213791 4.68
46.249434 4.68
46.265432 5.00
46.290666 4.68
46.303059 5.00
46.334934 4.68
46.345791 4.68
46.376435 5.00
46.392435 4.68
46.417667 4.68
46.430071 4.68
46.458918 4.68
46.469793 4.68
46.505434 4.68
46.521543 4.68
46.546668 4.68
46.559061 4.68
46.587948 4.68
46.598793 4.68
46.629435 5.00
46.645544 4.68
46.670669 5.00
46.683061 4.68
46.711794 5.00
46.727795 4.68
46.758435 4.68
46.769188 5.00
46.799420 4.68
46.810187 5.00
46.840546 4.68
46.851420 5.00
46.881671 4.68
46.894061 5.00
46.922922 5.00
46.933796 5.00
46.964439 5.00
46.975188 4.68
47.005671 5.00
47.021547 4.68
47.046922 5.00
47.057797 4.68
47.093190 5.00
47.103923 5.00
47.134548 4.68
47.145423 5.00
47.175673 4.68
47.191673 5.00
47.216924 5.00
47.227798 5.00
47.258440 4.68
47.269191 5.00
47.299674 5.00
47.315549 4.68
47.340925 5.00
47.351799 4.68
47.382202 5.00
47.398317 4.68
47.423549 5.00
47.434425 4.68
47.464675 4.68
47.480675 5.00
47.505926 4.68
47.516800 5.00
47.547204 4.68
47.563317 5.00
47.588551 4.68
47.599426 5.00
47.629676 4.68
47.645676 4.68
47.670801 4.68
47.681551 4.68
47.717444 5.00
47.728192 4.68
47.758427 5.00
47.769194 4.68
47.799553 5.00
47.810317 4.68
47.840678 4.68
47.856678 5.00
47.881928 4.68
47.892678 5.00
47.928320 4.68
47.944320 5.00
47.969554 4.68
47.980321 4.68
48.010679 4.68
48.026679 4.68
48.051929 4.68
48.062679 4.68
48.093322 5.00
48.109322 4.68
48.134554 5.00
48.145322 4.68
48.175679 4.68
48.191680 5.00
48.216805 4.68
48.227681 4.68
48.263448 4.68
48.274197 4.68
48.304431 4.68
48.315196 4.68
48.345556 5.00
48.356321 4.68
48.386681 4.68
48.402681 4.68
48.427932 5.00
48.438682 4.68
48.469324 5.00
48.485324 5.00
48.510462 4.68
48.521200 4.68
48.551683 4.68
48.567683 5.00
48.601329 4.68
48.617324 4.68
48.642558 5.00
48.653327 4.68
48.683683 4.68
48.699684 4.68
48.724934 4.68
48.735684 4.68
48.766201 5.00
48.776934 4.68
48.807560 4.68
48.818326 5.00
48.848685 4.68
48.864685 4.68
48.891686 4.68
48.902560 5.00
48.934686 4.68
48.945560 4.68
48.977686 5.00
48.988436 4.68
49.024327 5.00
49.040330 4.68
49.065686 4.68
49.081686 5.00
49.108687 4.68
49.119562 5.00
49.155329 4.68
49.171330 4.68
49.196562 5.00
49.208937 4.68
49.237687 4.68
49.253688 4.68
49.287330 5.00
49.303330 4.68
49.328563 4.68
49.340967 4.68
49.369689 4.68
49.385689 5.00
49.416093 4.68
49.428582 4.68
49.457439 5.00
49.468207 4.68
49.498565 5.00
49.510968 4.68
49.539690 4.68
49.555565 4.68
49.586330 5.00
49.597093 4.68
49.627566 4.68
49.643566 4.68
49.668691 4.68
49.679441 4.68
49.715334 4.68
49.726095 4.68
49.756566 5.00
49.768971 4.68
49.797691 4.68
49.808567 4.68
49.844208 5.00
49.860096 4.68
49.885567 4.68
49.897970 4.68
49.926692 4.68
49.942692 4.68
49.973098 4.68
49.989095 5.00
50.014444 5.00
50.025333 4.68
50.055569 5.00
50.071444 4.68
50.096694 5.00
50.107569 5.00
50.143337 5.00
50.154098 5.00
50.184444 4.68
50.195337 4.68
50.225444 4.68
50.236337 5.00
50.266570 4.68
50.282570 5.00
50.307695 4.68
50.318570 4.68
50.354339 5.00
50.365100 4.68
50.395571 4.68
50.411446 4.68
50.436696 5.00
50.447447 5.00
50.483339 4.68
50.494101 5.00
50.524447 4.68
50.535340 5.00
50.565572 5.00
50.581573 4.68
50.606697 5.00
50.617573 4.68
50.653341 5.00
50.664103 4.68
50.694573 4.68
50.710448 4.68
50.735698 5.00
50.746573 5.00
50.782214 4.68
50.798103 5.00
50.823574 4.68
50.839574 4.68
50.864699 4.68
50.875574 5.00
50.911340 5.00
50.922104 4.68
50.952450 5.00
50.963341 4.68
50.993450 5.00
51.004343 4.68
51.034575 5.00
51.050451 5.00
51.075701 4.68
51.086451 5.00
51.122103 4.68
51.132827 5.00
51.163451 4.68
51.174341 4.68
51.204577 5.00
51.220452 4.68
51.245702 4.68
51.256577 4.68
51.292105 4.68
51.302830 4.68
51.333453 4.68
51.344345 5.00
51.374578 4.68
51.390578 4.68
51.415703 4.68
51.426579 5.00
51.462108 5.00
51.478108 4.68
51.503453 5.00
51.514347 4.68
51.544454 5.00
51.555346 4.68
51.585579 5.00
51.601455 5.00
51.626705 5.00
51.637455 4.68
51.669589 4.68
51.680455 5.00
51.710705 4.68
51.721580 5.00
51.752107 4.68
51.768107 5.00
51.793456 5.00
51.804347 5.00
51.834581 5.00
51.850456 4.68
51.875706 5.00
51.886582 4.68
51.922111 5.00
51.938111 4.68
51.963332 5.00
51.974097 5.00
52.004332 4.68
52.015101 5.00
52.045350 4.68
52.056112 4.68
52.086458 4.68
52.098834 5.00
52.127458 4.68
52.139835 5.00
52.168584 5.00
52.184584 4.68
52.209709 4.68
52.220584 4.68
52.256113 5.00
52.272111 5.00
52.297352 5.00
52.308101 5.00
52.338585 4.68
52.354460 5.00
52.379710 4.68
52.390460 4.68
52.421237 4.68
52.431987 5.00
52.462586 4.68
52.478586 4.68
52.503711 5.00
52.514586 4.68
52.550116 5.00
52.565991 4.68
52.591353 4.68
52.602105 4.68
52.632587 4.68
52.648587 4.68
52.673713 4.68
52.684462 5.00
52.720102 4.68
52.735991 5.00
52.761463 4.68
52.777463 4.68
52.802463 5.00
52.818338 4.68
52.843464 5.00
52.859464 4.68
52.884464 5.00
52.900464 5.00
52.925463 5.00
52.941339 5.00
52.966464 5.00
52.982465 5.00
53.007464 4.68
53.023340 5.00
53.048465 4.68
53.064465 5.00
53.089465 5.00
53.105465 5.00
53.130466 5.00
53.146466 5.00
53.171466 5.00
53.187466 4.68
53.212466 5.00
53.228466 4.68
53.253466 5.00
53.269342 5.00
53.294466 5.00
53.310467 5.00
53.335467 5.00
53.351342 5.00
53.376467 4.68
53.392468 5.00
53.417468 4.68
53.433468 5.00
53.458468 4.68
53.474468 5.00
53.499468 4.68
53.515468 5.00
53.540468 5.00
53.556468 5.00
53.581469 5.00
53.597469 4.68
53.622469 5.00
53.638469 4.68
53.663469 5.00
53.679470 4.68
53.704470 4.68
53.720470 4.68
53.745470 5.00
53.761345 5.00
53.786470 4.68
53.802345 5.00
53.827470 4.68
53.843346 5.00
53.868471 4.68
53.884471 5.00
53.909471 5.00
53.925471 5.00
53.950472 5.00
53.966472 4.68
53.991471 5.00
54.007347 4.68
54.032597 5.00
54.048472 4.68
54.075474 4.68
54.086364 5.00
54.116472 5.00
54.132473 4.68
54.157473 4.68
54.173473 5.00
54.198473 4.68
54.214349 5.00
54.239473 4.68
54.255349 5.00
54.280474 4.68
54.296349 5.00
54.321474 5.00
54.337474 5.00
54.362474 5.00
54.378474 4.68
54.403474 5.00
54.419365 4.68
54.444475 5.00
54.460475 5.00
54.485475 5.00
54.501475 5.00
54.526476 5.00
54.542351 5.00
54.567476 4.68
54.583476 5.00
54.608476 4.68
54.624477 5.00
54.649476 4.68
54.665477 5.00
54.690476 5.00
54.706351 5.00
54.731477 4.68
54.747352 4.68
54.772477 5.00
54.788353 4.68
54.813478 5.00
54.829478 4.68
54.854478 5.00
54.870353 5.00
54.895478 5.00
54.911354 5.00
54.936478 5.00
54.947353 5.00
54.977478 4.68
54.988354 5.00
55.018479 4.68
55.029354 5.00
55.059479 5.00
55.070355 5.00
55.100480 5.00
55.111355 5.00
55.141480 5.00
55.152355 4.68
55.182480 5.00
55.193355 4.68
55.223480 5.00
55.234355 4.68
55.264481 5.00
55.275356 5.00
55.305481 5.00
55.316356 5.00
55.346481 5.00
55.357357 5.00
55.387607 4.68
55.398357 5.00
55.434000 4.68
55.450014 5.00
55.475372 4.68
55.491482 4.68
55.516483 5.00
55.532358 4.68
55.557608 5.00
55.568358 5.00
55.603983 5.00
55.619859 5.00
55.645375 4.68
55.661374 5.00
55.686484 4.68
55.702484 5.00
55.727484 4.68
55.738359 4.68
55.768485 5.00
55.779360 5.00
55.809485 5.00
55.820360 4.68
55.850485 5.00
55.861360 4.68
55.891485 5.00
55.902360 4.68
55.932485 5.00
55.943361 5.00
55.973486 5.00
55.984361 5.00
56.014486 5.00
56.025254 5.00
56.055487 4.68
56.066362 5.00
56.096487 4.68
56.107362 5.00
56.137487 5.00
56.148362 5.00
56.178487 5.00
56.189362 5.00
56.219487 5.00
56.230363 4.68
56.260488 5.00
56.271363 4.68
56.301488 5.00
56.312364 4.68
56.342489 5.00
56.353364 5.00
56.383489 5.00
56.394364 5.00
56.424614 4.68
56.435365 5.00
56.470989 4.68
56.486869 5.00
56.512383 5.00
56.528383 5.00
56.553365 5.00
56.569491 4.68
56.594366 5.00
56.610365 4.68
56.635366 5.00
56.651366 5.00
56.676366 5.00
56.692366 5.00
56.717367 5.00
56.733366 5.00
56.758367 5.00
56.774367 5.00
56.799367 4.68
56.815384 5.00
56.840367 5.00
56.856493 5.00
56.881367 4.68
56.897368 5.00
56.922368 5.00
56.938368 5.00
56.963368 5.00
56.979368 4.68
57.004369 5.00
57.020369 4.68
57.045369 5.00
57.061369 4.68
57.086370 5.00
57.102387 4.68
57.127369 5.00
57.143494 5.00
57.168369 4.68
57.184370 5.00
57.209370 4.68
57.225370 5.00
57.250370 4.68
57.266371 5.00
57.291371 5.00
57.307371 5.00
57.332371 5.00
57.348371 4.68
57.373371 4.68
57.389388 4.68
57.414371 5.00
57.430496 4.68
57.455372 5.00
57.471372 5.00
57.496372 5.00
57.512390 5.00
57.537372 5.00
57.553373 5.00
57.578373 4.68
57.594373 5.00
57.619373 4.68
57.635373 5.00
57.660373 4.68
57.676373 5.00
57.701373 4.68
57.717499 5.00
57.742374 5.00
57.758374 4.68
57.783374 5.00
57.799374 4.68
57.824375 5.00
57.840374 4.68
57.865500 5.00
57.876375 5.00
57.911750 5.00
57.922500 5.00
57.953155 4.68
57.964000 5.00
57.994500 4.68
58.005375 5.00
58.040751 5.00
58.051501 4.68
58.082156 5.00
58.093001 4.68
58.123391 5.00
58.139377 4.68
58.164502 5.00
58.175377 5.00
58.210751 5.00
58.221502 5.00
58.252157 4.68
58.263002 4.68
58.293503 4.68
58.304378 5.00
58.339753 5.00
58.350503 4.68
58.381394 5.00
58.397393 4.68
58.422379 5.00
58.433144 5.00
58.463504 5.00
58.474379 5.00
58.509754 5.00
58.525880 5.00
58.551157 4.68
58.561880 4.68
58.592505 5.00
58.603380 5.00
58.638755 5.00
58.649505 4.68
58.680158 5.00
58.691023 4.68
58.721505 5.00
58.732381 5.00
58.767756 5.00
58.778506 5.00
58.809158 4.68
58.819882 5.00
58.850382 4.68
58.861149 5.00
58.891382 5.00
58.902149 5.00
58.932382 5.00
58.943151 4.68
58.973507 5.00
58.984383 4.68
59.019758 5.00
59.030508 5.00
59.061163 5.00
59.071883 5.00
59.102509 4.68
59.113383 5.00
59.148759 4.68
59.159509 4.68
59.190161 5.00
59.200885 5.00
59.231509 5.00
59.242384 4.68
59.277760 5.00
59.288509 5.00
59.319165 5.00
59.330028 5.00
59.360385 5.00
59.371154 5.00
59.401510 4.68
59.412386 5.00
59.447761 4.68
59.458511 5.00
59.489162 5.00
59.499887 4.68
59.530512 5.00
59.541401 4.68
59.576762 5.00
59.587512 5.00
59.618165 5.00
59.629030 5.00
59.659512 4.68
59.670387 5.00
59.705762 4.68
59.721763 5.00
59.747167 5.00
59.759763 5.00
59.788513 5.00
59.799388 4.68
59.834763 5.00
59.845514 5.00
59.876167 5.00
59.888764 5.00
59.917515 5.00
59.928407 5.00
59.963764 4.68
59.976266 5.00
60.005169 5.00
60.017640 5.00
60.046515 5.00
60.057406 4.68
60.092765 5.00
60.105267 5.00
60.134170 5.00
60.146641 5.00
60.175516 5.00
60.186391 5.00
60.221766 4.68
60.234268 5.00
60.263285 5.00
60.279517 5.00
60.304409 5.00
60.315158 5.00
60.345517 5.00
60.356392 4.68
60.391767 5.00
60.404296 5.00
60.433169 5.00
60.449034 5.00
60.474393 5.00
60.485161 5.00
60.515518 4.68
60.526410 5.00
60.561769 4.68
60.578218 5.00
60.603427 4.34
60.614404 4.34
60.645068 4.34
60.655902 4.34
60.691900 4.34
60.702774 4.34
60.733414 4.34
60.744163 4.34
60.774772 4.34
60.790771 4.34
60.816177 4.34
60.832036 4.34
60.862646 4.34
60.873521 4.34
60.904172 4.34
60.920403 4.34
60.950903 4.34
60.961902 4.34
60.992524 4.34
61.003422 4.34
61.033774 4.34
61.049773 4.34
61.075177 4.34
61.091039 4.34
61.116523 4.34
61.127398 4.34
61.162773 4.34
61.178648 4.34
61.204175 4.34
61.220178 4.34
61.245398 4.34
61.256167 4.34
61.286399 4.34
61.297164 4.34
61.327524 4.34
61.338399 4.34
61.373775 4.34
61.389650 4.34
61.415292 4.34
61.431165 4.34
61.456416 4.34
61.467168 4.34
61.502776 4.34
61.519052 4.34
