0.000000 0.000000
0.042009 4.34
0.053105 4.34
0.083650 4.34
0.094636 3.01
0.130764 2.66
0.147122 2.34
0.177642 2.34
0.188626 2.34
0.224515 2.34
0.235511 2.66
0.265975 2.66
0.276976 2.34
0.307379 2.34
0.323378 2.34
0.348865 2.34
0.364862 2.34
0.389972 2.34
0.400847 2.34
0.430971 2.66
0.441846 2.34
0.471972 2.34
0.482847 2.66
0.512972 2.34
0.523847 2.34
0.553972 2.34
0.564848 2.66
0.594973 2.66
0.605848 2.34
0.635973 2.34
0.646849 2.34
0.676975 2.34
0.687862 2.34
0.717973 2.34
0.728848 2.34
0.759122 2.34
0.770113 2.34
0.800750 2.34
0.816985 2.34
0.847560 2.66
0.858646 2.34
0.889127 2.34
0.900113 2.34
0.930757 2.34
0.947117 2.34
0.972647 2.66
0.983648 4.02
1.019524 4.02
1.030520 4.02
1.060982 4.02
1.071981 4.02
1.102605 4.02
1.113387 4.02
1.143979 4.02
1.154868 4.34
1.185103 4.02
1.195854 4.34
1.226379 4.02
1.242380 4.34
1.267744 4.02
1.283742 4.34
1.308870 4.02
1.319743 4.02
1.355103 4.34
1.365853 4.02
1.401379 4.34
1.417383 4.02
1.442995 4.02
1.455802 4.34
1.484674 4.34
1.497243 4.34
1.531675 4.34
1.544256 4.34
1.578558 4.34
1.589635 4.34
1.620112 4.34
1.631111 4.34
1.661986 4.34
1.672878 4.34
1.703631 4.34
1.714484 4.34
1.744983 4.34
1.755858 4.34
1.791232 4.68
1.807232 4.68
1.835482 4.68
1.846232 5.00
1.876873 5.00
1.892873 5.00
1.917857 5.00
1.928748 5.35
1.958858 5.00
1.969748 5.00
1.999873 5.00
2.010748 5.35
2.046233 5.00
2.062233 5.00
2.087751 5.00
2.103748 5.00
2.128858 5.00
2.139749 5.35
2.170437 5.35
2.181429 5.00
2.211994 5.00
2.222865 5.00
2.253644 5.00
2.266238 5.00
2.294988 5.00
2.305863 5.35
2.336395 5.00
2.352394 5.35
2.377878 5.00
2.393878 5.35
2.418986 5.35
2.429861 5.35
2.460433 5.35
2.471430 5.35
2.501995 5.35
2.512994 5.35
2.543510 5.00
2.554407 5.00
2.584882 5.35
2.595756 5.00
2.626239 5.35
2.638741 5.00
2.667755 5.35
2.683880 5.35
2.708988 5.35
2.719864 5.35
2.755520 5.35
2.766556 5.35
2.802393 5.35
2.813391 5.35
2.843994 5.35
2.854888 5.00
2.885512 5.35
2.896401 5.00
2.926992 5.35
2.937867 5.35
2.968398 5.35
2.979241 5.35
3.009882 5.35
3.020759 5.35
3.051372 5.35
3.062246 5.35
3.092887 5.35
3.103636 5.35
3.134243 5.35
3.146619 5.35
3.175649 5.35
3.191884 5.35
3.216992 5.35
3.227883 5.35
3.263242 5.35
3.279117 5.35
3.304647 5.35
3.320644 5.35
3.345885 5.35
3.356633 5.35
3.392243 5.35
3.408118 5.35
3.433647 5.35
3.449760 5.35
3.474994 5.35
3.485884 5.35
3.521244 5.35
3.537244 5.35
3.562647 5.35
3.578650 5.35
3.603995 5.35
3.614876 5.00
3.645517 5.35
3.656375 5.35
3.686889 5.35
3.697638 5.35
3.728247 5.35
3.744247 5.35
3.769649 5.00
3.785649 5.35
3.810997 5.35
3.821889 5.35
3.857247 5.35
3.873246 5.00
3.898649 5.00
3.914780 5.35
3.945540 5.35
3.956377 5.35
3.987001 5.35
3.997875 5.35
4.028250 5.35
4.044249 5.35
4.069656 5.35
4.085653 5.35
4.110874 5.35
4.121641 5.00
4.151873 5.35
4.162639 5.35
4.192999 5.35
4.203874 5.35
4.239249 5.35
4.255657 5.35
4.280652 5.35
4.296769 5.35
4.327571 5.35
4.343655 5.00
4.368876 5.00
4.379644 5.00
4.410575 5.35
4.423136 5.35
4.457424 5.35
4.468425 5.69
4.500631 5.35
4.511523 5.35
4.542005 5.35
4.552897 5.35
4.583411 5.35
4.594253 5.35
4.624894 5.35
4.635645 5.35
4.666423 4.34
4.677432 4.34
4.713256 4.34
4.724255 4.34
4.754771 4.34
4.770897 4.34
4.796254 4.34
4.812254 4.34
4.837655 4.34
4.853657 4.02
4.880630 4.34
4.891532 4.34
4.927254 4.34
4.943129 4.34
4.968656 4.34
4.984522 4.34
5.010005 4.34
5.020880 4.34
5.056254 4.34
5.072130 4.34
5.097660 4.34
5.113817 4.34
5.139263 4.02
5.155387 4.34
5.180905 4.34
5.191904 4.34
5.222259 4.34
5.238258 4.34
5.263661 4.02
5.279525 4.34
5.306633 4.34
5.317383 4.34
5.349633 4.02
5.360536 4.34
5.390649 4.34
5.406523 4.34
5.431899 4.34
5.442773 4.34
5.473133 4.34
5.485652 4.34
5.514384 4.34
5.525258 4.34
5.557650 4.34
