0.000000 0.000000
0.042003 4.34
0.052977 4.34
0.083481 4.34
0.094652 2.66
0.125216 2.66
0.141482 2.66
0.166997 2.66
0.178110 2.66
0.210228 2.66
0.221084 2.66
0.251460 2.66
0.262205 2.66
0.292457 2.66
0.303204 2.66
0.333455 2.66
0.344203 2.66
0.374453 2.66
0.385202 2.66
0.415458 2.66
0.426327 2.66
0.456728 2.66
0.467457 2.66
0.498093 2.66
0.508968 2.66
0.539204 2.66
0.555204 2.66
0.580329 2.66
0.591329 2.66
0.626845 2.66
0.642845 2.66
0.668205 2.66
0.684205 2.66
0.709204 2.66
0.725204 2.66
0.752276 2.66
0.763220 2.66
0.793856 2.66
0.804882 2.66
0.835537 2.66
0.848281 2.66
0.877220 2.34
0.893490 2.66
0.918855 2.66
0.930005 2.66
0.960491 2.66
0.971492 4.34
1.002110 4.34
1.018340 4.34
1.048980 4.34
1.059977 4.34
1.092246 4.34
1.103087 4.34
1.139085 4.34
1.151613 4.34
1.180210 4.34
1.196209 4.02
1.223234 4.34
1.234083 4.34
1.269732 4.34
1.282233 4.34
1.311084 4.34
1.321974 4.34
1.352209 4.34
1.368209 4.34
1.395234 4.34
1.406084 4.34
1.436870 4.34
1.447877 4.34
1.483850 4.34
1.494876 4.34
1.525496 4.34
1.536515 4.34
1.567095 4.34
1.579640 4.34
1.613984 4.34
1.624984 4.34
1.657155 4.34
1.668097 4.34
1.703969 4.34
1.714968 4.34
1.750735 4.34
1.766858 4.34
1.792090 4.34
1.804488 4.34
1.838620 4.34
1.851099 4.34
1.880088 4.34
1.892485 4.34
1.921213 4.34
1.937089 4.34
1.967619 4.34
1.980098 4.34
2.009089 4.34
2.021481 4.34
2.050089 4.34
2.062465 4.34
2.091090 4.34
2.106965 4.34
2.132215 4.34
2.142965 4.34
2.178620 4.34
2.189341 4.34
2.219983 4.34
2.230731 4.34
2.261091 4.34
2.276967 4.34
2.302091 4.34
2.314467 4.34
2.343092 4.34
2.358966 4.34
2.384092 4.34
2.400092 4.34
2.425092 4.34
2.440967 4.34
2.466092 4.34
2.482092 4.34
2.507093 4.34
2.522989 4.34
2.548093 4.34
2.563968 4.34
2.589093 4.34
2.605094 4.34
2.630093 4.34
2.646094 4.34
2.671094 4.34
2.686969 4.34
2.712094 4.34
2.728094 4.34
2.753094 4.34
2.769094 4.34
2.794095 4.34
2.810095 4.34
2.835095 4.34
2.851095 4.34
2.876095 4.34
2.892095 4.34
2.917096 4.34
2.933096 4.34
2.958096 4.34
2.974096 4.34
2.999096 4.34
3.015096 4.34
3.040096 4.34
3.056097 4.34
3.081097 4.34
3.097097 4.34
3.122097 4.34
3.137972 4.34
3.163098 4.34
3.179098 4.34
3.204223 4.34
3.220098 4.34
3.245348 4.34
3.256098 4.34
3.286753 4.34
3.302738 4.34
3.327989 4.34
3.338739 4.34
3.369099 4.34
3.385099 4.34
3.410099 4.34
3.425975 4.34
3.451100 4.34
3.466975 4.34
3.492100 4.34
3.507975 4.34
3.533100 4.34
3.549100 4.34
3.574100 4.34
3.589976 4.34
3.615100 4.34
3.630976 4.34
3.656101 4.34
3.671976 4.34
3.697101 4.34
3.712976 4.34
3.738101 4.34
3.754102 4.34
3.779102 4.34
3.794977 4.34
3.820102 4.34
3.835977 4.34
3.861102 4.34
3.877102 4.68
3.902103 4.34
3.917978 4.34
3.943103 4.34
3.959103 4.68
3.984228 4.34
3.995103 4.34
4.027104 4.34
4.037994 4.34
4.068104 4.34
4.083979 4.34
4.109104 4.34
4.125105 4.34
4.150104 4.34
4.166105 4.34
4.191104 4.34
4.206980 4.34
4.232105 4.34
4.248105 4.34
4.273105 4.34
4.288981 4.34
4.314106 4.34
4.329980 4.34
4.355106 4.34
4.370981 4.34
4.396106 4.34
4.411981 4.34
4.437106 4.34
4.452982 4.34
4.478232 4.34
4.488982 4.34
4.524637 4.34
4.540622 4.34
4.566000 4.34
4.581998 4.34
4.606983 4.34
4.619358 4.34
4.647983 4.34
4.660358 4.34
4.688984 4.34
4.701358 4.34
4.729984 4.34
4.742358 4.34
4.770984 4.34
4.783359 4.34
4.811984 4.34
4.828002 4.34
4.852984 4.34
4.865359 4.34
4.893985 4.34
4.910001 4.34
4.934985 4.34
4.947360 4.34
4.975986 4.34
4.988360 4.34
5.016986 4.34
5.033000 4.34
5.057986 4.34
5.070361 4.34
5.098986 4.34
5.114986 4.34
5.139986 4.34
5.155987 4.34
5.180987 4.34
5.196878 4.34
5.221987 4.34
5.238112 4.34
5.262988 4.34
5.279003 4.34
5.303988 4.34
5.320005 4.34
5.344988 4.34
5.361005 4.34
5.385988 4.34
5.401988 4.34
5.426989 4.34
5.442989 4.34
5.467989 4.34
5.484006 4.34
5.508989 4.34
5.525114 4.34
5.549990 4.34
5.566007 4.34
5.590990 4.34
5.607008 4.34
5.631990 4.34
5.648008 4.34
5.672990 4.34
5.689008 4.34
5.713991 4.34
5.730008 4.34
5.754991 4.34
5.771009 4.34
5.795992 4.34
5.812116 4.34
5.836992 4.34
5.852992 4.34
5.877992 4.34
5.893992 4.34
5.918992 4.34
5.934992 4.34
5.959993 4.34
5.975993 4.34
6.000993 4.34
6.016993 4.34
6.041993 4.34
6.058009 4.34
6.082994 4.34
6.099118 4.34
6.123994 4.34
6.139994 4.34
6.164994 4.34
6.180994 4.34
6.205994 4.34
6.221994 4.34
6.246995 4.34
6.262995 4.34
6.287995 4.34
6.303995 4.34
6.328995 4.34
6.344995 4.34
6.369996 4.34
6.386121 4.34
6.410996 4.34
6.426995 4.34
6.451996 4.34
6.467996 4.34
6.492996 4.34
6.508996 4.34
6.533997 4.34
6.549997 4.34
6.574997 4.34
6.590997 4.34
6.615997 4.34
6.631998 4.34
6.656997 4.34
6.673123 4.34
6.697998 4.34
6.713998 4.34
6.739123 4.34
6.754998 4.34
6.782000 4.34
6.792767 4.34
6.822998 4.34
6.838999 4.34
6.864124 4.34
6.874999 4.34
6.907001 4.34
6.917768 4.34
6.948125 4.34
6.959000 4.34
6.991001 4.34
7.001892 4.34
7.032000 4.34
7.048000 4.34
7.073125 4.34
7.084000 4.34
7.116020 4.34
7.126891 4.34
7.159003 4.34
7.169894 4.34
7.200002 4.34
7.216018 4.34
7.241002 4.34
7.257002 4.34
7.282002 4.34
7.298002 4.34
7.323002 4.34
7.339002 4.34
7.364003 4.34
7.380128 4.34
7.405003 4.34
7.415769 4.34
7.446128 4.34
7.457003 4.34
7.492378 4.34
7.503128 4.34
7.533784 4.34
7.544647 4.34
7.575129 4.34
7.586004 4.34
7.621380 4.34
7.632254 4.34
7.662784 4.34
7.673506 4.34
7.704005 4.34
7.714772 4.34
7.745005 4.34
7.755773 4.34
7.786131 4.34
7.797006 4.34
7.832381 4.34
7.843131 4.34
7.873783 4.34
7.884508 4.34
7.915132 4.34
7.926007 4.34
7.961382 4.34
7.972132 4.34
8.002785 4.34
8.013648 4.34
8.044007 4.34
8.054774 4.34
8.085133 4.34
8.096008 4.34
8.131383 4.34
8.142133 4.34
8.172899 4.34
8.188901 4.34
8.214024 4.34
8.230026 4.34
8.255009 4.34
8.265777 4.34
8.296009 4.34
8.306777 4.34
8.337135 4.34
8.348010 4.34
8.383385 4.34
8.394134 4.34
8.424902 4.34
8.440902 4.34
8.466027 4.34
8.482028 4.34
8.507136 4.34
8.518011 4.34
8.553386 4.34
8.564136 4.34
8.594791 4.34
8.605654 4.34
8.636137 4.34
8.647012 4.34
8.682387 4.34
8.693262 4.34
8.723790 4.34
8.734667 4.34
8.765137 4.34
8.776012 4.34
8.811388 4.34
8.822263 4.34
8.852791 4.34
8.863668 4.34
8.894139 4.34
8.905031 4.34
8.940389 4.34
8.951264 4.34
8.981793 4.34
8.992657 4.34
9.023014 4.34
9.033780 4.34
9.064014 4.34
9.074783 4.34
9.105140 4.34
9.116016 4.34
9.151391 4.34
9.162265 4.34
9.192919 4.34
9.208793 4.34
9.239391 4.34
9.250141 4.34
9.280796 4.34
9.293391 4.34
9.322017 4.34
9.332782 4.34
9.363017 4.34
9.373784 4.34
9.404017 4.34
9.414784 4.34
9.445018 4.34
9.455784 4.34
9.486143 4.34
9.497018 4.34
9.532393 4.34
9.548393 4.34
9.573797 4.34
9.586393 4.34
9.615144 4.34
9.626036 4.34
9.661394 4.34
9.673895 4.34
9.702800 4.34
9.715394 4.34
9.744020 4.34
9.754788 4.34
9.785021 4.34
9.795785 4.34
9.826145 4.34
9.837021 4.34
9.872395 4.34
9.884897 4.34
9.913798 4.34
9.929798 4.34
9.955021 4.34
9.965787 4.34
9.996021 4.34
10.006789 4.34
10.037022 4.34
10.047787 4.34
10.078022 4.34
10.088789 4.34
10.119022 4.34
10.129788 4.34
10.160148 4.34
10.171022 4.34
10.201524 4.34
10.212398 4.34
10.242803 4.34
10.258800 4.34
10.284024 4.34
10.294790 4.34
10.325149 4.34
10.336024 4.34
10.371399 4.34
10.387399 4.34
10.412801 4.34
10.428666 4.34
10.454025 4.34
10.464793 4.34
10.495025 4.34
10.505790 4.34
10.536150 4.34
10.547026 4.34
10.582401 4.34
10.594777 4.34
10.623681 4.34
10.634527 4.34
10.665043 4.34
10.675793 4.34
10.711401 4.34
10.727276 4.34
10.752805 4.34
10.768806 4.34
10.794152 4.34
10.805027 4.34
10.840402 4.34
10.856278 4.34
10.881805 4.34
10.897809 4.34
10.923153 4.34
10.934028 4.34
10.969404 4.34
10.985403 4.34
11.010809 4.34
11.026807 4.34
11.052029 4.34
11.062795 4.34
11.093029 4.34
11.103797 4.34
11.134155 4.34
11.145030 4.34
11.180405 4.34
11.196280 4.34
11.221531 4.34
11.232280 4.34
11.262810 4.34
11.278809 4.34
11.304031 4.34
11.314796 4.34
11.345156 4.34
11.356031 4.34
11.391407 4.34
11.407281 4.34
11.432812 4.34
11.448684 4.34
11.474032 4.34
11.484797 4.34
11.515157 4.34
11.526051 4.34
11.561408 4.34
11.577282 4.34
11.602676 4.34
11.613535 4.34
11.644050 4.34
11.654799 4.34
11.690408 4.34
11.706284 4.34
11.731814 4.34
11.747686 4.34
11.773159 4.34
11.784034 4.34
11.819409 4.34
11.835285 4.34
11.860814 4.34
11.876812 4.34
11.902160 4.34
11.913035 4.34
11.948410 4.34
11.964285 4.34
11.989814 4.34
12.005813 4.34
12.032787 4.34
12.043537 4.34
12.075787 4.34
12.086537 4.34
12.118788 4.34
12.129691 4.34
12.161788 4.34
12.172553 4.34
12.204788 4.34
12.215691 4.34
12.246055 4.34
12.256929 4.34
12.292413 4.34
12.308288 4.34
12.333815 4.34
12.349692 4.34
12.376789 4.34
12.387693 4.34
12.418056 4.34
12.428807 4.34
12.464414 4.34
12.480415 4.34
12.505816 4.34
12.521691 4.34
12.552415 4.34
12.563414 4.34
12.593933 4.34
12.604933 4.34
12.636821 4.34
12.647695 4.34
12.679822 4.34
12.690693 4.34
12.726291 4.34
12.738820 4.34
12.767572 4.34
12.778416 4.34
12.809060 4.34
12.819931 4.34
12.855291 4.34
12.867794 4.34
12.896560 4.34
12.907417 4.34
12.938061 4.34
12.948808 4.34
12.979293 4.34
12.995293 4.34
13.020418 4.34
13.036418 4.34
13.061823 4.34
13.077696 4.34
13.108419 4.34
13.124294 4.34
13.149821 4.34
13.165698 4.34
13.196419 4.34
13.212294 4.34
13.237822 4.34
13.253697 4.34
13.284420 4.34
13.300295 4.34
13.325823 4.34
13.341699 4.34
13.372296 4.34
13.388171 4.34
13.413547 4.34
13.424421 4.34
13.455063 4.34
13.465814 4.34
13.496296 4.34
13.512296 4.34
13.537547 4.34
13.548422 4.34
13.578824 4.34
13.589702 4.34
13.625297 4.34
13.641298 4.34
13.666549 4.34
13.677423 4.34
13.707825 4.34
13.718549 4.34
13.754423 4.34
13.765298 4.34
13.795825 4.34
13.806701 4.34
13.842424 4.34
13.853174 4.34
13.883828 4.34
13.894550 4.34
13.930425 4.34
13.941174 4.34
13.971827 4.34
13.982579 4.34
14.018300 4.34
14.034425 4.34
14.059551 4.34
14.070425 4.34
14.100831 4.34
14.111552 4.34
14.147301 4.34
14.163301 4.34
14.188553 4.34
14.199427 4.34
14.229829 4.34
14.240705 4.34
14.276427 4.34
14.300829 4.34
14.311706 4.34
14.347303 4.34
14.363427 4.34
14.388553 4.34
14.399303 4.34
14.429944 4.34
14.440696 4.34
14.476428 4.34
14.487178 4.34
14.517832 4.34
14.528708 4.34
14.564179 4.34
14.574946 4.34
14.605305 4.34
14.621180 4.34
14.646555 4.34
14.657305 4.34
14.687820 4.34
14.698709 4.34
14.734180 4.34
14.744947 4.34
14.775305 4.34
14.791306 4.34
14.816556 4.34
14.827306 4.34
14.857822 4.34
14.868557 4.34
14.904431 4.34
14.915182 4.34
14.945710 4.34
14.961822 4.34
14.986947 4.34
14.997698 4.34
15.033307 4.34
15.049432 4.34
15.074558 4.34
15.085308 4.34
15.115712 4.34
15.131827 4.34
15.156949 4.34
15.167701 4.34
15.203433 4.34
15.214184 4.34
15.244827 4.34
15.255713 4.34
15.287685 4.34
15.298442 4.34
15.328953 4.34
15.339713 4.34
15.369951 4.34
15.380715 4.34
15.416442 4.34
15.427185 4.34
15.457826 4.34
15.468561 4.34
15.504444 4.34
15.515186 4.34
15.545841 4.34
15.556716 4.34
15.592446 4.34
15.618717 4.34
15.629591 4.34
15.661717 4.34
15.672591 4.34
15.704596 4.34
15.715444 4.34
15.745829 4.34
15.756592 4.34
15.792447 4.34
15.803188 4.34
15.833842 4.34
15.844717 4.34
15.880314 4.34
15.891188 4.34
15.921719 4.34
15.932447 4.34
15.968314 4.34
15.984314 4.34
16.009443 4.34
16.020315 4.34
16.050956 4.34
16.061718 4.34
16.097443 4.34
16.108315 4.34
16.138958 4.34
16.149719 4.34
16.180191 4.34
16.196192 4.34
16.221316 4.34
16.232191 4.34
16.262720 4.34
16.273444 4.34
16.309317 4.34
16.320192 4.34
16.350595 4.34
16.366595 4.34
16.397317 4.34
16.408067 4.34
16.438721 4.34
16.449596 4.34
16.485193 4.34
16.501318 4.34
16.526319 4.34
16.537068 4.34
16.567724 4.34
16.578596 4.34
16.614194 4.34
16.630319 4.34
16.655319 4.34
16.666194 4.34
16.696724 4.34
16.707600 4.34
16.743319 4.34
16.754195 4.34
16.784726 4.34
16.795452 4.34
16.831320 4.34
16.842070 4.34
16.872723 4.34
16.883600 4.34
16.919321 4.34
16.930071 4.34
16.960723 4.34
16.971599 4.34
17.001965 4.34
17.012724 4.34
17.048322 4.34
17.059197 4.34
17.089728 4.34
17.100599 4.34
17.136323 4.34
17.147198 4.34
17.177727 4.34
17.188601 4.34
17.224323 4.34
17.235198 4.34
17.265728 4.34
17.276450 4.34
17.312324 4.34
17.323199 4.34
17.353451 4.34
17.364324 4.34
17.394967 4.34
17.405729 4.34
17.436200 4.34
17.452200 4.34
17.477325 4.34
17.488200 4.34
17.518593 4.34
17.534604 4.34
17.565325 4.34
17.576076 4.34
17.606605 4.34
17.622731 4.34
17.653326 4.34
17.664201 4.34
17.694604 4.34
17.710732 4.34
17.741202 4.34
17.757327 4.34
17.782327 4.34
17.793077 4.34
17.823606 4.34
17.839732 4.34
17.864968 4.34
17.875718 4.34
17.906204 4.34
17.922203 4.34
17.947328 4.34
17.958203 4.34
17.988605 4.34
18.004609 4.34
18.035329 4.34
18.046079 4.34
18.076608 4.34
18.092608 4.34
18.123330 4.34
18.134080 4.34
18.164607 4.34
18.180609 4.34
18.211205 4.34
18.227331 4.34
18.252330 4.34
18.263206 4.34
18.293610 4.34
18.309734 4.34
18.340331 4.34
18.351082 4.34
18.381612 4.34
18.397609 4.34
18.428332 4.34
18.439207 4.34
18.469735 4.34
18.480458 4.34
18.516208 4.34
18.532333 4.34
18.557333 4.34
18.568082 4.34
18.598610 4.34
18.614612 4.34
18.645208 4.34
18.661333 4.34
18.686334 4.34
18.697209 4.34
18.727736 4.34
18.738461 4.34
18.768976 4.34
18.779727 4.34
18.810210 4.34
18.826335 4.34
18.851335 4.34
18.862210 4.34
18.892615 4.34
18.908746 4.34
18.934086 4.34
18.946462 4.34
18.975086 4.34
18.987463 4.34
19.016211 4.34
19.032211 4.34
19.057336 4.34
19.068211 4.34
19.098741 4.34
19.109617 4.34
19.140088 4.34
19.152464 4.34
19.181213 4.34
19.191979 4.34
19.222337 4.34
19.233088 4.34
19.263617 4.34
19.274464 4.34
19.305088 4.34
19.321213 4.34
19.346088 4.34
19.358464 4.34
19.387214 4.34
19.397964 4.34
19.428339 4.34
19.439214 4.34
19.469619 4.34
19.480339 4.34
19.516215 4.34
19.527090 4.34
19.557497 4.34
19.573619 4.34
19.604215 4.34
19.615091 4.34
19.645340 4.34
19.656091 4.34
19.686745 4.34
19.697468 4.34
19.728091 4.34
19.744216 4.34
19.769217 4.34
19.779970 4.34
19.810498 4.34
19.826620 4.34
19.857217 4.34
19.868092 4.34
19.898486 4.34
19.914622 4.34
19.945218 4.34
19.956093 4.34
19.986343 4.34
19.997093 4.34
20.027745 4.34
20.038621 4.34
20.069094 4.34
20.085218 4.34
20.110094 4.34
20.126219 4.34
20.151219 4.34
20.162094 4.34
20.192345 4.34
20.203220 4.34
20.233748 4.34
20.244471 4.34
20.274988 4.34
20.285738 4.34
20.316221 4.34
20.327096 4.34
20.357346 4.34
20.368095 4.34
20.398623 4.34
20.409346 4.34
20.445221 4.34
20.455971 4.34
20.486347 4.34
20.497097 4.34
20.527874 4.34
20.538624 4.34
20.569223 4.34
20.580097 4.34
20.610348 4.34
20.621222 4.34
20.651752 4.34
20.662626 4.34
20.693098 4.34
20.709223 4.34
20.734098 4.34
20.750224 4.34
20.775099 4.34
20.791098 4.34
20.816099 4.34
20.832224 4.34
20.857225 4.34
20.868099 4.34
20.898349 4.34
20.909099 4.34
20.939753 4.34
20.950628 4.34
20.980976 4.34
20.991740 4.34
21.021976 4.34
21.034480 4.34
21.063101 4.34
21.079226 4.34
21.104101 4.34
21.120226 4.34
21.145227 4.34
21.156101 4.34
21.186352 4.34
21.197227 4.34
21.229482 4.02
21.240352 4.34
21.276228 4.34
21.287102 4.34
21.317352 4.34
21.329993 4.34
21.358633 4.34
21.369353 4.34
21.405228 4.34
21.415978 4.34
21.446353 4.34
21.458746 4.34
21.487634 4.34
21.498480 4.34
21.534229 4.34
21.544979 4.34
21.575355 4.34
21.587745 4.34
21.616633 4.34
21.627481 4.34
21.657980 4.34
21.670360 4.34
21.698980 4.02
21.711359 4.34
21.740106 4.34
21.756231 4.34
21.781231 4.34
21.791985 4.34
21.828003 4.34
21.840387 4.02
21.869513 4.34
21.885636 4.02
21.910997 4.34
21.926997 4.34
21.952232 4.34
21.962982 4.34
21.993357 4.34
22.009357 4.34
22.034636 4.34
22.045484 4.34
22.075999 4.34
22.088363 4.34
22.117108 4.34
22.127983 4.34
22.158109 4.34
22.168984 4.34
22.199674 4.34
22.210668 4.34
22.241242 4.34
22.252117 4.68
22.288007 4.68
22.304006 4.68
22.329489 4.68
22.345636 5.00
22.376235 5.00
22.387000 5.00
22.417360 5.00
22.433513 5.00
22.458647 5.00
22.469360 5.00
22.500008 5.00
22.516111 5.00
22.541111 5.00
22.552001 5.35
22.582111 5.35
22.592987 5.35
22.623111 5.35
22.634040 5.35
22.664746 5.00
22.675745 5.00
22.706368 5.35
22.722672 5.35
22.753116 5.35
22.764008 5.35
22.794365 5.35
22.810520 5.35
22.835364 5.35
22.851364 5.00
22.876614 5.35
22.887364 5.35
22.918004 5.35
22.934139 5.00
22.959698 5.35
22.970747 5.35
23.001119 5.00
23.011994 5.35
23.042528 5.00
23.053367 5.35
23.089117 5.35
23.100008 5.35
23.130241 5.00
23.140991 5.35
23.171521 5.35
23.182366 5.35
23.213007 5.35
23.229140 5.35
23.254688 5.35
23.265553 5.35
23.296247 5.00
23.307122 5.00
23.343120 5.00
23.354009 5.35
23.384525 5.00
23.395369 5.35
23.426007 5.35
23.442118 5.35
23.467118 5.35
23.478009 5.35
23.508119 5.35
23.519009 5.35
23.549777 5.35
23.562428 5.35
23.591250 5.35
23.602125 5.35
23.638123 5.35
23.649018 5.35
23.679622 5.35
23.690372 5.00
23.721011 5.35
23.737121 5.35
23.762120 5.35
23.773013 5.35
23.803527 5.35
23.814371 5.35
23.845013 5.35
23.861121 5.35
23.886121 5.35
23.896996 5.35
23.927121 5.35
23.938012 5.35
23.968121 5.35
23.979012 5.35
24.009122 5.35
24.020013 5.00
24.050122 5.35
24.061014 5.35
24.091122 5.35
24.102013 5.00
24.137904 5.35
24.154132 5.35
24.183387 5.35
24.194253 5.35
24.225019 5.35
24.241020 5.35
24.266251 5.35
24.278643 5.35
24.309251 5.35
24.320000 5.35
24.352250 5.35
24.362999 5.35
24.393501 5.00
24.404571 5.35
24.440017 5.35
24.451049 5.35
24.481682 5.35
24.492678 5.35
24.523257 5.35
24.535775 5.35
24.570130 5.35
24.581021 5.35
24.611522 5.35
24.622378 5.35
24.652769 5.35
24.665254 5.35
24.694127 5.35
24.705002 5.35
24.735252 5.35
24.747627 5.35
24.782014 5.35
24.793016 5.35
24.823685 5.35
24.834701 5.35
24.865268 5.35
24.881521 5.35
24.912139 6.36
24.923138 8.70
24.959011 12.32
24.970010 8.70
25.000510 12.32
25.011383 8.70
25.042021 7.37
25.052774 8.03
25.083381 2.39
25.094255 6.36
25.124507 8.70
25.135380 0.05
25.165784 8.35
25.181898 8.03
25.207131 7.02
25.218023 8.70
25.248256 12.32
25.264256 8.70
25.289522 7.37
25.300381 8.03
25.331021 2.39
25.341899 6.36
25.372257 8.70
25.388257 6.36
25.413526 8.35
25.424382 8.03
25.455026 7.02
25.465776 8.70
25.496257 12.32
25.512257 8.70
25.537383 7.37
25.548257 8.03
25.584024 2.39
25.594777 7.37
25.625009 8.70
25.635776 12.32
25.666134 8.70
25.677009 1.06
25.707259 8.03
25.723259 8.70
25.748510 6.36
25.759385 8.70
25.790025 6.68
25.800777 8.35
25.831260 8.35
25.847135 7.37
25.872512 9.04
25.883385 12.32
25.913790 8.70
25.929903 7.37
25.955028 8.03
25.965779 8.70
25.996011 6.36
26.006779 8.70
26.037137 6.68
26.048012 8.35
26.078262 2.04
26.094262 7.02
26.119513 8.70
26.130387 12.32
26.161029 8.70
26.171778 7.37
26.202263 7.69
26.218137 8.70
26.243514 6.36
26.254388 8.70
26.284792 6.68
26.300903 8.35
26.326138 2.04
26.337014 7.02
26.367263 8.70
26.383264 12.32
26.408515 8.70
26.419389 7.69
26.449793 7.69
26.460516 8.70
26.491140 6.36
26.502032 8.70
26.532265 6.68
26.548265 8.35
26.573390 2.04
26.584265 6.68
26.620032 8.70
26.630781 6.36
26.661141 8.70
26.672016 0.37
26.702266 8.35
26.718266 2.04
26.743518 7.02
26.754392 8.70
26.784797 12.32
26.795518 8.70
26.826017 7.69
26.836785 7.69
26.867142 2.39
26.878017 6.36
26.908267 8.70
26.924268 6.68
26.957910 8.35
26.973908 0.37
26.999018 8.35
27.009787 8.35
27.040144 6.68
27.052670 8.70
27.081269 12.32
27.097269 8.70
27.124154 8.03
27.135035 8.03
27.165269 2.39
27.181270 6.36
27.208154 8.70
27.219035 6.36
27.249270 8.35
27.265270 1.72
27.292176 7.37
27.303035 8.70
27.335173 12.32
27.346036 8.70
27.378155 6.68
27.389039 8.70
27.419272 8.03
27.435271 7.37
27.468676 2.73
27.481156 7.37
27.510147 9.04
27.522523 6.36
27.551272 8.70
27.562022 0.71
27.597674 8.03
27.608398 7.69
27.639038 7.69
27.649790 9.04
27.680273 6.36
27.691148 9.04
27.721399 7.02
27.732148 8.35
27.762803 2.39
27.778914 6.68
27.804024 9.04
27.814791 6.36
27.845024 8.70
27.855792 8.03
27.886150 7.37
27.902025 9.04
27.927275 6.36
27.938150 8.70
27.973668 7.37
27.984400 8.70
28.015040 8.03
28.025791 7.69
28.056276 9.04
28.067026 6.36
28.102667 8.70
28.113401 12.32
28.144044 8.70
28.154794 7.69
28.185276 7.69
28.196027 8.70
28.231681 6.36
28.247669 9.04
28.273042 12.32
28.283794 8.70
28.314028 7.37
28.324795 8.03
28.355153 2.39
28.371028 6.36
28.396278 8.70
28.407029 0.37
28.442670 8.35
28.453404 1.06
28.484044 8.03
28.494795 8.70
28.525279 6.36
28.536029 8.70
28.571669 6.68
28.582405 8.70
28.613046 7.37
28.623797 8.03
28.654280 2.39
28.665155 6.68
28.700684 8.70
28.716673 12.32
28.742046 8.70
28.752797 0.71
28.783156 8.03
28.799031 8.70
28.824281 6.68
28.835157 8.70
28.870674 6.36
28.886675 8.70
28.912048 7.02
28.922800 8.35
28.953282 2.04
28.964157 6.68
28.999688 8.70
29.015676 6.36
29.041048 8.70
29.051801 0.37
29.082283 8.35
29.093158 8.35
29.128676 6.68
29.144676 8.70
29.170050 6.36
29.180800 8.70
29.211284 6.36
29.222035 8.35
29.257676 8.35
29.268410 8.03
29.299051 2.39
29.309800 6.68
29.340285 8.70
29.351036 6.36
29.386687 8.35
29.397410 0.71
29.428051 8.03
29.440536 8.35
29.469286 6.68
29.480036 9.04
29.515679 6.36
29.531679 8.70
29.557053 7.02
29.569556 8.35
29.598286 8.70
29.609162 7.02
29.641179 9.04
29.652052 12.32
29.687692 8.70
29.703681 6.36
29.728941 8.70
29.739692 8.03
29.770163 7.37
29.786163 9.04
29.811288 6.36
29.822163 8.70
29.857681 7.37
29.873682 8.70
29.899055 8.03
29.911570 7.69
29.940289 9.04
29.951165 6.36
29.986694 8.70
30.002682 12.32
30.027932 8.70
30.038686 7.69
30.069166 7.69
30.085040 8.70
30.110291 6.36
30.121040 8.70
30.156695 7.02
30.172683 8.70
30.198060 7.69
30.210416 8.03
30.239291 2.39
30.250042 6.36
30.285684 8.70
30.301684 12.32
30.327060 8.70
30.339417 1.06
30.368292 8.03
30.379167 8.70
30.414574 6.36
30.430574 9.04
30.456061 12.32
30.472060 8.70
30.497294 7.37
30.508169 8.03
30.543686 2.39
30.559687 7.69
30.585059 9.04
30.601044 6.36
30.626170 8.70
30.642044 7.02
30.667295 8.35
30.678044 8.70
30.713688 6.68
30.729688 9.04
30.755060 6.36
30.771046 8.70
30.796171 7.02
30.812046 8.35
30.837296 2.39
30.848171 6.68
30.883548 8.70
30.899548 6.36
30.925065 8.70
30.941062 6.68
30.966296 8.35
30.977047 8.35
31.012689 6.68
31.028690 8.70
31.054062 6.36
31.070048 8.70
31.095173 6.68
31.111048 8.35
31.136298 8.35
31.147173 7.02
31.182689 9.04
31.198703 6.68
31.224066 9.04
31.240177 0.05
31.265302 4.34
31.276176 4.68
31.306707 4.34
31.322705 4.34
31.348050 4.34
31.364050 4.34
31.389175 4.34
31.405049 4.34
31.430300 4.34
31.441050 4.34
31.476694 4.68
31.492693 4.34
31.518068 4.34
31.533943 4.34
31.559176 4.34
31.575052 4.34
31.600301 4.34
31.611052 4.34
31.646552 4.34
31.657302 4.34
31.687831 4.34
31.698967 4.34
31.731065 4.34
31.742080 4.34
31.772727 4.34
31.788950 4.34
31.814307 4.34
31.825181 4.34
31.855717 4.34
31.871819 4.34
31.896980 4.34
31.909429 4.34
31.938429 4.34
31.949179 4.34
31.979821 4.34
31.990708 4.34
32.021180 4.34
32.037179 4.34
32.062305 4.34
32.073180 4.34
32.108555 4.34
32.121083 4.34
32.149948 4.34
32.162430 4.34
32.191055 4.34
32.206948 4.34
32.232056 4.34
32.247949 4.34
32.273182 4.34
32.289181 4.34
32.316087 4.34
32.326821 4.34
32.359086 4.34
32.369823 4.34
32.402086 4.34
32.412822 4.34
32.445088 4.34
32.455824 4.34
32.488076 4.34
32.498824 4.34
32.534697 4.34
