0.000000 0.000000
0.041880 4.34
0.052755 4.34
0.083453 4.34
0.094526 2.66
0.130547 2.66
0.143140 2.66
0.177429 2.66
0.188277 2.34
0.218629 2.66
0.234629 2.66
0.259628 2.34
0.275501 2.66
0.300626 2.66
0.316501 2.66
0.341625 2.66
0.357500 2.66
0.382624 2.66
0.398500 2.66
0.423624 2.66
0.439500 2.66
0.464625 2.66
0.480500 2.34
0.505625 2.66
0.521625 2.34
0.546625 2.66
0.562500 2.66
0.587625 2.66
0.603500 2.34
0.628626 2.66
0.644500 2.66
0.669625 2.34
0.685501 2.66
0.710626 2.66
0.726501 2.66
0.757340 2.66
0.768425 2.34
0.798888 2.66
0.809887 2.34
0.840547 2.34
0.856769 2.34
0.887434 2.34
0.898405 2.66
0.934281 2.66
0.945458 2.66
0.981341 4.02
0.992408 4.34
1.022887 4.02
1.033887 4.34
1.064524 4.34
1.077010 4.34
1.111168 4.02
1.127162 4.02
1.152648 4.34
1.168646 4.34
1.193757 4.34
1.204631 4.02
1.236535 4.34
1.247283 4.02
1.277631 4.34
1.293632 4.34
1.318632 4.34
1.334757 4.02
1.359633 4.34
1.375633 4.34
1.400632 4.02
1.411549 4.34
1.442324 4.34
1.453336 4.34
1.483896 4.34
1.494770 4.34
1.525538 4.34
1.541767 4.34
1.569301 4.34
1.580140 4.34
1.610388 4.34
1.621137 4.34
1.651385 4.34
1.662137 4.34
1.692384 4.34
1.703136 4.34
1.733385 4.34
1.744136 4.34
1.774385 4.34
1.785136 4.34
1.815385 4.34
1.826137 4.34
1.856386 4.34
1.867137 4.34
1.897386 4.34
1.908136 4.34
1.938386 4.34
1.949137 4.34
1.979387 4.34
1.990137 4.34
2.020387 4.34
2.031138 4.34
2.061387 4.34
2.072138 4.34
2.102387 4.34
2.113138 4.34
2.143387 4.34
2.154139 4.34
2.184388 4.34
2.195139 4.34
2.225388 4.34
2.236138 4.34
2.266388 4.34
2.277138 4.34
2.307388 4.34
2.318139 4.34
2.348389 4.34
2.359139 4.34
2.389389 4.34
2.400140 4.34
2.430389 4.34
2.441140 4.34
2.471390 4.34
2.482141 4.34
2.512390 4.34
2.523141 4.34
2.553391 4.34
2.564141 4.34
2.594391 4.02
2.605142 4.34
2.635391 4.34
2.646141 4.34
2.676391 4.34
2.687141 4.34
2.717392 4.34
2.728141 4.34
2.758392 4.34
2.769142 4.34
2.799392 4.34
2.810142 4.34
2.840393 4.34
2.851142 4.34
2.881393 4.34
2.892142 4.34
2.922393 4.34
2.933142 4.34
2.963393 4.34
2.974143 4.34
3.004394 4.34
3.015144 4.34
3.045394 4.34
3.056144 4.34
3.086395 4.34
3.097144 4.34
3.127394 4.34
3.138144 4.34
3.168395 4.34
3.179144 4.34
3.209395 4.34
3.220144 4.34
3.250395 4.34
3.261145 4.34
3.291396 4.34
3.302145 4.34
3.332396 4.34
3.343146 4.34
3.373397 4.34
3.384146 4.34
3.414397 4.34
3.425146 4.34
3.455397 4.34
3.466146 4.34
3.496397 4.34
3.507147 4.34
3.537397 4.34
3.548148 4.34
3.578429 4.34
3.590898 4.34
3.619774 4.34
3.630649 4.34
3.666031 4.34
3.678526 4.34
3.707427 4.34
3.723301 4.34
3.748775 4.34
3.759542 4.34
3.795032 4.34
3.807526 4.34
3.836542 4.34
3.852543 4.34
3.877651 4.34
3.888541 4.34
3.918776 4.34
3.929651 4.34
3.965029 4.34
3.989544 4.34
4.019030 4.34
4.035031 4.34
4.060544 4.34
4.076544 4.34
4.101652 4.34
4.112544 4.34
4.142652 4.34
4.153543 4.34
4.183653 4.34
4.194543 4.34
4.224777 4.34
4.235653 4.34
4.271032 4.34
4.287032 4.34
4.312546 4.34
4.328546 4.34
4.353654 4.34
4.364547 4.34
4.394779 4.34
4.405545 4.34
4.441033 4.34
4.465547 4.34
4.495033 4.34
4.511035 4.34
4.536548 4.34
4.552548 4.34
4.577656 4.34
4.588547 4.34
4.618781 4.34
4.629656 4.34
4.665040 4.34
4.689548 4.34
4.719037 4.34
4.735040 4.34
4.760311 4.34
4.771187 4.34
4.801657 4.34
4.812550 4.34
4.842783 4.34
4.853548 4.34
4.889039 4.02
4.913548 4.34
4.943037 4.34
4.959038 4.34
4.984551 4.34
5.000551 4.34
5.025659 4.34
5.036552 4.34
5.066659 4.34
5.077553 4.34
5.107784 4.34
5.118549 4.34
5.154036 4.34
5.170036 4.34
5.195552 4.34
5.211553 4.02
5.236661 4.34
5.247554 4.02
5.277786 4.34
5.288553 4.34
5.324036 4.34
5.340036 4.34
5.365554 4.34
5.381554 4.34
5.406662 4.34
5.417552 4.34
5.447787 4.34
5.458554 4.34
5.494039 4.34
5.510041 4.34
5.535553 4.34
5.551554 4.34
5.576788 4.34
5.587553 4.34
5.623041 4.34
5.639041 4.34
5.664557 4.34
5.680555 4.34
5.705664 4.34
5.716556 4.34
5.746664 4.34
5.757539 4.34
5.787789 4.34
5.798556 4.34
5.834044 4.34
5.845041 4.34
5.875556 4.34
5.891556 4.34
5.916665 4.34
5.927555 4.34
5.959417 4.34
5.970192 4.34
6.000559 4.34
6.011308 4.34
6.043418 4.34
6.054196 4.34
6.084667 4.34
6.095557 4.34
6.127447 4.34
6.138195 4.34
6.170448 4.34
6.181321 4.34
6.216917 4.34
6.227792 4.34
6.258043 4.34
6.274043 4.34
6.299560 4.34
6.315668 4.34
6.340544 4.34
6.351310 4.34
6.381544 4.34
6.392309 4.34
6.422560 4.34
6.433437 4.34
6.468919 4.34
6.484919 4.34
6.510045 4.34
6.520919 4.34
6.551562 4.02
6.562312 4.34
6.594421 4.34
6.605198 4.34
6.635562 4.34
6.646312 4.34
6.681921 4.34
6.694422 4.34
6.723323 4.34
6.739325 4.34
6.764564 4.34
6.775314 4.34
6.811048 4.34
6.821922 4.34
6.852564 4.02
6.863312 4.34
6.898797 4.34
6.909672 4.34
6.939923 4.34
6.952298 4.34
6.981202 4.34
6.991923 4.34
7.022564 4.34
7.033313 4.34
7.068924 4.34
7.084924 4.34
7.113049 4.34
7.123924 4.34
7.154567 4.34
7.165315 4.34
7.200799 4.34
7.211550 4.02
7.241925 4.34
7.257800 4.34
7.283204 4.34
7.293925 4.34
7.324567 4.34
7.335316 4.34
7.371052 4.34
7.381926 4.34
7.412569 4.34
7.423443 4.34
7.458926 4.34
7.474802 4.34
7.500204 4.34
7.510926 4.34
7.541568 4.34
7.552321 4.34
7.587927 4.34
7.603802 4.34
7.629205 4.34
7.640054 4.34
7.670678 4.34
7.681568 4.34
7.716803 4.34
7.727553 4.34
7.757928 4.34
7.773928 4.34
7.799208 4.34
7.810056 4.34
7.840572 4.34
7.851321 4.34
7.886804 4.02
7.897679 4.34
7.927930 4.34
7.943930 4.34
7.969206 4.34
7.979930 4.34
8.010573 4.34
8.021323 4.34
8.056931 4.34
8.072806 4.34
8.098209 4.34
8.108931 4.34
8.139573 4.34
8.150323 4.34
8.180556 4.34
8.191324 4.34
8.221682 4.34
8.232573 4.34
8.267932 4.34
8.283932 4.34
8.309211 4.34
8.320058 4.34
8.350683 4.34
8.361572 4.34
8.396808 4.34
8.407683 4.34
8.437933 4.34
8.453934 4.34
8.479211 4.34
8.489934 4.34
8.520575 4.34
8.531324 4.34
8.567061 4.34
8.577934 4.34
8.608577 4.34
8.619327 4.34
8.649685 4.34
8.660560 4.34
8.695810 4.34
8.708312 4.34
8.736935 4.34
8.752935 4.34
8.778213 4.34
8.788935 4.34
8.819578 4.34
8.830330 4.34
8.866062 4.34
8.876937 4.34
8.907578 4.34
8.918330 4.34
8.953937 4.34
8.969937 4.34
8.995217 4.34
9.007687 4.34
9.038314 4.34
9.049064 4.34
9.079577 4.34
9.090329 4.34
9.125813 4.34
9.138315 4.34
9.166938 4.34
9.182939 4.34
9.208215 4.34
9.220814 4.34
9.249579 4.34
9.260331 4.34
9.295939 4.34
9.311815 4.34
9.337066 4.34
9.347940 4.34
9.378582 4.34
9.389333 4.34
9.421343 4.34
9.432095 4.34
9.464345 4.34
9.475219 4.34
9.510941 4.34
9.526941 4.34
9.552220 4.34
9.564691 4.34
9.595318 4.34
9.606068 4.34
9.641817 4.34
9.654318 4.34
9.683069 4.34
9.693942 4.34
9.724586 4.34
9.735336 4.34
9.765818 4.34
9.781943 4.34
9.806943 4.34
9.822818 4.34
9.848223 4.34
9.864346 4.34
9.891195 4.34
9.902070 4.34
9.932586 4.34
9.943336 4.34
9.978820 4.34
9.994820 4.34
10.019945 4.34
10.035945 4.34
10.061223 4.34
10.077336 4.34
10.104197 4.34
10.115072 4.34
10.145585 4.34
10.156460 4.34
10.186696 4.34
10.197571 4.34
10.227696 4.34
10.238586 4.34
10.268697 4.34
10.279572 4.34
10.309697 4.34
10.320572 4.34
10.350697 4.34
10.361572 4.34
10.391697 4.34
10.402572 4.34
10.432698 4.34
10.443465 4.34
10.473698 4.34
10.484573 4.34
10.514823 4.34
10.530699 4.34
10.555887 4.34
10.571701 4.34
10.596950 4.34
10.607697 4.34
10.637948 4.34
10.648698 4.34
10.678948 4.34
10.689698 4.34
10.719948 4.34
10.730698 4.34
10.760948 4.34
10.771699 4.34
10.801949 4.34
10.812699 4.34
10.842949 4.34
10.853699 4.34
10.883950 4.34
10.894699 4.34
10.924950 4.34
10.935700 4.34
10.965950 4.34
10.976700 4.34
11.006950 4.34
11.017701 4.34
11.047950 4.34
11.058701 4.34
11.088951 4.34
11.099701 4.34
11.129951 4.34
11.140701 4.34
11.170951 4.34
11.181701 4.34
11.211952 4.34
11.222702 4.34
11.252953 4.34
11.263702 4.34
11.293952 4.34
11.304703 4.34
11.334953 4.02
11.345703 4.34
11.375953 4.34
11.386703 4.34
11.416953 4.34
11.427703 4.34
11.457954 4.34
11.468703 4.34
11.498955 4.34
11.509830 4.02
11.540205 4.34
11.556111 4.34
11.581599 4.34
11.592349 4.34
11.622706 4.34
11.633581 4.34
11.663707 4.34
11.674582 4.34
11.704707 4.34
11.715582 4.34
11.745707 4.34
11.756582 4.34
11.786707 4.34
11.797582 4.34
11.827708 4.34
11.838583 4.34
11.868708 4.34
11.879583 4.34
11.909708 4.34
11.920584 4.34
11.950708 4.34
11.961584 4.34
11.991709 4.34
12.002584 4.34
12.032709 4.34
12.043584 4.34
12.073709 4.34
12.084585 4.34
12.114834 4.34
12.130834 4.34
12.155960 4.34
12.166835 4.34
12.197365 4.34
12.208210 4.34
12.243836 4.34
12.259836 4.34
12.284961 4.34
12.295711 4.34
12.326366 4.34
12.337211 4.34
12.372837 4.34
12.388837 4.34
12.414088 4.34
12.426712 4.34
12.457213 4.34
12.468088 4.34
12.500240 4.34
12.511117 4.34
12.546837 4.34
12.562837 4.34
12.588089 4.34
12.600605 4.34
12.631089 4.34
12.641963 4.34
12.674090 4.34
12.684964 4.34
12.715366 4.34
12.726090 4.34
12.761839 4.34
12.777715 4.34
12.802964 4.34
12.813714 4.34
12.844367 4.34
12.855091 4.34
12.885715 4.34
12.898091 4.34
12.926840 4.34
12.942966 4.34
12.968092 4.34
12.980607 4.34
13.014841 4.34
13.025591 4.34
13.056092 4.34
13.068607 4.34
13.102841 4.34
13.113591 4.34
13.144093 4.34
13.160235 4.34
13.185372 4.34
13.196246 4.34
13.226718 4.34
13.239094 4.34
13.267968 4.34
13.278718 4.34
13.309373 4.34
13.320236 4.34
13.350718 4.34
13.366844 4.34
13.391844 4.34
13.402594 4.34
13.432969 4.34
13.443844 4.34
13.474372 4.34
13.485095 4.34
13.515720 4.34
13.531845 4.34
13.556845 4.34
13.567720 4.34
13.598097 4.34
13.614239 4.34
13.644846 4.34
13.655595 4.34
13.686097 4.34
13.702250 4.34
13.732846 4.34
13.743596 4.34
13.774098 4.34
13.790098 4.34
13.820847 4.34
13.831596 4.34
13.862098 4.34
13.878249 4.34
13.903374 4.34
13.914240 4.34
13.944723 4.34
13.960848 4.34
13.985848 4.34
13.996598 4.34
14.027100 4.34
14.043253 4.34
14.068378 4.34
14.079253 4.34
14.109724 4.34
14.125724 4.34
14.150849 4.34
14.161724 4.34
14.192101 4.34
14.208253 4.34
14.238850 4.34
14.249600 4.34
14.279975 4.34
14.290725 4.34
14.321380 4.34
14.332255 4.34
14.362601 4.34
14.373369 4.34
14.403726 4.34
14.419851 4.34
14.444851 4.34
14.455727 4.34
14.486103 4.34
14.502254 4.34
14.532852 4.34
14.543602 4.34
14.573977 4.34
14.584728 4.34
14.615381 4.34
14.626257 4.34
14.656728 4.34
14.672853 4.34
14.697853 4.34
14.708603 4.34
14.739104 4.34
14.755258 4.34
14.780246 4.34
14.790979 4.34
14.826854 4.34
14.837730 4.34
14.867979 4.34
14.878730 4.34
14.911109 4.34
14.921980 4.34
14.954109 4.34
14.964980 4.34
14.997109 4.34
15.007980 4.34
15.038391 4.34
15.049260 4.34
15.079731 4.34
15.095856 4.34
15.120856 4.34
15.131606 4.34
15.161981 4.34
15.172732 4.34
15.205111 4.34
15.215982 4.34
15.251857 4.34
15.262732 4.34
15.293138 4.34
15.309137 4.34
15.339858 4.34
15.350733 4.34
15.381127 4.34
15.397109 4.34
15.427859 4.34
15.438733 4.34
15.469110 4.34
15.485263 4.34
15.515859 4.34
15.526609 4.34
15.562264 4.34
15.573138 4.34
15.603735 4.34
15.619860 4.34
15.644860 4.34
15.655735 4.34
15.686139 4.34
15.702263 4.34
15.732860 4.34
15.743735 4.34
15.774128 4.34
15.790263 4.34
15.820627 4.34
15.832991 4.34
15.861862 4.34
15.872737 4.34
15.903113 4.34
15.913987 4.34
15.949630 4.34
15.965629 4.34
15.990863 4.34
16.001613 4.34
16.032114 4.34
16.042987 4.34
16.078630 4.34
16.094628 4.34
16.119863 4.34
16.130738 4.34
16.160988 4.34
16.176989 4.34
16.207632 4.34
16.223628 4.34
16.248864 4.34
16.259614 4.34
16.290116 4.34
16.300990 4.34
16.336632 4.34
16.352631 4.34
16.377865 4.34
16.388615 4.34
16.419116 4.34
16.429990 4.34
16.465633 4.34
16.481632 4.34
16.506866 4.34
16.517741 4.34
16.547991 4.34
16.563992 4.34
16.594634 4.34
16.610634 4.34
16.635867 4.34
16.646742 4.34
16.677119 4.34
16.687993 4.34
16.723635 4.34
16.739636 4.34
16.764868 4.34
16.775743 4.34
16.806120 4.34
16.816993 4.34
16.847273 4.34
16.858120 4.34
16.888637 4.34
16.904636 4.34
16.929869 4.34
16.940619 4.34
16.971121 4.34
16.981995 4.34
17.017638 4.34
17.033637 4.34
17.058870 4.34
17.069745 4.34
17.100122 4.34
17.110996 4.34
17.146639 4.34
17.162639 4.34
17.187871 4.34
17.198746 4.34
17.229148 4.34
17.239871 4.34
17.270638 4.34
17.286637 4.34
17.311872 4.34
17.322747 4.34
17.352872 4.34
17.363622 4.34
17.393997 4.34
17.409998 4.34
17.435265 4.34
17.446124 4.34
17.476639 4.34
17.492641 4.34
17.517873 4.34
17.528623 4.34
17.559125 4.34
17.569999 4.34
17.605642 4.34
17.621640 4.34
17.646875 4.34
17.657750 4.34
17.688125 4.34
17.698999 4.34
17.734642 4.34
17.750642 4.34
17.775875 4.34
17.786750 4.34
17.817127 4.34
17.828001 4.34
17.863642 4.34
17.879641 4.34
17.904876 4.34
17.915626 4.34
17.946128 4.34
17.962128 4.34
17.987642 4.34
18.003642 4.34
18.028877 4.34
18.039752 4.34
18.070129 4.34
18.081002 4.34
18.116646 4.34
18.132644 4.34
18.157878 4.34
18.170394 4.34
18.199129 4.34
18.210004 4.34
18.240648 4.34
18.256647 4.34
18.281879 4.34
18.294272 4.34
18.323130 4.34
18.334004 4.34
18.369645 4.34
18.385646 4.34
18.410880 4.34
18.423273 4.34
18.452005 4.34
18.468005 4.34
18.494884 4.34
18.505631 4.34
18.536005 4.34
18.552006 4.34
18.582648 4.34
18.598648 4.34
18.623881 4.34
18.639881 4.34
18.665133 4.34
18.676007 4.34
18.706410 4.34
18.718886 4.34
18.747633 4.34
18.758401 4.34
18.788758 4.34
18.799633 4.34
18.829883 4.34
18.845758 4.34
18.871134 4.34
18.882008 4.34
18.912412 4.34
18.928524 4.34
18.953650 4.34
18.964401 4.34
18.994635 4.34
19.005401 4.34
19.035759 4.34
19.046635 4.34
19.076885 4.34
19.092885 4.34
19.118136 4.34
19.129010 4.34
19.159652 4.34
19.170528 4.34
19.200885 4.34
19.216761 4.34
19.242136 4.34
19.253011 4.34
19.283414 4.34
19.294137 4.34
19.324762 4.34
19.335637 4.34
19.365887 4.34
19.381887 4.34
19.407167 4.34
19.417887 4.34
19.448637 4.34
19.459530 4.34
19.489638 4.34
19.500406 4.34
19.530638 4.34
19.541404 4.34
19.571763 4.34
19.582531 4.34
19.612888 4.34
19.628888 4.34
19.657014 4.34
19.667889 4.34
19.703764 4.34
19.714531 4.34
19.744889 4.34
19.760890 4.34
19.786140 4.34
19.796890 4.34
19.832530 4.34
19.848407 4.34
19.873766 4.34
19.884533 4.34
19.914891 4.34
19.930765 4.34
19.956141 4.34
19.967016 4.34
19.997407 4.34
20.013535 4.34
20.038766 4.34
20.049534 4.34
20.079892 4.34
20.095891 4.34
20.121142 4.34
20.131892 4.34
20.167536 4.34
20.183535 4.34
20.208768 4.34
20.219535 4.34
20.249893 4.34
20.265893 4.34
20.299536 4.34
20.315536 4.34
20.340644 4.34
20.351411 4.34
20.381769 4.34
20.392537 4.34
20.422894 4.34
20.438895 4.34
20.464145 4.34
20.474894 4.34
20.510538 4.34
20.526539 4.34
20.551770 4.34
20.567770 4.34
20.592895 4.34
20.608895 4.34
20.642538 4.34
20.658537 4.34
20.683646 4.34
20.694413 4.34
20.724646 4.34
20.735415 4.34
20.765647 4.34
20.776415 4.34
20.806647 4.34
20.817415 4.34
20.847772 4.34
20.858540 4.34
20.888897 4.34
20.904898 4.34
20.931899 4.34
20.942648 4.34
20.978541 4.34
20.994541 4.34
21.019649 4.34
21.030415 4.34
21.060774 4.34
21.073302 4.34
21.101900 4.34
21.117899 4.34
21.144798 4.34
21.155649 4.34
21.185899 4.34
21.201900 4.34
21.232302 4.34
21.243028 4.34
21.273650 4.34
21.284541 4.34
21.314651 4.34
21.325543 4.34
21.355776 4.34
21.368181 4.34
21.396901 4.34
21.412901 4.34
21.443294 4.34
21.454029 4.34
21.484777 4.34
21.500652 4.34
21.525902 4.34
21.536777 4.34
21.572543 4.34
21.583306 4.34
21.613653 4.34
21.624543 4.34
21.654778 4.34
21.670778 4.34
21.695903 4.34
21.706779 4.34
21.742546 4.34
21.753307 4.34
21.784051 4.34
21.795046 4.34
21.825659 4.34
21.836550 4.34
21.872315 4.34
21.888314 4.34
21.913656 4.34
21.924549 4.34
21.954905 4.34
21.965781 4.34
22.001548 4.34
22.012310 4.34
22.042656 4.34
22.053549 4.34
22.083656 4.34
22.094549 4.34
22.124781 4.34
22.140657 4.34
22.165906 4.34
22.177056 4.34
22.207565 4.34
22.218563 4.34
22.249202 4.34
22.260043 4.68
22.290787 4.68
22.306911 4.68
22.332040 4.68
22.342911 4.68
22.373553 4.34
22.384313 4.34
22.414909 4.68
22.425784 4.68
22.461550 4.68
22.472312 4.68
22.502659 4.34
22.513673 4.68
22.549564 4.68
22.560562 4.68
22.591045 4.68
22.602045 4.68
22.632664 4.34
22.643557 4.68
22.679320 4.68
22.695316 4.68
22.720662 4.68
22.731555 4.34
22.761911 4.68
22.772786 4.68
22.808437 4.68
22.824562 4.34
22.849926 4.68
22.866226 5.00
22.891567 5.35
22.902564 5.35
22.933045 5.35
22.943918 5.35
22.974667 5.35
22.985559 5.35
23.016042 5.35
23.026915 5.35
23.057558 5.00
23.068306 5.35
23.098789 5.00
23.114664 5.35
23.139914 5.00
23.150788 5.35
23.186557 5.00
23.197307 5.35
23.227664 5.35
23.238554 5.35
23.268790 5.35
23.284790 5.35
23.309915 5.35
23.320665 5.00
23.356320 5.35
23.372318 5.35
23.397666 5.35
23.408559 5.35
23.438666 5.35
23.451193 5.35
23.479791 5.35
23.495666 5.35
23.520916 5.35
23.531792 5.35
23.567322 5.35
23.583321 5.35
23.608667 5.00
23.621196 5.35
23.649792 5.35
23.665668 5.35
23.690918 5.35
23.701793 5.35
23.737323 5.35
23.753320 5.00
23.778561 5.35
23.789311 5.00
23.819794 5.35
23.835669 5.00
23.860919 5.35
23.871794 5.00
23.907321 5.35
23.919679 5.35
23.948669 5.35
23.961046 5.35
23.989795 5.35
24.005795 5.35
24.030920 5.00
24.041670 5.35
24.077324 5.00
24.093311 5.35
24.118671 5.35
24.131047 5.35
24.159796 5.35
24.175796 5.35
24.200921 5.35
24.211797 5.35
24.242326 5.35
24.258316 5.00
24.283562 5.35
24.294316 5.00
24.324797 5.35
24.340672 5.00
24.365923 5.35
24.376797 5.00
24.412200 5.35
24.422923 5.35
24.453673 5.35
24.469673 5.35
24.494673 5.35
24.510674 5.35
24.535799 5.35
24.551674 5.35
24.576924 5.00
24.587674 5.35
24.623327 5.00
24.635684 5.35
24.664675 5.35
24.680675 5.35
24.705675 5.35
24.721550 5.35
24.746675 5.35
24.762550 5.35
24.787675 5.35
24.803551 5.00
24.828676 5.35
24.844676 5.00
24.869676 5.35
24.885676 5.00
24.910676 5.35
24.926552 5.00
24.951677 5.35
24.967677 5.35
24.992677 5.35
25.008552 5.35
25.033677 5.69
25.049552 5.35
25.074677 5.35
25.090553 5.35
25.115678 5.69
25.131553 5.35
25.156678 5.35
25.172678 5.35
25.197679 5.35
25.213553 5.35
25.238679 5.00
25.254679 5.35
25.279679 5.00
25.295554 5.35
25.320679 5.00
25.336555 5.69
25.361679 5.35
25.377679 5.69
25.402680 5.35
25.418555 5.69
25.443680 5.35
25.459556 5.69
25.484680 5.35
25.500681 5.69
25.525681 5.35
25.541556 5.35
25.566681 5.35
25.582682 5.35
25.607681 5.69
25.623682 5.00
25.648682 5.35
25.664682 5.00
25.689682 5.35
25.705557 5.00
25.730682 5.69
25.746558 5.35
25.771683 5.69
25.787683 5.35
25.812683 5.35
25.828683 5.35
25.853683 5.35
25.869559 5.35
25.894683 5.35
25.910684 5.35
25.935683 5.35
25.951684 5.35
25.976684 5.35
25.992684 5.35
26.017684 5.00
26.033684 5.35
26.058685 5.00
26.074560 5.35
26.099685 5.00
26.115685 5.35
26.140686 5.00
26.156686 5.35
26.181685 5.35
26.197686 5.35
26.222685 5.35
26.238686 5.35
26.263686 5.35
26.279562 5.35
26.304686 5.35
26.320687 5.35
26.345687 5.35
26.361687 5.35
26.386687 5.35
26.402687 5.00
26.427812 5.35
26.438687 5.00
26.470689 5.35
26.481580 5.35
26.511813 5.35
26.522688 5.35
26.554689 5.35
26.565581 5.35
26.595688 5.35
26.611564 5.35
26.636688 5.35
26.652564 5.35
26.677689 5.35
26.693689 5.35
26.718689 5.00
26.734690 5.35
26.759690 5.00
26.775690 5.35
26.800690 5.00
26.816565 5.69
26.841690 5.35
26.857565 5.35
26.882690 5.35
26.893566 5.35
26.923691 5.35
26.934566 5.35
26.964691 5.35
26.975566 5.35
27.005691 5.35
27.016567 5.35
27.046692 5.35
27.057567 5.00
27.087817 5.35
27.098568 5.00
27.134068 5.35
27.150068 5.35
27.175585 5.35
27.191585 5.35
27.216693 5.35
27.232568 5.35
27.257818 5.35
27.268694 5.35
27.304194 5.35
27.316569 5.35
27.345584 5.00
27.361587 5.35
27.386819 5.35
27.397569 5.35
27.433194 5.35
27.449088 5.35
27.474588 5.35
27.490587 5.35
27.515587 5.35
27.531588 5.00
27.556571 5.35
27.572695 5.00
27.597571 5.35
27.613586 5.00
27.638571 5.35
27.654588 5.35
27.679572 5.35
27.695586 5.35
27.720571 5.35
27.736572 5.35
27.761572 5.35
27.777572 5.35
27.802573 5.35
27.818590 5.35
27.843573 5.35
27.859698 5.35
27.884573 5.35
27.900573 5.35
27.925573 5.00
27.941573 5.35
27.966573 5.00
27.982573 5.35
28.007574 5.00
28.023574 5.35
28.048574 5.35
28.064574 5.35
28.089574 5.35
28.105589 5.35
28.130575 5.35
28.146700 5.35
28.171575 5.35
28.187575 5.35
28.212575 5.35
28.228592 5.35
28.253575 5.35
28.269593 5.35
28.294576 5.69
28.310576 5.00
28.335576 5.69
28.351576 5.00
28.376577 5.35
28.392591 5.00
28.417577 5.35
28.433702 5.35
28.458576 5.69
28.474578 5.35
28.499577 5.35
28.515592 5.35
28.540578 5.35
28.556578 5.35
28.581578 5.35
28.597578 5.35
28.622578 5.35
28.638578 5.35
28.663579 5.35
28.679595 5.35
28.704579 5.00
28.720704 5.35
28.745579 5.00
28.761579 5.35
28.786579 5.00
28.802579 5.35
28.827580 5.35
28.843580 5.35
28.868580 5.35
28.884580 5.35
28.909580 5.35
28.925581 5.35
28.950581 5.35
28.966596 5.35
28.991581 5.35
29.007706 5.35
29.032582 5.35
29.048581 5.35
29.073581 5.35
29.089581 5.00
29.114582 5.35
29.130582 5.00
29.155582 5.35
29.171582 5.00
29.196582 5.69
29.212583 5.35
29.237600 5.35
29.253599 5.35
29.278583 5.69
29.294708 5.35
29.319583 5.35
29.335583 5.35
29.360584 5.35
29.376583 5.35
29.401584 5.35
29.417584 5.35
29.442584 5.35
29.458584 5.35
29.483709 5.00
29.494584 5.35
29.524710 5.00
29.535585 5.35
29.565710 5.00
29.576585 5.35
29.606709 5.35
29.617585 5.69
29.653089 5.35
29.669087 5.35
29.694363 5.35
29.705087 5.35
29.735711 5.35
29.746586 5.00
29.781961 5.35
29.792711 5.35
29.823367 5.35
29.834212 5.35
29.864712 5.35
29.875587 5.35
29.907464 5.35
29.918366 5.35
29.948712 5.35
29.959588 5.35
29.994964 5.00
30.005713 5.35
30.036368 5.35
30.047213 5.35
30.077714 5.35
30.088589 5.35
30.123963 5.35
30.134838 5.00
30.165368 5.35
30.176232 5.00
30.206589 5.35
30.217355 5.00
30.247715 5.35
30.258590 5.00
30.293965 5.35
30.304715 5.35
30.335369 5.35
30.346091 5.35
30.376716 5.35
30.387591 5.35
30.417716 5.00
30.428591 5.35
30.463966 5.00
30.474716 5.35
30.505483 5.35
30.521370 5.35
30.546717 5.35
30.557592 5.35
30.592967 5.35
30.603717 5.00
30.634372 5.35
30.645236 5.00
30.675593 5.35
30.686358 5.00
30.716593 5.35
30.727358 5.35
30.757719 5.35
30.768594 5.35
30.803969 5.35
30.814844 5.35
30.845378 5.00
30.856095 5.35
30.886594 5.00
30.897360 5.35
30.927594 5.00
30.938360 5.35
30.968720 5.00
30.979595 5.35
31.014970 5.35
31.025720 5.35
31.056375 5.35
31.067236 5.35
31.097596 5.35
31.108363 5.00
31.138596 5.35
31.149362 5.00
31.179596 5.35
31.190365 5.00
31.220722 5.35
31.231597 5.00
31.266972 5.35
31.277722 5.35
31.308377 5.35
31.319250 5.35
31.349598 5.35
31.360366 5.35
31.390723 5.00
31.401598 5.35
31.436973 5.00
31.447724 5.35
31.478378 5.35
31.489239 5.35
31.519599 5.35
31.530364 5.35
31.560616 5.35
31.571366 5.35
31.606974 5.35
31.617724 5.00
31.648377 5.35
31.660975 5.00
31.689600 5.35
31.700366 5.35
31.730725 5.35
31.741601 5.35
31.776976 5.35
31.789477 5.35
31.818381 5.35
31.830976 5.35
31.859726 5.00
31.870618 5.35
31.905976 5.00
31.916851 5.35
31.947380 5.35
31.959977 5.35
31.988728 5.35
31.999602 5.35
32.034977 5.35
32.047479 5.00
32.076382 5.35
32.088978 5.00
32.117728 5.35
32.128620 5.35
32.163979 5.35
32.176480 5.35
32.205383 5.35
32.221622 5.35
32.246729 5.35
32.257620 5.35
32.292980 5.00
32.305498 5.35
32.334382 5.35
32.350261 5.35
32.375605 5.35
32.386374 5.35
32.416606 5.35
32.427371 5.35
32.457606 5.35
32.468373 5.35
32.498606 5.35
32.509496 5.00
32.539731 5.35
32.550606 5.00
32.585982 5.35
32.601981 5.35
32.627499 5.35
32.643500 5.35
32.668623 5.35
32.679497 5.35
32.714982 5.69
32.727359 5.35
32.756250 5.00
32.766983 5.35
32.797625 5.00
32.808373 5.35
32.838608 5.35
32.849375 5.69
32.879734 5.35
32.890609 5.35
32.925984 5.35
32.941859 5.35
32.967386 5.35
32.983263 5.00
33.008734 5.35
33.019610 5.00
33.054985 5.35
33.070860 5.35
33.096387 5.35
33.112388 5.35
33.137611 5.35
33.148376 5.35
33.178611 5.35
33.189377 5.35
33.219611 5.35
33.230378 5.35
33.260611 5.00
33.271376 5.35
33.301737 5.00
33.312612 5.35
33.347987 5.00
33.363862 5.35
33.389389 5.35
33.405390 5.35
33.430613 5.35
33.441378 5.35
33.471612 5.35
33.482378 5.35
33.512613 5.35
33.523379 5.00
33.553738 5.35
33.564614 5.00
33.599988 5.35
33.615864 5.35
33.641394 5.69
33.657268 5.35
33.682614 5.69
33.693383 5.35
33.723740 5.69
33.734507 5.35
33.769990 5.35
33.785990 5.69
33.811394 5.00
33.827269 5.35
33.852616 5.35
33.863382 5.35
33.893741 5.35
33.904616 5.35
33.939991 5.35
33.955867 5.35
33.981396 5.35
33.997257 5.00
34.022617 5.35
34.033385 5.00
34.065369 5.35
34.076119 5.35
34.106617 5.69
34.117384 5.35
34.147618 5.35
34.158385 5.35
34.190369 5.35
34.201270 5.35
34.231637 5.35
34.242511 5.35
34.277994 5.00
34.293994 5.35
34.319397 5.35
34.335272 5.35
34.362370 5.35
34.373272 5.69
34.403634 5.35
34.414511 5.69
34.449995 5.35
34.465995 5.00
34.491274 5.35
34.503870 5.00
34.532639 5.69
34.543513 5.35
34.578996 5.69
34.594871 5.35
34.620511 5.35
34.636511 5.35
34.661636 5.35
34.672388 5.35
34.707997 5.00
34.723872 5.69
34.749399 5.35
34.765277 5.69
34.792374 5.35
34.803276 5.35
34.833641 5.35
34.844388 5.35
34.874873 5.35
34.887374 5.00
34.916124 5.35
34.926999 5.00
34.962641 5.69
34.973391 5.35
35.003874 5.35
35.016376 5.35
35.048280 5.35
35.060874 5.35
35.089643 5.35
35.100517 5.35
35.130874 5.00
35.143403 5.35
35.172156 5.00
35.183000 5.35
35.213644 5.00
35.224515 5.35
35.254876 5.35
35.267266 5.35
35.296144 5.35
35.307001 5.35
35.337516 5.35
35.348266 5.35
35.384001 5.35
35.399876 5.00
35.425519 5.35
35.436267 5.00
35.472002 5.35
35.482877 5.35
35.513518 5.69
35.524518 5.35
35.560003 5.35
35.570878 5.35
35.601520 5.00
35.612521 5.35
35.648003 5.35
35.658754 5.69
35.689407 5.35
35.705406 5.35
35.736004 5.35
35.746879 5.00
35.777394 5.35
35.788131 5.00
35.824005 5.35
35.834880 5.35
35.865408 5.35
35.876284 5.35
35.912005 5.35
35.922755 5.35
35.953410 5.00
35.964285 5.35
36.000006 5.35
36.010756 5.69
36.041410 5.35
36.052286 5.35
36.087881 5.35
36.103881 5.35
36.129161 5.35
36.140007 5.35
36.170524 5.35
36.181274 5.35
36.216883 5.35
36.232883 5.35
36.258008 5.00
36.268883 5.35
36.299286 5.00
36.315134 5.35
36.345883 5.00
36.361884 5.35
36.387134 5.35
36.398009 5.35
36.428525 5.35
36.439274 5.35
36.475010 5.35
36.485759 5.00
36.516413 5.35
36.527288 5.00
36.562885 5.35
36.578885 5.35
36.604136 5.35
36.615010 5.35
36.645417 5.35
36.656136 5.35
36.692011 5.00
36.702886 5.35
36.733414 5.35
36.744163 5.35
36.779887 5.35
36.796012 5.35
36.821138 5.35
36.832012 5.00
36.862417 5.35
36.873292 5.00
36.908762 5.35
36.919529 5.35
36.949887 5.35
36.965763 5.35
36.994291 5.35
37.010290 5.35
37.035529 5.35
37.046278 5.35
37.081889 5.00
37.097889 5.35
37.123139 5.35
37.133889 5.35
37.164405 5.35
37.175139 5.35
37.210890 5.35
37.226765 5.00
37.252015 5.35
37.262765 5.00
37.293419 5.35
37.304141 5.00
37.340015 5.35
37.350765 5.35
37.381407 5.35
37.392141 5.35
37.427891 5.35
37.444017 5.35
37.469016 5.00
37.479891 5.35
37.510421 5.00
37.521295 5.35
37.556767 5.35
37.567534 5.35
37.597892 5.35
37.613892 5.35
37.639143 5.35
37.649892 5.00
37.680410 5.35
37.691297 5.00
37.726894 5.35
37.743019 5.35
37.771297 5.35
37.787300 5.35
37.812534 5.35
37.823288 5.35
37.859028 5.35
37.869769 5.35
37.900413 5.00
37.911296 5.35
37.946770 5.35
37.962770 5.35
37.987895 5.35
38.004029 5.35
38.029300 5.35
38.045413 5.00
38.072272 5.35
38.083146 5.00
38.113412 5.35
38.124300 5.00
38.159897 5.35
38.176029 5.35
38.201146 5.35
38.213647 5.35
38.244178 5.35
38.255029 5.35
38.287175 5.00
38.298028 5.35
38.333773 5.00
38.346166 5.69
38.374898 5.35
38.385773 5.35
38.416303 5.35
38.432417 5.35
38.462898 5.35
38.473649 5.00
38.504303 5.35
38.515032 5.35
38.550899 5.35
38.561649 5.35
38.592304 5.35
38.603180 5.35
38.638900 5.35
38.649775 5.35
38.680028 5.35
38.690900 5.35
38.721543 5.35
38.732302 5.35
38.762776 5.35
38.778901 5.35
38.803901 5.35
38.814651 5.69
38.845182 5.35
38.861186 5.35
38.891901 5.35
38.902777 5.35
38.933307 5.69
38.944030 5.35
38.979777 5.35
38.995902 5.35
39.020903 5.35
39.031778 5.35
39.062306 5.00
39.073032 5.35
39.108903 5.00
39.119778 5.35
39.150309 5.35
39.161032 5.35
39.196904 5.35
39.207654 5.00
39.238308 5.35
39.249033 5.00
39.284905 5.35
39.295655 5.35
39.326183 5.35
39.342310 5.35
39.372905 5.35
39.383656 5.35
39.414310 5.00
39.425036 5.35
39.460905 5.00
39.471656 5.35
39.502309 5.35
39.513185 5.35
39.548781 5.35
39.564907 5.00
39.589907 5.35
39.600657 5.00
39.631310 5.35
39.642037 5.00
39.677907 5.35
39.688658 5.35
39.719312 5.35
39.730037 5.35
39.765908 5.35
39.776658 5.35
39.807312 5.00
39.818037 5.35
39.853909 5.35
39.864659 5.35
39.895314 5.35
39.906037 5.35
39.941909 5.35
39.952784 5.00
39.983313 5.35
39.994037 5.35
40.029910 5.69
40.040660 5.35
40.071190 5.69
40.087315 5.35
40.117910 5.35
40.128786 5.35
40.159189 5.00
40.175316 5.35
40.205911 5.35
40.216661 5.35
40.247191 5.35
40.263189 5.35
40.293912 5.35
40.304787 5.00
40.335314 5.35
40.346190 5.35
40.381788 5.35
40.397787 5.35
40.422912 5.35
40.433663 5.35
40.464317 5.35
40.475039 5.35
40.510788 5.00
40.526914 5.35
40.551913 5.35
40.567914 5.35
40.593194 5.35
40.609192 5.69
40.636166 5.35
40.647041 5.35
40.679166 5.35
40.690041 5.00
40.722167 5.35
40.733041 5.00
40.765167 5.35
40.776042 5.35
40.808197 5.35
40.819049 5.35
40.854915 5.35
40.865790 5.35
40.896193 5.00
40.912195 5.35
40.942791 5.00
40.958917 5.35
40.983917 5.35
40.994667 5.35
41.025043 5.35
41.037560 5.35
41.071793 5.35
41.087917 5.00
41.112918 5.35
41.123668 5.35
41.154322 5.35
41.165043 5.35
41.200793 5.35
41.216918 5.35
41.241918 5.35
41.252669 5.35
41.283198 5.00
41.299197 5.35
41.329919 5.00
41.340670 5.69
41.371324 5.35
41.382045 5.35
41.412559 5.35
41.423438 5.35
41.453795 5.35
41.464545 5.35
41.494921 5.35
41.505795 5.00
41.536047 5.35
41.548561 5.00
41.582796 5.69
41.593546 5.35
41.623921 5.69
41.634796 5.35
41.665325 5.35
41.676048 5.35
41.706564 5.69
41.717314 5.35
41.747797 5.35
41.758672 5.35
41.788923 5.00
41.799672 5.35
41.830049 5.00
41.846083 5.69
41.871326 5.00
41.882050 5.35
41.912674 5.35
41.928674 5.35
41.953674 5.35
41.969799 5.35
41.994799 5.35
42.005549 5.35
42.035924 5.35
42.046674 5.69
42.077204 5.35
42.088051 5.35
42.123800 5.35
42.134675 5.00
42.164925 5.35
42.175675 5.35
42.206330 5.35
42.217083 5.35
42.247676 5.35
42.263801 5.35
42.288676 5.35
42.304802 5.35
42.329676 5.35
42.345801 5.35
42.370677 5.35
42.386677 5.35
42.411802 5.00
42.422677 5.35
42.452927 5.00
42.463677 5.35
42.494205 5.00
42.505082 5.35
42.535678 5.00
42.551803 5.35
42.576678 5.35
42.592678 5.35
42.617678 5.35
42.633804 5.35
42.658679 5.35
42.674804 5.35
42.699679 5.35
42.715679 5.35
42.740680 5.35
42.756680 5.00
42.781699 5.35
42.797942 5.00
42.823313 4.34
42.834232 4.34
42.864936 4.34
42.875945 4.34
42.911809 4.34
42.922683 4.34
42.953342 4.34
42.964215 4.34
42.994682 4.34
43.010807 4.34
43.035682 4.34
43.051682 4.34
43.076682 4.34
43.092682 4.34
43.117682 4.34
43.134079 4.34
43.159315 4.34
43.170237 4.34
43.200939 4.34
43.211939 4.34
43.247812 4.34
43.258561 4.34
43.289072 4.34
43.305185 4.34
43.335809 4.34
43.346684 4.34
43.376808 4.34
43.387559 4.34
43.417934 4.34
43.430575 4.34
43.461063 4.34
43.471935 4.34
43.507810 4.34
43.518948 4.34
