0.000000 0.000000
0.042014 4.34
0.052987 4.34
0.083614 4.34
0.094756 3.01
0.130498 2.66
0.141503 2.34
0.177786 2.34
0.194112 2.66
0.218965 2.66
0.229714 2.34
0.259962 2.34
0.270710 2.34
0.300960 2.34
0.311710 2.34
0.341959 2.34
0.352709 2.34
0.382958 2.34
0.393708 2.34
0.423975 2.34
0.434849 2.34
0.470333 2.34
0.486335 2.34
0.511609 2.34
0.522335 2.34
0.552975 2.34
0.563849 2.34
0.599335 2.34
0.615335 2.34
0.640609 2.34
0.651335 2.66
0.681975 2.34
0.692852 2.34
0.728336 2.34
0.744336 2.34
0.769875 2.34
0.791490 2.34
0.802360 2.34
0.833096 2.34
0.844130 2.34
0.874747 2.34
0.891100 2.34
0.921634 2.34
0.932786 2.34
0.968885 2.34
0.985104 4.02
1.010518 4.02
1.021515 4.02
1.052094 4.02
1.068344 4.02
1.093500 4.02
1.104342 4.02
1.134980 4.02
1.145856 4.02
1.176494 4.02
1.187341 4.02
1.217979 4.02
1.228856 4.02
1.264339 4.02
1.280340 4.02
1.305493 4.02
1.316339 4.02
1.346854 4.02
1.362857 4.02
1.387982 4.02
1.398865 4.02
1.434673 4.02
1.447230 4.02
1.475991 4.34
1.486980 4.02
1.517628 4.34
1.528603 4.34
1.564523 4.34
1.575520 4.34
1.606098 4.34
1.617098 4.34
1.647748 4.34
1.663979 4.34
1.694645 4.34
1.705642 4.34
1.741349 4.34
1.757347 4.34
1.785722 4.34
1.801763 4.34
1.832221 4.34
1.842971 4.34
1.873472 4.34
1.884345 4.34
1.914985 4.34
1.925735 4.34
1.955970 4.34
1.966737 4.34
1.996971 4.34
2.007737 4.34
2.037971 4.34
2.048738 4.34
2.078971 4.34
2.089861 4.34
2.119972 4.34
2.130864 4.34
2.160972 4.34
2.171864 4.34
2.201972 4.34
2.212862 4.34
2.248222 4.34
2.258972 4.34
2.289474 4.34
2.300348 4.34
2.330753 4.34
2.346752 4.34
2.371973 4.34
2.382740 4.34
2.412974 4.34
2.423739 4.34
2.453974 4.34
2.464865 4.34
2.494974 4.34
2.505867 4.34
2.535991 4.34
2.546741 4.34
2.582225 4.34
2.592975 4.34
2.623476 4.34
2.634350 4.34
2.664993 4.34
2.675742 4.34
2.705976 4.34
2.716743 4.34
2.746976 4.34
2.757744 4.34
2.787976 4.34
2.798745 4.34
2.828976 4.34
2.839744 4.34
2.869977 4.34
2.880742 4.34
2.910977 4.34
2.921742 4.34
2.951977 4.34
2.962745 4.34
2.992977 4.34
3.003745 4.34
3.033978 4.34
3.044746 4.34
3.074978 4.34
3.085746 4.34
3.117729 4.34
3.128480 4.34
3.158997 4.34
3.169745 4.34
3.205229 4.34
3.217730 4.34
3.246481 4.34
3.257354 4.34
3.287996 4.34
3.298745 4.34
3.328980 4.34
3.339747 4.34
3.371731 4.34
3.382481 4.34
3.418231 4.34
3.428981 4.34
3.459509 4.34
3.470356 4.34
3.500871 4.34
3.511606 4.34
3.543732 4.34
3.554510 4.34
3.590357 4.34
3.601232 4.34
3.631759 4.34
3.647608 4.34
3.674639 4.34
3.685514 4.34
3.721358 4.34
3.732233 4.34
3.762877 4.34
3.773875 4.34
3.809358 4.34
3.820234 4.34
3.850877 4.34
3.861880 4.34
3.892234 4.34
3.904611 4.34
3.933360 4.34
3.944110 4.34
3.974762 4.34
3.990764 4.34
4.021360 4.34
4.037360 4.34
4.062765 4.34
4.078628 4.34
4.109361 4.34
4.125361 4.34
4.150879 4.34
4.161879 4.34
4.197237 4.34
4.213361 4.34
4.238488 4.34
4.249360 4.34
4.279765 4.34
4.290629 4.34
4.326112 4.34
4.336987 4.34
4.367238 4.34
4.383112 4.34
4.408488 4.34
4.419363 4.34
4.449628 4.34
4.465632 4.34
4.491007 4.34
4.501754 4.34
4.537239 4.34
4.553113 4.34
4.578490 4.34
4.589364 4.34
4.619768 4.34
4.630490 4.34
4.666365 4.34
4.677239 4.34
4.707769 4.34
4.718633 4.34
4.754365 4.34
4.765115 4.34
4.795768 4.34
4.806491 4.34
4.842366 4.34
4.853241 4.34
4.883770 4.34
4.894643 4.34
4.930117 4.34
4.940992 4.34
4.971242 4.34
4.987242 4.34
5.012493 4.34
5.023367 4.34
5.054010 4.34
5.064761 4.34
5.095243 4.34
5.111243 4.34
5.136494 4.34
5.147368 4.34
5.178011 4.34
5.188761 4.34
5.224244 4.34
5.240244 4.34
5.265494 4.34
5.276369 4.34
5.306773 4.34
5.317495 4.34
5.353245 4.34
5.369244 4.34
5.397647 4.34
5.413648 4.34
5.439013 4.34
5.449761 4.34
5.480245 4.34
5.496245 4.34
5.521526 4.34
5.532371 4.34
5.563012 4.34
5.573886 4.34
5.609371 4.34
5.620247 4.34
5.650887 4.34
5.661640 4.34
5.697247 4.34
5.713247 4.02
5.738529 4.34
5.750998 4.34
5.781654 4.34
5.792529 4.34
5.828373 4.34
5.839248 4.34
5.869890 4.34
5.880890 4.34
5.916374 4.34
5.927124 4.34
5.957776 4.34
5.968501 4.34
6.004374 4.34
6.015124 4.34
6.045779 4.34
6.056640 4.34
6.092375 4.34
6.103125 4.34
6.133777 4.34
6.144520 4.34
6.180250 4.34
6.196376 4.34
6.221502 4.34
6.232376 4.34
6.268252 4.34
6.284126 4.34
6.309656 4.34
6.325643 4.34
6.352628 4.34
6.363502 4.34
6.395628 4.34
6.406503 4.34
6.438628 4.34
6.449518 4.34
6.481629 4.34
6.492504 4.34
6.528253 4.34
6.544378 4.34
6.569532 4.34
6.585658 4.34
6.616254 4.34
6.632254 4.34
6.657536 4.34
6.673656 4.34
6.704254 4.34
6.720379 4.34
6.748660 4.34
6.764927 4.34
6.790261 4.34
6.801261 4.34
6.831908 4.34
6.842794 4.34
6.873383 4.34
6.884258 4.68
6.914803 4.68
6.925683 4.68
6.956131 5.00
6.968508 5.00
6.997674 5.35
7.013903 5.35
7.039136 5.35
7.055260 5.35
7.080539 5.35
7.096662 5.35
7.130258 5.35
7.141133 5.35
7.171533 5.35
7.187535 5.35
7.218257 5.35
7.229008 5.00
7.259534 5.35
7.275717 5.35
7.306392 5.35
7.317392 5.35
7.353264 5.35
7.364263 5.35
7.394907 5.35
7.405780 5.35
7.436386 5.35
7.447261 5.35
7.477902 5.35
7.488652 5.35
7.519136 5.00
7.535260 5.35
7.560260 5.35
7.571143 5.35
7.601909 5.35
7.612783 5.35
7.643607 5.35
7.659917 5.69
7.690393 5.69
7.701393 5.69
7.731786 5.69
7.742659 5.69
7.773265 5.69
7.784139 5.69
7.814669 5.69
7.825515 5.69
7.861263 5.69
7.872139 5.69
7.902514 5.69
7.918665 5.69
7.949526 5.69
7.965791 5.69
7.996395 5.69
8.007395 5.69
8.043268 5.69
8.054143 5.69
8.084799 5.69
8.095676 5.69
8.126141 5.69
8.142265 5.69
8.167390 5.69
8.178265 5.69
8.208793 5.69
8.219687 5.69
8.250395 5.69
8.261269 5.69
8.291787 5.69
8.302661 5.69
8.333142 5.69
8.349267 5.69
8.374267 5.69
8.385142 5.69
8.415518 5.69
8.431671 5.69
8.462267 5.69
8.473142 5.69
8.503518 5.69
8.519666 5.69
8.550271 5.69
8.561146 5.69
8.591676 5.69
8.602521 6.01
8.638269 5.69
8.649144 6.01
8.679519 6.01
8.695672 6.01
8.720799 6.01
8.731674 6.01
8.762019 6.01
8.772786 6.01
8.803020 6.01
8.813785 5.69
8.844145 6.01
8.860285 6.01
8.885798 6.01
8.896794 6.01
8.927401 6.01
8.940043 6.01
8.970558 6.01
8.981399 6.01
9.017273 6.01
9.028148 6.01
9.058674 6.01
9.069548 6.01
9.105271 6.01
9.116021 6.01
9.146396 6.01
9.159065 6.01
9.193276 6.01
9.204152 6.01
9.236559 6.01
9.247558 6.01
9.279556 6.01
9.290273 6.01
9.326274 6.01
9.337149 6.01
9.367399 6.01
9.379914 6.01
9.408553 6.01
9.424555 6.01
9.455286 6.01
9.466274 6.01
9.502165 12.32
9.513290 6.36
9.543678 6.68
9.554400 6.68
9.590150 6.68
9.606276 6.68
9.631275 6.68
9.642025 6.68
9.672527 6.68
9.688679 6.68
9.719276 6.68
9.730151 6.68
9.760528 6.68
9.776680 6.68
9.807169 6.68
9.818164 6.68
9.848801 6.68
9.859802 6.36
9.890281 6.01
9.901157 6.01
9.931685 6.01
9.942564 6.01
9.973046 6.01
9.985434 6.01
10.014557 6.01
10.025403 6.01
10.061153 6.01
10.072042 6.01
10.102410 6.01
10.118284 6.01
10.149158 6.01
10.160049 6.01
10.190691 6.01
10.201533 6.01
10.232046 6.01
10.248156 6.01
10.273280 6.01
10.284030 6.01
10.314406 6.01
10.330280 6.01
10.355684 6.01
10.366531 6.01
10.397170 6.01
10.408168 6.01
10.438698 6.36
10.449536 6.68
10.480294 6.68
10.491292 6.68
10.527165 6.68
10.538161 7.02
10.568802 6.68
10.579679 7.02
10.610159 7.02
10.620928 7.02
10.651564 7.02
10.662409 7.02
10.692926 7.02
10.703674 7.02
10.734033 7.02
10.750050 7.02
10.775693 6.68
10.786718 7.02
10.817291 6.68
10.828291 6.36
10.864058 12.32
10.880163 12.32
10.905412 0.05
10.921412 0.05
10.952037 6.01
10.968054 6.01
10.993036 6.36
11.009054 12.32
11.034036 6.36
11.050177 6.01
11.077485 6.36
11.088544 6.36
11.124167 6.36
11.134935 6.36
11.165700 6.36
11.176540 6.01
11.206960 12.32
11.217708 6.36
11.248288 0.05
11.259163 0.05
11.289412 6.36
11.305412 0.05
11.330538 6.36
11.341288 6.36
11.372178 6.36
11.383175 6.36
11.413733 6.68
11.424725 6.68
11.455294 7.02
11.466291 7.37
11.496692 7.69
11.507540 7.37
11.537946 7.69
11.548694 7.69
11.579039 7.69
11.595039 7.37
11.620039 7.37
11.636055 7.37
11.661040 7.37
11.677040 7.69
11.702040 7.37
11.718055 7.37
11.743040 7.37
11.759166 7.37
11.784544 7.02
11.795292 7.02
11.826171 7.02
11.837170 7.02
11.869451 7.02
11.880294 7.02
11.910934 7.02
11.921807 7.02
11.952167 7.02
11.962931 7.02
11.993291 7.02
12.004042 7.02
12.036443 7.02
12.066058 7.02
12.082058 7.02
12.107293 7.02
12.119961 7.02
12.153303 7.02
12.164185 7.02
12.200063 7.02
12.211045 6.68
12.241294 6.68
12.253699 6.68
12.284299 6.68
12.295170 6.68
12.327299 6.68
12.338045 6.68
12.368573 6.68
12.379430 6.68
12.410064 6.36
12.426046 6.36
12.451296 6.68
12.463700 6.68
12.492576 6.68
12.503428 6.68
12.534064 0.05
12.550062 6.01
12.575703 5.00
12.586715 4.34
12.617179 4.34
12.628179 4.34
12.658591 4.34
12.669430 4.34
12.700051 4.34
12.710943 4.34
12.741299 4.34
12.753703 4.34
12.787938 4.34
12.800303 4.34
12.829174 4.34
12.839941 4.34
12.870299 4.34
12.886298 4.34
12.919942 4.34
12.935942 4.34
12.961174 4.34
12.971942 4.34
13.002428 4.34
13.013300 4.34
13.049175 4.34
13.060050 4.34
13.090301 4.34
13.106300 4.34
13.131579 4.34
13.142428 4.34
13.173051 4.34
13.183943 4.34
13.214052 4.34
13.224942 4.34
13.255737 4.34
13.266743 4.34
13.297309 4.34
13.313438 4.34
13.344181 4.34
13.355181 4.34
13.390947 4.34
13.406831 4.34
13.432179 4.34
13.443054 4.34
13.473303 4.34
13.489178 4.34
13.519945 4.34
13.536192 4.34
