0.000000 0.000000
0.041974 4.34
0.052971 4.34
0.083597 4.34
0.094609 3.01
0.130600 2.34
0.143218 2.34
0.177618 2.34
0.190385 2.34
0.224498 2.34
0.235496 2.34
0.266074 2.34
0.276948 2.34
0.307609 2.34
0.318467 2.34
0.348945 2.34
0.359820 2.34
0.395321 2.34
0.411320 2.66
0.436836 2.34
0.452836 2.34
0.483194 2.66
0.493944 2.34
0.524597 2.34
0.535462 2.34
0.565945 2.34
0.576820 2.34
0.612195 2.34
0.623070 2.34
0.653599 2.34
0.664472 2.34
0.694820 2.34
0.705585 2.34
0.735947 2.34
0.746821 2.34
0.777601 2.34
0.790223 2.34
0.824486 2.34
0.835326 2.34
0.867780 2.34
0.878996 2.34
0.909336 2.34
0.920333 2.34
0.950963 2.34
0.961974 3.33
0.992623 4.02
1.008854 4.02
1.039502 4.02
1.050501 4.34
1.082704 4.02
1.093616 4.02
1.129202 4.02
1.140076 4.34
1.170609 4.02
1.183201 4.02
1.211950 4.02
1.222838 4.02
1.258199 4.02
1.268950 4.02
1.299604 4.02
1.312075 4.02
1.340825 4.02
1.351593 4.02
1.381826 4.34
1.392715 4.02
1.422966 4.02
1.435774 4.34
1.464745 4.34
1.480990 4.34
1.506342 4.34
1.522213 4.34
1.548089 4.34
1.564339 4.34
1.589729 4.34
1.605959 4.34
1.631356 4.34
1.642355 4.34
1.672963 4.34
1.683961 4.34
1.714477 4.34
1.725499 4.34
1.757708 4.34
1.768616 4.34
1.804206 4.34
1.816707 4.34
1.845610 4.34
1.858205 4.34
1.886954 4.34
1.897845 4.34
1.933204 4.34
1.945706 4.34
1.974721 4.34
1.990847 4.34
2.021204 4.34
2.033707 4.34
2.062610 4.34
2.078609 4.34
2.109080 4.34
2.119956 4.34
2.150362 4.34
2.161206 4.34
2.191849 4.34
2.202722 4.34
2.232957 4.34
2.243832 4.34
2.279207 4.34
2.291583 4.34
2.320613 4.34
2.336609 4.34
2.361957 4.34
2.372847 4.34
2.408207 4.34
2.424083 4.34
2.449487 4.34
2.460334 4.34
2.490958 4.34
2.501833 4.34
2.537209 4.34
2.553208 4.34
2.578612 4.34
2.594614 4.34
2.619834 4.34
2.630608 4.34
2.660834 4.34
2.671600 4.34
2.701960 4.34
2.712835 4.34
2.748211 4.34
2.764085 4.34
2.789614 4.34
2.805615 4.34
2.830836 4.34
2.841603 4.34
2.871961 4.34
2.882836 4.34
2.918211 4.34
2.934212 4.34
2.959616 4.34
2.975615 4.34
3.000962 4.34
3.011837 4.34
3.047212 4.34
3.063087 4.34
3.088616 4.34
3.104480 4.34
3.129963 4.34
3.140838 4.34
3.176213 4.34
3.192088 4.34
3.217619 4.34
3.233479 4.34
3.258839 4.34
3.269606 4.34
3.299964 4.34
3.310839 4.34
3.346214 4.34
3.362214 4.34
3.387619 4.34
3.403483 4.34
3.428965 4.34
3.439858 4.34
3.475215 4.34
3.491090 4.34
3.516621 4.34
3.532619 4.34
3.557966 4.34
3.568841 4.34
3.604216 4.34
3.620091 4.34
3.645621 4.34
3.661619 4.34
3.688593 4.34
3.699344 4.34
3.729967 4.34
3.740842 4.34
3.776217 4.34
3.792092 4.34
3.817622 4.34
3.833497 4.34
3.860594 4.34
3.871498 4.34
3.901861 4.34
3.912610 4.34
3.948218 4.34
3.964094 4.34
3.989624 4.34
4.005497 4.34
4.032596 4.34
4.043500 4.34
4.075596 4.34
4.086346 4.34
4.116970 4.34
4.127845 4.34
4.163220 4.34
4.179095 4.34
4.204626 4.34
4.220499 4.34
4.247597 4.34
4.258501 4.34
4.288865 4.34
4.299738 4.34
4.335221 4.34
4.351222 4.34
4.376490 4.34
4.387377 4.34
4.417862 4.34
4.428737 4.34
4.460627 4.34
4.471380 4.34
4.501863 4.34
4.512616 4.34
4.544628 4.34
4.555378 4.34
4.587629 4.34
4.598503 4.34
4.630630 4.34
4.641379 4.34
4.673628 4.34
4.684378 4.34
4.720224 4.34
4.731224 4.34
4.761630 4.34
4.777504 4.34
4.804601 4.34
4.815502 4.34
4.851225 4.34
4.862100 4.34
4.892629 4.34
4.908628 4.34
4.939226 4.34
4.955101 4.34
4.980631 4.34
4.996504 4.34
5.027226 4.34
5.038102 4.34
5.068742 4.34
5.079494 4.34
5.110102 4.34
5.122479 4.34
5.151371 4.34
5.162227 4.34
5.192870 4.34
5.203620 4.34
5.234103 4.34
5.246479 4.34
5.275354 4.34
5.286228 4.34
5.316633 4.34
5.332508 4.34
5.363229 4.34
5.379229 4.34
5.404633 4.34
5.415356 4.34
5.451105 4.34
5.467230 4.34
5.492356 4.34
5.503230 4.34
5.533632 4.34
5.544357 4.34
5.580230 4.34
5.590981 4.34
5.621634 4.34
5.632357 4.34
5.668231 4.34
5.679106 4.34
5.709633 4.34
5.720511 4.34
5.756107 4.34
5.772232 4.34
5.800358 4.34
5.811232 4.34
5.841634 4.34
5.852359 4.34
5.888233 4.34
5.898983 4.34
5.929638 4.34
5.940512 4.34
5.976233 4.34
5.986983 4.34
6.017749 4.34
6.028749 4.34
6.064109 4.34
6.080109 4.02
6.108514 4.34
6.124639 4.34
6.149875 4.34
6.160627 4.34
6.191109 4.34
6.206985 4.34
6.232360 4.34
6.243235 4.34
6.273640 4.34
6.284361 4.34
6.320236 4.34
6.330986 4.34
6.361640 4.34
6.372362 4.34
6.408236 4.34
6.418987 4.34
6.449641 4.34
6.460363 4.34
6.496237 4.34
6.506987 4.34
6.537515 4.34
6.553392 4.34
6.580505 4.34
6.591380 4.34
6.621879 4.34
6.632631 4.34
6.663113 4.34
6.679113 4.34
6.704364 4.34
6.715239 4.34
6.745644 4.34
6.756365 4.34
6.792114 4.34
6.808239 4.34
6.836519 4.34
6.852644 4.34
6.877880 4.34
6.888633 4.34
6.919115 4.34
6.934990 4.34
6.960365 4.34
6.971240 4.34
7.001643 4.34
7.012366 4.34
7.048116 4.34
7.064241 4.34
7.089367 4.34
7.100116 4.34
7.130522 4.34
7.146644 4.34
7.173493 4.34
7.184367 4.34
7.214760 4.34
7.225509 4.34
7.261118 4.34
7.277242 4.34
7.305522 4.34
7.321646 4.34
7.348509 4.34
7.359243 4.34
7.391494 4.34
7.402369 4.34
7.432760 4.34
7.443637 4.34
7.479119 4.34
7.495119 4.34
7.520370 4.34
7.532995 4.34
7.561637 4.34
7.572370 4.34
7.604526 4.34
7.615370 4.34
7.651245 4.34
7.662120 4.34
7.692635 4.34
7.703371 4.34
7.739120 4.34
7.755246 4.34
7.780246 4.34
7.790996 4.34
7.821652 4.34
7.832372 4.34
7.868247 4.34
7.878997 4.34
7.909637 4.34
7.920373 4.34
7.950998 4.34
7.963374 4.34
7.992122 4.34
8.007998 4.34
8.033374 4.34
8.045873 4.34
8.074639 4.34
8.085527 4.34
8.115999 4.34
8.128405 4.34
8.157124 4.34
8.173257 4.34
8.201526 4.34
8.212258 4.34
8.244405 4.34
8.255257 4.34
8.287406 4.34
8.298258 4.34
8.334000 4.34
8.350000 4.34
8.375126 4.34
8.386001 4.34
8.416529 4.34
8.427376 4.34
8.462894 4.34
8.473643 4.34
8.504126 4.34
8.515002 4.34
8.545531 4.34
8.556377 4.34
8.592127 4.34
8.602877 4.34
8.633529 4.34
8.644260 4.34
8.680128 4.34
8.691003 4.34
8.721531 4.34
8.732407 4.34
8.768128 4.34
8.778879 4.34
8.809532 4.34
8.820406 4.34
8.856129 4.34
8.867004 4.34
8.897532 4.34
8.908257 4.34
8.944130 4.34
8.954880 4.34
8.985534 4.34
8.996407 4.34
9.032130 4.34
9.042880 4.34
9.073408 4.34
9.089536 4.34
9.120131 4.34
9.131006 4.34
9.161536 4.34
9.172260 4.34
9.208131 4.34
9.219006 4.34
9.249537 4.34
9.260411 4.34
9.296132 4.34
9.307008 4.34
9.337538 4.34
9.348412 4.34
9.384133 4.34
9.394883 4.34
9.425536 4.34
9.436413 4.34
9.472133 4.34
9.483008 4.34
9.513541 4.34
9.524413 4.34
9.560009 4.34
9.576134 4.34
9.601134 4.34
9.611885 4.34
9.642539 4.34
9.653414 4.34
9.689135 4.34
9.700010 4.34
9.730539 4.34
9.741414 4.34
9.777010 4.34
9.792886 4.34
9.818135 4.34
9.829011 4.34
9.859413 4.34
9.875540 4.34
9.906137 4.34
9.917012 4.34
9.947542 4.34
9.958415 4.34
9.994137 4.34
10.005012 4.34
10.035543 4.34
10.046417 4.34
10.082138 4.34
10.092888 4.34
10.123541 4.34
10.134267 4.34
10.170138 4.34
10.181014 4.34
10.211543 4.34
10.222417 4.34
10.258014 4.34
10.274139 4.34
10.299139 4.34
10.309890 4.34
10.340541 4.34
10.351266 4.34
10.387140 4.34
10.398015 4.34
10.428545 4.34
10.439421 4.34
10.475140 4.34
10.486016 4.34
10.516543 4.34
10.527270 4.34
10.563016 4.34
10.579141 4.34
10.604141 4.34
10.614892 4.34
10.645546 4.34
10.656422 4.34
10.692017 4.34
10.708017 4.34
10.733142 4.34
10.744017 4.34
10.774419 4.34
10.790420 4.34
10.821143 4.34
10.831893 4.34
10.862547 4.34
10.873423 4.34
10.909144 4.34
10.920019 4.34
10.950548 4.34
10.961423 4.34
10.997144 4.34
11.008020 4.34
11.038549 4.34
11.049424 4.34
11.079895 4.34
11.096020 4.34
11.120895 4.34
11.133271 4.34
11.161896 4.34
11.178021 4.34
11.202896 4.34
11.219021 4.34
11.244021 4.34
11.254896 4.34
11.285146 4.34
11.295897 4.34
11.326426 4.34
11.337301 4.34
11.373022 4.34
11.383787 4.34
11.414147 4.34
11.425022 4.34
11.455549 4.34
11.466274 4.34
11.496788 4.34
11.507542 4.34
11.538023 4.34
11.548898 4.34
11.579149 4.34
11.590023 4.34
11.620427 4.34
11.631276 4.34
11.667024 4.34
11.677900 4.34
11.708149 4.34
11.718899 4.34
11.749555 4.34
11.760429 4.34
11.790793 4.34
11.801542 4.34
11.831900 4.34
11.848025 4.34
11.873026 4.34
11.883776 4.34
11.914151 4.34
11.924901 4.34
11.955428 4.34
11.966152 4.34
12.002026 4.34
12.012902 4.34
12.043152 4.34
12.053902 4.34
12.084555 4.34
12.095309 4.34
12.125903 4.34
12.142028 4.34
12.167028 4.34
12.177778 4.34
12.208299 4.34
12.224432 4.34
12.255029 4.34
12.265903 4.34
12.296299 4.34
12.312433 4.34
12.337671 4.34
12.353904 4.34
12.379029 4.34
12.389904 4.34
12.420154 4.34
12.430905 4.34
12.461559 4.34
12.472433 4.34
12.502905 4.34
12.519031 4.34
12.544031 4.34
12.554781 4.34
12.585156 4.34
12.595906 4.34
12.626558 4.34
12.637283 4.34
12.667796 4.34
12.678547 4.34
12.709156 4.34
12.720031 4.34
12.750562 4.34
12.761437 4.34
12.791907 4.34
12.808033 4.34
12.832908 4.34
12.849033 4.34
12.873908 4.34
12.890033 4.34
12.914908 4.34
12.931033 4.34
12.955909 4.34
12.972033 4.34
12.996909 4.34
13.013034 4.34
13.038034 4.34
13.048909 4.34
13.079159 4.34
13.090034 4.34
13.120563 4.34
13.131286 4.34
13.161910 4.34
13.178035 4.34
13.202910 4.34
13.218911 4.34
13.243911 4.34
13.260035 4.34
13.285036 4.34
13.295911 4.34
13.326161 4.34
13.338802 4.34
13.367438 4.34
13.378162 4.34
13.414037 4.34
13.424787 4.34
13.455162 4.34
13.467555 4.34
13.496441 4.34
13.507288 4.34
13.537913 4.34
13.554038 4.34
13.579038 4.34
13.589788 4.34
13.620163 4.34
13.632554 4.34
13.661441 4.34
13.672290 4.34
13.702915 4.34
13.719039 4.34
13.743914 4.34
13.759914 4.34
13.784914 4.34
13.801039 4.34
13.825915 4.34
13.842040 4.34
13.866915 4.34
13.883040 4.34
13.908040 4.34
13.918916 4.34
13.949165 4.34
13.961557 4.34
13.995807 4.34
14.008170 4.34
14.036916 4.34
14.047792 4.34
14.077916 4.34
14.088792 4.34
14.119042 4.34
14.129917 4.34
14.160167 4.34
14.176167 4.34
14.206813 4.34
14.222811 4.34
14.247918 4.34
14.258793 4.34
14.288918 4.34
14.299793 4.34
14.329918 4.34
14.340793 4.34
14.370919 4.34
14.381794 4.34
14.411919 4.34
14.422794 4.34
14.452919 4.34
14.463794 4.34
14.493920 4.34
14.504795 4.34
14.534919 4.34
14.545795 4.34
14.575920 4.34
14.586795 4.34
14.617045 4.34
14.627921 4.34
14.658171 4.34
14.674171 4.34
14.699298 4.34
14.710171 4.34
14.745814 4.34
14.761814 4.34
14.787047 4.34
14.797922 4.34
14.828172 4.34
14.844172 4.34
14.874814 4.34
14.890814 4.34
14.915923 4.34
14.926798 4.34
14.956923 4.34
14.967798 4.34
14.997923 4.34
15.008798 4.34
15.038923 4.34
15.049799 4.34
15.079924 4.34
15.090799 4.34
15.120924 4.34
15.131799 4.34
15.161924 4.34
15.172800 4.34
15.202925 4.34
15.213800 4.34
15.243924 4.34
15.254800 4.34
15.284925 4.34
15.295800 4.34
15.325926 4.34
15.336800 4.34
15.366926 4.34
15.377801 4.34
15.407926 4.34
15.418801 4.34
15.449051 4.34
15.459802 4.34
15.490177 4.34
15.506176 4.34
15.531427 4.34
15.542177 4.34
15.572818 4.34
15.588817 4.34
15.613927 4.34
15.624802 4.34
15.654928 4.34
15.665803 4.34
15.696053 4.34
15.708568 4.34
15.740305 4.34
15.751178 4.34
15.786819 4.34
15.802819 4.34
15.827929 4.34
15.838804 4.34
15.868929 4.34
15.879804 4.34
15.909929 4.34
15.920805 4.34
15.950930 4.34
15.961805 4.34
15.991930 4.34
16.002805 4.34
16.032931 4.34
16.043806 4.34
16.073931 4.34
16.084806 4.34
16.114931 4.34
16.125806 4.34
16.155931 4.34
16.166806 4.34
16.196931 4.34
16.207807 4.34
16.237932 4.34
16.248808 4.34
16.278932 4.34
16.289808 4.34
16.319933 4.34
16.330808 4.34
16.360933 4.34
16.371808 4.34
16.401933 4.34
16.412809 4.34
16.442933 4.34
16.453809 4.34
16.483934 4.34
16.494809 4.34
16.524934 4.34
16.535809 4.34
16.565934 4.34
16.576810 4.34
16.606935 4.34
16.617810 4.34
16.647935 4.34
16.658811 4.34
16.688935 4.34
16.699811 4.34
16.729935 4.34
16.740811 4.34
16.770936 4.34
16.781704 4.34
16.812186 4.34
16.822936 4.34
16.855063 4.34
16.865812 4.34
16.896313 4.34
16.907187 4.34
16.937828 4.34
16.948579 4.34
16.978937 4.34
16.989813 4.34
17.019938 4.34
17.030813 4.34
17.060937 4.34
17.071814 4.34
17.101937 4.34
17.112828 4.34
17.143063 4.34
17.158939 4.34
17.184189 4.34
17.195064 4.34
17.230829 4.34
17.241581 4.34
17.272064 4.34
17.287939 4.34
17.313316 4.34
17.324189 4.34
17.354832 4.34
17.365582 4.34
17.395940 4.34
17.406815 4.34
17.437065 4.34
17.453066 4.34
17.478318 4.34
17.489191 4.34
17.519834 4.34
17.530581 4.34
17.561067 4.34
17.576942 4.34
17.602318 4.34
17.613192 4.34
17.643832 4.34
17.654585 4.34
17.685068 4.34
17.700942 4.34
17.726319 4.34
17.737193 4.34
17.767834 4.34
17.778585 4.34
17.808943 4.34
17.819819 4.34
17.850068 4.34
17.866069 4.34
17.891320 4.34
17.902194 4.34
17.932586 4.34
17.943320 4.34
17.973945 4.34
17.984820 4.34
18.015070 4.34
18.031070 4.34
18.056195 4.34
18.067070 4.34
18.097836 4.34
18.108600 4.34
18.139071 4.34
18.155071 4.34
18.183322 4.34
18.194196 4.34
18.224838 4.34
18.235589 4.34
18.266071 4.34
18.281947 4.34
18.307323 4.34
18.318197 4.34
18.348840 4.34
18.359590 4.34
18.389948 4.34
18.400823 4.34
18.431073 4.34
18.447073 4.34
18.472324 4.34
18.483198 4.34
18.518842 4.34
18.529588 4.34
18.560074 4.34
18.575949 4.34
18.603083 4.34
18.613824 4.34
18.644199 4.34
18.654949 4.34
18.690841 4.34
18.701592 4.34
18.731825 4.34
18.742592 4.34
18.772826 4.34
18.783593 4.34
18.813826 4.34
18.824593 4.34
18.854826 4.34
18.865594 4.34
18.895826 4.34
18.906592 4.34
18.936826 4.34
18.947593 4.34
18.977951 4.34
18.990481 4.34
19.019077 4.34
19.035077 4.34
19.062087 4.34
19.072828 4.34
19.104962 4.34
19.115844 4.34
19.146077 4.34
19.162078 4.34
19.188962 4.34
19.199844 4.34
19.230078 4.34
19.246078 4.34
19.272963 4.34
19.283847 4.34
19.314079 4.34
19.330079 4.34
19.356963 4.34
19.367848 4.34
19.398079 4.34
19.414080 4.34
19.444470 4.34
19.455205 4.34
19.485846 4.34
19.496598 4.34
19.527081 4.34
19.543081 4.34
19.568206 4.34
19.578956 4.34
19.609610 4.34
19.625723 4.34
19.650957 4.34
19.663333 4.34
19.692207 4.34
19.702957 4.34
19.733609 4.34
19.745967 4.34
19.774958 4.34
19.790958 4.34
19.816083 4.34
19.826833 4.34
19.862475 4.34
19.878476 4.34
19.903848 4.34
19.914599 4.34
19.945084 4.34
19.955959 4.34
19.991476 4.34
20.007476 4.34
20.032852 4.34
20.043601 4.34
20.074084 4.34
20.084835 4.34
20.120489 4.34
20.136489 4.34
20.161960 4.34
20.177960 4.34
20.203085 4.34
20.213836 4.34
20.249490 4.34
20.265479 4.34
20.290853 4.34
20.301604 4.34
20.332087 4.34
20.342961 4.34
20.373212 4.34
20.383962 4.34
20.414617 4.34
20.430731 4.34
20.455838 4.34
20.466602 4.34
20.496838 4.34
20.507605 4.34
20.537963 4.34
20.553963 4.34
20.579088 4.34
20.589963 4.34
20.625491 4.34
20.641481 4.34
20.666857 4.34
20.677604 4.34
20.708089 4.34
20.718964 4.34
20.754494 4.34
20.765214 4.34
20.795859 4.34
20.806605 4.34
20.837090 4.34
20.847840 4.34
20.883483 4.34
20.899480 4.34
20.924860 4.34
20.935607 4.34
20.965966 4.34
20.981966 4.34
21.007091 4.34
21.017966 4.34
21.053484 4.34
21.069485 4.34
21.094857 4.34
21.105608 4.34
21.136092 4.34
21.146967 4.34
21.182497 4.34
21.198483 4.34
21.223859 4.34
21.234611 4.34
21.265093 4.34
21.275968 4.34
21.311487 4.34
21.327486 4.34
21.352860 4.34
21.363613 4.34
21.394094 4.34
21.404969 4.34
21.440486 4.34
21.456485 4.34
21.481863 4.34
21.492613 4.34
21.523095 4.34
21.533970 4.34
21.569497 4.34
21.580221 4.34
21.610860 4.34
21.623347 4.34
21.652096 4.34
21.662971 4.34
21.698500 4.34
21.714492 4.34
21.739865 4.34
21.752348 4.34
21.781097 4.34
21.791972 4.34
21.823973 4.34
21.834865 4.34
21.865097 4.34
21.875972 4.34
21.907974 4.34
21.918866 4.34
21.949098 4.34
21.959848 4.34
21.991850 4.34
22.002742 4.34
22.032848 4.34
22.045224 4.34
22.073973 4.34
22.089849 4.34
22.115100 4.34
22.125974 4.34
22.161491 4.34
22.177490 4.34
22.202868 4.34
22.215225 4.34
22.244100 4.34
22.254850 4.34
22.290506 4.34
22.306491 4.34
22.331867 4.34
22.347865 4.34
22.373101 4.34
22.383851 4.34
22.419494 4.34
22.431883 4.34
22.460870 4.34
22.476867 4.34
22.501852 4.34
22.517853 4.34
22.542853 4.34
22.558978 4.34
22.583978 4.34
22.599978 4.34
22.625103 4.34
22.635978 4.34
22.671506 4.34
22.687384 4.34
22.712854 4.34
22.728854 4.34
22.753854 4.34
22.769854 4.34
22.794855 4.34
22.810980 4.34
22.835854 4.34
22.851854 4.34
22.876980 4.34
22.892855 4.34
22.918105 4.34
22.928980 4.34
22.964510 4.34
22.980497 4.34
23.005878 4.34
23.021874 4.34
23.047106 4.34
23.057981 4.34
23.093508 4.34
23.109357 4.34
23.134874 4.34
23.150872 4.34
23.175982 4.34
23.191857 4.34
23.217107 4.34
23.227857 4.34
23.263511 4.34
23.279358 4.34
23.304983 4.34
23.320983 4.34
23.346108 4.34
23.356983 4.34
23.392511 4.34
23.408500 4.34
23.433875 4.34
23.449874 4.34
23.474984 4.34
23.490859 4.34
23.516109 4.34
23.526984 4.34
23.562515 4.34
23.578500 4.34
23.603875 4.34
23.619860 4.34
23.644860 4.34
23.660861 4.34
23.685986 4.34
23.701861 4.34
23.727110 4.34
23.737986 4.34
23.773363 4.34
23.789363 4.34
23.814879 4.34
23.830877 4.34
23.856112 4.34
23.866862 4.34
23.902504 4.34
23.918504 4.34
23.943877 4.34
23.959863 4.34
23.984863 4.34
24.000988 4.34
24.025863 4.34
24.041863 4.34
24.066988 4.34
24.082988 4.34
24.109865 4.34
24.120642 4.34
24.150989 4.34
24.166989 4.34
24.192114 4.34
24.202989 4.34
24.238507 4.34
24.254507 4.34
24.279882 4.34
24.295865 4.34
24.320990 4.34
24.336865 4.34
24.363866 4.34
24.374631 4.34
24.404990 4.34
24.415759 4.34
24.447867 4.34
24.458634 4.34
24.488991 4.34
24.499759 4.34
24.531868 4.34
24.542633 4.34
24.572992 4.34
24.583759 4.34
24.615869 4.34
24.626635 4.34
24.656992 4.34
24.667759 4.34
24.699869 4.34
24.710760 4.34
24.740993 4.34
24.751760 4.34
24.787243 4.34
24.797993 4.34
24.828760 4.34
24.841243 4.34
24.869994 4.34
24.880761 4.34
24.916244 4.34
24.926994 4.34
24.957649 4.34
24.968372 4.34
24.998995 4.34
25.009760 4.34
25.045245 4.34
25.069650 4.34
25.080522 4.34
25.110996 4.34
25.121761 4.34
25.157246 4.34
25.181648 4.34
25.192372 4.34
25.222997 4.34
25.233762 4.34
25.269247 4.34
25.293650 4.34
25.304372 4.34
25.334997 4.34
25.345764 4.34
25.381248 4.34
25.405651 4.34
25.416528 4.34
25.446873 4.34
25.457639 4.34
25.487998 4.34
25.498764 4.34
25.534256 4.34
25.544999 4.34
25.575652 4.34
25.586529 4.34
25.617000 4.34
25.627765 4.34
25.663257 4.34
25.674125 4.34
25.704640 4.34
25.715375 4.34
25.746000 4.34
25.756765 4.34
25.792258 4.34
25.803000 4.34
25.833653 4.34
25.844376 4.34
25.874877 4.34
25.885641 4.34
25.916002 4.34
25.926766 4.34
25.962261 4.34
25.986657 4.34
25.997377 4.34
26.028002 4.34
26.038771 4.34
26.074261 4.34
26.098657 4.34
26.109531 4.34
26.140003 4.34
26.150878 4.34
26.186262 4.34
26.210656 4.34
26.221408 4.34
26.251879 4.34
26.262771 4.34
26.293004 4.34
26.303770 4.34
26.339257 4.34
26.355259 4.34
26.380534 4.34
26.391258 4.34
26.421880 4.34
26.437880 4.34
26.462880 4.34
26.473772 4.34
26.504006 4.34
26.514773 4.34
26.550258 4.34
26.574771 4.34
26.604259 4.34
26.620261 4.34
26.645772 4.34
26.661774 4.34
26.686882 4.34
26.702883 4.34
26.728007 4.34
26.738883 4.34
26.769410 4.34
26.785410 4.34
26.810883 4.34
26.826883 4.34
26.852009 4.34
26.862883 4.34
26.898262 4.34
26.914262 4.34
26.939538 4.34
26.950413 4.34
26.980884 4.34
26.997009 4.34
27.021884 4.34
27.032776 4.34
27.062885 4.34
27.073777 4.34
27.103886 4.34
27.114777 4.34
27.145011 4.34
27.155776 4.34
27.191265 4.34
27.207265 4.34
27.232776 4.34
27.262265 4.34
27.278267 4.34
27.303776 4.34
27.319776 4.34
27.344887 4.34
27.355779 4.34
27.385887 4.34
27.396779 4.34
27.426887 4.34
27.437780 4.34
27.468013 4.34
27.478780 4.34
27.514266 4.34
27.530267 4.34
27.555779 4.34
27.571780 4.34
27.596889 4.34
27.607781 4.34
27.638014 4.34
27.648779 4.34
27.684267 4.34
27.708781 4.34
27.724890 4.34
27.749890 4.34
27.760783 4.34
27.791015 4.34
27.801890 4.34
27.837266 4.34
27.853270 4.34
27.878783 4.34
27.894782 4.34
27.919891 4.34
27.930781 4.34
27.960891 4.34
27.971766 4.34
28.002017 4.34
28.012783 4.34
28.048273 4.34
28.059270 4.34
28.089785 4.34
28.105784 4.34
28.130893 4.34
28.141784 4.34
28.172018 4.34
28.182893 4.34
28.218269 4.34
28.234269 4.34
28.259783 4.34
28.275785 4.34
28.300894 4.34
28.311785 4.34
28.341894 4.34
28.352787 4.34
28.382895 4.34
28.393786 4.34
28.424020 4.34
28.434895 4.34
28.470271 4.34
28.486271 4.34
28.511785 4.34
28.527787 4.34
28.553021 4.34
28.563770 4.34
28.599273 4.34
28.615276 4.34
28.640552 4.34
28.651425 4.34
28.681788 4.34
28.692539 4.34
28.722897 4.34
28.733786 4.34
28.763897 4.34
28.774772 4.34
28.805023 4.34
28.815772 4.34
28.846274 4.34
28.862274 4.34
28.887791 4.34
28.903790 4.34
28.928774 4.34
28.939540 4.34
28.969899 4.34
28.980774 4.34
29.010899 4.34
29.021774 4.34
29.057149 4.34
29.068024 4.34
29.098667 4.34
29.114525 4.34
29.139800 4.34
29.155790 4.34
29.181025 4.34
29.191775 4.34
29.227277 4.34
29.243277 4.34
29.268793 4.34
29.284792 4.34
29.310026 4.34
29.320902 4.34
29.356278 4.34
29.372278 4.34
29.397794 4.34
29.413792 4.34
29.438902 4.34
29.449777 4.34
29.479902 4.34
29.490777 4.34
29.520902 4.34
29.531778 4.34
29.561903 4.34
29.572778 4.34
29.602903 4.34
29.613794 4.34
29.643903 4.34
29.654779 4.34
29.686655 4.34
29.697559 4.34
29.729656 4.34
29.740556 4.34
29.770905 4.34
29.781797 4.34
29.813656 4.34
29.824433 4.34
29.854905 4.34
29.865797 4.34
29.897656 4.34
29.908558 4.34
29.938905 4.34
29.949798 4.34
29.981657 4.34
29.992557 4.34
30.022906 4.34
30.033798 4.34
30.065658 4.34
30.076561 4.34
30.106907 4.34
30.117798 4.34
30.153156 4.34
30.169316 4.34
30.194563 4.34
30.207157 4.34
30.235908 4.34
30.246798 4.34
30.278659 4.34
30.289562 4.34
30.319801 4.34
30.330550 4.34
30.362660 4.34
30.373437 4.34
30.403799 4.34
30.414551 4.34
30.450159 4.34
30.462691 4.34
30.491676 4.34
30.507802 4.34
30.532910 4.34
30.543799 4.34
30.579160 4.34
30.595160 4.34
30.620439 4.34
30.631160 4.34
30.661803 4.34
30.672554 4.34
30.702911 4.34
30.713786 4.34
30.749161 4.34
30.765287 4.34
30.790287 4.34
30.801161 4.34
30.831567 4.34
30.847805 4.34
30.872804 4.34
30.883555 4.34
30.919288 4.34
30.930162 4.34
30.960807 4.34
30.971558 4.34
31.007164 4.34
31.023163 4.34
31.048440 4.34
31.059163 4.34
31.089806 4.34
31.100554 4.34
31.136039 4.34
31.146789 4.34
31.177164 4.34
31.193039 4.34
31.218444 4.34
31.229165 4.34
31.259808 4.34
31.270558 4.34
31.306165 4.34
31.322166 4.34
31.347572 4.34
31.363807 4.34
31.388916 4.34
31.399806 4.34
31.435041 4.34
31.445808 4.34
31.476166 4.34
31.492042 4.34
31.517572 4.34
31.533809 4.34
31.558809 4.34
31.569558 4.34
31.605042 4.34
31.615918 4.34
31.646168 4.34
31.662043 4.34
31.687573 4.34
31.703571 4.34
31.728919 4.34
31.739810 4.34
31.775044 4.34
31.785794 4.34
31.816169 4.34
31.832044 4.34
31.857448 4.34
31.868295 4.34
31.898919 4.34
31.909795 4.34
31.945045 4.34
31.955920 4.34
31.986170 4.34
32.002045 4.34
32.027449 4.34
32.038297 4.34
32.068811 4.34
32.079561 4.34
32.109796 4.34
32.120562 4.34
32.150797 4.34
32.161562 4.34
32.191797 4.34
32.202564 4.34
32.232797 4.34
32.243564 4.34
32.273923 4.34
32.284798 4.34
32.320173 4.34
32.336173 4.34
32.361453 4.34
32.372298 4.34
32.402816 4.34
32.413565 4.34
32.449048 4.34
32.461550 4.34
32.490174 4.34
32.506174 4.34
32.531453 4.34
32.544049 4.34
32.572817 4.34
32.583565 4.34
32.613800 4.34
32.624567 4.34
32.654800 4.34
32.665568 4.34
32.697552 4.34
32.708302 4.34
32.738819 4.34
32.749567 4.34
32.785051 4.34
32.795801 4.34
32.826176 4.34
32.842177 4.34
32.867426 4.34
32.878177 4.34
32.908819 4.34
32.919570 4.34
32.951553 4.34
32.962304 4.34
32.994554 4.34
33.005304 4.34
33.037554 4.34
33.048428 4.34
33.078818 4.34
33.089568 4.34
33.125053 4.34
33.135803 4.34
33.166179 4.34
33.177054 4.34
33.207696 4.34
33.218696 4.34
33.254179 4.34
33.270054 4.34
33.295430 4.34
33.307930 4.34
33.336822 4.34
33.347571 4.34
33.383055 4.34
33.395431 4.34
33.424307 4.34
33.435180 4.34
33.465824 4.34
33.476571 4.34
33.512056 4.34
33.524433 4.34
33.553308 4.34
33.564181 4.34
33.594822 4.34
33.605572 4.34
33.641057 4.34
33.657057 4.34
33.682182 4.34
33.698057 4.34
33.723433 4.34
33.735933 4.34
33.764587 4.34
33.775310 4.34
33.807435 4.34
33.818310 4.34
33.848825 4.34
33.859577 4.34
33.889934 4.34
33.900809 4.34
33.930934 4.34
33.941810 4.34
33.971934 4.34
33.982810 4.34
34.012934 4.34
34.023809 4.34
34.053935 4.34
34.064810 4.34
34.094935 4.34
34.105827 4.34
34.135936 4.34
34.146811 4.34
34.176936 4.34
34.187811 4.34
34.217936 4.34
34.228811 4.34
34.258937 4.34
34.269811 4.34
34.299936 4.34
34.310812 4.34
34.340937 4.34
34.351812 4.34
34.381937 4.34
34.392812 4.34
34.422938 4.34
34.433813 4.34
34.463938 4.34
34.474813 4.34
34.504938 4.34
34.515814 4.34
34.546064 4.34
34.562064 4.34
34.587189 4.34
34.597939 4.34
34.628592 4.34
34.639316 4.34
34.675064 4.34
34.691065 4.34
34.716190 4.34
34.727065 4.34
34.757595 4.34
34.768440 4.34
34.804191 4.34
34.814940 4.34
34.845592 4.34
34.856441 4.34
34.892066 4.34
34.908066 4.34
34.933191 4.34
34.944066 4.34
34.974597 4.34
34.985442 4.34
35.021067 4.34
35.037067 4.34
35.062319 4.34
35.073192 4.34
35.103709 4.34
35.114459 4.34
35.150068 4.34
35.166068 4.34
35.191319 4.34
35.202193 4.02
35.232598 4.34
35.243319 4.34
35.279069 4.34
35.294944 4.34
35.320320 4.34
35.331194 4.34
35.361837 4.34
35.372587 4.34
35.403069 4.34
35.418945 4.34
35.444195 4.34
35.454945 4.34
35.485600 4.34
35.496463 4.34
35.532070 4.34
35.548070 4.34
35.573323 4.34
35.584196 4.34
35.616448 4.34
35.627323 4.34
35.657837 4.34
35.668589 4.34
35.699072 4.34
35.715072 4.34
35.740323 4.34
35.752947 4.34
35.781839 4.34
35.792590 4.34
35.823073 4.34
35.839198 4.34
35.864198 4.34
35.874948 4.34
35.905478 4.34
35.921590 4.34
35.948450 4.34
35.959325 4.34
35.991451 4.34
36.002325 4.34
36.034451 4.34
36.045326 4.34
36.077451 4.34
36.088354 4.34
36.120451 4.34
36.131200 4.34
36.167075 4.34
36.182951 4.34
36.208356 4.34
36.224479 4.34
36.249718 4.34
36.260468 4.34
36.296201 4.34
36.307076 4.34
36.337718 4.34
36.353717 4.34
36.384202 4.34
36.395077 4.34
36.425717 4.34
36.436471 4.34
36.472202 4.34
36.483077 4.34
36.513720 4.34
36.524719 4.34
36.560078 4.34
36.576078 4.34
36.601330 4.34
36.617468 4.34
36.642605 4.34
36.653330 4.34
36.683954 4.34
36.700079 4.34
36.725079 4.34
36.735954 4.34
36.766331 4.34
36.778830 4.34
36.807608 4.34
36.818331 4.34
36.848955 4.34
36.865080 4.34
36.890080 4.34
36.900955 4.34
36.931333 4.34
36.947332 4.34
36.978080 4.34
36.988831 4.34
37.019207 4.34
37.029956 4.34
37.060612 4.34
37.071486 4.34
37.101831 4.34
37.112600 4.34
37.142958 4.34
37.159082 4.34
37.184083 4.34
37.194833 4.34
37.225334 4.34
37.241474 4.34
37.266613 4.34
37.277334 4.34
37.307958 4.34
37.324083 4.34
37.349083 4.34
37.359959 4.34
37.390209 4.34
37.400959 4.34
37.431614 4.34
37.442488 4.34
37.472960 4.34
37.489085 4.34
37.514085 4.34
37.524835 4.34
37.555337 4.34
37.571489 4.34
37.602086 4.34
37.612961 4.34
37.643337 4.34
37.659490 4.34
37.684616 4.34
37.695490 4.34
37.725961 4.34
37.741961 4.34
37.767087 4.34
37.777962 4.34
37.808338 4.34
37.824489 4.34
37.855087 4.34
37.865838 4.34
37.896339 4.34
37.912493 4.34
37.937616 4.34
37.948339 4.34
37.978838 4.34
37.989604 4.34
38.019963 4.34
38.035963 4.34
38.061089 4.34
38.071964 4.34
38.102340 4.34
38.118493 4.34
38.149089 4.34
38.159840 4.34
38.190340 4.34
38.206493 4.34
38.233344 4.34
38.244215 4.34
38.274620 4.34
38.285495 4.34
38.315966 4.34
38.331966 4.34
38.357091 4.34
38.367966 4.34
38.398216 4.34
38.408966 4.34
38.439621 4.34
38.450496 4.34
38.480967 4.34
38.496967 4.34
38.522092 4.34
38.532842 4.34
38.563344 4.34
38.579496 4.34
38.606347 4.34
38.617218 4.34
38.653093 4.34
38.663843 4.34
38.694344 4.34
38.710344 4.34
38.741094 4.34
38.751844 4.34
38.782345 4.34
38.798498 4.34
38.829095 4.34
38.839970 4.34
38.870345 4.34
38.886346 4.34
38.913349 4.34
38.924220 4.34
38.956349 4.34
38.967220 4.34
38.997501 4.34
39.008221 4.34
39.044096 4.34
39.054971 4.34
39.085347 4.34
39.101500 4.34
39.132096 4.34
39.142972 4.34
39.173348 4.34
39.189348 4.34
39.220097 4.34
39.230847 4.34
39.261348 4.34
39.277500 4.34
39.304227 4.34
39.314973 4.34
39.347265 4.34
39.357973 4.34
39.393973 4.34
39.409974 4.34
39.435099 4.34
39.445974 4.34
39.476224 4.34
39.492377 4.34
39.517503 4.34
39.528368 4.34
39.558849 4.34
39.571229 4.34
39.599975 4.34
39.610850 4.34
39.641100 4.34
39.651850 4.34
39.682352 4.34
39.693225 4.34
39.728866 4.34
39.744868 4.34
39.770101 4.34
39.780976 4.34
39.811353 4.34
39.822226 4.34
39.857867 4.34
39.873869 4.34
39.899102 4.34
39.909852 4.34
39.940354 4.34
39.951228 4.34
39.981507 4.34
39.992354 4.34
40.022870 4.34
40.038978 4.34
40.064103 4.34
40.074978 4.34
40.105384 4.34
40.116228 4.34
40.146870 4.34
40.162871 4.34
40.188104 4.34
40.198854 4.34
40.229355 4.34
40.240230 4.34
40.275870 4.34
40.291870 4.34
40.317104 4.34
40.327855 4.34
40.358230 4.34
40.374230 4.34
40.404870 4.34
40.420873 4.34
40.446106 4.34
40.456981 4.34
40.487386 4.34
40.498231 4.34
40.528873 4.34
40.544872 4.34
40.570107 4.34
40.580982 4.34
40.611359 4.34
40.622232 4.34
40.657873 4.34
40.673876 4.34
40.699108 4.34
40.709858 4.34
40.740360 4.34
40.751233 4.34
40.786874 4.34
40.802876 4.34
40.828109 4.34
40.838984 4.34
40.869234 4.34
40.885234 4.34
40.915875 4.34
40.931875 4.34
40.957109 4.34
40.967985 4.34
40.998361 4.34
41.009235 4.34
41.044878 4.34
41.060878 4.34
41.086111 4.34
41.096985 4.34
41.127362 4.34
41.138236 4.34
41.173879 4.34
41.189879 4.34
41.215112 4.34
41.225987 4.34
41.256363 4.34
41.267237 4.34
41.297880 4.34
41.313880 4.34
41.339112 4.34
41.349862 4.34
41.380514 4.34
41.391364 4.34
41.421878 4.34
41.437881 4.34
41.463113 4.34
41.473988 4.34
41.504365 4.34
41.515239 4.34
41.550881 4.34
41.566881 4.34
41.592114 4.34
41.602989 4.34
41.633366 4.34
41.644240 4.34
41.679880 4.34
41.695882 4.34
41.721115 4.34
41.733633 4.34
41.762395 4.34
41.773116 4.34
41.808883 4.34
41.824884 4.34
41.850116 4.34
41.862508 4.34
41.891241 4.34
41.907241 4.34
41.937884 4.34
41.953882 4.34
41.979117 4.34
41.991521 4.34
42.020367 4.34
42.031117 4.34
42.061646 4.34
42.074122 4.34
42.102993 4.34
42.113760 4.34
42.144118 4.34
42.156509 4.34
42.185244 4.34
42.201243 4.34
42.231885 4.34
42.247888 4.34
42.273119 4.34
42.285510 4.34
42.314370 4.34
42.325119 4.34
42.355637 4.34
42.366370 4.34
42.396995 4.34
42.407763 4.34
42.438120 4.34
42.454120 4.34
42.479245 4.34
42.489995 4.34
42.525888 4.34
42.536636 4.34
42.566871 4.34
42.577639 4.34
42.607872 4.34
42.618640 4.34
42.648872 4.34
42.659639 4.34
42.689997 4.34
42.700766 4.34
42.731122 4.34
42.746997 4.34
42.777763 4.34
42.793764 4.34
42.818998 4.34
42.829766 4.34
42.860123 4.34
42.876123 4.34
42.901374 4.34
42.912123 4.34
42.942640 4.34
42.953374 4.34
42.984000 4.34
42.994767 4.34
43.025125 4.34
43.040999 4.34
43.066375 4.34
43.077125 4.34
43.107642 4.34
43.118375 4.34
43.148767 4.34
43.164767 4.34
43.190001 4.34
43.200768 4.34
43.231126 4.34
43.247126 4.34
43.272376 4.34
43.283126 4.34
43.313644 4.34
43.324377 4.34
43.354877 4.34
43.365645 4.34
43.395877 4.34
43.406645 4.34
43.437002 4.34
43.447770 4.34
43.478128 4.34
43.494127 4.34
43.519406 4.34
43.530261 4.34
43.565769 4.34
43.581643 4.34
43.607003 4.34
43.617878 4.34
43.648129 4.34
43.664004 4.34
43.689409 4.34
43.700129 4.34
43.730880 4.34
43.741773 4.34
43.772005 4.34
43.782880 4.34
43.813130 4.34
43.829130 4.34
43.854410 4.34
43.865259 4.34
43.895899 4.34
43.906773 4.34
43.937131 4.34
43.953131 4.34
43.978410 4.34
43.989259 4.34
44.019899 4.34
44.030772 4.34
44.061131 4.34
44.077007 4.34
44.102412 4.34
44.113261 4.34
44.143900 4.34
44.154775 4.34
44.185008 4.34
44.195883 4.34
44.226133 4.34
44.242133 4.34
44.269161 4.34
44.280009 4.34
44.310776 4.34
44.326774 4.34
44.352009 4.34
44.364537 4.34
44.393134 4.34
44.409134 4.34
44.436157 4.34
44.447010 4.34
44.477777 4.34
44.493777 4.34
44.519010 4.34
44.529885 4.34
44.560135 4.34
44.576136 4.34
44.603146 4.34
44.614011 4.34
44.649776 4.34
44.665776 4.34
44.691011 4.34
44.703416 4.34
44.732137 4.34
44.748137 4.34
44.778034 4.34
44.788887 4.34
44.824779 4.34
44.840780 4.34
44.866012 4.34
44.878418 4.34
44.907138 4.34
44.923139 4.34
44.956779 4.34
44.972781 4.34
44.997888 4.34
45.008781 4.34
45.039014 4.34
45.051420 4.34
45.080139 4.34
45.096139 4.34
45.123043 4.34
45.133890 4.34
45.166046 4.34
45.176890 4.34
45.212658 4.34
45.225045 4.34
45.254016 4.34
45.266420 4.34
45.295140 4.34
45.305891 4.34
45.341784 4.34
45.352543 4.34
45.383017 4.34
45.399017 4.34
45.424142 4.34
45.434892 4.34
45.470784 4.34
45.481548 4.34
45.511892 4.34
45.522785 4.34
45.552893 4.34
45.563784 4.34
45.594018 4.34
45.610018 4.34
45.635143 4.34
45.646018 4.34
45.681545 4.34
45.692270 4.34
45.722894 4.34
45.733784 4.34
45.764019 4.34
45.779894 4.34
45.805144 4.34
45.815894 4.34
45.846271 4.34
45.857145 4.34
45.887788 4.34
45.898538 4.34
45.928896 4.34
45.939787 4.34
45.969895 4.34
45.980771 4.34
46.011021 4.34
46.027021 4.34
46.052146 4.34
46.063021 4.34
46.098787 4.34
46.109549 4.34
46.140022 4.34
46.156022 4.34
46.181147 4.34
46.191897 4.34
46.227552 4.34
46.243553 4.34
46.268899 4.34
46.279788 4.34
46.309898 4.34
46.320774 4.34
46.350898 4.34
46.361790 4.34
46.391899 4.34
46.402773 4.34
46.433024 4.34
46.449024 4.34
46.474149 4.34
46.485025 4.34
46.520551 4.34
46.531276 4.34
46.561900 4.34
46.572793 4.34
46.603025 4.34
46.618900 4.34
46.644150 4.34
46.655026 4.34
46.690541 4.34
46.701277 4.34
46.731901 4.34
46.742793 4.34
46.772901 4.34
46.783777 4.34
46.813901 4.34
46.824777 4.34
46.855027 4.34
46.870902 4.34
46.896152 4.34
46.906902 4.34
46.942555 4.34
46.953279 4.34
46.983903 4.34
46.994795 4.34
47.024903 4.34
47.035778 4.34
47.065903 4.34
47.078433 4.34
47.106904 4.34
47.117796 4.34
47.147904 4.34
47.158779 4.34
47.189029 4.34
47.204904 4.34
47.230154 4.34
47.240905 4.34
47.276546 4.34
47.287281 4.34
47.317905 4.34
47.330434 4.34
47.359030 4.34
47.374906 4.34
47.400155 4.34
47.410906 4.34
47.446561 4.34
47.459041 4.34
47.487798 4.34
47.498673 4.34
47.529032 4.34
47.545032 4.34
47.570157 4.34
47.580907 4.34
47.611563 4.34
47.627550 4.34
47.652783 4.34
47.663551 4.34
47.693908 4.34
47.706285 4.34
47.740694 4.34
47.751691 4.34
47.782294 4.34
47.793301 4.34
47.823920 4.34
47.840168 4.34
47.870821 4.34
47.881820 4.34
47.917413 4.34
47.928163 4.34
47.958803 4.34
47.969555 4.34
48.000161 4.34
48.011161 4.34
48.041566 4.34
48.057551 4.34
48.082804 4.34
48.093679 4.34
48.129414 4.34
48.140164 4.68
48.170805 4.68
48.181680 4.68
48.217442 4.68
48.233442 4.68
48.258912 4.68
48.274787 4.68
48.300037 4.68
48.310912 4.68
48.346442 4.68
48.362441 4.68
48.387804 4.68
48.398554 4.68
48.429039 4.68
48.444914 4.68
48.470164 4.68
48.480913 4.68
48.511566 4.68
48.527441 4.68
48.552808 4.68
48.563558 4.68
48.593789 4.68
48.604557 4.68
48.634789 4.68
48.645556 4.68
48.675790 4.68
48.686557 4.68
48.716791 4.68
48.727558 4.68
48.757791 4.68
48.768558 4.68
48.798791 4.68
48.809556 4.68
48.839916 4.68
48.855791 4.68
48.880917 4.68
48.896917 4.68
48.922042 4.68
48.937917 4.68
48.963167 4.68
48.974042 4.68
49.004572 4.68
49.020570 4.68
49.045808 4.68
49.056559 4.68
49.086918 4.68
49.102918 4.68
49.127918 4.68
49.143793 4.68
49.168919 4.68
49.184919 4.68
49.209919 4.68
49.225794 4.68
49.250919 4.68
49.266920 4.68
49.291920 4.68
49.307920 4.68
49.332919 4.68
49.348920 4.68
49.373921 4.68
49.389920 4.68
49.414920 4.68
49.430921 4.68
49.456045 4.68
49.466921 4.68
49.502438 4.68
49.518439 4.68
49.543690 4.68
49.554439 4.68
49.584921 4.68
49.600797 4.68
49.626047 4.68
49.636797 4.68
49.668923 4.68
49.679814 4.68
49.709923 4.68
49.725923 4.68
49.750923 4.68
49.766799 4.68
49.791923 4.68
49.807798 4.68
49.832923 4.68
49.848799 4.68
49.873923 4.68
49.889799 4.68
49.914924 4.68
49.930799 4.68
49.955924 4.68
49.971799 4.68
49.996925 4.68
50.012800 4.68
50.037925 4.68
50.053800 4.68
50.078925 4.68
50.094800 4.68
50.119926 4.68
50.135801 4.68
50.160925 4.68
50.176801 4.68
50.201926 4.68
50.217801 4.68
50.242926 4.68
50.258801 4.68
50.283927 4.68
50.299801 4.68
50.324927 4.68
50.340802 4.68
50.365927 4.68
50.381802 4.68
50.406927 4.68
50.422803 4.68
50.447928 4.68
50.463803 4.68
50.488928 4.68
50.499803 4.68
50.529928 4.68
50.540804 4.68
50.570928 4.68
50.581804 4.68
50.611929 4.68
50.622805 4.68
50.653054 4.68
50.663804 4.68
50.699429 4.68
50.711806 4.68
50.740820 4.68
50.756822 4.68
50.781806 4.68
50.797805 4.68
50.822805 4.68
50.835181 4.68
50.863806 4.68
50.879931 4.68
50.904806 4.68
50.920806 4.68
50.945807 4.68
50.958181 4.68
50.986807 4.68
51.002807 4.68
51.027807 4.68
51.043807 4.68
51.068807 4.68
51.081182 4.68
51.109822 4.68
51.125825 4.68
51.150808 4.68
51.166808 4.68
51.191808 4.68
51.207809 4.68
51.232809 4.68
51.248809 4.68
51.273809 4.68
51.289808 4.68
51.314809 4.68
51.330809 4.68
51.355809 4.68
51.371826 4.68
51.396810 4.68
51.412825 4.68
51.437810 4.68
51.453935 4.68
51.478810 4.68
51.494811 4.68
51.519811 4.68
51.535811 4.68
51.560811 4.68
51.576811 4.68
51.601811 4.68
51.617811 4.68
51.642811 4.68
51.658811 4.68
51.683812 4.68
51.699812 4.68
51.724812 4.68
51.740937 4.68
51.765813 4.68
51.781812 4.68
51.806813 4.68
51.822812 4.68
51.847813 4.68
51.863813 4.68
51.888938 4.68
51.904814 4.68
51.930064 4.68
51.940814 4.68
51.971439 4.68
51.987318 4.68
52.012829 4.68
52.028829 4.68
52.053939 4.68
52.069815 4.68
52.095064 4.68
52.105815 4.68
52.141457 4.68
52.157457 4.68
52.182832 4.68
52.198815 4.68
52.223941 4.68
52.239816 4.68
52.265066 4.68
52.275816 4.68
52.311317 4.68
52.327318 4.68
52.352596 4.68
52.363318 4.68
52.393942 4.68
52.409817 4.68
52.435066 4.68
52.445818 4.68
52.481460 4.68
52.497460 4.68
52.522834 4.68
52.538943 4.68
52.563943 4.68
52.579943 4.68
52.606820 4.68
52.617584 4.68
52.647944 4.68
52.663944 4.68
52.690820 4.68
52.701584 4.68
52.733820 4.68
52.744588 4.68
52.774945 4.68
52.785820 4.68
52.817821 4.68
52.828586 4.68
52.858820 4.68
52.874945 4.68
52.899821 4.68
52.915839 4.68
52.940946 4.68
52.951821 4.68
52.983822 4.68
52.994589 4.68
53.024822 4.68
53.040838 4.68
53.065947 4.68
53.076822 4.68
53.108823 4.68
53.119589 4.68
53.149947 4.68
53.160823 4.68
53.192699 4.68
53.203714 4.34
53.233948 4.34
53.244823 4.68
53.276729 4.68
53.287716 4.34
53.323198 4.68
53.335728 4.68
53.364714 4.68
53.377074 4.68
53.411199 4.68
53.423729 4.68
53.452716 4.68
53.468841 4.68
53.493950 4.68
53.504841 4.68
53.540200 4.68
53.556200 4.68
53.581602 4.68
53.592327 4.68
53.622825 4.68
53.633593 4.68
53.669201 4.68
53.680076 4.68
53.710606 4.68
53.721467 4.68
53.751827 4.68
53.762594 4.68
53.792952 4.68
53.803827 4.68
53.839202 4.68
53.855202 4.68
53.880482 4.68
53.891329 4.68
53.921953 4.68
53.932843 4.68
53.968203 4.68
53.978953 4.68
54.009721 4.68
54.025845 4.68
54.050847 4.68
54.066846 4.68
54.091954 4.68
54.102719 4.68
54.138204 4.68
54.154079 4.68
54.179609 4.68
54.190473 4.68
54.220955 4.68
54.231830 4.68
54.267205 4.68
54.278080 4.68
54.308610 4.68
54.319483 4.68
54.349956 4.68
54.360831 4.68
54.396206 4.68
54.406956 4.68
54.437608 4.68
54.448474 4.68
54.478957 4.68
54.489832 4.68
54.525207 4.68
54.535957 4.68
54.566613 4.68
54.577485 4.68
54.607958 4.68
54.618833 4.68
54.654207 4.68
54.665083 4.68
54.695612 4.68
54.706477 4.68
54.736959 4.68
54.747834 4.68
54.783209 4.68
54.793959 4.68
54.824614 4.68
54.835490 4.68
54.865960 4.68
54.876835 4.68
54.912210 4.68
54.923085 4.68
54.953489 4.68
54.964210 4.68
54.994853 4.68
55.010853 4.68
55.035961 4.68
55.046836 4.68
55.082211 4.68
55.092961 4.68
55.123615 4.68
55.136086 4.68
55.164837 4.68
55.175602 4.68
55.205963 4.68
55.216837 4.68
55.252212 4.68
55.262963 4.68
55.293617 4.68
55.306087 4.68
55.334963 4.68
55.345838 4.68
55.381213 4.68
55.393714 4.68
55.422617 4.68
55.435088 4.68
55.463964 4.68
55.474839 4.68
55.510214 4.68
55.526214 4.68
55.551619 4.68
55.564214 4.68
55.592965 4.68
55.603840 4.68
55.639215 4.68
55.655215 4.68
55.680734 4.68
55.696606 4.68
55.721966 4.68
55.732841 4.68
55.768216 4.68
55.780718 4.68
55.809732 4.68
55.825609 4.68
55.850860 4.68
55.861610 4.68
55.897216 4.68
55.909718 4.68
55.938622 4.68
55.954623 4.68
55.979842 4.68
55.990611 4.68
56.020968 4.68
56.031843 4.68
56.067218 4.68
56.083218 4.68
56.108734 4.68
56.124735 4.68
56.149861 4.68
56.160612 4.68
56.196219 4.68
56.208612 4.68
56.237737 4.68
56.253860 4.68
56.284219 4.68
56.300220 4.68
56.325738 4.68
56.341860 4.68
56.366862 4.68
56.377614 4.68
56.413221 4.68
56.425597 4.68
56.454625 4.68
56.470625 4.68
56.495847 4.68
56.506612 4.68
56.536972 4.68
56.547847 4.68
56.583222 4.68
56.599222 4.68
56.624626 4.68
56.640501 4.68
56.665973 4.68
56.676848 4.68
56.712223 4.68
56.728097 4.68
56.753625 4.68
56.769627 4.68
56.794973 4.68
56.805849 4.68
56.841223 4.68
56.857099 4.68
56.882629 4.68
56.898503 4.68
56.923849 4.68
56.934616 4.68
56.964850 4.68
56.975617 4.68
57.005975 4.68
57.016850 4.68
57.052225 4.68
57.068101 4.68
57.093630 4.68
57.109630 4.68
57.134851 4.68
57.145600 4.68
57.175850 4.68
57.186600 4.68
57.216850 4.68
57.227600 4.68
57.257850 4.68
57.268601 4.68
57.298851 4.68
57.309601 4.68
57.339851 4.68
57.350601 4.68
57.380852 4.68
57.391602 4.68
57.421852 4.68
57.432602 4.68
57.462852 4.68
57.473602 4.68
57.503852 4.68
57.514603 4.68
57.544852 4.68
57.555603 4.68
57.585853 4.68
57.596603 4.68
57.626853 4.68
57.637603 4.68
57.667853 4.68
57.678603 4.68
57.708854 4.68
57.719604 4.68
57.749854 4.68
57.760604 4.68
57.790854 4.68
57.801605 4.68
57.831855 4.68
57.842605 4.68
57.872855 4.68
57.883606 4.68
57.913855 4.68
57.924605 4.68
57.954856 4.68
57.965605 4.68
57.995856 4.68
58.006606 4.68
58.036856 4.68
58.047606 4.68
58.077856 4.68
58.088607 4.68
58.118857 4.68
58.129607 4.68
58.159857 4.68
58.170607 4.68
58.200857 4.68
58.211607 4.68
58.241857 4.68
58.252608 4.68
58.282857 4.68
58.293608 4.68
58.325609 4.68
58.336359 4.68
58.366609 4.68
58.382484 4.68
58.407609 4.68
58.423484 4.68
58.448610 4.68
58.464484 4.68
58.489610 4.68
58.505485 4.68
58.530610 4.68
58.546485 4.68
58.571610 4.68
58.587485 4.68
58.612611 4.68
58.628486 4.68
58.653611 4.68
58.669486 4.68
58.694611 4.68
58.710486 4.68
58.735611 4.68
58.751486 4.68
58.776612 4.68
58.792487 4.68
58.817612 4.68
58.833487 4.68
58.858613 4.68
58.874488 4.68
58.899613 4.68
58.915488 4.68
58.940613 4.68
58.956488 4.68
58.981614 4.68
58.997488 4.68
59.022614 4.68
59.038489 4.68
59.063614 4.68
59.079489 4.68
59.104614 4.68
59.120489 4.68
59.145614 4.68
59.161490 4.68
59.186615 4.68
59.202490 4.68
59.227615 4.68
59.243490 4.68
59.268616 4.68
59.284490 4.68
59.309616 4.68
59.325491 4.68
59.350616 4.68
59.361366 4.68
59.391616 4.68
59.402367 4.68
59.432616 4.68
59.443368 4.68
59.473759 4.68
59.484510 4.68
59.520243 4.68
59.530993 4.68
59.561761 4.68
59.572511 4.68
59.608244 4.68
59.618994 4.68
59.649648 4.68
59.660522 4.68
59.696119 4.68
59.712119 4.68
59.737370 4.68
59.748120 4.68
59.778637 4.68
59.789370 4.68
59.825245 4.68
59.836120 4.68
59.866649 4.68
59.877522 4.68
59.913245 4.68
59.923996 4.68
59.954638 4.68
59.965523 4.68
60.000996 4.68
60.011764 4.68
60.042122 4.68
60.058247 4.68
60.083247 4.68
60.093997 4.68
60.124650 4.68
60.135524 4.68
60.171247 4.68
60.181998 4.68
60.212638 4.68
60.223373 4.68
60.259248 4.68
60.270123 4.68
60.300656 4.68
60.311527 4.68
60.347257 4.68
60.358124 4.68
60.388651 4.68
60.399374 4.68
60.435257 4.68
60.446124 4.68
60.476653 4.68
60.487530 4.68
60.523258 4.68
60.534000 4.68
60.564644 4.68
60.575376 4.68
60.605765 4.68
60.616528 4.68
60.652126 4.68
60.668258 4.68
60.693376 4.68
60.704126 4.68
60.734645 4.68
60.745405 4.68
60.781260 4.68
60.792127 4.68
60.822657 4.68
60.833532 4.68
60.869261 4.68
60.880002 4.68
60.910643 4.68
60.921407 4.68
60.957261 4.68
60.968128 4.68
60.998658 4.68
61.009531 4.68
61.045263 4.68
61.069659 4.68
61.080532 4.68
61.116261 4.68
61.127004 4.68
61.157646 4.68
61.168533 4.68
61.204259 4.68
61.215130 4.68
61.245772 4.68
61.256533 4.68
61.292130 4.68
61.308131 4.68
61.333409 4.68
61.345881 4.68
61.374773 4.68
61.385534 4.68
61.421131 4.68
61.437131 4.68
61.462533 4.68
61.478413 4.68
61.505508 4.68
61.516412 4.68
61.552132 4.68
61.568261 4.68
61.596537 4.68
61.612775 4.68
61.643133 4.68
61.659133 4.68
61.687536 4.68
61.703775 4.68
61.734133 4.68
61.750263 4.68
61.778536 4.68
61.794776 4.68
61.821401 4.68
61.832264 4.68
61.862777 4.68
61.873540 4.68
61.904010 4.68
61.920010 4.68
61.945135 4.68
61.956010 4.68
61.986539 4.68
61.997414 4.68
62.033136 4.68
62.044011 4.68
62.074538 4.68
62.090540 4.68
62.116011 4.68
62.132136 4.68
62.157136 4.68
62.167887 4.68
62.198539 4.68
62.209416 4.68
62.245012 4.68
62.261012 4.68
62.286137 4.68
62.296887 4.68
62.327417 4.68
62.343416 4.68
62.374138 4.68
62.384889 4.68
62.415419 4.68
62.431543 4.68
62.462139 4.68
62.473013 4.68
62.503417 4.68
62.519418 4.68
62.550140 4.68
62.561015 4.68
62.591419 4.68
62.607544 4.68
62.638140 4.68
62.649015 4.68
62.679419 4.68
62.695543 4.68
62.726015 4.68
62.742141 4.68
62.767141 4.68
62.777891 4.68
62.808545 4.68
62.819267 4.68
62.855142 4.68
62.866017 4.68
62.896418 4.68
62.912423 4.68
62.943017 4.68
62.959017 4.68
62.984142 4.68
62.994892 4.68
63.025423 4.68
63.041420 4.68
63.072143 4.68
63.083019 4.68
63.113423 4.68
63.129424 4.68
63.160018 4.68
63.176019 4.68
63.201144 4.68
63.212019 4.68
63.242424 4.68
63.258270 4.68
63.289144 4.68
63.299895 4.68
63.330425 4.68
63.346424 4.68
63.377020 4.68
63.393145 4.68
63.418145 4.68
63.428896 4.68
63.459426 4.68
63.475551 4.68
63.506146 4.68
63.517021 4.68
63.547549 4.68
63.558426 4.68
63.594022 4.68
63.610147 4.68
63.635147 4.68
63.645897 4.68
63.676428 4.68
63.692427 4.68
63.723023 4.68
63.739023 4.68
63.764148 4.68
63.775023 4.68
63.805550 4.68
63.816275 4.68
63.852024 4.68
63.868023 4.68
63.893024 4.68
63.909149 4.68
63.934149 4.68
63.945024 4.68
63.975428 4.68
63.991276 4.68
64.022150 4.68
64.033025 4.68
64.063429 4.68
64.079430 4.68
64.104793 4.68
64.115650 4.68
64.145901 4.68
64.156776 4.68
64.186901 4.68
64.199403 4.68
64.228026 4.68
64.244027 4.68
64.269152 4.68
64.280027 4.68
64.310556 4.68
64.321429 4.68
64.357027 4.68
64.373152 4.68
64.398152 4.68
64.408903 4.68
64.439556 4.68
64.450431 4.68
64.485903 4.68
64.498405 4.68
64.527029 4.68
64.543028 4.68
64.568154 4.68
64.579028 4.68
64.609432 4.68
64.625433 4.68
64.652281 4.68
64.663154 4.68
64.699030 4.68
64.715155 4.68
64.740155 4.68
64.751030 4.68
64.781557 4.68
64.792433 4.68
64.828155 4.68
64.838906 4.68
64.869435 4.68
64.885561 4.68
64.912283 4.68
64.923156 4.68
64.959032 4.68
64.969906 4.68
65.000157 4.68
65.010907 4.68
65.041560 4.68
65.052284 4.68
65.082799 4.68
65.093548 4.68
65.123908 4.68
65.136285 4.68
65.164908 4.68
65.177285 4.68
65.206034 4.68
65.216909 4.68
65.247159 4.68
65.257908 4.68
65.288439 4.68
65.299286 4.68
65.329909 4.68
65.346034 4.68
65.370909 4.68
65.387035 4.68
65.411910 4.68
65.428035 4.68
65.453035 4.68
65.463911 4.68
65.494160 4.68
65.504910 4.68
65.535441 4.68
65.546161 4.68
65.581911 4.68
65.598036 4.68
65.623161 4.68
65.633912 4.68
65.664565 4.68
65.675440 4.68
65.705802 4.68
65.716553 4.68
65.746912 4.68
65.763038 4.68
65.787913 4.68
65.804038 4.68
65.828913 4.68
65.845038 4.68
65.870038 4.68
65.880913 4.68
65.911163 4.68
65.921914 4.68
65.952567 4.68
65.963441 4.68
65.993914 4.68
66.010039 4.68
66.034914 4.68
66.051040 4.68
66.076040 4.68
66.086914 4.68
66.117165 4.68
66.127915 4.68
66.158444 4.68
66.169165 4.68
66.205041 4.68
66.215791 4.68
66.246166 4.68
66.256915 4.68
66.287444 4.68
66.298292 4.68
66.334041 4.68
66.344792 4.68
66.375167 4.68
66.385917 4.68
66.416445 4.68
66.427167 4.68
66.463043 4.68
66.473793 4.68
66.504168 4.68
66.514918 4.68
66.545569 4.68
66.556448 4.68
66.586918 4.68
66.602918 4.68
66.627918 4.68
66.644044 4.68
66.668919 4.68
66.684919 4.68
66.709919 4.68
66.726044 4.68
66.750920 4.68
66.766920 4.68
66.791920 4.68
66.808045 4.68
66.832920 4.68
66.849045 4.68
66.874045 4.68
66.884795 4.68
66.915171 4.68
66.925920 4.68
66.956450 4.68
66.967297 4.68
66.997813 4.68
67.008563 4.68
67.038922 4.68
67.054922 4.68
67.080047 4.68
67.090797 4.68
67.121298 4.68
67.137451 4.68
67.168047 4.68
67.178922 4.68
67.209173 4.68
67.221814 4.68
67.250454 4.68
67.261173 4.68
67.297048 4.68
67.307798 4.68
67.338174 4.68
67.350817 4.68
67.379452 4.68
67.390174 4.68
67.426049 4.68
67.436800 4.68
67.467174 4.68
67.479565 4.68
67.510179 4.68
67.521050 4.68
67.551452 4.68
67.562175 4.68
67.598051 4.68
67.608801 4.68
67.639176 4.68
67.651568 4.68
67.680426 4.68
67.691176 4.68
67.721819 4.68
67.737819 4.68
67.762926 4.68
67.779052 4.68
67.803927 4.68
67.820052 4.68
67.844927 4.68
67.861052 4.68
67.885927 4.68
67.896803 4.68
67.926928 4.68
67.937803 4.68
67.967928 4.68
67.978803 4.68
68.009178 4.68
68.025178 4.68
68.050429 4.68
68.061178 4.68
68.096820 4.68
68.112929 4.68
68.137929 4.68
68.148821 4.68
68.178929 4.68
68.189805 4.68
68.219930 4.68
68.230697 4.68
68.260930 4.68
68.271805 4.68
68.301930 4.68
68.312805 4.68
68.342931 4.68
68.353806 4.68
68.383931 4.68
68.394806 4.68
68.424932 4.68
68.435807 4.68
68.465932 4.68
68.476807 4.68
68.506931 4.68
68.517807 4.68
68.547932 4.68
68.558807 4.68
68.588932 4.68
68.599807 4.68
68.629933 4.68
68.640808 4.68
68.670933 4.68
68.681808 4.68
68.711934 4.68
68.722809 4.68
68.752934 4.68
68.763809 4.68
68.793934 4.68
68.804809 4.68
68.834934 4.68
68.845809 4.68
68.875934 4.68
68.886810 4.68
68.916935 4.68
68.927810 4.68
68.957935 4.68
68.968810 4.68
68.998936 4.68
69.009811 4.68
69.039936 4.68
69.050811 4.68
69.080936 4.68
69.091811 4.68
69.121937 4.68
69.132812 4.68
69.162937 4.68
69.173812 4.68
69.203937 4.68
69.214812 4.68
69.244937 4.68
69.255813 4.68
69.285937 4.68
69.296813 4.68
69.326938 4.68
69.337812 4.68
69.368063 4.68
69.378813 4.68
69.409188 4.68
69.425189 4.68
69.455831 4.68
69.471829 5.00
69.496938 4.68
69.507814 4.68
69.538064 4.68
69.548815 4.68
69.579316 4.68
69.590189 4.68
69.626065 4.68
69.636815 4.68
69.667317 4.68
69.678190 4.68
69.708440 4.68
69.719190 4.68
69.749832 4.68
69.765834 4.68
69.791066 4.68
69.801816 4.68
69.832318 4.68
69.843191 4.68
69.873834 4.68
69.889834 4.68
69.915067 4.68
69.927583 4.68
69.956319 4.68
69.967192 4.68
69.997835 4.68
70.013832 4.68
70.039068 4.68
70.051583 4.68
70.085836 4.68
70.101958 4.68
70.127069 4.68
70.137818 4.68
70.168320 4.68
70.179194 4.68
70.209835 4.68
70.225837 4.68
70.251069 4.68
70.263460 4.68
70.292321 4.68
70.303194 4.68
70.338835 4.68
70.354837 4.68
70.380070 4.68
70.392462 4.68
70.421322 4.68
70.432196 4.68
70.467839 4.68
70.483838 4.68
70.509071 4.68
70.521463 4.68
70.550323 4.68
70.561196 4.68
70.596839 4.68
70.612839 4.68
70.638197 4.68
70.654351 4.68
70.684947 4.68
70.695841 4.68
70.726073 4.68
70.738463 4.68
70.767341 4.68
70.778198 4.68
70.808590 4.68
70.824589 4.68
70.849823 4.68
70.860591 4.68
70.890949 4.68
70.901824 4.68
70.932074 4.68
70.944464 4.68
70.981718 4.68
70.997715 4.68
71.022825 4.68
71.033590 4.68
71.063950 4.68
71.074825 4.68
71.105075 4.68
71.121076 4.68
71.146327 4.68
71.157201 4.68
71.187605 4.68
71.198327 4.68
71.228951 4.68
71.239843 4.68
71.270077 4.68
71.286077 4.68
71.311202 4.68
71.321952 4.68
71.357844 4.68
71.368595 4.68
71.398953 5.00
71.409828 4.68
71.440078 4.68
71.456078 4.68
71.481330 4.68
71.492203 4.68
71.522605 4.68
71.533330 4.68
71.563954 4.68
71.574829 4.68
71.605079 4.68
71.620954 4.68
71.646330 4.68
71.657204 4.68
71.687609 4.68
71.703721 4.68
71.728955 4.68
71.739830 4.68
71.770080 4.68
71.786080 4.68
71.811332 4.68
71.822205 4.68
71.852609 4.68
71.868724 4.68
71.893831 4.68
71.904597 4.68
71.934957 4.68
71.945832 4.68
71.976082 4.68
71.991957 4.68
72.017333 4.68
72.028207 4.68
72.058612 4.68
72.069333 4.68
72.099851 4.68
72.110725 4.68
72.140833 4.68
72.151725 4.68
72.181958 4.68
72.192833 4.68
72.223083 4.68
72.239083 4.68
72.264353 4.68
72.275209 4.68
72.305727 4.68
72.321726 4.68
72.346959 4.68
72.357835 4.68
72.388084 4.68
72.404085 4.68
72.432336 4.68
72.443210 4.68
72.473612 4.68
72.484337 4.68
72.514835 4.68
72.525603 4.68
72.555836 4.68
72.566606 4.68
72.596836 4.68
72.607601 4.68
72.637837 4.68
72.648603 4.68
72.678962 4.68
72.689837 4.68
72.720087 4.68
72.736087 4.68
72.761339 4.68
72.772212 4.68
72.802615 4.68
72.818731 4.68
72.843963 4.68
72.856493 4.68
72.885088 4.68
72.901089 4.68
72.931098 4.68
72.941964 4.68
72.974099 4.68
72.984839 4.68
73.017099 4.68
73.027964 4.68
73.063731 4.68
73.079731 4.68
73.104965 4.68
73.117341 4.68
73.146090 4.68
73.162090 4.68
73.187215 4.68
73.198090 4.68
73.228618 4.68
73.244731 4.68
73.269966 4.68
73.282343 4.68
73.311091 4.68
73.321841 4.68
73.353976 4.68
73.364857 4.68
73.395092 4.68
73.411092 4.68
73.441496 4.68
73.453977 4.68
73.482843 4.68
73.493609 4.68
73.523968 4.68
73.536344 4.68
73.565093 4.68
73.575844 4.68
73.611497 4.68
73.623978 4.68
73.652969 4.68
73.668969 4.68
73.694094 4.68
73.704844 4.68
73.740487 4.68
73.756487 4.68
73.781862 4.68
73.792612 4.68
73.823095 4.68
73.833845 4.68
73.869487 4.68
73.885487 4.68
73.910861 4.68
73.921613 4.68
73.952096 4.68
73.962971 4.68
73.998501 4.68
74.014487 4.68
74.039864 4.68
74.050612 4.68
74.080846 4.68
74.091614 4.68
74.121972 4.68
74.137847 4.68
74.163097 4.68
74.173973 4.68
74.209490 4.68
74.225490 4.68
74.250865 4.68
74.261613 4.68
74.292098 4.68
74.302973 4.68
74.338492 4.68
74.354350 4.68
74.379974 4.68
74.395848 4.68
74.421099 4.68
74.431974 4.68
74.467504 4.68
74.483491 4.68
74.508868 4.68
74.519615 4.68
74.549850 4.68
74.560616 4.68
74.590975 4.68
74.606851 4.68
74.632100 4.68
74.642851 4.68
74.678494 4.68
74.689226 4.68
74.719867 4.68
74.730619 4.68
74.761102 4.68
74.771976 4.68
74.807494 4.68
74.823492 4.68
74.848867 4.68
74.859619 4.68
74.890102 4.68
74.900852 4.68
74.936507 4.68
74.952496 4.68
74.977870 4.68
74.988621 4.68
75.018978 4.68
75.034853 4.68
75.060104 4.68
75.070979 4.68
75.106507 4.68
75.117229 4.68
75.147872 4.68
75.158620 4.68
75.189105 4.68
75.199854 4.68
75.235507 4.68
75.251497 4.68
75.276872 4.68
75.287620 4.68
75.318105 4.68
75.328856 4.68
75.364496 4.68
75.375231 4.68
75.405872 4.68
75.418357 4.68
75.447106 4.68
75.457856 4.68
75.493498 4.68
75.504232 4.68
75.534873 4.68
75.547387 4.68
75.576108 4.68
75.586983 4.68
75.622513 4.68
75.638511 4.68
75.663983 4.68
75.679858 4.68
75.705108 4.68
75.715983 4.68
75.751500 4.68
75.767500 4.68
75.792877 4.68
75.805360 4.68
75.834109 4.68
75.844859 4.68
75.876986 4.68
75.887877 4.68
75.918110 4.68
75.928985 4.68
75.960862 4.68
75.971752 4.68
76.001986 4.68
76.017861 4.68
76.043111 4.68
76.053986 4.68
76.089514 4.68
76.105514 4.68
76.130880 4.68
76.143236 4.68
76.171861 4.68
76.184237 4.68
76.212987 4.68
76.228862 4.68
76.254112 4.68
76.264987 4.68
76.300363 4.68
76.312892 4.68
76.341880 4.68
76.357881 4.68
76.383113 4.68
76.393988 4.68
76.429505 4.68
76.445507 4.68
76.470881 4.68
76.486864 4.68
76.511989 4.68
76.527864 4.68
76.553114 4.68
76.563989 4.68
76.599507 4.68
76.615395 4.68
76.640883 4.68
76.656865 4.68
76.681865 4.68
76.697865 4.68
76.722866 4.68
76.738866 4.68
76.763866 4.68
76.779866 4.68
76.804991 4.68
76.820991 4.68
76.846116 4.68
76.856866 4.68
76.892507 4.68
76.908367 4.68
76.933760 4.68
76.944507 4.68
76.974867 4.68
76.990760 4.68
77.015867 4.68
77.031868 4.68
77.056868 4.68
77.072760 4.68
77.097868 4.68
77.113760 4.68
77.138869 4.68
77.154762 4.68
77.179869 4.68
77.195759 4.68
77.220869 4.68
77.236760 4.68
77.261995 4.68
77.277869 4.68
77.303120 4.68
77.313869 4.68
77.349512 4.68
77.365513 4.68
77.390762 4.68
77.401511 4.68
77.431870 4.68
77.447764 4.68
77.472996 4.68
77.488996 4.68
77.514121 4.68
77.524996 4.68
77.555525 4.68
77.571372 4.68
77.596763 4.68
77.607515 4.68
77.637997 4.68
77.653872 4.68
77.680902 4.68
77.691641 4.68
77.722123 4.68
77.732998 4.68
77.763525 4.68
77.779527 4.68
77.804766 4.68
77.815516 4.68
77.845873 4.68
77.861765 4.68
77.886999 4.68
77.902999 4.68
77.929891 4.68
77.940642 4.68
77.972892 4.68
77.983640 4.68
78.014000 4.68
78.030000 4.68
78.056908 4.68
78.067642 4.68
78.099905 4.68
78.110643 4.68
78.141126 4.68
78.152001 4.68
78.182528 4.68
78.198529 4.68
78.223643 4.68
78.234530 4.68
78.265002 4.68
78.281001 4.68
78.307908 4.68
78.318644 4.68
78.354259 4.68
78.365002 4.68
78.395658 4.68
78.406407 4.68
78.437003 4.68
78.447769 4.68
78.479908 4.68
78.490645 4.68
78.522908 4.68
78.533646 4.68
78.565908 4.68
78.576646 4.68
78.608908 4.68
78.619772 4.68
78.651909 4.68
78.662770 4.68
78.694908 4.68
78.705772 4.68
78.741258 4.68
78.765774 4.68
78.778130 4.68
78.806880 4.68
78.822773 4.68
78.847881 4.68
78.863881 4.68
78.889006 4.68
78.899772 4.68
78.935259 4.68
78.947787 4.68
78.976774 4.68
78.989131 4.68
79.017882 4.68
79.028773 4.68
79.059007 4.68
79.069776 4.68
79.105261 4.68
79.129776 4.68
79.159261 4.68
79.171788 4.68
79.200774 4.68
79.216773 4.68
79.241884 4.68
79.257884 4.68
79.283009 4.68
79.293777 4.68
79.329262 4.68
79.353774 4.68
79.383264 4.68
79.399264 4.68
79.424776 4.68
79.440775 4.68
79.465885 4.68
79.482010 4.68
79.507010 4.68
79.517886 4.68
79.553267 4.68
79.577776 4.68
79.607266 4.68
79.623268 4.68
79.648779 4.68
79.664777 4.68
79.689887 4.68
79.705886 4.68
79.730887 4.68
79.741779 4.68
79.772012 4.68
79.782780 4.68
79.818266 4.68
79.834267 4.68
79.859778 4.68
79.875778 4.68
79.900888 4.68
79.916888 4.68
79.941889 4.68
79.952780 4.68
79.983014 4.68
79.993779 4.68
80.029268 4.68
80.053779 4.68
80.083139 4.68
80.094015 4.68
80.129417 4.34
80.145417 4.68
80.170890 4.68
80.186890 4.68
80.212015 4.68
80.222782 4.68
80.258270 4.68
80.269016 4.68
80.299782 4.68
80.315781 4.68
80.340891 4.68
80.356782 4.68
80.381891 4.68
80.392782 4.68
80.423017 4.68
80.433783 4.68
80.469269 4.68
80.485269 4.68
80.510783 4.68
80.526785 4.68
80.551892 4.68
80.567893 4.68
80.593018 4.68
80.603893 4.68
80.639270 4.68
80.655270 4.68
80.680546 4.68
80.691270 4.68
80.721894 4.68
80.737784 4.68
80.763020 4.68
80.773894 4.68
80.809271 4.68
80.825271 4.68
80.850786 4.68
80.866787 4.68
80.892020 4.68
80.902787 4.68
80.938272 4.68
80.954272 4.68
80.979786 4.68
80.995789 4.68
81.020771 4.68
81.036786 4.68
81.061771 4.68
81.077897 4.68
81.102790 4.68
81.118789 4.68
81.143897 4.68
81.154791 4.68
81.184897 4.68
81.195788 4.68
81.226023 4.68
81.236773 4.68
81.272274 4.68
81.288275 4.68
81.313790 4.68
81.329898 4.68
81.354774 4.68
81.370791 4.68
81.395774 4.68
81.411789 4.68
81.436791 4.68
81.452792 4.68
81.477774 4.68
81.493790 4.68
81.518774 4.68
81.534793 4.68
81.559775 4.68
81.575793 4.68
81.600775 4.68
81.616900 4.68
81.641901 4.68
81.652791 4.68
81.682901 4.68
81.693776 4.68
81.724026 4.68
81.734901 4.68
81.770278 4.68
81.786281 4.68
81.811792 4.68
81.827794 4.68
81.852777 4.68
81.863545 4.68
81.893902 4.68
81.904778 4.68
81.934903 4.68
81.945778 4.68
81.976028 4.68
81.986778 4.68
82.017299 4.68
82.033304 4.68
82.058796 4.68
82.074794 4.68
82.099795 4.68
82.110547 4.68
82.140904 4.68
82.151794 4.68
82.181904 4.68
82.192780 4.68
82.222905 4.68
82.233780 4.68
82.263905 4.68
82.274780 4.68
82.304906 4.68
82.315780 4.68
82.345906 4.68
82.356798 4.68
82.386906 4.68
82.397781 4.68
82.427906 4.68
82.438796 4.68
82.468906 4.68
82.479782 4.68
82.509907 4.68
82.520782 4.68
82.550907 4.68
82.561783 4.68
82.591908 4.68
82.602783 4.68
82.632907 4.68
82.643782 4.68
82.673908 4.68
82.684784 4.68
82.714908 4.68
82.725783 4.68
82.755909 4.68
82.766784 4.68
82.796909 4.68
82.807784 4.68
82.837909 4.68
82.848785 4.68
82.879035 4.68
82.889910 4.68
82.925286 4.68
82.941289 4.68
82.966803 4.68
82.982802 4.68
83.007911 4.68
83.018785 4.68
83.048910 4.68
83.059786 4.68
83.089910 4.68
83.100786 4.68
83.130911 4.68
83.141786 4.68
83.171911 4.68
83.182787 4.68
83.212912 4.68
83.223787 4.68
83.253912 4.68
83.264787 4.68
83.294912 4.68
83.305787 4.68
83.335913 4.68
83.346788 4.68
83.376913 4.68
83.387788 4.68
83.419664 4.68
83.430431 4.68
83.460913 4.68
83.471803 4.68
83.502039 4.68
83.512789 4.68
83.548290 4.68
83.564294 4.68
83.589807 4.68
83.605805 4.68
83.630915 4.68
83.641790 4.68
83.673666 4.68
83.684444 4.68
83.714806 4.68
83.730915 4.68
83.755915 4.68
83.766791 4.68
83.798667 4.68
83.809443 4.68
83.839809 4.68
83.855806 4.68
83.882668 4.68
83.893571 4.68
83.923917 4.68
83.934809 4.68
83.966669 4.68
83.977571 4.68
84.007917 4.68
84.018808 4.68
84.054168 4.68
84.070168 4.68
84.095684 4.68
84.111808 4.68
84.136918 4.68
84.147810 4.68
84.183168 4.68
84.199168 4.68
84.224684 4.68
84.240684 4.68
84.271169 4.68
84.283671 4.68
84.312573 4.68
84.328812 4.68
84.353795 4.68
84.364562 4.68
84.394920 4.68
84.405796 4.68
84.441045 4.68
84.451921 4.68
84.482171 4.68
84.498046 4.68
84.523450 4.68
84.534298 4.68
84.564813 4.68
84.575564 4.68
84.611172 4.68
84.623548 4.68
84.652451 4.68
84.663299 4.68
84.693815 4.68
84.704564 4.68
84.734798 4.68
84.745566 4.68
84.775798 4.68
84.786563 4.68
84.816798 4.68
84.827569 4.68
84.857798 4.68
84.868566 4.68
84.898799 4.68
84.909564 4.68
84.939799 4.68
84.950567 4.68
84.980799 4.68
84.991566 4.68
85.021800 4.68
85.032693 4.68
85.062801 4.68
85.073692 4.68
85.103800 4.68
85.114568 4.68
85.144801 4.68
85.155568 4.68
85.185801 4.68
85.196566 4.68
85.226801 4.68
85.237567 4.68
85.267802 4.68
85.278568 4.68
85.308802 4.68
85.319569 4.68
85.349802 4.68
85.360569 4.68
85.390802 4.68
85.401569 4.68
85.431803 4.68
85.442568 4.68
85.472803 4.68
85.483570 4.68
85.513803 4.68
85.524570 4.68
85.554804 4.68
85.565697 4.68
85.595803 4.68
85.606696 4.68
85.636804 4.68
85.647696 4.68
85.677805 4.68
85.688570 4.68
85.718805 4.68
85.729573 4.68
85.759805 4.68
85.770572 4.68
85.800805 4.68
85.811570 4.68
85.841806 4.68
85.852574 4.68
85.882806 4.68
85.893573 4.68
85.923806 4.68
85.934575 4.68
85.964806 4.68
85.975583 4.68
86.005807 4.68
86.016555 4.68
86.046806 4.68
86.057556 4.68
86.087806 4.68
86.098557 4.68
86.128806 4.68
86.139557 4.68
86.169807 4.68
86.180557 4.68
86.210807 4.68
86.221558 4.68
86.251808 4.68
86.262557 4.68
86.292808 4.68
86.303558 4.68
86.333808 4.68
86.344558 4.68
86.374809 4.68
86.385558 4.68
86.415808 4.68
86.426559 4.68
86.456809 4.68
86.467559 4.68
86.497809 4.68
86.508559 4.68
86.538810 4.68
86.549560 4.68
86.581562 4.68
86.592311 4.68
86.622560 4.68
86.638435 4.68
86.663561 4.68
86.679435 4.68
86.704560 4.68
86.720436 4.68
86.745560 4.68
86.761436 4.68
86.786561 4.68
86.802436 4.68
86.827561 4.68
86.843437 4.68
86.868562 4.68
86.884436 4.68
86.909562 4.68
86.925438 4.68
86.950562 4.68
86.966437 4.68
86.991563 4.68
87.007438 4.68
87.032563 4.68
87.048438 4.68
87.073563 4.68
87.089439 4.68
87.114563 4.68
87.130438 4.68
87.155563 4.68
87.171438 4.68
87.196564 4.68
87.212439 4.68
87.237564 4.68
87.253439 4.68
87.278564 4.68
87.294440 4.68
87.319565 4.68
87.335440 4.68
87.360565 4.68
87.376440 4.68
87.401566 4.68
87.417440 4.68
87.442566 4.68
87.458441 4.68
87.483566 4.68
87.499441 4.68
87.524566 4.68
87.540441 4.68
87.565567 4.68
87.581442 4.68
87.606567 4.68
87.622442 4.68
87.647567 4.68
87.663442 4.68
87.688568 4.68
87.704442 4.68
87.729568 4.68
87.745443 4.68
87.770568 4.68
87.781319 4.68
87.811568 4.68
87.822320 4.68
87.852568 4.68
87.863320 4.68
87.893569 4.68
87.904320 4.68
87.934569 4.68
87.945321 4.68
87.975570 4.68
87.986321 4.68
88.016570 4.68
88.027321 4.68
88.057570 4.68
88.068321 4.68
88.098571 4.68
88.109321 4.68
88.139571 4.68
88.150321 4.68
88.180571 4.68
88.191322 4.68
88.221571 4.68
88.232322 4.68
88.262572 4.68
88.273322 4.68
88.303572 4.68
88.314322 4.68
88.344572 4.68
88.355323 4.68
88.385572 4.68
88.396324 4.68
88.426573 4.68
88.437324 4.68
88.467573 4.68
88.478325 4.68
88.508574 4.68
88.519325 4.68
88.549574 4.68
88.560325 4.68
88.590574 4.68
88.601325 4.68
88.631574 4.68
88.642325 4.68
88.672575 4.68
88.683326 4.68
88.713575 4.68
88.724326 4.68
88.754575 4.68
88.765327 4.68
88.795576 4.68
88.806327 4.68
88.836576 4.68
88.847327 4.68
88.877576 4.68
88.888327 4.68
88.918576 4.68
88.929328 4.68
88.959576 4.68
88.970328 4.68
89.000577 4.68
89.011328 4.68
89.041577 4.68
89.052329 4.68
89.082578 4.68
89.093329 4.68
89.123578 4.68
89.134329 4.68
89.164578 4.68
89.175329 4.68
89.205578 4.68
89.216330 4.68
89.246579 4.68
89.257330 4.68
89.287579 4.68
89.298331 4.68
89.328579 4.68
89.339330 4.68
89.369580 4.68
89.380331 4.68
89.410580 4.68
89.421331 4.68
89.451580 4.68
89.462331 4.68
89.492581 4.68
89.503332 4.68
89.533581 4.68
89.544332 4.68
89.574581 4.68
89.585332 4.68
89.615582 4.68
89.626332 4.68
89.656582 4.68
89.667333 4.68
89.697581 4.68
89.708333 4.68
89.738582 4.68
89.749333 4.68
89.779582 4.68
89.790334 4.68
89.820583 4.68
89.831334 4.68
89.861583 4.68
89.872334 4.68
89.902583 4.68
89.913334 4.68
89.943583 4.68
89.954335 4.68
89.984584 4.68
89.995335 4.68
90.025584 4.68
90.036336 4.68
90.066584 4.68
90.077336 4.68
90.107585 4.68
90.118336 4.68
90.148585 4.68
90.159336 4.68
90.189586 4.68
90.200337 4.68
90.230585 4.68
90.241337 4.68
90.271586 4.68
90.282337 4.68
90.312586 4.68
90.323338 4.68
90.353587 4.68
90.364338 4.68
90.394587 4.68
90.405338 4.68
90.435587 4.68
90.446338 4.68
90.476587 4.68
90.487338 4.68
90.517588 4.68
90.528339 4.68
90.558588 4.68
90.569339 4.68
90.599588 4.68
90.610340 4.68
90.640589 4.68
90.651340 4.68
90.681589 4.68
90.692340 4.68
90.722589 4.68
90.733340 4.68
90.763589 4.68
90.774341 4.68
90.804589 4.68
90.815340 4.68
90.845590 4.68
90.856340 4.68
90.886590 4.68
90.897341 4.68
90.927591 4.68
90.938341 4.68
90.968591 4.68
90.979342 4.68
91.009592 4.68
91.020342 4.68
91.050591 4.68
91.061342 4.68
91.091592 4.68
91.102342 4.68
91.132592 4.68
91.143343 4.68
91.173592 4.68
91.184343 4.68
91.214593 4.68
91.225343 4.68
91.255593 4.68
91.266343 4.68
91.296593 4.68
91.307344 4.68
91.337594 4.68
91.348344 4.68
91.378594 4.68
91.389344 4.68
91.419594 4.68
91.430344 4.68
91.460595 4.68
91.471346 4.68
91.501595 4.68
91.512346 4.68
91.542595 4.68
91.553346 4.68
91.583595 4.68
91.594346 4.68
91.624595 4.68
91.635347 4.68
91.665596 4.68
91.676347 4.68
91.706596 4.68
91.717347 4.68
91.747597 4.68
91.758348 4.68
91.788597 4.68
91.799348 4.68
91.829597 4.68
91.840348 4.68
91.870597 4.68
91.881349 4.68
91.911597 4.68
91.922349 4.68
91.952598 4.68
91.963349 4.68
91.993598 4.68
92.004350 4.68
92.034599 4.68
92.045350 4.68
92.075599 4.68
92.086351 4.68
92.116599 4.68
92.127350 4.68
92.157599 4.68
92.168350 4.68
92.198600 4.68
92.209350 4.68
92.239600 4.68
92.250351 4.68
92.280600 4.68
92.291351 4.68
92.321601 4.68
92.332351 4.68
92.362601 4.68
92.373352 4.68
92.403601 4.68
92.414352 4.68
92.446353 4.68
92.457101 4.68
92.487353 4.68
92.503227 4.68
92.528354 4.68
92.544227 4.68
92.569354 4.68
92.585228 4.68
92.610354 4.68
92.626227 4.68
92.651354 4.68
92.667228 4.68
92.692478 4.68
92.703228 4.68
92.733478 4.68
92.744228 4.68
92.774479 4.68
92.785228 4.68
92.815479 4.68
92.826229 4.68
92.856479 4.68
92.867229 4.68
92.897508 4.68
92.908231 4.68
92.944106 4.68
92.956625 4.68
92.985358 4.68
93.001511 4.68
93.028236 4.68
93.039107 4.68
93.071237 4.68
93.081982 4.68
93.114237 4.68
93.124982 4.68
93.157237 4.68
93.167983 4.68
93.203873 4.68
93.216238 4.68
93.245108 4.68
93.255859 4.68
93.286360 4.68
93.302512 4.68
93.332876 4.68
93.345238 4.68
93.374109 4.68
93.384984 4.68
93.415361 4.68
93.426234 4.68
93.461877 4.68
93.477877 4.68
93.503110 4.68
93.513985 4.68
93.544362 4.68
93.555235 4.68
93.590878 4.68
93.606875 4.68
93.632111 4.68
93.642986 4.68
93.673362 4.68
93.684237 4.68
93.719880 4.68
93.735877 4.68
93.761111 4.68
93.771862 4.68
93.802237 4.68
93.818364 4.68
93.848877 4.68
93.864878 4.68
93.890113 4.68
93.900863 4.68
93.931365 4.68
93.942238 4.68
93.977880 4.68
93.993880 4.68
94.019114 4.68
94.029989 4.68
94.060364 4.68
94.071239 4.68
94.106989 4.68
94.117883 4.68
94.148114 4.68
94.158990 4.68
94.189367 4.68
94.200240 4.68
94.235882 4.68
94.251882 4.68
94.277115 4.68
94.287991 4.68
94.318393 4.68
94.329116 4.68
94.359881 4.68
94.375883 4.68
94.401116 4.68
94.411867 4.68
94.442367 4.68
94.453117 4.68
94.483522 4.68
94.494368 4.68
94.524766 4.68
94.535509 4.68
94.565993 4.68
94.576760 4.68
94.607117 4.68
94.617868 4.68
94.648368 4.68
94.659118 4.68
94.694994 4.68
94.705760 4.68
94.736119 4.68
94.746869 4.68
94.777370 4.68
94.788119 4.68
94.818528 4.68
94.829370 4.68
94.859761 4.68
94.870512 4.68
94.900995 4.68
94.911760 4.68
94.942120 4.68
94.952995 4.68
94.983371 4.68
94.994120 4.68
95.029886 4.68
95.045889 4.68
95.071122 4.68
95.081997 4.68
95.112372 4.68
95.123122 4.68
95.158997 4.68
95.169762 4.68
95.200122 4.68
95.210872 4.68
95.241373 4.68
95.252123 4.68
95.287891 4.68
95.303892 4.68
95.329123 4.68
95.339998 4.68
95.372262 4.68
95.382999 4.68
95.418889 4.68
95.434891 4.68
95.460124 4.68
95.472641 4.68
95.504529 4.68
95.515375 4.68
95.545766 4.68
95.556530 4.68
95.586875 4.68
95.602876 4.68
95.628000 4.68
95.638767 4.68
95.669125 4.68
95.681768 4.68
95.710376 4.68
95.721126 4.68
95.756891 4.68
95.772877 4.68
95.798126 4.68
95.810531 4.68
95.841157 4.68
95.851877 4.68
95.887894 4.68
95.903893 4.68
95.929127 4.68
95.941532 4.68
95.975156 4.68
95.986003 4.68
96.021896 4.68
96.037894 4.68
96.063129 4.68
96.075533 4.68
96.104408 4.68
96.115261 4.68
96.145896 4.68
96.161879 4.68
96.187129 4.68
96.199534 4.68
96.228409 4.68
96.239260 4.68
96.271161 4.68
96.282005 4.68
96.318005 4.68
96.328880 4.68
96.359131 4.68
96.375131 4.68
96.400410 4.68
96.411260 4.68
96.441898 4.68
96.452774 4.68
96.483131 4.68
96.495534 4.68
96.529774 4.68
96.546007 4.68
96.571007 4.68
96.581774 4.68
96.612132 4.68
96.628133 4.68
96.653262 4.68
96.664132 4.68
96.700008 4.68
96.710883 4.68
96.741133 4.68
96.757133 4.68
96.790776 4.68
96.806776 4.68
96.832009 4.68
96.842775 4.68
96.873134 4.68
96.889134 4.68
96.914414 4.68
96.925264 4.68
96.955777 4.68
96.971778 4.68
96.996885 4.68
97.007778 4.68
97.037885 4.68
97.048777 4.68
97.079011 4.68
97.089778 4.68
97.120136 4.68
97.136011 4.68
97.161416 4.68
97.172136 4.68
97.202887 4.68
97.213780 4.68
97.244012 4.68
97.254887 4.68
97.285137 4.68
97.301137 4.68
97.326416 4.68
97.337266 4.68
97.367887 4.68
97.378781 4.68
97.408888 4.68
97.419780 4.68
97.450013 4.68
97.460779 4.68
97.491138 4.68
97.507014 4.68
97.532418 4.68
97.543139 4.68
97.573889 4.68
97.584781 4.68
97.614889 4.68
97.625782 4.68
97.656015 4.68
97.666782 4.68
97.697140 4.68
97.713140 4.68
97.738421 4.68
97.754266 4.68
97.779891 4.68
97.790784 4.68
97.820891 4.68
97.831783 4.68
97.861891 4.68
97.872766 4.68
97.903017 4.68
97.913784 4.68
97.944142 4.68
97.960142 4.68
97.987152 4.68
97.997892 4.68
98.028423 4.68
98.039142 4.68
98.069892 4.68
98.080786 4.68
98.110893 4.68
98.121785 4.68
98.152018 4.68
98.164548 4.68
98.193143 4.68
98.209144 4.68
98.236153 4.68
98.247019 4.68
98.277422 4.68
98.288270 4.68
98.318787 4.68
98.334665 4.68
98.360020 4.68
98.372549 4.68
98.401145 4.68
98.417020 4.68
98.444149 4.68
98.455020 4.68
98.485272 4.68
98.496145 4.68
98.526789 4.68
98.542789 4.68
98.567896 4.68
98.578789 4.68
98.608897 4.68
98.619772 4.68
98.649897 4.68
98.660789 4.68
98.690897 4.68
98.701662 4.68
98.731897 4.68
98.742773 4.68
98.772898 4.68
98.783787 4.68
98.813898 4.68
98.824773 4.68
98.855024 4.68
98.867425 4.68
98.896148 4.68
98.912148 4.68
98.939027 4.68
98.949774 4.68
98.980149 4.68
98.996149 4.68
99.026542 4.68
99.037275 4.68
99.067792 4.68
99.083668 4.68
99.109025 4.68
99.121430 4.68
99.150150 4.68
99.161026 4.68
99.196544 4.68
99.209029 4.68
99.237901 4.68
99.248793 4.68
99.278901 4.68
99.289776 4.68
99.319902 4.68
99.330777 4.68
99.361027 4.68
99.377027 4.68
99.402152 4.68
99.413027 4.68
99.448794 4.68
99.459557 4.68
99.489903 4.68
99.500795 4.68
99.530903 4.68
99.541778 4.68
99.571904 4.68
99.582779 4.68
99.613029 4.68
99.628904 4.68
99.654154 4.68
99.665029 4.68
99.700556 4.68
99.711281 4.68
99.741905 4.68
99.752798 4.68
99.782905 4.68
99.793780 4.68
99.823905 4.68
99.834780 4.68
99.864906 4.68
99.875798 4.68
99.905905 4.68
99.916781 4.68
99.946906 4.68
99.957781 4.68
99.987906 4.68
99.998781 4.68
100.028907 4.68
100.039798 4.68
100.069907 4.68
100.080782 4.68
100.111032 4.68
100.126907 4.68
100.152157 4.68
100.163032 4.68
100.198799 4.68
100.209551 4.68
100.239783 4.68
100.250551 4.68
100.280908 4.68
100.291784 4.68
100.321909 4.68
100.332784 4.68
100.362909 4.68
100.373784 4.68
100.403909 4.68
100.414784 4.68
100.444910 4.68
100.455785 4.68
100.485910 4.68
100.496785 4.68
100.526910 4.68
100.537786 4.68
100.568035 4.68
100.583910 4.68
100.609161 4.68
100.620036 4.68
100.655808 4.68
100.666677 4.68
100.696912 4.68
100.707787 4.68
100.737912 4.68
100.748787 4.68
100.778911 4.68
100.789787 4.68
100.820037 4.68
100.835912 4.68
100.861163 4.68
100.872038 4.68
100.907804 4.68
100.918555 4.68
100.948913 4.68
100.959789 4.68
100.989913 4.68
101.000789 4.68
101.030913 4.68
101.043444 4.68
101.071914 4.68
101.082789 4.68
101.112914 4.68
101.125441 4.68
101.153915 4.68
101.164790 4.68
101.195179 4.68
101.206174 4.34
101.236816 4.34
101.247813 4.34
101.278169 4.34
101.289169 4.34
101.319812 4.34
101.330684 4.34
101.366449 4.34
101.377167 4.34
101.407807 4.34
101.418557 4.34
101.449042 4.34
101.464917 4.34
101.490167 4.34
101.501042 4.34
101.531743 4.34
