0.000000 0.000000
0.047110 4.34
0.057979 4.34
0.094002 4.34
0.105111 3.01
0.135768 2.34
0.151987 2.34
0.177444 2.66
0.198984 2.66
0.215231 2.66
0.240604 2.66
0.251513 2.66
0.282226 2.34
0.298385 2.34
0.328975 2.34
0.339864 2.34
0.370378 2.34
0.381223 2.34
0.411865 2.66
0.427972 2.66
0.452972 2.66
0.463863 2.34
0.493973 2.34
0.504848 2.66
0.534973 2.34
0.545848 2.66
0.575973 2.34
0.586849 2.66
0.616974 2.66
0.627849 2.34
0.657974 2.34
0.668850 2.66
0.698975 2.34
0.709849 2.66
0.739975 2.34
0.750849 2.34
0.781421 2.34
0.797644 2.66
0.822986 2.66
0.833985 2.66
0.864684 2.66
0.880993 2.34
0.906239 2.34
0.922526 2.34
0.953242 2.34
0.969682 2.34
1.000127 4.02
1.011238 4.02
1.046987 4.02
1.057986 4.02
1.088609 4.02
1.099397 4.02
1.130108 4.02
1.140982 4.02
1.176981 4.02
1.187873 4.02
1.218357 4.02
1.229230 4.02
1.265105 4.34
1.275854 4.02
1.306356 4.34
1.317230 4.02
1.353105 4.02
1.363855 4.02
1.394356 4.02
1.405231 4.02
1.441120 4.02
1.453766 4.02
1.487998 4.34
1.499014 4.34
1.529505 4.34
1.540534 4.34
1.571117 4.34
1.583772 4.34
1.617989 4.02
1.628987 4.34
1.659504 4.34
1.670236 4.34
1.700875 4.34
1.716885 4.34
1.742234 4.34
1.758234 4.34
1.788874 4.34
1.804873 4.34
1.830108 4.34
1.840859 4.34
1.876996 4.34
1.887995 4.34
1.918635 4.34
1.929634 4.34
1.960247 4.34
1.976541 4.34
2.001885 4.34
2.018116 4.68
2.043365 4.68
2.054239 4.34
2.084880 4.68
2.100880 4.68
2.126237 4.34
2.142237 4.34
2.172878 4.34
2.188877 4.34
2.214111 4.34
2.224862 4.34
2.260998 4.34
2.271997 4.34
2.304251 4.34
2.315243 4.34
2.345767 4.34
2.361991 4.68
2.386990 4.34
2.397865 4.34
2.428239 4.34
2.444239 4.34
2.474882 4.34
2.490882 4.68
2.516114 4.68
2.528764 4.34
2.559270 4.68
2.570254 4.34
2.600895 4.34
2.611875 4.34
2.642538 4.34
2.653537 4.34
2.684120 4.34
2.696511 4.34
2.730761 4.34
2.743122 4.34
2.772242 4.34
2.788242 4.34
2.815121 4.34
2.825992 4.34
2.856367 4.34
2.867242 4.34
2.897884 4.34
2.913882 4.34
2.939117 4.34
2.951510 4.34
2.980368 4.34
2.991242 4.34
3.026883 4.34
3.037635 4.34
3.068118 4.34
3.080511 4.34
3.109244 4.34
3.119994 4.34
3.155759 4.34
3.171761 4.34
3.196994 4.34
3.207869 4.34
3.238119 4.34
3.250513 4.34
3.279371 4.34
3.290245 4.34
3.325888 4.34
3.336638 4.34
3.367121 4.34
3.383121 4.34
3.408246 4.34
3.418996 4.34
3.454997 4.34
3.465888 4.34
3.496122 4.34
3.512122 4.34
3.537373 4.34
3.548246 4.34
3.578888 4.34
3.589638 4.34
3.620123 4.34
3.636123 4.34
3.661374 4.34
3.672248 4.34
3.707891 4.34
3.718638 4.34
3.748999 4.34
3.759874 4.34
3.790124 4.34
3.806124 4.34
3.831375 4.34
3.842250 4.34
3.872654 4.34
3.888766 4.34
3.914000 4.34
3.924875 4.34
3.955125 4.34
3.970999 4.34
3.996124 4.34
4.011999 4.34
4.037125 4.34
4.053000 4.34
4.081250 4.34
4.092000 4.34
4.122250 4.34
4.133000 4.34
4.163250 4.34
4.174001 4.34
4.204251 4.34
4.215001 4.34
4.245252 4.34
4.256003 4.34
4.291771 4.34
4.307649 4.34
4.333003 4.34
4.343878 4.34
4.374128 4.34
4.390004 4.34
4.415380 4.34
4.426254 4.34
4.456769 4.34
4.472772 4.34
4.497879 4.34
4.508648 4.34
4.539005 4.34
4.549897 4.34
4.580130 4.34
4.596130 4.34
4.621381 4.34
4.632255 4.34
4.662658 4.34
4.673382 4.34
4.704006 4.34
4.714881 4.34
4.745131 4.34
4.761006 4.34
4.786412 4.34
4.797257 4.34
4.827897 4.34
4.838649 4.34
4.869007 4.34
4.879883 4.34
4.910133 4.34
4.926133 4.34
4.951385 4.34
4.962258 4.34
4.992663 4.34
5.003384 4.34
5.033884 4.34
5.044651 4.34
5.074884 4.34
5.085652 4.34
5.115884 4.34
5.126649 4.34
5.156885 4.34
5.167653 4.34
5.197885 4.34
5.208651 4.34
5.238885 4.34
5.249652 4.34
5.279886 4.34
5.290652 4.34
5.320886 4.34
5.331654 4.34
5.361886 4.34
5.372654 4.34
5.403017 4.34
5.419141 4.34
5.449783 4.34
5.460529 4.34
5.491153 4.34
5.507139 4.34
5.537677 4.34
5.553781 4.34
5.579013 4.34
5.591389 4.34
5.620138 4.34
5.636138 4.34
5.669816 4.34
5.680807 4.34
5.711398 4.34
5.722271 4.34
5.752913 4.34
5.763662 4.34
5.796030 4.34
5.806909 4.34
5.837266 4.34
5.848141 4.34
5.878671 4.34
5.894781 4.34
5.919890 4.34
5.930657 4.34
5.961016 4.34
5.973392 4.34
6.002141 4.34
6.012892 4.34
6.043266 4.34
6.054016 4.34
6.084671 4.34
6.100781 4.34
6.126017 4.34
6.142017 4.34
6.167142 4.34
6.177892 4.34
6.213536 4.34
6.224268 4.34
6.254910 4.34
6.265659 4.34
6.296144 4.34
6.307018 4.34
6.337269 4.34
6.348019 4.34
6.378672 4.34
6.394786 4.34
6.420019 4.34
6.435895 4.34
6.461144 4.34
6.471895 4.34
6.507538 4.34
6.518270 4.34
6.549306 4.34
