0.000000 0.000000
0.041717 4.34
0.057711 4.34
0.086107 4.34
0.102354 2.34
0.131033 2.34
0.143731 2.34
0.177869 2.34
0.188879 2.34
0.219336 2.34
0.230084 2.34
0.260333 2.34
0.271082 2.34
0.306456 2.34
0.317206 2.34
0.352581 2.34
0.363330 2.34
0.393581 2.34
0.404346 2.66
0.434706 2.34
0.450581 2.34
0.479107 2.34
0.494980 2.34
0.520345 2.34
0.531105 2.34
0.566706 2.34
0.582707 2.34
0.607982 2.34
0.618840 2.34
0.649473 2.34
0.660347 2.34
0.690708 2.34
0.706582 2.34
0.731982 2.34
0.742840 2.34
0.778864 2.34
0.789864 2.34
0.822136 2.34
0.833283 2.34
0.863866 2.34
0.874864 2.66
0.907137 2.34
0.918112 2.34
0.948736 2.34
0.959865 3.67
0.990368 4.02
1.001361 4.02
1.032002 4.02
1.044592 4.02
1.078863 4.02
1.089714 4.02
1.120354 4.02
1.131103 4.02
1.161712 4.02
1.177843 4.02
1.202988 4.02
1.215461 4.02
1.244086 4.02
1.259961 4.02
1.285085 4.02
1.300961 4.02
1.326086 4.02
1.341961 4.02
1.367086 4.02
1.382961 4.02
1.408088 4.02
1.424103 4.02
1.449728 4.34
1.460728 4.34
1.491375 4.34
1.502353 4.02
1.533035 4.34
1.549367 4.34
1.577241 4.34
1.598720 4.34
1.614868 4.34
1.640368 4.34
1.651367 4.34
1.681859 4.34
1.692719 4.34
1.723363 4.34
1.734111 4.34
1.764717 4.34
1.775717 4.34
1.806122 4.34
1.824093 4.34
1.842359 4.34
1.872592 4.34
1.885092 4.34
1.913717 4.34
1.929717 4.34
1.954996 4.34
1.970994 4.34
1.996360 4.34
2.007109 4.34
2.042593 4.34
2.055094 4.34
2.083718 4.34
2.099593 4.34
2.124995 4.34
2.140996 4.34
2.171718 4.34
2.187848 4.34
2.212845 4.34
2.223719 4.34
2.254362 4.34
2.265112 4.34
2.300594 4.34
2.316595 4.34
2.341720 4.34
2.357595 4.34
2.382999 4.34
2.399125 4.34
2.429720 4.34
2.440596 4.34
2.471123 4.34
2.487125 4.34
2.517596 4.34
2.533596 4.34
2.558721 4.34
2.569472 4.34
2.600002 4.34
2.615999 4.34
2.646597 4.34
2.662721 4.34
2.687722 4.34
2.698597 4.34
2.729001 4.34
2.744848 4.34
2.775723 4.34
2.786598 4.34
2.817129 4.34
2.828000 4.34
2.863723 4.34
2.874474 4.34
2.905128 4.34
2.916004 4.34
2.951724 4.34
2.962474 4.34
2.993126 4.34
3.003851 4.34
3.039600 4.34
3.055725 4.34
3.080725 4.34
3.091600 4.34
3.122005 4.34
3.138129 4.34
3.168725 4.34
3.179600 4.34
3.210130 4.34
3.220852 4.34
3.256601 4.34
3.272726 4.34
3.297726 4.34
3.308602 4.34
3.339130 4.34
3.350003 4.34
3.385603 4.34
3.401603 4.34
3.426728 4.34
3.437478 4.34
3.468007 4.34
3.484130 4.34
3.514728 4.34
3.525728 4.34
3.556008 4.34
3.572141 4.34
3.602729 4.34
3.613479 4.34
3.644134 4.34
3.655009 4.34
3.690480 4.34
3.706605 4.34
3.731479 4.34
3.742355 4.34
3.772480 4.34
3.783355 4.34
3.813480 4.34
3.824356 4.34
3.854481 4.34
3.865356 4.34
3.895481 4.34
3.906356 4.34
3.936481 4.34
3.947356 4.34
3.977481 4.34
3.988357 4.34
4.018482 4.34
4.029357 4.34
4.059482 4.34
4.070358 4.34
4.100482 4.34
4.111358 4.34
4.141483 4.34
4.152358 4.34
4.182483 4.34
4.193358 4.34
4.223483 4.34
4.234359 4.34
4.264483 4.34
4.275359 4.34
4.305484 4.34
4.316359 4.34
4.346484 4.34
4.357359 4.34
4.387485 4.34
4.399986 4.34
4.428485 4.34
4.439360 4.34
4.469610 4.34
4.485735 4.34
4.510735 4.34
4.521610 4.34
4.552137 4.34
4.562862 4.34
4.598736 4.34
4.609611 4.34
4.640138 4.34
4.650863 4.34
4.686612 4.34
4.702737 4.34
4.727737 4.34
4.738487 4.34
4.769014 4.34
4.785016 4.34
4.815737 4.34
4.826612 4.34
4.857017 4.34
4.873142 4.34
4.903738 4.34
4.914613 4.34
4.945019 4.34
4.961142 4.34
4.991739 4.34
5.002614 4.34
5.033016 4.34
5.049142 4.34
5.075866 4.34
5.086739 4.34
5.122615 4.34
5.138740 4.34
5.163740 4.34
5.174490 4.34
5.205019 4.34
5.221144 4.34
5.251616 4.34
5.267491 4.34
5.292741 4.34
5.303491 4.34
5.334020 4.34
5.344868 4.34
5.375383 4.34
5.386134 4.34
5.416367 4.34
5.427135 4.34
5.457367 4.34
5.468132 4.34
5.498368 4.34
5.509140 4.34
5.539383 4.34
5.550133 4.34
5.580493 4.34
5.596619 4.34
5.621493 4.34
5.637618 4.34
5.662494 4.34
5.678619 4.34
5.703494 4.34
5.719619 4.34
5.744494 4.34
5.760620 4.34
5.785494 4.34
5.801620 4.34
5.826495 4.34
5.842620 4.34
5.867495 4.34
5.883620 4.34
5.908496 4.34
5.924496 4.34
5.949496 4.34
5.965621 4.34
5.990496 4.34
6.006621 4.34
6.031496 4.34
6.047622 4.34
6.072496 4.34
6.088622 4.34
6.113497 4.34
6.129622 4.34
6.154497 4.34
6.170622 4.34
6.195498 4.34
6.211623 4.34
6.236498 4.34
6.252623 4.34
6.277498 4.34
6.293623 4.34
6.318499 4.34
6.334624 4.34
6.359498 4.34
6.375624 4.34
6.400499 4.34
6.416500 4.34
6.441499 4.34
6.457624 4.34
6.482499 4.34
6.498625 4.34
6.523500 4.34
6.539625 4.34
6.564500 4.34
6.580626 4.34
6.605500 4.34
6.621626 4.34
6.646501 4.34
6.662625 4.34
6.687501 4.34
6.703501 4.34
6.728501 4.34
6.744626 4.34
6.769501 4.34
6.785502 4.34
6.810502 4.34
6.826627 4.34
6.851502 4.34
6.867627 4.34
6.892502 4.34
6.908628 4.34
6.933503 4.34
6.949628 4.34
6.974503 4.34
6.990628 4.34
7.015504 4.34
7.031628 4.34
7.056504 4.34
7.072629 4.34
7.097503 4.34
7.113629 4.34
7.138504 4.34
7.154629 4.34
7.179504 4.34
7.195505 4.34
7.220505 4.34
7.236630 4.34
7.261505 4.34
7.277505 4.34
7.302506 4.34
7.318631 4.34
7.343631 4.34
7.354381 4.34
7.384882 4.34
7.401006 4.34
7.431632 4.34
7.442382 4.34
7.473006 4.34
7.483757 4.34
7.519632 4.34
7.530382 4.34
7.560757 4.34
7.571507 4.34
7.603887 4.34
7.614757 4.34
7.650633 4.34
7.661383 4.34
7.691884 4.34
7.708008 4.34
7.734763 4.34
7.745508 4.34
7.776009 4.34
7.786759 4.34
7.822635 4.34
7.833384 4.34
7.863885 4.34
7.880027 4.34
7.910635 4.34
7.921384 4.34
7.951885 4.34
7.968028 4.34
7.998635 4.34
8.009385 4.34
8.039887 4.34
8.055887 4.34
8.086636 4.34
8.097386 4.34
8.127637 4.34
8.138511 4.34
8.168887 4.34
8.185029 4.34
8.215637 4.34
8.226386 4.02
8.256888 4.34
8.267762 4.34
8.303638 4.34
8.314387 4.34
8.344763 4.34
8.360763 4.34
8.391405 4.34
8.407405 4.34
8.432639 4.34
8.443388 4.34
8.473889 4.34
8.484764 4.34
8.520405 4.34
8.532769 4.34
8.561639 4.34
8.572515 4.34
8.602891 4.34
8.613765 4.34
8.649405 4.34
8.665408 4.34
8.690640 4.34
8.701515 4.34
8.731892 4.34
8.742766 4.34
8.778406 4.34
8.794406 4.34
8.819641 4.34
8.830517 4.34
8.860893 4.34
8.871767 4.34
8.907642 4.34
8.918392 4.34
8.948894 4.34
8.959767 4.34
8.995411 4.34
9.011410 4.34
9.036643 4.34
9.047518 4.34
9.077895 4.34
9.088768 4.34
9.124644 4.34
9.135393 4.34
9.165896 4.34
9.176769 4.34
9.212411 4.34
9.228409 4.34
9.253645 4.34
9.264395 4.34
9.294770 4.34
9.310770 4.34
9.336039 4.34
9.346897 4.34
9.377414 4.34
9.393413 4.34
9.418646 4.34
9.429396 4.34
9.459926 4.34
9.470771 4.34
9.506413 4.34
9.522522 4.34
9.547646 4.34
9.558396 4.34
9.588898 4.34
9.599772 4.34
9.635647 4.34
9.646523 4.34
9.676898 4.34
9.687773 4.34
9.723416 4.34
9.739413 4.34
9.764648 4.34
9.775398 4.34
9.805773 4.34
9.821774 4.34
9.852415 4.34
9.868414 4.34
9.893649 4.34
9.904525 4.34
9.934901 4.34
9.945774 4.34
9.981650 4.34
9.994165 4.34
10.026052 4.34
10.036775 4.34
10.067418 4.34
10.083418 4.34
10.108651 4.34
10.119401 4.34
10.149902 4.34
10.160776 4.34
10.196417 4.34
10.212418 4.34
10.237651 4.34
10.248402 4.34
10.278903 4.34
10.289777 4.34
10.325418 4.34
10.341419 4.34
10.366652 4.34
10.377403 4.34
10.407904 4.34
10.418778 4.34
10.454420 4.34
10.470421 4.34
10.495654 4.34
10.508172 4.34
10.536904 4.34
10.547779 4.34
10.579657 4.34
10.590529 4.34
10.620905 4.34
10.631779 4.34
10.662423 4.34
10.678422 4.34
10.703654 4.34
10.716045 4.34
10.744935 4.34
10.755780 4.34
10.786424 4.34
10.802531 4.34
10.827656 4.34
10.840046 4.34
10.868908 4.34
10.879781 4.34
10.910183 4.34
10.920908 4.34
10.951407 4.34
10.967425 4.34
10.992407 4.34
11.008422 4.34
11.033532 4.34
11.044407 4.34
11.074657 4.34
11.087051 4.34
11.115909 4.34
11.126783 4.34
11.157188 4.34
11.173300 4.34
11.198534 4.34
11.209409 4.34
11.239659 4.34
11.255659 4.34
11.280911 4.34
11.291784 4.34
11.322189 4.34
11.338302 4.34
11.363534 4.34
11.374410 4.34
11.404660 4.34
11.420660 4.34
11.445785 4.34
11.456535 4.34
11.492535 4.34
11.503425 4.34
11.533661 4.34
11.549660 4.34
11.574912 4.34
11.585786 4.34
11.616190 4.34
11.626912 4.34
11.657537 4.34
11.668412 4.34
11.698662 4.34
11.714662 4.34
11.739787 4.34
11.750537 4.34
11.786431 4.34
11.797180 4.34
11.827413 4.34
11.838180 4.34
11.868539 4.34
11.879414 4.34
11.909663 4.34
11.925664 4.34
11.950915 4.34
11.961789 4.34
11.997432 4.34
12.008181 4.34
12.038415 4.34
12.049181 4.34
12.079540 4.34
12.090415 4.34
12.120665 4.34
12.136665 4.34
12.161916 4.34
12.172790 4.34
12.208308 4.34
12.224309 4.34
12.249416 4.34
12.260183 4.34
12.290541 4.34
12.301417 4.34
12.331667 4.34
12.347667 4.34
12.372918 4.34
12.383792 4.34
12.414197 4.34
12.430310 4.34
12.455418 4.34
12.466185 4.34
12.496543 4.34
12.509070 4.34
12.537668 4.34
12.553543 4.34
12.578920 4.34
12.589793 4.34
12.620186 4.34
12.636311 4.34
12.661419 4.34
12.672185 4.34
12.702545 4.34
12.713419 4.34
12.743670 4.02
12.759670 4.34
12.784921 4.34
12.795795 4.02
12.826200 4.34
12.842185 4.34
12.867545 4.34
12.878421 4.34
12.908670 4.34
12.924546 4.34
12.949923 4.34
12.960796 4.34
12.991200 4.34
13.007315 4.34
13.032421 4.34
13.043189 4.34
13.073547 4.34
13.084422 4.34
13.114673 4.34
13.130673 4.34
13.157683 4.34
13.168548 4.34
13.199200 4.34
13.211683 4.34
13.240548 4.34
13.253076 4.34
13.281673 4.34
13.297674 4.34
13.324683 4.34
13.335549 4.34
13.367706 4.34
13.378424 4.34
13.409316 4.34
13.425317 4.34
13.450425 4.34
13.461317 4.34
13.491550 4.34
13.503926 4.34
13.532675 4.34
13.543550 4.34
13.573800 4.34
13.584675 4.34
13.615318 4.34
13.626319 4.34
13.656551 4.34
13.668943 4.34
13.697676 4.34
13.713677 4.34
13.744080 4.34
13.756562 4.34
13.785552 4.34
13.801427 4.34
13.826677 4.34
13.842678 4.34
13.867802 4.34
13.878678 4.34
13.909205 4.34
13.925320 4.34
13.950553 4.34
13.962930 4.34
13.991679 4.34
14.002429 4.02
14.038072 4.34
14.048804 4.34
14.079445 4.34
14.090198 4.34
14.120680 4.34
14.131555 4.34
14.161805 4.34
14.172555 4.34
14.203207 4.34
14.219084 4.34
14.244555 4.34
14.260556 4.34
14.285680 4.34
14.296556 4.34
14.332084 4.34
14.348073 4.34
14.373448 4.34
14.384325 4.34
14.414682 4.34
14.425557 4.34
14.455807 4.34
14.466556 4.34
14.497209 4.34
14.513087 4.34
14.538432 4.34
14.549198 4.34
14.579433 4.34
14.590200 4.34
14.620558 4.34
14.636433 4.34
14.661684 4.34
14.672558 4.34
14.708088 4.34
14.724077 4.34
14.749325 4.34
14.760075 4.34
14.790560 4.34
14.806434 4.34
14.831685 4.34
14.842434 4.34
14.878076 4.34
14.894077 4.34
14.919327 4.34
14.930077 4.34
14.960561 4.34
14.976436 4.34
15.001686 4.34
15.012561 4.34
15.048089 4.34
15.064077 4.34
15.089329 4.34
15.100079 4.34
15.130437 4.34
15.141202 4.34
15.171562 4.34
15.187437 4.34
15.212687 4.34
15.223563 4.34
15.253812 4.34
15.264563 4.34
15.295218 4.34
15.311330 4.34
15.336563 4.34
15.352439 4.34
15.377689 4.34
15.388563 4.34
15.424091 4.34
15.434814 4.34
15.465329 4.34
15.476091 4.34
15.506440 4.34
15.517205 4.34
15.547440 4.34
15.558208 4.34
15.588565 4.34
15.604565 4.34
15.629690 4.02
15.640441 4.34
15.676331 4.34
15.687082 4.34
15.717566 4.34
15.733441 4.34
15.758691 4.34
15.769566 4.34
15.805335 4.34
15.816096 4.34
15.846334 4.34
15.857097 4.34
15.887567 4.34
15.903568 4.34
15.928692 4.34
15.939568 4.34
15.970098 4.34
15.986096 4.34
16.011335 4.34
16.022095 4.34
16.052568 4.34
16.068443 4.34
16.093694 4.34
16.104444 4.34
16.135096 4.34
16.147570 4.34
16.176570 4.34
16.192570 4.34
16.217695 4.34
16.228570 4.34
16.264100 4.34
16.280101 4.34
16.305445 4.34
16.317826 4.34
16.346571 4.34
16.362571 4.34
16.387696 4.34
16.398571 4.34
16.429098 4.34
16.445100 4.34
16.470446 4.34
16.482824 4.34
16.511571 4.34
16.527572 4.34
16.552697 4.34
16.563572 4.34
16.594102 4.34
16.610100 4.34
16.635448 4.34
16.647826 4.34
16.676448 4.34
16.688826 4.34
16.717448 4.34
16.733341 4.34
16.758573 4.34
16.774574 4.34
16.799699 4.34
16.810574 4.34
16.841103 4.34
16.857103 4.34
16.882450 4.34
16.898450 4.34
16.923575 4.34
16.939575 4.34
16.964700 4.34
16.975575 4.34
17.006104 4.34
17.022104 4.34
17.047451 4.34
17.063451 4.34
17.088576 4.34
17.104576 4.34
17.129701 4.34
17.140576 4.34
17.171105 4.34
17.186978 4.34
17.212452 4.34
17.228452 4.34
17.253452 4.34
17.269342 4.34
17.294577 4.34
17.310578 4.34
17.335703 4.34
17.346578 4.34
17.377107 4.34
17.393106 4.34
17.418453 4.34
17.434346 4.34
17.459454 4.34
17.475470 4.34
17.500454 4.34
17.516579 4.34
17.541454 4.34
17.557344 4.34
17.582455 4.34
17.598346 4.34
17.623580 4.34
17.639455 4.34
17.664705 4.34
17.675455 4.34
17.706107 4.34
17.721986 4.34
17.747456 4.34
17.763456 4.34
17.788456 4.34
17.804348 4.34
17.829581 4.34
17.845457 4.34
17.870706 4.34
17.881581 4.34
17.917109 4.34
17.932986 4.34
17.958457 4.34
17.974457 4.34
17.999458 4.34
18.015350 4.34
18.040458 4.34
18.056348 4.34
18.081458 4.34
18.097333 4.34
18.122458 4.34
18.138351 4.34
18.163584 4.34
18.179584 4.34
18.204709 4.34
18.215459 4.34
18.246111 4.34
18.262113 4.34
18.287460 4.34
18.303351 4.34
18.328460 4.34
18.344460 4.34
18.369460 4.34
18.385352 4.34
18.410585 4.34
18.426586 4.34
18.451711 4.34
18.462586 4.34
18.493116 4.34
18.508990 4.34
18.534478 4.34
18.550461 4.34
18.575711 4.34
18.586587 4.34
18.617117 4.34
18.632992 4.34
18.658356 4.34
18.670838 4.34
18.699463 4.34
18.715337 4.34
18.740588 4.34
18.751352 4.34
18.781713 4.34
18.792588 4.34
18.823116 4.34
18.833993 4.34
18.864463 4.34
18.880339 4.34
18.905588 4.34
18.916339 4.34
18.948466 4.34
18.959356 4.34
18.989465 4.34
19.005340 4.34
19.030590 4.34
19.041355 4.34
19.073466 4.34
19.084355 4.34
19.114591 4.34
19.125341 4.34
19.160842 4.34
19.176846 4.34
19.201994 4.34
19.214343 4.34
19.243466 4.34
19.259342 4.34
19.284592 4.34
19.295342 4.34
19.327343 4.34
19.338109 4.34
19.368467 4.34
19.384342 4.34
19.409467 4.34
19.420343 4.34
19.450593 4.34
19.461468 4.34
19.496844 4.34
19.512884 4.34
19.538360 4.34
19.550718 4.34
19.579594 4.34
19.590344 4.34
19.625997 4.34
19.642000 4.34
19.667362 4.34
19.683361 4.34
19.708345 4.34
19.724361 4.34
19.749470 4.34
19.765470 4.34
19.790470 4.34
19.801346 4.34
19.831470 4.34
19.842346 4.34
19.872470 4.34
19.883346 4.34
19.913471 4.34
19.924347 4.34
19.954471 4.34
19.965363 4.34
19.995472 4.34
20.006347 4.34
20.036472 4.34
20.047347 4.34
20.077473 4.34
20.088348 4.34
20.118473 4.34
20.129348 4.34
20.159473 4.34
20.170348 4.34
20.200473 4.34
20.211348 4.34
20.241473 4.34
20.252365 4.34
20.282474 4.34
20.293349 4.34
20.323474 4.34
20.334349 4.34
20.364475 4.34
20.375350 4.34
20.405475 4.34
20.416350 4.34
20.446475 4.34
20.457350 4.34
20.487475 4.34
20.498350 4.34
20.528601 4.34
20.539476 4.34
20.574852 4.34
20.590855 4.34
20.616006 4.34
20.632006 4.34
20.657477 4.34
20.673352 4.34
20.698477 4.34
20.709352 4.34
20.739477 4.34
20.750353 4.34
20.780478 4.34
20.791353 4.34
20.821478 4.34
20.832353 4.34
20.862478 4.34
20.873353 4.34
20.903478 4.34
20.914354 4.34
20.944479 4.34
20.955353 4.34
20.985479 4.34
20.996354 4.34
21.026479 4.34
21.037355 4.34
21.067480 4.34
21.078355 4.34
21.108480 4.34
21.119355 4.34
21.149480 4.34
21.160356 4.34
21.190480 4.34
21.201356 4.34
21.231481 4.34
21.242356 4.34
21.272481 4.34
21.283356 4.34
21.313481 4.34
21.324356 4.34
21.354482 4.34
21.365357 4.34
21.395607 4.34
21.406357 4.34
21.441859 4.34
21.457889 4.34
21.483375 4.34
21.499483 4.34
21.524375 4.34
21.540374 4.34
21.565483 4.34
21.576358 4.34
21.606484 4.34
21.617359 4.34
21.647484 4.34
21.658359 4.34
21.688484 4.34
21.699359 4.34
21.729484 4.34
21.740359 4.34
21.770485 4.34
21.781360 4.34
21.811485 4.34
21.822360 4.34
21.852485 4.34
21.863360 4.34
21.893485 4.34
21.904361 4.34
21.934486 4.34
21.945360 4.34
21.975486 4.34
21.986361 4.34
22.016611 4.34
22.027486 4.34
22.062863 4.34
22.078862 4.34
22.104380 4.34
22.120625 4.34
22.146045 4.34
22.157041 4.34
22.187619 4.34
22.198491 4.34
22.229150 4.34
22.239991 4.68
22.270490 4.68
22.281379 4.68
22.311487 5.00
22.322378 5.00
22.352489 5.00
22.363379 4.68
22.393488 5.00
22.404379 5.00
22.439739 5.00
22.455739 5.00
22.481013 5.00
22.491739 5.00
22.522379 4.68
22.538378 5.00
22.563489 5.00
22.574509 5.00
22.605124 5.00
22.616044 5.00
22.646495 5.00
22.657369 5.00
22.687869 5.00
22.703873 5.00
22.729385 5.00
22.745383 5.00
22.770492 5.00
22.781367 4.68
22.811492 5.00
22.822367 5.00
22.852492 5.00
22.863383 5.00
22.894128 5.00
22.905122 5.00
22.941039 5.00
22.951872 5.00
22.982495 5.35
22.993370 5.00
23.028871 5.00
23.044870 5.00
23.070387 5.00
23.086386 5.35
23.111494 5.35
23.122370 5.35
23.152495 5.35
23.163370 5.35
23.193635 5.00
23.204631 5.35
23.235276 5.35
23.251502 5.35
23.282125 5.00
23.292876 5.35
23.323498 5.00
23.334373 5.35
23.369874 5.35
23.385874 5.35
23.411389 5.35
23.427388 5.00
23.452497 5.35
23.463387 5.35
23.499014 5.35
23.510062 5.35
23.540628 5.35
23.551504 5.00
23.582192 5.35
23.598270 5.35
23.623501 5.35
23.634266 5.35
23.664875 5.35
23.680875 5.35
23.708999 5.35
23.719748 5.35
23.750152 5.35
23.760875 5.00
23.797186 5.00
23.813399 5.35
23.844044 5.35
23.854881 5.69
23.885504 5.69
23.896378 5.69
23.931878 6.01
23.947878 5.69
23.973393 6.01
23.989390 5.69
24.014376 5.69
24.025144 5.69
24.055376 5.69
24.066143 5.69
24.096376 5.69
24.107141 5.69
24.142751 5.69
24.158751 5.69
24.184001 5.69
24.194751 6.01
24.225268 5.69
24.241268 5.69
24.266393 5.69
24.277266 5.69
24.309279 5.69
24.320003 5.69
24.350378 5.69
24.361269 5.69
24.391378 5.69
24.402295 6.01
24.433069 6.01
24.444065 6.01
24.476261 6.01
24.487275 6.01
24.522758 6.01
24.535258 6.01
24.564399 5.69
24.575148 5.69
24.605756 5.69
24.618257 5.69
24.647160 6.01
24.663146 6.01
24.688381 6.01
24.699158 6.01
24.729511 5.69
24.740385 6.01
24.771150 6.36
24.787150 6.68
24.818050 6.68
24.828889 7.02
24.864896 7.37
24.875894 7.37
24.906516 7.37
24.917514 7.37
24.948033 7.37
24.958888 7.37
24.989511 7.69
25.000401 7.69
25.030760 7.69
25.046759 7.37
25.072165 7.37
25.088161 7.37
25.113383 7.37
25.124151 7.37
25.154509 7.37
25.165384 7.37
25.200759 7.37
25.213136 7.37
25.242164 7.37
25.258162 7.37
25.283510 7.37
25.294385 7.37
25.329760 7.37
25.345635 7.37
25.371165 7.37
25.387165 7.37
25.412386 7.37
25.423154 7.37
25.453511 7.37
25.464403 7.37
25.499761 7.37
25.515762 7.37
25.541166 7.69
25.557164 7.69
25.582512 7.37
25.593387 7.69
25.628762 7.37
25.644638 7.37
25.670164 7.37
25.686165 7.37
25.711388 7.37
25.722154 7.37
25.752388 7.37
25.763156 7.37
25.793389 7.37
25.804155 7.37
25.834514 7.69
25.845389 7.69
25.880764 7.37
25.896764 7.37
25.922168 7.37
25.938032 7.37
25.963390 7.37
25.974155 7.37
26.004390 7.37
26.015157 7.37
26.045390 7.37
26.056158 7.37
26.086516 7.37
26.097391 7.37
26.132766 7.37
26.148766 7.37
26.174170 7.37
26.190169 7.37
26.215517 7.37
26.226410 7.37
26.261767 7.37
26.277642 7.37
26.303170 7.37
26.319407 7.69
26.344517 7.69
26.355393 7.37
26.390767 7.37
26.406643 7.37
26.432170 7.69
26.448033 7.37
26.473518 7.37
26.484393 7.37
26.519769 7.37
26.535644 7.37
26.561171 7.37
26.577519 7.37
26.604145 7.37
26.614895 7.37
26.647145 7.69
26.657895 7.69
26.690146 7.69
26.700896 7.69
26.733146 7.69
26.744047 7.69
26.774412 7.37
26.785161 7.02
26.820771 6.68
26.836771 7.02
26.862050 6.68
26.874521 6.68
26.905176 7.02
26.916038 7.02
26.948177 6.68
26.958926 6.68
26.991176 6.68
27.002051 6.68
27.034178 6.68
27.044927 6.68
27.077179 7.02
27.088040 7.02
27.120149 6.68
27.130899 6.68
27.161147 6.68
27.177022 7.02
27.202147 6.68
27.218023 6.68
27.243148 6.68
27.259023 7.02
27.284148 6.68
27.300024 6.68
27.325148 6.68
27.341023 6.68
27.366149 6.68
27.382024 6.68
27.407149 6.68
27.423024 6.68
27.448149 6.68
27.464024 6.68
27.489149 6.68
27.505025 6.68
27.530150 6.68
27.546025 6.68
27.571150 6.68
27.587025 6.68
27.612151 6.68
27.628025 6.68
27.653151 6.68
27.669026 6.68
27.694151 6.36
27.710026 6.36
27.735151 0.05
27.751027 6.01
27.776151 5.35
27.792039 5.00
27.817161 4.34
27.827911 4.34
27.858158 4.34
27.874032 4.34
27.899156 4.34
27.915031 4.34
27.940155 4.34
27.956030 4.34
27.981155 4.34
27.997029 4.34
28.022154 4.34
28.038029 4.34
28.063153 4.34
28.079029 4.34
28.104154 4.34
28.114905 4.34
28.145154 4.34
28.155906 4.34
28.186155 4.34
28.196906 4.34
28.227155 4.34
28.237906 4.34
28.268178 4.34
28.278906 4.34
28.314537 4.34
28.325288 4.34
28.355536 4.34
28.366285 4.34
28.396534 4.34
28.407284 4.34
28.437533 4.34
28.448283 4.34
28.478532 4.34
28.489282 4.34
28.519540 4.34
28.535546 4.34
