0.000000 0.000000
0.041736 4.34
0.058004 4.34
0.083482 4.34
0.094492 2.66
0.125262 2.66
0.146862 2.66
0.158043 2.66
0.188477 2.34
0.199475 2.66
0.230113 2.66
0.246347 2.66
0.276876 2.66
0.287752 2.66
0.318234 2.66
0.334233 2.66
0.364747 2.66
0.380749 2.66
0.406233 2.34
0.422230 2.34
0.447218 2.66
0.463343 2.66
0.488218 2.66
0.504231 2.66
0.529219 2.66
0.545218 2.34
0.570218 2.66
0.586218 2.34
0.611219 2.66
0.627219 2.34
0.652218 2.34
0.663110 2.34
0.693219 2.66
0.704116 2.34
0.734219 2.34
0.745111 2.34
0.775917 2.34
0.786735 2.34
0.817478 2.66
0.828476 2.34
0.859144 2.66
0.875373 2.66
0.905909 2.66
0.916996 2.66
0.947498 2.66
0.963862 3.01
0.989125 4.02
1.005356 4.02
1.035889 4.34
1.046888 4.34
1.077351 4.34
1.088227 4.34
1.118757 4.02
1.134753 4.02
1.160238 4.34
1.176236 4.02
1.201223 4.34
1.212113 4.02
1.242223 4.34
1.253114 4.02
1.283223 4.02
1.294113 4.02
1.324224 4.34
1.335113 4.34
1.365224 4.34
1.376115 4.02
1.406349 4.34
1.417239 4.34
1.448042 4.34
1.459018 4.34
1.495021 4.34
1.507611 4.34
1.541864 4.34
1.552882 4.34
1.585157 4.34
1.596130 4.34
1.631898 4.34
1.642733 4.34
1.673480 4.34
1.684355 4.34
1.714730 4.34
1.730603 4.34
1.756119 4.34
1.772228 4.34
1.797353 4.34
1.808228 4.34
1.843603 4.34
1.854353 4.34
1.885120 4.34
1.901121 4.34
1.926243 4.34
1.942229 4.34
1.967354 4.34
1.978118 4.34
2.013604 4.34
2.024354 4.34
2.055121 4.34
2.071122 4.34
2.096355 4.34
2.107119 4.34
2.142605 4.34
2.153355 4.34
2.184121 4.34
2.200121 4.34
2.225123 4.34
2.241123 4.34
2.266122 4.34
2.282122 4.34
2.307122 4.34
2.323123 4.34
2.348231 4.34
2.359123 4.34
2.389231 4.34
2.399998 4.34
2.435607 4.34
2.446482 4.34
2.477010 4.34
2.489607 4.34
2.518358 4.34
2.529124 4.34
2.564608 4.34
2.575358 4.34
2.606000 4.34
2.616734 4.34
2.647359 4.34
2.658126 4.34
2.693608 4.34
2.706140 4.34
2.735014 4.34
2.747484 4.34
2.776234 4.34
2.786999 4.34
2.817235 4.34
2.828002 4.34
2.858360 4.34
2.869127 4.34
2.904610 4.34
2.917142 4.34
2.946015 4.34
2.958485 4.34
2.987236 4.34
2.998004 4.34
3.028361 4.34
3.039128 4.34
3.074611 4.34
3.099013 4.34
3.111486 4.34
3.140362 4.34
3.151130 4.34
3.186621 4.34
3.211015 4.34
3.226891 4.34
3.252363 4.34
3.263128 4.34
3.298621 4.34
3.322893 4.34
3.333738 4.34
3.364131 4.34
3.380006 4.34
3.405364 4.34
3.416132 4.34
3.451621 4.34
3.464017 4.34
3.493017 4.34
3.508893 4.34
3.534365 4.34
3.545131 4.34
3.580623 4.34
3.593018 4.34
3.622019 4.34
3.637893 4.34
3.668875 4.34
3.679927 4.34
3.715797 4.34
3.726793 4.34
3.757370 4.34
3.768244 4.68
3.798902 4.68
3.809772 5.00
3.840243 5.00
3.851010 5.00
3.886880 5.35
3.898026 5.35
3.933790 5.35
3.944627 5.35
3.975373 5.35
3.986247 5.35
4.016906 5.35
4.027777 5.35
4.058245 5.35
4.069137 5.35
4.099369 5.35
4.110137 5.35
4.145623 5.35
4.170150 5.35
4.186377 5.35
4.211791 5.35
4.222629 5.35
4.253374 5.35
4.264249 5.35
4.294626 5.35
4.310626 5.35
4.336139 5.35
4.352140 5.35
4.377371 5.35
4.388138 5.35
4.423624 5.35
4.439624 5.35
4.464886 5.35
4.475815 5.35
4.511801 5.35
4.522798 5.69
4.553378 5.69
4.564253 5.69
4.594785 5.69
4.605632 5.69
4.636250 5.69
4.647140 5.69
4.682629 5.69
4.698631 5.69
4.724141 5.69
4.740141 5.69
4.765249 5.69
4.776143 5.69
4.808017 5.69
4.819074 5.69
4.849661 5.69
4.860669 5.69
4.891255 5.69
4.902255 5.69
4.932784 5.69
4.943634 5.69
4.974251 5.69
4.985142 5.69
5.020640 5.69
5.036631 5.69
5.062139 5.69
5.078139 5.69
5.103251 5.69
5.114269 5.69
5.144938 5.69
5.161153 5.69
5.191803 5.69
5.202800 5.69
5.235006 5.69
5.246022 5.69
5.276254 5.69
5.287146 5.69
5.319034 5.69
5.329905 5.69
5.362032 5.69
5.372782 5.69
5.405081 5.69
5.416045 5.69
5.451886 5.69
5.464519 6.01
5.498819 6.01
5.509818 6.01
5.540260 6.01
5.551135 6.01
5.581794 6.01
5.592633 6.01
5.623257 6.01
5.634149 6.01
5.669634 6.01
5.685637 6.01
5.710910 6.01
5.723381 6.01
5.752256 6.01
5.763155 6.01
5.793799 6.01
5.804636 6.01
5.835260 6.01
5.846151 6.01
5.876508 6.01
5.889008 6.01
5.917784 6.01
5.928633 6.01
5.959148 6.01
5.969900 6.01
6.002008 6.01
6.012786 6.01
6.043258 6.01
6.054291 6.01
6.084894 6.01
6.101031 6.01
6.131798 6.01
6.142797 6.01
6.173262 6.01
6.184151 6.01
6.214789 6.01
6.225642 6.01
6.256260 6.01
6.267152 6.01
6.297669 6.01
6.308509 6.01
6.339025 6.01
6.355266 6.01
6.380649 6.01
6.391652 6.01
6.423962 6.01
6.435047 6.01
6.470811 6.01
6.481810 6.01
6.517655 6.01
6.528516 6.01
6.559158 6.36
6.569907 6.36
6.600514 6.36
6.616513 12.32
6.642027 6.36
6.658028 6.36
6.683155 6.01
6.693907 6.36
6.724838 6.36
6.737398 6.36
6.771647 6.36
6.782647 6.36
6.813268 12.32
6.824160 6.36
6.854802 0.05
6.865655 12.32
6.896266 6.01
6.907156 6.36
6.937514 6.36
6.953390 6.36
6.978793 6.36
6.989641 12.32
7.025664 12.32
7.036660 6.36
7.067272 12.32
7.078271 6.36
7.108802 6.36
7.119684 12.32
7.150268 6.36
7.161158 6.36
7.191793 6.36
7.202668 12.32
7.233266 6.36
7.244156 6.36
7.279515 6.36
7.295548 12.32
7.321034 6.36
7.337032 6.36
7.367532 0.05
7.383845 0.05
7.409167 6.36
7.420168 6.36
7.450693 6.36
7.461522 6.36
7.492164 6.36
7.503038 0.05
7.533520 6.36
7.549681 12.32
7.574675 0.05
7.585519 0.05
7.616034 6.36
7.632035 6.36
7.657269 6.36
7.669964 0.05
7.698824 12.32
7.711403 6.36
7.745526 6.36
7.761813 6.36
7.787164 6.36
7.798040 6.36
7.828694 6.36
7.839522 6.36
7.870037 6.36
7.886162 6.36
7.911271 6.36
7.922161 6.36
7.957741 6.36
7.968840 6.36
8.004529 6.36
8.020829 6.36
8.046168 6.36
8.057043 6.36
8.087683 6.36
8.098524 6.36
8.129165 6.36
8.140036 6.36
8.175523 6.36
8.191523 6.36
8.216796 6.36
8.229274 6.36
8.259928 6.36
8.270740 6.36
8.306683 6.36
8.317737 6.36
8.353725 6.36
8.364835 6.36
8.400531 6.36
8.411530 6.36
8.442170 6.36
8.453045 6.36
8.483686 6.36
8.494527 6.36
8.525042 6.36
8.535927 6.36
8.566150 6.36
8.576900 6.36
8.608900 6.36
8.619664 6.36
8.650028 6.36
8.660975 6.36
8.691704 6.36
8.702701 6.36
8.738533 6.36
8.749532 6.36
8.780172 6.36
8.791043 6.36
8.821685 6.36
8.832529 6.36
8.863167 6.36
8.874044 6.36
8.904402 6.36
8.920403 6.36
8.945679 6.36
8.956528 6.36
8.992541 6.36
9.003544 6.36
9.034174 6.36
9.045048 6.36
9.075851 6.36
9.092071 6.36
9.122664 6.36
9.133664 6.36
9.169534 6.36
9.180409 6.36
9.211176 6.36
9.221925 6.36
9.252532 6.36
9.263407 6.36
9.294048 6.36
9.304809 6.36
9.340406 6.36
9.356532 6.36
9.381532 6.36
9.397406 6.36
9.422936 6.36
9.433687 6.36
9.469532 6.36
9.485532 6.36
9.510936 6.36
9.521658 6.36
9.557533 6.36
9.568408 6.36
9.598812 6.36
9.614810 6.36
9.640173 6.36
9.650925 6.36
9.686534 6.36
9.697284 6.36
9.727813 6.36
9.743690 6.36
9.769177 6.36
9.779924 6.36
9.810285 6.36
9.821160 6.36
9.851410 6.36
9.867410 6.36
9.892535 6.36
9.903285 6.36
9.933815 6.36
9.949940 6.36
9.975178 6.36
9.985928 6.36
10.021411 6.36
10.037536 6.36
10.062536 6.36
10.073287 6.36
10.103814 6.36
10.119663 6.36
10.150412 6.36
10.166538 6.36
10.191537 6.36
10.202287 6.36
10.232942 6.36
10.243804 6.36
10.279413 6.36
10.295288 6.36
10.320538 6.36
10.331414 6.36
10.361815 6.36
10.377806 6.36
10.408414 6.36
10.424289 6.36
10.449539 6.36
10.460289 6.36
10.490806 6.36
10.506665 6.36
10.532183 6.36
10.542933 6.36
10.573290 6.36
10.584056 6.36
10.614540 6.36
10.625415 6.36
10.655790 6.36
10.671791 6.36
10.697184 6.36
10.707933 6.36
10.743291 6.36
10.754166 6.36
10.784292 6.36
10.795167 6.36
10.825292 6.36
10.836167 6.36
10.866292 6.36
10.877167 6.36
10.907292 6.36
10.918167 6.36
10.948292 6.36
10.959168 6.36
10.989293 6.36
11.000168 6.36
11.030293 6.36
11.041168 6.36
11.071294 6.36
11.082169 6.36
11.112294 6.36
11.123169 6.36
11.153295 6.36
11.164170 6.36
11.194294 6.36
11.205169 6.36
11.235295 6.36
11.246187 6.36
11.276420 6.36
11.292420 6.36
11.317545 6.36
11.328420 6.36
11.358796 6.36
11.374796 6.36
11.401797 6.36
11.412672 6.36
11.443187 6.36
11.453939 6.36
11.484296 6.36
11.496797 6.36
11.525297 6.36
11.537826 6.36
11.566297 6.36
11.582422 6.36
11.607297 6.36
11.619813 6.36
11.648298 6.36
11.660814 6.36
11.689298 6.36
11.701816 6.36
11.730299 6.36
11.742814 6.36
11.771299 6.36
11.783817 6.36
11.812298 6.36
11.824818 6.36
11.853299 6.36
11.865675 6.36
11.894300 6.36
11.910300 6.36
11.935300 0.05
11.947676 6.36
11.976300 6.36
11.992300 6.36
12.017301 6.36
12.029676 6.36
12.058301 6.36
12.074301 6.36
12.099301 6.36
12.115426 6.36
12.140426 6.36
12.151176 6.36
12.181707 6.36
12.197802 6.36
12.228427 6.36
12.239177 6.36
12.269694 6.36
12.285802 6.36
12.310943 6.36
12.321802 6.36
12.352302 6.36
12.364679 6.36
12.393303 6.36
12.409428 6.36
12.434428 6.36
12.445178 6.36
12.475709 6.36
12.491696 6.36
12.522429 6.36
12.533179 6.36
12.563709 6.36
12.579709 6.36
12.604958 6.36
12.615698 6.36
12.646305 6.36
12.662305 6.36
12.687430 6.36
12.698180 6.36
12.728555 6.36
12.739305 6.36
12.769960 6.36
12.780682 6.36
12.811181 6.36
12.821947 6.36
12.852181 6.36
12.862951 6.36
12.893182 6.36
12.903950 6.36
12.934182 6.36
12.944951 6.36
12.975307 6.36
12.991432 6.36
13.016432 6.36
13.027182 6.36
13.057558 6.36
13.068308 6.36
13.098962 6.36
13.109825 6.36
13.140183 6.36
13.150950 6.36
13.181309 6.36
13.197434 6.36
13.222434 6.36
13.233184 6.36
13.263715 6.36
13.279714 6.36
13.310435 6.36
13.321184 6.36
13.351560 6.36
13.362435 6.36
13.392964 6.36
13.403828 6.36
13.434310 6.36
13.450310 6.36
13.475436 6.36
13.486186 6.36
13.516716 6.36
13.532841 6.36
13.563436 6.36
13.574186 6.36
13.604687 6.36
13.620687 6.36
13.645966 6.36
13.656830 6.36
13.687312 6.36
13.703437 6.36
13.728437 6.36
13.739188 6.36
13.769689 6.36
13.785843 6.36
13.810967 6.36
13.821689 6.36
13.852314 6.36
13.868439 6.36
13.893439 6.36
13.904314 6.36
13.934689 6.36
13.950842 6.36
13.981439 6.36
13.992189 6.36
14.022691 6.36
14.038832 6.36
14.063969 6.36
14.074833 6.36
14.105316 6.36
14.121440 6.36
14.146441 6.36
14.157191 6.36
14.187691 6.36
14.203846 6.36
14.234441 6.36
14.245190 6.36
14.275567 6.36
14.286317 6.36
14.318696 6.36
14.329567 6.36
14.361696 6.36
14.372567 6.36
14.408443 6.36
14.419192 6.36
14.449694 6.36
14.465693 6.36
14.496443 6.36
14.507192 6.36
14.537694 6.36
14.553694 6.36
14.584444 6.36
14.595194 6.36
14.625570 6.36
14.638194 6.36
14.668573 6.36
14.679444 6.36
14.711574 6.36
14.722319 6.36
14.754574 6.36
14.765320 6.36
14.797574 6.36
14.808321 6.36
14.844213 6.36
14.856574 6.36
14.885446 6.36
14.896196 6.36
14.926571 6.36
14.938963 6.36
14.969601 6.36
14.980321 6.36
15.016447 6.36
15.027322 6.36
15.057725 6.36
15.073851 6.36
15.104447 6.36
15.115322 6.36
15.145699 6.36
15.161699 6.36
15.192448 6.36
15.203323 6.36
15.233700 6.36
15.244573 6.36
15.280324 6.36
15.291216 6.36
15.321449 6.36
15.332324 6.36
15.362728 6.36
15.373574 6.36
15.409325 6.36
15.420216 6.36
15.450450 6.36
15.461325 6.36
15.491701 6.36
15.502575 6.36
15.538218 6.36
15.550579 6.36
15.579450 6.36
15.590201 6.36
15.620702 6.36
15.631576 6.36
15.667219 6.36
15.683219 6.36
15.708452 6.36
15.719202 6.36
15.749703 6.36
15.760577 6.36
15.796221 6.36
15.812217 6.36
15.837453 6.36
15.848203 6.36
15.878578 6.36
15.894578 6.36
15.925222 6.36
15.941220 6.36
15.966453 6.36
15.977204 6.36
16.007705 6.36
16.018579 6.36
16.048858 6.36
16.059705 6.36
16.090223 6.36
16.106222 6.36
16.131455 6.36
16.142205 6.36
16.172580 6.36
16.188580 6.36
16.219221 6.36
16.235223 6.36
16.260456 6.36
16.271331 6.36
16.301707 6.36
16.312581 6.36
16.342861 6.36
16.353707 6.36
16.384225 6.36
16.400223 6.36
16.425456 6.36
16.436207 6.36
16.466582 6.36
16.482582 6.36
16.513224 6.36
16.529333 6.36
16.554583 6.36
16.570583 6.36
16.604459 6.36
16.615208 6.36
16.645710 6.36
16.656583 6.36
16.692227 6.36
16.708224 6.36
16.733334 6.36
16.744209 6.36
16.774460 6.36
16.785209 6.36
16.815711 6.36
16.826585 6.36
16.862225 6.36
16.878227 6.36
16.903460 6.36
16.914210 6.36
16.944712 6.36
16.955585 6.36
16.985866 6.36
16.996712 6.36
17.027227 6.36
17.043228 6.36
17.068461 6.36
17.080977 6.36
17.109713 6.36
17.120587 6.36
17.156337 6.36
17.167229 6.36
17.197463 6.36
17.208337 6.36
17.238743 6.36
17.249588 6.36
17.280229 6.36
17.296231 6.36
17.321463 6.36
17.333980 6.36
17.362588 6.36
17.378589 6.36
17.409229 6.36
17.425232 6.36
17.450464 6.36
17.462983 6.36
17.491715 6.36
17.502589 6.36
17.533232 6.36
17.549232 6.36
17.574465 6.36
17.586855 6.36
17.615716 6.36
17.626591 6.36
17.662234 6.36
17.678233 6.36
17.703466 6.36
17.715858 6.36
17.744717 6.36
17.755591 6.36
17.791234 6.36
17.807234 6.36
17.832467 6.36
17.844859 6.36
17.873592 6.36
17.889592 6.36
17.920233 6.36
17.936234 6.36
17.961468 6.36
17.973859 6.36
18.002719 6.36
18.013593 6.36
18.043997 6.36
18.054719 6.36
18.085219 6.36
18.095984 6.36
18.126344 6.36
18.137219 6.36
18.167469 6.36
18.183345 6.36
18.208720 6.36
18.219595 6.36
18.249997 6.36
18.260721 6.36
18.291221 6.36
18.301988 6.36
18.332345 6.36
18.343220 6.36
18.373471 6.36
18.389471 6.36
18.414722 6.36
18.425596 6.36
18.456112 6.36
18.471990 6.36
18.497222 6.36
18.507988 6.36
18.538222 6.36
18.548990 6.36
18.579222 6.36
18.589990 6.36
18.620348 6.36
18.631223 6.36
18.661473 6.36
18.677473 7.02
18.702725 7.37
18.713598 6.68
18.744002 6.68
18.760115 6.36
18.785224 6.36
18.795973 6.36
18.826222 6.36
18.836973 7.02
18.867223 7.37
18.877973 6.68
18.908223 6.68
18.918973 6.68
18.949224 6.36
18.959974 6.36
18.990224 6.36
19.000974 7.02
19.031224 7.37
19.041974 6.68
19.072224 6.68
19.082975 6.68
19.113225 6.68
19.123975 6.36
19.154225 6.68
19.164976 7.37
19.195225 7.37
19.205976 6.68
19.236226 6.68
19.246975 6.68
19.277226 6.36
19.287976 6.36
19.318226 6.36
19.328976 7.02
19.359227 7.37
19.369977 7.02
19.400227 6.68
19.410977 6.68
19.441227 6.68
19.451977 6.36
19.482227 6.68
19.492977 7.37
19.523228 7.37
19.533978 6.68
19.564227 6.68
19.574978 6.68
19.605229 6.68
19.615978 6.36
19.646228 6.36
19.656979 7.02
19.687229 7.37
19.697979 6.68
19.728229 6.68
19.738979 6.68
19.769230 6.36
19.779980 6.36
19.810229 6.68
19.820980 7.02
19.851230 7.37
19.861980 6.68
19.892230 6.68
19.902981 6.68
19.933230 6.36
19.943981 6.36
19.974231 6.68
19.984981 7.02
20.015231 7.37
20.025981 6.68
20.056231 6.68
20.066982 6.68
20.097232 6.68
20.107982 6.36
20.138232 6.68
20.148982 7.02
20.179232 7.37
20.189983 6.68
20.220233 6.68
20.230983 6.68
20.261233 6.36
20.271983 6.36
20.302233 6.68
20.312983 7.37
20.343233 7.37
20.353984 6.68
20.384233 6.68
20.394984 6.68
20.425234 6.36
20.435984 6.36
20.466234 6.68
20.476985 7.02
20.507235 7.37
20.517985 6.68
20.548235 6.68
20.558985 6.36
20.589236 6.36
20.599986 6.36
20.630362 6.68
20.642737 7.37
20.671487 7.02
20.687487 6.68
20.714363 6.68
20.725130 6.68
20.755488 6.36
20.771488 6.36
20.801890 7.02
20.814364 7.37
20.843130 7.02
20.853890 6.68
20.884364 6.68
20.900364 6.68
20.925488 6.36
20.936239 6.36
20.972131 7.02
20.982891 7.37
21.013365 6.68
21.029240 6.68
21.054490 6.68
21.065365 6.68
21.101133 6.36
21.111894 7.02
21.142241 7.37
21.153006 7.02
21.183241 6.68
21.194009 6.68
21.224366 6.36
21.236770 6.36
21.265492 0.05
21.276367 4.68
21.311895 4.34
21.327896 4.68
21.353242 4.68
21.364009 4.34
21.394242 4.34
21.405010 4.34
21.435243 4.34
21.446135 4.34
21.476243 4.34
21.487135 4.34
21.517243 4.34
21.528136 4.34
21.558244 4.34
21.569135 4.34
21.599369 4.34
21.615244 4.34
21.640494 4.68
21.651369 4.34
21.687137 4.34
21.697899 4.34
21.728245 4.34
21.739138 4.34
21.769370 4.34
21.785245 4.34
21.810495 4.34
21.821370 4.34
21.857136 4.34
21.867898 4.34
21.898246 4.34
21.909136 4.34
21.939371 4.34
21.955246 4.34
21.980496 4.34
21.991372 4.34
22.026899 4.34
22.037626 4.34
22.068247 4.34
22.079139 4.34
22.109248 4.34
22.120138 4.34
22.150248 4.34
22.161140 4.34
22.191248 4.34
22.202139 4.34
22.232374 4.34
22.248374 4.34
22.273499 4.34
22.284374 4.34
22.320141 4.34
22.330903 4.34
22.361374 4.34
22.377249 4.34
22.402499 4.34
22.413250 4.34
22.449140 4.34
22.459905 4.34
22.490250 4.34
22.501144 4.34
22.531251 4.34
22.542141 4.34
22.572376 4.34
22.588376 4.34
22.613501 4.34
22.624250 4.34
22.656386 4.34
22.667252 4.34
22.697501 4.34
22.708251 4.34
22.738506 4.34
22.749377 4.34
22.784905 4.34
22.797408 4.34
22.826253 4.34
22.837145 4.34
22.867378 4.34
22.883378 4.34
22.908503 4.34
22.919378 4.34
22.949907 4.34
22.965901 4.34
22.991147 4.34
23.001906 4.34
23.032379 4.34
23.048254 4.34
23.073504 4.34
23.084379 4.34
23.114906 4.34
23.127389 4.34
23.156255 4.34
23.168784 4.34
23.197255 4.34
23.208147 4.34
23.238380 4.34
23.254255 4.34
23.279506 4.34
23.290381 4.34
23.326056 4.34
23.337163 4.34
23.367510 4.34
23.378510 4.34
23.409150 4.34
23.419901 4.34
23.450508 4.34
23.461383 4.34
23.491911 4.34
23.504267 4.34
23.533397 4.34
