0.000000 0.000000
0.047104 4.34
0.058103 4.34
0.088709 4.34
0.099709 2.66
0.130479 2.66
0.146698 2.66
0.172244 2.66
0.184820 2.66
0.213566 2.66
0.224458 2.34
0.255223 2.34
0.267813 2.66
0.296562 2.34
0.307452 2.66
0.343088 2.66
0.353937 2.66
0.384338 2.34
0.400449 2.34
0.430809 2.34
0.446809 2.66
0.472085 2.34
0.482967 2.66
0.513560 2.66
0.524448 2.66
0.559810 2.34
0.575810 2.66
0.601086 2.34
0.611967 2.34
0.642452 2.66
0.658452 2.66
0.683449 2.34
0.694328 2.66
0.729811 2.34
0.745812 2.34
0.771479 2.34
0.782476 2.34
0.813106 2.34
0.823950 2.34
0.860108 2.66
0.871140 2.66
0.903370 2.34
0.914338 2.66
0.944971 2.66
0.955970 3.01
0.991965 4.02
1.002960 4.02
1.033588 4.34
1.044318 4.34
1.074998 4.34
1.085817 4.34
1.116457 4.34
1.127331 4.02
1.157970 4.02
1.168815 4.34
1.199454 4.02
1.210330 4.02
1.245815 4.34
1.261816 4.02
1.287091 4.02
1.297967 4.02
1.328565 4.34
1.339454 4.02
1.374816 4.34
1.390815 4.34
1.416392 4.02
1.432610 4.34
1.457986 4.34
1.468990 4.34
1.499579 4.34
1.510593 4.34
1.541074 4.34
1.551824 4.34
1.587822 4.34
1.603990 4.34
1.629352 4.34
1.645581 4.34
1.670977 4.34
1.681962 4.34
1.712574 4.34
1.723468 4.34
1.754108 4.34
1.764985 4.34
1.795572 4.34
1.806462 4.34
1.836976 4.34
1.847821 4.34
1.878462 4.34
1.889337 4.34
1.924820 4.34
1.940820 4.34
1.966098 4.34
1.976820 4.34
2.007462 4.34
2.018338 4.34
2.053821 4.34
2.069821 4.34
2.095337 4.34
2.111340 4.34
2.136465 4.34
2.147339 4.34
2.182822 4.34
2.198978 4.34
2.223977 4.34
2.234698 4.34
2.265341 4.34
2.281340 4.34
2.306448 4.34
2.322465 4.34
2.347573 4.34
2.358465 4.34
2.393824 4.34
2.409824 4.34
2.435342 4.34
2.451467 4.34
2.476575 4.34
2.487466 4.34
2.522825 4.34
2.538980 4.34
2.567104 4.34
2.577978 4.34
2.608468 4.34
2.619343 4.34
2.654825 4.34
2.670826 4.34
2.696342 4.34
2.712343 4.34
2.742826 4.34
2.758983 4.34
2.784342 4.34
2.800341 4.34
2.825467 4.34
2.836342 4.34
2.871827 4.34
2.887702 4.34
2.913108 4.34
2.923953 4.34
2.956203 4.34
2.966954 4.34
2.997578 4.34
3.008468 4.34
3.043828 4.34
3.059828 4.34
3.085107 4.34
3.095955 4.34
3.128205 4.34
3.138955 4.34
3.171205 4.34
3.181955 4.34
3.212580 4.34
3.223471 4.34
3.258705 4.34
3.269455 4.34
3.299830 4.34
3.315705 4.34
3.341236 4.34
3.357235 4.34
3.382470 4.34
3.393223 4.34
3.425236 4.34
3.435987 4.34
3.468234 4.34
3.479109 4.34
3.511237 4.34
3.521984 4.34
3.554238 4.34
3.565110 4.34
3.597208 4.34
3.607959 4.34
3.640209 4.34
3.651112 4.34
3.683210 4.34
3.693959 4.34
3.726210 4.34
3.736959 4.34
3.769210 4.34
3.780113 4.34
3.812210 4.34
3.822961 4.34
3.855210 4.34
3.865961 4.34
3.898211 4.34
3.908978 4.34
3.939474 4.34
3.950227 4.34
3.980710 4.34
3.993211 4.34
4.021835 4.34
4.037835 4.34
4.063113 4.34
4.075710 4.34
4.106240 4.34
4.116992 4.34
4.149230 4.34
4.159977 4.34
4.192243 4.34
4.203113 4.34
4.235119 4.34
4.245994 4.34
4.278105 4.34
4.288837 4.34
4.319479 4.34
4.330354 4.34
4.365712 4.34
4.381588 4.34
4.406838 4.34
4.417713 4.34
4.448117 4.34
4.464356 4.34
4.494589 4.34
4.505481 4.34
4.535589 4.34
4.546464 4.34
4.581714 4.34
4.594119 4.34
4.622839 4.34
4.633714 4.34
4.664090 4.34
4.676465 4.34
4.705482 4.34
4.716356 4.34
4.751715 4.34
4.764109 4.34
4.792984 4.34
4.803841 4.34
4.834484 4.34
4.845233 4.34
4.875591 4.34
4.886466 4.34
4.916591 4.34
4.927467 4.34
4.957592 4.34
4.968467 4.34
4.998592 4.34
5.009467 4.34
5.039593 4.34
5.050468 4.34
5.080593 4.34
5.091358 4.34
5.121593 4.34
5.132468 4.34
5.162593 4.34
5.173468 4.34
5.203594 4.34
5.214469 4.34
5.244594 4.34
5.255469 4.34
5.285594 4.34
5.296470 4.34
5.326595 4.34
5.337470 4.34
5.367595 4.34
5.378470 4.34
5.408595 4.34
5.419470 4.34
5.449595 4.34
5.460362 4.34
5.490596 4.34
5.501471 4.34
5.531721 4.34
5.547721 4.34
5.572846 4.34
5.583721 4.34
5.614251 4.34
5.625097 4.34
5.660597 4.34
5.671472 4.34
5.701597 4.34
5.712472 4.34
5.742598 4.34
5.753473 4.34
5.783598 4.34
5.794473 4.34
5.824598 4.34
5.835474 4.34
5.865598 4.34
5.876474 4.34
5.906598 4.34
5.922724 4.34
5.947599 4.34
5.958474 4.34
5.988599 4.34
5.999474 4.34
6.029600 4.34
6.040475 4.34
6.070600 4.34
6.081475 4.34
6.111600 4.34
6.122475 4.34
6.152600 4.34
6.163475 4.34
6.193601 4.34
6.204494 4.34
6.234601 4.34
6.245476 4.34
6.275601 4.34
6.286477 4.34
6.316726 4.34
6.332602 4.34
6.360978 4.34
6.371852 4.34
6.404104 4.34
6.414993 4.34
6.445493 4.34
6.456243 4.34
6.486728 4.34
6.502603 4.34
6.527853 4.34
6.538728 4.34
6.569369 4.34
6.580103 4.34
6.615729 4.34
6.631728 4.34
6.657009 4.34
6.669479 4.34
6.700133 4.34
6.711010 4.34
6.746730 4.34
6.762730 4.34
6.788010 4.34
6.800605 4.34
6.829257 4.34
6.839998 4.34
6.875731 4.34
6.891606 4.34
6.916982 4.34
6.929606 4.34
6.960107 4.34
6.970982 4.34
7.003108 4.34
7.013982 4.34
7.045983 4.34
7.056857 4.34
7.088983 4.34
7.099857 4.34
7.131983 4.34
7.142858 4.34
7.174984 4.34
7.185858 4.34
7.217984 4.34
7.228858 4.34
7.264733 4.34
7.280609 4.34
7.305985 4.34
7.318499 4.34
7.348985 4.34
7.359859 4.34
7.391985 4.34
7.402859 4.34
7.438735 4.34
7.454610 4.34
7.479860 4.34
7.490610 4.34
7.521379 4.34
7.532378 4.34
7.562736 4.34
7.573611 4.34
7.604018 4.34
7.620127 4.34
7.650736 4.34
7.661486 4.34
7.692018 4.34
7.708139 4.34
7.738737 4.34
7.749486 4.34
7.780005 4.34
7.795988 4.34
7.826738 4.34
7.837487 4.34
7.867989 4.34
7.884130 4.34
7.909268 4.34
7.920142 4.34
7.950613 4.34
7.966739 4.34
7.991738 4.34
8.002614 4.34
8.032864 4.34
8.043614 4.34
8.074269 4.34
8.085144 4.34
8.115490 4.34
8.126257 4.34
8.156615 4.34
8.172740 4.34
8.197740 4.34
8.208490 4.34
8.238992 4.34
8.254991 4.34
8.280269 4.34
8.290992 4.34
8.321616 4.34
8.337741 4.34
8.362741 4.34
8.373616 4.34
8.403866 4.34
8.414617 4.34
8.445268 4.34
8.455993 4.34
8.486492 4.34
8.497259 4.34
8.527493 4.34
8.538259 4.34
8.568618 4.34
8.584743 4.34
8.609743 4.34
8.620618 4.34
8.650995 4.34
8.667147 4.34
8.697744 4.34
8.708493 4.34
8.738996 4.34
8.755148 4.34
8.780273 4.34
8.791148 4.34
8.821495 4.34
8.832261 4.34
8.862620 4.34
8.878745 4.34
8.903745 4.34
8.914496 4.34
8.944997 4.34
8.961151 4.34
8.991746 4.34
9.002496 4.34
9.032998 4.34
9.049150 4.34
9.074275 4.34
9.085139 4.34
9.115622 4.34
9.131747 4.34
9.156747 4.34
9.167497 4.34
9.197999 4.34
9.214151 4.34
9.239275 4.34
9.250149 4.34
9.280623 4.34
9.296748 4.34
9.321748 4.34
9.332498 4.34
9.362874 4.34
9.375499 4.34
9.404279 4.34
9.415154 4.34
9.445624 4.34
9.461749 4.34
9.486749 4.34
9.497625 4.34
9.528001 4.34
9.544153 4.34
9.574750 4.34
9.585501 4.34
9.616002 4.34
9.632152 4.34
9.662751 4.34
9.673626 4.34
9.704002 4.34
9.720156 4.34
9.747007 4.34
9.757876 4.34
9.790007 4.34
9.800877 4.34
9.833007 4.34
9.843877 4.34
9.879752 4.34
9.890628 4.34
9.921004 4.34
9.937157 4.34
9.967753 4.34
9.978628 4.34
10.009004 4.34
10.025158 4.34
10.051883 4.34
10.062629 4.34
10.093158 4.34
10.104005 4.34
10.139754 4.34
10.150504 4.34
10.181035 4.34
10.197129 4.34
10.223884 4.34
10.234755 4.34
10.265157 4.34
10.275880 4.34
10.306522 4.34
10.322522 4.34
10.347756 4.34
10.358506 4.34
10.389006 4.34
10.399881 4.34
10.431882 4.34
10.442631 4.34
10.478524 4.34
10.494525 4.34
10.519882 4.34
10.532287 4.34
10.566525 4.34
10.578887 4.34
10.607757 4.34
10.618632 4.34
10.649009 4.34
10.659883 4.34
10.695758 4.34
10.706508 4.34
10.737010 4.34
10.747884 4.34
10.783524 4.34
10.799526 4.34
10.824759 4.34
10.835634 4.34
10.866011 4.34
10.876884 4.34
10.907163 4.34
10.918011 4.34
10.948528 4.34
10.964527 4.34
10.989760 4.34
11.000635 4.34
11.031012 4.34
11.041886 4.34
11.077528 4.34
11.093528 4.34
11.118761 4.34
11.129637 4.34
11.160013 4.34
11.170887 4.34
11.206762 4.34
11.217512 4.34
11.248013 4.34
11.258887 4.34
11.294528 4.34
11.310529 4.34
11.335763 4.34
11.346638 4.34
11.377014 4.34
11.387888 4.34
11.423763 4.34
11.434514 4.34
11.465015 4.34
11.475888 4.34
11.511530 4.34
11.527531 4.34
11.552765 4.34
11.563639 4.34
11.594016 4.34
11.604890 4.34
11.640532 4.34
11.656532 4.34
11.681765 4.34
11.692515 4.34
11.723017 4.34
11.733890 4.34
11.769766 4.34
11.780516 4.34
11.811017 4.34
11.821891 4.34
11.857533 4.34
11.873534 4.34
11.898766 4.34
11.909517 4.34
11.940018 4.34
11.950892 4.34
11.986535 4.34
12.002535 4.34
12.027768 4.34
12.038517 4.34
12.069020 4.34
12.079893 4.34
12.115536 4.34
12.131535 4.34
12.156769 4.34
12.167644 4.34
12.197894 4.34
12.213894 4.34
12.244537 4.34
12.260537 4.34
12.285769 4.34
12.296520 4.34
12.327021 4.34
12.337895 4.34
12.369899 4.34
12.380770 4.34
12.416537 4.34
12.432538 4.34
12.457771 4.34
12.470287 4.34
12.498896 4.34
12.514896 4.34
12.545647 4.34
12.556538 4.34
12.586772 4.34
12.599289 4.34
12.628040 4.34
12.638897 4.34
12.669539 4.34
12.685539 4.34
12.710772 4.34
12.723163 4.34
12.752024 4.34
12.762898 4.34
12.793540 4.34
12.809540 4.34
12.834773 4.34
12.847163 4.34
12.876024 4.34
12.886899 4.34
12.922540 4.34
12.938541 4.34
12.963774 4.34
12.976165 4.34
13.005026 4.34
13.015900 4.34
13.051541 4.34
13.067540 4.34
13.092776 4.34
13.105167 4.34
13.142418 4.34
13.154794 4.34
13.183651 4.34
13.194526 4.34
13.224776 4.34
13.240776 4.34
13.266028 4.34
13.276902 4.34
13.307304 4.34
13.318028 4.34
13.348527 4.34
13.359294 4.34
13.389653 4.34
13.400528 4.34
13.430778 4.34
13.446777 4.34
13.471903 4.34
13.482778 4.34
13.518669 4.34
13.529546 4.34
13.559779 4.34
13.575779 4.34
13.601030 4.34
13.611779 4.34
13.642309 4.34
13.658422 4.34
13.683654 4.34
13.694422 4.34
13.724779 4.34
13.740780 4.34
13.765905 4.34
13.776655 4.34
13.812545 4.34
13.823298 4.34
13.853656 4.34
13.864421 4.34
13.894781 4.34
13.910781 4.34
13.936032 4.34
13.946781 4.34
13.977299 4.34
13.993300 4.34
14.018657 4.34
14.029424 4.34
14.059782 4.34
14.075658 4.34
14.101033 4.34
14.111782 4.34
14.142300 4.34
14.158425 4.34
14.183534 4.34
14.194301 4.34
14.224658 4.34
14.235426 4.34
14.265783 4.34
14.281783 4.34
14.307034 4.34
14.317784 4.34
14.348303 4.34
14.359034 4.34
14.389660 4.34
14.400427 4.34
14.430785 4.34
14.446660 4.34
14.472035 4.34
14.482785 4.34
14.513303 4.34
14.524036 4.34
14.554315 4.34
14.570429 4.34
14.595536 4.34
14.606303 4.34
14.636536 4.34
14.647304 4.34
14.677662 4.34
14.688430 4.34
14.718787 4.34
14.734787 4.34
14.765427 4.34
14.781428 4.34
14.806663 4.34
14.817430 4.34
14.847788 4.34
14.863788 4.34
14.889038 4.34
14.899788 4.34
14.930305 4.34
14.941038 4.34
14.971539 4.34
14.982307 4.34
15.012539 4.34
15.023308 4.34
15.053664 4.34
15.064431 4.34
15.094790 4.34
15.110789 4.34
15.144431 4.34
15.160432 4.34
15.185540 4.34
15.196308 4.34
15.226541 4.34
15.237308 4.34
15.267666 4.34
15.278541 4.34
15.308791 4.34
15.324792 4.34
15.351801 4.34
15.362542 4.34
15.394811 4.34
15.405667 4.34
15.437801 4.34
15.448543 4.34
15.480815 4.34
15.491667 4.34
15.527434 4.34
15.543435 4.34
15.568668 4.34
15.581072 4.34
15.609793 4.34
15.625793 4.34
15.652701 4.34
15.663544 4.34
15.699436 4.34
15.715311 4.34
15.740544 4.34
15.751436 4.34
15.781545 4.34
15.792437 4.34
15.822670 4.34
15.835075 4.34
15.863795 4.34
15.879795 4.34
15.910199 4.34
15.920924 4.34
15.951546 4.34
15.962439 4.34
15.992671 4.34
16.008671 4.34
16.033796 4.34
16.044671 4.34
16.080440 4.34
16.091198 4.34
16.121672 4.34
16.134076 4.34
16.162797 4.34
16.173673 4.34
16.209438 4.34
16.220201 4.34
16.250548 4.34
16.261441 4.34
16.291674 4.34
16.307674 4.34
16.332799 4.34
16.343549 4.34
16.379446 4.34
16.390203 4.34
16.420549 4.34
16.431442 4.34
16.461550 4.34
16.472440 4.34
16.502675 4.34
16.518568 4.34
16.543800 4.34
16.554551 4.34
16.590318 4.34
16.606203 4.34
16.631551 4.34
16.642442 4.34
16.672676 4.34
16.688551 4.34
16.713801 4.34
16.724676 4.34
16.760443 4.34
16.771204 4.34
16.801552 4.34
16.812442 4.34
16.842552 4.34
16.853445 4.34
16.883553 4.34
16.894443 4.34
16.924678 4.34
16.940678 4.34
16.965803 4.34
16.976553 4.34
17.012445 4.34
17.023207 4.34
17.053554 4.34
17.064446 4.34
17.094679 4.34
17.110554 4.34
17.135804 4.34
17.146554 4.34
17.182206 4.34
17.192931 4.34
17.223555 4.34
17.234446 4.34
17.264555 4.34
17.275447 4.34
17.305681 4.34
17.321681 4.34
17.346806 4.34
17.357681 4.34
17.393449 4.34
17.404200 4.34
17.434557 4.34
17.445449 4.34
17.475557 4.34
17.486432 4.34
17.516682 4.34
17.532683 4.34
17.557807 4.34
17.568682 4.34
17.604212 4.34
17.620211 4.34
17.645450 4.34
17.656200 4.34
17.686558 4.34
17.697449 4.34
17.727683 4.34
17.743559 4.34
17.768809 4.34
17.779684 4.34
17.815211 4.34
17.831211 4.34
17.856559 4.34
17.867449 4.34
17.897559 4.34
17.908435 4.34
17.938685 4.34
17.954685 4.34
17.979811 4.34
17.990561 4.34
18.026215 4.34
18.042216 4.34
18.067561 4.34
18.080090 4.34
18.108686 4.34
18.124687 4.34
18.149812 4.34
18.160561 4.34
18.191329 4.34
18.202330 4.34
18.232562 4.34
18.243454 4.34
18.273563 4.34
18.286089 4.34
18.314563 4.34
18.327092 4.34
18.355688 4.34
18.371688 4.34
18.396814 4.34
18.407688 4.34
18.438217 4.34
18.450573 4.34
18.479564 4.34
18.491940 4.34
18.520814 4.34
18.531690 4.34
18.562219 4.34
18.578208 4.34
18.603565 4.34
18.619440 4.34
18.644565 4.34
18.656942 4.34
18.685566 4.34
18.697942 4.34
18.726566 4.34
18.738942 4.34
18.767691 4.34
18.783691 4.34
18.808816 4.34
18.819566 4.34
18.850221 4.34
18.866219 4.34
18.891567 4.34
18.907567 4.34
18.932567 4.34
18.948567 4.34
18.973567 4.34
18.989443 4.34
19.014567 4.34
19.026944 4.34
19.055693 4.34
19.071568 4.34
19.096818 4.34
19.107568 4.34
19.138222 4.34
19.154209 4.34
19.179569 4.34
19.195444 4.34
19.220569 4.34
19.236570 4.34
19.261569 4.34
19.277570 4.34
19.302570 4.34
19.318570 4.34
19.343570 4.34
19.359570 4.34
19.384695 4.34
19.395571 4.34
19.425821 4.34
19.436696 4.34
19.467339 4.34
19.478099 4.34
19.508696 4.34
19.524696 4.34
19.549822 4.34
19.560696 4.34
19.596213 4.34
19.612101 4.34
19.637464 4.34
19.648213 4.34
19.678573 4.34
19.694448 4.34
19.719573 4.34
19.735573 4.34
19.760573 4.34
19.776448 4.34
19.801574 4.34
19.817574 4.34
19.842573 4.34
19.858574 4.34
19.883574 4.34
19.899574 4.34
19.924574 4.34
19.940450 4.34
19.965575 4.34
19.981450 4.34
20.006575 4.34
20.022451 4.34
20.047575 4.34
20.063576 4.34
20.088575 4.34
20.104451 4.34
20.129575 4.34
20.145451 4.34
20.170576 4.34
20.186576 4.34
20.211576 4.34
20.227452 4.34
20.252577 4.34
20.268577 4.34
20.293577 4.34
20.309577 4.34
20.334578 4.34
20.350452 4.34
20.375577 4.34
20.391578 4.34
20.416578 4.34
20.432453 4.34
20.457578 4.34
20.473454 4.34
20.498578 4.34
20.514454 4.34
20.539579 4.34
20.555579 4.34
20.580579 4.34
20.596454 4.34
20.621579 4.34
20.637579 4.34
20.662579 4.34
20.678470 4.34
20.703580 4.34
20.719580 4.34
20.744580 4.34
20.760580 4.34
20.785581 4.34
20.801581 4.34
20.826581 4.34
20.842581 4.34
20.867581 4.34
20.883456 4.34
20.908581 4.34
20.924457 4.34
20.949581 4.34
20.965457 4.34
20.990582 4.34
21.006582 4.34
21.031582 4.34
21.047582 4.34
21.072583 4.34
21.088458 4.34
21.113583 4.34
21.129583 4.34
21.154583 4.34
21.170583 4.34
21.195584 4.34
21.211459 4.34
21.236583 4.34
21.252459 4.34
21.277584 4.34
21.293460 4.34
21.318584 4.34
21.334459 4.34
21.359584 4.34
21.370460 4.34
21.400585 4.34
21.411460 4.34
21.441585 4.34
21.452460 4.34
21.482711 4.34
21.493586 4.34
21.529085 4.34
21.541463 4.34
21.570478 4.34
21.586461 4.34
21.611461 4.34
21.623837 4.34
21.652462 4.34
21.664837 4.34
21.693462 4.34
21.709480 4.34
21.734463 4.34
21.746837 4.34
21.775463 4.34
21.791726 4.34
21.822367 4.34
21.833217 4.34
21.869216 4.34
21.880136 4.34
21.910591 4.34
21.921465 4.34
21.956966 4.34
21.972969 4.34
21.998480 4.34
22.014481 4.34
22.039465 4.34
22.055589 4.34
22.080465 4.34
22.096465 4.34
22.121465 4.34
22.137465 4.34
22.162465 4.34
22.178483 4.34
22.203483 4.34
22.219484 4.34
22.244484 4.68
22.260483 4.68
22.285466 4.68
22.301484 5.00
22.326467 5.00
22.342731 5.00
22.373372 5.00
22.385976 5.35
22.420137 5.35
22.436221 5.35
22.461488 5.35
22.477470 5.35
22.502720 5.35
22.513470 5.35
22.549219 5.35
22.560008 5.35
22.590485 5.35
22.606486 5.00
22.631733 5.35
22.642604 5.00
22.673376 5.00
22.684370 5.35
22.719995 5.00
22.736116 5.35
22.761488 5.35
22.777473 5.35
22.807973 5.35
22.823973 5.35
22.849488 5.35
22.865484 5.35
22.890596 5.00
22.901471 5.35
22.933487 5.35
22.944484 5.35
22.975151 5.00
22.991371 5.35
23.016726 5.35
23.027476 5.35
23.058241 5.00
23.069225 5.35
23.099599 5.35
23.110474 5.35
23.146098 5.35
23.161974 5.35
23.187491 5.35
23.203489 5.35
23.228729 5.35
23.239603 5.35
23.270227 5.35
23.280977 5.35
23.311494 5.35
23.327493 5.35
23.352725 5.35
23.363474 5.35
23.393975 5.00
23.409975 5.35
23.435492 5.00
23.451493 5.35
23.476475 5.35
23.492475 5.35
23.522982 5.35
23.539249 5.35
23.564604 5.35
23.575498 5.35
23.610979 5.35
23.626979 5.35
23.652493 5.00
23.668491 5.35
23.693476 5.35
23.709477 5.35
23.734477 5.35
23.750477 5.35
23.775602 5.35
23.786477 5.35
23.822262 5.35
23.833260 5.35
23.869152 5.35
23.880149 5.35
23.910732 5.35
23.921481 5.35
23.952261 5.35
23.963124 5.35
23.993605 5.35
24.004480 5.35
24.039981 5.00
24.055980 5.35
24.081495 5.35
24.097494 5.35
24.127854 5.35
24.138604 5.35
24.169513 5.35
24.185739 5.35
24.211156 5.35
24.222152 5.35
24.252734 5.35
24.263609 5.35
24.294266 5.35
24.305124 5.35
24.335607 5.35
24.346482 5.35
24.381983 5.35
24.397983 5.35
24.423499 5.35
24.439640 5.35
24.465179 5.35
24.476152 5.35
24.506737 5.35
24.522862 5.35
24.548383 5.35
24.564502 5.35
24.589609 5.35
24.600499 5.35
24.631143 5.35
24.641858 5.35
24.672499 5.35
24.688496 5.35
24.713608 5.35
24.724483 5.35
24.755280 5.35
24.766276 5.35
24.802184 5.35
24.813269 5.35
24.843747 5.35
24.854743 5.35
24.885405 11.65
24.901622 7.69
24.932264 2.39
24.943264 7.37
24.979154 9.04
24.989991 6.68
25.020614 8.70
25.031489 12.32
25.066989 8.70
25.082988 0.37
25.108501 8.35
25.124502 8.35
25.149487 6.68
25.160254 8.70
25.190612 12.32
25.201487 8.70
25.236862 7.69
25.247737 8.35
25.278268 8.35
25.289140 7.02
25.319488 8.70
25.330253 12.32
25.360489 8.70
25.371255 7.69
25.401489 7.69
25.412256 8.70
25.442614 6.36
25.453489 8.70
25.488864 7.02
25.499614 8.70
25.530268 7.69
25.541132 7.69
25.571615 2.39
25.582508 6.36
25.617865 8.70
25.628740 12.32
25.659271 8.70
25.669992 7.37
25.700615 8.03
25.711509 8.70
25.746866 6.36
25.757616 9.04
25.788269 12.32
25.799132 8.70
25.829492 7.37
25.840259 8.03
25.870617 2.39
25.881492 6.68
25.916868 8.70
25.927617 12.32
25.958269 8.70
25.968994 0.71
25.999493 8.03
26.010259 8.70
26.040618 6.68
26.051493 8.70
26.086868 6.36
26.097744 8.70
26.128273 7.02
26.139136 8.35
26.169494 2.39
26.180387 6.68
26.210620 8.70
26.221509 12.32
26.256870 8.35
26.272869 0.37
26.298387 8.35
26.314388 8.35
26.339516 6.68
26.355510 8.70
26.380621 12.32
26.391496 8.70
26.426871 7.69
26.442871 8.35
26.468276 8.35
26.480746 7.02
26.509512 9.04
26.520262 12.32
26.555872 8.70
26.568373 0.05
26.597277 8.35
26.609872 8.03
26.638623 7.02
26.649497 8.70
26.684873 12.32
26.697375 9.04
26.726277 6.36
26.742277 8.70
26.767624 8.03
26.778498 7.37
26.813873 9.04
26.826375 6.68
26.855278 8.70
26.867874 6.36
26.896499 8.70
26.907266 8.03
26.937500 7.37
26.948265 9.04
26.978625 12.32
26.989500 8.70
27.024875 7.37
27.037252 8.70
27.066280 8.03
27.082279 7.69
27.107626 9.04
27.118501 6.36
27.153876 8.70
27.169751 12.32
27.195279 8.70
27.211279 7.69
27.236627 7.69
27.247502 9.04
27.282877 6.36
27.298752 9.04
27.324279 12.32
27.340280 8.70
27.365628 7.37
27.376503 8.03
27.411878 2.39
27.427753 7.37
27.453282 9.04
27.469282 12.32
27.494629 8.70
27.505504 1.06
27.540879 8.03
27.556754 8.03
27.582284 7.37
27.598284 9.04
27.623630 12.32
27.634505 8.70
27.669880 7.02
27.685755 8.70
27.711285 8.03
27.727523 7.69
27.752630 9.04
27.763506 6.36
27.798881 8.70
27.814756 12.32
27.840285 8.70
27.856284 7.37
27.881631 7.69
27.892506 8.70
27.927882 6.36
27.943757 9.04
27.969287 12.32
27.985284 8.70
28.010632 7.37
28.021507 8.03
28.056883 2.39
28.072758 7.37
28.098285 9.04
28.114161 12.32
28.139508 8.70
28.150275 0.71
28.180525 8.03
28.191276 8.70
28.226884 6.36
28.242759 9.04
28.268288 12.32
28.284288 8.70
28.309510 7.02
28.320278 8.35
28.350635 2.39
28.361510 6.68
28.396885 8.70
28.412760 6.36
28.438165 8.70
28.449012 0.71
28.479528 8.35
28.490278 8.35
28.525886 6.68
28.541761 8.70
28.567289 6.36
28.583288 8.70
28.608512 6.68
28.619276 8.35
28.651263 2.04
28.662013 7.37
28.692527 9.04
28.703280 12.32
28.738887 8.70
28.754763 6.36
28.780293 8.35
28.796290 1.72
28.823264 7.37
28.834014 8.70
28.866264 12.32
28.877014 8.70
28.907530 6.36
28.918280 8.35
28.953889 8.35
28.969764 8.35
28.995292 8.70
29.011169 6.68
29.038266 9.04
29.049169 12.32
29.079530 8.70
29.090282 7.69
29.122266 7.69
29.133016 8.70
29.165266 6.36
29.176017 9.04
29.208267 6.36
29.219034 8.70
29.251267 7.69
29.262033 8.35
29.294267 2.39
29.305034 7.02
29.335535 9.04
29.346282 12.32
29.376767 8.70
29.389268 7.69
29.417893 7.69
29.433767 8.70
29.459297 6.36
29.475297 9.04
29.502297 7.02
29.513171 8.70
29.545299 8.35
29.556048 7.69
29.591769 9.04
29.607894 7.02
29.636173 9.04
29.648769 6.36
29.677537 8.70
29.688409 0.71
29.718770 8.35
29.731300 8.70
29.760050 6.68
29.770895 9.04
29.801535 6.36
29.812412 8.70
29.842770 8.03
29.855147 7.69
29.884041 9.04
29.894896 6.36
29.925299 8.70
29.941299 7.02
29.971896 8.35
29.987896 7.69
30.013300 7.69
30.029175 9.04
30.059772 6.36
30.075897 9.04
30.101023 12.32
30.111897 8.70
30.142303 7.69
30.158301 8.03
30.188898 9.04
30.204898 7.37
30.230301 9.04
30.241025 6.36
30.276898 8.70
30.287773 6.36
30.318303 8.70
30.329179 8.03
30.364899 7.69
30.375649 8.35
30.406302 7.02
30.417179 9.04
30.452900 6.36
30.463650 9.04
30.494304 6.68
30.505180 8.70
30.540900 8.35
30.551776 8.35
30.582302 8.70
30.593027 6.68
30.628776 9.04
30.644901 6.36
30.670027 9.04
30.680901 0.37
30.711305 8.35
30.722182 8.35
30.757902 6.68
30.768652 8.70
30.799307 6.36
30.810181 9.04
30.845903 6.68
30.856653 8.70
30.887306 7.37
30.898182 8.03
30.933778 2.39
30.949903 7.69
30.975030 9.04
30.985903 6.36
31.016308 8.70
31.027181 0.71
31.062779 8.35
31.078779 7.69
31.104030 7.69
31.114904 8.70
31.145308 6.36
31.156184 8.70
31.191905 7.02
31.216307 8.70
31.227329 0.37
31.257910 4.34
31.268910 4.68
31.299427 4.68
31.310174 4.68
31.340783 4.34
31.356908 4.68
31.382188 4.34
31.398299 4.68
31.428906 4.34
31.439782 4.34
31.470297 4.34
31.481033 4.34
31.516907 4.68
31.527783 4.34
31.558313 4.34
31.569033 4.34
31.604783 4.34
31.620908 4.34
31.646034 4.34
31.656783 4.34
31.687425 4.34
31.698436 4.34
31.729039 4.34
31.741664 4.34
31.775924 4.34
31.786787 4.34
31.817304 4.34
31.828189 4.34
31.863911 4.34
31.874661 4.34
31.905427 4.34
31.916176 4.34
31.951910 4.34
31.962661 4.34
31.993303 4.34
32.004036 4.34
32.039911 4.34
32.050787 4.34
32.081313 4.34
32.092037 4.34
32.127919 4.34
32.138662 4.34
32.169304 4.34
32.180037 4.34
32.210429 4.34
32.221191 4.34
32.256919 4.34
32.267663 4.34
32.298306 4.34
32.309038 4.34
32.344663 4.34
32.355429 4.34
32.385788 4.34
32.401789 4.34
32.427039 4.34
32.437789 4.34
32.468306 4.34
32.479192 4.34
32.514789 4.34
32.530943 4.34
