0.000000 0.000000
0.042009 4.34
0.063649 4.34
0.074742 4.34
0.110651 2.66
0.121901 2.34
0.157901 2.34
0.179663 2.34
0.190751 2.34
0.222868 2.34
0.233845 2.34
0.269733 2.34
0.280609 2.34
0.312857 2.34
0.323735 2.34
0.354199 2.34
0.365086 2.34
0.395602 2.34
0.406448 2.34
0.436964 2.34
0.452961 2.34
0.479849 2.34
0.490600 2.34
0.522848 2.34
0.533597 2.34
0.565850 2.34
0.576601 2.34
0.608850 2.34
0.619722 2.34
0.651849 2.34
0.662602 2.34
0.694851 2.34
0.705600 2.34
0.737853 2.34
0.748601 2.34
0.779476 2.34
0.790477 2.34
0.821101 2.34
0.832098 2.34
0.862749 2.34
0.879122 2.34
0.909628 2.34
0.920627 2.34
0.956905 2.34
0.974905 4.02
0.994882 4.02
1.018625 4.02
1.029625 4.02
1.065457 4.02
1.076456 4.02
1.106972 4.02
1.117972 4.02
1.148330 4.02
1.160860 4.02
1.189608 4.02
1.200454 4.02
1.231095 4.02
1.241971 4.02
1.272328 4.02
1.284856 4.02
1.313329 4.02
1.325854 4.02
1.354607 4.02
1.365454 4.02
1.395968 4.02
1.406730 4.02
1.437469 4.02
1.448470 4.34
1.479220 4.02
1.495586 4.34
1.520839 4.34
1.537127 4.34
1.562466 4.34
1.573465 4.34
1.604112 4.34
1.615107 4.34
1.645736 4.34
1.661987 4.34
1.692633 4.34
1.703632 4.34
1.739337 4.34
1.755461 4.34
1.780978 4.34
1.791851 4.34
1.822460 4.34
1.833334 4.34
1.863972 4.34
1.874976 4.34
1.905333 4.34
1.921459 4.34
1.946613 4.34
1.957658 4.34
1.993468 4.34
2.004467 4.34
2.035108 4.34
2.045982 4.34
2.076626 4.34
2.087463 4.68
2.118104 4.68
2.130775 4.68
2.159764 5.00
2.175987 5.00
2.206466 5.00
2.217340 5.00
2.247982 5.00
2.258730 4.68
2.289338 5.00
2.305463 5.00
2.330617 5.00
2.341462 5.00
2.372104 5.00
2.382977 5.00
2.413475 5.00
2.424657 5.00
2.456772 5.00
2.467766 5.00
2.503631 5.00
2.514468 5.00
2.550467 5.00
2.561466 5.00
2.591985 5.00
2.602984 5.00
2.633340 5.00
2.649464 5.00
2.674620 5.00
2.685464 5.00
2.721741 5.00
2.738001 5.00
2.766476 5.00
2.777476 5.00
2.809771 5.35
2.820767 5.35
2.856470 5.00
2.867345 5.00
2.897862 5.35
2.908735 5.00
2.944467 5.35
2.955468 5.00
2.985982 5.00
2.996733 5.35
3.032466 5.00
3.043217 5.35
3.073874 5.35
3.084594 5.35
3.120467 5.35
3.131342 5.35
3.161872 5.00
3.172594 5.00
3.208343 5.35
3.224343 5.35
3.252748 5.00
3.268736 5.00
3.294111 5.35
3.304862 5.35
3.335343 5.00
3.351475 5.35
3.376887 5.35
3.387758 5.35
3.423472 5.35
3.434347 5.35
3.464990 5.35
3.475739 5.00
3.506345 5.00
3.522220 5.35
3.547596 5.00
3.558470 5.35
3.588875 5.35
3.599749 5.00
3.635486 5.00
3.646484 5.35
3.677000 5.35
3.688001 5.69
3.718604 5.69
3.729604 5.35
3.761728 5.35
3.772602 5.35
3.804726 5.35
3.815601 5.35
3.845879 5.35
3.856754 5.35
3.892473 5.35
3.903223 5.35
3.933989 5.35
3.944990 5.35
3.980792 5.35
3.997005 5.35
4.022357 5.35
4.033356 5.35
4.063998 5.35
4.074872 5.35
4.105353 5.35
4.121352 5.35
4.146758 5.35
4.162882 5.35
4.189727 5.35
4.200601 5.35
4.236351 5.35
4.252476 5.35
4.280766 5.35
4.296872 5.35
4.323605 5.35
4.334479 5.35
4.364870 5.35
4.375742 5.35
4.411478 5.35
4.422227 5.35
4.452993 5.35
4.463742 5.35
4.495603 5.35
4.506477 5.35
4.536995 5.35
4.547756 5.35
4.583357 5.00
4.594232 5.69
4.625140 5.69
4.641379 6.01
4.666794 5.69
4.682875 5.69
4.708629 6.01
4.724887 5.69
4.755492 5.00
4.766492 4.34
4.802362 4.34
4.813361 4.34
4.843899 4.34
4.854779 4.34
4.885358 4.34
4.896233 4.34
4.926764 4.34
4.937608 4.34
4.973356 4.02
4.984231 4.34
5.014606 4.34
5.030757 4.34
5.055883 4.34
5.066607 4.34
5.097231 4.34
5.109607 4.34
5.138356 4.34
5.149107 4.34
5.179608 4.34
5.195759 4.34
5.220886 4.34
5.231759 4.34
5.262493 4.34
5.273492 4.34
5.309364 4.34
5.320239 4.34
5.351003 4.34
5.361770 4.34
5.392360 4.34
5.403235 4.34
5.433767 4.34
5.444641 4.34
5.480359 4.34
5.491235 4.34
5.521610 4.34
5.537931 4.34
