0.000000 0.000000
0.047219 4.34
0.059872 4.34
0.094097 4.34
0.105235 2.66
0.137399 2.66
0.148457 2.34
0.178969 2.66
0.195224 2.34
0.220575 2.66
0.231574 2.66
0.262212 2.34
0.274709 2.66
0.308850 2.66
0.324851 2.34
0.350321 2.66
0.366320 2.66
0.391445 2.66
0.402207 2.66
0.437842 2.66
0.453846 2.34
0.479319 2.66
0.495319 2.66
0.520444 2.66
0.531208 2.34
0.566843 2.66
0.579345 2.66
0.608210 2.66
0.619086 2.34
0.649445 2.34
0.660210 2.34
0.695847 2.34
0.706570 2.34
0.737211 2.34
0.749725 2.34
0.783961 2.34
0.794973 2.66
0.825580 2.34
0.836580 2.66
0.867351 2.66
0.888974 2.34
0.900131 2.34
0.930581 2.66
0.941728 2.34
0.972214 2.34
0.988463 4.02
1.019126 4.02
1.030097 4.02
1.065975 4.02
1.076884 4.02
1.107577 4.02
1.118576 4.02
1.149092 4.02
1.160090 4.34
1.190450 4.34
1.201200 4.34
1.236851 4.02
1.249227 4.34
1.278217 4.02
1.294216 4.34
1.319216 4.02
1.335216 4.34
1.360214 4.34
1.372575 4.34
1.401450 4.34
1.412326 4.34
1.448153 4.34
1.460749 4.34
1.492977 4.34
1.503837 4.34
1.534590 4.34
1.545587 4.34
1.576231 4.34
1.592334 4.34
1.622957 4.34
1.633747 4.34
1.664590 4.34
1.675589 4.34
1.706228 4.34
1.722468 4.34
1.753108 4.34
1.764236 4.34
1.799960 4.34
1.810959 4.34
1.841583 4.34
1.852592 4.68
1.883232 4.68
1.899462 4.68
1.929960 4.68
1.940751 4.68
1.971209 4.68
1.987208 4.68
2.012333 4.68
2.028332 4.68
2.053456 4.68
2.064332 4.68
2.099861 4.68
2.115736 4.68
2.141347 4.68
2.157595 4.68
2.182861 4.68
2.199108 4.68
2.224338 4.68
2.235338 4.68
2.270836 4.68
2.286729 4.68
2.312335 4.68
2.328335 4.68
2.353459 4.68
2.364334 4.68
2.399709 4.68
2.415709 4.68
2.441245 4.68
2.457470 4.68
2.488112 4.68
2.499112 4.68
2.534878 4.68
2.550839 4.68
2.576335 4.68
2.587337 4.68
2.622869 4.68
2.638868 4.68
2.664227 4.68
2.680228 4.68
2.705336 4.68
2.721227 4.68
2.751966 4.68
2.762716 4.68
2.795215 4.68
2.806011 4.68
2.836463 4.68
2.847338 4.68
2.882868 4.68
2.898865 4.68
2.924230 4.68
2.940228 4.68
2.965337 5.00
2.976228 4.68
3.006337 4.68
3.017213 4.68
3.047338 4.68
3.058213 4.68
3.088489 5.00
3.099223 4.68
3.130139 4.68
3.146473 5.00
3.176973 5.00
3.187896 5.00
3.220219 5.00
3.230989 5.00
3.261725 5.00
3.277717 5.00
3.303233 5.00
3.319233 5.00
3.344340 5.00
3.355215 5.00
3.385340 5.00
3.396215 5.00
3.426340 5.00
3.437216 5.00
3.469245 5.00
3.480109 5.00
3.512217 5.00
3.522993 5.00
3.553216 5.00
3.569233 5.00
3.594216 5.00
3.610234 5.00
3.635217 5.00
3.651217 5.00
3.676342 5.00
3.687217 5.00
3.717342 5.00
3.728218 5.00
3.758343 5.00
3.769218 5.00
3.799343 5.00
3.810218 5.00
3.840468 5.00
3.851344 5.00
3.886719 5.00
3.902723 5.00
3.928234 5.00
3.944237 5.00
3.969219 5.00
3.985345 5.00
4.010220 5.00
4.026237 5.35
4.051220 5.00
4.061987 5.00
4.092220 5.00
4.102988 5.00
4.133221 5.00
4.149221 5.00
4.174221 5.00
4.190221 5.00
4.215221 5.00
4.231222 5.00
4.256347 5.00
4.267222 5.00
4.297346 5.00
4.308222 5.00
4.338346 5.00
4.349223 5.00
4.379347 5.00
4.390222 5.00
4.420347 5.00
4.431222 5.00
4.461348 4.34
4.472229 4.34
4.502983 4.34
4.513904 4.34
4.549895 4.34
4.560896 4.34
4.591353 4.34
4.602227 4.34
4.632764 4.34
4.648759 4.34
4.674242 4.34
4.690243 4.34
4.715350 4.34
4.726225 4.34
4.756350 4.34
4.767225 4.34
4.797350 4.34
4.808225 4.34
4.843726 4.34
4.859741 4.34
4.885361 4.34
4.896359 4.34
4.926982 4.34
4.937733 4.34
4.973731 4.34
4.989731 4.34
5.015243 4.34
5.031229 4.34
5.056353 4.34
5.067228 4.34
5.097477 4.34
5.108227 4.34
5.138728 4.34
5.154732 4.34
5.180006 4.34
5.190853 4.34
5.221228 4.34
5.231994 4.34
5.262229 4.34
5.272995 4.34
5.303229 4.34
5.313995 4.34
5.344229 4.34
5.354997 4.34
5.385229 4.34
5.395996 4.34
5.426230 4.34
5.437123 4.34
5.467230 4.34
5.477997 4.34
5.508230 4.34
5.518997 4.34
5.554733 4.34
