0.000000 0.000000
0.041842 4.34
0.052839 4.34
0.083422 4.02
0.094417 4.34
0.125206 3.01
0.146865 2.66
0.157938 2.34
0.188438 2.34
0.199425 2.34
0.230084 2.66
0.246293 2.34
0.276916 2.34
0.287847 2.34
0.320208 2.34
0.331055 2.34
0.361692 2.34
0.377693 2.34
0.403177 2.34
0.419176 2.34
0.444176 2.34
0.460176 2.34
0.485162 2.34
0.501176 2.34
0.526178 2.34
0.542176 2.34
0.567163 2.34
0.583289 2.34
0.608179 2.34
0.624179 2.34
0.654539 2.34
0.667067 2.34
0.695815 2.34
0.706692 2.34
0.737178 2.34
0.753180 2.34
0.778432 2.34
0.789429 2.34
0.820085 2.34
0.836317 2.34
0.866998 2.34
0.879556 2.34
0.911862 2.34
0.922927 2.34
0.953432 2.34
0.964442 2.34
0.995057 3.33
1.013101 4.02
1.031426 4.02
1.061923 4.02
1.072710 4.02
1.108706 4.02
1.124713 4.02
1.150186 4.02
1.166183 4.02
1.191294 4.02
1.202168 4.02
1.237543 4.02
1.253543 4.02
1.278820 4.02
1.289543 4.02
1.320183 4.02
1.336294 4.02
1.361168 4.02
1.372060 4.02
1.402183 4.02
1.413060 4.34
1.448869 4.34
1.459874 4.02
1.492122 4.34
1.503112 4.34
1.538829 4.34
1.549705 4.34
1.580297 4.34
1.591172 4.34
1.626673 4.34
1.642673 4.34
1.668214 4.34
1.679199 4.68
1.709852 4.68
1.720850 4.68
1.751426 4.68
1.762301 4.68
1.792707 4.68
1.808701 4.68
1.834188 4.68
1.850188 4.68
1.875298 4.68
1.886187 4.68
1.916297 4.68
1.927173 4.68
1.962872 4.68
1.973836 4.68
2.004302 4.68
2.015177 4.68
2.050676 4.68
2.066677 4.68
2.092189 4.68
2.108191 4.68
2.133175 4.68
2.143941 4.68
2.174175 4.68
2.184941 4.68
2.215175 4.68
2.225940 4.68
2.256175 4.68
2.267215 4.68
2.297865 4.68
2.308860 5.00
2.341059 5.00
2.352078 5.00
2.382556 5.00
2.393431 5.00
2.424199 5.00
2.440304 5.00
2.470679 5.00
2.486679 5.00
2.512194 5.00
2.528195 5.00
2.553178 5.00
2.564070 5.00
2.595001 5.00
2.611212 4.68
2.641861 5.00
2.652859 5.00
2.685059 5.00
2.696075 5.00
2.731682 5.00
2.747682 4.68
2.775805 5.00
2.786555 5.00
2.817196 5.00
2.833195 5.00
2.858180 5.00
2.868946 5.00
2.899180 5.00
2.910086 5.00
2.940681 5.00
2.951682 4.68
2.982316 5.00
2.993316 5.00
3.023956 5.00
3.036561 5.00
3.070686 5.00
3.081559 5.00
3.112201 5.00
3.122952 5.00
3.153558 5.00
3.166058 5.00
3.194807 5.00
3.205557 5.00
3.236197 5.00
3.247200 5.00
3.277886 5.00
3.288873 4.68
3.324691 5.00
3.335691 5.00
3.366205 5.00
3.377204 5.00
3.407686 5.00
3.418719 5.00
3.448987 5.00
3.464965 5.00
3.490185 5.00
3.500949 5.00
3.531185 5.00
3.541952 4.68
3.572185 5.00
3.582949 5.00
3.613185 5.00
3.624229 5.00
3.654880 5.00
3.665865 5.00
3.701692 5.00
3.712564 5.00
3.743215 5.00
3.754206 5.00
3.784563 5.00
3.800562 5.00
3.825990 5.00
3.841971 5.00
3.867187 5.00
3.877953 5.00
3.908312 5.00
3.919187 5.00
3.949728 4.68
3.960568 5.00
3.991207 5.00
4.002079 5.00
4.032720 5.00
4.043564 5.00
4.074205 5.00
4.085079 5.00
4.120564 5.00
4.136563 5.00
4.161813 5.00
4.172563 5.00
4.203079 5.00
4.219079 5.00
4.244332 5.00
4.256986 5.00
4.285944 5.00
4.302212 5.00
4.327318 5.00
4.338210 5.00
4.368567 5.00
4.384566 5.00
4.409720 5.00
4.420566 5.00
4.451082 5.00
4.467084 5.00
4.492206 5.00
4.503081 5.00
4.538565 5.00
4.554441 5.00
4.582831 5.00
4.593577 5.00
4.629737 5.00
4.640752 5.00
4.672979 5.00
4.683970 5.00
4.715975 5.00
4.726859 5.00
4.758970 5.00
4.769723 5.00
4.801969 5.00
4.812721 5.00
4.843194 5.00
4.854082 5.00
4.884193 5.00
4.895084 5.00
4.925193 5.00
4.936083 5.00
4.966773 5.00
4.977762 5.00
5.013576 5.00
5.029737 5.00
5.055095 5.00
5.071223 5.00
5.101731 5.00
5.112572 5.00
5.143087 5.00
5.159087 5.00
5.184214 5.00
5.195086 5.00
5.230571 5.00
5.246572 5.00
5.274976 5.00
5.291224 4.68
5.316580 5.00
5.332894 5.00
5.358220 5.00
5.369005 5.00
5.399701 5.00
5.410575 5.00
5.440995 5.00
5.456992 5.00
5.487574 5.00
5.503573 5.00
5.528977 5.00
5.544841 5.00
5.571949 5.00
5.582883 5.00
5.613587 5.00
5.624589 5.00
5.655240 5.00
5.666101 5.00
5.696885 5.00
5.713098 5.00
5.743578 5.00
5.754578 5.00
5.785095 5.00
5.796092 5.00
5.826452 5.00
5.838981 5.00
5.867731 5.00
5.878575 5.00
5.914451 5.00
5.930772 5.00
5.958965 5.00
5.975339 5.00
6.000585 5.35
6.011585 5.35
6.042241 5.35
6.053110 5.35
6.083739 5.35
6.094738 5.35
6.125230 5.35
6.136098 5.35
6.166454 5.35
6.182579 5.35
6.207868 5.35
6.223843 5.35
6.249218 5.35
6.260117 5.35
6.290908 5.35
6.307128 5.00
6.337750 5.35
6.348584 5.00
6.379224 5.00
6.390111 5.35
6.420741 5.35
6.431581 5.35
6.462099 5.35
6.472881 5.35
6.508580 5.35
6.519456 5.00
6.550098 5.35
6.560847 5.35
6.591779 5.00
6.602723 5.00
6.638589 5.35
6.649590 5.00
6.680230 5.00
6.691105 5.00
6.721746 5.00
6.732585 5.00
6.763104 5.00
6.773865 4.68
6.804458 4.68
6.820458 5.00
6.845458 5.00
6.861458 5.00
6.886739 5.00
6.897907 5.00
6.933589 5.00
6.944588 4.68
6.975119 4.68
6.986117 4.68
7.016765 4.68
7.027759 4.68
7.063464 4.68
7.079589 4.68
7.105107 4.68
7.115871 4.68
7.146461 4.68
7.162586 4.68
7.187741 4.68
7.198586 4.68
7.229233 4.68
7.240104 4.68
7.270461 4.68
7.286336 4.68
7.311741 4.68
7.322586 4.34
7.353229 4.68
7.364101 4.68
7.394461 4.68
7.410586 4.68
7.435741 4.68
7.446586 4.68
7.477229 4.68
7.488102 4.68
7.518463 4.68
7.534587 4.68
7.559743 4.68
7.570587 4.68
7.601230 4.68
7.612103 4.68
7.642464 4.68
7.658588 4.68
7.683589 4.68
7.694463 5.00
7.724588 5.00
7.735338 4.68
7.765588 5.00
7.776338 5.00
7.806588 4.68
7.817338 5.00
7.847589 4.68
7.858338 5.00
7.888589 5.00
7.899339 5.00
7.929589 5.00
7.940339 5.00
7.970589 5.00
7.981340 5.00
8.011589 5.00
8.022340 5.00
8.052590 5.00
8.063339 5.00
8.093590 5.00
8.104340 5.00
8.134591 5.00
8.145340 5.00
8.175591 5.00
8.186341 5.00
8.216591 5.00
8.227341 5.00
8.257591 5.00
8.268341 4.68
8.298592 5.00
8.309342 5.00
8.339592 4.68
8.350342 4.68
8.380592 4.68
8.391342 5.00
8.421592 4.68
8.432342 5.00
8.462593 5.00
8.473343 5.00
8.503593 5.00
8.514343 4.68
8.544593 5.00
8.555343 5.00
8.585594 5.00
8.596343 5.00
8.626722 5.00
8.637469 5.00
8.667720 5.00
8.678469 4.68
8.708721 4.68
8.721220 4.68
8.749721 5.00
8.760470 4.68
8.790721 4.68
8.801470 5.00
8.831722 4.68
8.844221 4.68
8.872721 4.68
8.883471 5.00
8.913722 5.00
8.926221 4.68
8.954722 4.68
8.967097 5.00
8.995723 4.68
9.008097 4.68
9.036723 4.68
9.049097 5.00
9.077723 5.00
9.090097 5.00
9.118724 5.00
9.131098 5.00
9.159723 5.00
9.172098 5.00
9.200724 4.68
9.213098 5.00
9.241724 5.00
9.254099 4.68
9.282724 5.00
9.295099 4.68
9.323725 4.68
9.339599 4.68
9.364725 5.00
9.377099 4.68
9.405725 4.68
9.421600 5.00
9.446726 5.00
9.459100 5.00
9.487726 5.00
9.503600 5.00
9.528726 5.00
9.544601 5.00
9.569727 5.00
9.582100 4.68
9.610727 4.68
9.626601 4.68
9.651727 4.68
9.667601 4.68
9.692727 4.68
9.708602 4.68
9.733728 4.68
9.749602 4.68
9.774728 4.68
9.790602 4.68
9.815790 4.68
9.831605 5.00
9.856855 4.68
9.872729 4.68
9.900603 4.68
9.911353 4.68
9.941604 5.00
9.952355 5.00
9.983009 5.00
9.993731 4.68
10.024230 4.68
10.034998 5.00
10.065230 5.00
10.075997 5.00
10.106355 5.00
10.122480 4.68
10.147480 5.00
10.158231 4.68
10.188759 5.00
10.204761 5.00
10.235482 4.68
10.246232 5.00
10.276762 4.68
10.292887 5.00
10.318124 4.68
10.328874 4.68
10.359357 4.68
10.375358 4.68
10.400482 5.00
10.411233 5.00
10.441608 5.00
10.452483 4.68
10.483011 4.68
10.493885 5.00
10.524233 5.00
10.535000 4.68
10.565234 4.68
10.576000 4.68
10.606234 5.00
10.617002 5.00
10.647235 4.68
10.658002 4.68
10.688360 5.00
10.704360 5.00
10.729485 5.00
10.740360 4.68
10.770610 5.00
10.781485 5.00
10.812128 4.68
10.822876 5.00
10.853236 5.00
10.864003 5.00
10.894361 4.68
10.910486 5.00
10.935486 4.68
10.946236 4.68
10.976738 5.00
10.992891 4.68
11.018014 4.68
11.028891 4.68
11.059363 4.68
11.075487 4.68
11.100488 4.68
11.111238 5.00
11.141613 5.00
11.152363 5.00
11.184742 5.00
11.195614 5.00
11.226016 5.00
11.236739 5.00
11.267364 5.00
11.283364 4.68
11.308489 5.00
11.319239 4.68
11.349740 5.00
11.365740 5.00
11.391019 5.00
11.401740 5.00
11.432365 5.00
11.448365 5.00
11.473491 5.00
11.484240 5.00
11.514741 5.00
11.530741 5.00
11.561366 4.68
11.577366 5.00
11.602491 5.00
11.613241 5.00
11.643742 5.00
11.659742 5.00
11.686747 4.68
11.697617 5.00
11.729747 5.00
11.740617 4.68
11.772760 5.00
11.783617 5.00
11.819368 5.00
11.835368 5.00
11.860493 5.00
11.871368 5.00
11.901744 5.00
11.917744 5.00
11.948369 4.68
11.964369 5.00
11.989494 5.00
12.000244 4.68
12.030619 4.68
12.043011 4.68
12.071899 4.68
12.082619 4.68
12.113369 5.00
12.129370 4.68
12.154494 4.68
12.165245 4.68
12.195897 5.00
12.206620 4.68
12.237135 4.68
12.247888 4.68
12.278371 4.68
12.294371 5.00
12.319496 4.68
12.330247 5.00
12.360898 4.68
12.371747 4.68
12.402139 4.68
12.412887 4.68
12.443247 4.68
12.459247 5.00
12.484372 4.68
12.495137 4.68
12.525497 5.00
12.536372 4.68
12.566902 5.00
12.577748 5.00
12.608138 5.00
12.618902 5.00
12.649374 4.68
12.660142 4.68
12.690499 4.68
12.701374 5.00
12.731903 4.68
12.742749 5.00
12.773141 5.00
12.783901 5.00
12.814250 4.68
12.830250 5.00
12.855250 4.68
12.871250 5.00
12.896375 4.68
12.907251 4.68
12.937500 4.68
12.948251 4.68
12.978779 5.00
12.989501 5.00
13.020251 4.68
13.036251 5.00
13.061251 5.00
13.077252 5.00
13.102377 4.68
13.113142 4.68
13.143502 5.00
13.154252 4.68
13.184906 5.00
13.195781 5.00
13.226253 5.00
13.242378 4.68
13.267378 4.68
13.278143 4.68
13.308503 4.68
13.319378 4.68
13.349906 4.68
13.360632 5.00
13.391254 4.68
13.407379 5.00
13.432379 4.68
13.443254 5.00
13.473504 4.68
13.484380 4.68
13.514783 4.68
13.525633 4.68
13.556255 5.00
13.572380 4.68
13.597381 4.68
13.608145 4.68
13.638506 5.00
13.649256 4.68
13.679910 4.68
13.690783 4.68
13.721256 5.00
13.737381 4.68
13.762381 5.00
13.773147 4.68
13.803507 5.00
13.814257 4.68
13.844786 5.00
13.855636 5.00
13.886273 5.00
13.902383 5.00
13.927507 4.68
13.938383 4.68
13.968912 5.00
13.979788 5.00
14.010258 5.00
14.026383 5.00
14.051383 5.00
14.062150 5.00
14.092509 4.68
14.103275 5.00
14.133914 5.00
14.144789 4.68
14.175260 4.68
14.191385 4.68
14.216260 5.00
14.232385 5.00
14.257385 4.68
14.268151 5.00
14.298510 5.00
14.309260 4.68
14.339790 5.00
14.350638 4.68
14.381279 4.68
14.397386 5.00
14.422511 4.68
14.435152 5.00
14.463790 4.68
14.474639 5.00
14.506667 4.68
14.517512 5.00
14.549668 5.00
14.560512 4.68
14.596388 4.68
14.607263 5.00
14.637513 5.00
14.650155 5.00
14.678792 5.00
14.689513 4.68
14.720263 4.68
14.736263 4.68
14.761388 5.00
14.772263 4.68
14.802513 5.00
14.814917 4.68
14.843794 5.00
14.854514 4.68
14.885264 4.68
14.901390 4.68
14.926265 4.68
14.942390 4.68
14.967390 5.00
14.978157 5.00
15.008515 4.68
15.020919 4.68
15.049794 4.68
15.060641 4.68
15.091266 4.68
15.107391 4.68
15.132391 4.68
15.143157 4.68
15.173516 4.68
15.189392 4.68
15.214794 5.00
15.225517 4.68
15.256267 4.68
15.267159 4.68
15.297267 4.68
15.308160 4.68
15.338267 5.00
15.349158 4.68
15.379268 4.68
15.390143 4.68
15.420268 4.68
15.431160 4.68
15.461393 4.68
15.472269 5.00
15.502518 5.00
15.518394 5.00
15.543797 5.00
15.554646 5.00
15.585269 5.00
15.596161 4.68
15.626269 5.00
15.637145 5.00
15.667396 5.00
15.678145 4.68
15.708520 5.00
15.724520 5.00
15.749799 5.00
15.760521 5.00
15.791163 4.68
15.807038 4.68
15.832396 4.68
15.843271 5.00
15.873521 4.68
15.889521 5.00
15.914802 5.00
15.925521 5.00
15.956162 5.00
15.972162 5.00
15.997397 5.00
16.008272 5.00
16.038522 5.00
16.054523 5.00
16.079800 5.00
16.090522 5.00
16.121273 5.00
16.132166 5.00
16.162398 5.00
16.173274 5.00
16.203669 5.00
16.214524 4.68
16.250274 5.00
16.261166 4.68
16.291399 4.68
16.302274 5.00
16.332671 5.00
16.343525 4.68
16.379399 4.68
16.390275 4.68
16.420525 4.68
16.436525 4.68
16.461652 5.00
16.472526 5.00
16.508401 4.68
16.519276 5.00
16.549526 4.68
16.565526 4.68
16.590806 5.00
16.601653 4.68
16.632277 4.68
16.643170 5.00
16.673277 4.68
16.684152 5.00
16.714278 4.68
16.725168 4.68
16.755277 4.68
16.766153 4.68
16.796277 4.68
16.807153 4.68
16.837278 4.68
16.848153 4.68
16.878278 5.00
16.889154 4.68
16.919279 4.68
16.930154 4.68
16.960279 4.68
16.971154 4.68
17.001529 4.68
17.017529 4.68
17.048171 5.00
17.064170 4.68
17.089280 4.68
17.100171 5.00
17.130405 5.00
17.141280 4.68
17.171530 4.68
17.187531 4.68
17.214535 4.68
17.225281 4.68
17.261174 4.68
17.277172 4.68
17.302281 5.00
17.313172 4.68
17.343406 4.68
17.355922 4.68
17.384532 4.68
17.400532 4.68
17.431172 4.68
17.447173 4.68
17.472283 4.68
17.483174 4.68
17.513283 5.00
17.524158 4.68
17.554283 4.68
17.565158 5.00
17.595284 5.00
17.606159 4.68
17.636284 4.68
17.647159 4.68
17.677284 5.00
17.688159 5.00
17.718410 4.68
17.730813 5.00
17.759535 5.00
17.775535 4.68
17.805925 4.68
17.816661 4.68
17.847177 5.00
17.863178 4.68
17.888286 4.68
17.899178 5.00
17.929536 4.68
17.945536 5.00
17.975930 4.68
17.986663 5.00
18.017287 5.00
18.028179 4.68
18.058287 4.68
18.069162 4.68
18.099412 4.68
18.115287 4.68
18.140537 4.68
18.151412 4.68
18.186928 4.68
18.197664 4.68
18.228288 4.68
18.239181 4.68
18.269288 4.68
18.280163 4.68
18.310288 4.68
18.321163 4.68
18.351289 4.68
18.362164 5.00
18.392289 4.68
18.403164 5.00
18.433290 4.68
18.444165 4.68
18.474289 5.00
18.485165 4.68
18.515289 4.68
18.526166 4.68
18.556290 4.68
18.567165 4.68
18.597290 5.00
18.608166 5.00
18.638291 5.00
18.649166 4.68
18.679291 5.00
18.690166 4.68
18.720292 4.68
18.731166 4.68
18.761292 4.68
18.772167 5.00
18.802292 5.00
18.813167 5.00
18.843292 4.68
18.854168 4.68
18.884292 5.00
18.895168 5.00
18.925293 5.00
18.936168 5.00
18.966293 4.68
18.977168 4.68
19.007293 4.68
19.018168 5.00
19.048419 4.68
19.064293 4.68
19.089544 4.68
19.100419 4.68
19.130671 4.68
19.141544 5.00
19.172185 4.68
19.182937 4.68
19.213420 4.68
19.229295 4.68
19.254545 4.68
19.265295 4.68
19.300949 4.68
19.311672 4.68
19.342186 4.68
19.352939 4.68
19.383296 4.68
19.394171 4.68
19.424421 4.68
19.440297 4.68
19.465546 4.68
19.476421 4.68
19.511939 4.68
19.522673 4.68
19.553189 4.68
19.563939 5.00
19.594189 4.68
19.604940 4.68
19.635298 4.68
19.646173 4.68
19.676297 4.68
19.687173 4.68
19.717298 4.68
19.728174 4.68
19.758298 4.68
19.769174 5.00
19.799299 4.68
19.810174 4.68
19.840299 4.68
19.851174 5.00
19.881300 4.68
19.892175 4.68
19.922300 4.68
19.934800 5.00
19.963300 4.68
19.975800 4.68
20.004550 5.00
20.015425 4.68
20.050943 5.00
20.063436 4.68
20.092192 4.68
20.103068 4.68
20.133176 5.00
20.144069 4.68
20.174177 5.00
20.185070 5.00
20.215177 5.00
20.226070 4.68
20.256177 5.00
20.267071 5.00
20.297177 5.00
20.308069 5.00
20.338178 5.00
20.349069 5.00
20.379178 5.00
20.389946 5.00
20.420178 5.00
20.430945 5.00
20.461179 5.00
20.471945 5.00
20.502179 5.00
20.512947 5.00
20.543180 5.00
20.553947 5.00
20.584687 4.34
20.595560 4.34
20.626309 4.34
20.642313 4.34
20.669320 4.34
20.680200 4.34
20.712317 4.34
20.723197 4.34
20.758972 4.34
20.774950 4.34
20.800181 4.34
20.810949 4.34
20.841181 4.34
20.851949 4.34
20.882182 4.34
20.892949 4.34
20.923182 4.34
20.933948 4.34
20.964182 4.34
20.974948 4.34
21.005183 4.34
21.015950 4.34
21.046183 4.34
21.056948 4.34
21.087201 4.34
21.097962 4.34
21.128696 4.34
21.139694 4.34
21.170315 4.34
21.186439 4.02
21.217207 4.34
21.228206 4.34
21.264079 4.34
21.274969 4.34
21.305561 4.34
21.316435 4.34
21.346965 4.02
21.362811 4.34
21.388186 4.34
21.398951 4.34
21.429186 4.34
21.439950 4.34
21.470186 4.34
21.480953 4.34
21.511186 4.34
21.521953 4.34
21.552575 4.34
