0.000000 0.000000
0.041705 4.34
0.052566 4.34
0.082940 4.34
0.093838 4.34
0.124586 2.66
0.140889 2.34
0.166353 2.34
0.177325 2.34
0.213221 2.34
0.224210 2.34
0.254852 2.34
0.265706 2.34
0.296438 2.34
0.312437 2.34
0.343077 2.34
0.359204 2.34
0.384436 2.34
0.400437 2.34
0.425560 2.34
0.436310 2.34
0.471961 2.34
0.482692 2.34
0.513311 2.34
0.524200 2.34
0.554311 2.34
0.565201 2.34
0.595311 2.34
0.606203 2.34
0.636311 2.34
0.647203 2.34
0.677437 2.34
0.693437 2.34
0.718562 2.34
0.729437 2.34
0.765078 2.34
0.781234 2.34
0.806722 2.34
0.817772 2.34
0.848321 2.34
0.859352 2.34
0.895360 2.34
0.907952 2.34
0.940113 2.34
0.956360 2.34
0.983522 2.34
0.994726 4.02
1.025218 4.02
1.036215 4.02
1.066857 4.02
1.077855 4.02
1.108319 4.02
1.119209 4.02
1.155081 4.02
1.171083 4.02
1.196318 4.02
1.207206 4.02
1.237442 4.02
1.253316 4.02
1.278724 4.02
1.289567 4.02
1.320207 4.02
1.331081 4.02
1.361209 4.02
1.372082 4.02
1.402206 4.02
1.413084 4.02
1.443584 4.02
1.454583 4.02
1.485221 4.34
1.496214 4.34
1.528503 4.34
1.539453 4.34
1.570099 4.02
1.586326 4.34
1.613493 4.34
1.624450 4.34
1.660213 4.34
1.671092 4.34
1.701740 4.34
1.712572 4.34
1.743090 4.34
1.759088 4.34
1.784445 4.34
1.800445 4.34
1.825727 4.34
1.836571 4.34
1.867088 4.34
1.878088 4.34
1.908446 4.02
1.924446 4.34
1.949729 4.34
1.960571 4.02
1.991088 4.34
2.002088 4.34
2.032447 4.34
2.048447 4.34
2.075486 4.34
2.086215 4.02
2.117105 4.02
2.128103 4.02
2.158716 4.34
2.169750 4.34
2.200216 4.34
2.211094 4.34
2.246854 4.34
2.259354 4.34
2.288324 4.34
2.300725 4.34
2.329449 4.34
2.345324 4.34
2.372351 4.34
2.383212 4.34
2.415349 4.34
2.426214 4.34
2.458402 4.34
2.469461 4.34
2.505236 4.34
2.516238 4.34
2.551955 4.34
2.564368 4.34
2.593329 4.34
2.605732 4.34
2.634453 4.34
2.645328 4.34
2.675577 4.34
2.686327 4.68
2.716981 4.34
2.732856 4.34
2.758466 4.68
2.774578 4.68
2.799732 4.34
2.810717 4.34
2.841336 4.34
2.857585 4.34
2.887958 4.34
2.903957 4.34
2.929581 4.34
2.940456 4.34
2.971223 4.34
2.981983 4.34
3.012580 4.34
3.023454 4.34
3.058981 4.34
3.071338 4.34
3.100330 4.34
3.116330 4.34
3.141330 4.34
3.157330 4.34
3.182330 4.34
3.198330 4.34
3.223330 4.34
3.239205 4.34
3.264331 4.34
3.280331 4.34
3.305456 4.34
3.321331 4.34
3.346581 4.34
3.357332 4.34
3.392975 4.02
3.408860 4.34
3.434332 4.34
3.450332 4.34
3.475457 4.34
3.486332 4.34
3.516583 4.34
3.527333 4.34
3.557985 4.34
3.573861 4.34
3.599333 4.34
3.615333 4.34
3.640333 4.34
3.656333 4.34
3.681334 4.34
3.697334 4.34
3.722334 4.34
3.738334 4.34
3.763334 4.34
3.779335 4.34
3.804334 4.34
3.820335 4.34
3.845334 4.34
3.861210 4.34
3.886335 4.34
3.902335 4.34
3.927335 4.34
3.943210 4.34
3.968336 4.34
3.984336 4.34
4.009336 4.34
4.025336 4.34
4.050336 4.34
4.066336 4.34
4.091336 4.02
4.107212 4.34
4.132336 4.34
4.148337 4.34
4.173337 4.34
4.189337 4.34
4.214337 4.34
4.230338 4.34
4.255338 4.34
4.271338 4.34
4.296338 4.34
4.312213 4.34
4.337338 4.34
4.353213 4.34
4.378339 4.34
4.394338 4.34
4.419339 4.02
4.435214 4.02
4.460339 4.34
4.476339 4.34
4.501339 4.34
4.517215 4.34
4.542464 4.34
4.553215 4.34
4.585341 4.34
4.596230 4.34
4.626465 4.34
4.637216 4.34
4.672868 4.34
4.688858 4.34
4.714233 4.34
4.726717 4.34
4.755341 4.34
4.771216 4.34
4.796342 4.34
4.812216 4.34
4.837467 4.02
4.848342 4.34
4.880343 4.34
4.891232 4.34
4.921342 4.34
4.937232 4.34
4.962468 4.34
4.973217 4.34
5.008719 4.34
5.021344 4.34
5.050236 4.34
5.062593 4.34
5.091343 4.34
5.107218 4.34
5.132344 4.34
5.148219 4.34
5.173344 4.34
5.189219 4.34
5.214344 4.34
5.225109 4.34
5.255345 4.34
5.266220 4.02
5.296345 4.34
5.307112 4.34
5.337345 4.34
5.348221 4.34
5.378346 4.34
5.389220 4.34
5.419345 4.34
5.430221 4.34
5.460346 4.34
5.471221 4.34
5.501346 4.34
5.512221 4.34
5.542347 4.34
5.553237 4.34
5.583472 4.34
5.594222 4.34
5.629753 4.34
5.645750 4.34
5.671241 4.34
5.687240 4.34
5.712223 4.34
5.724598 4.34
5.753223 4.34
5.769223 4.34
5.794223 4.34
5.810244 4.34
5.835224 4.34
5.847599 4.34
5.876224 4.02
5.892224 4.02
5.917224 4.34
5.933243 4.34
5.958225 4.02
5.974225 4.34
5.999225 4.34
6.015225 4.34
6.040225 4.34
6.056225 4.34
6.081225 4.34
6.097240 4.34
6.122226 4.34
6.138351 4.34
6.163226 4.34
6.179226 4.34
6.204227 4.34
6.220226 4.34
6.245227 4.34
6.261227 4.34
6.286226 4.34
6.302227 4.34
6.327227 4.34
6.343227 4.34
6.368227 4.34
6.384243 4.34
6.409228 4.34
6.425353 4.34
6.450228 4.34
6.466228 4.34
6.491228 4.34
6.507229 4.34
6.532229 4.34
6.548247 4.34
6.573229 4.34
6.589229 4.34
6.614229 4.34
6.630229 4.34
6.655229 4.34
6.671248 4.34
6.696230 4.34
6.712355 4.34
6.737230 4.34
6.753230 4.34
6.778230 4.34
6.794230 4.34
6.819231 4.34
6.835230 4.34
6.860231 4.34
6.876231 4.34
6.901231 4.34
6.917231 4.34
6.942247 4.34
6.958247 4.34
6.983232 4.34
6.999357 4.34
7.024357 4.34
7.040232 4.34
7.065358 4.34
7.076233 4.34
7.111483 4.34
7.122233 4.34
7.157876 4.34
7.173858 4.34
7.199250 4.34
7.215250 4.34
7.240484 4.34
7.251234 4.34
7.286875 4.34
7.302874 4.34
7.328249 4.34
7.344249 4.34
7.369360 4.34
7.385234 4.34
7.410485 4.34
7.421235 4.34
7.456878 4.34
7.472878 4.34
7.498253 4.34
7.514250 4.34
7.539361 4.02
7.550252 4.34
7.582237 4.34
7.593003 4.34
7.623236 4.34
7.639236 4.34
7.664361 4.34
7.675236 4.34
7.707238 4.02
7.718005 4.02
7.748362 4.02
7.759237 4.02
7.791239 4.34
7.802005 4.34
7.832363 4.34
7.843237 4.34
7.875240 4.34
7.886131 4.02
7.916363 4.34
7.927238 4.34
7.962614 4.02
7.973364 4.02
8.004015 4.02
8.014740 4.02
8.045239 4.34
8.061239 4.34
8.086364 4.34
8.097239 4.34
8.132615 4.34
8.143365 4.34
8.173894 4.02
8.184757 4.34
8.215365 4.34
8.226240 4.34
8.261616 4.02
8.277616 4.34
8.303021 4.34
8.313883 4.34
8.344241 4.34
8.355009 4.34
8.385241 4.34
8.396009 4.34
8.426242 4.02
8.437007 4.34
8.467367 4.34
8.478242 4.34
8.513617 4.34
8.524367 4.34
8.555021 4.34
8.565896 4.34
8.596368 4.34
8.607244 4.34
8.642619 4.34
8.653493 4.02
8.684022 4.02
8.694885 4.34
8.725369 4.34
8.736244 4.02
8.771619 4.34
8.782369 4.34
8.813023 4.34
8.823746 4.34
8.854370 4.02
8.865262 4.34
8.900620 4.34
8.911370 4.34
8.942025 4.34
8.952900 4.34
8.983246 4.34
8.994012 4.34
9.024371 4.34
9.035246 4.34
9.070621 4.34
9.081372 4.34
9.112023 4.02
9.122748 4.02
9.153247 4.34
9.164012 4.34
9.194373 4.34
9.205247 4.34
9.240622 4.34
9.251498 4.34
9.282024 4.34
9.292749 4.02
9.323248 4.02
9.334015 4.34
9.364373 4.02
9.375248 4.34
9.410624 4.34
9.421499 4.34
9.452027 4.02
9.462903 4.34
9.493250 4.34
9.504017 4.34
9.534250 4.34
9.545141 4.34
9.575250 4.02
9.586017 4.34
9.616250 4.34
9.627018 4.34
9.657251 4.34
9.668015 4.34
9.698376 4.34
9.709251 4.34
9.744626 4.34
9.755376 4.34
9.786030 4.34
9.796906 4.34
9.827252 4.34
9.838020 4.34
9.868252 4.34
9.879019 4.34
9.909378 4.34
9.920253 4.34
9.955628 4.34
9.966378 4.34
9.997032 4.34
10.009628 4.34
10.038379 4.34
10.049268 4.34
10.084628 4.34
10.097129 4.34
10.126033 4.34
10.138504 4.34
10.167254 4.34
10.178021 4.34
10.208255 4.34
10.219022 4.34
10.249255 4.34
10.260022 4.34
10.290380 4.34
10.301255 4.34
10.336630 4.34
10.347380 4.34
10.378035 4.34
10.390506 4.34
10.419381 4.34
10.430256 4.02
10.465631 4.02
10.478132 4.34
10.507033 4.34
10.519632 4.34
10.548382 4.34
10.559272 4.34
10.594632 4.34
10.607134 4.34
10.636150 4.34
10.652276 4.34
10.677258 4.02
10.688025 4.34
10.718258 4.34
10.729026 4.34
10.759383 4.34
10.770258 4.34
10.805633 4.34
10.818010 4.34
10.847151 4.34
10.863384 4.34
10.888277 4.34
10.899025 4.34
10.929384 4.34
10.940152 4.34
10.975635 4.34
10.991635 4.34
11.017153 4.34
11.033150 4.34
11.058277 4.34
11.069153 4.34
11.104636 4.34
11.120511 4.34
11.146039 4.34
11.162038 4.34
11.187387 4.34
11.198262 4.34
11.233637 4.34
11.249512 4.34
11.275042 4.34
11.290916 4.34
11.316387 4.34
11.327262 4.34
11.362637 4.34
11.378513 4.34
11.404042 4.34
11.419917 4.34
11.445263 4.34
11.456154 4.34
11.486263 4.34
11.497029 4.34
11.527389 4.34
11.538264 4.34
11.573639 4.34
11.589513 4.34
11.615042 4.34
11.630907 4.34
11.656265 4.34
11.667032 4.34
11.697390 4.34
11.708265 4.34
11.743515 4.34
11.754390 4.34
11.784766 4.34
11.795640 4.34
11.826045 4.34
11.842043 4.34
11.867266 4.34
11.878033 4.34
11.908391 4.34
11.919266 4.34
11.954642 4.34
11.970642 4.34
11.995920 4.34
12.006767 4.34
12.037282 4.34
12.048034 4.34
12.083642 4.34
12.099518 4.34
12.125044 4.34
12.140922 4.34
12.166268 4.34
12.177160 4.34
12.212643 4.34
12.228518 4.34
12.254048 4.34
12.270161 4.34
12.295269 4.34
12.311286 4.34
12.336394 4.34
12.347269 4.34
12.382644 4.02
12.398520 4.34
12.423923 4.34
12.434771 4.34
12.465287 4.34
12.476036 4.34
12.511646 4.34
12.527520 4.34
12.553050 4.34
12.569286 4.34
12.596023 4.34
12.606924 4.34
12.637290 4.34
12.648039 4.34
12.680025 4.34
12.690773 4.02
12.723023 4.34
12.733791 4.34
12.766024 4.34
12.776790 4.34
12.809024 4.34
12.819927 4.34
12.850290 4.34
12.861041 4.34
12.891788 4.34
12.902798 4.34
12.938656 4.34
12.954957 4.34
12.980171 4.34
12.990924 4.34
13.021529 4.34
13.037527 4.34
13.062810 4.34
13.073651 4.34
13.104293 4.34
13.115167 4.34
13.150650 4.34
13.166911 4.34
13.192285 4.34
13.203284 4.02
13.233782 4.34
13.244531 4.34
13.275298 4.02
13.286280 4.02
13.316653 4.34
13.327528 4.02
13.358058 4.34
13.374056 4.34
13.401028 4.34
13.411931 4.02
13.442294 4.34
13.453042 4.02
13.483527 4.34
13.496028 4.34
13.524779 4.34
13.535653 4.34
13.571540 4.02
