0.000000 0.000000
0.041979 4.34
0.058214 4.34
0.083232 4.34
0.094414 3.33
0.124969 2.34
0.141369 2.34
0.171862 2.34
0.182860 2.34
0.215103 2.34
0.225975 2.34
0.261580 2.34
0.274081 2.34
0.302579 2.34
0.315081 2.34
0.343578 2.34
0.355955 2.34
0.384845 2.34
0.395719 2.34
0.425827 2.34
0.436719 2.34
0.466827 2.34
0.477717 2.34
0.507828 2.34
0.518722 2.34
0.548828 2.34
0.559717 2.34
0.589829 2.34
0.600720 2.34
0.630829 2.34
0.641720 2.34
0.671829 2.34
0.682718 2.34
0.712829 2.34
0.723721 2.34
0.753830 2.34
0.764994 2.34
0.800869 2.34
0.811858 2.34
0.847790 2.34
0.858865 2.34
0.889416 2.34
0.902021 2.34
0.930984 2.34
0.947233 2.34
0.977852 2.34
0.988973 4.02
1.024733 4.02
1.035732 4.02
1.066214 4.02
1.077088 4.02
1.107727 4.02
1.118726 4.02
1.149209 4.02
1.160085 4.02
1.190850 4.02
1.201725 4.02
1.232083 4.02
1.247958 4.02
1.273209 4.02
1.284084 4.02
1.319609 4.02
1.335610 4.34
1.360848 4.34
1.371725 4.02
1.401834 4.02
1.412726 4.02
1.445027 4.02
1.455976 4.34
1.486642 4.02
1.503119 4.34
1.528222 4.34
1.539223 4.34
1.569881 4.34
1.580879 4.34
1.616736 4.34
1.627741 4.02
1.658388 4.34
1.669217 4.34
1.699857 4.02
1.710734 4.34
1.746482 4.34
1.762481 4.34
1.795604 4.34
1.811463 4.34
1.836838 4.68
1.847731 4.34
1.877838 4.34
1.888732 4.34
1.918839 4.34
1.929729 4.34
1.959964 4.68
1.975964 4.34
2.001089 4.34
2.011840 4.34
2.047737 4.34
2.058765 4.34
2.090994 4.68
2.101973 4.34
2.137740 4.68
2.148488 4.68
2.179094 4.68
2.189843 4.68
2.225736 4.34
2.236483 4.68
2.266967 4.68
2.282842 4.34
2.308091 4.34
2.318842 4.34
2.351011 4.34
2.361857 4.68
2.397761 4.34
2.408750 4.68
2.440996 4.68
2.451974 4.68
2.487741 4.68
2.498492 4.68
2.529096 4.68
2.539971 4.68
2.575735 4.68
2.586484 4.68
2.617094 4.68
2.627843 4.68
2.663496 4.68
2.679486 4.68
2.704844 4.68
2.715746 4.34
2.747977 4.34
2.758974 4.34
2.794740 4.34
2.805538 4.34
2.836222 4.34
2.847222 4.34
2.877741 4.34
2.888488 4.34
2.918971 4.34
2.934846 4.34
2.960096 4.34
2.970846 4.34
3.006486 4.34
3.018972 4.34
3.047972 4.34
3.064232 4.34
3.094771 4.34
3.105622 4.34
3.138024 4.34
3.148851 4.34
3.179517 4.34
3.195522 4.34
3.220864 4.34
3.233223 4.34
3.261849 4.34
3.274223 4.34
3.302849 4.34
3.315224 4.34
3.343973 4.34
3.359990 4.34
3.385099 4.34
3.395850 4.34
3.431364 4.34
3.443879 4.34
3.472864 4.34
3.488866 4.34
3.514100 4.34
3.524850 4.34
3.560893 4.34
