0.000000 0.000000
0.041826 4.34
0.052693 4.34
0.083604 4.34
0.100014 2.34
0.130454 2.34
0.141578 2.34
0.177387 2.34
0.188470 2.34
0.218981 2.34
0.229818 2.34
0.260566 2.34
0.276565 2.34
0.301690 2.34
0.312565 2.34
0.348326 2.34
0.359077 2.34
0.389564 2.34
0.405438 2.34
0.430688 2.34
0.441438 2.34
0.471813 2.34
0.482688 2.34
0.513329 2.34
0.524079 2.34
0.554439 2.34
0.565328 2.34
0.595439 2.34
0.606331 2.34
0.636439 2.34
0.647328 2.66
0.677439 2.34
0.688330 2.34
0.718440 2.34
0.729331 2.34
0.761635 2.34
0.772580 2.66
0.803220 2.34
0.819452 2.34
0.844843 2.34
0.855844 2.34
0.886470 2.34
0.897467 2.34
0.933358 2.34
0.944346 2.34
0.975023 4.02
0.991374 4.02
1.016577 4.02
1.032825 4.02
1.063465 4.02
1.074338 4.02
1.110099 4.02
1.126087 4.02
1.151462 4.34
1.162332 4.02
1.198097 4.02
1.208819 4.02
1.239458 4.02
1.250336 4.02
1.280694 4.02
1.291444 4.02
1.327093 4.02
1.337819 4.02
1.368460 4.34
1.379336 4.34
1.409695 4.34
1.420712 4.02
1.451358 4.34
1.462335 4.34
1.498250 4.34
1.509098 4.34
1.539827 4.34
1.550826 4.34
1.581343 4.34
1.592345 4.34
1.622574 4.34
1.638832 4.34
1.664224 4.34
1.680347 4.34
1.705577 4.34
1.721576 4.34
1.746700 4.34
1.757576 4.02
1.788106 4.34
1.804091 4.34
1.829467 4.34
1.841981 4.34
1.870699 4.34
1.881574 4.34
1.917104 4.34
1.927824 4.02
1.958466 4.34
1.970977 4.34
1.999700 4.02
2.010450 4.34
2.040700 4.34
2.051450 4.34
2.087092 4.34
2.103092 4.34
2.131103 4.34
2.147092 4.34
2.172451 4.34
2.184826 4.34
2.213576 4.34
2.229576 4.34
2.254701 4.34
2.265576 4.34
2.301107 4.34
2.317092 4.34
2.342467 4.34
2.354827 4.34
2.383702 4.34
2.394577 4.34
2.430105 4.34
2.446095 4.34
2.471578 4.34
2.487453 4.34
2.512703 4.34
2.523578 4.34
2.559105 4.34
2.574984 4.34
2.600346 4.34
2.611095 4.34
2.641579 4.34
2.657454 4.34
2.682705 4.34
2.693455 4.34
2.729107 4.34
2.744984 4.34
2.770580 4.34
2.786455 4.34
2.811705 4.34
2.822581 4.34
2.858111 4.34
2.873986 4.34
2.899456 4.34
2.915581 4.34
2.940581 4.34
2.956582 4.34
2.981707 4.34
2.992582 4.34
3.028109 4.34
3.043974 4.34
3.069582 4.34
3.085457 4.34
3.110707 4.34
3.121458 4.34
3.156958 4.34
3.172988 4.34
3.198350 4.34
3.209099 4.34
3.239459 4.34
3.255474 4.34
3.280584 4.34
3.296459 4.34
3.321709 4.34
3.332459 4.34
3.368112 4.34
3.384102 4.34
3.409460 4.34
3.425476 4.34
3.450585 4.34
3.466585 4.34
3.491710 4.34
3.502585 4.34
3.538117 4.34
3.554102 4.34
3.579476 4.34
3.595477 4.34
3.620586 4.34
3.636461 4.34
3.661711 4.34
3.672586 4.34
3.708104 4.34
3.723963 4.34
3.749462 4.34
3.765462 4.34
3.790588 4.34
3.806463 4.34
3.831713 4.34
3.842463 4.34
3.877994 4.34
3.893993 4.34
3.919481 4.34
3.935481 4.34
3.960714 4.34
3.971464 4.34
4.007104 4.34
4.022968 4.34
4.048479 4.34
4.064482 4.34
4.089590 4.34
4.105464 4.34
4.130715 4.34
4.141590 4.34
4.177108 4.34
4.192994 4.34
4.218465 4.34
4.234465 4.34
4.259466 4.34
4.275466 4.34
4.300466 4.34
4.316466 4.34
4.341466 4.34
4.357591 4.34
4.382591 4.34
4.398467 4.34
4.425495 4.34
4.436359 4.34
4.468496 4.34
4.479357 4.34
4.511497 4.34
4.522245 4.34
4.554469 4.34
4.565246 4.34
4.595468 4.34
4.611468 4.34
4.636468 4.34
4.652469 4.34
4.677593 4.34
4.688469 4.34
4.720470 4.34
4.731239 4.34
4.761470 4.34
4.777594 4.34
4.802470 4.34
4.818470 4.34
4.843470 4.34
4.859470 4.34
4.884595 4.34
4.895470 4.34
4.927490 4.34
4.938345 4.34
4.968471 4.34
4.984472 4.34
5.009471 4.34
5.025471 4.34
5.050596 4.34
5.061471 4.34
5.096847 4.34
5.107597 4.34
5.138251 4.34
5.149127 4.34
5.179472 4.34
5.195472 4.34
5.220598 4.34
5.231473 4.34
5.266848 4.34
5.277598 4.34
5.308252 4.34
5.318974 4.34
5.349473 4.34
5.360241 4.34
5.390599 4.34
5.401473 4.34
5.436849 4.34
5.452849 4.34
5.478365 4.34
5.494368 4.34
5.519491 4.34
5.535490 4.34
5.560475 4.34
5.571241 4.34
5.601600 4.34
5.612476 4.34
5.647850 4.34
5.658726 4.34
5.689253 4.34
5.699978 4.34
5.730601 4.34
5.741477 4.34
5.776852 4.34
5.787601 4.34
5.818254 4.34
5.828979 4.34
5.859478 4.34
5.870368 4.34
5.900603 4.34
5.911478 4.34
5.946853 4.34
5.957728 4.34
5.988256 4.34
5.999133 4.34
6.029479 4.34
6.040244 4.34
6.070604 4.34
6.081479 4.34
6.116854 4.34
6.127604 4.34
6.158131 4.34
6.168854 4.34
6.199497 4.34
6.215480 4.34
6.240605 4.34
6.251480 4.34
6.286855 4.34
6.297605 4.34
6.328259 4.34
6.339132 4.34
6.369481 4.34
6.380246 4.34
6.410481 4.34
6.421249 4.34
6.451481 4.34
6.462375 4.34
6.492607 4.34
6.503482 4.34
6.538857 4.34
6.549607 4.34
6.580259 4.34
6.590984 4.34
6.621608 4.34
6.632483 4.34
6.667858 4.34
6.678608 4.34
6.709263 4.34
6.720136 4.34
6.750608 4.34
6.761483 4.34
6.796859 4.34
6.807733 4.34
6.838261 4.34
6.850859 4.34
6.879609 4.34
6.890376 4.34
6.925860 4.34
6.936609 4.34
6.967265 4.34
6.979735 4.34
7.008610 4.34
7.019378 4.34
7.054861 4.02
7.067361 4.34
7.096377 4.34
7.112251 4.34
7.137379 4.34
7.153254 4.34
7.178379 4.34
7.194380 4.34
7.219380 4.34
7.235377 4.34
7.260378 4.02
7.276380 4.34
7.301379 4.34
7.317380 4.34
7.342613 4.34
7.353380 4.34
7.388862 4.34
7.399613 4.34
7.430256 4.34
7.442738 4.34
7.471488 4.34
7.482257 4.34
7.512489 4.34
7.523255 4.34
7.553489 4.34
7.564256 4.34
7.594490 4.34
7.605255 4.34
7.635615 4.34
7.646380 4.34
7.681865 4.34
7.694366 4.34
7.723269 4.34
7.739257 4.34
7.764491 4.34
7.775256 4.34
7.805616 4.34
7.816381 4.34
7.851867 4.34
7.876271 4.34
7.888742 4.34
7.917616 4.34
7.928384 4.34
7.963867 4.34
7.988269 4.02
8.004144 4.34
8.029618 4.34
8.040385 4.34
8.075877 4.34
8.100271 4.34
8.116146 4.34
8.141493 4.34
8.152261 4.34
8.182494 4.34
8.193259 4.34
8.223494 4.34
8.234262 4.34
8.264619 4.34
8.275386 4.34
8.310877 4.34
8.326745 4.34
8.352274 4.34
8.368147 4.34
8.393620 4.34
8.404388 4.34
8.439878 4.34
8.464273 4.34
8.480147 4.34
8.505621 4.34
8.516371 4.34
8.551880 4.02
8.576279 4.02
8.605880 4.34
8.621879 4.34
8.647276 4.02
8.663151 4.34
8.688497 4.34
8.699266 4.34
8.729623 4.34
8.740498 4.02
8.775882 4.34
8.800275 4.02
8.816151 4.02
8.841498 4.34
8.852264 4.34
8.882499 4.34
8.893391 4.02
8.923624 4.34
8.934391 4.34
8.969877 4.34
8.985877 4.34
9.011153 4.34
9.021877 4.02
9.052516 4.34
9.063392 4.34
9.098877 4.02
9.114877 4.34
9.140153 4.34
9.151027 4.34
9.181501 4.34
9.192393 4.34
9.222626 4.34
9.233393 4.34
9.268880 4.34
9.284880 4.34
9.310393 4.34
9.326394 4.34
9.351502 4.02
9.362395 4.34
9.392627 4.34
9.403394 4.34
9.438882 4.34
9.454881 4.34
9.480396 4.34
9.496396 4.34
9.521393 4.02
9.532157 4.34
9.562629 4.34
9.573504 4.34
9.608888 4.34
9.633397 4.34
9.662885 4.34
9.678887 4.34
9.704397 4.34
9.720395 4.34
9.745505 4.34
9.756397 4.34
9.788272 4.02
9.799032 4.34
9.831274 4.02
9.842158 4.02
9.872631 4.34
9.883505 4.34
9.918885 4.02
9.934884 4.34
9.960396 4.34
9.976398 4.34
10.003288 4.34
10.014036 4.02
10.046287 4.02
10.057034 4.34
10.089287 4.34
10.100160 4.34
10.132288 4.34
10.143037 4.02
10.175289 4.34
10.186162 4.34
10.218286 4.34
10.229038 4.34
10.261289 4.34
10.272162 4.34
10.304286 4.34
10.315037 4.34
10.347287 4.34
10.358036 4.34
10.388509 4.34
10.399401 4.34
10.431290 4.34
10.442163 4.02
10.474290 4.34
10.485164 4.34
10.520888 4.34
10.531761 4.34
10.562401 4.34
10.573163 4.34
10.603511 4.34
10.614404 4.34
10.646292 4.34
10.657040 4.34
10.692762 4.34
10.705290 4.34
10.734041 4.34
10.744895 4.34
10.775512 4.34
10.786404 4.34
10.821638 4.34
10.832405 4.34
10.862763 4.34
10.875138 4.34
10.904165 4.34
10.920167 4.34
10.945513 4.34
10.956406 4.34
10.991764 4.34
11.007889 4.34
11.033041 4.34
11.043890 4.34
11.074514 4.34
11.085407 4.34
11.120640 4.34
11.131390 4.34
11.161765 4.34
11.177765 4.34
11.203042 4.34
11.213897 4.34
11.244407 4.34
11.255156 4.34
11.290765 4.34
11.306892 4.34
11.332044 4.34
11.342892 4.34
11.373517 4.34
11.384409 4.34
11.419642 4.34
11.430517 4.34
11.460767 4.34
11.476642 4.34
11.502046 4.34
11.512768 4.34
11.543518 4.34
11.554409 4.34
11.589642 4.34
11.600393 4.34
11.630768 4.02
11.646643 4.34
11.672047 4.34
11.682769 4.34
11.713408 4.34
11.724163 4.34
11.759644 4.34
11.770394 4.34
11.800770 4.34
11.816770 4.34
11.842048 4.34
11.852770 4.34
11.883413 4.34
11.894163 4.34
11.929930 4.34
11.940771 4.34
11.971048 4.34
11.981771 4.34
12.012413 4.34
12.023161 4.34
12.053396 4.34
12.064162 4.34
12.094396 4.34
12.105163 4.34
12.135522 4.34
12.146397 4.34
12.181647 4.34
12.192522 4.02
12.222773 4.34
12.238647 4.34
12.264175 4.02
12.280177 4.34
12.305523 4.34
12.316416 4.34
12.351773 4.34
12.367648 4.34
12.393053 4.34
12.403899 4.34
12.434416 4.34
12.445166 4.34
12.480649 4.34
12.491400 4.34
12.521775 4.34
12.537775 4.34
12.563054 4.34
12.573900 4.34
12.606151 4.34
12.617055 4.34
12.647525 4.34
12.658417 4.34
12.693651 4.34
12.706152 4.34
12.734776 4.34
12.750651 4.34
12.776056 4.34
12.788527 4.34
12.819152 4.34
12.829903 4.34
12.862153 4.34
12.873057 4.34
12.905153 4.34
12.915903 4.34
12.948153 4.34
12.958904 4.34
12.991154 4.34
13.002055 4.34
13.034154 4.34
13.044904 4.34
13.077155 4.34
13.087904 4.34
13.120155 4.34
13.130904 4.34
13.163155 4.34
13.173905 4.34
13.204422 4.34
13.215172 4.02
13.250655 4.34
13.266655 4.34
13.291780 4.34
13.307655 4.34
13.333059 4.34
13.349184 4.34
13.376156 4.34
13.387059 4.34
13.419157 4.34
13.429907 4.34
13.465781 4.34
13.481781 4.34
13.507058 4.34
13.519657 4.34
13.553782 4.34
13.564657 4.34
13.595059 4.34
13.611062 4.34
13.638034 4.34
13.648909 4.34
13.679426 4.34
13.690176 4.34
13.725909 4.34
13.736784 4.34
13.767423 4.34
13.778177 4.34
13.808659 4.02
13.824784 4.34
13.849784 4.34
13.865784 4.34
13.891064 4.34
13.907188 4.34
13.937785 4.34
13.953911 4.34
13.979188 4.34
13.989911 4.34
14.025785 4.34
14.036535 4.34
14.067065 4.34
14.083065 4.34
14.108428 4.34
14.119178 4.34
14.149536 4.34
14.160412 4.34
14.190536 4.34
14.201412 4.34
14.231536 4.34
14.242411 4.34
14.272537 4.34
14.283412 4.34
14.313537 4.34
14.324413 4.34
14.354788 4.34
14.365537 4.34
14.396190 4.34
14.406914 4.34
14.442663 4.34
14.458538 4.34
14.483914 4.34
14.494788 4.34
14.525431 4.34
14.536181 4.34
14.571540 4.34
14.582414 4.34
14.612539 4.34
14.623415 4.34
14.653539 4.34
14.664415 4.34
14.694665 4.34
14.710540 4.34
14.735791 4.34
14.746540 4.34
14.777067 4.34
14.792917 4.34
14.823666 4.34
14.839666 4.34
14.864917 4.34
14.875791 4.34
14.906435 4.34
14.917184 4.34
14.947542 4.34
14.958417 4.34
14.988667 4.34
15.004792 4.34
15.029918 4.34
15.040793 4.34
15.071438 4.34
15.082186 4.34
15.117544 4.34
15.128418 4.34
15.158543 4.34
15.169418 4.34
15.199544 4.34
15.210419 4.34
15.240544 4.34
15.251419 4.34
15.281544 4.34
15.292419 4.34
15.322544 4.34
15.333420 4.34
15.363545 4.34
15.374420 4.34
15.404545 4.34
15.415420 4.34
15.445545 4.34
15.456421 4.34
15.486546 4.34
15.497421 4.34
15.527546 4.34
15.538421 4.34
15.568546 4.34
15.579421 4.34
15.609796 4.34
15.620547 4.34
15.651047 4.34
15.666924 4.34
15.692439 4.34
15.703187 4.34
15.733547 4.34
15.744423 4.34
15.774548 4.34
15.785423 4.34
15.815548 4.34
15.826423 4.34
15.856549 4.34
15.867423 4.34
15.897549 4.34
15.908424 4.34
15.938549 4.34
15.949424 4.34
15.979549 4.34
15.990424 4.34
16.020550 4.34
16.033051 4.34
16.061550 4.34
16.072425 4.34
16.102550 4.34
16.115051 4.34
16.143550 4.34
16.156051 4.34
16.184551 4.34
16.195426 4.34
16.225551 4.34
16.241676 4.34
16.266551 4.34
16.279082 4.34
16.307552 4.34
16.320083 4.34
16.348552 4.34
16.364677 4.34
16.389552 4.34
16.401946 4.34
16.430552 4.34
16.442946 4.34
16.471552 4.34
16.487553 4.34
16.512553 4.34
16.524931 4.34
16.553553 4.34
16.565930 4.34
16.594554 4.34
16.606930 4.34
16.635554 4.34
16.647931 4.34
16.676554 4.34
16.688931 4.34
16.717555 4.34
16.729932 4.34
16.758555 4.34
16.770931 4.34
16.799555 4.34
16.811932 4.34
16.840555 4.34
16.852932 4.34
16.881556 4.02
16.893932 4.34
16.922556 4.34
16.938681 4.34
16.963556 4.34
16.979682 4.34
17.004557 4.34
17.020557 4.34
17.045557 4.34
17.061557 4.34
17.086557 4.34
17.102682 4.34
17.127682 4.34
17.138433 4.34
17.169057 4.34
17.179808 4.34
17.215683 4.34
17.226433 4.34
17.256808 4.34
17.267684 4.34
17.298324 4.34
17.309325 4.34
17.339559 4.34
17.355559 4.34
17.380684 4.02
17.391435 4.02
17.421936 4.34
17.438060 4.34
17.468685 4.34
17.479435 4.34
17.509937 4.34
17.526060 4.34
17.556685 4.34
17.567436 4.34
17.597937 4.34
17.614061 4.34
17.644686 4.34
17.655436 4.34
17.685938 4.34
17.702080 4.34
17.732687 4.34
17.743436 4.34
17.773939 4.34
17.790080 4.34
17.815214 4.34
17.825939 4.34
17.856563 4.34
17.872688 4.34
17.897688 4.34
17.908437 4.34
17.939090 4.34
17.949813 4.34
17.980218 4.34
17.991093 4.02
18.021564 4.34
18.037689 4.34
18.062689 4.34
18.073439 4.34
18.103940 4.34
18.120093 4.34
18.145219 4.34
18.156094 4.34
18.186565 4.34
18.202565 4.34
18.227691 4.34
18.238440 4.34
18.268942 4.34
18.285083 4.34
18.310084 4.34
18.320942 4.34
18.356692 4.34
18.367441 4.34
18.397817 4.34
18.408567 4.34
18.439220 4.34
18.450084 4.34
18.480442 4.34
18.491207 4.34
18.521443 4.34
18.532211 4.34
18.562442 4.34
18.573212 4.34
18.603568 4.34
18.619693 4.34
18.644694 4.34
18.655443 4.34
18.685944 4.34
18.702084 4.34
18.728948 4.34
18.739819 4.34
18.775694 4.34
18.786444 4.34
18.816945 4.34
18.833087 4.34
18.863695 4.34
18.874444 4.34
18.904946 4.34
18.920946 4.34
18.951695 4.34
18.962445 4.34
18.992821 4.34
19.003571 4.34
19.035950 4.34
19.046821 4.34
19.082697 4.34
19.093446 4.34
19.123948 4.34
19.140107 4.34
19.170697 4.34
19.181447 4.34
19.211965 4.34
19.228088 4.34
19.254826 4.34
19.265573 4.34
19.297828 4.34
19.308573 4.34
19.340828 4.34
19.351698 4.34
19.383828 4.34
19.394574 4.34
19.426828 4.34
19.437574 4.34
19.473466 4.34
19.485829 4.34
19.514450 4.34
19.526829 4.34
19.555450 4.34
19.567829 4.34
19.596575 4.34
19.612700 4.34
19.637700 4.34
19.648450 4.34
19.678825 4.34
19.694826 4.34
19.725467 4.34
19.741466 4.34
19.766701 4.34
19.777451 4.34
19.807953 4.34
19.818827 4.34
19.850858 4.34
19.861577 4.34
19.897578 4.34
19.908469 4.34
19.938827 4.34
19.951346 4.34
19.985452 4.34
20.001327 4.34
20.026452 4.34
20.038828 4.34
20.067452 4.34
20.079829 4.34
20.108453 4.34
20.124327 4.34
20.149453 4.34
20.161830 4.34
20.190453 4.02
20.206328 4.34
20.231453 4.34
20.247329 4.02
20.272453 4.34
20.284830 4.34
20.313454 4.34
20.329329 4.34
20.354454 4.34
20.366831 4.34
20.395454 4.34
20.411329 4.34
20.436454 4.34
20.452330 4.34
20.477455 4.34
20.493330 4.34
20.518455 4.34
20.534331 4.34
20.559456 4.34
20.575331 4.34
20.600456 4.34
20.616332 4.34
20.641456 4.34
20.657331 4.34
20.682456 4.34
20.698332 4.34
20.723457 4.34
20.739332 4.34
20.764457 4.34
20.780332 4.34
20.805457 4.34
20.821333 4.34
20.846458 4.34
20.862333 4.34
20.887458 4.34
20.903333 4.34
20.928458 4.34
20.944333 4.34
20.969459 4.34
20.985334 4.34
21.010459 4.34
21.026334 4.34
21.051459 4.34
21.067334 4.34
21.092459 4.34
21.108334 4.34
21.133460 4.34
21.149335 4.34
21.174460 4.34
21.190335 4.34
21.215460 4.34
21.231335 4.34
21.256460 4.34
21.272336 4.34
21.297461 4.34
21.313336 4.34
21.338461 4.34
21.354337 4.34
21.379461 4.34
21.395337 4.34
21.420462 4.34
21.436337 4.34
21.461462 4.34
21.477337 4.34
21.502462 4.34
21.518337 4.34
21.543462 4.34
21.559338 4.34
21.584463 4.34
21.600338 4.34
21.625463 4.34
21.641338 4.34
21.666464 4.34
21.682339 4.34
21.707464 4.34
21.723339 4.34
21.748464 4.34
21.764339 4.34
21.789464 4.34
21.805340 4.34
21.830464 4.34
21.846340 4.34
21.871465 4.34
21.887340 4.34
21.912465 4.34
21.928340 4.34
21.953466 4.34
21.969341 4.34
21.994466 4.34
22.010341 4.34
22.035466 4.34
22.051341 4.34
22.076466 4.34
22.092342 4.34
22.117466 4.34
22.133342 4.34
22.158467 4.34
22.174343 4.34
22.199467 4.34
22.215342 4.34
22.240467 4.34
22.256343 4.34
22.281468 4.34
22.297343 4.34
22.322468 4.34
22.338343 4.34
22.363468 4.34
22.379344 4.34
22.404469 4.34
22.420344 4.34
22.445469 4.34
22.461345 4.34
22.486469 4.34
22.502345 4.34
22.527470 4.34
22.543345 4.34
22.568470 4.34
22.584345 4.34
22.609470 4.34
22.625345 4.34
22.650470 4.34
22.666346 4.34
22.691471 4.34
22.707346 4.34
22.732471 4.34
22.748346 4.34
22.773471 4.34
22.789347 4.34
22.814472 4.34
22.825222 4.34
22.855472 4.34
22.866222 4.34
22.896472 4.34
22.907222 4.34
22.937472 4.34
22.948223 4.34
22.978473 4.34
22.989223 4.34
23.019473 4.34
23.030223 4.34
23.060474 4.34
23.071223 4.34
23.101474 4.34
23.112224 4.34
23.142474 4.34
23.153224 4.34
23.183474 4.34
23.199350 4.34
23.224474 4.34
23.235225 4.34
23.265475 4.34
23.276225 4.34
23.306475 4.34
23.317225 4.34
23.347475 4.34
23.358225 4.34
23.388476 4.34
23.399226 4.34
23.429476 4.34
23.440226 4.34
23.470476 4.34
23.481227 4.34
23.511477 4.34
23.522227 4.34
23.552477 4.34
23.563227 4.34
23.593477 4.34
23.604228 4.34
23.634477 4.34
23.645227 4.34
23.675478 4.34
23.686228 4.34
23.716478 4.34
23.727228 4.34
23.757478 4.34
23.768229 4.34
23.798479 4.34
23.809229 4.34
23.839479 4.34
23.850229 4.34
23.880480 4.34
23.891229 4.34
23.921480 4.34
23.932229 4.34
23.962479 4.34
23.973230 4.34
24.003480 4.34
24.014230 4.34
24.044480 4.34
24.055231 4.34
24.085481 4.34
24.096231 4.34
24.126481 4.34
24.137231 4.34
24.167481 4.34
24.178231 4.34
24.208481 4.34
24.219232 4.34
24.249482 4.34
24.260232 4.02
24.290482 4.34
24.301233 4.34
24.331482 4.34
24.342233 4.34
24.372483 4.34
24.383233 4.34
24.413483 4.34
24.424233 4.34
24.454483 4.34
24.465234 4.34
24.495484 4.34
24.506234 4.34
24.536484 4.34
24.547234 4.34
24.577484 4.34
24.588235 4.34
24.618485 4.34
24.629235 4.34
24.659611 4.34
24.670379 4.34
24.700736 4.34
24.716737 4.34
24.743738 4.34
24.754487 4.34
24.786738 4.34
24.797612 4.34
24.829738 4.02
24.840613 4.34
24.872739 4.34
24.883613 4.34
24.915623 4.34
24.926380 4.34
24.956863 4.34
24.967613 4.34
24.998265 4.34
25.014382 4.34
25.039614 4.34
25.051989 4.34
25.080739 4.34
25.096740 4.34
25.123616 4.34
25.134380 4.34
25.164740 4.34
25.180740 4.34
25.211145 4.34
25.223616 4.34
25.252616 4.34
25.264991 4.34
25.293741 4.34
25.309741 4.34
25.334866 4.34
25.345741 4.34
25.376270 4.34
25.392386 4.34
25.417616 4.34
25.433617 4.34
25.458741 4.34
25.469617 4.34
25.505385 4.34
25.516132 4.34
25.546618 4.34
25.562493 4.34
25.587743 4.34
25.598494 4.34
25.634385 4.02
25.645136 4.34
25.675385 4.34
25.686145 4.34
25.716619 4.34
25.732619 4.34
25.757744 4.34
25.768619 4.34
25.804385 4.34
25.815150 4.34
25.845620 4.34
25.861620 4.02
25.886745 4.34
25.897620 4.34
25.933263 4.34
25.949387 4.34
25.974621 4.34
25.990496 4.34
26.015746 4.34
26.026621 4.34
26.062387 4.34
26.073148 4.34
26.103621 4.34
26.119621 4.34
26.144747 4.34
26.155622 4.34
26.191151 4.34
26.207151 4.34
26.232498 4.34
26.243265 4.34
26.273623 4.34
26.289623 4.34
26.314748 4.34
26.325498 4.34
26.361150 4.34
26.377152 4.34
26.402499 4.34
26.413391 4.34
26.443624 4.34
26.459624 4.34
26.484749 4.34
26.495625 4.34
26.531390 4.34
26.542154 4.34
26.572625 4.34
26.588500 4.34
26.613750 4.34
26.624625 4.34
26.660153 4.34
26.676156 4.34
26.701501 4.34
26.712391 4.34
26.742501 4.34
26.753395 4.34
26.783626 4.34
26.799627 4.34
26.824752 4.34
26.835627 4.34
26.871269 4.34
26.887156 4.34
26.912627 4.34
26.928628 4.34
26.953753 4.34
26.964628 4.34
27.000393 4.34
27.011157 4.02
27.041628 4.34
27.057504 4.34
27.082753 4.34
27.093504 4.34
27.129396 4.34
27.140158 4.34
27.170629 4.34
27.186504 4.34
27.211754 4.34
27.222630 4.34
27.258396 4.34
27.269160 4.34
27.299630 4.34
27.315505 4.34
27.340755 4.34
27.351631 4.34
27.382159 4.34
27.398158 4.34
27.423397 4.34
27.434158 4.34
27.464506 4.34
27.477033 4.34
27.505631 4.34
27.521632 4.34
27.546756 4.34
27.557632 4.34
27.588159 4.34
27.604160 4.34
27.629508 4.34
27.642037 4.34
27.670633 4.34
27.686633 4.34
27.711758 4.34
27.722508 4.34
27.753163 4.34
27.769163 4.34
27.794401 4.34
27.805163 4.34
27.835509 4.34
27.847885 4.34
27.876634 4.34
27.892634 4.34
27.917759 4.34
27.928634 4.34
27.959166 4.34
27.975162 4.34
28.000510 4.34
28.012888 4.34
28.041510 4.34
28.053888 4.34
28.082511 4.34
28.094888 4.34
28.123511 4.34
28.139401 4.34
28.164511 4.34
28.176895 4.34
28.205637 4.34
28.221637 4.34
28.246762 4.34
28.257512 4.34
28.293164 4.34
28.309039 4.34
28.334513 4.34
28.346889 4.34
28.375513 4.34
28.391405 4.34
28.416513 4.34
28.432513 4.34
28.457639 4.02
28.473514 4.34
28.498764 4.34
28.509638 4.34
28.545168 4.34
28.561168 4.34
28.586515 4.34
28.602389 4.34
28.627514 4.34
28.643390 4.34
28.668515 4.34
28.684390 4.34
28.709640 4.34
28.725515 4.34
28.750765 4.34
28.761515 4.34
28.797157 4.34
28.813044 4.34
28.838408 4.34
28.849157 4.34
28.879642 4.34
28.895516 4.34
28.920766 4.34
28.931517 4.34
28.967170 4.34
28.983172 4.34
29.008517 4.34
29.024517 4.34
29.049517 4.34
29.065393 4.34
29.090643 4.34
29.106643 4.34
29.131768 4.34
29.142518 4.34
29.173173 4.34
29.189047 4.34
29.214411 4.34
29.225160 4.34
29.255644 4.34
29.271519 4.34
29.296769 4.34
29.307644 4.34
29.343162 4.34
29.359163 4.34
29.384520 4.34
29.400395 4.34
29.425519 4.34
29.441520 4.34
29.466520 4.34
29.482396 4.34
29.507520 4.34
29.523396 4.34
29.548521 4.34
29.564396 4.34
29.589646 4.34
29.605521 4.34
29.630772 4.34
29.641646 4.34
29.677174 4.34
29.693049 4.34
29.718522 4.34
29.734522 4.34
29.759522 4.34
29.775523 4.34
29.800523 4.34
29.816398 4.34
29.841523 4.34
29.857398 4.34
29.882523 4.34
29.898523 4.34
29.923649 4.34
29.939649 4.34
29.966525 4.34
29.977417 4.34
30.007524 4.34
30.023524 4.34
30.048524 4.34
30.064400 4.34
30.089525 4.34
30.105400 4.34
30.130525 4.34
30.146401 4.34
30.171525 4.34
30.187400 4.34
30.212526 4.34
30.228526 4.34
30.253526 4.34
30.269527 4.34
30.294527 4.34
30.310526 4.34
30.335526 4.34
30.351527 4.34
30.376527 4.34
30.392402 4.34
30.417527 4.34
30.433402 4.34
30.458527 4.34
30.474403 4.34
30.499528 4.34
30.515403 4.34
30.540528 4.34
30.556528 4.34
30.581528 4.34
30.597528 4.34
30.622528 4.34
30.638404 4.34
30.663529 4.34
30.679404 4.34
30.704529 4.34
30.715405 4.34
30.745654 4.34
30.756405 4.34
30.788405 4.34
30.799173 4.34
30.829530 4.34
30.845405 4.34
30.870530 4.34
30.881420 4.34
30.911531 4.34
30.922406 4.34
30.952531 4.34
30.963406 4.34
30.993531 4.34
31.004406 4.34
31.034532 4.34
31.045407 4.34
31.075657 4.34
31.086407 4.34
31.121908 4.34
31.134408 4.34
31.163426 4.34
31.179424 4.34
31.204533 4.34
31.215423 4.34
31.245533 4.34
31.256408 4.34
31.286783 4.34
31.297784 4.34
31.328302 4.34
31.339188 4.34
31.369659 4.34
31.380534 4.34
31.415911 4.34
31.431911 4.34
31.457426 4.34
31.473428 4.34
31.498535 4.34
31.509410 4.34
31.539536 4.34
31.550410 4.34
31.580535 4.34
31.591411 4.34
31.621535 4.34
31.632411 4.34
31.662536 4.34
31.673411 4.34
31.703536 4.34
31.714412 4.34
31.744537 4.34
31.755412 4.34
31.785537 4.34
31.796412 4.34
31.826538 4.34
31.837412 4.34
31.867537 4.34
31.878413 4.34
31.908538 4.34
31.919413 4.34
31.949663 4.34
31.960538 4.34
31.995914 4.34
32.011914 4.34
32.037432 4.34
32.053431 4.34
32.078414 4.34
32.094429 4.34
32.119539 4.34
32.135539 4.34
32.160540 4.34
32.171415 4.34
32.201540 4.34
32.212415 4.34
32.242665 4.34
32.253540 4.34
32.289059 4.34
32.305056 4.34
32.330434 4.34
32.346433 4.34
32.371416 4.34
32.387416 4.02
32.412416 4.34
32.428435 4.34
32.453416 4.34
32.469542 4.34
32.494417 4.34
32.510417 4.34
32.535417 4.34
32.551418 4.34
32.576418 4.34
32.592435 4.34
32.617418 4.34
32.633418 4.34
32.658418 4.34
32.674418 4.34
32.699418 4.34
32.715434 4.34
32.740419 4.34
32.756544 4.34
32.781419 4.34
32.797419 4.34
32.822419 4.34
32.838420 4.34
32.863420 4.34
32.879436 4.34
32.904420 4.34
32.920420 4.34
32.945420 4.34
32.961420 4.34
32.986421 4.34
33.002435 4.34
33.027421 4.34
33.043546 4.34
33.068421 4.34
33.084421 4.34
33.109422 4.34
33.125422 4.34
33.150422 4.34
33.166422 4.34
33.191422 4.34
33.207422 4.34
33.232422 4.34
33.248423 4.34
33.273422 4.34
33.289440 4.34
33.314423 4.34
33.330548 4.34
33.355423 4.34
33.371423 4.34
33.396424 4.34
33.412424 4.34
33.437424 4.34
33.453424 4.34
33.478424 4.34
33.494424 4.34
33.519424 4.34
33.535424 4.34
33.560424 4.34
33.576443 4.34
33.601425 4.34
33.617550 4.34
33.642425 4.34
33.658426 4.34
33.683426 4.34
33.699426 4.34
33.724426 4.34
33.740426 4.34
33.765426 4.34
33.781427 4.34
33.806426 4.34
33.822427 4.34
33.847427 4.34
33.863444 4.34
33.888427 4.34
33.899193 4.34
33.929427 4.34
33.940204 4.34
33.970428 4.34
33.981196 4.34
34.011428 4.34
34.022193 4.34
34.052428 4.34
34.063196 4.34
34.093428 4.34
34.104197 4.34
34.134429 4.34
34.145195 4.34
34.175429 4.34
34.186198 4.34
34.216430 4.34
34.227195 4.34
34.257430 4.34
34.268195 4.34
34.298430 4.34
34.309198 4.34
34.339430 4.34
34.350196 4.34
34.380430 4.34
34.391198 4.34
34.421431 4.34
34.432198 4.34
34.462431 4.34
34.473198 4.34
34.503432 4.34
34.514196 4.34
34.544432 4.34
34.555198 4.34
34.585432 4.34
34.596200 4.34
34.626432 4.34
34.637199 4.34
34.667432 4.34
34.678198 4.34
34.708558 4.34
34.719433 4.34
34.754808 4.34
34.765558 4.34
34.796210 4.34
34.806934 4.34
34.837559 4.34
34.848433 4.34
34.883809 4.34
34.894559 4.34
34.925213 4.34
34.936059 4.34
34.966452 4.34
34.982560 4.34
35.007560 4.34
35.018435 4.34
35.053810 4.34
35.064560 4.34
35.095214 4.34
35.105936 4.34
35.136561 4.34
35.147436 4.34
35.182811 4.34
35.193562 4.34
35.224214 4.34
35.235077 4.34
35.265562 4.34
35.276454 4.34
35.311813 4.34
35.322687 4.34
35.353216 4.34
35.364077 4.34
35.394563 4.34
35.405438 4.34
35.440813 4.34
35.451563 4.34
35.482215 4.34
35.494814 4.34
35.523564 4.34
35.534439 4.34
35.569814 4.34
35.582315 4.34
35.611216 4.34
35.621941 4.34
35.652565 4.34
35.663440 4.34
35.698815 4.34
35.709565 4.34
35.740219 4.34
35.752690 4.34
35.781565 4.34
35.792441 4.34
35.827816 4.34
35.840317 4.34
35.869221 4.34
35.881816 4.34
35.910456 4.34
35.921210 4.34
35.951442 4.34
35.962209 4.34
35.992567 4.34
36.003442 4.34
36.038817 4.34
36.051318 4.34
36.080220 4.34
36.096222 4.34
36.121443 4.34
36.132335 4.34
36.162443 4.34
36.173210 4.34
36.203444 4.34
36.214208 4.34
36.244569 4.34
36.255444 4.34
36.290819 4.34
36.306819 4.34
36.332224 4.34
36.348096 4.34
36.373569 4.34
36.384445 4.34
36.419820 4.34
36.432196 4.34
36.461225 4.34
36.477212 4.34
36.502571 4.34
36.513446 4.34
36.548821 4.34
36.561198 4.34
36.590226 4.34
36.606572 4.34
36.631446 4.34
36.642215 4.34
36.672447 4.34
36.683212 4.34
36.713572 4.34
36.724447 4.34
36.759822 4.34
36.775697 4.34
36.801226 4.34
36.817465 4.34
36.842448 4.34
36.853340 4.34
36.883573 4.34
36.894448 4.34
36.929824 4.34
36.945824 4.34
36.971226 4.34
36.987092 4.34
37.012467 4.34
37.023216 4.34
37.058825 4.34
37.074699 4.34
37.100227 4.34
37.116090 4.34
37.141575 4.34
37.152450 4.34
37.187825 4.34
37.203701 4.34
37.229104 4.34
37.239952 4.34
37.270451 4.34
37.281216 4.34
37.311576 4.34
37.322451 4.34
37.357826 4.34
37.373827 4.34
37.399231 4.34
37.415231 4.34
37.440577 4.34
37.451452 4.34
37.486828 4.34
37.502703 4.34
37.528232 4.34
37.544231 4.34
37.569453 4.34
37.580220 4.34
37.610453 4.34
37.621219 4.34
37.651454 4.34
37.662221 4.34
37.692579 4.34
37.703454 4.34
37.738829 4.34
37.754829 4.34
37.780231 4.34
37.796098 4.34
37.821455 4.34
37.832220 4.34
37.862580 4.34
37.873455 4.34
37.908830 4.34
37.924830 4.34
37.950234 4.34
37.966236 4.34
37.991581 4.34
38.002456 4.34
38.037831 4.34
38.053706 4.34
38.079244 4.34
38.095237 4.34
38.120457 4.34
38.131225 4.34
38.163209 4.34
38.173958 4.34
38.206208 4.34
38.217110 4.34
38.247473 4.34
38.258225 4.34
38.290209 4.34
38.301112 4.34
38.331474 4.34
38.342227 4.34
38.374209 4.34
38.384960 4.34
38.417210 4.34
38.427960 4.34
38.460211 4.34
38.471111 4.34
38.501477 4.34
38.512225 4.34
38.547835 4.34
38.563835 4.34
38.589237 4.34
38.605114 4.34
38.632212 4.34
38.642962 4.34
38.675212 4.34
38.685961 4.34
38.716477 4.34
38.727226 4.34
38.759213 4.34
38.769962 4.34
38.802213 4.34
38.812963 4.34
38.845213 4.34
38.856117 4.34
38.886481 4.34
38.897231 4.34
38.927713 4.34
38.940214 4.34
38.971964 4.34
38.982838 4.34
39.013479 4.34
39.024229 4.34
39.054713 4.34
39.067215 4.34
39.095981 4.34
39.106839 4.34
39.137245 4.34
39.153242 4.34
39.183839 4.34
39.199840 4.34
39.225244 4.34
39.241119 4.34
39.271715 4.34
39.287841 4.34
39.312996 4.34
39.323841 4.34
39.354481 4.34
39.365356 4.34
39.395716 4.34
39.411841 4.34
39.436985 4.34
39.447841 4.34
39.478245 4.34
39.494246 4.34
39.524842 4.34
39.540717 4.34
39.566247 4.34
39.576969 4.34
39.612843 4.34
39.623592 4.34
39.654248 4.34
39.664970 4.34
39.700718 4.34
39.716593 4.34
39.741970 4.34
39.752844 4.34
39.783487 4.34
39.794237 4.34
39.824719 4.34
39.840719 4.34
39.865971 4.34
39.876844 4.34
39.907250 4.34
39.918125 4.34
39.953845 4.34
39.964720 4.34
39.995247 4.34
40.006124 4.34
40.041846 4.34
40.052596 4.34
40.083249 4.34
40.094127 4.34
40.129596 4.34
40.140489 4.34
40.170721 4.34
40.186721 4.34
40.211974 4.34
40.222847 4.34
40.253252 4.34
40.264125 4.34
40.299847 4.34
40.310598 4.34
40.341251 4.34
40.352128 4.34
40.387848 4.34
40.398598 4.34
40.429253 4.34
40.440125 4.34
40.475849 4.34
40.486598 4.34
40.517254 4.34
40.528126 4.34
40.563849 4.34
40.574600 4.34
40.605255 4.34
40.616127 4.34
40.651850 4.34
40.662726 4.34
40.693255 4.34
40.704130 4.34
40.739851 4.34
40.750601 4.34
40.781255 4.34
40.792129 4.34
40.827851 4.34
40.838726 4.34
40.869254 4.34
40.880130 4.34
40.915727 4.34
40.931852 4.34
40.960008 4.34
40.972602 4.34
41.001493 4.34
41.012246 4.34
41.042728 4.34
41.058728 4.34
41.083980 4.34
41.094729 4.34
41.125257 4.34
41.136133 4.34
41.171854 4.34
41.182604 4.34
41.213258 4.34
41.224133 4.34
41.259855 4.34
41.270604 4.34
41.301258 4.34
41.312132 4.34
41.347730 4.34
41.363730 4.34
41.388982 4.34
41.399855 4.34
41.430260 4.34
41.441135 4.34
41.476856 4.34
41.487731 4.34
41.518261 4.34
41.529136 4.34
41.564857 4.34
41.575606 4.34
41.606260 4.34
41.617135 4.34
41.652733 4.34
41.668857 4.34
41.693858 4.34
41.704607 4.34
41.735262 4.34
41.746138 4.34
41.781858 4.34
41.792608 4.34
41.823263 4.34
41.834138 4.34
41.869734 4.34
41.885859 4.34
41.910859 4.34
41.921734 4.34
41.952264 4.34
41.962985 4.34
41.998735 4.34
42.014860 4.34
42.040015 4.34
42.056140 4.34
42.086735 4.34
42.102860 4.34
42.127861 4.34
42.138611 4.34
42.169265 4.34
42.180140 4.34
42.215736 4.34
42.231861 4.34
42.256987 4.34
42.269487 4.34
42.298377 4.34
42.309130 4.34
42.344862 4.34
42.355612 4.34
42.386380 4.34
42.397131 4.34
42.427613 4.34
42.439989 4.34
42.468738 4.34
42.479613 4.34
42.509989 4.34
42.522489 4.34
42.551254 4.34
42.561989 4.34
42.592614 4.34
42.608614 4.34
42.633740 4.34
42.644489 4.34
42.674990 4.34
42.690990 4.34
42.716256 4.34
42.726990 4.34
42.757490 4.34
42.768258 4.34
42.798490 4.34
42.809256 4.34
42.839490 4.34
42.850259 4.34
42.880491 4.34
42.891259 4.34
42.921616 4.34
42.937617 4.34
42.962742 4.34
42.973492 4.34
43.004146 4.34
43.014992 4.34
43.050618 4.34
43.066618 4.34
43.091743 4.34
43.102618 4.34
43.133118 4.34
43.143876 4.34
43.179618 4.34
43.195511 4.34
43.220743 4.34
43.231618 4.34
43.262147 4.34
43.272994 4.34
43.308619 4.34
43.324619 4.34
43.349745 4.34
43.360619 4.34
43.391149 4.34
43.401878 4.34
43.437620 4.34
43.453620 4.34
43.478745 4.34
43.489621 4.34
43.520148 4.34
43.530878 4.02
43.566621 4.34
43.582746 4.34
43.607746 4.02
43.618621 4.34
43.649150 4.34
43.660024 4.34
43.695747 4.34
43.706497 4.34
43.737149 4.34
43.747879 4.34
43.783747 4.34
43.799748 4.34
43.825027 4.34
43.841152 4.34
43.871748 4.34
43.882623 4.34
43.913150 4.34
43.923877 4.34
43.954499 4.34
43.965391 4.34
43.995499 4.34
44.006391 4.34
44.036624 4.02
44.052624 4.34
44.077749 4.34
44.088625 4.02
44.119027 4.34
44.135035 4.34
44.165750 4.34
44.176500 4.34
44.207029 4.34
44.223153 4.34
44.253751 4.34
44.264501 4.34
44.295028 4.34
44.311155 4.34
44.341752 4.34
44.352627 4.34
44.383156 4.34
44.394031 4.34
44.429752 4.34
44.440503 4.34
44.471157 4.34
44.482032 4.34
44.517628 4.34
44.533752 4.34
44.558753 4.34
44.569628 4.34
44.600157 4.34
44.611032 4.34
44.646754 4.34
44.657503 4.34
44.688158 4.34
44.698886 4.34
44.734754 4.34
44.745629 4.34
44.776156 4.34
44.786885 4.34
44.822755 4.34
44.833505 4.34
44.864161 4.34
44.875034 4.34
44.910756 4.34
44.921506 4.34
44.952161 4.34
44.962885 4.34
44.993506 4.34
45.005884 4.34
45.034631 4.34
45.050632 4.34
45.075757 4.34
45.086507 4.34
45.117159 4.34
45.127885 4.34
45.158507 4.34
45.170884 4.34
45.199633 4.34
45.215633 4.34
45.240758 4.34
45.251633 4.34
45.282162 4.34
45.293035 4.34
45.323508 4.34
45.335886 4.34
45.364633 4.34
45.375509 4.34
45.405759 4.34
45.416509 4.34
45.447039 4.34
45.457885 4.34
45.488510 4.34
45.504635 4.34
45.529510 4.34
45.545635 4.34
45.570636 4.34
45.581400 4.02
45.611761 4.34
45.622510 4.34
45.653163 4.34
45.663888 4.34
45.694511 4.34
45.710636 4.34
45.735636 4.34
45.746402 4.34
45.776761 4.34
45.787636 4.34
45.818165 4.34
45.829041 4.34
45.859512 4.34
45.875638 4.34
45.900638 4.34
45.911388 4.34
45.941763 4.34
45.952638 4.34
45.983042 4.34
45.993763 4.34
46.024514 4.34
46.040639 4.34
46.065639 4.34
46.076406 4.34
46.106764 4.34
46.117639 4.34
46.148169 4.34
46.158891 4.34
46.189405 4.34
46.200157 4.34
46.230640 4.34
46.241515 4.34
46.271765 4.34
46.282640 4.34
46.313046 4.34
46.323892 4.34
46.354516 4.34
46.370641 4.34
46.395516 4.34
46.411641 4.34
46.436641 4.34
46.447391 4.34
46.477766 4.34
46.488517 4.34
46.519046 4.34
46.529893 4.34
46.560518 4.34
46.576643 4.34
46.601643 4.34
46.612518 4.34
46.642768 4.34
46.653643 4.34
46.684048 4.34
46.694895 4.34
46.725519 4.34
46.741644 4.34
46.766519 4.34
46.782644 4.34
46.807644 4.34
46.818394 4.34
46.848769 4.34
46.859644 4.34
46.890173 4.02
46.901049 4.34
46.931520 4.34
46.947645 4.34
46.972645 4.34
46.983395 4.34
47.013771 4.34
47.024520 4.34
47.055049 4.34
47.065897 4.34
47.096521 4.34
47.112646 4.34
47.137521 4.34
47.153647 4.34
47.178647 4.34
47.189522 4.34
47.219772 4.34
47.230523 4.34
47.261290 4.34
47.272178 4.34
47.302647 4.34
47.313523 4.34
47.343773 4.34
47.354648 4.34
47.385050 4.34
47.395773 4.34
47.431649 4.34
47.442524 4.34
47.472774 4.34
47.483523 4.34
47.515904 4.34
47.526774 4.34
47.558904 4.34
47.569774 4.02
47.605650 4.34
47.616525 4.34
47.646775 4.34
47.659169 4.34
47.689780 4.34
47.700525 4.34
47.736663 4.34
47.747534 4.34
47.779791 4.34
47.790782 4.34
47.826656 4.34
47.837530 4.34
47.869814 4.34
47.880779 4.34
47.916653 4.34
47.927528 4.34
47.957934 4.34
47.974057 4.34
48.004653 4.34
48.015527 4.34
48.045921 4.34
48.061922 4.34
48.092653 4.34
48.103534 4.34
48.135804 4.68
48.146783 4.68
48.182657 4.68
48.193532 4.68
48.223907 4.68
48.234780 4.68
48.270656 4.68
48.281530 4.68
48.311780 4.68
48.327780 4.68
48.353058 4.68
48.363906 4.68
48.394530 4.68
48.405420 4.68
48.435531 4.68
48.446406 4.68
48.476531 4.68
48.487421 4.68
48.517532 4.68
48.528407 4.68
48.558532 4.68
48.569407 4.68
48.599531 4.68
48.610407 4.68
48.640532 4.68
48.651407 4.68
48.681532 4.68
48.692407 4.68
48.722533 4.68
48.733408 4.68
48.763533 4.68
48.774408 4.68
48.804534 4.68
48.815408 4.68
48.845534 4.68
48.856408 4.68
48.886534 4.68
48.897410 4.68
48.927534 4.68
48.938409 4.68
48.968534 4.68
48.979410 4.68
49.009535 4.68
49.020410 4.68
49.050535 4.68
49.061410 4.68
49.091535 4.68
49.102411 4.68
49.132536 4.68
49.143411 4.68
49.173536 4.68
49.184411 4.68
49.214536 4.68
49.225411 4.68
49.255537 4.68
49.266412 4.68
49.296787 4.68
49.312786 4.68
49.343427 4.68
49.359429 4.68
49.384537 4.68
49.395412 4.68
49.425538 4.68
49.436413 4.68
49.466538 4.68
49.477413 4.68
49.507538 4.68
49.518414 4.68
49.548539 4.68
49.559413 4.68
49.589538 4.68
49.600414 4.68
49.630539 4.68
49.641414 4.68
49.671539 4.68
49.682414 4.68
49.712540 4.68
49.723415 4.68
49.753540 4.68
49.764415 4.68
49.794665 4.68
49.805540 4.68
49.835946 4.68
49.846791 4.68
49.877431 4.68
49.893541 4.68
49.918666 4.68
49.929416 4.68
49.959792 4.68
49.975792 4.68
50.002796 4.68
50.013542 4.68
50.044071 4.68
50.054792 4.68
50.085435 4.68
50.101434 4.68
50.126543 4.68
50.137418 4.68
50.167543 4.68
50.178418 4.68
50.208543 4.68
50.219418 4.68
50.249543 4.68
50.260419 4.68
50.290544 4.68
50.301419 4.68
50.331544 4.68
50.342419 4.68
50.372544 4.68
50.383420 4.68
50.413545 4.68
50.424420 4.68
50.454545 4.68
50.465420 4.68
50.495545 4.68
50.506420 4.68
50.536545 4.68
50.547420 4.68
50.577546 4.68
50.588421 4.68
50.618546 4.68
50.629421 4.68
50.659547 4.68
50.670422 4.68
50.700547 4.68
50.711422 4.68
50.741547 4.68
50.752423 4.68
50.782547 4.68
50.793423 4.68
50.823547 4.68
50.834422 4.68
50.864548 4.68
50.875423 4.68
50.905548 4.68
50.916423 4.68
50.946549 4.68
50.957424 4.68
50.987549 4.68
50.998424 4.68
51.028549 4.68
51.039424 4.68
51.069549 4.68
51.080425 4.68
51.110549 4.68
51.121425 4.68
51.151550 4.68
51.162425 4.68
51.192550 4.68
51.203425 4.68
51.233550 4.68
51.244426 4.68
51.274551 4.68
51.285426 4.68
51.315551 4.68
51.326316 4.68
51.356676 4.68
51.372551 4.68
51.397802 4.68
51.408677 4.68
51.444195 4.68
51.454957 4.68
51.485427 4.68
51.496319 4.68
51.526428 4.68
51.537195 4.68
51.567428 4.68
51.578193 4.68
51.608428 4.68
51.619195 4.68
51.649429 4.68
51.660196 4.68
51.690429 4.68
51.701196 4.68
51.731430 4.68
51.742194 4.68
51.772429 4.68
51.783198 4.68
51.813430 4.68
51.824195 4.68
51.854430 4.68
51.865322 4.68
51.895431 4.68
51.906197 4.68
51.936448 4.68
51.947321 4.68
51.977556 4.68
51.988431 4.68
52.018556 4.68
52.029432 4.68
52.059556 4.68
52.070432 4.68
52.100556 4.68
52.111432 4.68
52.141557 4.68
52.152432 4.68
52.182557 4.68
52.193432 4.68
52.223682 4.68
52.239558 4.68
52.264934 4.68
52.275808 4.68
52.306450 4.68
52.317200 4.68
52.347684 4.68
52.363558 4.68
52.388809 4.68
52.399684 4.68
52.435451 4.68
52.446201 4.68
52.476684 4.68
52.492559 4.68
52.517936 4.68
52.528810 4.68
52.559451 4.68
52.570203 4.68
52.600685 4.68
52.616560 4.68
52.641937 4.68
52.652811 4.68
52.683214 4.68
52.699203 4.68
52.724561 4.68
52.735436 4.68
52.765687 4.68
52.781686 4.68
52.809938 4.68
52.820812 4.68
52.856453 4.68
52.867204 4.68
52.897563 4.68
52.910092 4.68
52.938688 4.68
52.954688 4.68
52.981698 4.68
52.992563 4.68
53.024698 4.68
53.035439 4.68
53.067699 4.68
53.078564 4.68
53.110699 4.68
53.121439 4.68
53.151814 4.68
53.162689 4.68
53.193219 4.68
53.209331 4.68
53.234565 4.68
53.247095 4.68
53.275690 4.68
53.291691 4.68
53.318575 4.68
53.329457 4.68
53.359691 4.68
53.375566 4.68
53.402576 4.68
53.413457 4.68
53.443691 4.68
53.459691 4.68
53.486576 4.68
53.497463 4.68
53.527692 4.68
53.543692 4.68
53.570577 4.68
53.581458 4.68
53.611818 4.68
53.622568 4.68
53.653222 4.68
53.669333 4.68
53.694443 4.68
53.705208 4.68
53.735569 4.68
53.747945 4.68
53.776694 4.68
53.787569 4.68
53.823099 4.68
53.839087 4.68
53.864445 4.68
53.875211 4.68
53.905445 4.68
53.916212 4.68
53.946570 4.68
53.958946 4.68
53.987695 4.68
53.998445 4.68
54.034100 4.68
54.050099 4.68
54.075463 4.68
54.086213 4.68
54.116696 4.68
54.127571 4.68
54.163088 4.68
54.173821 4.68
54.204465 4.68
54.215214 4.68
54.245697 4.68
54.256572 4.68
54.292101 4.68
54.308089 4.68
54.333573 4.68
54.349448 4.68
54.374697 4.68
54.385573 4.68
54.421103 4.68
54.437088 4.68
54.462463 4.68
54.473216 4.68
54.503699 4.68
54.514449 4.68
54.544824 4.68
54.555574 4.68
54.586226 4.68
54.602103 4.68
54.627450 4.68
54.638216 4.68
54.668450 4.68
54.679219 4.68
54.709450 4.68
54.720217 4.68
54.750451 4.68
54.761219 4.68
54.791451 4.68
54.802217 4.68
54.832451 4.68
54.843219 4.68
54.873577 4.68
54.889452 4.68
54.914702 4.68
54.925452 4.68
54.961094 4.68
54.971827 4.68
55.002468 4.68
55.013220 4.68
55.043702 4.68
55.054578 4.68
55.090106 4.68
55.100828 4.68
55.131470 4.68
55.142222 4.68
55.172453 4.68
55.183219 4.68
55.213579 4.68
55.229454 4.68
55.254705 4.68
55.265454 4.68
55.301109 4.68
55.317098 4.68
55.342470 4.68
55.353223 4.68
55.383705 4.68
55.394580 4.68
55.430096 4.68
55.440831 4.68
55.471471 4.68
55.482224 4.68
55.512706 4.68
55.523456 4.68
55.559108 4.68
55.571583 4.68
55.600582 4.68
55.616582 4.68
55.641707 4.68
55.652457 4.68
55.688100 4.68
55.704098 4.68
55.729476 4.68
55.741978 4.68
55.770708 4.68
55.781458 4.68
55.813585 4.68
55.824475 4.68
55.854709 4.68
55.865584 4.68
55.897586 4.68
55.908476 4.68
55.938709 4.68
55.949459 4.68
55.979709 4.68
55.990460 4.68
56.026112 4.68
56.038616 4.68
56.067477 4.68
56.079991 4.68
56.108585 4.68
56.124461 4.68
56.149710 4.68
56.160586 4.68
56.196116 4.68
56.212102 4.68
56.237478 4.68
56.249836 4.68
56.278711 4.68
56.289587 4.68
56.325117 4.68
56.341102 4.68
56.366479 4.68
56.378837 4.68
56.407712 4.68
56.418463 4.68
56.453994 4.68
56.466496 4.68
56.495478 4.68
56.511480 4.68
56.536713 4.68
56.547464 4.68
56.583106 4.68
56.595480 4.68
56.624481 4.68
56.640481 4.68
56.665589 4.68
56.681589 4.68
56.706714 4.68
56.717589 4.68
56.753108 4.68
56.769106 4.68
56.794482 4.68
56.810481 4.68
56.835591 4.68
56.851465 4.68
56.876716 4.68
56.887466 4.68
56.922967 4.68
56.938996 4.68
56.964484 4.68
56.980483 4.68
57.005717 4.68
57.016592 4.68
57.052109 4.68
57.067971 4.68
57.093485 4.68
57.109484 4.68
57.134593 4.68
57.150468 4.68
57.175718 4.68
57.186468 4.68
57.222111 4.68
57.237969 4.68
57.263484 4.68
57.279483 4.68
57.304594 4.68
57.320469 4.68
57.345719 4.68
57.356594 4.68
57.391971 4.68
57.407971 4.68
57.433487 4.68
57.449485 4.68
57.474720 4.68
57.485470 4.68
57.521112 4.68
57.537111 4.68
57.562487 4.68
57.578488 4.68
57.603596 4.68
57.619471 4.68
57.644721 4.68
57.655471 4.68
57.691114 4.68
57.707114 4.68
57.732489 4.68
57.748490 4.68
57.773597 4.68
57.789473 4.68
57.814722 4.68
57.825597 4.68
57.861001 4.68
57.876991 4.68
57.902490 4.68
57.918491 4.68
57.943724 4.68
57.954473 4.68
57.990116 4.68
58.006116 4.68
58.031489 4.68
58.047474 4.68
58.072599 4.68
58.088474 4.68
58.113724 4.68
58.124474 4.68
58.160118 4.68
58.175976 4.68
58.201492 4.68
58.217492 4.68
58.242601 4.68
58.258476 4.68
58.283726 4.68
58.294476 4.68
58.329977 4.68
58.345977 4.68
58.371493 4.68
58.387493 4.68
58.414477 4.68
58.425257 4.68
58.455602 4.68
58.471477 4.68
58.498478 4.68
58.509244 4.68
58.539603 4.68
58.555478 4.68
58.582479 4.68
58.593243 4.68
58.623478 4.68
58.639478 4.68
58.664478 4.68
58.680479 4.68
58.705479 4.68
58.721479 4.68
58.746605 4.68
58.757479 4.68
58.792854 4.68
58.803605 4.68
58.834258 4.68
58.845132 4.68
58.875605 4.68
58.886480 4.68
58.918481 4.68
58.929247 4.68
58.959481 4.68
58.975481 4.68
59.000481 4.68
59.016481 4.68
59.041482 4.68
59.057482 4.68
59.082482 4.68
59.098482 4.68
59.123482 4.68
59.139482 4.68
59.164482 4.68
59.175372 4.68
59.205607 4.68
59.216482 4.68
59.251858 4.68
59.262733 4.68
59.293262 4.68
59.304137 4.68
59.334609 4.68
59.345484 4.68
59.380859 4.68
59.391734 4.68
59.422264 4.68
59.433137 4.68
59.463609 4.68
59.474484 4.68
59.509859 4.68
59.520610 4.68
59.551252 4.68
59.561985 4.68
59.592610 4.68
59.603377 4.68
59.638860 4.68
59.649611 4.68
59.680262 4.68
59.690986 4.68
59.721611 4.68
59.732378 4.68
59.767861 4.68
59.778611 4.68
59.809263 4.68
59.819987 4.68
59.850612 4.68
59.861377 4.68
59.896862 4.68
59.907737 4.68
59.938380 4.68
59.954255 4.68
59.979379 4.68
59.995255 4.68
60.020378 4.68
60.036256 4.68
60.061380 4.68
60.077256 4.68
60.102381 4.68
60.118257 4.68
60.143381 4.68
60.159256 4.68
60.184490 4.68
60.195256 4.68
60.225615 4.68
60.236382 4.68
60.271865 4.68
60.282615 4.68
60.313271 4.68
60.324144 4.68
60.354491 4.68
60.365258 4.68
60.395491 4.68
60.406258 4.68
60.436616 4.68
60.447381 4.68
60.482866 4.68
60.493741 4.68
60.524260 4.68
60.535145 4.68
60.565492 4.68
60.576259 4.68
60.606617 4.68
60.617384 4.68
60.652867 4.68
60.663618 4.68
60.694262 4.68
60.705148 4.68
60.735618 4.68
60.746384 4.68
60.781876 4.68
60.792744 4.68
60.823271 4.68
60.834148 4.68
60.864619 4.68
60.875387 4.68
60.910877 4.68
60.935146 4.68
60.945876 4.68
60.976388 4.68
60.992263 4.68
61.017495 4.68
61.028264 4.68
61.058621 4.68
61.069496 4.68
61.104879 4.68
61.115621 4.68
61.146151 4.68
61.157023 4.68
61.187496 4.68
61.203622 4.68
61.228497 4.68
61.239262 4.68
61.269623 4.68
61.280497 4.68
61.315881 4.68
61.328374 4.68
61.357277 4.68
61.369881 4.68
61.398623 4.68
61.409498 4.68
61.444881 4.68
61.457375 4.68
61.486392 4.68
61.502391 4.68
61.527624 4.68
61.538499 4.68
61.573878 4.68
61.589878 4.68
61.615390 4.68
61.631392 4.68
61.656500 4.68
61.667393 4.68
61.697625 4.68
61.708500 4.68
61.743878 4.68
61.768394 4.68
61.797880 4.68
61.813878 4.68
61.839393 4.68
61.855391 4.68
61.880502 4.68
61.891393 4.68
61.921502 4.68
61.932394 4.68
61.962502 4.68
61.973394 4.68
62.003627 4.68
62.014396 4.68
62.049881 4.68
62.065880 4.68
62.091155 4.68
62.101881 4.68
62.132503 4.68
62.143395 4.68
62.173504 4.68
62.184394 4.68
62.214629 4.68
62.225395 4.68
62.260884 4.68
62.276884 4.68
62.302399 4.68
62.318397 4.68
62.343505 4.68
62.354397 4.68
62.384505 4.68
62.395397 4.68
62.425630 4.68
62.436395 4.68
62.471886 4.68
62.496396 4.68
62.525885 4.68
62.541886 4.68
62.567399 4.68
62.583398 4.68
62.608507 4.68
62.619399 4.68
62.649507 4.68
62.660399 4.68
62.690507 4.68
62.701399 4.68
62.731508 4.68
62.742400 4.68
62.772633 4.68
62.783398 4.68
62.818884 4.68
62.834884 4.68
62.860401 4.68
62.876508 4.68
62.901509 4.68
62.912401 4.68
62.942509 4.68
62.953399 4.68
62.983510 4.68
62.994400 4.68
63.024635 4.68
63.035510 4.68
63.070887 4.68
63.086886 4.68
63.112402 4.68
63.128510 4.68
63.153511 4.68
63.164403 4.68
63.194511 4.68
63.205402 4.68
63.235511 4.68
63.246404 4.68
63.281889 4.68
63.297892 4.68
63.323165 4.68
63.334042 4.68
63.364512 4.68
63.375405 4.68
63.405637 4.68
63.416402 4.68
63.451892 4.68
63.462889 4.68
63.493405 4.68
63.509405 4.68
63.534513 4.68
63.545406 4.68
63.575638 4.68
63.586514 4.68
63.621891 4.68
63.637891 4.68
63.663404 4.68
63.679404 4.68
63.706266 4.68
63.717170 4.68
63.747515 4.68
63.758406 4.68
63.788640 4.68
63.799515 4.68
63.834892 4.68
63.850895 4.68
63.876168 4.68
63.886892 4.68
63.917407 4.68
63.928160 4.68
63.958516 4.68
63.969266 4.68
64.001267 4.68
64.012045 4.68
64.042517 4.68
64.053409 4.68
64.083642 4.68
64.094392 4.68
64.129893 4.68
64.145893 4.68
64.171410 4.68
64.187410 4.68
64.212393 4.68
64.223285 4.68
64.253518 4.68
64.264394 4.68
64.296270 4.68
64.307173 4.68
64.337411 4.68
64.348161 4.68
64.380271 4.68
64.391173 4.68
64.421520 4.68
64.432411 4.68
64.464271 4.68
64.475174 4.68
64.505412 4.68
64.516170 4.68
64.551897 4.68
64.562770 4.68
64.593411 4.68
64.604165 4.68
64.639646 4.68
64.650396 4.68
64.680771 4.68
64.693148 4.68
64.722176 4.68
64.738522 4.68
64.763412 4.68
64.774164 4.68
64.804523 4.68
64.815397 4.68
64.850772 4.68
64.866899 4.68
64.892051 4.68
64.902899 4.68
64.933523 4.68
64.944415 4.68
64.979648 4.68
64.990524 4.68
65.020773 4.68
65.033150 4.68
65.062178 4.68
65.078178 4.68
65.103525 4.68
65.114416 4.68
65.149650 4.68
65.160525 4.68
65.190775 4.68
65.206650 4.68
65.232179 4.68
65.248417 4.68
65.273526 4.68
65.284418 4.68
65.319902 4.68
65.330776 4.68
65.361417 4.68
65.372168 4.68
65.407776 4.68
65.423777 4.68
65.449181 4.68
65.465168 4.68
65.490528 4.68
65.501419 4.68
65.536904 4.68
65.547778 4.68
65.578420 4.68
65.594420 4.68
65.624904 4.68
65.635778 4.68
65.666419 4.68
65.677171 4.68
65.707404 4.68
65.718172 4.68
65.748529 4.68
65.759404 4.68
65.794654 4.68
65.805529 4.68
65.835780 4.68
65.851655 4.68
65.877059 4.68
65.887780 4.68
65.918420 4.68
65.929298 4.68
65.959531 4.68
65.970420 4.68
66.005655 4.68
66.016406 4.68
66.046781 4.68
66.062656 4.68
66.088186 4.68
66.104183 4.68
66.129532 4.68
66.140424 4.68
66.175657 4.68
66.186532 4.68
66.216783 4.68
66.232657 4.68
66.258061 4.68
66.268909 4.68
66.299533 4.68
66.310423 4.68
66.345659 4.68
66.356408 4.68
66.386784 4.68
66.402658 4.68
66.428064 4.68
66.440534 4.68
66.469534 4.68
66.480427 4.68
66.515660 4.68
66.526535 4.68
66.556785 4.68
66.572785 4.68
66.598064 4.68
66.610535 4.68
66.641162 4.68
66.651912 4.68
66.684162 4.68
66.694912 4.68
66.725428 4.68
66.736177 4.68
66.771661 4.68
66.784163 4.68
66.812787 4.68
66.828662 4.68
66.854191 4.68
66.870191 4.68
66.897164 4.68
66.908065 4.68
66.940180 4.68
66.950929 4.68
66.981430 4.68
66.992179 4.68
67.024164 4.68
67.034931 4.68
67.065430 4.68
67.076179 4.68
67.111664 4.68
67.124165 4.68
67.152789 4.68
67.168664 4.68
67.194069 4.68
67.210066 4.68
67.240665 4.68
67.253165 4.68
67.281946 4.68
67.292790 4.68
67.323432 4.68
67.334308 4.68
67.364665 4.68
67.377167 4.68
67.405935 4.68
67.416791 4.68
67.447434 4.68
67.458185 4.68
67.493666 4.68
67.509666 4.68
67.534918 4.68
67.545792 4.68
67.576432 4.68
67.587184 4.68
67.619044 4.68
67.629919 4.68
67.660435 4.68
67.671185 4.68
67.703045 4.68
67.713793 4.68
67.744436 4.68
67.755187 4.68
67.787045 4.68
67.797920 4.68
67.828437 4.68
67.839310 4.68
67.874544 4.68
67.885435 4.68
67.915545 4.68
67.926420 4.68
67.956545 4.68
67.967420 4.68
67.997545 4.68
68.008420 4.68
68.038545 4.68
68.049421 4.68
68.079546 4.68
68.090421 4.68
68.120546 4.68
68.131438 4.68
68.161546 4.68
68.172311 4.68
68.202547 4.34
68.213422 4.68
68.243547 4.68
68.254314 4.68
68.284547 4.68
68.295423 4.68
68.325547 4.68
68.336422 4.68
68.366673 4.68
68.382673 4.68
68.407798 4.68
68.418548 4.68
68.449048 4.68
68.465048 4.68
68.490442 4.68
68.501189 4.68
68.531549 4.68
68.542424 4.68
68.572549 4.68
68.583425 4.68
68.613549 4.68
68.624425 4.68
68.654549 4.68
68.665425 4.68
68.695550 4.68
68.706425 4.68
68.736550 4.68
68.747426 4.68
68.777551 4.68
68.788426 4.68
68.818551 4.68
68.829426 4.68
68.859551 4.68
68.870427 4.68
68.900552 4.68
68.911427 4.68
68.941552 4.68
68.952427 4.68
68.982552 4.68
68.993427 4.68
69.023552 4.68
69.034428 4.68
69.064553 4.68
69.075428 4.68
69.105553 4.68
69.116428 4.68
69.146553 4.68
69.157429 4.68
69.187553 4.68
69.198429 4.68
69.228554 4.68
69.239429 4.68
69.269554 4.68
69.280429 4.68
69.310555 4.68
69.321430 4.68
69.351555 4.68
69.362430 4.68
69.392554 4.68
69.403430 4.68
69.433555 4.68
69.444430 4.68
69.474556 4.68
69.485431 4.68
69.515556 4.68
69.526431 4.68
69.556681 4.68
69.572681 4.68
69.597807 4.68
69.608556 4.68
69.639211 4.68
69.650057 4.68
69.685557 4.68
69.696432 4.68
69.726557 4.68
69.737433 4.68
69.767683 4.68
69.783683 4.68
69.808807 4.68
69.819558 4.68
69.850325 4.68
69.861324 4.68
69.891684 4.68
69.907684 4.68
69.932963 4.68
69.945450 4.34
69.976060 4.68
69.986935 4.68
70.019060 4.68
70.029936 4.68
70.062061 4.68
70.072936 4.34
70.105061 4.68
70.115936 4.68
70.148062 4.68
70.158936 4.68
70.194686 4.68
70.210686 4.68
70.235937 4.34
70.248561 4.68
70.279062 4.34
70.289937 4.68
70.321938 4.68
70.332811 4.68
70.364938 4.68
70.375811 4.68
70.407939 4.68
70.418813 4.68
70.450939 4.68
70.461813 4.68
70.493939 4.68
70.504813 4.68
70.536939 4.68
70.547813 4.68
70.579939 4.68
70.590814 4.68
70.626689 4.34
70.642689 4.68
70.667940 4.34
70.684092 4.68
70.709220 4.68
70.720093 4.68
70.755690 4.68
70.766565 4.68
70.796941 4.34
70.813082 4.68
70.839942 4.68
70.850816 4.68
70.886691 4.68
70.897440 4.68
70.927942 4.68
70.940456 4.68
70.969219 4.34
70.979942 4.34
71.010567 4.68
71.026567 4.68
71.051692 4.68
71.062567 4.68
71.092817 4.68
71.103567 4.68
71.134220 4.68
71.145085 4.68
71.175443 4.34
71.186336 4.68
71.216443 4.34
71.227208 4.68
71.257444 4.68
71.268335 4.68
71.298569 4.68
71.314694 4.68
71.339694 4.68
71.350444 4.68
71.380945 4.68
71.397086 4.68
71.427695 4.68
71.438444 4.68
71.468947 4.68
71.484947 4.68
71.515695 4.68
71.526445 4.68
71.556947 4.68
71.573098 4.68
71.598226 4.68
71.609100 4.68
71.639571 4.68
71.655696 4.68
71.680696 4.68
71.691446 4.68
71.721948 4.68
71.738101 4.68
71.763229 4.68
71.773949 4.34
71.804447 4.68
71.815213 4.68
71.845448 4.68
71.856341 4.68
71.886573 4.68
71.902698 4.68
71.927698 4.68
71.938573 4.68
71.968967 4.68
71.985103 4.68
72.010341 4.68
72.021340 4.68
72.051574 4.68
72.067574 4.68
72.092699 4.68
72.103574 4.68
72.133967 4.68
72.150093 4.68
72.180700 4.68
72.191450 4.68
72.221952 4.68
72.238105 4.68
72.263231 4.68
72.274105 4.68
72.304451 4.68
72.315218 4.68
72.345576 4.68
72.361701 4.68
72.386701 4.68
72.397451 4.68
72.427953 4.68
72.444104 4.68
72.474702 4.68
72.485452 4.68
72.515954 4.68
72.532107 4.68
72.562703 4.68
72.573452 4.68
72.603955 4.68
72.620107 4.68
72.650703 4.68
72.661578 4.68
72.691956 4.68
72.708108 4.68
72.738704 4.68
72.749579 4.68
72.779829 4.68
72.790579 4.68
72.822959 4.68
72.833830 4.68
72.869705 4.68
72.880580 4.68
72.910956 4.68
72.927108 4.68
72.953961 4.68
72.964830 4.68
72.996961 4.68
73.007831 4.68
73.039961 4.68
73.050831 4.68
73.086707 4.68
73.097582 4.68
73.127958 4.68
73.144112 4.68
73.174707 4.68
73.185582 4.68
73.215959 4.68
73.232112 4.68
73.258837 4.68
73.269583 4.68
73.301838 4.68
73.312583 4.68
73.344838 4.68
73.355583 4.68
73.387839 4.68
73.398583 4.68
73.430839 4.68
73.441584 4.68
73.473839 4.68
73.484584 4.68
73.515112 4.68
73.525961 4.68
73.556585 4.68
73.572710 4.68
73.597710 4.68
73.608460 4.68
73.638962 4.68
73.649835 4.68
73.685711 4.68
73.696586 4.68
73.726962 4.68
73.737836 4.68
73.773478 4.68
73.789476 4.68
73.814712 4.68
73.825587 4.68
73.855963 4.68
73.866837 4.68
73.902712 4.68
73.913463 4.68
73.943963 4.68
73.954838 4.68
73.990481 4.68
74.006478 4.68
74.031713 4.68
74.042463 4.68
74.072964 4.68
74.083839 4.68
74.119714 4.68
74.130589 4.68
74.160965 4.68
74.171839 4.68
74.207482 4.68
74.223482 4.68
74.248715 4.68
74.259465 4.68
74.289966 4.68
74.300840 4.68
74.336716 4.68
74.347590 4.68
74.377966 4.68
74.388841 4.68
74.419121 4.68
74.429841 4.68
74.460482 4.68
74.476484 4.68
74.501716 4.68
74.512592 4.68
74.542967 4.68
74.553842 4.68
74.589484 4.68
74.605484 4.68
74.630718 4.68
74.641468 4.68
74.671969 4.68
74.682843 4.68
74.718486 4.68
74.734483 4.68
74.759718 4.68
74.770593 4.68
74.800969 4.68
74.811844 4.68
74.847484 4.68
74.863486 4.68
74.888719 4.68
74.899470 4.68
74.930124 4.68
74.940970 4.68
74.971487 4.68
74.987487 4.68
75.012720 4.68
75.023470 4.68
75.053971 4.68
75.064845 4.68
75.100488 4.68
75.116488 4.68
75.141721 4.68
75.152471 4.68
75.182972 4.68
75.193846 4.68
75.229488 4.68
75.245488 4.68
75.270722 4.68
75.281597 4.68
75.311974 4.68
75.322847 4.68
75.358490 4.68
75.374489 4.68
75.399723 4.68
75.410598 4.68
75.440975 4.68
75.451848 4.68
75.487491 4.68
75.503489 4.68
75.528724 4.68
75.539474 4.68
75.569975 4.68
75.580849 4.68
75.616492 4.68
75.632491 4.68
75.657725 4.68
75.668475 4.68
75.698850 4.68
75.714850 4.68
75.745492 4.68
75.761493 4.68
75.786726 4.68
75.799243 4.68
75.827977 4.68
75.838851 4.68
75.874493 4.68
75.890494 4.68
75.915726 4.68
75.928368 4.68
75.957005 4.68
75.967852 4.68
75.998495 4.68
76.014602 4.68
76.039728 4.68
76.052121 4.68
76.080979 4.68
76.091853 4.68
76.127496 4.68
76.143493 4.68
76.168728 4.68
76.181119 4.68
76.209853 4.68
76.225853 4.68
76.256496 4.68
76.272495 4.68
76.297729 4.68
76.310120 4.68
76.338981 4.68
76.349855 4.68
76.380259 4.68
76.392736 4.68
76.421605 4.68
76.432481 4.68
76.462731 4.68
76.475121 4.68
76.503856 4.68
76.514731 4.68
76.550498 4.68
76.561249 4.68
76.591607 4.68
76.602482 4.68
76.632732 4.68
76.648732 4.68
76.673983 4.68
76.684856 4.68
76.715259 4.68
76.731251 4.68
76.756607 4.68
76.767483 4.68
76.797733 4.68
76.813608 4.68
76.839012 4.68
76.849858 4.68
76.880500 4.68
76.891375 4.68
76.921609 4.68
76.932376 4.68
76.962734 4.68
76.978734 4.68
77.003986 4.68
77.014859 4.68
77.045261 4.68
77.056013 4.68
77.086610 4.68
77.097485 4.68
77.127735 4.68
77.143735 4.68
77.168861 4.68
77.179735 4.68
77.215504 4.68
77.226252 4.68
77.256611 4.68
77.267378 4.68
77.297736 4.68
77.313736 4.68
77.338987 4.68
77.349737 4.68
77.380377 4.68
77.396255 4.68
77.421612 4.68
77.432377 4.68
77.462737 4.68
77.478613 4.68
77.503991 4.68
77.514863 4.68
77.545256 4.68
77.561381 4.68
77.586488 4.68
77.597254 4.68
77.627613 4.68
77.638382 4.68
77.668739 4.68
77.684739 4.68
77.709990 4.68
77.720739 4.68
77.751256 4.68
77.761990 4.68
77.792490 4.68
77.803255 4.68
77.833490 4.68
77.844256 4.68
77.874616 4.68
77.885382 4.68
77.915741 4.68
77.931741 4.68
77.956991 4.68
77.967741 4.68
77.998258 4.68
78.008992 4.68
78.039617 4.68
78.050383 4.68
78.080742 4.68
78.096742 4.68
78.121992 4.68
78.132742 4.68
78.163271 4.68
78.179384 4.68
78.204493 4.68
78.215262 4.68
78.245618 4.68
78.256386 4.68
78.286743 4.68
78.302743 4.68
78.329744 4.68
78.340494 4.68
78.376273 4.68
78.386995 4.68
78.417494 4.68
78.428260 4.68
78.458620 4.68
78.469387 4.68
78.499745 4.68
78.515745 4.68
78.546387 4.68
78.562388 4.68
78.587496 4.68
78.598263 4.68
78.628496 4.68
78.639265 4.68
78.669496 4.68
78.680262 4.68
78.710621 4.68
78.723151 4.68
78.751747 4.68
78.767746 4.68
78.792880 4.68
78.803622 4.68
78.834277 4.68
78.850389 4.68
78.875623 4.68
78.888025 4.68
78.916748 4.68
78.932748 4.68
78.959632 4.68
78.970499 4.68
79.000749 4.68
79.016749 4.68
79.043633 4.68
79.054499 4.68
79.084749 4.68
79.100749 4.68
79.127634 4.68
79.138500 4.68
79.168750 4.68
79.184750 4.68
79.215152 4.68
79.227643 4.68
79.256500 4.68
79.267393 4.68
79.297501 4.68
79.308391 4.68
79.338501 4.68
79.349394 4.68
79.379626 4.68
79.395626 4.68
79.420751 4.68
79.431501 4.68
79.467394 4.68
79.478155 4.68
79.508627 4.68
79.524627 4.68
79.549753 4.68
79.560502 4.68
79.596393 4.68
79.607156 4.68
79.637503 4.68
79.648393 4.68
79.678629 4.68
79.694629 4.68
79.719754 4.68
79.730629 4.68
79.766396 4.68
79.777157 4.68
79.807629 4.68
79.823504 4.68
79.848754 4.68
79.859629 4.68
79.895273 4.68
79.911157 4.68
79.936520 4.68
79.947397 4.68
79.977755 4.68
79.988631 4.68
80.024158 4.68
80.040283 4.68
80.065521 4.68
80.076398 4.68
80.106631 4.68
80.122631 4.68
80.147757 4.68
80.158507 4.68
80.194397 4.68
80.205162 4.68
80.235507 4.68
80.246400 4.68
80.276508 4.68
80.287400 4.68
80.317633 4.68
80.333633 4.68
80.358758 4.68
80.369633 4.68
80.405160 4.68
80.421162 4.68
80.446509 4.68
80.457402 4.68
80.487509 4.68
80.498402 4.68
80.528510 4.68
80.539385 4.68
80.569635 4.68
80.585510 4.68
80.610760 4.68
80.621635 4.68
80.657401 4.68
80.668163 4.68
80.698636 4.68
80.714511 4.68
80.739761 4.68
80.750511 4.68
80.786404 4.68
80.797165 4.68
80.827511 4.68
80.838401 4.68
80.868637 4.68
80.884512 4.68
80.909762 4.68
80.920637 4.68
80.956405 4.68
80.967153 4.68
80.997638 4.68
81.013638 4.68
81.038763 4.68
81.049513 4.68
81.085280 4.68
81.101166 4.68
81.126639 4.68
81.142639 4.68
81.167764 4.68
81.178514 4.68
81.214407 4.68
81.225155 4.68
81.255515 4.68
81.266406 4.68
81.296640 4.68
81.312640 4.68
81.337765 4.68
81.348640 4.68
81.379167 4.68
81.389892 4.68
81.420406 4.68
81.431158 4.68
81.461516 4.68
81.472406 4.68
81.502516 4.68
81.515046 4.68
81.543517 4.68
81.556045 4.68
81.584642 4.68
81.600517 4.68
81.625767 4.68
81.636517 4.68
81.672173 4.68
81.684527 4.68
81.713518 4.68
81.725894 4.68
81.754643 4.68
81.770643 4.68
81.795768 4.68
81.806519 4.68
81.842287 4.68
81.858286 4.68
81.883411 4.68
81.894285 4.68
81.924644 4.68
81.940644 4.68
81.965770 4.68
81.976520 4.68
82.012174 4.68
82.024529 4.68
82.053520 4.68
82.069396 4.68
82.094521 4.68
82.106896 4.68
82.135646 4.68
82.151521 4.68
82.176771 4.68
82.187646 4.68
82.223173 4.68
82.235531 4.68
82.264522 4.68
82.280397 4.68
82.305522 4.68
82.321397 4.68
82.346522 4.68
82.362397 4.68
82.387523 4.68
82.403398 4.68
82.428523 4.68
82.440899 4.68
82.469648 4.68
82.485523 4.68
82.510774 4.68
82.521649 4.68
82.557176 4.68
82.573052 4.68
82.598525 4.68
82.614399 4.68
82.639525 4.68
82.655400 4.68
82.680524 4.68
82.696525 4.68
82.721525 4.68
82.737525 4.68
82.762525 4.68
82.778400 4.68
82.803526 4.68
82.819400 4.68
82.844526 4.68
82.860401 4.68
82.885526 4.68
82.901526 4.68
82.926527 4.68
82.942402 4.68
82.967527 4.68
82.983402 4.68
83.008527 4.68
83.024403 4.68
83.049527 4.68
83.065403 4.68
83.090528 4.68
83.106528 4.68
83.131528 4.68
83.147403 4.68
83.172528 4.68
83.188528 4.68
83.213653 4.68
83.224529 4.68
83.254779 4.68
83.265529 4.68
83.301183 4.68
83.317058 4.68
83.342530 4.68
83.358404 4.68
83.383530 4.68
83.399405 4.68
83.424530 4.68
83.440530 4.68
83.465530 4.68
83.481530 4.68
83.506531 4.68
83.522531 4.68
83.547531 4.68
83.563531 4.68
83.588531 4.68
83.604406 4.68
83.629531 4.68
83.645532 4.68
83.670532 4.68
83.686407 4.68
83.711532 4.68
83.727407 4.68
83.752532 4.68
83.768407 4.68
83.793533 4.68
83.809408 4.68
83.834533 4.68
83.850408 4.68
83.875534 4.68
83.891408 4.68
83.916534 4.68
83.932408 4.68
83.957659 4.68
83.968534 4.68
84.004064 4.68
84.020064 4.68
84.045535 4.68
84.061410 4.68
84.086660 4.68
84.097410 4.68
84.133062 4.68
84.143785 4.68
84.174428 4.68
84.186928 4.68
84.215660 4.68
84.226411 4.68
84.258537 4.68
84.269428 4.68
84.304916 4.68
84.321065 4.68
84.346427 4.68
84.358913 4.68
84.387537 4.68
84.403537 4.68
84.428537 4.68
84.444537 4.68
84.469538 4.68
84.485538 4.68
84.510538 4.68
84.526413 4.68
84.551538 4.68
84.567413 4.68
84.592539 4.68
84.608538 4.68
84.633538 4.68
84.644414 4.68
84.674539 4.68
84.685414 4.68
84.715539 4.68
84.726414 4.68
84.756540 4.68
84.767415 4.68
84.797665 4.68
84.808540 4.68
84.844056 4.68
84.856417 4.68
84.885433 4.68
84.901433 4.68
84.926541 4.68
84.942416 4.68
84.967666 4.68
84.978541 4.68
85.013918 4.68
85.026418 4.68
85.055434 4.68
85.071433 4.68
85.096542 4.68
85.107417 4.68
85.137667 4.68
85.148418 4.68
85.183919 4.68
85.196419 4.68
85.225435 4.68
85.241543 4.68
85.266418 4.68
85.282418 4.68
85.307418 4.68
85.323419 4.68
85.348419 4.68
85.364419 4.68
85.394669 4.68
85.405419 4.68
85.440921 4.68
85.456921 4.68
85.482438 4.68
85.498438 4.68
85.523545 4.68
85.534420 4.68
85.564545 4.68
85.575420 4.68
85.605545 4.68
85.616421 4.68
85.646670 4.68
85.657421 4.68
85.692923 4.68
85.708923 4.68
85.734440 4.68
85.750439 4.68
85.775547 4.68
85.786422 4.68
85.816547 4.68
85.827422 4.68
85.857547 4.68
85.868423 4.68
85.898548 4.68
85.909423 4.68
85.939673 4.68
85.950423 4.68
85.985925 4.68
86.001925 4.68
86.027204 4.68
86.037925 4.68
86.068442 4.68
86.084424 4.68
86.109424 4.68
86.125424 4.68
86.150425 4.68
86.166424 4.68
86.191425 4.68
86.207550 4.68
86.232425 4.68
86.248425 4.68
86.273426 4.68
86.289426 4.68
86.314426 4.68
86.330426 4.68
86.355425 4.68
86.371427 4.68
86.396441 4.68
86.412443 4.68
86.437427 4.68
86.453443 4.68
86.478427 4.68
86.494552 4.68
86.519427 4.68
86.535427 4.68
86.560428 4.68
86.576428 4.68
86.601428 4.68
86.617428 4.68
86.642428 4.68
86.658428 4.68
86.683428 4.68
86.699428 4.68
86.724429 4.68
86.740446 4.68
86.765429 4.68
86.781554 4.68
86.806429 4.68
86.822430 4.68
86.847430 4.68
86.863430 4.68
86.888430 4.68
86.904430 4.68
86.929430 4.68
86.945305 4.68
86.970431 4.68
86.986445 4.68
87.011431 4.68
87.027431 4.68
87.052431 4.68
87.068556 4.68
87.093431 4.68
87.109432 4.68
87.134432 4.68
87.150432 4.68
87.175432 4.68
87.191433 4.68
87.216432 4.68
87.232432 4.68
87.257433 4.68
87.273448 4.68
87.298433 4.68
87.314433 4.68
87.339433 4.68
87.355558 4.68
87.380558 4.68
87.391433 4.68
87.426808 4.68
87.437559 4.68
87.468214 4.68
87.478935 4.68
87.509559 4.68
87.520434 4.68
87.555809 4.68
87.566560 4.68
87.597214 4.68
87.608059 4.68
87.638435 4.68
87.649202 4.68
87.679560 4.68
87.690435 4.68
87.725811 4.68
87.736561 4.68
87.767213 4.68
87.777938 4.68
87.808562 4.68
87.819437 4.68
87.854812 4.68
87.865562 4.68
87.896216 4.68
87.907077 4.68
87.937562 4.68
87.948452 4.68
87.983812 4.68
87.999813 4.68
88.025329 4.68
88.041563 4.68
88.066455 4.68
88.082454 4.68
88.112813 4.68
88.128814 4.68
88.154218 4.68
88.164957 4.68
88.195439 4.68
88.206332 4.68
88.236564 4.68
88.247439 4.68
88.282815 4.68
88.293690 4.68
88.324219 4.68
88.335094 4.68
88.365566 4.68
88.376440 4.68
88.411815 4.68
88.422565 4.68
88.453218 4.68
88.463943 4.68
88.494441 4.68
88.505206 4.68
88.535567 4.68
88.546442 4.68
88.581817 4.68
88.592567 4.68
88.623219 4.68
88.634085 4.68
88.664568 4.68
88.675443 4.68
88.710818 4.68
88.721568 4.68
88.752221 4.68
88.762944 4.68
88.793568 4.68
88.804460 4.68
88.839818 4.68
88.850569 4.68
88.881221 4.68
88.892096 4.68
88.922444 4.68
88.933213 4.68
88.963445 4.68
88.974210 4.68
89.004570 4.68
89.015445 4.68
89.050820 4.68
89.061570 4.68
89.092225 4.68
89.103087 4.68
89.133571 4.68
89.144446 4.68
89.179821 4.68
89.190571 4.68
89.221226 4.68
89.232088 4.68
89.262446 4.68
89.273214 4.68
89.303572 4.68
89.314447 4.68
89.349823 4.68
89.360572 4.68
89.391227 4.68
89.403698 4.68
89.432573 4.68
89.443465 4.68
89.478823 4.68
89.489698 4.68
89.520228 4.68
89.532824 4.68
89.561574 4.68
89.572466 4.68
89.607824 4.68
89.620325 4.68
89.649226 4.68
89.661824 4.68
89.690575 4.68
89.701466 4.68
89.736825 4.68
89.749327 4.68
89.778344 4.68
89.794467 4.68
89.819469 4.68
89.830219 4.68
89.865826 4.68
89.878328 4.68
89.907230 4.68
89.923230 4.68
89.948577 4.68
89.959468 4.68
89.994827 4.68
90.010827 4.68
90.036344 4.68
90.052344 4.68
90.077470 4.68
90.088219 4.68
90.123828 4.68
90.136329 4.68
90.165231 4.68
90.177578 4.68
90.206454 4.68
90.217221 4.68
90.247580 4.68
90.258454 4.68
90.293829 4.68
90.309704 4.68
90.335233 4.68
90.351234 4.68
90.376580 4.68
90.387455 4.68
90.422830 4.68
90.438705 4.68
90.464235 4.68
90.480108 4.68
90.505455 4.68
90.516223 4.68
90.546581 4.68
90.557456 4.68
90.592832 4.68
90.608831 4.68
90.634235 4.68
90.650235 4.68
90.675582 4.68
90.686474 4.68
90.721832 4.68
90.737707 4.68
90.763236 4.68
90.779237 4.34
90.804458 4.68
90.815225 4.68
90.845458 4.68
90.856223 4.68
90.886584 4.68
90.897458 4.68
90.932834 4.68
90.948708 4.68
90.974239 4.68
90.990476 4.68
91.015584 4.68
91.026459 4.68
91.061834 4.68
91.077710 4.68
91.103238 4.68
91.119239 4.68
91.144585 4.68
91.155460 4.68
91.190835 4.68
91.206835 4.68
91.232237 4.68
91.248114 4.68
91.273586 4.68
91.284461 4.68
91.319836 4.68
91.335711 4.68
91.361240 4.68
91.377240 4.68
91.402587 4.68
91.413462 4.68
91.448837 4.68
91.464712 4.68
91.490116 4.68
91.500964 4.34
91.531588 4.68
91.542463 4.34
91.577838 4.68
91.593713 4.68
91.619242 4.68
91.635115 4.68
91.660464 4.68
91.671231 4.68
91.701589 4.68
91.712464 4.68
91.747839 4.68
91.763839 4.68
91.789244 4.68
91.805118 4.68
91.830590 4.68
91.841480 4.68
91.876840 4.68
91.892841 4.68
91.918245 4.68
91.934121 4.68
91.961217 4.68
91.972120 4.68
92.002484 4.34
92.013234 4.68
92.048842 4.68
92.064716 4.68
92.090120 4.68
92.100969 4.68
92.131485 4.68
92.142235 4.68
92.172842 4.68
92.188842 4.68
92.214245 4.68
92.230123 4.68
92.257219 4.68
92.267970 4.68
92.298484 4.68
92.309236 4.68
92.344844 4.68
92.360718 4.68
92.386248 4.68
92.402248 4.68
92.429220 4.68
92.439971 4.68
92.472222 4.68
92.482971 4.68
92.515221 4.68
92.525971 4.68
92.558222 4.68
92.568972 4.68
92.601222 4.68
92.612123 4.68
92.642486 4.68
92.653237 4.68
92.683721 4.68
92.696223 4.68
92.724973 4.68
92.735846 4.68
92.766250 4.68
92.782250 4.68
92.812722 4.68
92.825223 4.68
92.857127 4.68
92.873364 4.68
92.898490 4.68
92.909239 4.68
92.939723 4.68
92.952254 4.68
92.981004 4.68
92.991848 4.68
93.022491 4.68
93.033364 4.68
93.068848 4.68
93.079724 4.68
93.110364 4.68
93.121115 4.68
93.156850 4.68
93.167724 4.68
93.198367 4.68
93.209365 4.68
93.244850 4.68
93.255600 4.68
93.286254 4.68
93.302253 4.68
93.332851 4.68
93.348850 4.68
93.374254 4.68
93.390130 4.68
93.420851 4.68
93.436726 4.68
93.462254 4.68
93.472978 4.68
93.508727 4.68
93.524727 4.68
93.549979 4.68
93.560853 4.68
93.591495 4.68
93.602246 4.68
93.632728 4.68
93.648728 4.68
93.673979 4.68
93.684853 4.68
93.715255 4.68
93.725980 4.68
93.761729 4.68
93.777854 4.68
93.802980 4.68
93.813854 4.68
93.844258 4.68
93.854981 4.68
93.890854 4.68
93.901605 4.68
93.932369 4.68
93.943134 4.68
93.973496 4.68
93.984247 4.68
94.019856 4.68
94.030605 4.68
94.061258 4.68
94.072135 4.68
94.107856 4.68
94.118731 4.68
94.149260 4.68
94.159982 4.68
94.195732 4.68
94.211732 4.68
94.236983 4.68
94.247857 4.68
94.278261 4.68
94.289135 4.68
94.324858 4.68
94.335607 4.68
94.366137 4.68
94.382251 4.68
94.407501 4.68
94.418251 4.68
94.453859 4.68
94.464609 4.68
94.495263 4.68
94.506013 4.68
94.541859 4.68
94.552734 4.68
94.583265 4.68
94.593985 4.68
94.629860 4.68
94.654265 4.68
94.665013 4.68
94.700735 4.68
94.716736 4.68
94.741986 4.68
94.752736 4.68
94.783138 4.68
94.799138 4.68
94.824377 4.68
94.835129 4.68
94.870861 4.68
94.881612 4.68
94.912377 4.68
94.923129 4.68
94.953378 4.68
94.964129 4.68
94.999737 4.68
95.015613 4.68
95.040989 4.68
95.051737 4.68
95.082268 4.68
95.092989 4.68
95.128864 4.68
95.139739 4.68
95.170269 4.68
95.180989 4.68
95.216864 4.68
95.227739 4.68
95.258270 4.68
95.269144 4.68
95.304739 4.68
95.320629 4.68
95.349142 4.68
95.365258 4.68
95.390382 4.68
95.401133 4.68
95.436865 4.68
95.447616 4.68
95.478260 4.68
95.488991 4.68
95.524866 4.68
95.535742 4.68
95.566272 4.68
95.576992 4.68
95.612742 4.68
95.628742 4.68
95.657147 4.68
95.673259 4.68
95.700119 4.68
95.710876 4.68
95.743135 4.68
95.753993 4.68
95.786135 4.68
95.796876 4.68
95.829137 4.68
95.839994 4.68
95.871996 4.68
95.882875 4.68
95.913259 4.68
95.923994 4.68
95.956025 4.68
95.966876 4.68
95.999022 4.68
96.009877 4.68
96.042023 4.68
96.052877 4.68
96.085025 4.68
96.095878 4.68
96.131621 4.68
96.147621 4.68
96.172746 4.68
96.183621 4.68
96.214148 4.68
96.224878 4.68
96.260746 4.68
96.271497 4.68
96.302148 4.68
96.312880 4.68
96.348747 4.68
96.359623 4.68
96.390150 4.68
96.400879 4.68
96.436623 4.68
96.452748 4.68
96.477748 4.68
96.488499 4.68
96.519029 4.68
96.535028 4.68
96.565749 4.68
96.576624 4.68
96.607151 4.68
96.617878 4.68
96.653625 4.68
96.669750 4.68
96.694750 4.68
96.705499 4.68
96.736155 4.68
96.747029 4.68
96.782750 4.68
96.793626 4.68
96.824154 4.68
96.835030 4.68
96.870751 4.68
96.881501 4.68
96.912155 4.68
96.923031 4.68
96.953627 4.68
96.969752 4.68
96.994752 4.68
97.005627 4.68
97.036156 4.68
97.047032 4.68
97.082752 4.68
97.093502 4.68
97.124156 4.68
97.135031 4.68
97.170753 4.68
97.181628 4.68
97.212155 4.68
97.222884 4.68
97.258754 4.68
97.269628 4.68
97.300157 4.68
97.311034 4.68
97.346629 4.68
97.362754 4.68
97.387755 4.68
97.398630 4.68
97.429157 4.68
97.440033 4.68
97.475755 4.68
97.486506 4.68
97.517160 4.68
97.528035 4.68
97.563631 4.68
97.579756 4.68
97.604756 4.68
97.615506 4.68
97.646158 4.68
97.656885 4.68
97.692757 4.68
97.703632 4.68
97.734160 4.68
97.745036 4.68
97.780632 4.68
97.796633 4.68
97.821758 4.68
97.832633 4.68
97.863162 4.68
97.874037 4.68
97.909758 4.68
97.920633 4.68
97.951160 4.68
97.961886 4.68
97.997634 4.68
98.013634 4.68
98.038759 4.68
98.049634 4.68
98.080038 4.68
98.096038 4.68
98.126760 4.68
98.137635 4.68
98.168164 4.68
98.179042 4.68
98.214760 4.68
98.225635 4.68
98.256164 4.68
98.267041 4.68
98.302636 4.68
98.318636 4.68
98.343761 4.68
98.354637 4.68
98.385164 4.68
98.395888 4.68
98.431637 4.68
98.447762 4.68
98.472762 4.68
98.483638 4.68
98.514041 4.68
98.530166 4.68
98.560763 4.68
98.571513 4.68
98.602042 4.68
98.618043 4.68
98.648638 4.68
98.664763 4.68
98.689764 4.68
98.700514 4.68
98.731044 4.68
98.747168 4.68
98.777764 4.68
98.788640 4.68
98.819043 4.68
98.835045 4.68
98.865640 4.68
98.881765 4.68
98.906765 4.68
98.917516 4.68
98.948046 4.68
98.964044 4.68
98.994766 4.68
99.005516 4.68
99.036045 4.68
99.052172 4.68
99.082767 4.68
99.093517 4.68
99.124172 4.68
99.135046 4.68
99.165410 4.68
99.176286 4.68
99.206643 4.68
99.217518 4.68
99.247768 4.34
99.258518 4.68
99.288895 4.68
99.304895 4.68
99.335644 4.68
99.346519 4.68
99.376769 4.68
99.387518 4.68
99.418173 4.68
99.429047 4.68
99.459412 4.68
99.470162 4.68
99.500645 4.68
99.511395 4.68
99.541770 4.68
99.552645 4.68
99.583175 4.68
99.594049 4.68
99.624412 4.68
99.635163 4.68
99.665521 4.68
99.681646 4.68
99.706521 4.68
99.722647 4.68
99.747647 4.68
99.758522 4.68
99.788772 4.68
99.799647 4.68
99.830173 4.68
99.840899 4.68
99.871413 4.68
99.882165 4.68
99.912523 4.68
99.928648 4.68
99.953648 4.68
99.964398 4.68
99.994919 4.68
100.011053 4.68
100.041648 4.68
100.052524 4.68
100.082917 4.68
100.098918 4.68
100.129650 4.68
100.140399 4.68
100.170775 4.68
100.181650 4.68
100.212293 4.68
100.223055 4.68
100.253401 4.68
100.264168 4.68
100.294526 4.68
100.310651 4.68
100.335526 4.68
100.351651 4.68
100.376526 4.68
100.392651 4.68
100.417527 4.68
100.433651 4.68
100.458652 4.68
100.469527 4.68
100.499777 4.68
100.510527 4.68
100.541180 4.68
100.552057 4.68
100.582528 4.68
100.598653 4.68
100.623528 4.68
100.639653 4.68
100.664653 4.68
100.675528 4.68
100.705778 4.68
100.716528 4.68
100.747055 4.68
100.757778 4.68
100.793654 4.68
100.804529 4.68
100.834779 4.68
100.845529 4.68
100.876059 4.68
100.886779 4.68
100.922655 4.68
100.933530 4.68
100.963780 4.68
100.974530 4.68
101.005184 4.68
101.016060 4.68
101.046531 4.68
101.062656 4.68
101.087531 4.68
101.103656 4.68
101.128657 4.68
101.139531 4.68
101.169782 4.68
101.182422 4.68
101.216667 4.34
101.227539 4.34
101.258308 4.34
101.270920 4.34
101.299786 4.34
101.312429 4.34
101.346660 4.34
101.357535 4.34
101.387911 4.02
101.404063 4.34
101.430913 4.34
101.441783 4.34
101.477659 4.34
101.488534 4.34
101.518934 4.34
101.535235 4.34
