0.000000 0.000000
0.041955 4.34
0.057966 4.34
0.083162 4.34
0.094365 3.33
0.124832 2.66
0.137458 2.66
0.171732 2.66
0.182706 2.34
0.213331 2.66
0.225990 2.66
0.254860 2.66
0.267448 2.66
0.297979 2.34
0.308852 2.66
0.344696 2.66
0.355695 2.66
0.386209 2.66
0.396959 2.66
0.428969 2.66
0.439694 2.66
0.470208 2.66
0.480970 2.66
0.512971 2.34
0.523847 2.66
0.555974 2.66
0.566846 2.66
0.602695 2.66
0.613570 2.66
0.644209 2.66
0.654973 2.66
0.690446 2.66
0.702973 2.66
0.731571 2.66
0.747447 2.34
0.773108 2.34
0.784112 2.34
0.814709 2.66
0.825707 2.66
0.858033 2.66
0.869117 2.66
0.899709 2.66
0.910708 2.66
0.943027 2.34
0.954244 2.66
0.984741 4.02
0.995710 4.34
1.028000 4.34
1.038993 4.34
1.069579 4.34
1.080579 4.34
1.110983 4.34
1.127218 4.34
1.157577 4.34
1.173451 4.34
1.198855 4.34
1.214974 4.34
1.240217 4.34
1.250976 4.34
1.286451 4.34
1.302451 4.34
1.327576 4.34
1.343451 4.34
1.368853 4.34
1.384852 4.34
1.410217 4.34
1.420977 4.34
1.451843 4.34
1.468112 4.34
1.498770 4.34
1.509730 4.34
1.545586 4.34
1.556586 4.34
1.587103 4.34
1.597976 4.34
1.628582 4.34
1.639458 4.34
1.670223 4.34
1.681098 4.34
1.711581 4.34
1.722331 4.34
1.752580 4.68
1.763470 4.68
1.794238 4.68
1.805235 5.00
1.835712 4.68
1.846586 5.00
1.882460 4.68
1.894871 4.68
1.924098 5.00
1.934992 5.00
1.965457 4.68
1.981458 5.00
2.006707 5.00
2.017457 5.00
2.047986 4.68
2.058907 5.00
2.089591 4.68
2.100591 5.00
2.131233 5.00
2.141981 5.00
2.172588 5.00
2.183462 4.68
2.214116 5.00
2.224991 5.00
2.255585 4.68
2.266459 4.68
2.296709 5.00
2.307459 5.00
2.337989 5.00
2.348835 5.00
2.384460 5.00
2.400460 5.00
2.425585 5.00
2.436335 4.68
2.466835 5.00
2.482710 5.00
2.507992 5.00
2.518710 4.68
2.554461 5.00
2.570461 5.00
2.595586 5.00
2.606336 5.00
2.636836 4.68
2.653129 5.00
2.683744 5.00
2.694591 5.00
2.725109 5.00
2.735997 5.00
2.766589 5.00
2.777464 5.00
2.807993 5.00
2.818721 5.00
2.854464 4.68
2.870464 5.00
2.897993 5.00
2.908722 4.68
2.944339 4.68
2.955106 4.68
2.985340 4.68
2.996104 4.68
3.026481 5.00
3.042592 5.69
3.067998 0.05
3.078842 6.01
3.114466 6.01
3.130465 6.01
3.155591 6.36
3.166340 6.01
3.196995 6.36
3.207723 6.01
3.243466 12.32
3.259591 6.01
3.284592 6.36
3.295342 0.05
3.325871 6.01
3.341871 0.05
3.372592 6.36
3.383343 0.05
3.413726 6.36
3.426343 0.05
3.454995 0.05
3.465721 6.36
3.501593 12.32
3.512469 6.36
3.542997 12.32
3.553721 6.36
3.589594 12.32
3.600469 6.36
3.630722 12.32
3.641594 0.05
3.673876 12.32
3.684722 6.36
3.715237 12.32
3.725999 6.36
3.756345 12.32
3.767238 0.05
3.797898 0.05
3.814119 4.34
3.839476 4.34
3.855599 4.34
3.881005 4.34
3.891881 4.34
3.927598 4.34
3.938473 4.34
3.969000 4.34
3.979725 4.34
4.015597 4.34
4.026472 4.34
4.056726 4.34
4.069348 4.34
4.099753 4.34
4.110598 4.34
4.142751 4.34
4.153598 4.34
4.189610 4.34
4.200609 4.34
4.236481 4.34
4.247480 4.34
4.278142 4.34
4.289013 4.34
4.319603 4.34
4.330477 4.34
4.361006 4.34
4.371880 4.34
4.402351 4.34
4.414728 4.34
4.443350 4.34
4.455754 4.34
4.484351 4.34
4.496758 4.34
4.525481 4.34
4.536490 4.34
