0.000000 0.000000
0.041837 4.34
0.052835 4.34
0.088977 4.34
0.099964 2.66
0.135977 2.66
0.147156 2.66
0.182963 2.34
0.193961 2.66
0.229832 2.34
0.240831 2.34
0.271472 2.34
0.282469 2.34
0.312953 2.66
0.323954 2.66
0.354469 2.66
0.365464 2.34
0.400826 2.34
0.411701 2.34
0.442101 2.66
0.458202 2.66
0.483467 2.34
0.494201 2.66
0.524577 2.34
0.535468 2.34
0.565577 2.34
0.576467 2.34
0.606577 2.66
0.617467 2.34
0.647578 2.34
0.658468 2.34
0.688577 2.34
0.699468 2.34
0.729578 2.34
0.740469 2.34
0.771279 2.34
0.787495 2.34
0.812839 2.34
0.823836 2.34
0.854478 2.34
0.865486 2.34
0.896136 2.34
0.912356 2.34
0.937720 2.34
0.954163 2.34
0.979499 4.02
0.990483 4.02
1.021132 4.34
1.037351 4.34
1.067961 4.34
1.078960 4.34
1.109476 4.02
1.120224 4.34
1.150833 4.34
1.161708 4.02
1.192234 4.02
1.203110 4.34
1.238831 4.02
1.249582 4.02
1.280107 4.02
1.296109 4.02
1.326832 4.34
1.337582 4.02
1.367958 4.34
1.378833 4.34
1.409472 4.34
1.420373 4.34
1.451157 4.34
1.467357 4.34
1.492849 4.34
1.503848 4.34
1.534491 4.34
1.545487 4.34
1.576133 4.34
1.592231 4.34
1.617482 4.34
1.628497 4.34
1.659146 4.34
1.675365 4.34
1.705967 4.34
1.718608 4.34
1.752840 4.34
1.763840 4.34
1.794229 4.34
1.805122 4.34
1.840837 4.34
1.851587 4.34
1.882117 4.34
1.898241 4.34
1.925105 4.34
1.935962 4.34
1.971837 4.34
1.982587 4.34
2.013088 4.34
2.029089 4.34
2.059838 4.34
2.070588 4.34
2.101089 4.34
2.117242 4.34
2.147839 4.34
2.158589 4.34
2.188964 4.34
2.201589 4.34
2.232093 4.34
2.242964 4.34
2.278840 4.34
2.289589 4.34
2.320091 4.34
2.336091 4.34
2.366840 4.34
2.377589 4.34
2.408092 4.34
2.424121 4.34
2.454841 4.34
2.465716 4.34
2.496121 4.34
2.512247 4.34
2.542841 4.34
2.553591 4.34
2.584093 4.34
2.600245 4.34
2.630843 4.34
2.641591 4.34
2.671967 4.34
2.684486 4.34
2.714972 4.34
2.725717 4.34
2.761610 4.34
2.777609 4.34
2.802843 4.34
2.813593 4.34
2.844094 4.34
2.860249 4.34
2.885609 4.34
2.901609 4.34
2.926844 4.34
2.937719 4.34
2.968124 4.34
2.978970 4.34
3.009611 4.34
3.025720 4.34
3.050845 4.34
3.061595 4.34
3.091970 4.34
3.107970 4.34
3.138614 4.34
3.154613 4.34
3.179846 4.34
3.190596 4.34
3.221097 4.34
3.231971 4.34
3.267614 4.34
3.283614 4.34
3.308847 4.34
3.319722 4.34
3.350098 4.34
3.360972 4.34
3.391238 4.34
3.401973 4.34
3.432615 4.34
3.448723 4.34
3.473848 4.34
3.484598 4.34
3.515129 4.34
3.525973 4.34
3.556617 4.34
3.572616 4.34
3.597849 4.34
3.608599 4.34
3.639176 4.34
3.650113 4.34
3.680732 4.34
3.691607 4.34
3.722268 4.34
3.733271 4.34
3.763857 4.68
3.774731 4.68
3.810622 4.68
3.826620 4.68
3.851853 4.68
3.862728 4.68
3.893257 4.68
3.904134 4.68
3.934618 4.68
3.950726 4.68
3.975852 4.68
3.986602 4.68
4.017103 4.34
4.028119 4.68
4.058737 4.68
4.069735 4.68
4.100380 4.68
4.111376 4.68
4.141857 4.34
4.152731 4.34
4.183272 4.68
4.194135 4.68
4.224729 4.68
4.235604 4.68
4.265854 4.68
4.276729 4.68
4.307105 4.68
4.317985 4.68
4.353622 4.68
4.369745 4.68
4.395288 4.68
4.406284 4.68
4.436862 4.68
4.447862 4.34
4.483626 4.68
4.499626 4.68
4.524858 4.68
4.535733 4.68
4.566261 4.68
4.577109 4.68
4.607624 4.68
4.623624 4.34
4.648856 4.68
4.659732 4.68
4.690108 4.68
4.700982 4.34
4.736624 4.34
4.752624 4.68
4.777857 4.34
4.788732 4.68
4.819109 4.68
4.829983 4.34
4.865858 4.34
4.876608 4.68
4.907127 4.68
4.917983 4.68
4.948626 4.68
4.964626 4.68
4.989858 4.68
5.000609 4.68
5.030984 4.68
5.046984 4.68
5.077625 4.68
5.093627 4.68
5.118860 4.68
5.129735 4.68
5.160111 4.68
5.170985 4.68
5.206628 4.68
5.222628 4.68
5.247861 4.68
5.260379 4.34
5.289111 4.68
5.299986 4.68
5.335627 4.34
5.351628 4.68
5.376861 4.68
5.389253 4.68
5.418113 4.68
5.428987 4.68
5.464630 4.68
5.480630 4.68
5.505862 4.68
5.518266 4.68
5.550131 4.68
5.560988 4.68
5.591631 4.68
5.607630 4.68
5.632863 4.68
5.645256 4.68
5.674115 4.34
5.684989 4.68
5.715631 4.68
5.731739 4.68
5.756864 4.68
5.772864 4.68
5.798145 4.68
5.808990 4.68
5.839505 4.34
5.851883 4.68
5.880740 4.68
5.891615 4.68
5.921866 4.68
5.937866 4.68
5.963118 4.68
5.973991 4.68
6.004634 4.34
6.015383 4.68
6.045866 4.68
6.061742 4.68
6.087118 4.68
6.097992 4.68
6.128395 4.68
6.140872 4.68
6.169617 4.68
6.180384 4.68
6.210742 4.68
6.221618 4.68
6.251868 4.68
6.267868 4.68
6.293120 4.34
6.303993 4.68
6.334396 4.68
6.345120 4.68
6.375744 4.34
6.386619 4.68
6.416870 4.34
6.432744 4.68
6.458119 4.68
6.468995 4.68
6.499399 4.68
6.515512 4.68
6.540745 4.34
6.551620 4.68
6.581870 4.68
6.597871 4.68
6.623122 4.68
6.633995 4.68
6.664398 4.68
6.675121 4.68
6.705621 4.34
6.716386 4.34
6.746621 4.68
6.757389 4.68
6.787747 4.68
6.798622 4.68
6.828872 4.34
6.844872 4.68
6.878514 4.34
6.894515 4.68
6.919623 4.68
6.930391 4.68
6.960748 4.68
6.971623 4.34
7.001873 4.68
7.017873 4.68
7.043125 4.68
7.053999 4.34
7.084403 4.34
7.100515 4.34
7.125624 4.34
7.136516 4.68
7.166624 4.68
7.177392 4.68
7.207749 4.68
7.218625 4.68
7.248875 4.68
7.264875 4.68
7.298516 4.68
7.314516 4.68
7.339626 4.68
7.350517 4.68
7.380626 4.68
7.391394 4.68
7.421752 4.68
7.432519 4.68
7.462877 4.68
7.478877 4.68
7.504127 4.68
7.514877 4.68
7.545405 4.68
7.561394 4.68
7.586628 4.68
7.597395 4.68
7.627753 4.68
7.638517 4.34
7.668878 4.68
7.684878 4.68
7.718520 4.68
7.734520 4.34
7.759754 4.68
7.770519 4.34
7.800879 4.68
7.816879 4.68
7.842129 4.34
7.852879 4.68
7.883396 4.34
7.899522 4.34
7.924755 4.68
7.937282 4.68
7.965880 4.68
7.981880 4.68
8.008881 4.68
8.019756 4.68
8.051881 4.68
8.062631 4.68
8.093006 4.68
8.103756 4.68
8.134399 4.34
8.150524 4.68
8.175757 4.68
8.188132 4.34
8.216882 4.68
8.232882 4.34
8.258007 4.68
8.268882 4.34
8.299412 4.68
8.315524 4.34
8.340633 4.68
8.351398 4.68
8.381633 4.68
8.392401 4.34
8.422634 4.68
8.433402 4.34
8.463634 4.68
8.474401 4.34
8.504634 4.34
8.515401 4.68
8.545760 4.68
8.561759 4.68
8.586885 4.68
8.602759 4.68
8.633527 4.68
8.644402 4.34
8.674528 4.68
8.685290 4.68
8.715760 4.34
8.731761 4.34
8.756886 4.34
8.767635 4.68
8.803526 4.68
8.814289 4.68
8.844762 4.34
8.857137 4.68
8.885887 4.68
8.896637 4.68
8.932529 4.68
8.943290 4.68
8.973762 4.68
8.989762 4.68
9.014887 4.68
9.025762 4.34
9.061531 4.34
9.072291 4.68
9.102638 4.68
9.113406 4.68
9.143639 4.34
9.154404 4.68
9.184764 4.34
9.200764 4.68
9.225889 4.68
9.236764 4.34
9.272531 4.68
9.283293 4.68
9.313764 4.68
9.329640 4.68
9.354890 4.68
9.365640 4.68
9.401294 4.68
9.412019 4.34
9.442640 4.68
9.453534 4.68
9.483641 4.68
9.494534 4.68
9.524891 4.68
9.535766 4.68
9.571534 4.68
9.582533 4.68
9.612642 4.68
9.623534 4.68
9.653642 4.68
9.664533 4.34
9.694767 4.34
9.710768 4.34
9.735893 4.68
9.746643 4.68
9.782533 4.68
9.793295 4.68
9.823643 4.68
9.834535 4.68
9.864769 4.68
9.880644 4.68
9.905894 4.34
9.916644 4.68
9.952534 4.68
9.963300 4.68
9.993645 4.68
10.004537 4.68
10.034645 4.68
10.045537 4.68
10.075770 4.68
10.091770 4.68
10.116896 4.34
10.127771 4.68
10.163539 4.34
10.174298 4.68
10.204646 4.68
10.215539 4.68
10.245771 4.68
10.261772 4.34
10.286897 4.34
10.297646 4.68
10.333414 4.68
10.349299 4.34
10.374648 4.68
10.385540 4.34
10.415648 4.34
10.426538 4.34
10.456773 4.34
10.472774 4.68
10.497898 4.68
10.508648 4.34
10.544300 4.68
10.555026 4.34
10.585649 4.68
10.598178 4.34
10.626774 4.68
10.642774 4.34
10.667899 4.68
10.678649 4.68
10.714303 4.68
10.725025 4.68
10.755651 4.68
10.768178 4.68
10.796650 4.68
10.807544 4.68
10.837650 4.68
10.850180 4.68
10.878776 4.34
10.894651 4.68
10.919901 4.68
10.930651 4.68
10.966303 4.68
10.978661 4.68
11.007652 4.68
11.020028 4.68
11.048777 4.68
11.064777 4.68
11.089902 4.68
11.100653 4.68
11.136305 4.34
11.148662 4.68
11.177653 4.68
11.190029 4.68
11.218778 4.34
11.234779 4.68
11.259904 4.68
11.270779 4.68
11.306310 4.68
11.322308 4.34
11.347655 4.34
11.360030 4.68
11.388780 4.68
11.404780 4.34
11.429905 4.68
11.440655 4.68
11.471308 4.68
11.483664 4.68
11.512655 4.68
11.528673 4.68
11.553655 4.68
11.569530 4.68
11.594655 4.34
11.607032 4.68
11.635655 4.68
11.651530 4.68
11.676655 4.68
11.692531 4.68
11.717656 4.68
11.733531 4.68
11.758656 4.68
11.774531 4.68
11.799656 4.68
11.815532 4.68
11.840656 4.34
11.856532 4.68
11.881656 4.68
11.897532 4.68
11.922657 4.68
11.938533 4.68
11.963657 4.68
11.979533 4.34
12.004658 4.68
12.020532 4.68
12.045658 4.68
12.061533 4.68
12.086659 4.68
12.102533 4.68
12.127658 4.34
12.143534 4.68
12.168659 4.68
12.184534 4.68
12.209659 4.68
12.225534 4.68
12.250659 4.68
12.266535 4.68
12.291660 4.68
12.307535 4.68
12.332660 4.68
12.348535 4.68
12.373660 4.68
12.389535 4.68
12.414660 4.68
12.430536 4.68
12.455661 4.68
12.471536 4.68
12.496661 4.68
12.512537 4.68
12.537662 4.68
12.553537 4.68
12.578662 4.68
12.594537 4.34
12.619662 4.68
12.635537 4.68
12.660662 4.68
12.676538 4.68
12.701663 4.34
12.717538 4.68
12.742663 4.68
12.758538 4.34
12.783663 4.68
12.799538 4.68
12.824664 4.68
12.840539 4.68
12.865664 4.68
12.881539 4.34
12.906664 4.34
12.922539 4.34
12.947664 4.68
12.963540 4.68
12.988664 4.68
13.004540 4.68
13.029665 4.68
13.045541 4.68
13.070665 4.34
13.086540 4.34
13.111665 4.68
13.127540 4.68
13.152666 4.68
13.168541 4.34
13.193666 4.68
13.209541 4.68
13.234667 4.34
13.250542 4.68
13.275667 4.68
13.291542 4.68
13.316667 4.34
13.332542 4.68
13.357667 4.68
13.373542 4.34
13.398668 4.34
13.414543 4.68
13.439668 4.34
13.455543 4.68
13.480668 4.34
13.496543 4.68
13.521668 4.34
13.537544 4.34
13.562669 4.68
13.578544 4.68
13.603669 4.68
13.619544 4.34
13.644670 4.68
13.660544 4.68
13.685670 4.68
13.701546 4.68
13.726670 4.68
13.742545 4.68
13.767670 4.68
13.783546 4.68
13.808670 4.68
13.824546 4.68
13.849671 4.68
13.865546 4.68
13.890671 4.68
13.906546 4.68
13.931672 4.68
13.947546 4.68
13.972672 4.68
13.988547 4.68
14.013672 4.68
14.029547 4.68
14.054672 4.68
14.070548 4.68
14.095672 4.34
14.111548 4.68
14.136673 4.68
14.152548 4.68
14.177673 4.68
14.193548 4.68
14.218673 4.68
14.234548 4.68
14.259674 4.68
14.275549 4.68
14.300674 4.68
14.316549 4.68
14.341674 4.68
14.357550 4.68
14.382675 4.68
14.398550 4.68
14.423675 4.68
14.439550 4.68
14.464675 4.68
14.480550 4.68
14.505675 4.34
14.521551 4.68
14.546676 4.68
14.557426 4.68
14.587677 4.68
14.598426 4.34
14.628676 4.68
14.639427 4.68
14.669677 4.68
14.680427 4.68
14.710677 4.68
14.721427 4.68
14.751678 4.68
14.762427 4.68
14.792678 4.68
14.803428 4.68
14.833677 4.34
14.844428 4.68
14.874678 4.68
14.885428 4.68
14.915678 4.68
14.926429 4.68
14.956679 4.68
14.967429 4.68
14.997679 4.68
15.008429 4.68
15.038680 4.68
15.049430 4.68
15.079680 4.68
15.090430 4.68
15.120680 4.68
15.131430 4.68
15.161680 4.68
15.172431 4.68
15.202680 4.68
15.213431 4.68
15.243681 4.68
15.254431 4.68
15.284681 4.68
15.295431 4.34
15.325681 4.68
15.336432 4.34
15.366682 4.68
15.377432 4.34
15.407682 4.34
15.418432 4.68
15.448682 4.68
15.459433 4.68
15.489683 4.68
15.500433 4.68
15.530683 4.68
15.541433 4.68
15.571683 4.68
15.582433 4.68
15.612683 4.68
15.623433 4.68
15.653683 4.68
15.664434 4.68
15.694684 4.68
15.705434 4.68
15.735684 4.68
15.746434 4.68
15.776685 4.68
15.787435 4.68
15.817685 4.34
15.828435 4.68
15.858685 4.68
15.869435 4.68
15.899685 4.68
15.910436 4.34
15.940685 4.68
15.951436 4.68
15.981686 4.68
15.992436 4.68
16.022686 4.68
16.033437 4.34
16.063687 4.68
16.074437 4.68
16.104687 4.68
16.115437 4.68
16.145687 4.34
16.156438 4.68
16.186687 4.68
16.197438 4.68
16.227688 4.68
16.238438 4.68
16.268688 4.34
16.279438 4.34
16.309688 4.34
16.320439 4.68
16.350689 4.68
16.361438 4.68
16.391689 4.34
16.402439 4.34
16.432689 4.68
16.443439 4.68
16.473689 4.68
16.484440 4.68
16.514690 4.68
16.525440 4.68
16.555690 4.68
16.566440 4.68
16.596691 4.68
16.607441 4.68
16.637691 4.68
16.648441 4.68
16.678691 4.68
16.689441 4.68
16.719691 4.68
16.730441 4.68
16.760692 4.68
16.771442 4.68
16.801692 4.68
16.812442 4.68
16.842692 4.68
16.853442 4.68
16.883693 4.68
16.894443 4.68
16.924693 4.68
16.935443 4.68
16.965693 4.68
16.976443 4.68
17.006693 4.68
17.017444 4.68
17.047693 4.68
17.058444 4.68
17.088694 4.68
17.099444 4.68
17.129694 4.68
17.140444 4.68
17.170694 4.68
17.181444 4.68
17.211695 4.68
17.222445 4.68
17.252695 4.68
17.263445 5.00
17.293695 4.68
17.304446 4.68
17.334696 4.68
17.345446 4.68
17.375697 4.68
17.386572 4.68
17.421823 4.68
17.432573 4.68
17.463074 4.68
17.479073 4.68
17.504592 4.68
17.520698 4.68
17.545698 4.68
17.556589 4.68
17.591949 4.68
17.602699 4.68
17.633355 4.68
17.644199 4.68
17.674700 4.68
17.685575 4.68
17.716076 4.68
17.732079 4.68
17.757355 4.68
17.768076 4.68
17.798575 4.68
17.809343 4.68
17.839700 4.68
17.850576 4.68
17.885951 4.68
17.896826 4.68
17.927355 4.68
17.938201 4.68
17.968577 4.68
17.979343 4.68
18.009577 4.68
18.020343 4.68
18.050577 4.68
18.061343 4.68
18.091702 4.68
18.102578 4.68
18.137953 4.68
18.148703 4.68
18.179357 4.68
18.190079 4.68
18.220703 4.34
18.231579 5.00
18.266954 4.68
18.277704 4.68
18.308219 4.68
18.318954 4.68
18.349595 4.68
18.365580 4.68
18.395955 4.68
18.406704 4.68
18.437358 4.68
18.448222 4.68
18.478580 4.68
18.489349 4.68
18.519706 4.68
18.530597 4.68
18.565956 4.68
18.576706 4.68
18.607360 4.68
18.618224 4.68
18.648707 4.68
18.659582 4.68
18.694957 4.68
18.710957 4.68
18.736361 4.68
18.747083 4.68
18.777707 4.68
18.788582 4.68
18.823958 4.68
18.834708 4.68
18.865363 4.68
18.877958 4.68
18.906583 4.34
18.917351 4.68
18.947708 4.68
18.958584 4.68
18.993958 4.68
19.006460 4.68
19.035477 4.68
19.051476 4.68
19.082086 4.68
19.092959 4.68
19.123601 4.68
19.134350 4.68
19.169960 4.68
19.185960 4.68
19.211478 4.68
19.227352 4.68
19.252710 4.68
19.263603 4.68
19.298961 4.68
19.311462 4.68
19.340365 4.68
19.352962 4.68
19.381587 4.68
19.392355 4.68
19.422587 4.68
19.433477 4.68
19.463712 4.68
19.474587 4.68
19.509962 4.68
19.522357 4.68
19.551366 4.68
19.567606 4.68
19.592713 4.68
19.603605 4.68
19.638964 4.68
19.654838 4.68
19.680366 4.68
19.696479 4.68
19.721714 4.68
19.732589 4.68
19.767964 4.68
19.783839 4.68
19.809367 4.68
19.825231 4.68
19.850715 4.68
19.861590 4.68
19.896965 4.68
19.912841 4.68
19.938369 4.68
19.954608 4.68
19.979716 4.68
19.990608 4.34
20.025966 4.68
20.041841 4.68
20.067371 4.68
20.083371 4.34
20.108592 4.68
20.119360 4.68
20.149717 4.68
20.160592 4.68
20.195967 4.68
20.211843 4.68
20.237372 4.68
20.253372 4.34
20.278593 4.68
20.289360 4.68
20.319718 4.68
20.330593 4.68
20.365968 4.68
20.381844 4.68
20.407249 4.68
20.417969 4.68
20.448611 4.68
20.459362 4.68
20.494970 4.68
20.510845 4.68
20.536374 4.68
20.552609 4.68
20.577720 4.68
20.588595 4.68
20.623970 4.68
20.639846 4.68
20.665375 4.68
20.681376 4.68
20.706596 4.68
20.717364 4.68
20.747721 4.68
20.758486 4.68
20.793972 4.68
20.809847 4.68
20.835377 4.68
20.851375 4.68
20.876722 4.68
20.887597 4.68
20.922972 4.68
20.938848 4.68
20.964376 4.68
20.980240 4.68
21.005723 4.68
21.016598 4.68
21.051974 4.68
21.067848 4.68
21.093377 4.68
21.109378 4.68
21.134724 4.68
21.145615 4.68
21.180974 4.68
21.196849 4.68
21.222379 4.68
21.238251 4.68
21.265351 4.68
21.276101 4.68
21.306620 4.68
21.317369 4.68
21.352975 4.68
21.368851 4.68
21.394378 4.68
21.410381 4.68
21.437352 4.68
21.448102 4.68
21.478727 4.68
21.489601 4.68
21.524977 4.68
21.540852 4.68
21.566381 4.68
21.582382 4.68
21.609354 4.68
21.620255 4.68
21.650618 4.68
21.661371 4.68
21.696978 4.68
21.712978 4.68
21.738380 4.68
21.754245 4.68
21.781355 4.68
21.792106 4.68
21.824355 4.68
21.835105 4.68
21.867355 4.68
21.878105 4.68
21.910355 4.68
21.921106 4.68
21.956855 4.68
21.969356 4.68
21.998107 4.68
22.008980 4.68
22.039382 4.68
22.055384 4.68
22.082357 4.68
22.093108 4.68
22.123627 4.68
22.134374 4.68
22.169982 4.68
22.185856 4.68
22.211388 4.68
22.227260 4.68
22.257981 4.68
22.268857 4.68
22.299387 4.68
22.315261 4.68
22.345983 4.68
22.361858 4.68
22.387387 4.68
22.403262 4.68
22.433983 4.68
22.449858 4.68
22.475386 4.68
22.491260 4.68
22.521766 4.68
22.532626 4.68
22.563111 4.68
22.573985 4.68
22.604387 4.68
22.620264 4.68
22.650860 4.68
22.666735 5.00
22.691985 4.68
22.707860 4.68
22.733387 4.68
22.744262 4.68
22.779736 4.68
22.790628 4.68
22.820861 4.68
22.836861 4.68
22.862112 4.68
22.872986 4.68
22.903391 5.00
22.914265 4.68
22.949737 4.68
22.960612 4.68
22.990862 4.68
23.006863 4.68
23.032113 4.68
23.042988 4.68
23.073266 4.68
23.089378 4.68
23.114631 4.68
23.125381 4.68
23.155863 4.68
23.171864 4.68
23.197115 4.68
23.207989 4.68
23.238269 4.68
23.254391 4.68
23.279629 4.68
23.290382 4.68
23.320865 4.68
23.336740 4.68
23.365268 4.68
23.381394 4.68
23.406632 4.68
23.417382 4.68
23.447866 4.68
23.463866 4.68
23.489117 4.68
23.499991 4.68
23.530396 4.68
23.541118 4.68
23.576991 4.68
23.587866 4.68
23.618396 4.68
23.629118 4.68
23.664992 4.68
23.675867 4.68
23.706507 4.68
23.717397 4.68
23.747868 4.68
23.763992 4.68
23.792273 4.68
23.808512 4.68
23.833633 4.68
23.844397 5.00
23.874869 4.68
23.890744 4.68
23.916119 4.68
23.926994 4.68
23.957398 4.68
23.968120 4.68
24.003995 4.68
24.014745 4.68
24.045399 4.68
24.056121 4.68
24.091870 4.68
24.107745 4.68
24.133120 4.68
24.143996 4.68
24.174398 4.68
24.185122 4.68
24.220996 4.68
24.231746 4.68
24.262402 4.68
24.273123 4.68
24.308872 4.68
24.324747 4.68
24.350122 4.68
24.360997 4.68
24.391277 4.68
24.407403 4.68
24.434278 4.68
24.445123 4.68
24.480873 4.68
24.496873 4.68
24.522124 4.68
24.532999 4.68
24.563403 4.68
24.574276 4.68
24.609998 4.68
24.620749 4.68
24.651403 4.68
24.662125 4.68
24.697874 4.68
24.713875 4.68
24.739126 4.68
24.750000 4.68
24.780405 4.68
24.791154 4.68
24.826876 4.68
24.843001 4.68
24.868126 4.68
24.879001 4.68
24.909405 4.68
24.920127 4.68
24.956001 4.68
24.969876 4.68
24.997406 4.68
25.008128 4.68
25.043877 4.68
25.060002 4.68
25.088282 4.68
25.104282 4.68
25.131254 4.68
25.142129 4.68
25.174159 4.68
25.185003 4.68
25.215519 4.68
25.226271 4.68
25.261878 4.68
25.277879 4.68
25.303157 4.68
25.319281 4.68
25.349754 4.68
25.362147 4.68
25.390879 4.68
25.406880 4.68
25.432130 4.68
25.444630 4.68
25.473397 4.68
25.484130 4.68
25.519881 4.68
25.536006 4.68
25.564285 4.68
25.580399 4.68
25.607160 4.68
25.618006 4.68
25.653756 4.68
25.669756 4.68
25.694882 4.68
25.705757 4.68
25.736132 4.68
25.752132 4.68
25.777401 4.68
25.788133 4.68
25.818758 4.68
25.834633 4.68
25.859883 4.68
25.870641 4.68
25.901286 4.68
25.917401 4.68
25.947759 4.68
25.963759 4.68
25.988884 4.68
25.999759 4.68
26.030289 5.00
26.041134 4.68
26.076759 4.68
26.092759 4.68
26.117885 4.68
26.128635 4.68
26.159290 4.68
26.170136 4.68
26.205760 4.68
26.221761 4.68
26.246886 4.68
26.257761 4.68
26.288136 4.68
26.304136 4.68
26.334762 4.68
26.350654 4.68
26.375887 4.68
26.386637 4.68
26.417137 4.68
26.433166 4.68
26.458402 4.68
26.469138 4.68
26.499762 5.00
26.515762 4.68
26.540888 4.68
26.551762 4.68
26.582293 4.68
26.593167 4.68
26.628889 4.68
26.639638 4.68
26.670293 4.68
26.681168 4.68
26.716889 4.68
26.727639 4.68
26.758166 4.68
26.774291 4.68
26.804890 4.68
26.815640 4.68
26.846294 4.68
26.857018 4.68
26.892890 4.68
26.903766 4.68
26.934171 4.68
26.950170 4.68
26.980890 4.68
26.991641 4.68
27.022169 4.68
27.038170 4.68
27.068892 4.68
27.079642 4.68
27.110295 5.00
27.121170 4.68
27.156892 4.68
27.167767 4.68
27.198172 4.68
27.214294 4.68
27.244893 4.68
27.255768 4.68
27.286172 4.68
27.302298 4.68
27.332893 4.68
27.343768 5.00
27.374172 4.68
27.390296 4.68
27.420894 4.68
27.431769 4.68
27.462299 4.68
27.473173 4.68
27.508770 4.68
27.524895 4.68
27.549895 4.68
27.560645 4.68
27.591298 4.68
27.602175 4.68
27.637895 4.68
27.648771 4.68
27.679299 4.68
27.690173 4.68
27.720771 4.68
27.736896 4.68
27.761897 4.68
27.772772 4.68
27.803301 4.68
27.814176 4.68
27.849897 4.68
27.860772 4.68
27.891177 4.68
27.907302 4.68
27.934176 4.68
27.945025 5.00
27.980898 4.68
27.991648 4.68
28.022303 4.68
28.033025 4.68
28.068899 4.68
28.079774 4.68
28.110178 4.68
28.126179 4.68
28.156774 4.68
28.172899 4.68
28.197899 4.68
28.208775 4.68
28.239180 4.68
28.255305 4.68
28.285900 4.68
28.296776 5.00
28.327177 4.68
28.343177 4.68
28.373776 4.68
28.389901 4.68
28.414901 4.68
28.425651 4.68
28.456306 4.68
28.467182 4.68
28.497652 4.68
28.510028 4.68
28.538777 4.68
28.549545 4.68
28.579902 4.68
28.590777 4.68
28.621307 4.68
28.632181 4.68
28.662653 4.68
28.678778 4.68
28.703653 4.68
28.716058 4.68
28.744654 4.68
28.760779 4.68
28.785779 5.00
28.796545 4.68
28.826904 4.68
28.837780 4.68
28.868306 4.68
28.879030 4.68
28.909655 4.68
28.925780 4.68
28.950655 4.68
28.966780 4.68
28.991655 4.68
29.007781 4.68
29.032781 4.68
29.043656 4.68
29.073906 4.68
29.084656 4.68
29.115183 4.68
29.125906 4.68
29.161781 4.68
29.172657 4.68
29.202907 4.68
29.213782 4.68
29.244191 4.68
29.255033 4.68
29.285658 4.34
29.301783 4.34
29.326658 4.34
29.342783 4.34
29.367783 4.34
29.378534 4.34
29.408908 4.34
29.419658 4.34
29.450424 4.34
29.461185 4.34
29.491784 4.34
29.502534 4.34
29.533035 4.34
29.549186 4.34
29.579784 4.34
29.590677 4.34
29.621036 4.34
29.637190 4.34
29.667785 4.34
29.678535 4.34
29.709037 4.34
29.725191 4.34
29.755785 4.34
29.766536 4.34
29.796911 4.34
29.807661 4.34
29.838190 4.34
29.849037 4.34
29.879662 4.34
29.895787 4.34
29.920787 4.34
29.931662 4.34
29.961912 4.34
29.972663 4.34
30.003316 4.34
30.014192 4.34
30.044663 4.34
30.060663 4.34
30.085663 4.34
30.101788 4.34
30.126664 4.34
30.142788 4.34
30.167664 4.34
30.183789 4.34
30.208789 4.34
30.219539 4.34
30.249914 4.34
30.260664 4.34
30.291317 4.34
30.302041 4.34
30.332665 4.34
30.348790 4.34
30.373790 4.34
30.384665 4.34
30.414915 4.34
30.427556 4.34
30.456194 4.34
30.467042 4.34
30.497666 4.34
30.513791 4.34
30.538791 4.34
30.549667 4.34
30.580059 4.34
30.596059 4.34
30.626792 4.34
30.637667 4.34
30.668059 4.34
30.684305 4.34
30.709802 4.34
30.720674 4.34
30.753067 4.34
30.763923 4.34
30.794672 4.34
30.810796 4.34
30.835920 4.34
30.848329 4.34
30.878924 4.34
30.889670 4.34
30.921924 4.34
30.932669 4.34
30.963198 4.34
30.974045 4.34
31.004685 4.34
31.015684 4.34
31.046305 4.34
31.057221 4.34
31.087926 4.34
31.104069 4.34
31.134799 4.34
31.145672 4.34
31.176173 4.34
31.187049 4.34
31.217562 4.34
31.233563 4.34
31.258671 4.34
31.274672 4.34
31.299672 4.34
31.315797 4.34
31.340797 4.34
31.351547 4.34
31.381922 4.34
31.394315 4.34
31.423201 4.34
31.433923 4.34
31.464564 4.34
31.480563 4.34
31.505674 4.34
31.516564 4.34
31.547254 4.34
