0.000000 0.000000
0.047212 4.34
0.058074 4.34
0.088443 4.02
0.101141 4.02
0.135484 2.34
0.151838 2.34
0.177485 2.34
0.193721 2.34
0.224091 2.34
0.240070 2.34
0.265191 2.34
0.281069 2.34
0.306190 2.34
0.322066 2.34
0.347189 2.34
0.363064 2.34
0.388189 2.66
0.404068 2.34
0.429188 2.34
0.445064 2.34
0.470188 2.34
0.486065 2.34
0.511188 2.34
0.527065 2.34
0.552189 2.34
0.568065 2.34
0.593190 2.34
0.609066 2.34
0.634190 2.34
0.650066 2.34
0.675189 2.34
0.691069 2.34
0.716190 2.66
0.726939 2.34
0.757455 2.34
0.773718 2.34
0.804353 2.34
0.815360 2.34
0.851237 2.34
0.862246 2.34
0.892832 2.34
0.903831 2.34
0.934466 2.34
0.950709 2.34
0.976154 2.34
0.987364 4.02
1.017829 4.02
1.028828 4.02
1.059465 4.02
1.075699 4.02
1.106232 4.02
1.117103 4.02
1.147696 4.02
1.158571 4.02
1.194100 4.02
1.210099 4.34
1.235585 4.02
1.251586 4.02
1.276695 4.02
1.287570 4.02
1.317695 4.02
1.328570 4.02
1.358696 4.02
1.369571 4.02
1.404946 4.02
1.420946 4.02
1.446527 4.02
1.462712 4.34
1.488222 4.34
1.499257 4.34
1.529579 4.34
1.540712 4.34
1.571277 4.34
1.582357 4.34
1.612829 4.34
1.623704 4.34
1.654489 4.34
1.670613 4.34
1.700953 4.34
1.717241 4.34
1.745241 4.34
1.755953 4.34
1.786592 4.34
1.802594 4.68
1.833077 4.34
1.849077 4.34
1.874593 4.34
1.890592 4.68
1.920949 4.68
1.931835 4.34
1.962617 4.34
1.973617 4.34
2.004250 4.34
2.015249 4.34
2.045830 4.68
2.056705 4.34
2.087364 4.34
2.098221 4.34
2.128703 4.34
2.139578 4.34
2.174952 4.34
2.185702 4.34
2.216232 4.68
2.227078 4.68
2.257703 4.68
2.268577 4.34
2.299363 4.34
2.315587 4.34
2.346249 4.34
2.357250 4.34
2.387707 4.34
2.398582 4.34
2.429225 4.34
2.440082 4.34
2.476081 4.34
2.492081 4.34
2.517595 4.34
2.533597 4.34
2.563954 4.34
2.574704 4.34
2.605366 4.34
2.617955 4.34
2.646596 4.34
2.657348 4.34
2.692956 4.34
2.705474 4.34
2.734358 4.34
2.746831 4.34
2.775581 4.34
2.786349 4.34
2.816581 4.02
2.827347 4.34
2.857707 4.34
2.868582 4.02
2.903957 4.34
2.916458 4.34
2.945361 4.34
2.957957 4.34
2.986708 4.34
2.997597 4.34
3.032958 4.34
3.045459 4.34
3.074360 4.34
3.090361 4.34
3.115708 4.34
3.126584 4.34
3.161958 4.34
3.177834 4.34
3.203362 4.34
3.219361 4.34
3.244709 4.34
3.255585 4.34
3.290960 4.02
3.303336 4.34
3.332363 4.34
3.348364 4.34
3.373710 4.34
3.384602 4.34
3.419961 4.34
3.435835 4.34
3.461479 4.34
3.477364 4.34
3.502586 4.34
3.513351 4.34
3.543711 4.34
3.554603 4.34
3.589962 4.34
3.605962 4.34
3.631365 4.34
3.647229 4.02
3.672605 4.34
3.683480 4.34
3.718963 4.34
3.734963 4.34
3.760365 4.34
3.776242 4.34
3.801713 4.34
3.812588 4.34
3.847963 4.34
3.863839 4.34
3.889367 4.34
3.905367 4.34
3.930589 4.34
3.941355 4.34
3.971714 4.34
3.982589 4.34
4.017964 4.34
4.033840 4.34
4.059368 4.34
4.075233 4.34
4.100715 4.34
4.111590 4.34
4.146966 4.34
4.162841 4.34
4.188369 4.34
4.204234 4.34
4.229591 4.02
4.240361 4.34
4.270717 4.34
4.281592 4.34
4.316967 4.34
4.332842 4.34
4.358370 4.34
4.374233 4.34
4.399592 4.34
4.410358 4.34
4.440593 4.34
4.451487 4.34
4.486968 4.34
4.502843 4.34
4.528373 4.34
4.544373 4.34
4.569594 4.34
4.580361 4.34
4.610719 4.34
4.621594 4.34
4.656969 4.34
4.672845 4.34
4.698372 4.34
4.714246 4.34
4.741347 4.34
4.752249 4.34
4.782612 4.34
4.793364 4.34
4.828970 4.34
4.844970 4.34
4.870373 4.34
4.886238 4.02
4.913348 4.34
4.924098 4.34
4.956348 4.34
4.967098 4.34
4.997722 4.34
5.008597 4.34
5.043972 4.34
5.059847 4.34
5.085376 4.34
5.101378 4.34
5.128349 4.34
5.139250 4.34
5.169614 4.34
5.180366 4.34
5.215973 4.34
5.231973 4.34
5.257379 4.34
5.273253 4.34
5.300351 4.34
5.311100 4.34
5.343351 4.02
5.354119 4.34
5.386368 4.34
5.397254 4.34
5.429351 4.34
5.440101 4.34
5.475850 4.34
5.486600 4.34
5.516976 4.34
5.532850 4.34
5.558493 4.34
5.569241 4.34
5.601384 4.34
5.612130 4.34
5.647976 4.34
5.658976 4.34
5.689495 4.34
5.700496 4.02
5.735976 4.34
5.746977 4.34
5.777383 4.34
5.793254 4.34
5.820371 4.34
5.831256 4.34
5.863370 4.34
5.874123 4.34
5.909853 4.34
5.925978 4.34
5.950979 4.34
5.966979 4.34
5.992381 4.34
6.008256 4.34
6.038979 4.34
6.054979 4.34
6.080258 4.34
6.092605 4.34
6.121620 4.34
6.132370 4.34
6.162854 4.34
6.178980 4.34
6.204107 4.34
6.214980 4.34
6.245386 4.34
6.261261 4.34
6.291981 4.34
6.307856 4.34
6.333385 4.34
6.344108 4.34
6.379981 4.34
6.390856 4.34
6.421498 4.34
6.432387 4.34
6.467982 4.34
6.478857 4.34
6.509374 4.34
6.520260 4.34
6.555983 4.34
6.566733 4.34
6.597389 4.34
6.608109 4.34
6.643984 4.34
6.654733 4.34
6.685387 4.34
6.696109 4.34
6.731984 4.34
6.742859 4.34
6.773389 4.34
6.784110 4.34
6.819985 4.34
6.830860 4.34
6.861387 4.34
6.872112 4.34
6.907985 4.34
6.918860 4.34
6.949111 4.34
6.959859 4.34
6.990111 4.34
7.000859 4.34
7.031111 4.34
7.041860 4.34
7.072112 4.34
7.082860 4.34
7.113112 4.34
7.123861 4.34
7.154113 4.34
7.164861 4.34
7.195112 4.34
7.205862 4.34
7.236112 4.34
7.246861 4.34
7.277113 4.34
7.287861 4.34
7.318113 4.34
7.328862 4.34
7.359114 4.34
7.369862 4.34
7.400114 4.34
7.410863 4.34
7.441114 4.34
7.451863 4.34
7.482114 4.34
7.492863 4.34
7.523114 4.34
7.533864 4.34
7.564114 4.34
7.574864 4.34
7.605114 4.34
7.615864 4.34
7.646115 4.34
7.656864 4.34
7.687115 4.34
7.697865 4.34
7.728116 4.34
7.738865 4.34
7.769116 4.34
7.779865 4.34
7.810116 4.34
7.820865 4.34
7.851116 4.34
7.866991 4.34
7.892117 4.34
7.902866 4.34
7.933117 4.34
7.943867 4.34
7.974117 4.34
7.984867 4.34
8.015118 4.34
8.025866 4.34
8.056118 4.34
8.066867 4.34
8.097118 4.34
8.107867 4.34
8.138118 4.34
8.148868 4.34
8.179119 4.34
8.189868 4.34
8.220119 4.34
8.230868 4.34
8.261120 4.34
8.271869 4.34
8.302119 4.34
8.312869 4.34
8.343119 4.34
8.353869 4.34
8.384120 4.34
8.396620 4.34
8.425120 4.34
8.435870 4.34
8.466121 4.34
8.476870 4.34
8.507121 4.34
8.519620 4.34
8.548123 4.34
8.558871 4.34
8.589123 4.34
8.601621 4.34
8.630124 4.34
8.642622 4.34
8.671124 4.34
8.681872 4.34
8.712123 4.34
8.724622 4.34
8.753124 4.34
8.765497 4.34
8.794124 4.34
8.806498 4.34
8.835124 4.34
8.847498 4.34
8.876124 4.34
8.888498 4.34
8.917125 4.34
8.929498 4.34
8.958125 4.34
8.970499 4.34
8.999126 4.34
9.011499 4.34
9.040126 4.34
9.052499 4.34
9.081126 4.34
9.093500 4.34
9.122125 4.34
9.138000 4.34
9.163125 4.34
9.175500 4.34
9.204126 4.34
9.220000 4.34
9.245126 4.34
9.257501 4.34
9.286126 4.34
9.298501 4.34
9.327126 4.34
9.343001 4.34
9.368127 4.34
9.380502 4.34
9.409127 4.34
9.425002 4.34
9.450127 4.34
9.466002 4.34
9.491128 4.34
9.507002 4.34
9.532128 4.34
9.548003 4.34
9.573254 4.34
9.584003 4.34
9.614254 4.34
9.625003 4.34
9.655254 4.34
9.666010 4.34
9.696255 4.34
9.707010 4.34
9.737255 4.34
9.748010 4.34
9.778256 4.34
9.789010 4.34
9.819255 4.34
9.830011 4.34
9.860255 4.34
9.871011 4.34
9.901256 4.34
9.912011 4.34
9.942256 4.34
9.953011 4.34
9.983256 4.34
9.994011 4.34
10.024257 4.34
10.035011 4.34
10.065257 4.34
10.076012 4.34
10.106257 4.34
10.117013 4.34
10.147258 4.34
10.158013 4.34
10.188258 4.34
10.199013 4.34
10.229258 4.34
10.240013 4.34
10.270259 4.34
10.281013 4.34
10.311259 4.34
10.322011 4.34
10.352259 4.34
10.363011 4.34
10.393259 4.34
10.404012 4.34
10.434260 4.34
10.445012 4.34
10.475260 4.34
10.486012 4.34
10.516260 4.34
10.527012 4.34
10.557260 4.34
10.568012 4.34
10.598260 4.34
10.609013 4.34
10.639261 4.34
10.650012 4.34
10.680261 4.34
10.691013 4.34
10.721262 4.34
10.732013 4.34
10.762262 4.34
10.773015 4.34
10.803418 4.34
10.814290 4.34
10.844764 4.34
10.860764 4.34
10.885889 4.34
10.896764 4.34
10.927292 4.34
10.938166 4.34
10.973764 4.34
10.989889 4.34
11.014889 4.34
11.025640 4.34
11.061530 4.34
11.072294 4.34
11.102765 4.34
11.118765 4.34
11.143890 4.34
11.154766 4.34
11.185293 4.34
11.196021 4.34
11.231891 4.34
11.242766 4.34
11.273293 4.34
11.284021 4.34
11.319891 4.34
11.330767 4.34
11.361296 4.34
11.372170 4.34
11.407892 4.34
11.418768 4.34
11.449172 4.34
11.465297 4.34
11.492144 4.34
11.502893 4.34
11.533284 4.34
11.544020 4.34
11.579894 4.34
11.590769 4.34
11.621299 4.34
11.632021 4.34
11.667894 4.34
11.678769 4.34
11.709173 4.34
11.725175 4.34
11.755895 4.34
11.766770 4.34
11.797175 4.34
11.813300 4.34
11.840048 4.34
11.850895 4.02
11.881300 4.34
11.892175 4.34
11.927896 4.34
11.938646 4.34
11.969300 4.34
11.980175 4.34
12.010646 4.34
12.023040 4.34
12.051772 4.34
12.067772 4.34
12.092897 4.34
12.103772 4.34
12.134176 4.34
12.145024 4.34
12.175648 4.34
12.188024 4.34
12.216773 4.34
12.227648 4.34
12.258024 4.34
12.274177 4.34
12.304774 4.34
12.315649 4.34
12.345899 4.34
12.356649 4.34
12.387304 4.34
12.398179 4.34
12.428650 4.34
12.444775 4.34
12.469649 4.34
12.485775 4.34
12.510775 4.34
12.521541 4.34
12.551901 4.34
12.562651 4.34
12.593178 4.34
12.603901 4.34
12.634541 4.34
12.645291 4.34
12.675652 4.34
12.691776 4.34
12.716777 4.34
12.727527 4.34
12.757902 4.34
12.768652 4.34
12.799307 4.34
12.810181 4.34
12.840653 4.34
12.856778 4.34
12.881653 4.34
12.897778 4.34
12.922653 4.34
12.938778 4.34
12.963778 4.34
12.974529 4.34
13.004904 4.34
13.015779 4.34
13.046183 4.34
13.057030 4.34
13.092779 4.34
13.103654 4.34
13.133905 4.34
13.144780 4.34
13.175308 4.34
13.186183 4.34
13.216655 4.34
13.232780 4.34
13.257780 4.34
13.268657 4.34
13.298906 4.34
13.309656 4.34
13.340184 4.34
13.351032 4.34
13.386781 4.34
13.397532 4.34
13.428033 4.34
13.444186 4.34
13.474782 4.34
13.485657 4.34
13.515907 4.34
13.526658 4.34
13.557187 4.34
13.568033 4.34
13.603783 4.34
13.614658 4.34
13.644908 4.34
13.655659 4.34
13.686188 4.34
13.697035 4.34
13.727659 4.34
13.743784 4.34
13.768784 4.34
13.779659 4.34
13.809909 4.34
13.820659 4.34
13.851188 4.34
13.862036 4.34
13.892660 4.34
13.908785 4.34
13.933660 4.34
13.949786 4.34
13.974786 4.34
13.985661 4.34
14.015911 4.34
14.026660 4.34
14.057192 4.34
14.067911 4.34
14.103786 4.34
14.114662 4.34
14.144912 4.34
14.157552 4.34
14.186317 4.34
14.197038 4.34
14.227662 4.34
14.243788 4.34
14.268663 4.34
14.284788 4.34
14.309663 4.34
14.325788 4.34
14.350663 4.34
14.366664 4.34
14.391663 4.34
14.407789 4.34
14.432789 4.34
14.443538 4.34
14.473914 4.34
14.486304 4.34
14.516918 4.34
14.527789 4.34
14.558194 4.34
14.568914 4.34
14.604790 4.34
14.615665 4.34
14.645915 4.34
14.658307 4.34
14.687193 4.34
14.697916 4.34
14.728557 4.34
14.740933 4.34
14.769791 4.34
14.780541 4.34
14.811060 4.34
14.827194 4.34
14.857792 4.34
14.868542 4.34
14.898917 4.34
14.911309 4.34
14.940196 4.34
14.951044 4.34
14.981566 4.34
14.993922 4.34
15.022668 4.34
15.033543 4.34
15.063668 4.02
15.074543 4.34
15.104669 4.34
15.115544 4.34
15.145794 4.34
15.156669 4.34
15.186919 4.34
15.199312 4.34
15.233560 4.34
15.249562 4.34
15.274670 4.02
15.285545 4.34
15.315670 4.34
15.326545 4.34
15.356671 4.34
15.367546 4.34
15.397796 4.34
15.408546 4.02
15.438921 4.34
15.454921 4.34
15.480200 4.34
15.491047 4.34
15.521671 4.34
15.532561 4.34
15.562797 4.34
15.573547 4.34
15.603922 4.34
15.619922 4.34
15.645202 4.34
15.656048 4.34
15.686673 4.34
15.697563 4.34
15.727673 4.02
15.738548 4.34
15.768673 4.34
15.779548 4.34
15.809673 4.34
15.820548 4.34
15.850674 4.34
15.861549 4.34
15.891674 4.34
15.902549 4.34
15.932675 4.34
15.943550 4.34
15.973675 4.34
15.984550 4.34
16.014675 4.34
16.025550 4.34
16.055801 4.34
16.066550 4.34
16.096926 4.34
16.112926 4.34
16.138205 4.02
16.149051 4.34
16.179676 4.34
16.190551 4.34
16.220677 4.34
16.231552 4.34
16.261677 4.34
16.272552 4.34
16.302677 4.34
16.313553 4.34
16.343803 4.34
16.354678 4.34
16.384928 4.34
16.400928 4.34
16.426204 4.34
16.437053 4.34
16.467569 4.34
16.483571 4.34
16.508679 4.34
16.519554 4.34
16.549804 4.34
16.560679 4.34
16.590929 4.02
16.606929 4.02
16.633934 4.34
16.644804 4.34
16.680571 4.34
16.696570 4.34
16.721680 4.34
16.732555 4.34
16.762805 4.34
16.773556 4.34
16.803931 4.34
16.819931 4.34
16.845199 4.34
16.855931 4.34
16.886572 4.34
16.902572 4.34
16.927682 4.34
16.938556 4.34
16.968682 4.34
16.979557 4.34
17.009682 4.02
17.020557 4.34
17.050682 4.34
17.061558 4.34
17.091683 4.34
17.102558 4.34
17.132683 4.02
17.143558 4.34
17.173683 4.34
17.184558 4.34
17.214683 4.34
17.225559 4.34
17.255809 4.34
17.268184 4.34
17.297061 4.34
17.307934 4.02
17.338578 4.34
17.354575 4.34
17.379685 4.34
17.390560 4.34
17.420685 4.34
17.431560 4.34
17.461686 4.34
17.472578 4.34
17.502685 4.34
17.513561 4.34
17.543811 4.34
17.556186 4.34
17.585062 4.34
17.595936 4.34
17.626579 4.34
17.642577 4.34
17.667687 4.34
17.678562 4.34
17.708687 4.34
17.719562 4.34
17.749687 4.34
17.760563 4.34
17.790687 4.34
17.801563 4.34
17.831688 4.34
17.842563 4.34
17.872688 4.34
17.883563 4.34
17.913689 4.34
17.924564 4.34
17.954689 4.34
17.965564 4.34
17.995689 4.34
18.006564 4.34
18.036690 4.34
18.047565 4.34
18.077815 4.34
18.093690 4.02
18.118940 4.34
18.129691 4.34
18.165332 4.34
18.176066 4.34
18.206581 4.34
18.217333 4.34
18.247566 4.02
18.258333 4.34
18.288566 4.34
18.299334 4.34
18.329567 4.02
18.340332 4.34
18.370567 4.34
18.381334 4.34
18.411567 4.34
18.422334 4.34
18.452568 4.34
18.463333 4.34
18.493567 4.34
18.504335 4.34
18.534584 4.02
18.545336 4.34
18.575568 4.34
18.586336 4.34
18.616569 4.34
18.627336 4.02
18.657694 4.34
18.668569 4.02
18.698694 4.34
18.709569 4.34
18.739819 4.34
18.755694 4.34
18.781071 4.34
18.791945 4.34
18.827585 4.34
18.838337 4.34
18.868820 4.34
18.884696 4.34
18.910072 4.34
18.920946 4.34
18.951588 4.34
18.962339 4.34
18.992821 4.34
19.008696 4.34
19.033946 4.02
19.044821 4.34
19.080587 4.34
19.091339 4.34
19.121697 4.34
19.132572 4.34
19.162822 4.34
19.178823 4.34
19.204074 4.34
19.214947 4.34
19.245590 4.02
19.256341 4.34
19.286824 4.34
19.302823 4.34
19.327949 4.34
19.338824 4.34
19.374590 4.34
19.385342 4.34
19.415700 4.34
19.426574 4.34
19.456825 4.02
19.472824 4.34
19.499834 4.34
19.510575 4.34
19.541077 4.34
19.551950 4.34
19.582590 4.34
19.593342 4.34
19.623826 4.02
19.639826 4.34
19.666836 4.34
19.677702 4.34
19.708078 4.34
19.718951 4.02
19.749592 4.34
19.760344 4.34
19.790827 4.34
19.806827 4.34
19.831827 4.34
19.847702 4.34
19.874837 4.34
19.885702 4.34
19.915953 4.34
19.926703 4.34
19.962472 4.02
19.978472 4.02
20.003704 4.34
20.016230 4.34
20.044828 4.34
20.060829 4.34
20.087714 4.34
20.098594 4.34
20.128829 4.34
20.144829 4.34
20.171715 4.34
20.182595 4.34
20.212830 4.34
20.228830 4.34
20.259234 4.34
20.271716 4.34
20.300705 4.34
20.313082 4.34
20.341830 4.34
20.352706 4.34
20.384731 4.34
20.395596 4.34
20.427716 4.34
20.438599 4.34
20.468831 4.34
20.484707 4.34
20.515235 4.34
20.525957 4.34
20.556599 4.34
20.567349 4.34
20.597833 4.34
20.608708 4.34
20.644237 4.34
20.656718 4.34
20.685709 4.34
20.701583 4.34
20.726834 4.34
20.737709 4.34
20.773238 4.34
20.789226 4.34
20.814602 4.34
20.825351 4.34
20.855834 4.34
20.871834 4.34
20.902239 4.34
20.918228 4.34
20.943710 4.02
20.959710 4.34
20.984835 4.34
20.995710 4.02
21.031239 4.34
21.041961 4.34
21.072602 4.34
21.083353 4.34
21.113836 4.34
21.124586 4.34
21.154962 4.34
21.165712 4.34
21.196366 4.34
21.212242 4.34
21.237588 4.34
21.248354 4.34
21.278588 4.34
21.289353 4.34
21.319713 4.34
21.335713 4.34
21.360838 4.34
21.371588 4.34
21.407230 4.34
21.417963 4.34
21.448597 4.34
21.459374 4.34
21.489840 4.34
21.500589 4.34
21.530838 4.34
21.541588 4.34
21.571838 4.34
21.582588 4.34
21.612839 4.34
21.623589 4.34
21.653839 4.34
21.664589 4.34
21.694839 4.34
21.705589 4.34
21.735839 4.34
21.746589 4.34
21.776840 4.34
21.787589 4.34
21.817840 4.34
21.828590 4.34
21.858842 4.34
21.869717 4.34
21.905244 4.34
21.915967 4.34
21.946608 4.34
21.957359 4.34
21.987842 4.34
21.998718 4.34
22.034246 4.34
22.044968 4.34
22.075608 4.34
22.086359 4.34
22.116843 4.34
22.127594 4.34
22.163241 4.34
22.173968 4.34
22.204611 4.34
22.215361 4.34
22.245844 4.34
22.256595 4.34
22.292239 4.34
22.302970 4.34
22.333612 4.34
22.346096 4.34
22.374845 4.34
22.385721 4.34
22.421249 4.34
22.437238 4.34
22.462596 4.34
22.473361 4.34
22.503597 4.34
22.514363 4.34
22.544722 4.34
22.560597 4.34
22.585847 4.34
22.596722 4.34
22.632240 4.34
22.648240 4.34
22.673615 4.34
22.686116 4.34
22.714848 4.34
22.725598 4.34
22.761241 4.34
22.773724 4.34
22.802614 4.34
22.815131 4.34
22.843848 4.34
22.854724 4.34
22.890241 4.34
22.906240 4.34
22.931614 4.02
22.944128 4.34
22.972849 4.34
22.983600 4.34
23.019255 4.34
23.035241 4.34
23.060618 4.34
23.072976 4.34
23.101850 4.02
23.112725 4.34
23.144630 4.34
23.155495 4.34
23.185851 4.34
23.196726 4.34
23.228620 4.34
23.239495 4.34
23.269852 4.34
23.280602 4.34
23.316121 4.34
23.332103 4.34
23.357618 4.34
23.373619 4.34
23.398853 4.34
23.409728 4.34
23.445245 4.34
23.461245 4.34
23.486478 4.34
23.497258 4.34
23.527729 4.34
23.543604 4.34
23.568854 4.34
23.579729 4.34
23.615246 4.34
23.631248 4.34
23.656620 4.34
23.672621 4.34
23.697854 4.34
23.708605 4.34
23.744260 4.34
23.760246 4.34
23.785622 4.34
23.801622 4.34
23.826855 4.34
23.837606 4.34
23.873249 4.34
23.889122 4.34
23.914606 4.34
23.930606 4.34
23.955732 4.34
23.971607 4.34
23.996857 4.34
24.007607 4.34
24.043260 4.34
24.059108 4.34
24.084626 4.34
24.100626 4.34
24.125733 4.34
24.141608 4.34
24.166858 4.34
24.177608 4.34
24.213262 4.34
24.229109 4.34
24.254608 4.34
24.270609 4.34
24.295734 4.34
24.311734 4.34
24.336859 4.34
24.347609 4.34
24.383251 4.34
24.399114 4.34
24.424625 4.34
24.440625 4.34
24.465610 4.34
24.481735 4.34
24.506610 4.34
24.522611 4.34
24.547736 4.34
24.563736 4.34
24.588861 4.34
24.599611 4.34
24.635254 4.34
24.651253 4.34
24.676629 4.34
24.692612 4.34
24.717737 4.34
24.733612 4.34
24.758862 4.34
24.769612 4.34
24.805255 4.34
24.821254 4.34
24.846632 4.34
24.862613 4.34
24.887613 4.34
24.903613 4.34
24.928738 4.34
24.944614 4.34
24.969864 4.34
24.980614 4.34
25.016268 4.34
25.032257 4.34
25.057631 4.34
25.073614 4.34
25.098740 4.34
25.114615 4.34
25.141617 4.34
25.152380 4.34
25.182740 4.34
25.198615 4.34
25.225617 4.34
25.236509 4.34
25.266741 4.34
25.282616 4.34
25.309617 4.34
25.320544 4.34
25.351294 4.34
25.362289 4.34
25.392871 4.34
25.403746 4.02
25.434514 4.34
25.450511 4.34
25.475869 4.34
25.486869 4.02
25.517274 4.34
25.528119 4.34
25.558618 4.34
25.574618 4.34
25.599760 4.34
25.610754 4.34
25.641287 4.34
25.652124 4.34
25.682748 4.34
25.693516 4.34
25.724121 4.34
25.736655 4.34
25.765513 4.34
25.777995 4.34
25.806637 4.02
25.822634 4.34
25.847745 4.34
25.858620 4.02
25.893995 4.34
25.904746 4.34
25.935399 4.34
25.946149 4.34
25.976621 4.34
25.987387 4.02
26.017746 4.02
26.028514 4.02
26.063996 4.34
26.074747 4.34
26.105400 4.34
26.116276 4.34
26.146622 4.34
26.157388 4.34
26.187623 4.34
26.198389 4.34
26.228623 4.34
26.239388 4.34
26.269623 4.34
26.280516 4.02
26.310623 4.34
26.321517 4.34
26.351749 4.34
26.362515 4.34
26.397999 4.34
26.408749 4.34
26.439402 4.34
26.450125 4.34
26.480625 4.34
26.491389 4.34
26.521624 4.02
26.532390 4.34
26.563340 4.34
