0.000000 0.000000
0.041857 4.34
0.052991 4.34
0.088897 4.34
0.099895 2.66
0.136148 2.66
0.152470 2.66
0.177715 2.66
0.193971 2.66
0.219327 2.66
0.230326 2.66
0.260856 2.66
0.271732 2.66
0.302212 2.66
0.318211 2.66
0.348730 2.66
0.359721 2.66
0.390212 2.66
0.406210 2.66
0.431195 2.66
0.442083 2.66
0.472195 2.66
0.483084 2.66
0.513196 2.66
0.524084 2.66
0.554196 2.66
0.565085 2.66
0.595212 2.34
0.606087 2.34
0.636321 2.66
0.647196 2.66
0.682571 2.66
0.698572 2.34
0.724090 2.66
0.740214 2.66
0.770859 2.66
0.781873 2.66
0.817711 2.34
0.828744 2.66
0.859339 2.66
0.870343 2.66
0.900978 2.66
0.917227 2.66
0.947971 2.66
0.964215 3.33
0.989754 4.34
1.000765 4.34
1.031332 4.34
1.042331 4.34
1.072862 4.34
1.083738 4.34
1.114219 4.34
1.125090 4.34
1.155733 4.34
1.166577 4.34
1.197090 4.34
1.213093 4.34
1.238214 4.34
1.249093 4.34
1.284577 4.34
1.300576 4.34
1.326092 4.34
1.342219 4.34
1.367202 4.34
1.378090 4.34
1.408327 4.34
1.419240 4.34
1.449993 4.34
1.466218 4.34
1.496860 4.34
1.507857 4.34
1.543716 4.34
1.554715 4.34
1.585337 4.34
1.596336 4.34
1.626981 4.34
1.643211 4.34
1.673861 4.34
1.684989 4.34
1.720714 4.34
1.731726 4.34
1.762102 4.34
1.772980 4.68
1.803733 4.68
1.814730 4.68
1.845340 5.00
1.856339 5.00
1.886977 5.00
1.903211 5.00
1.928335 5.00
1.939210 5.00
1.969745 5.00
1.980583 4.68
2.011225 5.00
2.022100 4.68
2.057582 5.00
2.073458 5.00
2.099114 5.00
2.115344 5.00
2.140717 5.00
2.151715 5.00
2.183999 4.68
2.194872 5.00
2.230746 5.00
2.241586 5.00
2.272228 4.68
2.283100 5.00
2.313738 5.00
2.324585 5.00
2.355098 5.00
2.371099 5.00
2.401916 5.00
2.414470 4.68
2.448716 5.00
2.459591 4.68
2.490340 4.68
2.501109 5.00
2.531714 5.00
2.542463 4.68
2.572853 4.68
2.583713 5.00
2.614231 5.00
2.625103 5.00
2.660587 5.00
2.676462 5.00
2.704997 4.68
2.721220 5.00
2.751890 5.00
2.764467 5.00
2.798717 5.00
2.809466 5.00
2.839979 5.00
2.855856 5.00
2.881215 5.00
2.892107 5.00
2.923981 5.00
2.934744 5.00
2.965339 5.00
2.976230 5.00
3.006868 5.00
3.017590 5.00
3.053716 5.00
3.064465 5.00
3.100622 12.32
3.116890 6.36
3.142113 6.36
3.153112 6.36
3.183595 6.36
3.199594 6.36
3.224985 6.36
3.240987 6.36
3.267969 6.36
3.278873 0.05
3.309108 6.36
3.319859 6.36
3.350110 6.36
3.360859 6.36
3.392969 6.36
3.403718 6.36
3.434110 6.36
3.444858 6.36
3.476984 6.36
3.487719 6.36
3.518112 6.36
3.528870 6.36
3.560999 6.36
3.571719 6.36
3.604000 6.36
3.614720 6.36
3.647002 6.36
3.657872 6.36
3.690001 6.36
3.700872 6.36
3.733003 6.36
3.743721 6.36
3.779595 6.36
3.795595 6.36
3.821000 6.36
3.836875 6.36
3.864001 6.36
3.874877 6.36
3.907002 6.36
3.917722 6.36
3.953597 6.36
3.969472 6.36
3.994989 6.36
4.010866 6.36
4.037991 6.36
4.048876 0.05
4.084606 0.05
4.100473 6.36
4.126002 6.36
4.141877 6.36
4.172606 6.36
4.188725 6.36
4.214004 6.36
4.229877 6.36
4.260606 6.36
4.276474 6.36
4.302004 6.36
4.317876 6.36
4.348608 6.36
4.364475 6.36
4.390005 6.36
4.405880 6.36
4.436475 6.36
4.452609 0.05
4.480879 11.65
4.497003 6.36
4.522118 6.36
4.532881 6.36
4.568477 6.36
4.584611 6.36
4.609755 6.36
4.620611 6.36
4.650992 6.36
4.666882 6.36
4.692228 6.36
4.702994 6.36
4.738478 6.36
4.754478 6.36
4.779883 6.36
4.809758 6.36
4.820606 6.36
4.851122 6.36
4.861882 6.36
4.897355 6.36
4.908119 6.36
4.938480 6.36
4.954480 6.36
4.979756 6.36
4.990607 6.36
5.021247 6.36
5.032122 6.36
5.062480 6.36
5.078608 6.36
5.103757 6.36
5.114609 6.36
5.145248 6.36
5.156123 6.36
5.186481 6.36
5.202481 6.36
5.227759 6.36
5.238609 6.36
5.269232 6.36
5.280123 6.36
5.315610 6.36
5.340124 6.36
5.350887 6.36
5.386483 6.36
5.402483 6.36
5.427763 6.36
5.438612 6.36
5.469125 6.36
5.479885 6.36
5.515483 6.36
5.531614 6.36
5.556889 6.36
5.586764 6.36
5.597616 6.36
5.628253 6.36
5.639126 6.36
5.669485 6.36
5.685615 6.36
5.710889 6.36
5.726889 6.36
5.752236 6.36
5.763126 6.36
5.798616 6.36
5.823126 6.36
5.833890 6.36
5.869486 12.00
5.885615 6.36
5.910767 6.36
5.921615 6.36
5.953893 6.36
5.964766 6.36
5.996894 6.36
6.007766 6.36
6.038238 6.36
6.049130 6.36
6.084363 6.36
6.095129 6.36
6.125488 6.36
6.141489 6.36
6.166616 6.36
6.177489 6.36
6.208133 6.36
6.218892 6.36
6.254364 6.36
6.266894 6.36
6.295490 6.36
6.311619 6.36
6.336769 6.36
6.347617 6.36
6.379866 6.36
6.390617 6.36
6.422894 6.36
6.433619 6.36
6.465895 6.36
6.476771 6.36
6.508894 6.36
6.519770 6.36
6.555366 6.36
6.567898 6.36
6.596492 6.36
6.612620 6.36
6.637772 6.36
6.650368 6.36
6.684493 6.36
6.700493 6.36
6.725770 6.36
6.738243 6.36
6.768870 6.36
6.779772 6.36
6.811870 6.36
6.822773 6.36
6.858493 6.36
6.874621 6.36
6.902897 6.36
6.919137 6.36
6.949370 6.36
6.965370 6.36
6.990495 6.36
7.006370 6.36
7.031775 6.36
7.047900 6.36
7.078371 6.36
7.094370 6.36
7.119496 6.36
7.130370 6.36
7.160900 6.36
7.176901 6.36
7.207372 6.36
7.223371 6.36
7.248497 6.36
7.264372 6.36
7.289774 6.36
7.305774 6.36
7.331140 6.36
7.341887 6.36
7.377624 6.36
7.388498 6.36
7.419141 6.36
7.430013 6.36
7.460374 6.36
7.476374 6.36
7.501499 6.36
7.512249 6.36
7.542775 6.36
7.558778 6.36
7.583890 6.36
7.594780 6.36
7.630499 6.36
7.641250 6.36
7.671904 6.36
7.682779 6.36
7.718500 6.36
7.729376 6.36
7.759779 6.36
7.775907 6.36
7.806501 6.36
7.817251 6.36
7.847905 6.36
7.858778 6.36
7.894501 6.36
7.905377 6.36
7.935781 6.36
7.951906 6.36
7.982502 6.36
7.993378 6.36
8.023905 6.36
8.034629 6.36
8.070503 6.36
8.081378 6.36
8.111905 6.36
8.122630 6.36
8.158504 6.36
8.169379 6.36
8.199906 6.36
8.210630 6.36
8.246505 6.36
8.257380 6.36
8.287784 6.36
8.303908 6.36
8.334505 6.36
8.345380 6.36
8.375785 6.36
8.391910 6.36
8.422505 6.36
8.433256 6.36
8.463784 6.36
8.479784 6.36
8.505148 6.36
8.516025 6.36
8.546256 6.36
8.557132 6.36
8.587257 6.36
8.598132 6.36
8.628257 0.05
8.639133 6.01
8.669383 6.36
8.685383 6.36
8.710507 6.36
8.721383 6.36
8.751786 6.36
8.767913 6.36
8.798508 6.36
8.809384 6.36
8.839785 6.36
8.855789 6.36
8.886384 6.36
8.902509 6.36
8.927509 6.36
8.938259 6.36
8.968790 6.36
8.984914 6.36
9.009915 6.36
9.020789 6.36
9.056385 6.36
9.072386 6.36
9.097510 6.36
9.108261 6.36
9.138788 6.36
9.154790 6.36
9.180153 6.36
9.190901 6.36
9.221387 6.36
9.237512 6.36
9.262512 6.36
9.273262 6.36
9.303792 6.36
9.319791 6.36
9.350512 6.36
9.361388 6.36
9.391792 6.36
9.407917 6.36
9.438514 6.36
9.449389 6.36
9.479792 6.36
9.500904 6.36
9.511670 6.36
9.547514 6.36
9.558390 6.36
9.588794 6.36
9.604920 6.36
9.635390 6.36
9.651515 6.36
9.676515 6.36
9.687390 6.36
9.717919 6.36
9.728793 6.36
9.764391 6.36
9.780516 6.36
9.805516 6.36
9.816266 6.36
9.846919 6.36
9.857643 6.36
9.893517 6.36
9.904267 6.36
9.934919 6.36
9.945797 6.36
9.981268 6.36
9.993644 6.36
10.022267 0.05
10.034644 6.36
10.063269 6.36
10.075645 6.36
10.104394 6.36
10.120519 6.36
10.145519 6.36
10.156269 6.36
10.186798 6.36
10.202798 6.36
10.233519 6.36
10.244519 6.36
10.274799 6.36
10.285646 6.36
10.316270 6.36
10.332396 6.36
10.357395 6.36
10.368270 6.36
10.398521 6.36
10.409270 6.36
10.439798 6.36
10.450647 6.36
10.481163 6.36
10.491913 6.36
10.522272 6.36
10.538272 6.36
10.563272 6.36
10.579397 6.36
10.604272 6.36
10.620272 6.36
10.645397 6.36
10.656273 6.36
10.686523 6.36
10.697398 6.36
10.727802 6.36
10.738649 6.36
10.774399 6.36
10.785148 6.36
10.815524 6.36
10.826274 6.36
10.856804 6.36
10.867650 6.36
10.898165 6.36
10.908918 6.36
10.939275 6.36
10.955400 6.36
10.980275 6.36
10.996400 6.36
11.021275 6.36
11.037276 6.36
11.062276 6.36
11.078401 6.36
11.103276 6.36
11.119277 6.36
11.144276 6.36
11.160402 6.36
11.185276 6.36
11.201401 6.36
11.226277 6.36
11.242402 6.36
11.267277 6.36
11.283402 6.36
11.308278 6.36
11.324402 6.36
11.349278 6.36
11.365403 6.36
11.390277 6.36
11.406279 6.36
11.431278 12.32
11.447404 6.36
11.472279 6.36
11.488404 6.36
11.513280 6.36
11.529404 6.36
11.554279 6.36
11.570404 6.36
11.595280 6.36
11.611405 6.36
11.636280 6.36
11.652280 6.36
11.677280 6.36
11.693405 6.36
11.718280 6.36
11.734406 6.36
11.759280 6.36
11.775406 6.36
11.800281 6.36
11.816407 6.36
11.841281 6.36
11.857406 6.36
11.882282 6.36
11.898407 6.36
11.923282 6.36
11.939407 6.36
11.964282 6.36
11.980408 6.36
12.005282 6.36
12.021408 6.36
12.046283 6.36
12.062408 6.36
12.087284 6.36
12.103408 6.36
12.128283 6.36
12.144409 6.36
12.169284 6.36
12.185410 6.36
12.210284 6.36
12.226409 6.36
12.251284 6.36
12.267285 6.36
12.292285 6.36
12.308410 6.36
12.333285 6.36
12.349411 6.36
12.374661 6.36
12.390786 6.36
12.417665 6.36
12.428536 6.36
12.460665 6.36
12.471536 6.36
12.507412 6.36
12.518162 6.36
12.548663 6.36
12.564787 6.36
12.595412 6.36
12.606163 6.36
12.636537 6.36
12.647287 6.36
12.679542 6.36
12.690288 6.36
12.722543 6.36
12.733288 6.36
12.765543 6.36
12.776288 6.36
12.806789 12.32
12.817539 6.36
12.853415 6.36
12.864164 6.36
12.894665 6.36
12.910790 6.36
12.937544 6.36
12.948290 6.36
12.984183 6.36
12.996544 6.36
13.025415 6.36
13.036166 6.36
13.066667 6.36
13.082541 6.36
13.109545 6.36
13.120291 6.36
13.156184 6.36
13.168545 6.36
13.197417 6.36
13.208166 6.36
13.238668 6.36
13.249542 6.36
13.285418 6.36
13.296167 6.36
13.326669 6.36
13.337542 6.36
13.373418 6.36
13.384168 6.36
13.414669 6.36
13.425544 6.36
13.461419 6.36
13.472169 6.36
13.502544 6.36
13.518544 6.36
13.549186 6.36
13.565187 6.36
13.590420 6.36
13.601295 6.36
13.631671 6.36
13.642545 6.36
13.678420 6.36
13.689170 6.36
13.719546 6.36
13.735546 6.36
13.766189 6.36
13.782188 6.36
13.807421 6.36
13.818172 6.36
13.848547 6.36
13.864547 6.36
13.895191 6.36
13.911189 6.36
13.936422 6.36
13.947173 6.36
13.977674 6.36
13.988548 6.36
14.024189 6.36
14.040190 6.36
14.065423 6.36
14.076298 6.36
14.106675 6.36
14.117549 6.36
14.153192 6.36
14.169192 6.36
14.194549 0.05
14.210549 6.36
14.241193 6.36
14.257192 6.36
14.282425 6.36
14.293175 6.36
14.323676 6.36
14.334551 6.36
14.370191 6.36
14.386193 6.36
14.411425 6.36
14.422176 6.36
14.452677 6.36
14.463551 6.36
14.499427 6.36
14.510176 6.36
14.540677 6.36
14.551551 6.36
14.587194 6.36
14.603193 6.36
14.628427 6.36
14.639178 6.36
14.669553 6.36
14.685553 6.36
14.716195 12.32
14.732195 6.36
14.757429 6.36
14.768179 6.36
14.798554 6.36
14.814554 6.36
14.839834 6.36
14.850680 6.36
14.881305 6.36
14.892180 6.36
14.922430 6.36
14.933305 6.36
14.963681 6.36
14.974555 6.36
15.010430 6.36
15.021180 6.36
15.051682 6.36
15.062556 6.36
15.093198 6.36
15.109200 6.36
15.134431 6.36
15.146949 6.36
15.175557 6.36
15.191557 6.36
15.222201 6.36
15.238199 6.36
15.263432 6.36
15.275949 6.36
15.304683 6.36
15.315558 6.36
15.347562 6.36
15.358308 6.36
15.394200 6.36
15.410198 6.36
15.435434 6.36
15.447949 6.36
15.476559 6.36
15.492559 6.36
15.523309 6.36
15.534200 6.36
15.564434 6.36
15.576825 6.01
15.605687 6.36
15.616560 6.36
15.652202 6.36
15.668204 6.36
15.693436 6.36
15.705826 6.36
15.734688 6.36
15.745561 6.36
15.775965 6.36
15.788441 6.36
15.817312 6.36
15.828187 6.36
15.858437 6.36
15.870828 6.36
15.899688 6.36
15.910562 6.36
15.940966 6.36
15.957080 6.36
15.982313 6.36
15.993188 6.36
16.023438 6.36
16.039438 6.36
16.064563 6.36
16.075313 6.36
16.111205 6.36
16.121954 6.36
16.152189 6.36
16.162954 6.36
16.193189 6.36
16.203956 6.36
16.234315 6.36
16.245190 6.36
16.275440 6.36
16.291440 6.36
16.316565 6.36
16.327315 6.36
16.363208 6.36
16.373956 6.36
16.404316 6.36
16.415191 6.36
16.445441 6.36
16.461441 6.36
16.486693 6.36
16.497566 6.36
16.528210 6.36
16.538960 6.36
16.569442 6.36
16.585442 6.36
16.610568 6.36
16.621442 6.36
16.657210 6.36
16.667960 6.36
16.698318 6.36
16.709193 6.36
16.739443 6.36
16.755443 6.36
16.780695 6.36
16.791569 6.36
16.821972 6.36
16.837959 6.36
16.863195 6.36
16.873961 6.36
16.904320 6.36
16.915195 6.36
16.945445 6.36
16.961445 0.05
16.989697 12.32
17.000570 6.36
17.036212 6.36
17.046962 6.36
17.077196 6.36
17.087963 6.36
17.118321 6.36
17.129197 6.36
17.159446 6.36
17.175447 6.36
17.200698 6.36
17.211572 6.36
17.241976 6.36
17.252698 6.36
17.283198 6.36
17.293964 12.32
17.324198 6.36
17.334963 6.36
17.365198 6.36
17.375966 6.36
17.406198 6.36
17.416964 6.36
17.447199 6.36
17.457966 6.36
17.488324 6.36
17.499199 6.36
17.529449 6.36
17.545449 6.36
17.570701 6.36
17.581575 6.36
17.612218 6.36
17.622967 6.36
17.653450 6.36
17.669325 6.36
17.696460 6.36
17.707326 6.36
17.737576 6.36
17.748326 6.36
17.784219 6.36
17.794968 6.36
17.825326 6.36
17.836203 6.36
17.866452 6.36
17.882452 6.36
17.907704 6.36
17.918577 6.36
17.948983 6.36
17.964969 6.36
17.990203 6.36
18.000968 6.36
18.031203 6.36
18.041969 6.36
18.072329 6.36
18.084855 6.36
18.113454 6.36
18.129454 6.36
18.156464 6.36
18.167204 6.36
18.199478 6.36
18.210205 6.36
18.241097 6.36
18.257098 6.36
18.282205 6.36
18.292972 6.36
18.323331 6.36
18.335707 6.36
18.364456 6.01
18.380456 6.36
18.407340 6.36
18.418222 6.36
18.448456 6.36
18.464457 6.36
18.491340 6.36
18.502224 6.36
18.532457 6.36
18.548457 6.36
18.575363 6.36
18.586222 6.36
18.618357 6.36
18.629226 6.36
18.664863 6.36
18.675583 6.36
18.706224 6.36
18.716975 6.36
18.747459 6.36
18.758209 6.36
18.790343 6.36
18.801224 6.36
18.831459 6.36
18.842209 6.36
18.877862 6.36
18.888585 6.36
18.919228 6.36
18.929976 6.36
18.960211 6.36
18.970977 6.36
19.001336 6.36
19.017210 6.36
19.042461 6.36
19.053336 6.36
19.088853 6.36
19.104854 6.36
19.130230 6.36
19.140978 6.36
19.171462 6.36
19.182212 6.36
19.217854 6.36
19.228587 6.36
19.259228 6.36
19.269981 6.36
19.300463 6.36
19.311213 6.36
19.346867 6.36
19.362853 6.36
19.388231 6.36
19.398979 6.36
19.429214 6.36
19.440104 6.36
19.470214 6.36
19.480981 6.36
19.511339 6.36
19.527340 6.36
19.552464 6.36
19.563340 6.36
19.598869 6.36
19.614855 6.36
19.640106 6.36
19.650855 6.36
19.681108 6.36
19.691857 6.36
19.722216 6.36
19.732982 6.36
19.763217 12.32
19.773983 6.36
19.804217 6.36
19.814984 6.36
19.845342 6.36
19.861217 6.36
19.886467 6.36
19.897342 6.36
19.932872 6.36
19.948860 6.36
19.974109 6.36
19.984861 6.36
20.015343 6.36
20.031343 6.36
20.056468 6.36
20.067343 6.36
20.102873 6.36
20.118861 6.36
20.144111 6.36
20.154862 6.36
20.185112 6.36
20.195860 6.36
20.226220 6.36
20.236988 6.36
20.267345 6.36
20.283221 6.36
20.308470 6.36
20.319221 6.36
20.355111 6.36
20.365861 6.36
20.396346 6.36
20.412346 6.36
20.437471 6.36
20.448222 6.36
20.483875 6.36
20.494597 6.36
20.525114 6.36
20.535862 6.36
20.566348 6.36
20.582348 6.36
20.607473 6.36
20.618223 6.36
20.654115 6.36
20.664875 6.36
20.695223 6.36
20.705989 6.36
20.736224 6.36
20.746990 6.36
20.777224 6.36
20.789724 6.36
20.818350 6.36
20.834349 6.36
20.859475 6.36
20.870350 6.36
20.900879 6.36
20.913351 6.36
20.942350 6.36
20.958350 6.36
20.983475 6.36
20.994226 6.36
21.024879 6.36
21.040880 6.36
21.066116 6.36
21.076880 6.36
21.107226 6.36
21.119756 6.36
21.148227 12.00
21.160608 6.36
21.189352 6.36
21.205352 6.36
21.230477 6.36
21.241353 6.36
21.276883 6.36
21.289228 6.36
21.318228 6.36
21.330610 6.36
21.359353 6.36
21.375228 6.36
21.400479 6.36
21.411354 6.36
21.446884 6.36
21.462881 6.36
21.488230 6.36
21.500607 6.36
21.529355 6.36
21.545230 6.36
21.570480 6.36
21.581355 6.36
21.611885 6.36
21.627885 6.36
21.653231 6.36
21.665609 6.36
21.694356 6.36
21.710356 6.36
21.735481 6.36
21.746356 6.36
21.776884 6.36
21.792761 6.36
21.818232 6.36
21.830611 6.36
21.859482 6.36
21.870357 6.36
21.900886 6.36
21.916761 6.36
21.942233 6.36
21.958233 6.36
21.983358 6.36
21.999359 6.36
22.024484 6.36
22.035359 6.36
22.065887 6.36
22.081888 6.36
22.107127 6.36
22.117888 6.36
22.148360 6.36
22.164359 6.36
22.189484 6.36
22.200360 6.36
22.230888 6.36
22.246887 6.36
22.272236 6.36
22.288236 6.36
22.313236 6.36
22.329128 6.36
22.354236 6.36
22.370236 6.36
22.395237 6.36
22.411236 6.36
22.436237 6.36
22.452129 6.36
22.477362 6.36
22.493362 6.36
22.518487 0.05
22.529363 5.69
22.564890 6.36
22.580768 6.36
22.606238 6.36
22.622238 6.36
22.647363 6.36
22.663238 6.36
22.688488 6.36
22.699238 6.36
22.734890 6.36
22.750768 6.36
22.776240 6.36
22.792239 6.36
22.817365 6.36
22.833239 6.36
22.858490 6.36
22.869365 6.36
22.899894 6.36
22.915895 6.36
22.941134 6.36
22.951894 6.36
22.982241 6.36
22.998130 6.36
23.023241 6.36
23.039132 6.36
23.064241 6.36
23.080133 6.36
23.105242 6.36
23.121135 6.36
23.146242 6.36
23.162133 6.36
23.187242 6.36
23.203135 6.36
23.228243 6.36
23.244135 6.36
23.269243 6.36
23.285135 6.36
23.310243 6.36
23.326118 6.36
23.351243 6.36
23.367118 6.36
23.392369 6.36
23.408244 6.36
23.435272 6.36
23.446137 6.36
23.478262 6.36
23.489136 6.36
23.521246 6.36
23.532137 6.36
23.562370 6.36
23.573121 6.36
23.605247 6.36
23.616137 6.36
23.646246 6.36
23.662246 6.36
23.687246 6.36
23.703121 6.36
23.728371 6.36
23.739121 6.36
23.771248 6.36
23.782136 6.36
23.812247 6.36
23.828122 6.36
23.853247 6.36
23.869123 6.36
23.894372 6.36
23.905123 0.05
23.940624 12.32
23.953249 6.36
23.981900 6.36
23.992777 6.36
24.023249 6.36
24.039124 6.36
24.064249 6.36
24.080249 6.36
24.105374 6.36
24.116124 6.36
24.151778 6.36
24.167778 6.36
24.193250 6.36
24.209250 6.36
24.234250 6.36
24.245142 6.36
24.275250 6.36
24.286126 6.36
24.316251 6.36
24.327126 6.36
24.362630 6.36
24.378780 6.36
24.404145 6.36
24.416502 6.36
24.445377 6.36
24.456252 6.36
24.491628 6.36
24.507660 6.36
24.533145 6.36
24.549144 6.36
24.574378 6.36
24.585128 6.36
24.620782 6.36
24.636782 6.36
24.662253 6.36
24.678129 6.36
24.703254 6.36
24.714129 6.36
24.744254 6.36
24.755129 6.36
24.785254 6.36
24.796130 6.36
24.826254 6.36
24.837130 6.36
24.867380 6.36
24.878255 6.36
24.913631 6.36
24.929634 6.36
24.955149 6.36
24.971147 6.36
24.996131 6.36
25.012256 6.36
25.037131 6.36
25.053146 6.36
25.078257 6.36
25.094257 6.36
25.119257 6.36
25.130149 6.36
25.160257 6.36
25.171132 6.36
25.201257 6.36
25.212132 6.36
25.242258 6.36
25.253133 6.36
25.283258 6.36
25.294133 0.05
25.324258 12.32
25.335134 6.36
25.365258 6.36
25.376150 6.36
25.406259 6.36
25.417134 6.36
25.447259 6.36
25.458134 6.36
25.488259 6.36
25.499135 6.36
25.529385 6.36
25.540135 6.36
25.575637 6.36
25.591637 6.36
25.617152 6.36
25.633151 6.36
25.658261 6.36
25.669153 6.36
25.699261 6.36
25.710136 6.36
25.740261 6.36
25.751137 6.36
25.781262 6.36
25.792137 6.36
25.822262 6.36
25.833137 6.36
25.863262 6.36
25.874138 6.36
25.904262 6.36
25.915138 6.36
25.945388 6.36
25.956263 6.36
25.991640 6.36
26.007643 6.36
26.033156 6.36
26.049156 6.36
26.074264 6.36
26.090139 6.36
26.115264 6.36
26.126140 6.36
26.156265 6.36
26.167140 6.36
26.197390 6.36
26.208140 6.36
26.243641 6.36
26.259645 6.36
26.285157 6.36
26.301157 6.36
26.326266 6.36
26.342267 6.36
26.367266 6.36
26.378141 6.36
26.408266 6.36
26.419142 6.36
26.449267 6.36
26.460142 6.36
26.490267 6.36
26.501142 6.36
26.531268 6.36
26.542160 6.36
26.572268 6.36
26.583143 6.36
26.613268 6.36
26.624144 6.36
26.654268 6.36
26.665144 6.36
26.695268 0.05
26.706144 6.36
26.741519 6.36
26.752269 6.36
26.782799 6.36
26.798649 6.36
26.824145 6.36
26.840163 6.36
26.865145 6.36
26.881270 6.36
26.906145 6.36
26.922145 6.36
26.947271 6.36
26.958145 6.36
26.988271 6.36
26.999146 6.36
27.031023 6.36
27.041926 6.36
27.072165 6.36
27.088163 6.36
27.113147 6.36
27.129147 6.36
27.154147 6.36
27.170147 6.36
27.195147 6.36
27.211165 6.36
27.236148 6.36
27.252148 6.36
27.277148 6.36
27.287916 6.36
27.318148 6.36
27.328916 6.36
27.359149 6.36
27.369917 6.36
27.400149 6.36
27.410916 6.36
27.441274 6.36
27.452150 6.36
27.482274 6.36
27.493150 6.36
27.523275 6.36
27.534150 6.36
27.564275 6.36
27.575150 6.36
27.605276 6.36
27.616151 6.36
27.646276 6.36
27.657151 6.36
27.687276 6.36
27.698151 6.36
27.728277 6.36
27.739152 6.36
27.769277 6.36
27.780152 6.36
27.810277 6.36
27.821153 6.36
27.851277 6.36
27.862153 6.36
27.892278 6.36
27.903153 6.36
27.933278 6.36
27.944153 6.36
27.974278 6.36
27.985153 6.36
28.015279 6.36
28.026154 6.36
28.056279 6.36
28.067154 6.36
28.097279 12.00
28.108155 6.36
28.138280 6.36
28.149155 6.36
28.179279 6.36
28.190172 6.36
28.220280 6.36
28.231155 6.36
28.261280 6.36
28.272156 6.36
28.302281 6.36
28.313156 6.36
28.343281 6.36
28.354156 6.36
28.384282 6.36
28.395157 6.36
28.425282 6.36
28.436157 6.36
28.466282 6.36
28.477047 6.36
28.507282 6.36
28.518157 6.36
28.548282 6.36
28.559158 6.36
28.589283 6.36
28.600158 6.36
28.630283 6.36
28.641158 6.36
28.671284 6.36
28.682159 6.36
28.712284 6.36
28.723159 6.36
28.753284 6.36
28.764159 6.36
28.794284 6.36
28.805159 6.36
28.837036 6.36
28.847937 6.36
28.878177 6.36
28.888925 6.36
28.919285 6.36
28.930161 6.36
28.962037 6.36
28.972927 6.36
29.003161 6.36
29.013929 6.36
29.044162 6.36
29.054929 6.36
29.085162 6.36
29.095928 6.36
29.126287 6.36
29.137162 6.36
29.169039 6.36
29.179788 6.36
29.210180 6.36
29.220929 6.36
29.253039 6.36
29.263943 6.36
29.294164 6.36
29.304931 6.36
29.335164 6.36
29.345930 6.36
29.376164 6.36
29.386932 6.36
29.417289 6.36
29.428164 6.36
29.463540 6.36
29.476069 5.69
29.504942 6.36
29.517415 6.36
29.546291 6.36
29.557166 6.36
29.592541 6.36
29.605042 6.36
29.633946 6.36
29.646291 6.36
29.675291 6.36
29.686166 6.36
29.721541 6.36
29.733918 6.36
29.762947 6.36
29.778944 6.36
29.804292 6.36
29.815168 6.36
29.850543 6.36
29.862919 6.36
29.891946 6.36
29.908185 6.36
29.933294 6.36
29.944169 6.36
29.979544 6.36
29.995543 6.36
30.020811 6.36
30.031670 6.36
30.062187 6.36
30.072936 6.36
30.103295 6.36
30.114170 6.36
30.149545 6.36
30.165545 6.36
30.190947 6.36
30.206822 6.36
30.232295 6.36
30.243170 6.36
30.278545 6.36
30.294421 6.36
30.319948 6.36
30.335813 6.36
30.361171 6.36
30.371939 6.36
30.402172 6.36
30.412937 6.36
30.443172 6.36
30.454065 6.36
30.484173 6.36
30.494937 6.36
30.525298 6.36
30.536173 6.36
30.571548 6.36
30.587423 6.36
30.612952 6.36
30.628951 6.36
30.654298 6.36
30.665191 6.36
30.700549 6.36
30.716424 6.36
30.741954 6.36
30.757817 6.36
30.783174 6.36
30.793942 6.36
30.824175 6.36
30.834941 6.36
30.865175 6.36
30.875941 6.36
30.906176 6.36
30.916940 6.36
30.947176 6.36
30.957942 6.36
30.988301 6.36
30.999176 6.36
31.034551 6.36
31.050427 6.36
31.075957 6.36
31.091957 6.36
31.117177 6.36
31.127945 6.36
31.158178 6.36
31.168943 6.36
31.200929 6.36
31.211678 6.36
31.242178 6.36
31.252943 6.36
31.283178 6.36
31.293952 6.36
31.325930 6.36
31.336834 6.36
31.367195 6.36
31.377947 6.36
31.413554 6.36
31.429555 6.36
31.454823 6.36
31.465698 6.36
31.501555 6.36
31.517430 6.36
31.543070 6.36
31.559072 6.36
31.584197 6.36
31.594949 6.36
31.630556 6.36
31.646556 6.36
31.671964 6.36
31.687960 6.36
31.714933 6.36
31.725825 6.36
31.756199 6.36
31.766950 6.36
31.798934 6.36
31.809837 6.36
31.840197 6.36
31.850948 6.36
31.882935 6.36
31.893838 6.36
31.924200 6.36
31.934951 6.36
31.966935 6.36
31.977827 6.36
32.008201 6.36
32.018952 6.36
32.050935 6.36
32.061838 6.36
32.092201 6.36
32.103076 6.36
32.138435 6.36
32.149185 6.36
32.179714 6.36
32.190560 6.36
32.221204 6.36
32.232076 6.36
32.262436 12.00
32.274954 6.36
32.303702 6.36
32.314561 6.36
32.344966 6.36
32.360966 6.36
32.391562 6.36
32.402437 6.36
32.432966 6.36
32.448842 6.36
32.479562 6.36
32.495562 6.36
32.521092 6.36
32.532080 6.36
32.562438 6.36
32.574845 6.36
32.606842 6.36
32.623078 6.36
32.648206 6.36
32.659082 6.36
32.689439 6.36
32.701842 6.36
32.730720 6.36
32.741564 6.36
32.772207 6.36
32.782955 6.36
32.818565 6.36
32.834440 6.36
32.859969 6.36
32.875967 6.36
32.906441 6.36
32.922566 6.36
32.947691 6.36
32.958566 6.36
32.988968 6.36
32.999692 6.36
33.035441 6.36
33.051442 6.36
33.076693 6.36
33.087567 6.36
33.117971 6.36
33.128847 6.36
33.164443 6.36
33.180568 6.36
33.208847 6.36
33.224970 6.36
33.250209 6.36
33.260961 6.36
33.291444 6.36
33.307319 6.36
33.332695 6.36
33.343569 6.36
33.373971 6.36
33.384695 6.36
33.420445 6.36
33.436570 6.36
33.461695 6.36
33.472570 6.36
33.502850 6.36
33.518848 6.36
33.544211 6.36
33.554961 6.36
33.585571 6.36
33.596446 6.36
33.626974 6.36
33.637850 6.01
33.673447 6.36
33.689446 6.36
33.714698 6.36
33.725571 6.36
33.755976 6.36
33.766851 6.36
33.802447 6.36
33.818447 6.36
33.843699 6.36
33.854573 6.36
33.884978 6.36
33.895700 6.36
33.931448 6.36
33.947324 6.36
33.972700 6.36
33.983574 6.36
34.013851 6.36
34.029841 6.36
34.055217 6.36
34.065966 6.36
34.096450 6.36
34.112450 6.36
34.137702 6.36
34.148574 6.36
34.179091 6.36
34.189855 6.36
34.220217 6.36
34.230966 6.36
34.266576 6.36
34.277326 6.36
34.307980 6.36
34.318856 6.36
34.354577 6.36
34.365327 6.36
34.395979 6.36
34.406703 6.36
34.442577 6.36
34.453452 6.36
34.483982 6.36
34.494856 6.36
34.530578 6.36
34.541328 6.36
34.571982 6.36
34.582705 6.36
34.618578 6.36
34.629454 6.36
34.659983 6.36
34.670859 6.36
34.706454 6.36
34.722580 6.36
34.747580 6.36
34.758329 6.36
34.788984 6.36
34.799859 6.36
34.835580 6.36
34.846331 6.36
34.876984 6.36
34.887858 6.36
34.923456 6.36
34.939456 6.36
34.964581 6.36
34.975456 6.36
35.005984 6.36
35.016708 6.36
35.052582 12.32
35.063332 6.36
35.093984 6.36
35.104709 6.36
35.140582 6.36
35.151333 6.36
35.182100 6.36
35.192987 6.36
35.223458 6.36
35.239458 6.36
35.264709 6.36
35.277334 6.36
35.305989 6.36
35.316864 6.36
35.352584 6.36
35.377100 6.36
35.387988 6.36
35.423460 6.36
35.439585 6.36
35.464711 6.36
35.477210 6.36
35.505987 6.36
35.516727 6.36
35.547336 6.36
35.563461 6.36
35.588461 6.36
35.604336 6.36
35.629585 6.36
35.640335 6.36
35.670729 6.36
35.683100 6.36
35.712105 6.36
35.722855 6.36
35.758462 6.36
35.769337 6.36
35.799714 6.36
35.812213 6.36
35.840990 6.36
35.851732 6.36
35.882339 6.36
35.898463 6.36
35.923464 6.36
35.934339 6.36
35.964714 6.36
35.980869 6.36
36.005991 6.36
36.016741 6.36
36.047215 6.36
36.057982 6.36
36.088340 6.36
36.104464 6.36
36.129465 6.36
36.140340 6.36
36.170716 6.36
36.186590 6.36
36.211995 6.36
36.222717 6.36
36.253217 6.36
36.263983 6.36
36.294216 6.36
36.304984 6.36
36.335342 6.36
36.351341 6.36
36.376467 6.36
36.387217 6.36
36.417717 0.05
36.433717 6.36
36.464343 6.36
36.480234 6.36
36.505468 6.36
36.516218 6.36
36.546593 6.36
36.557468 6.36
36.587997 6.36
36.598871 6.36
36.629344 6.36
36.645344 6.36
36.670469 6.36
36.681219 6.36
36.711720 6.36
36.727719 6.36
36.758345 6.36
36.774345 6.36
36.799470 6.36
36.810345 6.36
36.840875 6.36
36.851721 6.36
36.887346 6.36
36.903346 6.36
36.928471 6.36
36.939346 6.36
36.969874 6.36
36.980721 6.36
37.016347 6.36
37.032347 6.36
37.057472 6.36
37.068347 6.36
37.098877 6.36
37.109723 6.36
37.145241 6.36
37.155990 6.36
37.186473 6.36
37.197223 6.36
37.227877 6.36
37.238724 6.36
37.274349 6.36
37.290349 6.36
37.315474 6.36
37.326349 6.36
37.356878 6.36
37.367724 6.36
37.403350 6.36
37.419350 6.36
37.444475 6.36
37.455225 6.36
37.485879 6.36
37.496607 6.36
37.532350 6.36
37.548351 6.36
37.573476 6.36
37.584351 6.36
37.614727 6.36
37.630753 6.36
37.661352 6.36
37.677352 6.36
37.702477 6.36
37.713352 6.36
37.743882 6.36
37.754611 6.36
37.790477 6.36
37.801353 0.05
37.831882 6.36
37.842756 6.36
37.878478 6.36
37.889354 6.36
37.919884 6.36
37.930757 6.36
37.966479 6.36
37.977229 6.36
38.007884 6.36
38.018759 6.36
38.054354 6.36
38.070479 6.36
38.095480 6.36
38.106230 6.36
38.136884 6.36
38.147760 6.36
38.183481 6.36
38.194231 6.36
38.224884 6.36
38.235758 6.36
38.271481 6.36
38.282356 6.36
38.312885 6.36
38.323610 6.36
38.359482 6.36
38.370357 6.36
38.400885 6.36
38.411760 6.36
38.447482 6.36
38.458233 6.36
38.488884 6.36
38.499611 6.36
38.535483 6.36
38.546233 6.36
38.576889 6.36
38.587762 6.36
38.618234 6.36
38.634359 6.36
38.659234 6.36
38.675359 6.36
38.700359 6.36
38.711127 6.36
38.741484 6.36
38.752235 6.36
38.782889 6.36
38.793764 6.36
38.824236 6.36
38.840361 6.36
38.865235 6.36
38.877627 6.36
38.906236 6.36
38.922361 6.36
38.947236 6.36
38.963361 6.36
38.988361 6.36
38.999129 6.36
39.029487 6.36
39.040237 6.36
39.070766 6.36
39.081487 6.36
39.117363 6.36
39.128238 6.36
39.158488 6.36
39.169238 6.36
39.199614 0.05
39.215614 6.36
39.246364 6.36
39.257239 6.36
39.287489 6.36
39.298239 6.36
39.328892 6.36
39.339766 6.36
39.370239 6.36
39.386365 6.36
39.411365 6.36
39.422130 6.36
39.452490 6.36
39.463240 6.36
39.493617 6.36
39.509619 6.36
39.534895 6.36
39.545617 6.36
39.576241 6.36
39.592366 6.36
39.617367 6.36
39.628242 6.36
39.658492 6.36
39.669242 6.36
39.699868 6.36
39.710618 6.36
39.741243 6.36
39.757367 6.36
39.782368 6.36
39.793242 6.36
39.823493 6.36
39.834368 6.36
39.864898 6.36
39.875773 6.36
39.906244 6.36
39.922369 6.36
39.947369 6.36
39.958134 6.36
39.988494 6.36
39.999369 6.36
40.029774 6.36
40.040621 6.36
40.076370 6.36
40.087245 6.36
40.117495 6.36
40.128370 6.36
40.158622 6.36
40.174627 6.36
40.205371 6.36
40.216246 12.32
40.246496 6.36
40.257246 6.36
40.287900 6.36
40.298775 12.32
40.329139 6.36
40.339890 6.36
40.370372 6.36
40.381122 12.32
40.411497 6.36
40.422372 6.36
40.452624 6.36
40.468623 6.36
40.493903 6.36
40.504776 6.36
40.535249 6.36
40.551374 6.36
40.576374 0.05
40.587124 5.69
40.617499 6.36
40.628249 6.36
40.660628 6.36
40.671499 6.36
40.707374 6.36
40.718125 6.36
40.748500 6.36
40.761142 6.36
40.789779 6.36
40.800626 6.36
40.831251 6.36
40.847376 6.36
40.872250 6.36
40.888376 6.36
40.913251 6.36
40.929377 6.36
40.954251 6.36
40.970377 6.36
40.995377 6.36
41.006127 6.36
41.036501 6.36
41.048892 6.36
41.077781 6.36
41.088628 6.36
41.119253 6.36
41.135378 6.36
41.160378 6.36
41.171128 6.36
41.201503 6.36
41.213895 6.36
41.242784 6.36
41.253503 6.36
41.289254 6.36
41.305254 6.36
41.330255 6.36
41.346379 6.36
41.371255 6.36
41.387255 6.36
41.412255 6.36
41.428380 6.36
41.453255 6.36
41.464130 6.36
41.494256 6.36
41.505131 6.36
41.535256 6.36
41.546149 6.36
41.576506 6.36
41.588911 6.36
41.623146 6.36
41.635511 6.36
41.664256 6.36
41.675149 6.36
41.705257 6.36
41.716132 6.36
41.746257 6.36
41.757025 6.36
41.787508 6.36
41.803508 6.36
41.828788 6.36
41.839635 6.36
41.870259 6.36
41.881149 6.36
41.911258 6.36
41.922134 6.36
41.952258 6.36
41.963135 6.36
41.993259 12.32
42.004134 6.36
42.034260 6.36
42.045135 6.36
42.075260 6.36
42.086135 6.36
42.116260 6.36
42.127135 6.36
42.157261 6.36
42.168136 6.36
42.198386 6.36
42.209261 6.36
42.239511 6.36
42.255511 6.36
42.280789 6.36
42.291638 6.36
42.322152 6.36
42.338152 6.36
42.363262 6.36
42.374137 6.36
42.404262 6.36
42.415137 6.36
42.445263 6.36
42.456138 6.36
42.486263 6.36
42.497138 6.36
42.527388 6.36
42.538263 6.36
42.568513 6.36
42.584513 6.36
42.609639 6.36
42.620514 6.36
42.656157 6.36
42.672155 6.36
42.697265 6.36
42.708156 6.36
42.738265 6.36
42.749140 6.36
42.779265 6.36
42.790141 6.36
42.820265 6.36
42.831140 6.36
42.861265 6.36
42.872141 6.36
42.902266 6.36
42.913141 6.36
42.943266 6.36
42.954142 6.36
42.984267 6.36
42.995142 6.36
43.025267 6.36
43.036142 6.36
43.066267 6.36
43.077143 6.36
43.107268 6.36
43.118143 6.36
43.148268 6.36
43.159143 6.36
43.189268 6.36
43.200144 6.36
43.230268 6.36
43.241144 6.36
43.271269 6.36
43.282144 6.36
43.312269 6.36
43.323145 6.36
43.353270 0.05
43.364145 5.69
43.394270 6.36
43.405145 6.36
43.435271 6.36
43.446145 6.36
43.476395 6.36
43.487146 6.36
43.517521 6.36
43.533521 6.36
43.564161 6.36
43.580163 6.36
43.605271 6.36
43.616147 6.36
43.646271 6.36
43.657147 6.36
43.687397 6.36
43.699912 6.36
43.728522 6.36
43.744523 6.36
43.771402 6.36
43.782148 6.36
43.812523 6.36
43.828523 6.36
43.855403 6.36
43.866274 6.36
43.901651 6.36
43.912524 6.36
43.943166 6.36
43.959166 6.36
43.984274 6.36
43.995150 6.36
44.025274 6.36
44.036150 6.36
44.066275 6.36
44.077150 6.36
44.107275 6.36
44.118150 6.36
44.148275 6.36
44.159151 6.36
44.189276 6.36
44.200151 6.36
44.230276 6.36
44.241152 6.36
44.271277 6.36
44.282152 6.36
44.312277 6.36
44.323152 6.36
44.353277 6.36
44.364152 6.36
44.394277 6.36
44.405152 6.36
44.435278 6.36
44.446153 6.36
44.476278 6.36
44.487153 6.36
44.517278 6.36
44.528169 6.36
44.558278 6.36
44.569154 6.36
44.599279 6.36
44.610155 6.36
44.640279 6.36
44.651154 6.36
44.681279 6.36
44.692155 6.36
44.722280 6.36
44.733155 6.36
44.763850 5.69
44.774855 4.34
44.805413 4.34
44.821412 4.34
44.852178 4.34
44.862938 4.34
44.893661 4.34
44.904534 4.34
44.934927 4.68
44.950924 4.68
44.976158 4.68
44.986948 4.34
45.017282 4.68
45.028157 4.34
45.058282 4.34
45.069158 4.34
45.099283 4.34
45.110158 4.34
45.140672 4.34
45.151672 4.34
45.182293 4.68
45.193291 4.34
45.229164 4.34
45.239931 4.34
45.270663 4.34
45.281537 4.34
45.311929 4.34
45.327930 4.34
45.353161 4.34
45.363954 4.34
45.394285 4.68
45.405160 4.68
45.435285 4.34
45.446161 4.34
45.476286 4.34
45.487161 4.68
45.517286 4.34
45.528301 4.34
