0.000000 0.000000
0.042253 4.34
0.063821 4.34
0.074818 4.34
0.110843 3.01
0.121841 2.66
0.158105 2.66
0.174338 2.66
0.199759 2.66
0.210757 2.34
0.241317 2.66
0.252191 2.66
0.282956 2.66
0.299081 2.66
0.324314 2.66
0.335064 2.66
0.370592 2.34
0.386593 2.66
0.412078 2.66
0.428078 2.66
0.453076 2.34
0.463951 2.66
0.499438 2.66
0.511965 2.66
0.540713 2.34
0.551439 2.66
0.582081 2.66
0.598080 2.66
0.628440 2.66
0.644439 2.66
0.669716 2.66
0.680439 2.66
0.711080 2.66
0.727081 2.66
0.752066 2.34
0.763234 2.66
0.793889 2.34
0.806455 2.66
0.840757 2.66
0.851856 2.66
0.887710 2.66
0.898750 2.66
0.929327 2.66
0.942020 2.66
0.971113 2.66
0.992748 4.34
1.003742 4.34
1.034326 4.34
1.045198 4.34
1.075962 4.34
1.092088 4.34
1.117196 4.34
1.128070 4.34
1.158601 4.34
1.174599 4.34
1.200086 4.34
1.216085 4.34
1.241069 4.34
1.251960 4.34
1.282069 4.34
1.292958 4.34
1.323069 4.34
1.333962 4.34
1.364070 4.34
1.374962 4.34
1.405086 4.34
1.415960 4.34
1.446773 4.34
1.457770 4.34
1.489988 4.34
1.500968 4.34
1.531625 4.34
1.547847 4.34
1.573202 4.34
1.584077 4.34
1.614826 4.34
1.625884 4.34
1.656200 4.34
1.667074 4.34
1.702449 4.34
1.718449 4.34
1.746699 4.34
1.757448 4.34
1.787839 4.34
1.798699 4.34
1.829074 4.34
1.839841 4.34
1.870074 4.34
1.880839 4.34
1.911075 4.34
1.921843 4.34
1.952076 4.34
1.962843 4.34
1.993075 4.34
2.003841 4.34
2.034766 4.68
2.045761 4.68
2.077960 4.68
2.088975 4.68
2.119455 4.68
2.130330 4.68
2.160862 4.68
2.173454 4.68
2.202077 4.68
2.212870 4.68
2.243452 4.68
2.255953 4.68
2.284856 4.68
2.297452 5.00
2.326095 5.00
2.336846 5.00
2.368954 4.68
2.379703 5.00
2.410095 5.00
2.426079 4.68
2.451079 5.00
2.461844 5.00
2.492080 5.00
2.502844 4.68
2.533079 5.00
2.543971 4.68
2.574205 4.68
2.585080 4.68
2.620455 4.68
2.636455 4.68
2.661971 4.68
2.677972 5.00
2.703081 4.68
2.713974 4.68
2.744081 4.68
2.754971 5.00
2.785207 4.68
2.796081 4.68
2.831456 5.00
2.843957 5.00
2.872860 5.00
2.885207 4.68
2.914207 4.68
2.925082 5.00
2.960457 5.00
2.976333 5.00
3.001860 5.00
3.014208 5.00
3.043083 5.00
3.053848 5.00
3.084084 4.68
3.094851 4.68
3.125084 4.68
3.135851 4.68
3.166085 5.00
3.176851 5.00
3.207085 5.00
3.217852 5.00
3.248210 4.68
3.259085 4.68
3.294460 5.00
3.306836 5.00
3.335863 4.68
3.351850 5.00
3.377211 5.00
3.388086 5.00
3.423461 4.68
3.439336 5.00
3.464865 5.00
3.480866 5.00
3.506087 5.00
3.516978 4.68
3.547212 5.00
3.558104 5.00
3.593462 5.00
3.609338 5.00
3.634865 5.00
3.651213 5.00
3.676088 4.68
3.686854 5.00
3.717088 5.00
3.727855 5.00
3.758214 4.68
3.769089 4.68
3.804464 4.68
3.820339 4.68
3.845866 4.68
3.861869 4.68
3.887215 4.68
3.898106 5.00
3.933465 5.00
3.949340 5.00
3.974868 5.00
3.990733 4.68
4.016216 5.00
4.027091 5.00
4.062466 4.68
4.078341 5.00
4.103745 4.68
4.114593 5.00
4.145092 5.00
4.155858 5.00
4.186217 4.68
4.197092 5.00
4.232467 5.00
4.248343 4.68
4.273869 4.68
4.289735 4.68
4.315093 5.00
4.325860 4.68
4.356093 5.00
4.366859 4.68
4.397094 4.68
4.407859 4.68
4.438094 5.00
4.448859 5.00
4.479094 4.68
4.489859 5.00
4.520220 5.00
4.531112 5.00
4.566470 5.00
4.582345 4.68
4.607875 5.00
4.623860 5.00
4.649221 5.00
4.660096 4.68
4.695471 4.68
4.711346 5.00
4.736748 4.68
4.747471 4.68
4.778114 5.00
4.788862 5.00
4.824472 5.00
4.840347 4.68
4.865875 5.00
4.881737 5.00
4.908848 5.00
4.919751 5.00
4.951849 4.68
4.962752 5.00
4.998605 4.68
5.009478 4.34
5.039869 4.34
5.055872 4.34
5.086475 4.34
5.102475 4.34
5.127878 4.34
5.143880 4.34
5.170850 4.34
5.181600 4.34
5.213851 4.34
5.224600 4.34
5.256851 4.34
5.267754 4.34
5.303613 4.34
5.314611 4.34
5.350483 4.34
5.361482 4.34
5.392121 4.34
5.402870 4.34
5.433479 4.34
5.449479 4.34
5.474881 4.34
5.490870 4.34
5.521494 4.34
