0.000000 0.000000
0.041970 4.34
0.052844 4.34
0.083762 4.34
0.099951 3.01
0.128772 2.34
0.145081 2.66
0.170456 2.66
0.181457 2.34
0.212075 2.66
0.223074 2.34
0.253609 2.34
0.264605 2.66
0.294961 2.34
0.305835 2.34
0.336474 2.34
0.347318 2.66
0.377964 2.34
0.388835 2.34
0.424317 2.34
0.440317 2.66
0.465595 2.66
0.476470 2.66
0.507068 2.66
0.517960 2.34
0.553319 2.34
0.569319 2.66
0.594833 2.34
0.610834 2.66
0.635944 2.66
0.646834 2.34
0.676944 2.34
0.687835 2.34
0.717945 2.66
0.728833 2.66
0.759070 2.66
0.771767 2.34
0.800744 2.34
0.816973 2.34
0.847589 2.66
0.858656 2.66
0.894461 2.34
0.905521 2.34
0.941468 2.34
0.952459 2.34
0.983087 4.02
0.999649 4.02
1.024731 4.34
1.040956 4.02
1.071497 4.02
1.082328 4.34
1.114738 4.34
1.125612 4.02
1.157735 4.02
1.168608 4.02
1.200732 4.34
1.211605 4.02
1.243730 4.02
1.254603 4.02
1.286728 4.34
1.297601 4.34
1.328074 4.34
1.338949 4.02
1.374325 4.02
1.390325 4.02
1.415842 4.34
1.431965 4.02
1.457466 4.34
1.468466 4.34
1.504618 4.34
1.520852 4.34
1.551333 4.34
1.567625 4.34
1.592976 4.34
1.603850 4.34
1.634779 4.34
1.651080 4.34
1.677739 4.34
1.688613 4.02
1.720735 4.34
1.731608 4.34
1.767078 4.34
1.777968 4.68
1.808203 4.68
1.820778 4.68
1.849860 5.00
1.860863 5.00
1.891334 5.00
1.902209 5.00
1.932976 5.00
1.943851 5.00
1.974490 5.00
1.985331 5.00
2.015971 5.00
2.026848 5.00
2.057205 5.00
2.069736 5.00
2.098485 5.00
2.109330 5.00
2.145340 5.00
2.156340 5.00
2.186857 5.00
2.197857 5.00
2.228210 5.00
2.240604 5.00
2.269854 5.00
2.280851 5.00
2.311333 5.00
2.322208 5.00
2.352736 5.00
2.368736 5.00
2.399332 4.68
2.415465 5.00
2.440856 5.00
2.451854 5.00
2.482211 5.00
2.498335 5.35
2.523613 5.35
2.539743 5.35
2.564976 5.69
2.575726 5.69
2.606208 5.69
2.618612 5.69
2.647475 5.69
2.658334 5.69
2.688975 5.69
2.699724 5.69
2.730334 5.69
2.741084 5.69
2.771738 5.69
2.782613 5.69
2.818368 5.69
2.829362 5.69
2.859989 5.69
2.870968 5.69
2.901631 5.69
2.917734 5.69
2.948464 5.69
2.959464 5.69
2.989856 5.69
3.000602 5.69
3.031212 5.69
3.047212 5.69
3.072463 5.69
3.083337 5.69
3.113894 5.69
3.124874 5.69
3.155471 5.69
3.166470 5.69
3.202359 5.69
3.213217 5.69
3.243860 5.69
3.254610 5.69
3.285340 5.69
3.296215 5.69
3.326856 5.69
3.337604 5.69
3.373339 5.69
3.384089 5.69
3.414865 5.69
3.425862 5.69
3.461369 5.69
3.472218 5.69
3.502986 5.69
3.514006 5.69
3.544471 6.01
3.555220 6.01
3.585737 6.01
3.596736 6.01
3.632343 6.01
3.643217 6.01
3.673856 6.01
3.684619 6.01
3.720341 6.01
3.731091 6.01
3.761732 6.01
3.772467 6.01
3.808342 6.01
3.819092 6.01
3.849741 6.01
3.860467 6.01
3.896342 6.01
3.907092 6.01
3.937743 6.01
3.948616 6.01
3.984092 6.01
3.994856 6.01
4.025218 6.01
4.041218 6.01
4.066468 6.01
4.077218 6.01
4.107617 6.01
4.123759 6.01
4.154520 6.01
4.170744 6.01
4.201362 6.01
4.212224 6.01
4.242740 6.01
4.253739 6.01
4.289355 6.01
4.300222 6.01
4.330735 6.01
4.341472 6.01
4.371863 6.01
4.382623 6.01
4.418369 6.01
4.429360 6.01
4.459741 6.01
4.470628 6.01
4.506357 6.01
4.517097 6.01
4.547752 6.36
4.558624 6.36
4.594098 0.05
4.604864 6.36
4.635223 12.32
4.651355 6.01
4.676473 0.05
4.689098 0.05
4.717741 12.32
4.728758 12.32
4.759226 6.01
4.770225 0.05
4.800750 0.05
4.811474 6.36
4.847357 6.36
4.858099 6.36
4.888624 6.01
4.904740 0.05
4.931625 6.01
4.942357 0.05
4.974627 6.01
4.985475 0.05
5.021550 6.36
5.037893 6.36
5.068361 6.36
5.079230 0.05
5.115229 6.36
5.126229 0.05
5.156639 6.36
5.167510 6.01
5.203103 6.36
5.219102 12.32
5.244631 6.01
5.260631 6.36
5.291227 6.36
5.307364 0.05
5.332888 12.32
5.343876 12.32
5.374231 6.36
5.385106 12.32
5.415634 6.36
5.426510 6.36
5.462230 6.36
5.473104 6.36
5.503633 12.32
5.514508 6.36
5.545104 12.32
5.561230 0.05
5.586229 6.01
5.597556 6.01
5.627881 6.01
5.638882 0.05
5.669366 6.01
5.680235 6.01
5.710878 12.32
5.721641 0.05
5.752233 6.01
5.763107 12.32
5.793636 6.36
5.804511 6.36
5.840106 6.36
5.856231 12.32
5.881232 6.36
5.891982 0.05
5.922635 6.36
5.933622 6.36
5.964374 6.36
5.975373 6.01
6.011238 6.36
6.022237 6.36
6.052875 6.36
6.063752 6.36
6.094235 12.32
6.105110 6.36
6.135511 6.36
6.151511 12.32
6.176875 6.01
6.187633 6.36
6.217984 6.36
6.228914 0.05
6.259554 0.05
6.275889 0.05
6.306240 12.32
6.317240 0.05
6.347755 6.36
6.358649 6.36
6.389112 6.36
6.405237 6.36
6.430236 6.36
6.441111 6.36
6.471641 6.36
6.482361 6.36
6.518236 6.36
6.529118 6.36
6.559895 6.36
6.570910 6.36
6.601546 6.36
6.617775 6.36
6.643035 6.36
6.659249 6.36
6.684524 12.32
6.700813 6.36
6.731389 6.36
6.743995 6.36
6.778243 6.36
6.789241 6.36
6.819646 6.36
6.830521 12.32
6.866240 6.36
6.876990 6.36
6.907639 6.36
6.918370 6.36
6.954113 6.36
6.970114 6.36
6.995560 6.36
7.011640 6.36
7.037130 6.36
7.048123 6.36
7.078804 6.36
7.089774 6.36
7.120375 6.36
7.131374 6.36
7.167244 6.36
7.178244 6.36
7.208652 6.36
7.219525 6.36
7.255243 6.36
7.266118 6.36
7.296647 6.36
7.307373 6.36
7.343256 0.05
7.354557 4.34
7.386502 4.34
7.397544 4.34
7.428123 4.34
7.444247 4.34
7.469655 4.34
7.480532 4.34
7.516245 4.34
7.527120 4.34
7.557651 4.34
7.568522 4.34
7.604244 4.34
7.615119 4.34
7.645760 4.34
7.656762 4.34
7.692245 4.34
7.702995 4.34
7.733524 4.34
7.749647 4.34
7.775120 4.34
7.790995 4.34
7.816245 4.34
7.827120 4.34
7.857372 4.34
7.869887 4.34
7.900373 4.34
7.911246 4.34
7.943373 4.34
7.954246 4.34
7.990136 4.34
8.001008 4.34
8.031777 4.34
8.042774 4.34
8.073380 4.34
8.085894 4.34
8.120251 4.34
8.131126 4.34
8.161658 4.34
8.172533 4.34
8.202999 4.34
8.219124 4.34
8.244124 4.34
8.260248 4.34
8.285249 4.34
8.296124 4.34
8.326653 4.34
8.337408 4.34
8.367999 4.34
8.384125 4.34
8.408999 4.34
8.421376 4.34
8.450000 4.34
8.466125 4.34
8.491125 4.34
8.501875 4.34
8.532407 4.34
8.548652 4.34
