0.000000 0.000000
0.041799 4.02
0.052799 4.34
0.083440 4.34
0.094487 4.02
0.130447 2.34
0.141458 2.34
0.177431 2.34
0.188564 2.34
0.220719 2.34
0.231672 2.34
0.267546 2.34
0.280171 2.34
0.317200 2.34
0.333308 2.34
0.358418 2.34
0.369306 2.34
0.399417 2.34
0.410309 2.34
0.440416 2.34
0.451308 2.34
0.481542 2.34
0.492433 2.34
0.522667 2.34
0.538667 2.34
0.563792 2.34
0.574667 2.34
0.610308 2.34
0.626309 2.34
0.651418 2.34
0.662307 2.34
0.692418 2.34
0.703309 2.34
0.733418 2.34
0.744307 2.34
0.774810 2.34
0.785809 2.34
0.816435 2.34
0.827448 2.34
0.859744 2.34
0.870821 2.34
0.901466 2.34
0.912451 2.34
0.948325 2.34
0.959342 2.34
0.989976 3.33
1.001062 4.02
1.031555 4.02
1.044178 4.02
1.078317 4.02
1.094318 4.02
1.119799 4.02
1.130799 4.02
1.161439 4.02
1.172312 4.02
1.202548 4.02
1.214952 4.02
1.243547 4.02
1.255950 4.02
1.284547 4.02
1.296951 4.02
1.325547 4.02
1.337950 4.02
1.366672 4.02
1.382548 4.02
1.407798 4.02
1.418674 4.02
1.454463 4.02
1.465470 4.02
1.501475 4.34
1.512456 4.34
1.548200 4.02
1.564472 4.34
1.590004 4.34
1.602609 4.34
1.631558 4.34
1.647807 4.02
1.674595 4.34
1.685449 4.02
1.721178 4.34
1.737179 4.02
1.762553 4.34
1.774958 4.34
1.809052 4.34
1.819802 4.02
1.850444 4.34
1.861319 4.34
1.891427 4.34
1.902320 4.34
1.932427 4.34
1.943320 4.02
1.973428 4.34
1.984320 4.02
2.014428 4.34
2.025318 4.34
2.055429 4.34
2.066321 4.02
2.096429 4.34
2.107320 4.02
2.137429 4.34
2.148322 4.02
2.178429 4.34
2.189322 4.34
2.219429 4.34
2.230319 4.02
2.260430 4.34
2.271196 4.34
2.301430 4.34
2.312198 4.34
2.342431 4.02
2.353195 4.34
2.383431 4.34
2.394198 4.02
2.424431 4.34
2.435198 4.34
2.465431 4.34
2.476197 4.34
2.506431 4.34
2.517198 4.34
2.547432 4.34
2.558199 4.34
2.588432 4.02
2.599200 4.34
2.629433 4.34
2.640200 4.34
2.670449 4.34
2.681201 4.34
2.711558 4.34
2.727433 4.02
2.752558 4.34
2.768433 4.34
2.793558 4.34
2.809434 4.34
2.834559 4.34
2.850434 4.34
2.875559 4.34
2.891434 4.34
2.916559 4.02
2.932434 4.34
2.957685 4.02
2.968435 4.34
3.004059 4.34
3.014810 4.34
3.045450 4.34
3.056203 4.34
3.086686 4.02
3.097436 4.02
3.133077 4.34
3.143810 4.34
3.174453 4.02
3.185204 4.34
3.215686 4.34
3.226436 4.34
3.262079 4.34
3.278080 4.34
3.303454 4.34
3.314203 4.34
3.344688 4.34
3.355437 4.34
3.391078 4.34
3.407078 4.34
3.432438 4.34
3.443206 4.34
3.473438 4.34
3.484207 4.34
3.514564 4.34
3.530439 4.34
3.555689 4.34
3.566439 4.34
3.602080 4.34
3.612814 4.34
3.643458 4.34
3.654207 4.34
3.684690 4.34
3.695565 4.34
3.731082 4.34
3.747081 4.34
3.772458 4.02
3.784942 4.34
3.813690 4.34
3.824566 4.34
3.860096 4.34
3.876085 4.02
3.901566 4.02
3.917566 4.34
3.942692 4.34
3.953442 4.34
3.989083 4.34
4.005082 4.34
4.030464 4.34
4.042817 4.34
4.071693 4.34
4.082442 4.34
4.117944 4.34
4.130444 4.34
4.159444 4.34
4.171818 4.02
4.200444 4.34
4.212819 4.34
4.241569 4.34
4.257444 4.02
4.282694 4.34
4.293444 4.34
4.329096 4.34
4.341473 4.02
4.370570 4.34
4.386445 4.34
4.411695 4.34
4.422570 4.34
4.458085 4.34
4.470446 4.34
4.499446 4.34
4.515462 4.34
4.540463 4.34
4.556464 4.34
4.581571 4.34
4.597446 4.34
4.622696 4.34
4.633446 4.34
4.669087 4.34
4.684977 4.34
4.710572 4.02
4.726572 4.34
4.751697 4.34
4.762572 4.34
4.798102 4.34
4.814088 4.02
4.839573 4.02
4.855573 4.34
4.880698 4.02
4.891448 4.02
4.927103 4.34
4.943089 4.34
4.968466 4.34
4.984465 4.34
5.009574 4.02
5.025449 4.34
5.050699 4.34
5.061450 4.02
5.097103 4.34
5.113090 4.02
5.138465 4.34
5.154467 4.34
5.179575 4.02
5.195451 4.34
5.220700 4.34
5.231451 4.34
5.267103 4.34
5.282952 4.02
5.308577 4.34
5.324466 4.34
5.349702 4.34
5.360577 4.02
5.396105 4.02
5.411953 4.34
5.437469 4.34
5.453467 4.34
5.478577 4.34
5.494452 4.34
5.519703 4.34
5.530578 4.34
5.566108 4.34
5.582095 4.02
5.607471 4.34
5.623471 4.34
5.648578 4.34
5.664454 4.34
5.689704 4.34
5.700454 4.34
5.736106 4.34
5.751986 4.34
5.777728 4.02
5.788715 4.02
5.819354 4.34
5.830356 4.34
5.866185 4.34
5.877102 4.34
5.907476 4.68
5.923475 4.68
5.948707 4.68
5.959582 4.68
5.995111 4.68
6.011097 4.68
6.036581 4.68
6.052581 4.68
6.077707 4.68
6.088581 4.68
6.124109 4.68
6.140110 4.68
6.165506 4.68
6.181719 4.68
6.207148 4.68
6.218148 4.68
6.248714 4.68
6.259589 4.68
6.290248 4.68
6.301230 4.68
6.331586 4.68
6.347585 4.34
6.377961 4.68
6.393961 4.68
6.419477 4.68
6.435476 4.68
6.460600 4.68
6.471597 4.68
6.502246 4.68
6.513239 4.68
6.545467 4.68
6.556357 4.68
6.586965 4.68
6.602965 4.68
6.628480 4.68
6.644480 4.68
6.671496 4.68
6.682354 4.68
6.712993 4.68
6.728990 4.68
6.754602 4.68
6.765600 4.68
6.796109 4.68
6.807143 4.34
6.837720 4.34
6.848720 4.34
6.879358 4.34
6.891842 4.68
6.926000 4.68
6.941998 4.34
6.967480 4.34
6.983480 4.34
7.013838 4.34
7.026365 4.34
7.055354 4.34
7.071478 4.34
7.096508 4.34
7.112719 4.68
7.139392 4.34
7.150364 4.34
7.186238 4.34
7.197237 4.34
7.232969 4.34
7.248968 4.34
7.274484 4.02
7.290481 4.34
7.320840 4.34
7.336966 4.34
7.362245 4.34
7.372966 4.34
7.403466 4.34
7.414234 4.34
7.444466 4.34
7.455234 4.34
7.485592 4.34
7.496467 4.34
7.531842 4.34
7.547842 4.34
7.573245 4.34
7.584119 4.34
7.614592 4.34
7.625468 4.34
7.660843 4.34
7.671718 4.34
7.702246 4.34
7.712968 4.34
7.743593 4.34
7.754468 4.34
7.789843 4.34
7.800594 4.34
7.831248 4.34
7.842122 4.34
7.872594 4.34
7.883470 4.34
7.918844 4.34
7.929594 4.34
7.960249 4.34
7.970971 4.34
8.001470 4.34
8.012238 4.34
8.042595 4.34
8.053470 4.34
8.088846 4.02
8.099720 4.34
8.130248 4.34
8.140972 4.34
8.171596 4.34
8.182471 4.34
8.217847 4.34
8.228596 4.34
8.259124 4.34
8.269973 4.34
8.300491 4.34
8.316487 4.02
8.341598 4.34
8.352472 4.34
8.387848 4.34
8.398598 4.34
8.429251 4.34
8.439974 4.34
8.470474 4.34
8.481238 4.02
8.511474 4.34
8.522239 4.34
8.552474 4.34
8.563241 4.34
8.593599 4.34
8.604474 4.34
8.639849 4.34
8.650599 4.34
8.681128 4.34
8.691977 4.02
8.722492 4.34
8.738490 4.34
8.768850 4.34
8.779600 4.02
8.810253 4.34
8.822850 4.34
8.851601 4.34
8.862476 4.34
8.897851 4.02
8.908726 4.34
8.939255 4.34
8.951851 4.34
8.980602 4.34
8.991477 4.34
9.026852 4.34
9.039354 4.34
9.068256 4.34
9.080853 4.34
9.109603 4.34
9.120478 4.34
9.155852 4.34
9.168355 4.34
9.197370 4.34
9.213493 4.02
9.238496 4.34
9.249246 4.02
9.284854 4.34
9.297355 4.34
9.326384 4.34
9.342604 4.02
9.367480 4.34
9.378245 4.34
9.408480 4.34
9.419248 4.34
9.449605 4.34
9.460480 4.34
9.495856 4.34
9.511856 4.34
9.537374 4.34
9.553373 4.02
9.578499 4.34
9.589374 4.02
9.624856 4.34
9.637374 4.02
9.666372 4.02
9.682249 4.02
9.707499 4.34
9.718249 4.34
9.753857 4.34
9.766233 4.34
9.795260 4.02
9.811136 4.34
9.836483 4.34
9.847251 4.34
9.877483 4.34
9.888250 4.02
9.918608 4.02
9.929484 4.02
9.964859 4.02
9.980734 4.02
10.006261 4.34
10.022139 4.34
10.047485 4.34
10.058251 4.02
10.088485 4.34
10.099250 4.34
10.129485 4.34
10.140253 4.34
10.170610 4.34
10.181486 4.02
10.216861 4.34
10.232860 4.02
10.258263 4.34
10.274137 4.34
10.299486 4.34
10.310252 4.34
10.340486 4.34
10.351255 4.34
10.381486 4.02
10.392254 4.02
10.422487 4.34
10.433256 4.34
10.463612 4.34
10.474378 4.34
10.509863 4.34
10.525862 4.02
10.551267 4.34
10.567267 4.34
10.592488 4.34
10.603380 4.34
10.633488 4.34
10.644256 4.34
10.674489 4.34
10.685256 4.34
10.715489 4.34
10.726381 4.34
10.756614 4.02
10.767381 4.34
10.802864 4.34
10.818740 4.34
10.844255 4.34
10.860130 4.02
10.885615 4.34
10.896380 4.34
10.931865 4.34
10.947741 4.34
10.973258 4.34
10.989258 4.34
11.014382 4.34
11.025134 4.34
11.055617 4.34
11.066381 4.34
11.101866 4.34
11.117866 4.34
11.143271 4.02
11.159146 4.02
11.184617 4.34
11.195384 4.34
11.230867 4.34
11.246743 4.34
11.272271 4.34
11.291272 4.34
11.308383 4.34
11.338743 4.34
11.351245 4.02
11.380146 4.34
11.390869 4.34
11.421385 4.34
11.432134 4.02
11.464275 4.34
11.474994 4.34
11.505495 4.34
11.516260 4.34
11.548276 4.34
11.558995 4.34
11.591275 4.34
11.602151 4.34
11.634273 4.34
11.644996 4.34
11.675621 4.02
11.686386 4.34
11.721878 4.34
11.737879 4.34
11.763275 4.34
11.779150 4.34
11.806277 4.34
11.817152 4.02
11.849275 4.34
11.859997 4.34
11.892278 4.34
11.903150 4.34
11.935276 4.34
11.945998 4.34
11.978278 4.34
11.989153 4.34
12.021276 4.34
12.031999 4.34
12.064278 4.34
12.075153 4.34
12.110882 4.34
12.126749 4.34
12.152152 4.34
12.164624 4.34
12.193499 4.34
12.204268 4.34
12.236279 4.34
12.247154 4.34
12.282625 4.34
12.293500 4.34
12.323750 4.34
12.336269 4.34
12.365154 4.34
12.395029 4.34
12.405879 4.34
12.436516 4.34
12.447392 4.34
12.477751 4.34
12.493879 4.34
12.519030 4.34
12.529879 4.34
12.560517 4.34
12.571392 4.34
12.606752 4.34
12.622880 4.34
12.648032 4.34
12.658880 4.34
12.689520 4.34
12.700393 4.34
12.730753 4.34
12.746881 4.34
12.771883 4.34
12.782753 4.34
12.813397 4.34
12.824157 4.34
12.859754 4.34
12.875754 4.34
12.901033 4.34
12.911883 4.34
12.942505 4.34
12.953397 4.34
12.988885 4.34
12.999755 4.34
13.030396 4.34
13.041158 4.02
13.076755 4.34
13.092755 4.34
13.118037 4.34
13.128886 4.34
13.159506 4.34
13.170399 4.34
13.205631 4.34
13.216398 4.34
13.246757 4.34
13.262757 4.02
13.291161 4.34
13.307400 4.34
13.332526 4.34
13.343400 4.34
13.373757 4.34
13.389633 4.34
13.415038 4.34
13.425758 4.34
13.456509 4.34
13.467400 4.34
13.502758 4.34
13.518758 4.34
13.544039 4.34
13.554887 4.34
13.585526 4.34
13.596400 4.34
13.626759 4.02
13.642759 4.34
13.667887 4.34
13.678760 4.34
13.709165 4.34
13.738887 4.34
13.749760 4.34
13.780404 4.34
13.791165 4.34
13.826635 4.34
13.837402 4.34
13.867761 4.34
13.883636 4.34
13.909038 4.34
13.919762 4.34
13.950512 4.34
13.961404 4.34
13.996762 4.34
14.012891 4.34
14.038041 4.34
14.048892 4.02
14.079513 4.34
14.090405 4.34
14.125763 4.34
14.141890 4.34
14.167042 4.34
14.177889 4.34
14.210140 4.34
14.220890 4.34
14.253170 4.34
14.263891 4.34
14.294514 4.34
14.305406 4.34
14.340765 4.34
14.356894 4.34
14.381891 4.34
14.392764 4.34
14.423408 4.34
14.434156 4.34
14.469899 4.34
14.480765 4.02
14.511408 4.34
14.522159 4.34
14.557899 4.34
14.568766 4.34
14.599407 4.34
14.610157 4.34
14.645641 4.34
14.656410 4.02
14.686767 4.34
14.702767 4.34
14.728047 4.34
14.740642 4.02
14.771144 4.34
14.782046 4.34
14.814144 4.34
14.825048 4.34
14.860768 4.34
14.876895 4.34
14.902047 4.02
14.914519 4.34
14.945145 4.34
14.956047 4.34
14.988146 4.34
14.998895 4.34
15.034769 4.02
15.050769 4.34
15.076048 4.34
15.088645 4.34
15.117410 4.34
15.128160 4.34
15.163645 4.34
15.179645 4.34
15.204771 4.02
15.220770 4.34
15.246173 4.02
15.262413 4.34
15.289147 4.34
15.299898 4.34
15.335771 4.34
15.351647 4.34
15.377051 4.34
15.393050 4.34
15.423771 4.34
15.439929 4.34
15.468049 4.34
15.480522 4.34
15.514772 4.34
15.530773 4.34
15.559177 4.34
15.575176 4.34
15.605523 4.34
15.616415 4.34
15.646523 4.34
15.657399 4.34
15.692774 4.34
15.708774 4.34
15.734054 4.34
15.750055 4.34
15.780774 4.34
15.791525 4.34
15.822053 4.34
15.838176 4.34
15.868775 4.34
15.879650 4.34
15.910053 4.34
15.926056 4.34
15.956651 4.34
15.972775 4.34
15.997776 4.34
16.008651 4.34
16.039055 4.34
16.055054 4.34
16.085651 4.34
16.101777 4.34
16.126777 4.34
16.137527 4.34
16.168055 4.34
16.184182 4.34
16.214778 4.34
16.225528 4.34
16.256058 4.34
16.272056 4.34
16.297421 4.34
16.308169 4.34
16.343529 4.34
16.354421 4.34
16.384529 4.34
16.395404 4.34
16.425529 4.34
16.436404 4.34
16.466654 4.34
16.482779 4.34
16.507780 4.34
16.518655 4.34
16.549059 4.34
16.565057 4.34
16.590420 4.34
16.601171 4.34
16.631531 4.34
16.642405 4.34
16.672530 4.34
16.683406 4.34
16.713531 4.34
16.724406 4.34
16.754531 4.34
16.765406 4.34
16.795532 4.34
16.806407 4.34
16.836532 4.34
16.847407 4.34
16.877657 4.34
16.893782 4.34
16.918782 4.34
16.929532 4.34
16.960188 4.34
16.970909 4.34
17.006658 4.34
17.022783 4.34
17.047783 4.34
17.058534 4.34
17.089061 4.34
17.104910 4.34
17.130424 4.34
17.141177 4.34
17.176534 4.34
17.187426 4.34
17.217659 4.34
17.233785 4.34
17.258785 4.34
17.269660 4.34
17.300064 4.34
17.316189 4.34
17.346785 4.34
17.357660 4.34
17.388190 4.34
17.399063 4.34
17.434536 4.34
17.445426 4.34
17.475536 4.02
17.486411 4.34
17.516537 4.34
17.527412 4.34
17.557537 4.34
17.568412 4.34
17.598537 4.34
17.609413 4.34
17.639538 4.34
17.650412 4.34
17.680538 4.34
17.691413 4.34
17.721538 4.34
17.732413 4.34
17.762538 4.34
17.775039 4.34
17.803539 4.34
17.814414 4.34
17.844539 4.34
17.855414 4.34
17.885539 4.34
17.898040 4.34
17.926539 4.34
17.937414 4.34
17.967540 4.34
17.980041 4.34
18.008665 4.34
18.024540 4.34
18.049790 4.34
18.060665 4.34
18.091069 4.34
18.107193 4.34
18.137791 4.34
18.148541 4.34
18.179068 4.02
18.195071 4.34
18.225792 4.34
18.236667 4.34
18.267072 4.34
18.283196 4.34
18.313792 4.34
18.324542 4.34
18.355071 4.34
18.371069 4.34
18.397919 4.34
18.408793 4.34
18.444668 4.34
18.460793 4.34
18.485919 4.34
18.498419 4.34
18.528920 4.34
18.539794 4.34
18.570311 4.34
18.581073 4.34
18.611419 4.34
18.622313 4.34
18.652420 4.34
18.663310 4.34
18.693420 4.34
18.704311 4.34
18.734420 4.34
18.745313 4.34
18.775420 4.34
18.786189 4.34
18.816421 4.34
18.827187 4.34
18.857421 4.34
18.868189 4.34
18.898421 4.34
18.909189 4.34
18.939422 4.34
18.950188 4.34
18.980422 4.34
18.991189 4.34
19.021422 4.34
19.032190 4.34
19.062422 4.34
19.073190 4.34
19.103423 4.34
19.114190 4.34
19.144423 4.34
19.155191 4.34
19.185424 4.34
19.196190 4.34
19.226424 4.34
19.237314 4.34
19.267424 4.34
19.278317 4.34
19.308424 4.34
19.319314 4.34
19.349441 4.34
19.360192 4.34
19.390425 4.34
19.401191 4.34
19.431425 4.34
19.442191 4.34
19.472426 4.34
19.483319 4.34
19.513426 4.34
19.524191 4.34
19.554444 4.34
19.565317 4.34
19.595551 4.34
19.611551 4.34
19.636551 4.34
19.652677 4.34
19.677552 4.34
19.693677 4.34
19.718552 4.34
19.734677 4.34
19.759552 4.34
19.775553 4.34
19.800552 4.34
19.816678 4.34
19.841553 4.34
19.857678 4.34
19.882553 4.34
19.898679 4.34
19.923553 4.34
19.939553 4.34
19.964554 4.34
19.980678 4.34
20.005554 4.34
20.021679 4.34
20.046679 4.34
20.057430 4.34
20.087931 4.34
20.103931 4.34
20.134680 4.34
20.145430 4.34
20.175931 4.34
20.192055 4.34
20.222681 4.34
20.233431 4.34
20.263932 4.34
20.280056 4.34
20.310681 4.34
20.321431 4.34
20.351932 4.34
20.368057 4.34
20.393211 4.34
20.403933 4.34
20.434449 4.34
20.445325 4.34
20.475432 4.34
20.486202 4.34
20.516558 4.34
20.532683 4.34
20.557683 4.34
20.568433 4.34
20.598935 4.34
20.615058 4.34
20.645684 4.34
20.656434 4.34
20.686935 4.34
20.703059 4.34
20.733685 4.34
20.744434 4.34
20.774936 4.34
20.791059 4.34
20.817939 4.34
20.828810 4.34
20.864685 4.34
20.875435 4.34
20.905810 4.34
20.918435 4.34
20.948941 4.34
20.959811 4.34
20.995686 4.34
21.006436 4.02
21.036937 4.34
21.053061 4.34
21.083687 4.34
21.094436 4.34
21.124939 4.34
21.141062 4.34
21.167817 4.34
21.178562 4.34
21.214455 4.34
21.226832 4.34
21.255688 4.34
21.266438 4.34
21.296939 4.34
21.313063 4.34
21.339817 4.34
21.350564 4.34
21.386457 4.34
21.402456 4.34
21.427689 4.34
21.438438 4.34
21.468957 4.34
21.479815 4.34
21.510457 4.34
21.522818 4.34
21.551690 4.34
21.562439 4.34
21.592959 4.34
21.603815 4.34
21.634464 4.34
21.646819 4.34
21.675691 4.34
21.686440 4.34
21.716942 4.34
21.727816 4.34
21.763691 4.34
21.774441 4.34
21.804942 4.34
21.815817 4.34
21.851692 4.34
21.862442 4.34
21.892817 4.34
21.908817 4.34
21.939460 4.34
21.955458 4.34
21.980693 4.34
21.991443 4.34
22.021818 4.34
22.037819 4.34
22.068461 4.34
22.084461 4.34
22.109694 4.34
22.120569 4.34
22.150945 4.34
22.161819 4.34
22.197694 4.34
22.208444 4.34
22.238946 4.34
22.249820 4.34
22.285695 4.34
22.296445 4.34
22.326820 4.34
22.342820 4.34
22.373463 4.34
22.389463 4.34
22.414696 4.34
22.425446 4.34
22.455975 4.34
22.466821 4.34
22.497462 4.34
22.513571 4.34
22.538697 4.34
22.549572 4.34
22.579975 4.02
22.590822 4.34
22.621465 4.34
22.637465 4.34
22.662697 4.34
22.673573 4.34
22.703950 4.34
22.714823 4.02
22.750464 4.34
22.766465 4.34
22.791699 4.34
22.802574 4.34
22.832950 4.34
22.843824 4.34
22.879467 4.02
22.895466 4.34
22.920699 4.34
22.931575 4.34
22.961951 4.34
22.972825 4.34
23.008700 4.34
23.019450 4.34
23.049952 4.34
23.060825 4.34
23.096466 4.02
23.112467 4.34
23.137701 4.34
23.148576 4.34
23.178953 4.34
23.189827 4.34
23.225702 4.34
23.236451 4.34
23.266971 4.34
23.277827 4.34
23.308469 4.34
23.324577 4.34
23.349702 4.34
23.360578 4.34
23.390828 4.34
23.406827 4.34
23.437470 4.34
23.453578 4.34
23.478703 4.34
23.489579 4.34
23.519954 4.34
23.530829 4.34
23.561470 4.34
23.577471 4.34
23.602704 4.34
23.613579 4.34
23.643957 4.34
23.654830 4.34
23.690472 4.02
23.706473 4.34
23.731705 4.34
23.744223 4.34
23.772957 4.34
23.783831 4.34
23.819472 4.34
23.835473 4.34
23.860706 4.34
23.873111 4.34
23.903711 4.34
23.914582 4.34
23.944958 4.34
23.955831 4.34
23.991474 4.02
24.007472 4.34
24.032707 4.34
24.045100 4.34
24.073959 4.34
24.084833 4.34
24.115238 4.34
24.127713 4.34
24.156458 4.34
24.172474 4.34
24.197583 4.34
24.208458 4.34
24.238709 4.34
24.251101 4.34
24.279834 4.34
24.290584 4.34
24.326479 4.34
24.337238 4.34
24.367585 4.34
24.378460 4.34
24.408709 4.34
24.421103 4.34
24.449976 4.34
24.460835 4.34
24.491478 4.34
24.502229 4.34
24.532711 4.34
24.545113 4.34
24.573836 4.34
24.584711 4.34
24.620586 4.34
24.631352 4.34
24.661993 4.34
24.672837 4.34
24.703477 4.34
24.714353 4.34
24.744712 4.34
24.760712 4.34
24.785981 4.34
24.796838 4.34
24.827481 4.34
24.838230 4.34
24.868713 4.34
24.884713 4.34
24.909838 4.34
24.920588 4.34
24.956480 4.34
24.967229 4.34
24.997589 4.34
25.008464 4.34
25.038714 4.34
25.054715 4.34
25.079966 4.34
25.090839 4.34
25.121244 4.34
25.131966 4.34
25.162590 4.34
25.173465 4.34
25.203715 4.34
25.219591 4.34
25.244967 4.34
25.255841 4.34
25.286245 4.34
25.302358 4.34
25.327482 4.34
25.338234 4.34
25.368467 4.34
25.379233 4.34
25.409592 4.34
25.420467 4.34
25.450717 4.02
25.466717 4.34
25.491968 4.34
25.502843 4.34
25.533483 4.34
25.544360 4.34
25.574718 4.34
25.590593 4.34
25.615969 4.34
25.626843 4.34
25.662236 4.34
25.672970 4.34
25.703469 4.34
25.714237 4.34
25.744469 4.34
25.755237 4.34
25.785595 4.34
25.796470 4.34
25.826720 4.34
25.842595 4.34
25.867971 4.34
25.878845 4.34
25.909247 4.34
25.919971 4.34
25.950471 4.34
25.961239 4.34
25.991471 4.34
26.002237 4.34
26.032472 4.34
26.043237 4.34
26.073597 4.34
26.084472 4.34
26.114722 4.34
26.130722 4.34
26.155847 4.34
26.166722 4.34
26.202489 4.34
26.213239 4.34
26.243598 4.34
26.254473 4.34
26.284723 4.34
26.300723 4.34
26.327732 4.34
26.338474 4.02
26.368974 4.34
26.379849 4.34
26.410253 4.34
26.420975 4.34
26.451474 4.34
26.462241 4.34
26.492600 4.34
26.503474 4.34
26.533725 4.34
26.549600 4.34
26.576734 4.34
26.587600 4.34
26.617851 4.34
26.628600 4.34
26.659381 4.34
26.670254 4.34
26.700493 4.34
26.711242 4.34
26.741726 4.34
26.757726 4.34
26.784611 4.34
26.795495 4.34
26.825727 4.34
26.841727 4.34
26.868612 4.02
26.879492 4.34
26.909727 4.34
26.925728 4.34
26.952612 4.34
26.963495 4.34
26.993728 4.34
27.009728 4.34
27.040131 4.34
27.052613 4.34
27.081604 4.34
27.093980 4.34
27.122729 4.34
27.133604 4.34
27.163854 4.34
27.174605 4.34
27.205258 4.34
27.221372 4.34
27.246605 4.34
27.262605 4.34
27.287730 4.34
27.298480 4.34
27.334134 4.34
27.350121 4.34
27.375496 4.34
27.386247 4.34
27.416731 4.34
27.427481 4.34
27.457731 4.34
27.468606 4.34
27.504136 4.34
27.514857 4.34
27.545482 4.34
27.556248 4.34
27.586607 4.34
27.602607 4.34
27.627732 4.34
27.638482 4.34
27.674137 4.34
27.684858 4.34
27.715502 4.34
27.726251 4.34
27.756608 4.34
27.772483 4.34
27.797734 4.34
27.808483 4.34
27.844128 4.34
27.854859 4.34
27.885502 4.34
27.896251 4.34
27.926735 4.34
27.937484 4.34
27.973137 4.34
27.983860 4.34
28.014500 4.34
28.025251 4.34
28.055735 4.34
28.066611 4.34
28.102128 4.34
28.112861 4.34
28.143503 4.34
28.154252 4.34
28.184736 4.34
28.195611 4.34
28.231130 4.34
28.247129 4.34
28.272505 4.34
28.283254 4.34
28.313738 4.34
28.324487 4.34
28.360142 4.34
28.376128 4.34
28.401378 4.34
28.412133 4.34
28.442378 4.34
28.453130 4.34
28.483488 4.34
28.494257 4.34
28.524489 4.34
28.535257 4.34
28.565489 4.34
28.576257 4.34
28.606489 4.34
28.617379 4.34
28.647615 4.34
28.663489 4.34
28.688740 4.34
28.699615 4.34
28.735133 4.34
28.745865 4.34
28.776382 4.34
28.787134 4.34
28.817491 4.34
28.828256 4.02
28.858616 4.34
28.874616 4.34
28.899741 4.34
28.910491 4.34
28.946145 4.34
28.962146 4.34
28.987383 4.34
28.998135 4.34
29.028618 4.02
29.044492 4.02
29.069743 4.34
29.080618 4.34
29.116145 4.34
29.126868 4.34
29.157386 4.34
29.168135 4.34
29.198385 4.34
29.209136 4.34
29.239619 4.34
29.255619 4.34
29.280744 4.34
29.291619 4.34
29.322148 4.34
29.338148 4.34
29.363388 4.34
29.374138 4.34
29.404495 4.34
29.416995 4.34
29.445495 4.34
29.456260 4.34
29.486621 4.34
29.502621 4.34
29.527746 4.34
29.538621 4.34
29.569153 4.34
29.585150 4.34
29.610387 4.34
29.621150 4.34
29.651622 4.34
29.667497 4.34
29.692747 4.34
29.703622 4.34
29.734150 4.34
29.746498 4.34
29.775387 4.02
29.786152 4.34
29.816623 4.34
29.832623 4.34
29.857748 4.34
29.868623 4.34
29.899152 4.34
29.911499 4.34
29.940624 4.34
29.956499 4.34
29.981749 4.34
29.992499 4.34
30.023153 4.34
30.039154 4.34
30.064500 4.34
30.080500 4.34
30.105500 4.34
30.121392 4.34
30.146501 4.34
30.158878 4.34
30.187500 4.34
30.203500 4.34
30.228501 4.34
30.244392 4.34
30.269501 4.34
30.285393 4.34
30.310501 4.34
30.326391 4.34
30.351502 4.34
30.367394 4.34
30.392627 4.34
30.408502 4.34
30.433752 4.34
30.444627 4.34
30.475154 4.02
30.491031 4.34
30.516503 4.34
30.532627 4.34
30.557629 4.34
30.573628 4.34
30.598753 4.34
30.609629 4.34
30.645158 4.34
30.661283 4.34
30.686519 4.34
30.702504 4.34
30.727629 4.34
30.743629 4.34
30.768755 4.34
30.779504 4.34
30.815160 4.34
30.831158 4.34
30.856505 4.34
30.872505 4.34
30.897630 4.34
30.913630 4.34
30.938755 4.34
30.949631 4.34
30.980160 4.34
30.996161 4.34
31.021506 4.34
31.037398 4.34
31.062632 4.34
31.078632 4.34
31.103757 4.34
31.114632 4.34
31.145159 4.34
31.161035 4.34
31.186507 4.34
31.202507 4.34
31.227508 4.34
31.243400 4.34
31.268508 4.34
31.284508 4.34
31.309508 4.34
31.325401 4.34
31.350634 4.34
31.366509 4.34
31.391759 4.34
31.402634 4.34
31.438161 4.34
31.454162 4.34
31.479510 4.34
31.495400 4.34
31.520510 4.34
31.536510 4.02
31.561510 4.34
31.577510 4.34
31.602636 4.34
31.618511 4.34
31.643761 4.34
31.654636 4.34
31.690164 4.34
31.706164 4.34
31.731512 4.34
31.747402 4.34
31.772637 4.34
31.788637 4.34
31.815512 4.34
31.826402 4.34
31.856637 4.34
31.872638 4.34
31.899513 4.34
31.910403 4.34
31.940638 4.34
31.956513 4.34
31.983514 4.34
31.994405 4.02
32.024639 4.34
32.035403 4.34
32.067514 4.34
32.078403 4.34
32.108514 4.34
32.124514 4.34
32.149514 4.34
32.165405 4.34
32.190515 4.34
32.206515 4.34
32.231515 4.34
32.247405 4.34
32.272640 4.34
32.283390 4.34
32.315516 4.34
32.326410 4.34
32.356516 4.34
32.372516 4.34
32.397641 4.34
32.408391 4.34
32.440392 4.34
32.451158 4.34
32.481392 4.34
32.493766 4.34
32.522392 4.34
32.534767 4.34
32.563517 4.34
32.579393 4.34
32.604642 4.34
32.615393 4.34
32.650899 4.34
32.666900 4.34
32.692411 4.34
32.704768 4.34
32.733643 4.34
32.744518 4.34
32.779895 4.34
32.792395 4.34
32.821410 4.34
32.837409 4.34
32.862394 4.34
32.874769 4.34
32.903395 4.34
32.915769 4.34
32.944395 4.34
32.960411 4.34
32.985395 4.34
32.997770 4.34
33.026520 4.34
33.042395 4.34
33.067646 4.34
33.078396 4.34
33.113897 4.34
33.129897 4.34
33.155412 4.34
33.171521 4.34
33.196521 4.34
33.212521 4.34
33.237647 4.34
33.248522 4.34
33.284051 4.34
33.300049 4.34
33.325522 4.34
33.341523 4.34
33.366648 4.34
33.377398 4.34
33.412899 4.34
33.428899 4.34
33.454292 4.34
33.465050 4.34
33.495648 4.34
33.506399 4.34
33.541900 4.34
33.557904 4.34
33.583416 4.34
33.599415 4.34
33.624524 4.34
33.640400 4.34
33.665525 4.34
33.676400 4.34
33.706525 4.34
33.717400 4.34
33.747526 4.34
33.758417 4.34
33.788526 4.34
33.799401 4.34
33.829525 4.34
33.840401 4.34
33.870651 4.34
33.881527 4.34
33.916903 4.34
33.932903 4.34
33.958419 4.34
33.974419 4.02
33.999528 4.34
34.010417 4.34
34.040527 4.34
34.051402 4.34
34.081527 4.34
34.092403 4.34
34.122653 4.34
34.133528 4.34
34.168905 4.34
34.184905 4.34
34.210419 4.34
34.226422 4.34
34.251654 4.34
34.262404 4.34
34.297906 4.34
34.313909 4.34
34.339185 4.34
34.350059 4.34
34.380423 4.34
34.396530 4.34
34.421405 4.34
34.437422 4.34
34.462531 4.34
34.478530 4.34
34.503531 4.34
34.514406 4.34
34.546406 4.34
34.557185 4.34
34.587531 4.34
34.603406 4.34
34.628532 4.34
34.639407 4.34
34.671435 4.34
34.682299 4.34
34.714439 4.34
34.725299 4.34
34.757439 4.34
34.768300 4.34
34.800426 4.34
34.811299 4.34
34.843409 4.34
34.854301 4.34
34.884409 4.34
34.900533 4.34
34.925534 4.34
34.936409 4.34
34.966534 4.34
34.977409 4.34
35.007659 4.34
35.018409 4.34
35.053911 4.34
35.069915 4.02
35.095425 4.34
35.111428 4.02
35.136535 4.02
35.147410 4.34
35.177535 4.34
35.188410 4.34
35.218536 4.34
35.229411 4.34
35.259661 4.34
35.270411 4.34
35.305913 4.34
35.321946 4.34
35.347428 4.34
35.363429 4.34
35.388537 4.34
35.399412 4.34
35.429537 4.02
35.440412 4.02
35.470537 4.34
35.481412 4.34
35.511663 4.34
35.522538 4.34
35.552914 4.34
35.568914 4.34
35.594430 4.34
35.610428 4.34
35.635414 4.34
35.646181 4.34
35.676414 4.34
35.687180 4.34
35.717540 4.34
35.728414 4.34
35.758539 4.34
35.769415 4.34
35.799540 4.34
35.810415 4.34
35.840665 4.34
35.851540 4.34
35.886916 4.34
35.902919 4.34
35.928194 4.34
35.938916 4.34
35.969541 4.34
35.980434 4.34
36.010541 4.34
36.021417 4.34
36.051542 4.34
36.062417 4.34
36.092667 4.34
36.103417 4.34
36.138918 4.34
36.154921 4.02
36.180194 4.34
36.190918 4.34
36.221434 4.34
36.232184 4.34
36.262543 4.02
36.273418 4.34
36.308793 4.34
36.319543 4.34
36.350070 4.34
36.360793 4.34
36.391436 4.34
36.407435 4.34
36.432420 4.34
36.443186 4.34
36.473419 4.34
36.484187 4.34
36.514420 4.34
36.525187 4.34
36.555437 4.34
36.566187 4.34
36.596420 4.02
36.607187 4.34
36.637421 4.34
36.648188 4.34
36.678421 4.34
36.689188 4.34
36.719421 4.34
36.730188 4.34
36.760421 4.34
36.771189 4.34
36.801422 4.34
36.812187 4.34
36.842422 4.34
36.853188 4.34
36.883422 4.34
36.894189 4.34
36.924423 4.34
36.935191 4.34
36.965423 4.34
36.976189 4.34
37.006423 4.34
37.017191 4.34
37.047423 4.34
37.058190 4.34
37.088424 4.34
37.099191 4.34
37.129424 4.34
37.140192 4.34
37.170425 4.34
37.181193 4.34
37.211425 4.34
37.222192 4.34
37.252425 4.34
37.263190 4.34
37.293425 4.34
37.304193 4.34
37.334425 4.34
37.345194 4.34
37.375426 4.34
37.386194 4.34
37.416426 4.34
37.427195 4.34
37.457427 4.34
37.468194 4.34
37.498427 4.34
37.509194 4.34
37.539427 4.34
37.550207 4.34
37.580427 4.34
37.591196 4.34
37.621428 4.34
37.632196 4.34
37.662428 4.34
37.673193 4.02
37.703428 4.02
37.714194 4.02
37.744428 4.34
37.755195 4.34
37.785428 4.34
37.796195 4.34
37.826429 4.34
37.837194 4.34
37.867429 4.34
37.878196 4.34
37.908430 4.34
37.919195 4.34
37.949430 4.34
37.960197 4.34
37.990430 4.34
38.001197 4.34
38.031430 4.34
38.042196 4.02
38.072431 4.34
38.083197 4.34
38.113431 4.34
38.124196 4.34
38.154431 4.34
38.165199 4.34
38.195432 4.34
38.206197 4.34
38.236432 4.34
38.247197 4.34
38.277432 4.34
38.288200 4.34
38.318432 4.34
38.329200 4.34
38.359433 4.34
38.370200 4.34
38.400433 4.34
38.411199 4.02
38.441433 4.34
38.452199 4.34
38.482433 4.34
38.493201 4.34
38.523434 4.02
38.534201 4.02
38.564434 4.34
38.575199 4.34
38.605434 4.34
38.616201 4.34
38.646435 4.34
38.657327 4.34
38.687560 4.34
38.698435 4.34
38.733685 4.34
38.744436 4.02
38.774937 4.34
38.785811 4.34
38.816454 4.34
38.827203 4.34
38.857561 4.34
38.868436 4.34
38.903811 4.34
38.919811 4.34
38.945213 4.34
38.961062 4.34
38.986437 4.34
38.997205 4.34
39.027562 4.34
39.038437 4.34
39.068813 4.34
39.084688 4.34
39.110063 4.34
39.120813 4.34
39.151454 4.34
39.162203 4.34
39.197814 4.34
39.213689 4.34
39.239219 4.34
39.255206 4.34
39.280564 4.34
39.291439 4.34
39.326814 4.34
39.342814 4.34
39.368216 4.34
39.384219 4.34
39.409565 4.34
39.420440 4.34
39.455816 4.34
39.471690 4.34
39.497219 4.34
39.513208 4.34
39.538566 4.34
39.549456 4.34
39.584816 4.34
39.600691 4.34
39.626222 4.34
39.642083 4.34
39.667442 4.34
39.678210 4.34
39.708567 4.34
39.719442 4.34
39.754817 4.34
39.770692 4.34
39.796222 4.34
39.812085 4.34
39.837568 4.34
39.848443 4.34
39.883818 4.34
39.899694 4.34
39.925222 4.34
39.941222 4.34
39.968195 4.34
39.979098 4.34
40.009462 4.34
40.020213 4.34
40.055819 4.34
40.071819 4.34
40.097223 4.34
40.113224 4.34
40.140196 4.34
40.151089 4.34
40.181463 4.34
40.192213 4.34
40.224196 4.34
40.235100 4.34
40.265463 4.34
40.276213 4.34
40.308197 4.34
40.318947 4.34
40.351197 4.34
40.361965 4.34
40.394197 4.34
40.404965 4.34
40.437198 4.34
40.447948 4.34
40.478465 4.34
40.489213 4.34
40.519698 4.34
40.532228 4.34
40.560979 4.34
40.571823 4.34
40.602466 4.34
40.613341 4.34
40.648824 4.34
40.659699 4.34
40.690339 4.34
40.701091 4.34
40.733230 4.34
40.744101 4.34
40.776231 4.34
40.787090 4.34
40.822825 4.34
40.833824 4.34
40.864344 4.34
40.875090 4.34
40.907106 4.34
40.917982 4.34
40.950094 4.34
40.960982 4.34
40.991468 4.34
41.002343 4.34
41.032701 4.34
41.045078 4.34
41.073970 4.34
41.084827 4.34
41.115468 4.34
41.126219 4.34
41.156702 4.02
41.169078 4.34
41.197954 4.34
41.208827 4.34
41.239231 4.34
41.255232 4.34
41.285828 4.34
41.301703 4.34
41.327346 4.34
41.338231 4.34
41.373828 4.34
41.384704 4.34
41.415108 4.34
41.431097 4.34
41.461829 4.34
41.472704 4.34
41.503232 4.34
41.513956 4.34
41.549705 4.34
41.565580 4.34
41.590830 4.34
41.601705 4.34
41.632348 4.34
41.643349 4.34
41.678706 4.34
41.694831 4.34
41.719975 4.34
41.730831 4.34
41.761476 4.34
41.772224 4.34
41.802707 4.34
41.818706 4.02
41.843958 4.34
41.854832 4.34
41.885473 4.34
41.896223 4.34
41.926707 4.34
41.942583 4.34
41.967959 4.34
41.978833 4.34
42.009237 4.34
42.020111 4.34
42.055834 4.34
42.066583 4.34
42.097238 4.34
42.108114 4.34
42.143834 4.34
42.154584 4.34
42.185239 4.34
42.196113 4.34
42.231834 4.34
42.242585 4.34
42.273239 4.34
42.284116 4.34
42.319835 4.02
42.330585 4.02
42.361238 4.34
42.371961 4.02
42.407711 4.02
42.423836 4.34
42.448962 4.34
42.459836 4.34
42.490241 4.02
42.501115 4.34
42.536712 4.34
42.552712 4.34
42.577838 4.02
42.588712 4.02
42.619240 4.34
42.629964 4.34
42.665588 4.34
42.676480 4.34
42.706713 4.34
42.722713 4.34
42.747965 4.02
42.758839 4.34
42.789242 4.34
42.800117 4.34
42.835714 4.34
42.851839 4.34
42.880118 4.34
42.896107 4.02
42.921482 4.34
42.932231 4.34
42.962715 4.34
42.978590 4.34
43.003967 4.34
43.014840 4.02
43.045245 4.34
43.056122 4.34
43.088092 4.34
43.098967 4.34
43.129484 4.34
43.140233 4.34
43.175841 4.02
43.186591 4.02
43.217246 4.34
43.228121 4.34
43.263592 4.34
43.274467 4.02
43.304717 4.34
43.320718 4.02
43.349122 4.34
43.365247 4.34
43.392093 4.02
43.402984 4.34
43.433486 4.02
43.444235 4.34
43.474718 4.34
43.490594 4.34
43.515843 4.34
43.526719 4.34
43.557366 4.34
43.568111 4.02
43.603845 4.34
43.614719 4.34
43.645362 4.34
43.656112 4.34
43.691845 4.34
43.702720 4.34
43.733362 4.34
43.744249 4.34
43.779845 4.02
43.790596 4.34
43.821249 4.34
43.832125 4.34
43.867846 4.34
43.878596 4.34
43.909249 4.34
43.920126 4.34
43.955847 4.34
43.966597 4.34
43.997252 4.34
44.008124 4.34
44.043847 4.34
44.054597 4.34
44.085252 4.34
44.096128 4.34
44.131848 4.34
44.142598 4.02
44.173252 4.34
44.184126 4.02
44.214474 4.34
44.225240 4.34
44.255599 4.34
44.267976 4.34
44.296724 4.34
44.307474 4.34
44.337976 4.34
44.350475 4.34
44.379254 4.02
44.389976 4.34
44.420600 4.34
44.436725 4.34
44.461726 4.34
44.472600 4.34
44.502851 4.34
44.513601 4.34
44.544369 4.34
44.555253 4.34
44.585601 4.34
44.601726 4.34
44.626726 4.34
44.637602 4.34
44.667978 4.34
44.684129 4.34
44.714727 4.34
44.725477 4.34
44.755979 4.34
44.772131 4.34
44.802728 4.34
44.813603 4.34
44.843980 4.34
44.860132 4.34
44.885257 4.34
44.896133 4.34
44.926603 4.34
44.942728 4.34
44.967729 4.34
44.978479 4.34
45.008981 4.34
45.025134 4.34
45.050258 4.34
45.061131 4.34
45.091605 4.34
45.107605 4.34
45.132855 4.34
45.143730 4.34
45.174257 4.34
45.184982 4.34
45.215606 4.34
45.231731 4.34
45.256730 4.34
45.267481 4.02
45.297983 4.34
45.314011 4.34
45.344732 4.34
45.355607 4.34
45.385982 4.34
45.402134 4.34
45.427261 4.34
45.438137 4.34
45.468483 4.34
45.479249 4.34
45.509483 4.34
45.520248 4.34
45.550608 4.02
45.566733 4.34
45.591733 4.34
45.602608 4.34
45.632985 4.34
45.649139 4.34
45.674263 4.34
45.685136 4.34
45.715609 4.34
45.731735 4.34
45.756734 4.34
45.767484 4.34
45.797860 4.34
45.808609 4.34
45.839262 4.34
45.850137 4.34
45.880610 4.34
45.896735 4.34
45.921736 4.34
45.932486 4.34
45.963015 4.02
45.979140 4.34
46.009736 4.02
46.020611 4.34
46.050987 4.02
46.067141 4.34
46.097737 4.34
46.108487 4.34
46.138988 4.34
46.155017 4.34
46.180142 4.34
46.190988 4.34
46.226613 4.34
46.242505 4.34
46.267738 4.34
46.278613 4.34
46.308863 4.34
46.321489 4.34
46.351993 4.34
46.362863 4.34
46.394993 4.34
46.405864 4.34
46.436142 4.34
46.446864 4.34
46.482615 4.34
46.498615 4.34
46.523740 4.34
46.534490 4.34
46.564990 4.34
46.580991 4.34
46.611616 4.34
46.627615 4.34
46.652741 4.34
46.663616 4.34
46.693866 4.34
46.706384 4.34
46.740507 4.34
46.752897 4.34
46.781742 4.34
46.792617 4.34
46.822992 4.34
46.838992 4.34
46.869509 4.34
46.881899 4.34
46.910743 4.34
46.921492 4.34
46.951992 4.34
46.967993 4.34
46.998510 4.34
47.010900 4.34
47.039743 4.34
47.050619 4.34
47.081147 4.34
47.091994 4.34
47.122387 4.34
47.133134 4.34
47.163494 4.34
47.179512 4.34
47.204620 4.34
47.215388 4.34
47.245745 4.34
47.256495 4.34
47.287149 4.34
47.297995 4.34
47.328388 4.34
47.339137 4.34
47.369496 4.34
47.385496 4.34
47.410496 4.34
47.426496 4.34
47.451622 4.34
47.462386 4.34
47.492747 4.34
47.503497 4.34
47.534150 4.34
47.544879 4.34
47.575389 4.34
47.586149 4.34
47.616497 4.34
47.632498 4.34
47.657623 4.34
47.668391 4.34
47.698749 4.34
47.709623 4.34
47.740027 4.34
47.750883 4.34
47.781517 4.34
47.797499 4.02
47.822749 4.34
47.833499 4.02
47.864154 4.02
47.875028 4.34
47.905500 4.34
47.921500 4.34
47.946500 4.34
47.962500 4.34
47.987625 4.34
47.998390 4.34
48.028750 4.34
48.039501 4.34
48.070029 4.34
48.080878 4.34
48.116626 4.34
48.127501 4.34
48.157751 4.34
48.168627 4.34
48.198879 4.34
48.215030 4.34
48.245627 4.34
48.256502 4.34
48.286752 4.34
48.297627 4.34
48.328156 4.34
48.338881 4.34
48.369503 4.34
48.385628 4.02
48.410628 4.34
48.421394 4.34
48.451753 4.34
48.462629 4.34
48.493157 4.34
48.504031 4.34
48.534504 4.34
48.550629 4.34
48.575629 4.34
48.586397 4.34
48.616754 4.34
48.627630 4.34
48.658032 4.02
48.668884 4.34
48.704630 4.34
48.715505 4.34
48.745755 4.34
48.756505 4.02
48.787160 4.34
48.798034 4.34
48.828506 4.34
48.844631 4.34
48.869631 4.34
48.880396 4.34
48.910756 4.34
48.921632 4.02
48.952162 4.34
48.962887 4.34
48.993507 4.34
49.009632 4.34
49.034632 4.34
49.045507 4.34
49.075758 4.34
49.086633 4.34
49.118902 4.34
49.129758 4.34
49.165633 4.34
49.176509 4.34
49.206759 4.34
49.219384 4.34
49.249889 4.34
49.260759 4.34
49.296634 4.34
49.307509 4.34
49.337760 4.34
49.350404 4.34
49.379040 4.34
49.389760 4.02
49.425636 4.34
49.436510 4.34
49.466761 4.34
49.479164 4.34
49.507887 4.34
49.524041 4.02
49.554636 4.34
49.565511 4.34
49.595761 4.02
49.608163 4.34
49.638792 4.34
49.649637 4.34
49.685402 4.34
49.697779 4.34
49.726637 4.34
49.737402 4.34
49.767762 4.34
49.780167 4.34
49.810767 4.34
49.821638 4.34
49.857405 4.34
49.869768 4.34
49.898639 4.02
49.909405 4.34
49.939764 4.34
49.952169 4.34
49.981042 4.34
49.991897 4.34
50.022406 4.34
50.034768 4.34
50.063640 4.02
50.074515 4.34
50.104765 4.34
50.117169 4.34
50.146045 4.34
50.156891 4.34
50.187516 4.34
50.198405 4.34
50.228516 4.34
50.239391 4.34
50.269642 4.34
50.280391 4.34
50.310766 4.34
50.326766 4.34
50.352044 4.34
50.362767 4.34
50.398642 4.34
50.409517 4.34
50.439768 4.34
50.455767 4.34
50.486410 4.34
50.502412 4.34
50.527518 4.34
50.538408 4.34
50.568518 4.34
50.579408 4.34
50.609518 4.34
50.620394 4.34
50.650519 4.34
50.661394 4.34
50.691519 4.34
50.702394 4.34
50.732519 4.34
50.743395 4.34
50.773645 4.34
50.784395 4.34
50.814770 4.34
50.830770 4.34
50.856047 4.34
50.866770 4.34
50.897412 4.34
50.913413 4.34
50.938645 4.34
50.949521 4.34
50.979771 4.34
50.995771 4.34
51.021051 4.34
51.031898 4.34
51.062522 4.34
51.073413 4.34
51.103647 4.34
51.114522 4.34
51.144772 4.34
51.160772 4.34
51.194415 4.34
51.210413 4.34
51.235523 4.34
51.246413 4.34
51.276648 4.34
51.287523 4.34
51.317773 4.34
51.333899 4.34
51.359053 4.34
51.369774 4.34
51.400417 4.34
51.416416 4.34
51.441524 4.34
51.452416 4.34
51.482524 4.34
51.493418 4.34
51.523525 4.34
51.534400 4.34
51.564525 4.34
51.575400 4.34
51.605525 4.34
51.616416 4.34
51.646526 4.34
51.657417 4.34
51.687526 4.34
51.698401 4.34
51.728526 4.34
51.739401 4.34
51.769652 4.34
51.782169 4.34
51.810777 4.02
51.826776 4.34
51.857417 4.34
51.873420 4.34
51.898527 4.34
51.909420 4.34
51.939528 4.34
51.950403 4.34
51.980528 4.34
51.991403 4.34
52.021529 4.34
52.032404 4.34
52.062528 4.34
52.073404 4.34
52.103528 4.34
52.114404 4.34
52.144529 4.34
52.155404 4.34
52.185654 4.34
52.198173 4.34
52.226780 4.34
52.242780 4.34
52.269660 4.34
52.280530 4.34
52.310780 4.34
52.326780 4.34
52.353660 4.34
52.364406 4.34
52.394781 4.34
52.410781 4.34
52.437660 4.34
52.448532 4.34
52.478782 4.34
52.494781 4.34
52.521661 4.34
52.532532 4.34
52.562938 4.34
52.573782 4.34
52.604426 4.34
52.620533 4.34
52.645658 4.34
52.658062 4.34
52.686783 4.34
52.697533 4.34
52.733425 4.34
52.744175 4.34
52.774534 4.34
52.785409 4.34
52.815659 4.34
52.831534 4.34
52.856784 4.02
52.867659 4.34
52.903427 4.34
52.914177 4.34
52.944535 4.34
52.955410 4.34
52.985535 4.34
52.996410 4.34
53.026535 4.34
53.037410 4.34
53.067660 4.34
53.083536 4.34
53.108786 4.34
53.119661 4.34
53.155427 4.34
53.166178 4.34
53.196536 4.34
53.207412 4.34
53.237662 4.34
53.253662 4.34
53.278787 4.34
53.289662 4.34
53.319787 4.34
53.330663 4.34
53.366429 4.34
53.377181 4.34
53.407538 4.34
53.418413 4.34
53.448538 4.34
53.459413 4.34
53.489538 4.34
53.500414 4.34
53.530539 4.34
53.541414 4.34
53.571539 4.34
53.582429 4.34
53.612539 4.34
53.623415 4.34
53.653540 4.34
53.664415 4.34
53.694540 4.34
53.705415 4.34
53.735540 4.34
53.746416 4.34
53.776541 4.34
53.787416 4.34
53.817541 4.34
53.828416 4.34
53.858541 4.34
53.869417 4.34
53.899666 4.34
53.915542 4.34
53.940792 4.34
53.951542 4.34
53.987183 4.34
53.997919 4.34
54.028432 4.34
54.039185 4.34
54.069543 4.34
54.080418 4.34
54.110668 4.34
54.126543 4.34
54.151920 4.34
54.162793 4.34
54.193435 4.34
54.204186 4.34
54.234544 4.34
54.245419 4.34
54.275669 4.34
54.291544 4.34
54.316794 4.34
54.327669 4.34
54.363199 4.34
54.373921 4.34
54.404435 4.34
54.415188 4.34
54.445545 4.34
54.456420 4.34
54.486546 4.34
54.497421 4.34
54.527546 4.34
54.538421 4.34
54.568547 4.02
54.579421 4.34
54.609546 4.34
54.622046 4.34
54.650546 4.34
54.661314 4.34
54.691547 4.34
54.702422 4.34
54.732547 4.34
54.745047 4.34
54.773548 4.34
54.784423 4.34
54.814548 4.34
54.827048 4.34
54.855548 4.34
54.866423 4.34
54.896549 4.34
54.909049 4.02
54.937549 4.34
54.950049 4.34
54.978549 4.34
54.991049 4.34
55.019549 4.34
55.032050 4.34
55.060549 4.34
55.073050 4.34
55.101550 4.34
55.113926 4.34
55.142550 4.34
55.154926 4.34
55.183551 4.34
55.195927 4.34
55.224551 4.02
55.236944 4.34
55.265551 4.34
55.277928 4.34
55.306551 4.34
55.318957 4.34
55.347552 4.34
55.359927 4.34
55.388802 4.34
55.399677 4.34
55.435194 4.34
55.447561 4.34
55.476445 4.34
55.487197 4.34
55.517427 4.34
55.528194 4.34
55.558445 4.34
55.569193 4.34
55.599553 4.34
55.611956 4.34
55.640553 4.34
55.656429 4.34
55.681678 4.34
55.697554 4.34
55.728054 4.34
55.738804 4.34
55.769445 4.34
55.780197 4.34
55.810555 4.34
55.826430 4.34
55.851555 4.34
55.867430 4.34
55.892555 4.34
55.908431 4.34
55.933556 4.34
55.949431 4.34
55.974556 4.34
55.990431 4.34
56.015556 4.02
56.031431 4.34
56.056556 4.34
56.072432 4.34
56.097557 4.34
56.113432 4.34
56.138557 4.34
56.154433 4.34
56.179558 4.34
56.195433 4.34
56.220558 4.34
56.236433 4.34
56.261558 4.34
56.277433 4.34
56.302558 4.34
56.318433 4.34
56.343558 4.34
56.359434 4.34
56.384559 4.34
56.400434 4.34
56.425559 4.34
56.441559 4.34
56.466560 4.34
56.482435 4.34
56.507685 4.34
56.518435 4.34
56.554060 4.34
56.564810 4.34
56.595453 4.34
56.606203 4.34
56.636685 4.34
56.647436 4.34
56.683078 4.34
56.699078 4.34
56.724452 4.34
56.735202 4.34
56.765687 4.34
56.776437 4.34
56.812080 4.34
56.828077 4.34
56.853454 4.34
56.864203 4.34
56.894687 4.34
56.905438 4.34
56.941089 4.34
56.951813 4.34
56.982454 4.34
56.993203 4.34
57.023564 4.34
57.039438 4.34
57.064688 4.34
57.075438 4.34
57.111083 4.34
57.127082 4.34
57.152457 4.34
57.163207 4.34
57.193689 4.34
57.204439 4.34
57.240080 4.34
57.250815 4.34
57.281455 4.34
57.292207 4.34
57.322690 4.34
57.333565 4.34
57.369082 4.34
57.385083 4.34
57.410441 4.34
57.422942 4.34
57.451442 4.34
57.462209 4.34
57.492442 4.34
57.504943 4.34
57.533567 4.34
57.549567 4.34
57.574692 4.34
57.585567 4.34
57.621086 4.34
57.637086 4.02
57.662458 4.34
57.674972 4.34
57.703693 4.34
57.714568 4.34
57.750085 4.34
57.766087 4.34
57.791461 4.34
57.803976 4.02
57.832693 4.02
57.843569 4.34
57.879098 4.34
57.895087 4.34
57.920570 4.34
57.936570 4.34
57.961695 4.34
57.972570 4.34
58.008099 4.34
58.024087 4.34
58.049462 4.34
58.061821 4.34
58.090696 4.02
58.101571 4.34
58.136965 4.34
58.149448 4.34
58.178465 4.34
58.194462 4.34
58.219696 4.02
58.230572 4.34
58.266101 4.34
58.282087 4.34
58.307462 4.34
58.323466 4.34
58.348573 4.34
58.364448 4.34
58.389698 4.34
58.400448 4.34
58.436091 4.34
58.452091 4.34
58.477467 4.34
58.493466 4.34
58.518449 4.34
58.530824 4.34
58.559449 4.34
58.571824 4.34
58.600449 4.34
58.616449 4.34
58.641575 4.34
58.657465 4.34
58.682700 4.34
58.693575 4.34
58.729103 4.34
58.744980 4.34
58.770576 4.34
58.786576 4.34
58.811701 4.34
58.822576 4.34
58.857983 4.34
58.873980 4.34
58.899470 4.02
58.915470 4.34
58.940702 4.34
58.951452 4.34
58.987106 4.02
59.003095 4.34
59.028468 4.34
59.044469 4.34
59.069577 4.34
59.085453 4.34
59.110702 4.34
59.121453 4.34
59.157094 4.34
59.172955 4.34
59.198470 4.34
59.214471 4.34
59.239454 4.34
59.255471 4.34
59.280579 4.34
59.296455 4.34
59.321704 4.34
59.332579 4.34
59.368107 4.34
59.383955 4.34
59.409455 4.34
59.425471 4.34
59.450455 4.34
59.466456 4.34
59.491456 4.34
59.507471 4.34
59.532581 4.34
59.548456 4.34
59.573706 4.34
59.584581 4.34
59.620110 4.34
59.635958 4.34
59.661582 4.34
59.677457 4.34
59.702707 4.34
59.713457 4.34
59.749099 4.34
59.765100 4.34
59.790476 4.34
59.806583 4.34
59.831458 4.34
59.847458 4.34
59.872583 4.34
59.888458 4.34
59.915487 4.34
59.926238 4.34
59.958460 4.34
59.969237 4.34
59.999584 4.34
60.015460 4.34
60.042460 4.34
60.053226 4.34
60.083460 4.34
60.099460 4.34
60.124461 4.34
60.140460 4.34
60.165460 4.34
60.181461 4.34
60.206461 4.34
60.222461 4.34
60.247461 4.34
60.263461 4.34
60.288586 4.34
60.304462 4.34
60.331462 4.34
60.342229 4.34
60.372587 4.34
60.383462 4.34
60.415463 4.34
60.426356 4.34
60.456463 4.34
60.472479 4.34
60.497463 4.34
60.513588 4.34
60.538588 4.34
60.549481 4.34
60.581493 4.34
60.592355 4.34
60.624494 4.34
60.635356 4.34
60.667492 4.34
60.678356 4.34
60.710496 4.34
60.721357 4.34
60.753496 4.34
60.764357 4.34
60.796371 4.34
60.807358 4.34
60.837590 4.34
60.848465 4.34
60.883840 4.34
60.894590 4.34
60.925242 4.34
60.936120 4.34
60.966591 4.34
60.977466 4.34
61.012841 4.34
61.028841 4.34
61.054360 4.34
61.066842 4.34
61.095467 4.34
61.106360 4.34
61.136467 4.34
61.147233 4.34
61.177592 4.34
61.188468 4.34
61.223842 4.34
61.236374 4.34
61.265360 4.34
61.281233 4.34
61.311844 4.34
61.322718 4.34
61.353248 4.34
61.364123 4.34
61.394594 4.34
61.405469 4.34
61.440844 4.34
61.451719 4.34
61.482363 4.34
61.498235 4.34
61.523470 4.34
61.534235 4.34
61.564471 4.34
61.575235 4.34
61.605596 4.34
61.616471 4.34
61.651846 4.34
61.662596 4.34
61.693250 4.34
61.704123 4.34
61.734596 4.34
61.745471 4.34
61.780846 4.34
61.791597 4.34
61.822249 4.34
61.832973 4.34
61.863597 4.34
61.874472 4.34
61.909848 4.34
61.920598 4.34
61.951252 4.34
61.962127 4.34
61.992599 4.34
62.003473 4.34
62.038848 4.34
62.049724 4.34
62.080253 4.34
62.090975 4.34
62.121474 4.34
62.132241 4.34
62.162474 4.34
62.173240 4.34
62.203600 4.34
62.214475 4.34
62.249850 4.34
62.260600 4.34
62.291254 4.34
62.302129 4.34
62.332476 4.34
62.343241 4.34
62.373601 4.34
62.384476 4.34
62.419851 4.34
62.430601 4.34
62.461369 4.34
62.477369 4.34
62.502493 4.34
62.518494 4.34
62.543494 4.34
62.554245 4.34
62.589853 4.34
62.600603 4.34
62.631256 4.34
62.643728 4.34
62.672603 4.34
62.683478 4.34
62.718853 4.34
62.729728 4.02
62.760256 4.02
62.772729 4.34
62.801604 4.34
62.812479 4.34
62.847854 4.02
62.858729 4.34
62.889258 4.34
62.901854 4.34
62.930605 4.34
62.941480 4.34
62.976855 4.34
62.989357 4.34
63.018259 4.34
63.030856 4.34
63.059480 4.34
63.070374 4.34
63.100481 4.34
63.111248 4.34
63.141606 4.34
63.152481 4.34
63.187856 4.34
63.200358 4.34
63.229375 4.34
63.245500 4.34
63.270499 4.34
63.281375 4.34
63.316858 4.34
63.332857 4.34
63.358375 4.34
63.374497 4.34
63.404858 4.34
63.417359 4.34
63.446374 4.34
63.462373 4.34
63.487500 4.34
63.498377 4.34
63.533859 4.34
63.546390 4.34
63.575377 4.34
63.591501 4.34
63.616485 4.34
63.627377 4.34
63.657610 4.34
63.668485 4.34
63.703860 4.34
63.716266 4.34
63.745379 4.34
63.761610 4.34
63.786501 4.34
63.797378 4.34
63.827486 4.34
63.838379 4.34
63.868611 4.34
63.879487 4.34
63.914861 4.34
63.930737 4.34
63.956264 4.34
63.972141 4.34
63.997612 4.34
64.008377 4.34
64.043862 4.34
64.059738 4.34
64.085267 4.34
64.101141 4.34
64.126613 4.34
64.137381 4.34
64.167989 4.34
64.178738 4.02
64.209382 4.34
64.225254 4.34
64.250380 4.34
64.261129 4.34
64.291614 4.34
64.302381 4.34
64.337864 4.34
64.353740 4.34
64.379257 4.34
64.395132 4.34
64.420380 4.34
64.431133 4.34
64.461616 4.34
64.472381 4.34
64.507865 4.34
64.523866 4.34
64.549270 4.34
64.565145 4.34
64.590616 4.34
64.601384 4.34
64.636867 4.34
64.652866 4.34
64.678269 4.34
64.694146 4.34
64.719618 4.34
64.730384 4.34
64.765868 4.34
64.781743 4.34
64.807258 4.34
64.823145 4.34
64.848618 4.34
64.859383 4.34
64.894868 4.34
64.910744 4.34
64.936272 4.34
64.952259 4.34
64.977619 4.34
64.988386 4.34
65.023869 4.34
65.039869 4.34
65.065271 4.34
65.081149 4.34
65.106620 4.34
65.117385 4.34
65.152878 4.34
65.168745 4.34
65.194274 4.34
65.223877 4.34
65.239879 4.34
65.265149 4.34
65.275997 4.34
65.306386 4.34
65.317152 4.34
65.352879 4.34
65.368747 4.34
65.394262 4.34
65.410151 4.34
65.435389 4.34
65.446151 4.34
65.476498 4.34
65.487264 4.34
65.519249 4.02
65.530152 4.34
65.562277 4.34
65.572999 4.34
65.605280 4.34
65.616152 4.34
65.648281 4.34
65.659030 4.34
65.691280 4.34
65.702151 4.34
65.734279 4.34
65.745029 4.34
65.777279 4.34
65.788154 4.34
65.820279 4.34
65.831030 4.34
65.863281 4.34
65.874155 4.34
65.906281 4.34
65.917029 4.34
65.949280 4.34
65.960154 4.34
65.992282 4.34
66.003031 4.34
66.035281 4.34
66.046030 4.34
66.078283 4.34
66.089157 4.34
66.124627 4.34
66.140627 4.34
66.165753 4.34
66.178283 4.34
66.207031 4.34
66.217880 4.34
66.248395 4.34
66.259156 4.34
66.294882 4.34
66.305753 4.34
66.336156 4.34
66.348629 4.34
66.377504 4.34
66.388394 4.34
66.423754 4.34
66.439883 4.34
66.465034 4.34
66.475883 4.34
66.506522 4.34
66.517396 4.34
66.547885 4.34
66.558755 4.34
66.589398 4.34
66.600157 4.34
66.635755 4.34
66.651885 4.34
66.680161 4.34
66.696398 4.34
66.721507 4.34
66.732398 4.34
66.767632 4.34
66.778382 4.34
66.808757 4.34
66.824757 4.34
66.850034 4.34
66.860887 4.34
66.891508 4.34
66.902400 4.34
66.937887 4.34
66.948758 4.34
66.979401 4.34
66.990161 4.34
67.025888 4.34
67.036758 4.34
67.067399 4.34
67.078160 4.34
67.113634 4.34
67.124400 4.34
67.154759 4.34
67.170759 4.34
67.196038 4.34
67.206887 4.34
67.237525 4.34
67.248402 4.34
67.283760 4.34
67.299887 4.34
67.325040 4.34
67.335886 4.34
67.366511 4.34
67.377403 4.34
67.412761 4.34
67.428886 4.34
67.457165 4.34
67.473166 4.34
67.498512 4.34
67.509404 4.34
67.544637 4.34
67.555402 4.34
67.585763 4.34
67.601762 4.34
67.627041 4.34
67.637891 4.34
67.668513 4.34
67.679403 4.34
67.714890 4.34
67.725763 4.34
67.756404 4.34
67.767157 4.34
67.802764 4.34
67.818899 4.34
67.844043 4.34
67.854891 4.34
67.885514 4.34
67.896407 4.34
67.931891 4.34
67.942765 4.34
67.973408 4.34
67.984157 4.34
68.019640 4.34
68.030406 4.34
68.060766 4.34
68.076641 4.34
68.102045 4.34
68.112766 4.34
68.143406 4.34
68.154160 4.34
68.189893 4.34
68.200766 4.34
68.231159 4.34
68.247159 4.34
68.272409 4.34
68.283158 4.34
68.315143 4.34
68.325893 4.34
68.358144 4.34
68.368893 4.34
68.399519 4.34
68.410409 4.34
68.445644 4.34
68.458175 4.34
68.486769 4.34
68.502769 4.34
68.528048 4.34
68.540644 4.34
68.569410 4.34
68.580285 4.34
68.615645 4.34
68.626395 4.34
68.656770 4.34
68.672645 4.34
68.698048 4.34
68.710645 4.34
68.739413 4.34
68.750160 4.34
68.785897 4.34
68.796771 4.34
68.827413 4.34
68.838161 4.34
68.873898 4.34
68.884771 4.02
68.915413 4.34
68.926162 4.34
68.961899 4.34
68.972772 4.34
69.003412 4.34
69.014164 4.34
69.049648 4.34
69.062149 4.34
69.090773 4.34
69.106773 4.34
69.132053 4.34
69.148177 4.34
69.175150 4.34
69.185900 4.34
69.221774 4.34
69.237917 4.34
69.263053 4.34
69.275649 4.34
69.309774 4.34
69.325774 4.34
69.351054 4.34
69.367177 4.34
69.397774 4.34
69.413901 4.02
69.439055 4.34
69.451526 4.34
69.485776 4.34
69.501776 4.34
69.527056 4.34
69.543303 4.34
69.573776 4.34
69.589776 4.34
69.615054 4.34
69.631056 4.34
69.661777 4.34
69.672652 4.34
69.702905 4.34
69.713777 4.34
69.744420 4.34
69.755171 4.34
69.785528 4.34
69.796418 4.34
69.826528 4.34
69.837404 4.34
69.867653 4.34
69.883778 4.34
69.908779 4.34
69.919654 4.34
69.949905 4.34
69.960779 4.34
69.991420 4.34
70.002171 4.34
70.032655 4.34
70.048779 4.34
70.073780 4.34
70.084530 4.34
70.115060 4.34
70.131184 4.34
70.161781 4.34
70.172530 4.34
70.203060 4.34
70.219185 4.34
70.249781 4.34
70.260531 4.34
70.291060 4.34
70.307060 4.34
70.337656 4.34
70.353782 4.34
70.378781 4.34
70.389532 4.34
70.420187 4.34
70.431061 4.34
70.466783 4.34
70.477533 4.34
70.508061 4.34
70.524063 4.34
70.549425 4.34
70.560175 4.34
70.590658 4.34
70.606783 4.34
70.631783 4.34
70.642659 4.34
70.673186 4.34
70.684061 4.02
70.719659 4.34
70.735784 4.34
70.760785 4.34
70.771659 4.34
70.802064 4.34
70.818187 4.34
70.848785 4.34
70.859660 4.34
70.890062 4.34
70.906189 4.34
70.931427 4.34
70.942176 4.34
70.972661 4.34
70.988786 4.34
71.013786 4.34
71.024661 4.34
71.055065 4.34
71.071190 4.34
71.101787 4.34
71.112662 4.34
71.143189 4.34
71.153914 4.34
71.189787 4.34
71.200538 4.34
71.231190 4.34
71.241914 4.34
71.277788 4.34
71.288664 4.34
71.319306 4.34
71.330192 4.02
71.360664 4.02
71.376789 4.34
71.401790 4.02
71.412539 4.02
71.443066 4.34
71.459193 4.34
71.484432 4.02
71.495180 4.34
71.525665 4.34
71.541790 4.34
71.566790 4.34
71.577666 4.34
71.608195 4.02
71.619070 4.34
71.654791 4.34
71.665541 4.02
71.696195 4.34
71.707068 4.02
71.742542 4.34
71.753417 4.34
71.783667 4.34
71.799667 4.34
71.824792 4.34
71.835542 4.34
71.866070 4.02
71.882071 4.34
71.912543 4.34
71.923433 4.34
71.953543 4.34
71.966044 4.34
71.994543 4.34
72.007044 4.34
72.035669 4.34
72.051669 4.34
72.076919 4.34
72.089544 4.34
72.120045 4.34
72.130920 4.34
72.162921 4.34
72.173795 4.34
72.205921 4.34
72.216795 4.34
72.252670 4.34
72.268545 4.34
72.293795 4.34
72.304545 4.34
72.335074 4.34
72.351198 4.34
72.376439 4.34
72.387189 4.34
72.417546 4.34
72.429922 4.34
72.458546 4.34
72.470923 4.34
72.499547 4.34
72.511922 4.34
72.540547 4.34
72.556672 4.34
72.581547 4.34
72.597672 4.34
72.622547 4.34
72.638673 4.34
72.663548 4.34
72.679673 4.34
72.704548 4.34
72.720674 4.34
72.745548 4.34
72.761674 4.34
72.786549 4.34
72.798925 4.34
72.827549 4.34
72.843674 4.34
72.868549 4.34
72.884674 4.34
72.909550 4.34
72.925675 4.34
72.950549 4.34
72.966675 4.34
72.991550 4.34
73.007676 4.34
73.032550 4.34
73.048676 4.34
73.073551 4.34
73.089676 4.34
73.114551 4.34
73.130676 4.34
73.155551 4.34
73.171677 4.34
73.196551 4.34
73.212677 4.34
73.237552 4.34
73.253552 4.34
73.278552 4.34
73.294677 4.34
73.319552 4.34
73.335678 4.34
73.360553 4.34
73.376678 4.34
73.401553 4.34
73.417678 4.34
73.442554 4.34
73.458553 4.34
73.483553 4.34
73.499679 4.34
73.524554 4.34
73.540554 4.34
73.565554 4.34
73.581679 4.34
73.606555 4.34
73.622680 4.34
73.647555 4.34
73.663680 4.34
73.688555 4.34
73.704680 4.34
73.729555 4.34
73.745681 4.34
73.770555 4.34
73.786556 4.34
73.811556 4.34
73.827681 4.02
73.852556 4.34
73.868681 4.34
73.893557 4.34
73.909682 4.34
73.934557 4.34
73.950682 4.02
73.975557 4.34
73.991682 4.34
74.016557 4.34
74.032683 4.34
74.057683 4.34
74.068433 4.34
74.098934 4.34
74.115058 4.34
74.145683 4.34
74.156433 4.34
74.186935 4.34
74.202935 4.34
74.233684 4.34
74.244434 4.02
74.274936 4.34
74.291059 4.34
74.321685 4.34
74.332435 4.34
74.362936 4.34
74.379060 4.34
74.409685 4.34
74.420435 4.02
74.450937 4.34
74.467060 4.02
74.492215 4.34
74.503060 4.34
74.533436 4.02
74.544328 4.34
74.574436 4.34
74.585204 4.34
74.615561 4.34
74.631686 4.34
74.656687 4.34
74.667437 4.34
74.697939 4.34
74.714062 4.34
74.744688 4.02
74.755437 4.34
74.785939 4.34
74.801940 4.34
74.832688 4.34
74.843438 4.34
74.873940 4.34
74.890080 4.34
74.920689 4.34
74.931438 4.34
74.961941 4.34
74.978082 4.34
75.008689 4.02
75.019439 4.34
75.049941 4.34
75.065941 4.34
75.096690 4.34
75.107440 4.34
75.138081 4.34
75.148942 4.34
75.179566 4.34
75.195691 4.34
75.220691 4.34
75.231440 4.34
75.261943 4.34
75.278094 4.34
75.308691 4.34
75.319441 4.34
75.349943 4.02
75.366082 4.34
75.396461 4.34
75.408821 4.34
75.437692 4.34
75.448442 4.34
75.478943 4.34
75.489818 4.34
75.525459 4.34
75.541460 4.34
75.566818 4.34
75.579336 4.34
75.613569 4.34
75.624461 4.02
75.654694 4.34
75.665569 4.34
75.695945 4.34
75.706819 4.34
75.737096 4.34
75.747946 4.34
75.778570 4.34
75.789445 4.34
75.819695 4.34
75.830570 4.34
75.860946 4.34
75.871820 4.34
75.907696 4.34
75.918445 4.34
75.948947 4.34
75.959821 4.34
75.990086 4.34
76.000821 4.34
76.031464 4.34
76.047463 4.34
76.072697 4.34
76.083447 4.34
76.113948 4.34
76.124822 4.34
76.160465 4.34
76.176466 4.34
76.201698 4.34
76.212448 4.02
76.242949 4.34
76.253823 4.34
76.289698 4.34
76.300448 4.34
76.330950 4.34
76.341824 4.34
76.372093 4.34
76.382824 4.34
76.413466 4.34
76.429464 4.34
76.454700 4.34
76.465449 4.34
76.495950 4.34
76.506825 4.34
76.542466 4.34
76.558467 4.34
76.583700 4.34
76.594576 4.34
76.624952 4.34
76.635826 4.34
76.671466 4.34
76.687469 4.34
76.712701 4.34
76.723576 4.34
76.753953 4.34
76.764827 4.34
76.800469 4.34
76.816470 4.34
76.841702 4.34
76.852577 4.34
76.882953 4.34
76.893828 4.34
76.929703 4.34
76.940578 4.34
76.970955 4.34
76.981828 4.34
77.017468 4.34
77.033471 4.34
77.058704 4.34
77.069579 4.34
77.099955 4.34
77.110828 4.34
77.146472 4.34
77.162471 4.34
77.187705 4.34
77.198455 4.34
77.228956 4.34
77.239830 4.34
77.275706 4.34
77.288222 4.34
77.320107 4.34
77.330831 4.34
77.361471 4.34
77.377471 4.34
77.402706 4.34
77.413456 4.34
77.443987 4.34
77.454831 4.34
77.485473 4.34
77.501582 4.34
77.526707 4.34
77.539349 4.34
77.567958 4.34
77.578832 4.34
77.614474 4.34
77.630475 4.34
77.655708 4.34
77.666458 4.34
77.696833 4.34
77.712833 4.34
77.743477 4.34
77.759477 4.34
77.784709 4.34
77.797224 4.34
77.825960 4.34
77.836834 4.34
77.872476 4.34
77.888352 4.34
77.913834 4.34
77.929834 4.34
77.956714 4.34
77.967585 4.34
77.997835 4.34
78.013835 4.34
78.044476 4.34
78.060476 4.34
78.085711 4.02
78.098101 4.34
78.126962 4.02
78.137836 4.34
78.168239 4.34
78.178962 4.34
78.209587 4.34
78.220462 4.34
78.250712 4.34
78.263105 4.34
78.291837 4.02
78.302587 4.34
78.338481 4.34
78.349231 4.34
78.379588 4.34
78.390463 4.34
78.420713 4.34
78.433104 4.02
78.461994 4.34
78.472839 4.34
78.503481 4.34
78.514357 4.34
78.544714 4.34
78.557117 4.34
78.585840 4.02
78.596714 4.34
78.632590 4.34
78.643482 4.34
78.673840 4.34
78.689996 4.34
78.718483 4.34
78.729358 4.34
78.759716 4.34
78.775716 4.34
78.809358 4.34
78.825358 4.34
78.850466 4.34
78.861359 4.34
78.891467 4.34
78.902360 4.34
78.932592 4.34
78.943467 4.34
78.973717 4.34
78.989717 4.34
79.014969 4.34
79.025843 4.34
79.056244 4.34
79.066969 4.34
79.097593 4.34
79.108468 4.34
79.138718 4.34
79.154593 4.34
79.179970 4.34
79.190843 4.34
79.221246 4.34
79.231999 4.34
79.262594 4.34
79.273469 4.34
79.303719 4.34
79.319719 4.34
79.344970 4.34
79.355845 4.34
79.386251 4.34
79.396971 4.34
79.427595 4.34
79.438470 4.34
79.468721 4.02
79.484721 4.34
79.509846 4.34
79.520721 4.34
79.556489 4.34
79.567240 4.34
79.597596 4.34
79.608472 4.34
79.638722 4.34
79.654722 4.34
79.679974 4.34
79.690847 4.34
79.721249 4.02
79.731974 4.34
79.762598 4.34
79.773473 4.34
79.803723 4.34
79.819598 4.34
79.845003 4.34
79.855848 4.34
79.886491 4.34
79.897241 4.34
79.927481 4.34
79.938242 4.34
79.968599 4.34
79.979474 4.34
80.009724 4.34
80.025724 4.34
80.050975 4.34
80.061850 4.34
80.092252 4.34
80.102976 4.34
80.133600 4.34
80.144476 4.34
80.174725 4.34
80.190601 4.34
80.217735 4.34
80.228601 4.34
80.258851 4.34
80.269601 4.34
80.300255 4.34
80.316368 4.02
80.341602 4.34
80.352477 4.34
80.382727 4.34
80.398727 4.34
80.423978 4.34
80.434852 4.34
80.465370 4.34
80.481371 4.34
80.506603 4.34
80.519130 4.34
80.547728 4.34
80.563728 4.34
80.590738 4.34
80.601479 4.34
80.633738 4.34
80.644604 4.34
80.676614 4.34
80.687495 4.34
80.717729 4.34
80.733730 4.34
80.760615 4.34
80.771495 4.34
80.801730 4.34
80.817730 4.34
80.844615 4.02
80.855496 4.34
80.885730 4.34
80.901731 4.34
80.928616 4.34
80.939499 4.34
80.969731 4.34
80.985731 4.34
81.012616 4.34
81.023499 4.34
81.053732 4.34
81.069732 4.34
81.100122 4.34
81.110857 4.34
81.141500 4.34
81.152250 4.34
81.182732 4.34
81.193608 4.34
81.229135 4.34
81.245123 4.34
81.270500 4.34
81.281376 4.34
81.311734 4.34
81.322608 4.34
81.358140 4.34
81.368859 4.34
81.399502 4.34
81.410250 4.34
81.440734 4.34
81.451484 4.34
81.487127 4.34
81.503127 4.34
81.528500 4.34
81.539375 4.34
81.569735 4.34
81.580485 4.34
81.616140 4.34
81.632126 4.34
81.657503 4.34
81.668254 4.34
81.698487 4.34
81.709254 4.34
81.739486 4.34
81.750252 4.34
81.780612 4.34
81.796487 4.34
81.821737 4.34
81.832487 4.34
81.868139 4.34
81.884127 4.34
81.909387 4.34
81.920128 4.34
81.950488 4.34
81.961255 4.34
81.991613 4.34
82.007489 4.34
82.032738 4.34
82.043489 4.34
82.079133 4.34
82.095131 4.34
82.120381 4.34
82.131132 4.34
82.161614 4.34
82.177490 4.34
82.202740 4.34
82.213615 4.34
82.249142 4.34
82.259865 4.34
82.290382 4.34
82.301133 4.34
82.331616 4.34
82.347616 4.34
82.372741 4.34
82.383491 4.34
82.419132 4.34
82.435134 4.34
82.460384 4.34
82.471134 4.34
82.501617 4.34
82.517492 4.34
82.542742 4.34
82.553617 4.34
82.589146 4.34
82.599868 4.34
82.630385 4.34
82.641134 4.34
82.671385 4.34
82.682134 4.34
82.712618 4.34
82.728619 4.34
82.753743 4.34
82.764493 4.34
82.800387 4.34
82.811134 4.34
82.841619 4.34
82.857494 4.34
82.882745 4.34
82.893620 4.34
82.929262 4.34
82.945148 4.34
82.970620 4.34
82.986620 4.34
83.011745 4.34
83.022496 4.34
83.058388 4.34
83.069150 4.34
83.099621 4.34
83.115496 4.34
83.140746 4.34
83.151621 4.34
83.182151 4.34
83.192878 4.34
83.223390 4.34
83.234149 4.34
83.264622 4.34
83.280497 4.34
83.305748 4.34
83.316498 4.34
83.347152 4.34
83.359624 4.34
83.388623 4.34
83.404623 4.34
83.429748 4.34
83.440623 4.34
83.471151 4.34
83.483624 4.34
83.512624 4.34
83.528624 4.34
83.553749 4.34
83.564624 4.34
83.595151 4.34
83.607528 4.34
83.636517 4.34
83.648880 4.34
83.677625 4.34
83.693625 4.34
83.718750 4.34
83.729626 4.34
83.760153 4.34
83.776153 4.34
83.801501 4.34
83.813880 4.34
83.842626 4.34
83.858517 4.34
83.883751 4.34
83.894626 4.34
83.925154 4.34
83.941156 4.02
83.966502 4.34
83.978880 4.34
84.007628 4.34
84.023510 4.34
84.048753 4.34
84.059627 4.34
84.090156 4.34
84.106155 4.34
84.131396 4.34
84.142157 4.34
84.172504 4.34
84.188504 4.02
84.213504 4.34
84.225883 4.34
84.254629 4.34
84.270504 4.34
84.295755 4.34
84.306504 4.34
84.337157 4.34
84.353159 4.34
84.378395 4.34
84.389157 4.34
84.419506 4.34
84.435397 4.34
84.460506 4.34
84.476396 4.34
84.501631 4.34
84.517506 4.34
84.542756 4.34
84.553631 4.34
84.584160 4.34
84.600161 4.34
84.625507 4.34
84.641507 4.34
84.666632 4.34
84.682632 4.34
84.707757 4.34
84.718633 4.34
84.749161 4.34
84.765163 4.02
84.790508 4.34
84.806401 4.34
84.831633 4.34
84.847634 4.34
84.872758 4.34
84.883509 4.34
84.914165 4.34
84.930161 4.34
84.955509 4.34
84.971634 4.34
84.996509 4.34
85.012401 4.34
85.037634 4.34
85.053510 4.34
85.078760 4.34
85.089510 4.34
85.120165 4.34
85.136162 4.34
85.161511 4.34
85.177510 4.34
85.202636 4.34
85.218636 4.34
85.243761 4.34
85.254511 4.34
85.285165 4.34
85.301041 4.34
85.326530 4.34
85.342512 4.34
85.367512 4.34
85.383405 4.34
85.408513 4.34
85.424404 4.34
85.449638 4.34
85.465638 4.34
85.490763 4.34
85.501513 4.34
85.537168 4.34
85.553041 4.34
85.578514 4.34
85.594514 4.34
85.619639 4.34
85.635639 4.34
85.660764 4.34
85.671514 4.34
85.707170 4.34
85.723044 4.34
85.748515 4.34
85.764404 4.34
85.789773 4.34
85.800772 4.34
85.831414 4.34
85.843895 4.34
85.878051 4.34
85.894051 4.02
85.919517 4.34
85.936517 4.02
85.960517 4.34
85.976391 4.34
86.001537 4.34
86.017516 4.02
86.044517 4.02
86.055407 4.34
86.085517 4.34
86.101657 4.34
86.132292 4.02
86.143187 4.34
86.175522 4.02
86.186414 4.02
86.222054 4.02
86.238053 4.02
86.263520 4.02
86.279394 4.02
86.304519 4.02
86.320394 4.34
86.345644 4.34
86.356394 4.02
86.388395 4.02
86.399161 4.34
86.429413 4.34
86.441770 4.02
86.470395 4.34
86.482770 4.34
86.511395 4.34
86.523770 4.34
86.552661 4.34
