0.000000 0.000000
0.042007 4.34
0.058317 4.34
0.083588 4.34
0.099755 3.01
0.130590 2.34
0.146759 2.66
0.177655 2.34
0.193958 2.34
0.224437 2.66
0.235437 2.66
0.271309 2.34
0.282184 2.34
0.312947 2.66
0.323947 2.66
0.354431 2.66
0.365431 2.66
0.395948 2.34
0.406943 2.66
0.437306 2.34
0.448072 2.34
0.478587 2.66
0.494587 2.34
0.519945 2.34
0.530707 2.34
0.561307 2.34
0.572182 2.34
0.602590 2.34
0.618706 2.66
0.649307 2.34
0.660058 2.66
0.690585 2.34
0.706707 2.66
0.731948 2.34
0.742708 2.34
0.773578 2.34
0.789696 2.34
0.820317 2.34
0.831190 2.34
0.862107 2.34
0.878325 2.34
0.903748 2.34
0.919966 2.34
0.945336 2.66
0.956337 2.66
0.986998 4.02
0.997965 4.02
1.028612 4.02
1.044818 4.02
1.075441 4.34
1.086439 4.34
1.116954 4.02
1.127955 4.02
1.158438 4.02
1.169437 4.02
1.199715 4.02
1.210587 4.02
1.241187 4.34
1.257187 4.34
1.282312 4.02
1.293061 4.34
1.323589 4.02
1.339590 4.34
1.370312 4.34
1.381062 4.34
1.411590 4.34
1.427828 4.34
1.456465 4.34
1.467454 4.34
1.503348 4.34
1.514326 4.34
1.546645 4.34
1.557753 4.34
1.593447 4.34
1.604446 4.34
1.640330 4.34
1.651328 4.34
1.683633 4.34
1.694626 4.34
1.730446 4.34
1.741445 4.34
1.777320 4.34
1.788194 4.34
1.818724 4.34
1.829600 4.34
1.860193 4.34
1.876317 4.34
1.901191 4.34
1.917066 4.34
1.942191 4.34
1.958074 4.34
1.983196 4.34
1.999071 4.34
2.024195 4.34
2.040069 4.34
2.065193 4.34
2.081069 4.68
2.106192 4.34
2.122068 4.34
2.147192 4.34
2.163068 4.34
2.188192 4.34
2.204068 4.34
2.229193 4.34
2.245067 4.68
2.270193 4.34
2.286068 4.34
2.311193 4.68
2.327069 4.34
2.352200 4.68
2.368074 4.68
2.393198 4.68
2.409072 4.68
2.434196 4.68
2.450072 4.68
2.475195 4.68
2.491070 4.68
2.516195 4.68
2.532071 4.68
2.557195 4.68
2.573070 4.68
2.598195 4.68
2.614070 4.68
2.639196 4.68
2.655071 4.68
2.680196 4.68
2.696071 4.68
2.721202 4.68
2.737077 4.34
2.762200 4.34
2.778075 4.34
2.803199 4.34
2.819074 4.34
2.844198 4.34
2.860073 4.34
2.885198 4.34
2.901073 4.34
2.926198 4.34
2.942073 4.34
2.967198 4.34
2.983073 4.34
3.008198 4.34
3.024073 4.34
3.049205 4.34
3.059954 4.34
3.090203 4.34
3.100953 4.34
3.131202 4.34
3.141952 4.34
3.172201 4.34
3.182951 4.34
3.213200 4.34
3.223950 4.34
3.254200 4.34
3.264950 4.34
3.295200 4.34
3.311075 4.34
3.336201 4.34
3.346951 4.34
3.377201 4.34
3.387951 4.34
3.418201 4.34
3.428951 4.34
3.459201 4.34
3.469952 4.34
3.500202 4.34
3.510952 4.34
3.541678 4.34
