0.000000 0.000000
0.041982 4.34
0.059861 4.34
0.083464 4.34
0.099748 4.34
0.125105 2.66
0.141624 2.34
0.166848 2.34
0.188624 2.34
0.199617 2.34
0.231881 2.34
0.242838 2.34
0.278724 2.34
0.291243 2.34
0.320084 2.34
0.331083 2.34
0.361721 2.34
0.372598 2.34
0.402832 2.34
0.418707 2.34
0.443832 2.34
0.459706 2.34
0.484831 2.34
0.500706 2.34
0.525831 2.34
0.541706 2.34
0.566832 2.34
0.582707 2.34
0.607832 2.34
0.623708 2.34
0.648832 2.34
0.664708 2.34
0.689832 2.34
0.705708 2.34
0.730833 2.34
0.746708 2.34
0.772100 2.34
0.783099 2.34
0.813754 2.34
0.829968 2.34
0.860625 2.34
0.871625 2.34
0.907539 2.34
0.918622 2.34
0.949100 2.34
0.965494 2.34
0.990853 3.01
1.012531 4.02
1.023489 4.02
1.054093 4.02
1.065092 4.02
1.095732 4.02
1.111728 4.02
1.137089 4.02
1.147964 4.02
1.178605 4.02
1.189603 4.02
1.219726 4.02
1.235728 4.02
1.260711 4.02
1.273087 4.02
1.301712 4.02
1.317726 4.02
1.342713 4.02
1.355088 4.02
1.383713 4.02
1.396088 4.02
1.424727 4.02
1.440756 4.02
1.466542 4.02
1.477513 4.02
1.513547 4.34
1.524669 4.02
1.560552 4.34
1.571620 4.34
1.602099 4.34
1.613098 4.34
1.643738 4.02
1.659844 4.34
1.690343 4.34
1.706499 4.68
1.731976 4.68
1.742724 4.68
1.773617 4.68
1.784617 4.68
1.820258 4.68
1.836258 4.68
1.861737 4.68
1.877735 4.68
1.903093 4.68
1.913968 4.68
1.944611 4.68
1.955608 4.68
1.985967 4.68
1.996864 4.68
2.027626 4.68
2.038621 4.68
2.074502 4.68
2.085346 4.68
2.115846 4.68
2.131846 4.68
2.156970 4.68
2.167720 4.68
2.198345 4.68
2.214237 4.68
2.239737 4.68
2.255736 4.68
2.280844 4.68
2.296719 4.68
2.321985 4.68
2.332983 4.68
2.363626 5.00
2.374622 5.00
2.410392 5.00
2.426494 5.00
2.451849 5.00
2.467974 5.00
2.498364 4.68
2.514363 4.68
2.539740 5.00
2.555735 5.00
2.580847 5.00
2.596722 5.00
2.621858 5.00
2.632605 5.00
2.662978 5.00
2.673727 5.00
2.709227 5.00
2.719974 5.00
2.750225 5.00
2.760974 5.00
2.791225 5.00
2.801973 5.00
2.832224 5.00
2.842972 5.00
2.873224 5.00
2.883972 5.00
2.914224 5.00
2.924973 5.00
2.955361 5.00
2.971233 5.00
2.996480 5.00
3.007231 5.00
3.037478 5.00
3.048225 5.00
3.078476 5.00
3.089228 5.00
3.119475 5.00
3.130226 5.00
3.160475 5.00
3.171225 5.00
3.201475 5.00
3.212225 5.00
3.242475 5.00
3.253237 5.00
3.283484 5.00
3.294239 5.00
3.324733 5.00
3.340607 5.00
3.365731 5.00
3.381605 5.00
3.406729 5.00
3.422604 5.00
3.447728 5.00
3.463603 5.00
3.488728 5.00
3.504727 5.00
3.529727 5.00
3.545602 5.00
3.570727 5.00
3.586602 5.00
3.611727 5.00
3.627615 5.00
3.652732 5.00
3.668724 5.00
3.694496 4.68
3.705509 5.00
3.741409 4.68
3.752404 4.68
3.782985 5.00
3.793985 5.00
3.824520 5.00
3.835378 5.00
3.865857 5.00
3.876733 5.00
3.912106 5.00
3.922981 4.68
3.953510 4.68
3.964232 5.00
4.000417 5.00
4.011497 5.00
4.041992 5.00
4.052990 5.00
4.083635 5.00
4.099988 5.00
4.130237 5.00
4.146237 5.00
4.171750 5.00
4.187752 5.00
4.212859 5.00
4.223734 5.00
4.259234 5.00
4.275234 5.00
4.300772 5.00
4.316997 5.00
4.342391 5.00
4.353436 5.00
4.383993 5.00
4.394992 5.00
4.425636 5.00
4.441864 5.00
4.472239 5.00
4.488239 5.00
4.513754 5.00
4.529753 5.00
4.560237 5.00
4.576237 5.00
4.601514 5.00
4.612236 5.00
4.642867 5.00
4.653867 5.00
4.684516 5.00
4.695503 5.00
4.731432 5.00
4.742658 5.00
4.774621 5.00
4.785654 5.00
4.821521 5.00
4.834119 5.00
4.868413 5.00
4.879274 5.00
4.909866 5.00
4.920756 5.00
4.956113 5.00
4.972114 5.00
4.997630 5.00
5.013751 5.00
5.039249 5.00
5.055518 5.00
5.083516 5.00
5.094512 5.00
5.130412 5.00
5.141244 5.00
5.171867 5.00
5.182741 5.00
5.218245 5.00
5.229242 5.00
5.259758 5.00
5.275758 5.00
5.300866 5.00
5.311741 5.00
5.342521 5.00
5.355123 5.00
5.389421 5.00
5.400418 5.00
5.432620 5.00
5.443528 5.00
5.473869 5.00
5.484760 5.00
5.520118 5.00
5.530868 5.00
5.561635 5.00
5.577635 5.00
5.602758 5.00
5.624525 5.00
5.637123 5.00
5.671405 5.35
5.682280 5.00
5.718269 5.00
5.729249 5.00
5.759763 5.00
5.775871 5.00
5.806247 5.00
5.822247 5.00
5.847760 5.00
5.863760 5.00
5.888870 5.00
5.899745 5.00
5.935120 5.00
5.947622 5.00
5.976638 5.35
5.992886 5.00
6.018256 5.00
6.034521 5.00
6.059878 5.35
6.070876 5.35
6.101409 5.35
6.112287 5.35
6.142764 5.35
6.153641 5.00
6.184123 5.35
6.200123 5.35
6.225526 5.35
6.241399 5.35
6.266747 5.35
6.277788 5.00
6.308449 5.35
6.319541 5.00
6.355313 5.00
6.366259 5.00
6.396880 5.00
6.407754 5.00
6.438398 5.00
6.449269 5.00
6.479770 5.00
6.490518 5.00
6.521126 5.00
6.533501 5.00
6.562529 5.00
6.574875 5.00
6.603875 5.00
6.614750 5.00
6.645416 5.00
6.656255 5.00
6.692128 5.00
6.708128 5.00
6.733534 5.00
6.749533 5.00
6.774877 5.00
6.785751 5.00
6.821126 5.00
6.833502 5.00
6.862531 5.00
6.878406 5.00
6.903752 5.00
6.914517 5.00
6.944883 5.00
6.955883 5.00
6.986408 4.68
6.997253 4.68
7.033443 4.34
7.044437 4.34
7.080261 4.34
7.091261 4.34
7.121775 4.34
7.132525 4.68
7.163258 4.68
7.174131 4.34
7.204536 4.34
7.220536 4.68
7.245880 4.68
7.256755 4.34
7.292130 4.68
7.308005 4.34
7.333408 4.68
7.344256 4.34
7.374880 4.34
7.385755 4.34
7.421131 4.34
7.437005 4.34
7.462409 4.34
7.473285 4.34
7.503771 4.34
7.514648 4.34
7.550131 4.34
7.566006 4.34
7.591411 4.34
7.602258 4.34
7.632773 4.34
7.643525 4.34
7.673882 4.34
7.684757 4.34
7.715132 4.34
7.731008 4.34
7.756537 4.34
7.772537 4.34
7.797883 4.34
7.808759 4.34
7.844134 4.34
7.860008 4.34
7.885536 4.34
7.901411 4.68
7.926884 4.68
7.937759 4.34
7.973134 4.68
7.989134 4.34
8.014653 4.68
8.030651 4.68
8.055775 4.34
8.066652 4.34
8.102135 4.34
8.118011 4.34
8.143540 4.34
8.159416 4.34
8.186511 4.34
8.197416 4.34
8.227886 4.34
8.238761 4.34
8.274136 4.34
8.290011 4.34
8.315540 4.34
8.331539 4.34
8.356762 4.34
8.367530 4.34
8.399513 4.34
8.410263 4.34
8.440778 4.34
8.451655 4.34
8.487138 4.34
8.503013 4.34
8.528543 4.34
8.544655 4.34
8.569763 4.34
8.580654 4.34
8.612542 4.34
8.623294 4.68
8.655544 4.68
8.666293 4.34
8.698533 4.68
8.709280 4.34
8.741516 4.68
8.752281 4.34
8.784516 4.34
8.795283 4.34
8.825781 4.34
8.836533 4.34
8.872140 4.34
8.888016 4.34
8.913546 4.34
8.929545 4.34
8.956517 4.34
8.967426 4.34
8.999517 4.34
9.010421 4.34
9.040782 4.34
9.051534 4.34
9.082017 4.34
9.094518 4.34
9.126421 4.34
9.138892 4.34
9.167783 4.34
9.178660 4.34
9.209018 4.34
9.221519 4.34
9.250284 4.68
9.261143 4.34
9.291423 4.34
9.307547 4.34
9.332784 4.34
9.343661 4.34
9.379019 4.34
9.395019 4.34
9.420271 4.34
9.431144 4.34
9.461662 4.34
9.472412 4.34
9.508020 4.34
9.524145 4.34
9.549271 4.34
9.560020 4.34
9.590547 4.34
9.606424 4.34
9.637021 4.34
9.653146 4.34
9.678146 4.34
9.694146 4.34
9.719665 4.34
9.730423 4.34
9.766147 4.34
9.782147 4.34
9.807663 4.34
9.818413 4.34
9.854147 4.34
9.864898 4.34
9.895552 4.34
9.906427 4.34
9.942148 4.34
9.952898 4.34
9.983539 4.34
9.994274 4.34
10.029898 4.34
10.040664 4.34
10.071025 4.34
10.087024 4.34
10.112150 4.34
10.122899 4.34
10.153554 4.34
10.164427 4.34
10.200025 4.34
10.216025 4.34
10.241276 4.34
10.252025 4.34
10.282541 4.34
10.293276 4.34
10.329026 4.34
10.345151 4.34
10.370276 4.34
10.381026 4.34
10.411544 4.34
10.422277 4.34
10.452669 4.34
10.463420 4.34
10.499152 4.34
10.509902 4.34
10.540545 4.34
10.551278 4.34
10.587161 4.34
10.597903 4.34
10.628546 4.34
10.639279 4.34
10.669670 4.34
10.680431 4.34
10.716160 4.34
10.726904 4.34
10.757546 4.34
10.768434 4.34
10.804162 4.34
10.814904 4.34
10.845547 4.34
10.856432 4.34
10.886670 4.34
10.897432 4.34
10.933030 4.34
10.949030 4.34
10.974280 4.34
10.985031 4.34
11.015548 4.34
11.026435 4.34
11.061906 4.34
11.072674 4.34
11.103031 4.34
11.119165 4.34
11.144310 4.34
11.155165 4.34
11.187435 4.34
11.198166 4.34
11.230438 4.34
11.241311 4.34
11.273438 4.34
11.284311 4.34
11.314783 4.34
11.325550 4.34
11.360909 4.34
11.373426 4.34
11.402034 4.34
11.418161 4.34
11.443310 4.34
11.455909 4.34
11.486425 4.34
11.497162 4.34
11.529410 4.34
11.540313 4.34
11.572441 4.34
11.583315 4.34
11.615441 4.34
11.626312 4.34
11.658442 4.34
11.669312 4.34
11.701442 4.34
11.712314 4.34
11.744439 4.34
11.755164 4.34
11.787442 4.34
11.798165 4.34
11.830440 4.34
11.841165 4.34
11.873443 4.34
11.884316 4.34
11.920037 4.34
11.936166 4.34
11.961315 4.34
11.973912 4.34
12.008037 4.34
12.024166 4.34
12.052442 4.34
12.068682 4.34
12.093565 4.34
12.104318 4.34
12.140167 4.34
12.151038 4.34
12.181681 4.34
12.192442 4.34
12.228039 4.34
12.244039 4.34
12.269317 4.34
12.285444 4.34
12.310680 4.34
12.321444 4.34
12.351790 4.34
12.362682 4.34
12.392790 4.34
12.403682 4.34
12.433916 4.34
12.449916 4.34
12.475041 4.34
12.490916 4.34
12.516320 4.34
12.532320 4.34
12.563042 4.34
12.579171 4.34
12.604170 4.34
12.615042 4.34
12.645684 4.68
12.656446 4.34
12.686793 4.68
12.697685 4.68
12.727793 4.34
12.738685 4.34
12.768918 4.68
12.784918 4.68
12.810043 4.68
12.820918 4.34
12.851448 4.34
12.862323 4.68
12.898044 4.68
12.908919 4.68
12.939446 4.68
12.950170 4.34
12.986045 4.68
12.996920 4.68
13.027450 4.68
13.038323 4.68
13.074045 4.68
13.084920 4.68
13.115581 4.34
13.126566 4.34
13.156922 4.34
13.173048 4.34
13.198047 4.34
13.208921 4.34
13.239322 4.34
13.255322 4.34
13.286046 4.02
13.296797 4.34
13.327446 4.02
13.338176 4.34
13.373922 4.34
13.389922 4.34
13.415206 4.02
13.426047 4.34
13.456561 4.34
13.467321 4.34
13.497922 4.02
13.513922 4.02
13.539209 4.02
13.550048 4.34
13.580564 4.34
13.591322 4.02
13.621924 4.34
13.638049 4.02
13.663189 4.34
13.674186 4.02
13.704556 4.02
13.715432 4.02
13.746195 4.34
13.757054 4.34
13.787573 4.02
13.798572 4.02
13.829052 4.02
13.840053 4.34
13.870332 4.34
13.886457 4.02
13.917051 4.02
13.927802 4.02
13.958338 4.02
13.974456 4.02
14.005051 4.02
14.015802 4.34
14.046454 4.02
14.057217 4.02
14.093052 4.34
14.103928 4.02
14.134179 4.02
14.145053 4.02
14.175695 4.02
14.186444 4.34
14.216928 4.34
14.232928 4.34
14.258053 4.34
14.268928 4.34
14.299569 4.34
14.310333 4.34
14.340929 4.34
14.356805 4.34
14.382055 4.34
14.392804 4.34
14.423334 4.34
14.439459 4.02
14.470055 4.34
14.480930 4.02
14.511331 4.34
14.527182 4.34
14.553072 4.34
14.564070 4.34
