0.000000 0.000000
0.042000 4.34
0.053116 4.34
0.083573 4.34
0.094590 4.34
0.130453 2.66
0.141453 2.34
0.172269 2.34
0.183486 2.34
0.214004 2.66
0.224963 2.34
0.255193 2.34
0.265945 2.34
0.296191 2.34
0.306942 2.66
0.337190 2.34
0.347942 2.34
0.378190 2.34
0.388941 2.34
0.419333 2.34
0.435331 2.66
0.460440 2.34
0.471331 2.34
0.501440 2.66
0.512330 2.34
0.542441 2.34
0.553331 2.34
0.583441 2.34
0.594329 2.34
0.624441 2.34
0.635333 2.34
0.665441 2.34
0.676332 2.34
0.706441 2.34
0.717331 2.34
0.747442 2.34
0.758334 2.34
0.789133 2.34
0.801763 2.34
0.830702 2.34
0.846988 2.66
0.872489 2.34
0.883459 2.34
0.915750 2.34
0.926703 2.66
0.957488 2.34
0.968459 2.66
0.999097 4.02
1.010100 4.02
1.040704 4.02
1.056955 4.34
1.082345 4.34
1.098576 4.34
1.123824 4.34
1.134699 4.34
1.170464 4.34
1.181215 4.34
1.211822 4.34
1.222697 4.34
1.258462 4.34
1.269212 4.02
1.299572 4.34
1.312102 4.02
1.340697 4.02
1.356697 4.02
1.383707 4.02
1.394573 4.34
1.426708 4.02
1.437588 4.02
1.468351 4.34
1.479369 4.34
1.511778 4.34
1.522867 4.34
1.553349 4.34
1.564356 4.34
1.594957 4.34
1.605830 4.34
1.636580 4.34
1.649115 4.34
1.683344 4.34
1.699344 4.34
1.732343 4.34
1.748343 4.34
1.773701 4.34
1.789700 4.34
1.823343 4.34
1.839344 4.02
1.864576 4.34
1.876953 4.34
1.905701 4.02
1.921701 4.34
1.948608 4.34
1.959470 4.34
1.995104 4.34
2.005827 4.34
2.036470 4.34
2.047345 4.34
2.077702 4.34
2.093703 4.34
2.124106 4.34
2.134828 4.34
2.165470 4.34
2.176220 4.34
2.206454 4.34
2.217220 4.34
2.247579 4.34
2.259984 4.34
2.288704 4.34
2.299454 4.34
2.335096 4.34
2.345830 4.34
2.376455 4.34
2.387222 4.34
2.417455 4.34
2.428220 4.34
2.458580 4.34
2.470986 4.34
2.499705 4.34
2.510581 4.34
2.546098 4.34
2.562096 4.34
2.587471 4.34
2.598224 4.34
2.628707 4.34
2.639457 4.34
2.669832 4.34
2.680582 4.34
2.711237 4.34
2.727112 4.34
2.752458 4.34
2.763223 4.34
2.793583 4.34
2.809583 4.34
2.834708 4.34
2.845583 4.34
2.881101 4.34
2.897101 4.34
2.922474 4.34
2.933227 4.34
2.963709 4.34
2.974459 4.34
3.010102 4.34
3.026114 4.34
3.051475 4.34
3.062228 4.34
3.092710 4.34
3.103460 4.34
3.139114 4.34
3.149836 4.34
3.180476 4.34
3.191228 4.34
3.221461 4.34
3.232230 4.34
3.262461 4.34
3.273228 4.34
3.303587 4.34
3.319462 4.34
3.344712 4.34
3.355463 4.34
3.385838 4.34
3.396587 4.34
3.427241 4.34
3.443115 4.34
3.468588 4.34
3.484464 4.34
3.509713 4.34
3.520588 4.34
3.556107 4.34
3.572107 4.34
3.597356 4.34
3.608106 4.34
3.638589 4.34
3.654464 4.34
3.679714 4.34
3.690589 4.34
3.720840 4.34
3.731590 4.34
3.762244 4.34
3.778355 4.34
3.803591 4.34
3.819591 4.34
3.844716 4.34
3.855466 4.34
3.891110 4.34
3.907121 4.34
3.932358 4.34
3.943109 4.34
3.973467 4.34
3.984234 4.34
4.014592 4.34
4.030467 4.34
4.055718 4.34
4.066467 4.34
4.102122 4.34
4.118122 4.34
4.143360 4.34
4.154111 4.34
4.184594 4.34
4.200469 4.34
4.225719 4.34
4.236594 4.34
4.267124 4.34
4.283123 4.34
4.308361 4.34
4.319112 4.34
4.349595 4.34
4.365595 4.34
4.390720 4.34
4.401470 4.34
4.432123 4.34
4.444596 4.34
4.473360 4.34
4.484123 4.34
4.514471 4.34
4.526971 4.34
4.555597 4.34
4.571472 4.34
4.596721 4.34
4.607472 4.34
4.638126 4.34
4.654124 4.34
4.679362 4.34
4.690127 4.34
4.720472 4.34
4.732853 4.34
4.761598 4.34
4.777598 4.34
4.802724 4.34
4.813473 4.34
4.844127 4.34
4.856475 4.34
4.885599 4.34
4.901599 4.34
4.926724 4.34
4.937599 4.34
4.968129 4.34
4.984128 4.34
5.009475 4.34
5.025492 4.34
5.050600 4.34
5.066601 4.34
5.091725 4.34
5.102476 4.34
5.133128 4.34
5.149005 4.34
5.174477 4.34
5.190476 4.34
5.215476 4.34
5.227854 4.34
5.256477 4.34
5.272477 4.34
5.297477 4.34
5.309855 4.34
5.338602 4.34
5.354603 4.34
5.379727 4.34
5.390478 4.34
5.426132 4.34
5.442132 4.34
5.467479 4.34
5.483479 4.34
5.508479 4.34
5.524368 4.34
5.549479 4.34
5.565479 4.34
5.590480 4.34
5.606372 4.34
5.631605 4.34
5.647605 4.34
5.672730 4.34
5.683605 4.34
5.719136 4.34
5.735134 4.34
5.760481 4.34
5.776481 4.34
5.801606 4.34
5.817606 4.34
5.842731 4.34
5.853606 4.34
5.884133 4.34
5.900011 4.34
5.925482 4.34
5.941607 4.34
5.966482 4.34
5.982374 4.34
6.007607 4.34
6.023607 4.34
6.048733 4.34
6.059483 4.34
6.090137 4.34
6.106011 4.34
6.131484 4.34
6.147484 4.34
6.172609 4.34
6.188609 4.34
6.213734 4.34
6.224609 4.34
6.260013 4.34
6.276285 4.34
6.301620 4.34
6.317735 4.34
6.348138 4.34
6.364013 4.34
6.389486 4.34
6.405626 4.34
6.431169 4.34
6.442154 4.34
6.472740 4.68
6.483615 4.68
6.514380 4.34
6.525130 4.34
6.557518 4.68
6.568375 4.34
6.604139 4.68
6.620138 4.34
6.645487 4.68
6.661487 4.68
6.686487 4.68
6.702381 4.68
6.727635 4.68
6.749122 4.34
6.765137 4.68
6.790744 4.68
6.801743 4.68
6.832386 4.68
6.844869 4.68
6.875494 4.34
6.886383 4.68
6.916615 4.68
6.932615 4.68
6.959519 4.68
6.970387 4.68
7.002492 4.68
7.013383 4.68
7.044019 4.68
7.060020 4.34
7.085621 4.34
7.096496 4.34
7.127030 4.34
7.143028 4.34
7.168493 4.34
7.184493 4.34
7.209617 4.34
7.220382 4.34
7.252520 4.34
7.263382 4.34
7.298868 4.34
7.311521 4.34
7.340147 4.34
7.351023 4.34
7.381385 4.34
7.393743 4.34
7.422493 4.34
7.438494 4.34
7.463494 4.34
7.479369 4.34
7.504494 4.34
7.520494 4.34
7.545495 4.34
7.556386 4.34
7.586620 4.34
7.597370 4.34
7.629371 4.34
7.640135 4.34
7.670370 4.34
7.682745 4.34
7.711370 4.34
7.723745 4.34
7.752371 4.34
7.764745 4.34
7.793496 4.34
7.809372 4.34
7.834621 4.34
7.845372 4.34
7.880876 4.34
7.897027 4.34
7.922149 4.34
7.932873 4.34
7.963497 4.34
7.979497 4.34
8.004498 4.34
8.015388 4.34
8.045498 4.34
8.056373 4.34
8.086498 4.34
8.097374 4.34
8.127499 4.34
8.138374 4.34
8.168624 4.34
8.179499 4.34
8.214876 4.34
8.230879 4.34
8.256390 4.34
8.272392 4.34
8.297500 4.34
8.313500 4.34
8.338500 4.34
8.349376 4.34
8.379501 4.34
8.390376 4.34
8.420626 4.34
8.431501 4.34
8.466878 4.34
8.482881 4.34
8.508395 4.34
8.524395 4.34
8.549502 4.34
8.565377 4.34
8.590502 4.34
8.601378 4.34
8.631503 4.34
8.642378 4.34
8.672628 4.34
8.683378 4.34
8.718880 4.34
8.734883 4.34
8.760396 4.34
8.776396 4.34
8.801504 4.34
8.817379 4.34
8.842504 4.34
8.853380 4.34
8.883505 4.34
8.894380 4.34
8.924505 4.34
8.935394 4.34
8.965630 4.34
8.976380 4.34
9.011912 4.34
9.027881 4.34
9.053396 4.34
9.069506 4.34
9.094381 4.34
9.110398 4.34
9.135506 4.34
9.151506 4.34
9.176506 4.34
9.187381 4.34
9.217507 4.34
9.228382 4.34
9.258632 4.34
9.269382 4.34
9.304883 4.34
9.320884 4.34
9.346400 4.34
9.362398 4.34
9.387508 4.34
9.398398 4.34
9.428509 4.34
9.439383 4.34
9.469509 4.34
9.480384 4.34
9.510509 4.34
9.521384 4.34
9.551510 4.34
9.562385 4.34
9.592510 4.34
9.603385 4.34
9.633511 4.34
9.644385 4.34
9.674510 4.34
9.685385 4.34
9.715510 4.34
9.726386 4.34
9.756511 4.34
9.767386 4.34
9.797511 4.34
9.808386 4.34
9.838511 4.34
9.849387 4.34
9.879512 4.34
9.890387 4.34
9.920512 4.34
9.931387 4.34
9.961513 4.34
9.972388 4.34
10.002513 4.34
10.013388 4.34
10.043513 4.34
10.054388 4.34
10.084513 4.34
10.095389 4.34
10.125514 4.34
10.136389 4.34
10.166514 4.34
10.177389 4.34
10.207515 4.34
10.218390 4.34
10.248514 4.34
10.259390 4.34
10.291281 4.34
10.302042 4.34
10.332408 4.34
10.348408 4.34
10.373516 4.34
10.384407 4.34
10.419766 4.34
10.430516 4.34
10.461045 4.34
10.471893 4.34
10.502517 4.34
10.513392 4.34
10.548767 4.34
10.559517 4.34
10.590172 4.34
10.601047 4.34
10.631518 4.34
10.642393 4.34
10.677768 4.34
10.688643 4.34
10.719047 4.34
10.729895 4.34
10.760410 4.34
10.776410 4.34
10.801519 4.34
10.812394 4.34
10.842519 4.34
10.853394 4.34
10.883644 4.34
10.894519 4.34
10.929911 4.34
10.945914 4.34
10.971411 4.34
10.987521 4.34
11.012396 4.34
11.023289 4.34
11.053414 4.34
11.064163 4.34
11.094397 4.34
11.105161 4.34
11.135397 4.34
11.146164 4.34
11.176397 4.34
11.187164 4.34
11.217397 4.34
11.228164 4.34
11.258397 4.34
11.269163 4.34
11.299398 4.34
11.310165 4.34
11.340399 4.34
11.351165 4.34
11.381399 4.34
11.392166 4.34
11.422399 4.34
11.433166 4.34
11.463399 4.34
11.474166 4.34
11.504399 4.34
11.515167 4.34
11.545399 4.34
11.556167 4.34
11.586401 4.34
11.597166 4.34
11.627400 4.34
11.638168 4.34
11.668401 4.34
11.679165 4.34
11.709401 4.34
11.720169 4.34
11.750401 4.34
11.761169 4.34
11.791401 4.34
11.802169 4.34
11.832402 4.34
11.843167 4.34
11.873402 4.34
11.884168 4.34
11.914402 4.34
11.925170 4.34
11.955403 4.34
11.966169 4.34
11.996403 4.34
12.007171 4.34
12.037404 4.34
12.048170 4.34
12.078404 4.34
12.089171 4.34
12.119404 4.34
12.130171 4.34
12.160404 4.34
12.171173 4.34
12.201405 4.34
12.212170 4.34
12.242405 4.34
12.253173 4.34
12.283405 4.34
12.294174 4.34
12.324406 4.34
12.335170 4.34
12.365406 4.34
12.376173 4.34
12.406407 4.34
12.417171 4.34
12.447406 4.34
12.458175 4.34
12.488407 4.34
12.499173 4.34
12.529407 4.34
12.540175 4.34
12.570408 4.34
12.581172 4.34
12.611408 4.34
12.622175 4.34
12.652408 4.34
12.663174 4.34
12.693408 4.34
12.704175 4.34
12.734409 4.34
12.745177 4.34
12.775409 4.34
12.786174 4.34
12.816409 4.34
12.827176 4.34
12.857410 4.34
12.868174 4.34
12.898410 4.34
12.909177 4.34
12.939535 4.34
12.950410 4.34
12.985785 4.34
12.998287 4.34
13.027190 4.34
13.039536 4.34
13.068536 4.34
13.079411 4.34
13.114787 4.34
13.127162 4.34
13.156191 4.34
13.172431 4.34
13.197538 4.34
13.208413 4.34
13.243788 4.34
13.259663 4.34
13.285193 4.34
13.301191 4.34
13.326414 4.34
13.337178 4.34
13.367414 4.34
13.378182 4.34
13.408413 4.34
13.419179 4.34
13.449414 4.34
13.460180 4.34
13.490540 4.34
13.501415 4.34
13.536790 4.34
13.552665 4.34
13.578193 4.34
13.594192 4.34
13.619416 4.34
13.630181 4.34
13.660415 4.34
13.671181 4.34
13.701416 4.34
13.712181 4.34
13.742541 4.34
13.753417 4.34
13.788792 4.34
13.804667 4.34
13.830071 4.34
13.840792 4.34
13.871435 4.34
13.882186 4.34
13.917793 4.34
13.933668 4.34
13.959194 4.34
13.975195 4.34
14.000419 4.34
14.011185 4.34
14.041544 4.34
14.052419 4.34
14.087794 4.34
14.103669 4.34
14.129196 4.34
14.145196 4.34
14.170544 4.34
14.181420 4.34
14.216795 4.34
14.232670 4.34
14.258199 4.34
14.274063 4.34
14.299421 4.34
14.310311 4.34
14.340546 4.34
14.351436 4.34
14.386796 4.34
14.402796 4.34
14.428200 4.34
14.444063 4.34
14.469547 4.34
14.480422 4.34
14.515797 4.34
14.531672 4.34
14.557202 4.34
14.573202 4.34
14.598423 4.34
14.609190 4.34
14.639423 4.34
14.650188 4.34
14.680549 4.34
14.691424 4.34
14.726799 4.34
14.742674 4.34
14.768202 4.34
14.784201 4.34
14.811176 4.34
14.822079 4.34
14.852443 4.34
14.863193 4.34
14.898800 4.34
14.914800 4.34
14.940080 4.34
14.950957 4.34
14.981443 4.34
14.992194 4.34
15.027801 4.34
15.043801 4.34
15.069318 4.34
15.085318 4.34
15.110444 4.34
15.121319 4.34
15.156802 4.34
15.172677 4.34
15.198319 4.34
15.214193 4.34
15.241197 4.34
15.251946 4.34
15.284197 4.34
15.294945 4.34
15.327180 4.34
15.338082 4.34
15.368444 4.34
15.379197 4.34
15.414804 4.34
15.430679 4.34
15.456206 4.34
15.472209 4.34
15.502805 4.34
15.518805 4.34
15.544209 4.34
15.560084 4.34
15.587182 4.34
15.598083 4.34
15.628449 4.34
15.639198 4.34
15.669681 4.34
15.682183 4.34
15.710806 4.34
15.726681 4.34
15.752085 4.34
15.764682 4.34
15.798807 4.34
15.814682 4.34
15.840209 4.34
15.856075 4.34
15.886808 4.34
15.902808 4.34
15.928087 4.34
15.944211 4.34
15.974684 4.34
15.990808 4.34
16.015935 4.34
16.026808 4.34
16.057213 4.34
16.073212 4.34
16.103684 4.34
16.119560 4.34
16.144810 4.34
16.160685 4.34
16.186215 4.34
16.202088 4.34
16.232810 4.34
16.248811 4.34
16.274214 4.34
16.284937 4.34
16.320811 4.34
16.331686 4.34
16.362213 4.34
16.372938 4.34
16.408812 4.34
16.419687 4.34
16.450216 4.34
16.461090 4.34
16.496812 4.34
16.507562 4.34
16.538214 4.34
16.548939 4.34
16.584688 4.34
16.600813 4.34
16.629092 4.34
16.645217 4.34
16.670456 4.34
16.681204 4.34
16.711689 4.34
16.727564 4.34
16.752941 4.34
16.763815 4.34
16.794218 4.34
16.805095 4.34
16.840815 4.34
16.851565 4.34
16.882220 4.34
16.893092 4.34
16.928691 4.34
16.944691 4.34
16.969960 4.34
16.980816 4.34
17.011207 4.34
17.021943 4.34
17.057816 4.34
17.068692 4.34
17.099222 4.34
17.110095 4.34
17.145567 4.34
17.156443 4.34
17.186693 4.34
17.202693 4.34
17.230944 4.34
17.241817 4.34
17.272460 4.34
17.283212 4.34
17.313693 4.34
17.329694 4.34
17.354945 4.34
17.365819 4.34
17.396221 4.34
17.406946 4.34
17.442819 4.34
17.453695 4.34
17.484221 4.34
17.494946 4.34
17.530695 4.34
17.546820 4.34
17.571947 4.34
17.582821 4.34
17.613225 4.34
17.624100 4.34
17.659821 4.34
17.670572 4.34
17.701225 4.34
17.712101 4.34
17.747697 4.34
17.763697 4.34
17.788949 4.34
17.799822 4.34
17.830101 4.34
17.846215 4.34
17.871463 4.34
17.882213 4.34
17.917698 4.34
17.933698 4.34
17.959342 4.34
17.970092 4.34
18.005824 4.34
18.016574 4.34
18.047228 4.34
18.057950 4.34
18.093824 4.34
18.104700 4.34
18.135230 4.34
18.145951 4.34
18.181700 4.34
18.197701 4.34
18.222951 4.34
18.233825 4.34
18.264341 4.34
18.275093 4.34
18.305467 4.34
18.316218 4.34
18.351826 4.34
18.362826 4.34
18.393228 4.34
18.403953 4.34
18.439827 4.34
18.450577 4.34
18.481232 4.34
18.492104 4.34
18.527578 4.34
18.540079 4.34
18.568703 4.34
18.584828 4.34
18.609955 4.34
18.622579 4.34
18.651232 4.34
18.662106 4.34
18.697704 4.34
18.713829 4.34
18.738956 4.34
18.751455 4.34
18.780231 4.34
18.790956 4.34
18.826830 4.34
18.837705 4.34
18.868234 4.34
18.879107 4.34
18.914706 4.34
18.930706 4.34
18.955958 4.34
18.968456 4.34
18.997235 4.34
19.008108 4.34
19.043831 4.34
19.054582 4.34
19.085349 4.34
19.096348 4.34
19.126583 4.34
19.138977 4.34
19.167708 4.34
19.178583 4.34
19.208977 4.34
19.225113 4.34
19.255708 4.34
19.266459 4.34
19.296961 4.34
19.313111 4.34
19.338237 4.34
19.349111 4.34
19.379584 4.34
19.395585 4.34
19.420710 4.34
19.431459 4.34
19.461962 4.34
19.478115 4.34
19.503237 4.34
19.513962 4.34
19.544585 4.34
19.560711 4.34
19.585711 4.34
19.596587 4.34
19.626963 4.34
19.643113 4.34
19.668241 4.34
19.679115 4.34
19.709587 4.34
19.725587 4.34
19.750712 4.34
19.761587 4.34
19.791837 4.34
19.802712 4.34
19.833241 4.34
19.844117 4.34
19.874463 4.34
19.885228 4.34
19.915588 4.34
19.931589 4.34
19.956713 4.34
19.967588 4.34
19.997964 4.34
20.013964 4.34
20.039354 4.34
20.050107 4.34
20.080590 4.34
20.096590 4.34
20.121715 4.34
20.132590 4.34
20.162840 4.34
20.173716 4.34
20.204245 4.34
20.215119 4.34
20.245466 4.34
20.256233 4.34
20.286466 4.34
20.297232 4.34
20.327592 4.34
20.343592 4.34
20.368717 4.34
20.379467 4.34
20.409967 4.34
20.425968 4.34
20.451235 4.34
20.462122 4.34
20.492593 4.34
20.508593 4.34
20.533718 4.34
20.544469 4.34
20.575122 4.34
20.585968 4.34
20.621594 4.34
20.637594 4.34
20.662719 4.34
20.673594 4.34
20.704123 4.34
20.714970 4.34
20.750595 4.34
20.766595 4.34
20.791720 4.34
20.802595 4.34
20.833125 4.34
20.843971 4.34
20.879596 4.34
20.895471 4.34
20.920721 4.34
20.931596 4.34
20.962125 4.34
20.972971 4.34
21.008472 4.34
21.019237 4.34
21.049597 4.34
21.065597 4.34
21.090722 4.34
21.101472 4.34
21.131973 4.34
21.147973 4.34
21.174977 4.34
21.185856 4.34
21.217978 4.34
21.228855 4.34
21.264724 4.34
21.275599 4.34
21.306126 4.34
21.316856 4.34
21.352724 4.34
21.363475 4.34
21.394128 4.34
21.404857 4.34
21.440725 4.34
21.451475 4.34
21.482129 4.34
21.493007 4.34
21.528600 4.34
21.544726 4.34
21.569726 4.34
21.580601 4.34
21.611129 4.34
21.622003 4.34
21.657602 4.34
21.673726 4.34
21.698727 4.34
21.709602 4.34
21.740129 4.34
21.750855 4.34
21.781478 4.34
21.793855 4.34
21.822478 4.34
21.834855 4.34
21.863478 4.34
21.875855 4.34
21.904603 4.34
21.920604 4.34
21.945729 4.34
21.956604 4.34
21.987131 4.34
21.998008 4.34
22.028497 4.34
22.040885 4.34
22.069730 4.34
22.080480 4.34
22.111132 4.34
22.121858 4.34
22.152480 4.34
22.168606 4.34
22.193481 4.34
22.209606 4.34
22.234606 4.34
22.245374 4.34
22.275731 4.34
22.286481 4.34
22.317137 4.34
22.327861 4.34
22.358497 4.34
22.374607 4.34
22.399732 4.34
22.410608 4.34
22.441137 4.34
22.452013 4.34
22.482483 4.34
22.498608 4.34
22.523608 4.34
22.534376 4.34
22.564733 4.34
22.575609 4.34
22.606139 4.34
22.617013 4.34
22.647484 4.34
22.663610 4.34
22.688610 4.34
22.699377 4.34
22.729735 4.34
22.740610 4.34
22.771137 4.34
22.781862 4.34
22.812486 4.34
22.828610 4.34
22.853611 4.34
22.864378 4.34
22.894736 4.34
22.905611 4.34
22.936015 4.34
22.946863 4.34
22.977487 4.34
22.993612 4.34
23.018612 4.34
23.029487 4.34
23.059737 4.34
23.070613 4.34
23.101016 4.34
23.111864 4.34
23.142488 4.34
23.158613 4.34
23.183613 4.34
23.194488 4.34
23.224739 4.34
23.235489 4.34
23.266018 4.34
23.276865 4.34
23.312615 4.34
23.323489 4.34
23.353740 4.34
23.364489 4.34
23.395019 4.34
23.405866 4.34
23.436490 4.34
23.452615 4.34
23.477491 4.34
23.493616 4.34
23.518491 4.34
23.534616 4.34
23.559616 4.34
23.570366 4.34
23.600742 4.34
23.611491 4.34
23.641867 4.34
23.658021 4.34
23.688617 4.34
23.699492 4.34
23.729742 4.34
23.740492 4.34
23.771145 4.34
23.781869 4.34
23.812385 4.34
23.823133 4.34
23.853619 4.34
23.864494 4.34
23.894744 4.34
23.905494 4.34
23.935870 4.34
23.951870 4.34
23.982619 4.34
23.993494 4.34
24.023745 4.34
24.034495 4.34
24.066874 4.34
24.077745 4.34
24.113621 4.34
24.124495 4.34
24.154746 4.34
24.167385 4.34
24.196025 4.34
24.206746 4.34
24.242621 4.34
24.253496 4.34
24.283746 4.34
24.294497 4.34
24.325024 4.34
24.335748 4.34
24.371498 4.34
24.387622 4.34
24.412623 4.34
24.423498 4.34
24.453747 4.34
24.466152 4.34
24.495026 4.34
24.505875 4.34
24.536499 4.34
24.552624 4.34
24.577624 4.34
24.588374 4.34
24.618749 4.34
24.631142 4.34
24.660028 4.34
24.670749 4.34
24.701393 4.34
24.713755 4.34
24.742500 4.34
24.758500 4.34
24.783501 4.34
24.799626 4.34
24.824501 4.34
24.835376 4.34
24.865501 4.34
24.876376 4.34
24.906502 4.34
24.917377 4.34
24.947502 4.34
24.958392 4.34
24.988502 4.34
24.999377 4.34
25.029627 4.34
25.040377 4.34
25.070752 4.34
25.083156 4.34
25.112032 4.34
25.122879 4.34
25.153503 4.34
25.164396 4.34
25.194503 4.34
25.205393 4.34
25.235504 4.34
25.246379 4.34
25.276629 4.34
25.287379 4.34
25.317754 4.34
25.333755 4.34
25.359031 4.34
25.369881 4.34
25.400505 4.34
25.411397 4.34
25.441505 4.34
25.452381 4.34
25.482506 4.34
25.493381 4.34
25.523506 4.34
25.534382 4.34
25.564507 4.34
25.575382 4.34
25.605507 4.34
25.616381 4.34
25.646507 4.34
25.657383 4.34
25.687507 4.34
25.698382 4.34
25.728508 4.34
25.739383 4.34
25.769508 4.34
25.780383 4.34
25.810508 4.34
25.821384 4.34
25.851508 4.34
25.862384 4.34
25.892509 4.34
25.903384 4.34
25.933509 4.34
25.944384 4.34
25.974509 4.34
25.985385 4.34
26.015510 4.34
26.026385 4.34
26.056510 4.34
26.067385 4.34
26.097511 4.34
26.108386 4.34
26.138511 4.34
26.149386 4.34
26.179511 4.34
26.190387 4.34
26.220511 4.34
26.231387 4.34
26.261512 4.34
26.272387 4.34
26.302512 4.34
26.313387 4.34
26.343512 4.34
26.354278 4.34
26.384513 4.34
26.395388 4.34
26.425513 4.34
26.436388 4.34
26.466513 4.34
26.477389 4.34
26.507514 4.34
26.518389 4.34
26.548513 4.34
26.559389 4.34
26.589514 4.34
26.600389 4.34
26.630514 4.34
26.641390 4.34
26.671515 4.34
26.682390 4.34
26.712515 4.34
26.723390 4.34
26.753640 4.34
26.766156 4.34
26.794766 4.34
26.810766 4.34
26.837771 4.34
26.848516 4.34
26.884407 4.34
26.900409 4.34
26.925517 4.34
26.936392 4.34
26.966642 4.34
26.979159 4.34
27.007767 4.34
27.023768 4.34
27.054409 4.34
27.070518 4.34
27.095643 4.34
27.108285 4.34
27.136912 4.34
27.147768 4.34
27.178411 4.34
27.194519 4.34
27.219644 4.34
27.232046 4.34
27.262663 4.34
27.273520 4.34
27.309413 4.34
27.325413 4.34
27.350520 4.34
27.361396 4.34
27.391520 4.34
27.402395 4.34
27.432521 4.34
27.443396 4.34
27.473521 4.34
27.484396 4.34
27.514521 4.34
27.525396 4.34
27.555522 4.34
27.566397 4.34
27.596522 4.34
27.607397 4.34
27.637522 4.34
27.648398 4.34
27.678522 4.34
27.689398 4.34
27.719523 4.34
27.730398 4.34
27.760523 4.34
27.771398 4.02
27.801523 4.34
27.812398 4.34
27.842524 4.34
27.853399 4.34
27.883524 4.34
27.894399 4.34
27.924525 4.34
27.935400 4.34
27.965525 4.34
27.976400 4.34
28.006524 4.34
28.017400 4.34
28.047525 4.34
28.058400 4.34
28.088525 4.34
28.099401 4.34
28.129526 4.34
28.140401 4.34
28.170526 4.34
28.181401 4.34
28.211527 4.34
28.222402 4.34
28.252527 4.34
28.263402 4.34
28.293528 4.34
28.304403 4.34
28.334528 4.34
28.345403 4.34
28.375527 4.34
28.386403 4.34
28.416528 4.34
28.427403 4.34
28.457528 4.34
28.468404 4.34
28.498529 4.34
28.509404 4.34
28.539529 4.34
28.550404 4.34
28.580529 4.34
28.591405 4.34
28.621530 4.34
28.632405 4.34
28.662531 4.34
28.673405 4.34
28.703530 4.34
28.714405 4.34
28.744530 4.34
28.755406 4.34
28.785531 4.34
28.796406 4.34
28.826531 4.34
28.837407 4.34
28.867532 4.34
28.878407 4.34
28.908532 4.34
28.919407 4.34
28.949532 4.34
28.960408 4.34
28.990532 4.34
29.001408 4.34
29.031533 4.34
29.042408 4.34
29.072533 4.34
29.083408 4.34
29.113533 4.34
29.124409 4.34
29.154534 4.34
29.165409 4.34
29.195534 4.34
29.206410 4.34
29.236535 4.34
29.247410 4.34
29.277535 4.34
29.288410 4.34
29.318660 4.34
29.334535 4.34
29.359911 4.34
29.370785 4.34
29.401426 4.34
29.412175 4.34
29.442411 4.34
29.453176 4.34
29.483412 4.34
29.494180 4.34
29.524411 4.34
29.535180 4.34
29.565412 4.34
29.576178 4.34
29.606412 4.34
29.617181 4.34
29.647538 4.34
29.660064 4.34
29.688662 4.34
29.704538 4.34
29.738178 4.34
29.750672 4.34
29.779414 4.34
29.790181 4.34
29.820414 4.34
29.831181 4.34
29.861539 4.34
29.872415 4.34
29.902664 4.34
29.918665 4.34
29.945674 4.34
29.956540 4.34
29.988549 4.34
29.999432 4.34
30.029665 4.34
30.045666 4.34
30.072550 4.34
30.083432 4.34
30.113666 4.34
30.129666 4.34
30.156551 4.34
30.167434 4.34
30.197667 4.34
30.213667 4.34
30.240551 4.34
30.251434 4.34
30.281667 4.34
30.297668 4.34
30.328061 4.34
30.338793 4.34
30.369434 4.34
30.380311 4.34
30.410668 4.34
30.421418 4.34
30.453554 4.34
30.464437 4.34
30.494669 4.34
30.505544 4.34
30.541071 4.34
30.551794 4.34
30.582437 4.34
30.593186 4.34
30.623670 4.34
30.634545 4.34
30.670072 4.34
30.686060 4.34
30.711438 4.34
30.722187 4.34
30.752671 4.34
30.763546 4.34
30.799064 4.34
30.809796 4.34
30.840437 4.34
30.851191 4.34
30.881672 4.34
30.892422 4.34
30.928077 4.34
30.944063 4.34
30.969423 4.34
30.980188 4.34
31.010548 4.34
31.026548 4.34
31.051673 4.34
31.062423 4.34
31.092799 4.34
31.103548 4.34
31.134203 4.34
31.150078 4.34
31.175424 4.34
31.186192 4.34
31.216550 4.34
31.232425 4.34
31.257675 4.34
31.268550 4.34
31.304079 4.34
31.314800 4.34
31.345425 4.34
31.356194 4.34
31.386551 4.34
31.402551 4.34
31.427676 4.34
31.438551 4.34
31.474081 4.34
31.490068 4.34
31.515552 4.34
31.531552 4.34
31.556677 4.34
31.567552 4.34
31.603082 4.34
31.619071 4.34
31.644446 4.34
31.655195 4.34
31.685678 4.34
31.696428 4.34
31.726803 4.34
31.737554 4.34
31.768206 4.34
31.784083 4.34
31.809429 4.34
31.820196 4.34
31.850430 4.34
31.861194 4.34
31.891430 4.34
31.902198 4.34
31.932430 4.34
31.943195 4.34
31.973430 4.34
31.984199 4.34
32.014431 4.34
32.025322 4.34
32.055431 4.34
32.066197 4.34
32.096431 4.34
32.107199 4.34
32.137556 4.34
32.153432 4.34
32.178682 4.34
32.189557 4.34
32.225084 4.34
32.241075 4.34
32.266450 4.34
32.277200 4.34
32.307683 4.34
32.318433 4.34
32.354086 4.34
32.370075 4.34
32.395448 4.34
32.407935 4.34
32.436559 4.34
32.452559 4.34
32.477684 4.34
32.488434 4.34
32.524088 4.34
32.540075 4.34
32.565452 4.34
32.577936 4.34
32.606685 4.34
32.617435 4.34
32.653091 4.34
32.669076 4.34
32.694453 4.34
32.706937 4.34
32.735686 4.34
32.746436 4.34
32.778563 4.34
32.789453 4.34
32.819686 4.34
32.830437 4.34
32.862439 4.34
32.873202 4.34
32.903438 4.34
32.915812 4.34
32.944563 4.34
32.960438 4.34
32.985688 4.34
32.996563 4.34
33.032064 4.34
33.047969 4.34
33.073454 4.34
33.085814 4.34
33.114689 4.34
33.125439 4.34
33.161092 4.34
33.177081 4.34
33.202440 4.34
33.218458 4.34
33.243566 4.34
33.259565 4.34
33.284691 4.34
33.295565 4.34
33.331081 4.34
33.343469 4.34
33.372458 4.34
33.388316 4.34
33.413440 4.34
33.429440 4.34
33.454440 4.34
33.466815 4.34
33.495441 4.34
33.511316 4.34
33.536440 4.34
33.552316 4.34
33.577441 4.34
33.589816 4.34
33.618441 4.34
33.634317 4.34
33.659442 4.34
33.675317 4.34
33.700442 4.34
33.716442 4.34
33.741442 4.34
33.757317 4.34
33.782443 4.34
33.798318 4.34
33.823443 4.34
33.839318 4.34
33.864443 4.34
33.880319 4.34
33.905443 4.34
33.921319 4.34
33.946444 4.34
33.962319 4.34
33.987444 4.34
34.003445 4.34
34.028445 4.34
34.044320 4.34
34.069445 4.34
34.085320 4.34
34.110445 4.34
34.126321 4.34
34.151445 4.34
34.167321 4.34
34.192446 4.34
34.208321 4.34
34.233446 4.34
34.249322 4.34
34.274446 4.34
34.290447 4.34
34.315447 4.34
34.331322 4.34
34.356447 4.34
34.372322 4.34
34.397448 4.34
34.413323 4.34
34.438448 4.34
34.454323 4.34
34.479448 4.34
34.495323 4.34
34.520448 4.34
34.536324 4.34
34.561449 4.34
34.577449 4.34
34.602449 4.34
34.618324 4.34
34.643449 4.34
34.659324 4.34
34.684450 4.34
34.700324 4.34
34.725450 4.34
34.741325 4.34
34.766450 4.34
34.782325 4.34
34.807450 4.34
34.823326 4.34
34.848451 4.34
34.864451 4.34
34.889451 4.34
34.905327 4.34
34.930452 4.34
34.946327 4.34
34.971452 4.34
34.987327 4.02
35.012452 4.34
35.028328 4.34
35.053452 4.34
35.069327 4.34
35.094453 4.34
35.110328 4.34
35.135453 4.02
35.151453 4.34
35.176453 4.34
35.192328 4.34
35.217454 4.34
35.233329 4.34
35.258454 4.34
35.274329 4.34
35.299455 4.34
35.315329 4.34
35.340454 4.34
35.356330 4.34
35.381454 4.34
35.397330 4.34
35.422455 4.34
35.438455 4.34
35.463455 4.34
35.479331 4.34
35.504456 4.34
35.520331 4.34
35.545456 4.34
35.561332 4.34
35.586457 4.34
35.602332 4.34
35.627457 4.34
35.643332 4.34
35.668457 4.34
35.684332 4.34
35.709457 4.34
35.725457 4.34
35.750457 4.34
35.766333 4.34
35.791458 4.34
35.807333 4.34
35.832458 4.34
35.848334 4.34
35.873459 4.34
35.889334 4.34
35.914459 4.34
35.930335 4.34
35.955459 4.34
35.971334 4.34
35.996459 4.34
36.012459 4.34
36.037460 4.34
36.053335 4.34
36.078460 4.34
36.094336 4.34
36.119460 4.34
36.135336 4.34
36.160461 4.34
36.176335 4.34
36.201461 4.34
36.212211 4.34
36.242461 4.34
36.258337 4.34
36.283462 4.34
36.294212 4.34
36.324462 4.34
36.340337 4.34
36.365462 4.34
36.381338 4.34
36.406463 4.34
36.417213 4.34
36.447463 4.34
36.458213 4.34
36.488463 4.34
36.499214 4.34
36.529464 4.34
36.540213 4.34
36.570464 4.34
36.581214 4.34
36.611464 4.34
36.622214 4.34
36.652464 4.34
36.663215 4.34
36.693465 4.34
36.704215 4.34
36.734465 4.34
36.745216 4.34
36.775466 4.34
36.786216 4.34
36.816466 4.34
36.827217 4.34
36.857466 4.34
36.868216 4.34
36.898466 4.34
36.909217 4.34
36.939467 4.34
36.950217 4.34
36.980467 4.34
36.991234 4.34
37.021485 4.34
37.032234 4.34
37.067844 4.34
37.078594 4.34
37.109249 4.34
37.120123 4.34
37.150470 4.34
37.161236 4.34
37.191595 4.34
37.202361 4.34
37.237852 4.34
37.248596 4.34
37.279238 4.34
37.289971 4.34
37.320471 4.34
37.331240 4.34
37.361471 4.34
37.372238 4.34
37.402472 4.34
37.413239 4.34
37.443472 4.34
37.454239 4.34
37.484472 4.34
37.495237 4.34
37.525598 4.34
37.536362 4.34
37.571855 4.34
37.582598 4.34
37.613253 4.34
37.625723 4.34
37.654598 4.34
37.665474 4.34
37.700858 4.34
37.725254 4.34
37.737858 4.34
37.766600 4.34
37.777368 4.34
37.812858 4.34
37.837253 4.34
37.849725 4.34
37.878600 4.34
37.889476 4.34
37.924853 4.34
37.949367 4.34
37.978854 4.34
37.994854 4.34
38.020370 4.34
38.036369 4.34
38.061477 4.34
38.072368 4.34
38.102602 4.34
38.113477 4.34
38.148854 4.34
38.173368 4.34
38.202856 4.34
38.218857 4.34
38.244371 4.34
38.260371 4.34
38.285478 4.34
38.296371 4.34
38.326479 4.34
38.337370 4.34
38.367496 4.34
38.378371 4.34
38.408605 4.34
38.419479 4.34
38.454859 4.34
38.470858 4.34
38.496370 4.34
38.512371 4.34
38.537480 4.34
38.548374 4.34
38.578606 4.34
38.589373 4.34
38.624865 4.34
38.649374 4.34
38.678863 4.34
38.694865 4.34
38.720372 4.34
38.736374 4.34
38.761482 4.34
38.772374 4.34
38.802482 4.34
38.813373 4.34
38.843608 4.34
38.854375 4.34
38.889862 4.34
38.905862 4.34
38.931374 4.34
38.947374 4.34
38.972484 4.34
38.983374 4.34
39.013484 4.34
39.024376 4.34
39.054609 4.34
39.065374 4.34
39.100864 4.34
39.125377 4.34
39.154862 4.34
39.170864 4.34
39.196141 4.34
39.207013 4.34
39.237486 4.34
39.248379 4.34
39.278611 4.34
39.289486 4.34
39.324865 4.34
39.349379 4.34
39.365487 4.34
39.390487 4.34
39.401377 4.34
39.431612 4.34
39.442487 4.34
39.477866 4.34
39.493866 4.34
39.519379 4.34
39.535380 4.34
39.560488 4.34
39.571378 4.34
39.601613 4.34
39.612364 4.34
39.647865 4.34
39.663865 4.34
39.689382 4.34
39.705379 4.34
39.730489 4.34
39.741381 4.34
39.771615 4.34
39.782489 4.34
39.817866 4.34
39.833867 4.34
39.859382 4.34
39.875382 4.34
39.900491 4.34
39.911383 4.34
39.941491 4.34
39.952384 4.34
39.982616 4.34
39.993366 4.34
40.028868 4.34
40.044868 4.34
40.070384 4.34
40.086492 4.34
40.111367 4.34
40.122136 4.34
40.152492 4.34
40.163367 4.34
40.195244 4.34
40.206144 4.34
40.236493 4.34
40.247386 4.34
40.279245 4.34
40.290145 4.34
40.320494 4.34
40.331386 4.34
40.363246 4.34
40.374148 4.34
40.404391 4.34
40.415135 4.34
40.445370 4.34
40.456137 4.34
40.486370 4.34
40.497136 4.34
40.527496 4.34
40.538371 4.34
40.570248 4.34
40.581023 4.34
40.611388 4.34
40.622136 4.34
40.654247 4.34
40.665023 4.34
40.695386 4.34
40.706140 4.34
40.738248 4.34
40.749026 4.34
40.779498 4.34
40.790390 4.34
40.822249 4.34
40.833153 4.34
40.863498 4.34
40.874390 4.34
40.906250 4.34
40.917153 4.34
40.947499 4.34
40.958389 4.34
40.990250 4.34
41.001152 4.34
41.031500 4.34
41.042391 4.34
41.077750 4.34
41.093750 4.34
41.119265 4.34
41.135265 4.34
41.165880 4.34
41.176877 4.34
41.207392 4.34
41.218143 4.34
41.253878 4.34
41.264751 4.34
41.295393 4.34
41.306143 4.34
41.341751 4.34
41.354128 4.34
41.383156 4.34
41.399155 4.34
41.424394 4.34
41.435146 4.34
41.470879 4.34
41.481753 4.34
41.512395 4.34
41.523143 4.34
41.558880 4.34
41.569753 4.34
41.600158 4.34
41.616396 4.34
41.641504 4.34
41.652395 4.34
41.687629 4.34
41.698379 4.34
41.728754 4.34
41.744630 4.34
41.770159 4.34
41.786160 4.34
41.811505 4.34
41.822395 4.34
41.857882 4.34
41.868756 4.34
41.899396 4.34
41.910149 4.34
41.945756 4.34
41.961757 4.34
41.987160 4.34
42.003399 4.34
42.028507 4.34
42.039397 4.34
42.074757 4.34
42.090632 4.34
42.116035 4.34
42.126758 4.34
42.157400 4.34
42.168150 4.34
42.203633 4.34
42.214384 4.34
42.244758 4.34
42.260634 4.34
42.286164 4.34
42.302162 4.34
42.327407 4.34
42.338150 4.34
42.373886 4.34
42.384760 4.34
42.415401 4.34
42.426153 4.34
42.456760 4.34
42.472760 4.34
42.498165 4.34
42.514165 4.34
42.539511 4.34
42.550403 4.34
42.585636 4.34
42.596386 4.34
42.626762 4.34
42.642761 4.34
42.668040 4.34
42.678888 4.34
42.709512 4.34
42.720403 4.34
42.755637 4.34
42.766513 4.34
42.796763 4.34
42.812637 4.34
42.838040 4.34
42.848890 4.34
42.879513 4.34
42.890403 4.34
42.925639 4.34
42.936514 4.34
42.966764 4.34
42.982764 4.34
43.008045 4.34
43.020638 4.34
43.049515 4.34
43.060405 4.34
43.095765 4.34
43.111765 4.34
43.137044 4.34
43.147911 4.34
43.180158 4.34
43.191044 4.34
43.223159 4.34
43.234043 4.34
43.266159 4.34
43.277044 4.34
43.309143 4.34
43.319893 4.34
43.352143 4.34
43.363044 4.34
43.395144 4.34
43.405894 4.34
43.436411 4.34
43.447158 4.34
43.479145 4.34
43.489894 4.34
43.522145 4.34
43.533045 4.34
43.563411 4.34
43.574162 4.34
43.609769 4.34
43.625770 4.34
43.650895 4.34
43.661769 4.34
43.692411 4.34
43.703162 4.34
43.738644 4.34
43.751147 4.34
43.779770 4.34
43.795770 4.34
43.821036 4.34
43.833646 4.34
43.864147 4.34
43.875038 4.34
43.905414 4.34
43.916164 4.34
43.948148 4.34
43.958898 4.34
43.991148 4.34
44.002040 4.34
44.032415 4.34
44.043164 4.34
44.078648 4.34
44.091149 4.34
44.119773 4.34
44.135648 4.34
44.161023 4.34
44.173523 4.34
44.202417 4.34
44.213163 4.34
44.248649 4.34
44.261025 4.34
44.292901 4.34
44.303774 4.34
44.334415 4.34
44.345165 4.34
44.375525 4.34
44.386400 4.34
44.421650 4.34
44.434026 4.34
44.462902 4.34
44.473775 4.34
44.504419 4.34
44.515166 4.34
44.550651 4.34
44.563028 4.34
44.591903 4.34
44.602776 4.34
44.633420 4.34
44.644169 4.34
44.679652 4.34
44.695652 4.34
44.720777 4.34
44.731528 4.34
44.762028 4.34
44.778028 4.34
44.803180 4.34
44.813904 4.34
44.849653 4.34
44.862030 4.34
44.890779 4.34
44.901529 4.34
44.932029 4.34
44.947905 4.34
44.973422 4.34
44.984173 4.34
45.014530 4.34
45.025297 4.34
45.055530 4.34
45.066405 4.34
45.096530 4.34
45.107298 4.34
45.137530 4.34
45.148298 4.34
45.178531 4.34
45.189298 4.34
45.219531 4.34
45.230406 4.34
45.260532 4.34
45.271407 4.34
45.301532 4.34
45.312407 4.34
45.342532 4.34
45.353407 4.34
45.383532 4.34
45.394408 4.34
45.424533 4.34
45.435408 4.34
45.465533 4.34
45.476408 4.34
45.506533 4.34
45.517409 4.34
45.547534 4.34
45.558409 4.34
45.588534 4.34
45.599409 4.34
45.629534 4.34
45.640409 4.34
45.670660 4.34
45.686535 4.34
45.711910 4.34
45.722785 4.34
45.753425 4.34
45.764178 4.34
45.799786 4.34
45.810536 4.34
45.841190 4.34
45.851912 4.34
45.887786 4.34
45.898661 4.34
45.929189 4.34
45.939912 4.34
45.975662 4.34
45.991662 4.34
46.016913 4.34
46.027787 4.34
46.058431 4.34
46.069179 4.34
46.099663 4.34
46.115663 4.34
46.140914 4.34
46.151788 4.34
46.182190 4.34
46.193057 4.34
46.228664 4.34
46.244664 4.34
46.269915 4.34
46.280789 4.34
46.311307 4.34
46.322055 4.34
46.357665 4.34
46.373540 4.34
46.398790 4.34
46.409665 4.34
46.440192 4.34
46.450917 4.34
46.486666 4.34
46.502665 4.34
46.527917 4.34
46.538791 4.34
46.569195 4.34
46.580069 4.34
46.615791 4.34
46.626542 4.34
46.657194 4.34
46.667919 4.34
46.703667 4.34
46.719543 4.34
46.744919 4.34
46.757543 4.34
46.788047 4.34
46.798920 4.34
46.831045 4.34
46.841938 4.34
46.874046 4.34
46.884937 4.34
46.917046 4.34
46.927920 4.34
46.959923 4.34
46.970795 4.34
47.002922 4.34
47.013795 4.34
47.044312 4.34
47.055312 4.34
47.090670 4.34
47.106670 4.34
47.135072 4.34
47.151063 4.34
47.181671 4.34
47.197547 4.34
47.226074 4.34
47.242063 4.34
47.272672 4.34
47.288547 4.34
47.317074 4.34
47.333063 4.34
47.363673 4.34
47.374422 4.34
47.404953 4.34
47.421064 4.34
47.451673 4.34
47.462422 4.34
47.492954 4.34
47.509063 4.34
47.539674 4.34
47.550424 4.34
47.580926 4.34
47.597078 4.34
47.622202 4.34
47.633068 4.34
47.663550 4.34
47.679675 4.34
47.704675 4.34
47.715550 4.34
47.746067 4.34
47.756927 4.34
47.787551 4.34
47.803676 4.34
47.828676 4.34
47.839551 4.34
47.869928 4.34
47.886067 4.34
47.916677 4.34
47.927427 4.34
47.957929 4.34
47.974079 4.34
47.999206 4.34
48.010081 4.34
48.040428 4.34
48.051196 4.34
48.081553 4.34
48.097678 4.34
48.122678 4.34
48.133554 4.34
48.163932 4.34
48.180069 4.34
48.205209 4.34
48.216082 4.34
48.246554 4.34
48.262679 4.34
48.287679 4.34
48.298554 4.34
48.328931 4.34
48.345085 4.34
48.375680 4.34
48.386430 4.34
48.416932 4.34
48.433083 4.34
48.458209 4.34
48.469083 4.34
48.499556 4.34
48.515556 4.34
48.540682 4.34
48.551556 4.34
48.581933 4.34
48.598084 4.34
48.623209 4.34
48.633934 4.34
48.664558 4.34
48.680682 4.34
48.705683 4.34
48.716558 4.34
48.746934 4.34
48.762934 4.34
48.793683 4.34
48.804559 4.34
48.834809 4.34
48.845559 4.34
48.876214 4.34
48.887086 4.34
48.917559 4.34
48.933684 4.34
48.958684 4.34
48.969560 4.34
48.999936 4.34
49.016087 4.34
49.046686 4.34
49.057560 4.34
49.087936 4.34
49.104088 4.34
49.134686 4.34
49.145561 4.34
49.175938 4.34
49.192089 4.34
49.218941 4.34
49.229812 4.34
49.260216 4.34
49.271091 4.34
49.301562 4.34
49.317688 4.34
49.342688 4.34
49.353438 4.34
49.383938 4.34
49.400090 4.34
49.426943 4.34
49.437813 4.34
49.469943 4.34
49.480814 4.34
49.516689 4.34
49.527439 4.34
49.557940 4.34
49.574093 4.34
49.600943 4.34
49.611815 4.34
49.643944 4.34
49.654815 4.34
49.686945 4.34
49.697815 4.34
49.733690 4.34
49.744566 4.34
49.774816 4.34
49.787206 4.34
49.817820 4.34
49.828566 4.34
49.860821 4.34
49.871566 4.34
49.902085 4.34
49.912943 4.34
49.948692 4.34
49.959442 4.34
49.989818 4.34
50.002210 4.34
50.032822 4.34
50.043693 4.34
50.079461 4.34
50.091822 4.34
50.120693 4.34
50.131444 4.34
50.161944 4.34
50.178098 4.34
50.203462 4.34
50.215822 4.34
50.244695 4.34
50.255445 4.34
50.285973 4.34
50.296819 4.34
50.332461 4.34
50.348460 4.34
50.373820 4.34
50.386339 4.34
50.420461 4.34
50.432857 4.34
50.461696 4.34
50.472446 4.34
50.502822 4.34
50.515213 4.34
50.549572 4.34
50.560464 4.34
50.590697 4.34
50.601572 4.34
50.631949 4.34
50.642822 4.34
50.678464 4.34
50.694465 4.34
50.719698 4.34
50.730448 4.34
50.760950 4.34
50.771823 4.34
50.807699 4.34
50.818574 4.34
50.848951 4.34
50.859824 4.34
50.895467 4.34
50.911466 4.34
50.936700 4.34
50.947575 4.34
50.977951 4.34
50.988825 4.34
51.024575 4.34
51.035465 4.34
51.065700 4.34
51.076576 4.34
51.106952 4.34
51.117826 4.34
51.153469 4.34
51.169469 4.34
51.194702 4.34
51.205577 4.34
51.235827 4.34
51.251827 4.34
51.282468 4.34
51.298469 4.34
51.323703 4.34
51.334578 4.34
51.364954 4.34
51.375828 4.34
51.411469 4.34
51.427470 4.34
51.452703 4.34
51.463579 4.34
51.493955 4.34
51.504829 4.34
51.540469 4.34
51.556474 4.34
51.581705 4.34
51.592455 4.34
51.622957 4.34
51.633830 4.34
51.669471 4.34
51.685473 4.34
51.710706 4.34
51.721581 4.34
51.751957 4.34
51.762831 4.34
51.798473 4.34
51.814474 4.34
51.839582 4.34
51.850457 4.34
51.880707 4.34
51.891457 4.34
51.921832 4.34
51.937832 4.34
51.968583 4.34
51.979474 4.34
52.009707 4.34
52.020583 4.34
52.050960 4.34
52.061833 4.34
52.097475 4.34
52.113474 4.34
52.138709 4.34
52.149584 4.34
52.179960 4.34
52.190834 4.34
52.226475 4.34
52.242476 4.34
52.267710 4.34
52.278585 4.34
52.308962 4.34
52.319835 4.34
52.355477 4.34
52.371475 4.34
52.396710 4.34
52.407586 4.34
52.437963 4.34
52.448836 4.34
52.484479 4.34
52.500479 4.34
52.525712 4.34
52.538228 4.34
52.566990 4.34
52.577837 4.34
52.608478 4.34
52.624478 4.34
52.649713 4.34
52.662104 4.34
52.690964 4.34
52.701839 4.34
52.737480 4.34
52.753482 4.34
52.778714 4.34
52.791104 4.34
52.819965 4.34
52.830714 4.34
52.866590 4.34
52.877354 4.34
52.907715 4.34
52.920105 4.34
52.951965 4.34
52.962715 4.34
52.998481 4.34
53.014482 4.34
53.039716 4.34
53.055716 4.34
53.080967 4.34
53.091716 4.34
53.122232 4.34
53.132967 4.34
53.163467 4.34
53.174232 4.34
53.204592 4.34
53.215360 4.34
53.245717 4.34
53.261717 4.34
53.286842 4.34
53.297593 4.34
53.333483 4.34
53.344233 4.34
53.374593 4.34
53.385360 4.34
53.415719 4.34
53.431718 4.34
53.456969 4.34
53.467719 4.34
53.498237 4.34
53.514235 4.34
53.539595 4.34
53.550361 4.34
53.580720 4.34
53.596595 4.34
53.621971 4.34
53.632720 4.34
53.663237 4.34
53.679363 4.34
53.704471 4.34
53.715239 4.34
53.745597 4.34
53.756365 4.34
53.786721 4.34
53.802721 4.34
53.827972 4.34
53.838722 4.34
53.869239 4.34
53.879972 4.34
53.910598 4.34
53.921364 4.34
53.951723 4.34
53.967598 4.34
53.998366 4.34
54.014489 4.34
54.039474 4.34
54.050238 4.34
54.080599 4.34
54.091366 4.34
54.121724 4.34
54.137724 4.34
54.163001 4.34
54.173857 4.34
54.204490 4.34
54.215240 4.34
54.245725 4.34
54.261600 4.34
54.286975 4.34
54.297725 4.34
54.328368 4.34
54.344367 4.34
54.369601 4.34
54.380476 4.34
54.410726 4.34
54.426726 4.34
54.452005 4.34
54.462856 4.34
54.493370 4.34
54.509369 4.34
54.534602 4.34
54.545477 4.34
54.575727 4.34
54.591603 4.34
54.622370 4.34
54.638371 4.34
54.663603 4.34
54.674369 4.34
54.704728 4.34
54.720728 4.34
54.746008 4.34
54.756858 4.34
54.787494 4.34
54.798371 4.34
54.828729 4.34
54.844729 4.34
54.870009 4.34
54.880859 4.34
54.911373 4.34
54.927372 4.34
54.952605 4.34
54.963372 4.34
54.993731 4.34
55.009731 4.34
55.043371 4.34
55.059373 4.34
55.084606 4.34
55.097134 4.34
55.125731 4.34
55.141731 4.34
55.168763 4.34
55.179607 4.34
55.210375 4.34
55.226372 4.34
55.251483 4.34
55.262375 4.34
55.292608 4.34
55.303376 4.34
55.333733 4.34
55.349733 4.34
55.376763 4.34
55.387484 4.34
55.418377 4.34
55.434375 4.34
55.459610 4.34
55.472012 4.34
55.500735 4.34
55.516735 4.34
55.543619 4.34
55.554485 4.34
55.590377 4.34
55.606378 4.34
55.631610 4.34
55.644014 4.34
55.672735 4.34
55.688736 4.34
55.718621 4.34
55.729486 4.34
55.759736 4.34
55.775737 4.34
55.802621 4.34
55.813487 4.34
55.843737 4.34
55.854612 4.34
55.890379 4.34
55.901139 4.34
55.931738 4.34
55.942487 4.34
55.974618 4.34
55.985488 4.34
56.015738 4.34
56.026614 4.34
56.062141 4.34
56.078141 4.34
56.103489 4.34
56.116016 4.34
56.144614 4.34
56.160615 4.34
56.185739 4.34
56.196490 4.34
56.226867 4.34
56.237740 4.34
56.268383 4.34
56.279131 4.34
56.309616 4.34
56.325616 4.34
56.350741 4.34
56.361491 4.34
56.397143 4.34
56.407867 4.34
56.438383 4.34
56.449132 4.34
56.479617 4.34
56.495617 4.34
56.520742 4.34
56.531492 4.34
56.567147 4.34
56.583147 4.34
56.608493 4.34
56.619385 4.34
56.649493 4.34
56.660368 4.34
56.690493 4.34
56.701368 4.34
56.731494 4.34
56.742384 4.34
56.772494 4.34
56.783369 4.34
56.813494 4.34
56.824370 4.34
56.854495 4.34
56.865370 4.34
56.895620 4.34
56.911620 4.34
56.936909 4.34
56.947746 4.34
56.978388 4.34
56.989136 4.34
57.019621 4.34
57.035621 4.34
57.060746 4.34
57.071621 4.34
57.107388 4.34
57.118137 4.34
57.148373 4.34
57.159139 4.34
57.189390 4.34
57.200141 4.34
57.230498 4.34
57.241391 4.34
57.271498 4.34
57.282373 4.34
57.312498 4.34
57.323391 4.34
57.353498 4.34
57.364374 4.34
57.394499 4.34
57.405374 4.34
57.435499 4.34
57.446375 4.34
57.476500 4.34
57.487390 4.34
57.517500 4.34
57.528375 4.34
57.558500 4.34
57.569375 4.34
57.599626 4.34
57.615501 4.34
57.640751 4.34
57.651626 4.34
57.687156 4.34
57.703144 4.34
57.728502 4.34
57.739393 4.34
57.769501 4.34
57.782031 4.34
57.810502 4.34
57.821395 4.34
57.851752 4.34
57.862503 4.34
57.893155 4.34
57.909147 4.34
57.934394 4.34
57.945144 4.34
57.975628 4.34
57.991628 4.34
58.016754 4.34
58.027629 4.34
58.063156 4.34
58.073880 4.34
58.104394 4.34
58.115145 4.34
58.145504 4.34
58.158034 4.34
58.186505 4.34
58.199032 4.34
58.227505 4.34
58.239881 4.34
58.268630 4.34
58.284506 4.34
58.309755 4.34
58.320506 4.34
58.351277 4.34
58.362272 4.34
58.392756 4.34
58.403507 4.34
58.434161 4.34
58.446517 4.34
58.475507 4.34
58.487884 4.34
58.516633 4.34
58.532633 4.34
58.557758 4.34
58.568633 4.34
58.604162 4.34
58.616518 4.34
58.645508 4.34
58.661509 4.34
58.686509 4.34
58.698886 4.34
58.727634 4.34
58.743509 4.34
58.768759 4.34
58.779635 4.34
58.815150 4.34
58.831040 4.34
58.856385 4.34
58.867150 4.34
58.897510 4.34
58.913386 4.34
58.938511 4.34
58.954511 4.34
58.979511 4.34
58.995511 4.34
59.020510 4.34
59.036511 4.34
59.061636 4.34
59.072511 4.34
59.108039 4.34
59.118762 4.34
59.149405 4.34
59.160280 4.34
59.190638 4.34
59.201388 4.34
59.237041 4.34
59.247763 4.34
59.278403 4.34
59.289281 4.34
59.319514 4.34
59.335514 4.34
59.360513 4.34
59.376514 4.34
59.401514 4.34
59.417514 4.34
59.442514 4.34
59.458515 4.34
59.483515 4.34
59.499515 4.34
59.524515 4.34
59.540515 4.34
59.565516 4.34
59.581516 4.34
59.606516 4.34
59.622516 4.34
59.647516 4.34
59.663516 4.34
59.688516 4.34
59.704516 4.34
59.729516 4.34
59.745517 4.34
59.770642 4.34
59.781518 4.34
59.817034 4.34
59.833034 4.34
59.858411 4.34
59.869159 4.34
59.899518 4.34
59.915393 4.34
59.940643 4.34
59.951519 4.34
59.981769 4.34
59.992644 4.34
60.028019 4.34
60.038769 4.34
60.069410 4.34
60.080163 4.34
60.110520 4.34
60.126395 4.34
60.151520 4.34
60.167395 4.34
60.192520 4.34
60.208396 4.34
60.233520 4.34
60.249396 4.34
60.274521 4.34
60.290396 4.34
60.315521 4.34
60.331396 4.34
60.356522 4.34
60.372396 4.34
60.397521 4.34
60.413397 4.34
60.438522 4.34
60.454397 4.34
60.479522 4.34
60.495398 4.34
60.520523 4.34
60.536398 4.34
60.561523 4.34
60.577398 4.34
60.602523 4.34
60.618399 4.34
60.643524 4.34
60.659399 4.34
60.684524 4.34
60.700399 4.34
60.725524 4.34
60.741399 4.34
60.766524 4.34
60.782400 4.34
60.807525 4.34
60.823400 4.34
60.848525 4.34
60.864401 4.34
60.889526 4.34
60.905401 4.34
60.930526 4.34
60.946401 4.34
60.971526 4.68
60.987402 4.34
61.012527 4.34
61.028419 4.34
61.053527 4.34
61.069402 4.34
61.094527 4.34
61.110402 4.34
61.135527 4.34
61.151403 4.34
61.176528 4.34
61.187403 4.34
61.217528 4.34
61.228403 4.34
61.258529 4.34
61.269404 4.34
61.299528 4.34
61.310404 4.34
61.340528 4.68
61.351405 4.34
61.381529 4.34
61.392404 4.68
61.422530 4.34
61.433405 4.34
61.463530 4.34
61.474405 4.34
61.504530 4.34
61.515405 4.34
61.545531 4.34
61.556406 4.34
61.586531 4.34
61.597406 4.34
61.627531 4.34
61.638407 4.34
61.668531 4.34
61.679407 4.34
61.709531 4.34
61.720407 4.34
61.750532 4.34
61.761408 4.34
61.791532 4.34
61.802408 4.34
61.832533 4.34
61.843408 4.34
61.873533 4.34
61.884408 4.34
61.914533 4.34
61.925408 4.34
61.955534 4.34
61.966409 4.34
61.996534 4.34
62.007409 4.34
62.037534 4.34
62.048409 4.34
62.078534 4.34
62.089410 4.34
62.119660 4.34
62.130410 4.34
62.166053 4.34
62.182054 4.34
62.207429 4.34
62.223426 4.34
62.248536 4.34
62.264411 4.34
62.289661 4.34
62.300411 4.34
62.335912 4.34
62.351943 4.34
62.377431 4.34
62.393430 4.34
62.418662 4.34
62.429412 4.34
62.465053 4.34
62.481053 4.34
62.506431 4.34
62.522431 4.34
62.547413 4.34
62.563539 4.34
62.588539 4.34
62.604413 4.34
62.629664 4.34
62.640414 4.34
62.676057 4.34
62.692056 4.34
62.717433 4.34
62.733415 4.34
62.758540 4.34
62.774415 4.34
62.799665 4.34
62.810540 4.34
62.846068 4.34
62.862059 4.34
62.887433 4.34
62.903416 4.34
62.928416 4.34
62.944416 4.34
62.969541 4.34
62.985416 4.34
63.010667 4.34
63.021416 4.34
63.056919 4.34
63.072919 4.34
63.098433 4.34
63.114436 4.34
63.139793 4.34
63.150543 4.34
63.181196 4.34
63.191920 4.34
63.222418 4.34
63.238433 4.34
63.263419 4.34
63.279437 4.34
63.304419 4.34
63.320437 4.34
63.345419 4.34
63.361544 4.34
63.386420 4.34
63.402435 4.34
63.427545 4.34
63.443545 4.34
63.470421 4.34
63.481186 4.34
63.511421 4.34
63.527438 4.34
63.552421 4.34
63.568437 4.34
63.593422 4.34
63.609436 4.34
63.634547 4.34
63.645422 4.34
63.680797 4.34
63.691547 4.34
63.722201 4.34
63.732924 4.34
63.763423 4.34
63.779440 4.34
63.804423 4.34
63.820440 4.34
63.845548 4.34
63.856423 4.34
63.888300 4.34
63.899064 4.34
63.929549 4.34
63.940424 4.34
63.975799 4.34
63.988316 4.34
64.017315 4.34
64.029674 4.34
64.063800 4.34
64.076316 4.34
64.105202 4.34
64.115941 4.34
64.146551 4.34
64.157447 4.34
64.192801 4.34
64.203550 4.34
64.234203 4.34
64.244927 4.34
64.275426 4.34
64.286192 4.34
64.316552 4.34
64.327427 4.34
64.362802 4.34
64.378802 4.34
64.404205 4.34
64.415080 4.34
64.445428 4.34
64.456193 4.34
64.486553 4.34
64.497428 4.34
64.532803 4.34
64.543678 4.34
64.574208 4.34
64.585080 4.34
64.615554 4.34
64.626430 4.34
64.661804 4.34
64.672679 4.34
64.703206 4.34
64.719082 4.34
64.744555 4.34
64.755430 4.34
64.790805 4.34
64.801555 4.34
64.832209 4.34
64.843084 4.34
64.873431 4.34
64.884199 4.34
64.914431 4.34
64.925199 4.34
64.955557 4.34
64.966432 4.34
65.001807 4.34
65.012682 4.34
65.043211 4.34
65.054086 4.34
65.084433 4.34
65.095198 4.34
65.125433 4.34
65.136201 4.34
65.166558 4.34
65.177434 4.34
65.212808 4.34
65.223684 4.34
65.254211 4.34
65.264935 4.34
65.295559 4.34
65.306455 4.68
65.341809 4.68
65.352560 4.34
65.383212 4.34
65.393936 4.34
65.424435 4.34
65.435203 4.34
65.465436 4.34
65.476201 4.34
65.506436 4.34
65.517203 4.34
65.547561 4.34
65.558436 4.34
65.593811 4.34
65.604562 4.34
65.635217 4.34
65.645937 4.34
65.676437 4.34
65.687205 4.34
65.717438 4.34
65.728203 4.34
65.758438 4.34
65.769203 4.34
65.799563 4.34
65.810438 4.34
65.845813 4.34
65.856688 4.34
65.887218 4.34
65.899814 4.34
65.928439 4.34
65.939205 4.34
65.969440 4.34
65.980208 4.34
66.010440 4.34
66.021208 4.34
66.051440 4.34
66.062206 4.34
66.092440 4.34
66.103208 4.34
66.133440 4.34
66.144207 4.34
66.174441 4.34
66.185207 4.68
66.215566 4.34
66.226442 4.34
66.261816 4.68
66.274317 4.34
66.303219 4.34
66.319218 4.34
66.344442 4.34
66.355333 4.34
66.385443 4.34
66.396208 4.34
66.426568 4.34
66.437443 4.34
66.472818 4.34
66.485320 4.34
66.514223 4.34
66.526818 4.34
66.555569 4.34
66.566461 4.34
66.601819 4.34
66.614320 4.34
66.643223 4.34
66.659222 4.34
66.684445 4.34
66.695210 4.34
66.725445 4.34
66.736213 4.34
66.766571 4.34
66.777446 4.34
66.812821 4.34
66.825197 4.34
66.854226 4.34
66.870223 4.34
66.895571 4.34
66.906447 4.34
66.941821 4.34
66.954198 4.34
66.983100 4.34
66.993948 4.34
67.024463 4.34
67.035337 4.34
67.070823 4.34
67.086823 4.34
67.112341 4.34
67.128466 4.34
67.153463 4.34
67.164340 4.34
67.199824 4.34
67.215698 4.34
67.241340 4.34
67.257340 4.34
67.282467 4.34
67.293343 4.34
67.328825 4.34
67.344700 4.34
67.370229 4.34
67.386228 4.34
67.411575 4.34
67.422450 4.34
67.457825 4.34
67.473701 4.34
67.499230 4.34
67.515104 4.34
67.540576 4.34
67.551452 4.34
67.586827 4.34
67.602702 4.34
67.628230 4.34
67.644231 4.34
67.669577 4.34
67.680452 4.34
67.715827 4.34
67.731702 4.34
67.757230 4.34
67.773230 4.34
67.798578 4.34
67.809453 4.34
67.844828 4.34
67.860704 4.34
67.886233 4.34
67.902107 4.34
67.927454 4.34
67.938220 4.34
67.968579 4.34
67.979455 4.34
68.014830 4.34
68.030830 4.34
68.056233 4.34
68.072110 4.34
68.097455 4.34
68.108221 4.34
68.138581 4.34
68.149456 4.34
68.184831 4.34
68.200831 4.34
68.226224 4.34
68.242098 4.34
68.267471 4.34
68.278223 4.34
68.313832 4.34
68.329707 4.34
68.355237 4.34
68.371112 4.34
68.396458 4.34
68.407222 4.34
68.437583 4.34
68.448458 4.34
68.483833 4.34
68.499834 4.34
68.525235 4.34
68.541110 4.34
68.566459 4.34
68.577224 4.34
68.609211 4.34
68.619961 4.34
68.652211 4.34
68.663112 4.34
68.693477 4.34
68.704226 4.34
68.739836 4.34
68.755710 4.34
68.781240 4.34
68.797112 4.34
68.824213 4.34
68.834990 4.34
68.865479 4.34
68.876229 4.34
68.911836 4.34
68.927712 4.34
68.953239 4.34
68.969241 4.34
68.996214 4.34
69.006963 4.34
69.039251 4.34
69.049963 4.34
69.082243 4.34
69.092963 4.34
69.125244 4.34
69.135964 4.34
69.168244 4.34
69.178964 4.34
69.211241 4.34
69.222118 4.34
69.257714 4.34
69.270243 4.34
69.298965 4.34
69.309715 4.34
69.340117 4.34
69.356118 4.34
69.381356 4.34
69.392105 4.34
69.427716 4.34
69.440245 4.34
69.472119 4.34
69.484716 4.34
69.513356 4.34
69.524108 4.34
69.559717 4.34
69.575842 4.34
69.600967 4.34
69.611717 4.34
69.642232 4.34
69.658109 4.34
69.683357 4.34
69.694109 4.34
69.729718 4.34
69.745718 4.34
69.770968 4.34
69.781718 4.34
69.812122 4.34
69.828236 4.34
69.853358 4.34
69.864110 4.34
69.899844 4.34
69.915719 4.34
69.941249 4.34
69.957236 4.34
69.987720 4.34
70.003720 4.34
70.032124 4.34
70.048123 4.34
70.073236 4.34
70.083971 4.34
70.119721 4.34
70.135596 4.34
70.160971 4.34
70.171721 4.34
70.202240 4.34
70.212972 4.34
70.248853 4.34
70.259596 4.34
70.290249 4.34
70.300972 4.34
70.336723 4.34
70.352723 4.34
70.377973 4.34
70.388723 4.34
70.419239 4.34
70.430002 4.34
70.465857 4.34
70.476723 4.34
70.507251 4.34
70.518002 4.34
70.553857 4.34
70.564599 4.34
70.595241 4.34
70.606001 4.34
70.641857 4.34
70.652724 4.34
70.683256 4.34
70.694129 4.34
70.729726 4.34
70.745726 4.34
70.774128 4.34
70.790128 4.34
70.815477 4.34
70.826369 4.34
70.861602 4.34
70.872368 4.34
70.902727 4.34
70.918855 4.34
70.944005 4.34
70.954855 4.34
70.985477 4.34
70.996369 4.34
71.031728 4.34
71.047857 4.34
71.073130 4.34
71.089133 4.34
71.116135 4.34
71.127007 4.34
71.157479 4.34
71.168369 4.34
71.203729 4.34
71.219858 4.34
71.245008 4.34
71.255859 4.34
71.288137 4.34
71.299009 4.34
71.331134 4.34
71.342009 4.34
71.372480 4.34
71.383372 4.34
71.418861 4.34
71.429731 4.34
71.460372 4.34
71.471135 4.34
71.506732 4.34
71.522863 4.34
71.551135 4.34
71.567374 4.34
71.594138 4.34
71.604862 4.34
71.637138 4.34
71.648009 4.34
71.680138 4.34
71.691011 4.34
71.723137 4.34
71.734012 4.34
71.766140 4.34
71.777014 4.34
71.809141 4.34
71.820013 4.34
71.852138 4.34
71.862862 4.34
71.895140 4.34
71.906014 4.34
71.938141 4.34
71.948862 4.34
71.981141 4.34
71.992014 4.34
72.024142 4.34
72.034862 4.34
72.070736 4.34
72.086862 4.34
72.112015 4.34
72.124611 4.34
72.155141 4.34
72.166015 4.34
72.198141 4.34
72.208863 4.34
72.244737 4.34
72.260612 4.34
72.286016 4.34
72.298487 4.34
72.327379 4.34
72.338141 4.34
72.373867 4.34
72.384738 4.34
72.415380 4.34
72.426140 4.34
72.461738 4.34
72.477614 4.34
72.503018 4.34
72.519018 4.34
72.549739 4.34
72.565866 4.34
72.594142 4.34
72.610144 4.34
72.640740 4.34
72.656866 4.34
72.685020 4.34
72.701145 4.34
72.731740 4.34
72.747867 4.34
72.776019 4.34
72.792146 4.34
72.822741 4.34
72.833616 4.34
72.864021 4.34
72.880146 4.34
72.910742 4.34
72.921617 4.34
72.952146 4.34
72.963021 4.34
72.998743 4.34
73.009618 4.34
73.040148 4.34
73.050869 4.34
73.086618 4.34
73.102743 4.34
73.127743 4.34
73.138494 4.34
73.169022 4.34
73.184870 4.34
73.210386 4.34
73.221137 4.34
73.251620 4.34
73.267620 4.34
73.292745 4.34
73.303495 4.34
73.334022 4.34
73.350025 4.34
73.380621 4.34
73.396746 4.34
73.421746 4.34
73.432621 4.34
73.463025 4.34
73.479150 4.34
73.509747 4.34
73.520622 4.34
73.551024 4.34
73.567024 4.34
73.597747 4.34
73.608498 4.34
73.639151 4.34
73.650026 4.34
73.685747 4.34
73.696623 4.34
73.726874 4.34
73.737748 4.34
73.768389 4.34
73.779142 4.34
73.809624 4.34
73.825624 4.34
73.850749 4.34
73.861624 4.34
73.892028 4.34
73.908027 4.34
73.938625 4.34
73.954625 4.34
73.979750 4.34
73.990500 4.34
74.021027 4.34
74.037030 4.34
74.067626 4.34
74.083501 4.34
74.108751 4.34
74.119501 4.34
74.150155 4.34
74.161030 4.34
74.196752 4.34
74.207502 4.34
74.238270 4.34
74.249270 4.34
74.279503 4.34
74.290377 4.34
74.320628 4.34
74.336627 4.34
74.361880 4.34
74.372753 4.34
74.403397 4.34
74.414146 4.34
74.449754 4.34
74.460504 4.34
74.491157 4.34
74.502031 4.34
74.537629 4.34
74.553755 4.34
74.578755 4.34
74.589630 4.34
74.620159 4.34
74.631034 4.34
74.666755 4.34
74.677506 4.34
74.708160 4.34
74.718882 4.34
74.754631 4.34
74.770756 4.34
74.795756 4.34
74.806631 4.34
74.837036 4.34
74.853159 4.34
74.880009 4.34
74.890884 4.34
74.923027 4.34
74.933900 4.34
74.969633 4.34
74.985633 4.34
75.010758 4.34
75.021633 4.34
75.052160 4.34
75.062884 4.34
75.098634 4.34
75.114634 4.34
75.139759 4.34
75.150634 4.34
75.181039 4.34
75.197163 4.34
75.223885 4.34
75.234760 4.34
75.266886 4.34
75.277760 4.34
75.309916 4.34
75.320760 4.34
75.351162 4.34
75.361887 4.34
75.397761 4.34
75.408636 4.34
75.439040 4.34
75.455165 4.34
75.480512 4.34
75.492888 4.34
75.521512 4.34
75.533889 4.34
75.562513 4.34
75.578637 4.34
75.603513 4.34
75.615889 4.34
75.644513 4.34
75.660513 4.34
75.685513 4.34
75.697890 4.34
75.726639 4.34
75.737513 4.34
75.767764 4.34
75.778514 4.34
75.809168 4.34
75.820043 4.34
75.850515 4.34
75.862891 4.34
75.891515 4.34
75.907640 4.34
75.932641 4.34
75.943515 4.34
75.973766 4.34
75.984515 4.34
76.015045 4.34
76.025892 4.34
76.056409 4.34
76.067158 4.34
76.097516 4.34
76.113642 4.34
76.138641 4.34
76.149392 4.34
76.179767 4.34
76.190642 4.34
76.221046 4.34
76.231894 4.34
76.262411 4.34
76.273158 4.34
76.303643 4.34
76.314518 4.34
76.344768 4.34
76.355519 4.34
76.386047 4.34
76.396895 4.34
76.432644 4.34
76.443519 4.34
76.473770 4.34
76.484519 4.34
76.515050 4.34
76.525896 4.34
76.556412 4.34
76.567162 4.34
76.597520 4.34
76.613520 4.34
76.638520 4.34
76.654645 4.34
76.679521 4.34
76.695521 4.34
76.720521 4.34
76.736646 4.34
76.761521 4.34
76.777646 4.34
76.802522 4.34
76.818647 4.34
76.843522 4.34
76.859647 4.34
76.884522 4.34
76.900648 4.34
76.925523 4.34
76.941648 4.34
76.966523 4.34
76.982648 4.34
77.007523 4.34
77.023648 4.34
77.048524 4.34
77.064649 4.34
77.089524 4.34
77.105524 4.34
77.130524 4.34
77.146649 4.34
77.171524 4.34
77.187525 4.34
77.212525 4.34
77.228650 4.34
77.253525 4.34
77.269651 4.34
77.294525 4.34
77.310651 4.34
77.335526 4.34
77.351651 4.34
77.376526 4.34
77.392651 4.34
77.417527 4.34
77.433652 4.34
77.458527 4.34
77.474652 4.34
77.499527 4.34
77.515652 4.34
77.540527 4.34
77.556528 4.34
77.581527 4.34
77.597653 4.34
77.622528 4.34
77.638528 4.34
77.663528 4.34
77.679528 4.34
77.704529 4.34
77.720653 4.34
77.745529 4.34
77.761654 4.34
77.786530 4.34
77.802654 4.34
77.827530 4.34
77.843530 4.34
77.868529 4.34
77.884655 4.34
77.909530 4.34
77.925656 4.34
77.950530 4.34
77.966656 4.34
77.991531 4.34
78.007656 4.34
78.032531 4.34
78.048656 4.34
78.073531 4.34
78.089532 4.34
78.114532 4.34
78.130657 4.34
78.155532 4.34
78.171532 4.34
78.196532 4.34
78.212658 4.34
78.237532 4.34
78.253658 4.34
78.278533 4.34
78.294533 4.34
78.319533 4.34
78.335534 4.34
78.360534 4.34
78.376659 4.34
78.401534 4.34
78.417534 4.34
78.442534 4.34
78.453409 4.34
78.483660 4.34
78.494410 4.34
78.524911 4.34
78.535785 4.34
78.571660 4.34
78.582410 4.34
78.612785 4.34
78.628786 4.34
78.659426 4.34
78.675426 4.34
78.700661 4.34
78.711411 4.34
78.741913 4.34
78.752786 4.34
78.788662 4.34
78.799412 4.34
78.829787 4.34
78.845787 4.34
78.876429 4.34
78.892428 4.34
78.917662 4.34
78.928413 4.34
78.958915 4.34
78.969788 4.34
79.005664 4.34
79.016413 4.34
79.046789 4.34
79.062932 4.34
79.093539 4.34
79.104429 4.34
79.134664 4.34
79.145414 4.34
79.175933 4.34
79.186790 4.34
79.217433 4.34
79.233541 4.34
79.258666 4.34
79.269415 4.34
79.299917 4.34
79.310790 4.34
79.346432 4.34
79.362433 4.34
79.387666 4.34
79.398417 4.34
79.428918 4.34
79.439792 4.34
79.475667 4.34
79.486417 4.34
79.516919 4.34
79.527792 4.34
79.563668 4.34
79.574417 4.34
79.604919 4.34
79.615793 4.34
79.651668 4.34
79.662418 4.34
79.692921 4.34
79.703794 4.34
79.739436 4.34
79.755435 4.34
79.780670 4.34
79.791545 4.34
79.821921 4.34
79.832794 4.34
79.868670 4.34
79.879419 4.34
79.909922 4.34
79.920796 4.34
79.956439 4.34
79.972439 4.34
79.997670 4.34
80.008547 4.34
80.038923 4.34
80.049796 4.34
80.085672 4.34
80.096421 4.34
80.126923 4.34
80.137797 4.34
80.173439 4.34
80.189438 4.34
80.214672 4.34
80.225549 4.34
80.255924 4.34
80.266798 4.34
80.302674 4.34
80.313423 4.34
80.343925 4.34
80.354798 4.68
80.390441 4.34
80.406439 4.34
80.431674 4.34
80.442549 4.34
80.472926 4.34
80.483800 4.34
80.519443 4.34
80.535442 4.34
80.560675 4.34
80.573191 4.34
80.601928 4.34
80.612801 4.34
80.643441 4.34
80.659441 4.34
80.684676 4.34
80.695427 4.34
80.725928 4.34
80.736802 4.34
80.772444 4.34
80.788442 4.34
80.813677 4.68
80.826193 4.34
80.854929 4.34
80.865803 4.68
80.901445 4.34
80.917446 4.34
80.942678 4.34
80.955071 4.34
80.992328 4.34
81.004683 4.34
81.033554 4.34
81.044445 4.34
81.074679 4.34
81.087073 4.34
81.115931 4.34
81.126805 4.34
81.157208 4.34
81.169684 4.34
81.198430 4.68
81.214445 4.34
81.239556 4.68
81.250431 4.34
81.280681 4.68
81.296681 4.34
81.321806 4.34
81.332681 4.34
81.368449 4.34
81.379199 4.34
81.409432 4.34
81.420200 4.34
81.450557 4.34
81.461455 4.34
81.497445 4.34
81.508441 4.34
81.538940 4.34
81.549940 4.34
81.580562 4.34
81.591437 4.34
81.627337 4.34
81.643326 4.34
81.668809 4.34
81.679685 4.34
81.715452 4.34
81.726202 4.34
81.757132 4.34
81.768130 4.34
81.798691 4.34
81.814815 4.34
81.845464 4.34
81.856205 4.34
81.886812 4.34
81.897687 4.34
81.933452 4.34
81.944328 4.34
81.974561 4.34
81.985436 4.34
82.015686 4.34
82.031686 4.34
82.056938 4.34
82.067812 4.34
82.103329 4.34
82.119204 4.34
82.144454 4.34
82.155205 4.34
82.185688 4.34
82.201688 4.34
82.235330 4.34
82.251329 4.34
82.276564 4.34
82.287439 4.34
82.317689 4.34
82.333689 4.34
82.358940 4.34
82.369689 4.34
82.400456 4.34
82.411331 4.34
82.441690 4.34
82.457691 4.34
82.482969 4.34
82.493815 4.34
82.524333 4.34
82.540209 4.34
82.565702 4.34
