0.000000 0.000000
0.042105 4.34
0.058373 4.34
0.083785 4.34
0.099970 2.66
0.125412 2.34
0.136660 2.34
0.166983 2.34
0.177968 2.34
0.213839 2.34
0.224854 2.34
0.255370 2.34
0.266210 2.34
0.296848 2.34
0.307724 2.34
0.338207 2.34
0.354361 2.34
0.384957 2.34
0.395844 2.34
0.426080 2.34
0.442082 2.34
0.467358 2.34
0.478206 2.34
0.508723 2.34
0.524723 2.34
0.549832 2.34
0.560723 2.34
0.590832 2.34
0.601721 2.34
0.631833 2.34
0.642723 2.34
0.672833 2.34
0.683724 2.34
0.713833 2.34
0.724724 2.34
0.755101 2.34
0.771401 2.34
0.796737 2.34
0.807737 2.34
0.838410 2.34
0.851161 2.34
0.883222 2.34
0.894222 2.34
0.924864 2.34
0.935873 2.34
0.971880 3.01
0.982862 4.02
1.018737 4.02
1.029736 4.02
1.060217 4.02
1.071091 4.02
1.101730 4.02
1.112729 4.02
1.143088 4.02
1.159088 4.02
1.185989 4.02
1.196852 4.02
1.228990 4.02
1.239851 4.02
1.275490 4.02
1.286212 4.02
1.316851 4.02
1.327726 4.02
1.358088 4.02
1.374088 4.34
1.404490 4.02
1.415358 4.02
1.445715 4.02
1.461603 4.34
1.490249 4.02
1.501222 4.34
1.531882 4.02
1.542852 4.34
1.578743 4.34
1.589742 4.02
1.620096 4.34
1.631230 4.34
1.661751 4.34
1.672744 4.02
1.703222 4.34
1.714096 4.34
1.744506 4.34
1.757006 4.34
1.786094 4.34
1.802219 4.34
1.827735 4.34
1.838505 4.34
1.868843 4.34
1.879736 4.34
1.909967 4.34
1.925842 4.34
1.951093 4.34
1.961842 4.34
1.992218 4.34
2.003093 4.34
2.038497 4.34
2.054486 4.34
2.087734 4.02
2.098486 4.34
2.128969 4.34
2.144844 4.34
2.170095 4.34
2.180969 4.34
2.216499 4.02
2.232487 4.34
2.257862 4.34
2.268612 4.34
2.299095 4.34
2.309846 4.34
2.340220 4.34
2.350970 4.34
2.381624 4.34
2.397736 4.34
2.422971 4.34
2.438846 4.34
2.464096 4.34
2.474971 4.34
2.510500 4.34
2.526501 4.34
2.551863 4.34
2.562614 4.34
2.593097 4.34
2.603847 4.34
2.634223 4.02
2.644972 4.02
2.675628 4.34
2.691738 4.34
2.716848 4.34
2.727739 4.34
2.757974 4.34
2.773849 4.34
2.799099 4.34
2.809848 4.34
2.845489 4.34
2.856224 4.34
2.886867 4.34
2.897616 4.34
2.928099 4.34
2.938850 4.02
2.974504 4.34
2.990491 4.34
3.015868 4.34
3.026743 4.34
3.057100 4.34
3.067976 4.34
3.103505 4.34
3.119494 4.34
3.144869 4.34
3.157352 4.34
3.186102 4.34
3.196977 4.34
3.232494 4.34
3.248495 4.34
3.273868 4.34
3.284619 4.34
3.315102 4.34
3.325853 4.34
3.361507 4.02
3.377495 4.34
3.402868 4.34
3.413621 4.34
3.443853 4.34
3.454745 4.34
3.484979 4.34
3.500979 4.34
3.526104 4.34
3.536979 4.34
3.572496 4.34
3.588496 4.34
3.613871 4.34
3.626356 4.34
3.655105 4.34
3.665980 4.34
3.701496 4.34
3.714010 4.34
3.742871 4.34
3.755374 4.34
3.784106 4.34
3.794856 4.34
3.830509 4.34
3.846496 4.34
3.871874 4.34
3.884387 4.34
3.913107 4.34
3.923982 4.34
3.959512 4.34
3.975499 4.34
4.000875 4.34
4.013232 4.34
4.042108 4.34
4.052858 4.34
4.084889 4.34
4.095751 4.34
4.126108 4.34
4.136858 4.34
4.167109 4.34
4.177858 4.34
4.213512 4.34
4.229502 4.34
4.254875 4.34
4.267234 4.34
4.295859 4.34
4.308235 4.34
4.336860 4.34
4.349235 4.34
4.377860 4.34
4.390235 4.34
4.418860 4.34
4.431235 4.34
4.459986 4.34
4.475861 4.34
4.501111 4.34
4.511861 4.34
4.547516 4.34
4.563503 4.34
4.588878 4.34
4.604877 4.34
4.629987 4.34
4.645862 4.34
4.671112 4.34
4.681862 4.34
4.717517 4.34
4.733393 4.34
4.758643 4.34
4.769517 4.34
4.799988 4.34
4.815988 4.34
4.841113 4.34
4.851863 4.34
4.887517 4.34
4.903507 4.34
4.928882 4.34
4.944881 4.34
4.970114 4.34
4.980864 4.34
5.016506 4.34
5.032507 4.34
5.057881 4.34
5.073881 4.34
5.098865 4.34
5.114865 4.34
5.139865 4.34
5.155991 4.34
5.180866 4.34
5.196866 4.34
5.221866 4.34
5.237866 4.34
5.262991 4.34
5.278866 4.34
5.304116 4.34
5.314867 4.34
5.350509 4.34
5.366509 4.34
5.391882 4.34
5.407868 4.34
5.432992 4.34
5.448868 4.34
5.474117 4.34
5.484868 4.34
5.520520 4.34
5.536370 4.34
5.561868 4.34
5.577869 4.34
5.602994 4.34
5.618869 4.34
5.644119 4.34
5.654869 4.34
5.690523 4.34
5.706512 4.34
5.731888 4.34
5.747870 4.34
5.772887 4.34
5.788885 4.34
5.813870 4.34
5.829870 4.34
5.854871 4.34
5.870870 4.34
5.895996 4.34
5.911871 4.34
5.937121 4.34
5.947871 4.34
5.983515 4.02
5.999514 4.02
6.024872 4.34
6.040762 4.34
6.065872 4.34
6.081765 4.34
6.106998 4.34
6.122872 4.34
6.149873 4.34
6.160639 4.34
6.190998 4.34
6.206873 4.34
6.233874 4.34
6.244763 4.34
6.274873 4.34
6.290764 4.34
6.315874 4.34
6.331874 4.34
6.356874 4.34
6.372765 4.34
6.397999 4.34
6.408766 4.34
6.440903 4.34
6.451767 4.34
6.483907 4.34
6.494642 4.34
6.526905 4.34
6.537644 4.34
6.569906 4.34
6.580641 4.34
6.612907 4.34
6.623646 4.34
6.655906 4.34
6.666642 4.34
6.698906 4.34
6.709643 4.34
6.741905 4.34
6.752642 4.34
6.784908 4.34
6.795643 4.34
6.831252 4.34
6.842002 4.34
6.872646 4.34
6.883379 4.34
6.914003 4.34
6.924771 4.34
6.956771 4.34
6.967646 4.34
6.998004 4.34
7.008770 4.34
7.044254 4.34
7.055004 4.34
7.085659 4.34
7.096533 4.34
7.127005 4.34
7.137773 4.34
7.173263 4.34
7.197656 4.34
7.208380 4.34
7.239006 4.34
7.249772 4.34
7.285263 4.34
7.309661 4.34
7.320533 4.34
7.351007 4.34
7.361772 4.34
7.397264 4.34
7.421660 4.34
7.432382 4.34
7.463007 4.34
7.473773 4.34
7.509265 4.34
7.533776 4.34
7.563263 4.34
7.574008 4.34
7.604663 4.34
7.615383 4.34
7.646009 4.34
7.656774 4.34
7.692267 4.34
7.703008 4.34
7.733649 4.34
7.744539 4.34
7.775009 4.34
7.785884 4.34
7.821267 4.34
7.832009 4.34
7.862662 4.34
7.873414 4.02
7.903885 4.34
7.914778 4.34
7.944886 4.34
7.955777 4.34
7.985886 4.34
7.996777 4.34
8.026886 4.34
8.037778 4.34
8.067887 4.34
8.078776 4.34
8.109012 4.34
8.119887 4.34
8.155264 4.34
8.171265 4.34
8.196779 4.34
8.212777 4.34
8.238013 4.34
8.248888 4.34
8.284265 4.34
8.300265 4.34
8.325543 4.34
8.336266 4.34
8.366889 4.34
8.383014 4.34
8.408014 4.34
8.418778 4.34
8.454268 4.34
8.478782 4.34
8.508268 4.34
8.524268 4.34
8.549781 4.34
8.565780 4.34
8.590890 4.34
8.606890 4.34
8.632015 4.34
8.642781 4.34
8.678274 4.34
8.702781 4.34
8.732272 4.34
8.748274 4.34
8.773784 4.34
8.789785 4.34
8.814892 4.34
8.830891 4.34
8.856017 4.34
8.866892 4.34
8.902273 4.34
8.926784 4.34
8.956272 4.34
8.972273 4.34
8.997786 4.34
9.013786 4.34
9.038893 4.34
9.054893 4.34
9.080018 4.34
9.090787 4.34
9.126275 4.34
9.150787 4.34
9.180272 4.34
9.196273 4.02
9.221548 4.34
9.232423 4.34
9.262895 4.34
9.273787 4.34
9.304020 4.34
9.314895 4.34
9.350273 4.34
9.374786 4.34
9.390896 4.34
9.415896 4.34
9.426789 4.34
9.457021 4.34
9.467896 4.34
9.503271 4.34
9.519273 4.34
9.544787 4.34
9.560790 4.34
9.585897 4.34
9.596787 4.34
9.626898 4.34
9.637773 4.34
9.667897 4.34
9.678789 4.34
9.709023 4.34
9.719790 4.34
9.755274 4.34
9.771277 4.34
9.796790 4.34
9.812791 4.34
9.837899 4.34
9.848789 4.34
9.878899 4.34
9.889774 4.34
9.919899 4.34
9.930792 4.34
9.960900 4.34
9.971790 4.34
10.001900 4.34
10.012791 4.34
10.042900 4.34
10.053776 4.34
10.083901 4.34
10.094792 4.34
10.124901 4.34
10.135791 4.34
10.166026 4.34
10.176776 4.34
10.212277 4.34
10.228278 4.34
10.253794 4.34
10.269794 4.34
10.294777 4.34
10.305543 4.34
10.335777 4.34
10.346545 4.34
10.376778 4.34
10.387544 4.34
10.417903 4.34
10.428778 4.34
10.458903 4.34
10.469794 4.34
10.499904 4.34
10.510779 4.34
10.540904 4.34
10.551795 4.34
10.581904 4.34
10.592779 4.34
10.623029 4.34
10.633779 4.34
10.669281 4.34
10.685316 4.34
10.710797 4.34
10.726797 4.34
10.752031 4.34
10.762781 4.34
10.798282 4.34
10.814282 4.34
10.839797 4.34
10.855796 4.34
10.880781 4.34
10.891548 4.34
10.921782 4.34
10.932550 4.34
10.962907 4.34
10.973799 4.34
11.003907 4.34
11.014782 4.34
11.045033 4.34
11.055782 4.34
11.091284 4.34
11.107287 4.34
11.132801 4.34
11.148800 4.34
11.173783 4.34
11.184554 4.34
11.214784 4.34
11.225550 4.34
11.255909 4.34
11.266784 4.34
11.298660 4.34
11.309438 4.34
11.339909 4.34
11.350802 4.34
11.382660 4.34
11.393437 4.34
11.423910 4.34
11.434800 4.34
11.466661 4.34
11.477439 4.34
11.507911 4.34
11.518679 4.34
11.554161 4.34
11.564911 4.34
11.595440 4.34
11.606288 4.34
11.636802 4.34
11.647555 4.34
11.677912 4.34
11.688787 4.34
11.718912 4.34
11.729788 4.34
11.761693 4.34
11.772692 4.34
11.804664 4.34
11.815439 4.34
11.845805 4.34
11.856554 4.34
11.888664 4.34
11.899442 4.34
11.929806 4.34
11.940556 4.34
11.972665 4.34
11.983679 4.34
12.013806 4.34
12.024557 4.34
12.056695 4.34
12.067441 4.34
12.097790 4.34
12.108557 4.34
12.138916 4.34
12.149791 4.34
12.181666 4.34
12.192445 4.34
12.222808 4.34
12.233558 4.34
12.263916 4.34
12.274791 4.34
12.306698 4.34
12.317446 4.34
12.347792 4.34
12.358561 4.34
12.388917 4.34
12.399792 4.34
12.435042 4.34
12.445918 4.34
12.476167 4.34
12.488543 4.34
12.517447 4.34
12.528295 4.34
12.558918 4.34
12.569809 4.34
12.605044 4.34
12.615794 4.34
12.646169 4.02
12.658546 4.34
12.687687 4.34
12.703810 4.34
12.728813 4.34
12.739563 4.34
12.775045 4.34
12.785795 4.34
12.816326 4.34
12.827169 4.34
12.857810 4.34
12.868561 4.34
12.904171 4.34
12.920046 4.34
12.945450 4.34
12.956297 4.34
12.986921 4.34
12.997814 4.34
13.033047 4.34
13.043797 4.34
13.074172 4.34
13.090172 4.34
13.115451 4.34
13.126298 4.34
13.156923 4.34
13.167814 4.34
13.203048 4.34
13.213923 4.34
13.244173 4.34
13.260173 4.34
13.285453 4.34
13.296300 4.34
13.326924 4.34
13.337815 4.34
13.373049 4.34
13.383924 4.34
13.414174 4.34
13.430174 4.34
13.455454 4.34
13.466301 4.34
13.496925 4.34
13.507816 4.34
13.543050 4.34
13.553801 4.34
13.584175 4.34
13.600051 4.34
13.625455 4.34
13.636302 4.34
13.666927 4.34
13.677818 4.34
13.713176 4.34
13.729052 4.34
13.754444 4.34
13.765177 4.34
13.795928 4.34
13.806802 4.34
13.842177 4.34
13.858052 4.34
13.883456 4.34
13.894304 4.34
13.924821 4.34
13.935570 4.34
13.971053 4.34
13.981928 4.34
14.012304 4.34
14.023179 4.34
14.053582 4.34
14.069583 4.34
14.094823 4.34
14.105572 4.34
14.141054 4.34
14.153556 4.34
14.182180 4.34
14.198180 4.34
14.223460 4.34
14.234306 4.34
14.264824 4.34
14.275573 4.34
14.311056 4.34
14.323557 4.34
14.352181 4.34
14.368181 4.34
14.393459 4.34
14.405932 4.34
14.434823 4.34
14.445574 4.34
14.475806 4.34
14.486575 4.34
14.516808 4.34
14.527699 4.34
14.557808 4.34
14.568699 4.34
14.598808 4.34
14.609698 4.34
14.639808 4.34
14.650577 4.34
14.682560 4.34
14.693328 4.34
14.723825 4.34
14.734575 4.34
14.770059 4.34
14.780810 4.34
14.811184 4.34
14.827184 4.34
14.852435 4.34
14.863185 4.34
14.893828 4.34
14.904702 4.34
14.940060 4.34
14.952561 4.34
14.981185 4.34
14.997185 4.34
15.022589 4.34
15.038588 4.34
15.063829 4.34
15.074579 4.34
15.106591 4.34
15.117342 4.34
15.149592 4.34
15.160436 4.34
15.192593 4.34
15.203342 4.34
15.235578 4.34
15.246340 4.34
15.278580 4.34
15.289438 4.34
15.321455 4.34
15.332188 4.34
15.362829 4.34
15.373581 4.34
15.409064 4.34
15.421439 4.34
15.450315 4.34
15.461189 4.34
15.491439 4.34
15.503939 4.34
15.532839 4.34
15.543706 4.34
15.575441 4.34
15.586332 4.34
15.616833 4.34
15.627581 4.34
15.662940 4.34
15.673815 4.34
15.709066 4.34
15.721471 4.02
15.753335 4.34
15.764191 4.34
15.794831 4.34
15.805584 4.34
15.835942 4.34
15.846817 4.34
15.876942 4.34
15.887817 4.34
15.917942 4.34
15.928817 4.34
15.958942 4.34
15.969818 4.34
15.999943 4.34
16.010818 4.34
16.040943 4.34
16.051818 4.34
16.081944 4.34
16.092819 4.34
16.122944 4.34
16.133819 4.34
16.163944 4.34
16.174819 4.34
16.204944 4.34
16.215819 4.34
16.245944 4.34
16.256820 4.34
16.287069 4.34
16.303070 4.34
16.328321 4.34
16.339195 4.34
16.369597 4.34
16.380322 4.34
16.416196 4.34
16.427071 4.02
16.457446 4.34
16.473338 4.34
16.498837 4.34
16.509589 4.34
16.544947 4.34
16.555822 4.34
16.586072 4.34
16.601947 4.34
16.627197 4.34
16.638072 4.34
16.668448 4.34
16.684448 4.34
16.709840 4.34
16.720714 4.02
16.755948 4.34
16.766823 4.34
16.797074 4.34
16.812949 4.34
16.838324 4.02
16.849199 4.34
16.879840 4.34
16.890591 4.34
16.921074 4.34
16.936949 4.34
16.962326 4.34
16.973200 4.34
17.003603 4.34
17.014464 4.34
17.049950 4.34
17.060825 4.34
17.091075 4.34
17.106951 4.34
17.132327 4.34
17.143201 4.34
17.173842 4.34
17.184592 4.34
17.215076 4.34
17.230952 4.34
17.256327 4.34
17.267202 4.34
17.297607 4.34
17.308469 4.34
17.343952 4.34
17.354828 4.34
17.385077 4.34
17.400953 4.34
17.426358 4.34
17.438953 4.34
17.467720 4.34
17.478596 4.34
17.514078 4.34
17.530204 4.34
17.555331 4.34
17.566204 4.34
17.596609 4.34
17.607484 4.34
17.643204 4.34
17.653955 4.34
17.684720 4.34
17.695472 4.34
17.731080 4.34
17.747205 4.34
17.772361 4.34
17.784956 4.34
17.813609 4.34
17.824473 4.34
17.860081 4.34
17.876206 4.34
17.901206 4.34
17.912081 4.34
17.942611 4.34
17.953475 4.34
17.988957 4.34
17.999850 4.34
18.030082 4.34
18.046082 4.34
18.071333 4.34
18.083958 4.34
18.114459 4.34
18.125334 4.34
18.157334 4.34
18.168208 4.34
18.200335 4.34
18.211209 4.34
18.243335 4.34
18.254208 4.34
18.284611 4.34
18.295335 4.34
18.331085 4.34
18.346960 4.34
18.372336 4.34
18.384852 4.34
18.413614 4.34
18.424351 4.34
18.460211 4.34
18.470960 4.34
18.501615 4.34
18.512478 4.34
18.548086 4.34
18.564211 4.34
18.589366 4.34
18.605489 4.34
18.630727 4.34
18.641477 4.34
18.671837 4.34
18.682603 4.34
18.712837 4.34
18.723604 4.34
18.753963 4.34
18.769963 4.02
18.795088 4.34
18.805838 4.34
18.836338 4.34
18.852492 4.34
18.883088 4.34
18.893964 4.34
18.924340 4.34
18.940490 4.34
18.965618 4.34
18.976491 4.34
19.006839 4.34
19.017607 4.34
19.047839 4.34
19.058608 4.34
19.088964 4.34
19.105090 4.34
19.130090 4.34
19.140841 4.34
19.171341 4.34
19.187495 4.34
19.212495 4.34
19.223341 4.34
19.253841 4.34
19.264609 4.34
19.294967 4.34
19.310967 4.34
19.336092 4.34
19.346842 4.34
19.377343 4.34
19.393495 4.34
19.424092 4.02
19.440092 4.02
19.465344 4.34
19.481495 4.34
19.512093 4.34
19.522968 4.34
19.553218 4.34
19.563968 4.34
19.594621 4.34
19.605497 4.34
19.635969 4.34
19.652094 4.34
19.677094 4.34
19.687969 4.34
19.718346 4.34
19.734496 4.34
19.765095 4.34
19.775970 4.34
19.806347 4.34
19.822498 4.02
19.847500 4.02
19.858346 4.34
19.893973 4.02
19.910096 4.02
19.935096 4.34
19.945846 4.34
19.976221 4.34
19.987096 4.34
20.017623 4.34
20.028500 4.34
20.058847 4.34
20.069615 4.34
20.099972 4.34
20.116097 4.34
20.141097 4.34
20.151848 4.34
20.182348 4.34
20.198349 4.34
20.223625 4.34
20.234349 4.34
20.264848 4.34
20.275615 4.34
20.305973 4.34
20.322099 4.34
20.347099 4.34
20.357849 4.34
20.388350 4.34
20.404502 4.34
20.434866 4.34
20.445619 4.34
20.476100 4.34
20.486975 4.34
20.517351 4.34
20.533501 4.34
20.560355 4.34
20.571225 4.34
20.601630 4.34
20.612505 4.34
20.642976 4.34
20.659101 4.34
20.684101 4.34
20.694851 4.34
20.725226 4.34
20.737852 4.34
20.766505 4.34
20.777227 4.34
20.813103 4.34
20.823852 4.34
20.854353 4.34
20.870353 4.34
20.901103 4.34
20.911978 4.34
20.942354 4.34
20.958354 4.34
20.989103 4.34
20.999978 4.34
21.030229 4.34
21.042621 4.34
21.073233 4.34
21.083979 4.34
21.119872 4.34
21.132233 4.34
21.161104 4.34
21.171980 4.34
21.202356 4.34
21.218509 4.34
21.249105 4.34
21.259855 4.34
21.290356 4.34
21.306357 4.34
21.336871 4.34
21.349235 4.34
21.378106 4.34
21.388856 4.34
21.419357 4.34
21.435511 4.34
21.460499 4.34
21.471358 4.34
21.501875 4.34
21.517982 4.34
21.543107 4.34
21.553983 4.34
21.584359 4.34
21.595232 4.34
21.631108 4.34
21.641858 4.34
21.672360 4.34
21.683233 4.34
21.718877 4.34
21.734874 4.34
21.760109 4.34
21.770877 4.34
21.801377 4.34
21.812234 4.34
21.847876 4.34
21.863877 4.02
21.889110 4.34
21.899985 4.02
21.930361 4.34
21.941235 4.34
21.971501 4.34
21.982236 4.34
22.012877 4.34
22.028879 4.34
22.054111 4.34
22.064861 4.34
22.095362 4.34
22.106236 4.34
22.141877 4.34
22.157879 4.34
22.183112 4.34
22.193862 4.34
22.224363 4.34
22.235237 4.34
22.270879 4.34
22.286880 4.02
22.312113 4.34
22.322988 4.34
22.353238 4.34
22.369238 4.34
22.399880 4.34
22.415880 4.34
22.441114 4.34
22.451864 4.34
22.482365 4.34
22.493239 4.34
22.523519 4.34
22.534366 4.34
22.564881 4.34
22.580882 4.34
22.606115 4.34
22.616865 4.34
22.647240 4.34
22.663240 4.34
22.693880 4.34
22.709883 4.34
22.735116 4.34
22.745991 4.34
22.776367 4.34
22.787241 4.34
22.817521 4.34
22.828368 4.34
22.858882 4.34
22.874884 4.34
22.900117 4.34
22.910992 4.34
22.941243 4.34
22.957242 4.34
22.987885 4.34
23.003886 4.34
23.029118 4.34
23.039868 4.34
23.070369 4.34
23.081243 4.34
23.116885 4.34
23.132884 4.34
23.158119 4.34
23.168994 4.34
23.199369 4.34
23.210244 4.34
23.245885 4.34
23.261886 4.34
23.287120 4.34
23.297995 4.34
23.328371 4.34
23.339245 4.34
23.374886 4.34
23.390888 4.34
23.416121 4.34
23.426995 4.34
23.457372 4.34
23.468246 4.34
23.503889 4.34
23.519764 4.34
23.545121 4.34
23.555997 4.34
23.586402 4.34
23.597247 4.34
23.627889 4.34
23.643891 4.34
23.669122 4.34
23.679873 4.34
23.710373 4.34
23.721122 4.34
23.756891 4.34
23.772890 4.34
23.798123 4.34
23.824249 4.34
23.840249 4.34
23.870999 4.34
23.881766 4.34
23.912124 4.34
23.924517 4.34
23.953375 4.34
23.964124 4.34
23.999767 4.34
24.010517 4.34
24.040875 4.34
24.056875 4.34
24.082001 4.34
24.092768 4.34
24.123127 4.34
24.135519 4.34
24.169157 4.34
24.180001 4.34
24.215894 4.34
24.231891 4.34
24.257127 4.34
24.269516 4.34
24.298377 4.34
24.309127 4.34
24.339645 4.34
24.352131 4.34
24.381002 4.34
24.391769 4.34
24.422128 4.34
24.438128 4.34
24.463379 4.34
24.474128 4.34
24.504645 4.34
24.517159 4.34
24.546004 4.34
24.556772 4.34
24.587129 4.34
24.603129 4.34
24.633769 4.34
24.649772 4.34
24.674880 4.34
24.685647 4.34
24.716005 4.34
24.726772 4.34
24.757130 4.02
24.773131 4.34
24.798381 4.34
24.809131 4.34
24.839659 4.34
24.850381 4.34
24.880881 4.34
24.891647 4.34
24.921882 4.34
24.932646 4.34
24.963007 4.34
24.973773 4.34
25.004132 4.34
25.020132 4.34
25.045383 4.34
25.056132 4.34
25.091774 4.34
25.107651 4.34
25.132883 4.34
25.143649 4.34
25.173883 4.34
25.184648 4.34
25.214884 4.34
25.225651 4.34
25.255884 4.34
25.266651 4.34
25.297009 4.34
25.307776 4.34
25.338134 4.34
25.354135 4.34
25.379412 4.34
25.390268 4.34
25.420901 4.34
25.431777 4.34
25.462135 4.34
25.478135 4.34
25.503263 4.34
25.514135 4.34
25.550011 4.34
25.560886 4.34
25.591136 4.34
25.607136 4.34
25.632415 4.34
25.643265 4.34
25.673903 4.34
25.684777 4.34
25.715137 4.34
25.731137 4.34
25.756415 4.34
25.767266 4.34
25.797778 4.34
25.813779 4.34
25.838888 4.34
25.849780 4.34
25.879888 4.34
25.890780 4.34
25.920889 4.34
25.931782 4.34
25.961889 4.34
25.972778 4.34
26.002890 4.34
26.013782 4.34
26.043889 4.34
26.054779 4.34
26.084890 4.34
26.095782 4.34
26.125890 4.34
26.136782 4.34
26.167015 4.34
26.177780 4.34
26.208141 4.34
26.224141 4.34
26.249420 4.34
26.260272 4.34
26.295782 4.34
26.311658 4.34
26.337016 4.34
26.349545 4.34
26.378142 4.34
26.394017 4.34
26.424784 4.34
26.435784 4.34
26.465892 4.34
26.476785 4.34
26.506893 4.34
26.517783 4.34
26.547893 4.34
26.558785 4.34
26.589018 4.34
26.601547 4.34
26.630143 4.34
26.646019 4.34
26.673172 4.34
26.683894 4.34
26.714787 4.34
26.730786 4.34
26.755895 4.34
26.766786 4.34
26.797020 4.34
26.809423 4.34
26.838145 4.34
26.854145 4.34
26.881044 4.34
26.891896 4.34
26.927548 4.34
26.938271 4.34
26.968896 4.34
26.979788 4.34
27.009896 4.34
27.020786 4.34
27.050897 4.34
27.061788 4.34
27.091897 4.34
27.102788 4.34
27.132897 4.34
27.143787 4.34
27.173898 4.34
27.184790 4.34
27.215023 4.34
27.231023 4.34
27.256148 4.34
27.267023 4.34
27.302551 4.34
27.318553 4.34
27.343899 4.34
27.354789 4.34
27.385024 4.34
27.401024 4.34
27.426149 4.34
27.437024 4.34
27.472554 4.34
27.488554 4.34
27.513900 4.34
27.524792 4.34
27.554900 4.34
27.565793 4.34
27.596025 4.34
27.612025 4.34
27.637150 4.34
27.648025 4.34
27.683669 4.34
27.699555 4.34
27.725027 4.34
27.740902 4.34
27.766152 4.34
27.776902 4.34
27.812556 4.34
27.823278 4.34
27.853902 4.34
27.864792 4.34
27.894902 4.34
27.905778 4.34
27.935903 4.34
27.946794 4.34
27.976903 4.34
27.987778 4.34
28.017903 4.34
28.028779 4.34
28.059029 4.34
28.074904 4.34
28.100154 4.34
28.110904 4.34
28.146564 4.34
28.157280 4.34
28.187905 4.34
28.198797 4.34
28.228905 4.34
28.239780 4.34
28.269905 4.34
28.280781 4.34
28.311031 4.34
28.327031 4.34
28.352156 4.34
28.362905 4.34
28.398546 4.34
28.409282 4.34
28.439797 4.34
28.450549 4.34
28.480907 4.34
28.491796 4.34
28.522032 4.34
28.537907 4.34
28.563157 4.34
28.574033 4.34
28.604283 4.34
28.615158 4.34
28.645561 4.34
28.661550 4.34
28.686908 4.34
28.697801 4.34
28.727908 4.34
28.738784 4.34
28.768909 4.34
28.779802 4.34
28.809909 4.34
28.820784 4.34
28.850909 4.34
28.861784 4.34
28.891910 4.34
28.902802 4.34
28.932910 4.34
28.943785 4.34
28.973910 4.34
28.984786 4.02
29.014911 4.34
29.025786 4.34
29.055911 4.34
29.066804 4.34
29.097036 4.34
29.112911 4.34
29.138162 4.34
29.148911 4.34
29.184552 4.34
29.197045 4.34
29.225912 4.34
29.236804 4.34
29.266912 4.34
29.279442 4.34
29.307912 4.34
29.318805 4.34
29.348913 4.34
29.361442 4.34
29.389913 4.34
29.402441 4.34
29.431039 4.34
29.446914 4.34
29.472163 4.34
29.482914 4.34
29.518693 4.34
29.529566 4.34
29.559914 4.34
29.572291 4.34
29.601039 4.34
29.616915 4.34
29.642165 4.34
29.653040 4.34
29.683568 4.34
29.695925 4.34
29.724916 4.34
29.737293 4.34
29.766041 4.34
29.781917 4.34
29.807166 4.34
29.818041 4.34
29.853571 4.34
29.869559 4.34
29.894917 4.34
29.907293 4.34
29.936042 4.34
29.951917 4.34
29.977167 4.34
29.988042 4.34
30.023559 4.34
30.035927 4.34
30.064918 4.34
30.080919 4.34
30.105918 4.34
30.118294 4.34
30.146919 4.34
30.162794 4.34
30.187919 4.34
30.203794 4.34
30.228919 4.34
30.241295 4.34
30.269920 4.34
30.285795 4.34
30.310920 4.34
30.326920 4.34
30.351920 4.34
30.364296 4.34
30.392921 4.34
30.408795 4.34
30.434046 4.34
30.444921 4.34
30.475171 4.34
30.485921 4.34
30.521576 4.34
30.537450 4.34
30.562922 4.34
30.578922 4.34
30.603922 4.34
30.619923 4.34
30.644922 4.34
30.660922 4.34
30.685922 4.34
30.701798 4.34
30.726923 4.34
30.742923 4.34
30.767923 4.34
30.783923 4.34
30.808924 4.34
30.824924 4.34
30.849924 4.34
30.865800 4.34
30.890924 4.34
30.906800 4.34
30.931924 4.34
30.947925 4.34
30.972924 4.34
30.988925 4.34
31.013925 4.34
31.029925 4.34
31.054925 4.34
31.070926 4.34
31.095926 4.34
31.111926 4.34
31.137051 4.34
31.152925 4.34
31.178176 4.34
31.188926 4.34
31.224570 4.34
31.236302 4.34
31.265927 4.34
31.281801 4.34
31.306927 4.34
31.322927 4.34
31.347927 4.34
31.363928 4.34
31.388927 4.34
31.404803 4.34
31.435178 4.34
31.445928 4.34
31.481570 4.34
31.497444 4.34
31.522821 4.34
31.533571 4.34
31.563929 4.34
31.579804 4.34
31.604929 4.34
31.620805 4.34
31.645930 4.34
31.661804 4.34
31.686930 4.34
31.702805 4.34
31.727930 4.34
31.743805 4.34
31.768930 4.34
31.784806 4.34
31.809930 4.34
31.825806 4.34
31.850931 4.34
31.866806 4.34
31.891931 4.34
31.907806 4.34
31.932931 4.34
31.948807 4.34
31.973931 4.34
31.989807 4.34
32.014932 4.34
32.030807 4.34
32.055932 4.34
32.071808 4.34
32.096933 4.34
32.112808 4.34
32.137933 4.34
32.153808 4.02
32.178933 4.34
32.194808 4.34
32.219933 4.34
32.235809 4.34
32.260934 4.34
32.276809 4.34
32.301934 4.34
32.317809 4.34
32.342934 4.34
32.358810 4.34
32.383935 4.34
32.399810 4.34
32.424935 4.34
32.440810 4.34
32.465935 4.34
32.481810 4.34
32.506935 4.34
32.517825 4.34
32.547935 4.34
32.558811 4.34
32.588936 4.34
32.599811 4.34
32.635061 4.34
32.645812 4.34
32.681437 4.34
32.693813 4.34
32.722828 4.34
32.738831 4.34
32.763813 4.34
32.779831 4.34
32.804813 4.34
32.817188 4.34
32.845813 4.34
32.858188 4.34
32.886813 4.34
32.902831 4.34
32.927814 4.34
32.943814 4.34
32.968814 4.34
32.981189 4.34
33.009814 4.34
33.025814 4.34
33.050814 4.34
33.066814 4.34
33.091814 4.34
33.104190 4.34
33.132815 4.34
33.148940 4.34
33.173815 4.34
33.189815 4.34
33.214816 4.34
33.230816 4.34
33.255816 4.34
33.271816 4.34
33.296816 4.34
33.312816 4.34
33.337816 4.34
33.353817 4.34
33.378816 4.34
33.394834 4.34
33.419817 4.34
33.435942 4.34
33.460817 4.34
33.476818 4.34
33.501818 4.34
33.517836 4.34
33.542818 4.34
33.558818 4.34
33.583819 4.34
33.599818 4.34
33.624818 4.34
33.640818 4.34
33.665819 4.34
33.681819 4.34
33.706819 4.34
33.722944 4.34
33.747945 4.34
33.763820 4.34
33.789070 4.34
33.799820 4.34
33.835463 4.34
33.851445 4.34
33.876835 4.34
33.892838 4.34
33.917821 4.34
33.933821 4.34
33.958946 4.34
33.974821 4.34
34.000071 4.34
34.010821 4.34
34.046463 4.34
34.062464 4.34
34.087837 4.34
34.103822 4.34
34.128822 4.34
34.144823 4.34
34.169823 4.34
34.185823 4.34
34.210948 4.34
34.226823 4.34
34.252073 4.34
34.262823 4.34
34.298463 4.34
34.314324 4.34
34.339824 4.34
34.355824 4.34
34.380824 4.34
34.396824 4.34
34.421824 4.34
34.437824 4.34
34.462950 4.34
34.478824 4.34
34.505825 4.34
34.516717 4.34
34.546950 4.34
34.562826 4.34
34.588075 4.34
34.598951 4.34
34.634469 4.34
34.650468 4.34
34.675843 4.34
34.691843 4.34
34.716952 4.34
34.732826 4.34
34.759858 4.34
34.770721 4.34
34.802855 4.34
34.813718 4.34
34.845858 4.34
34.856717 4.34
34.888828 4.34
34.899605 4.34
34.929828 4.34
34.945843 4.34
34.970829 4.34
34.986845 4.34
35.011828 4.34
35.027844 4.34
35.052828 4.34
35.068846 4.34
35.093954 4.34
35.104844 4.34
35.140205 4.34
35.150954 4.34
35.181606 4.34
35.192330 4.34
35.222847 4.02
35.238848 4.34
35.263955 4.34
35.274831 4.34
35.310205 4.34
35.320955 4.34
35.351607 4.34
35.362332 4.34
35.392956 4.34
35.403845 4.34
35.439206 4.34
35.455207 4.02
35.480725 4.34
35.493206 4.34
35.527207 4.34
35.537957 4.34
35.568609 4.34
35.579334 4.34
35.609957 4.34
35.620850 4.34
35.656208 4.34
35.666958 4.34
35.697725 4.34
35.713850 4.34
35.738850 4.34
35.754850 4.34
35.779834 4.34
35.790602 4.34
35.820959 4.34
35.831834 4.34
35.867210 4.34
35.877959 4.34
35.908615 4.34
35.919336 4.34
35.949835 4.34
35.960602 4.34
35.990960 4.34
36.001836 4.34
36.037211 4.34
36.047961 4.34
36.078612 4.34
36.089487 4.34
36.119836 4.34
36.130605 4.34
36.160962 4.34
36.171837 4.34
36.207213 4.34
36.217962 4.34
36.248492 4.02
36.259212 4.34
36.289855 4.34
36.305963 4.34
36.330837 4.34
36.341604 4.34
36.371963 4.34
36.382838 4.34
36.418213 4.34
36.434213 4.34
36.459732 4.34
36.475856 4.34
36.500856 4.34
36.516857 4.34
36.541839 4.34
36.552608 4.34
36.582965 4.34
36.593840 4.34
36.629215 4.34
36.639965 4.34
36.670619 4.34
36.681494 4.34
36.711840 4.34
36.722609 4.34
36.752966 4.34
36.763841 4.34
36.799216 4.34
36.809966 4.34
36.840621 4.34
36.851496 4.34
36.881967 4.34
36.892842 4.34
36.928217 4.34
36.938967 4.34
36.969621 4.34
36.982217 4.34
37.010843 4.34
37.021609 4.34
37.051968 4.34
37.062843 4.34
37.098218 4.02
37.108968 4.02
37.139620 4.34
37.152219 4.34
37.180844 4.34
37.191611 4.34
37.221969 4.34
37.232844 4.34
37.268219 4.34
37.280720 4.02
37.309624 4.34
37.322220 4.02
37.350970 4.34
37.361861 4.34
37.397220 4.34
37.407970 4.34
37.438738 4.34
37.454612 4.34
37.479863 4.34
37.495971 4.34
37.520861 4.34
37.531612 4.34
37.561847 4.34
37.572612 4.34
37.602847 4.34
37.613614 4.34
37.643972 4.34
37.654847 4.34
37.690222 4.34
37.706223 4.34
37.731626 4.02
37.744223 4.34
37.772973 4.34
37.783865 4.34
37.819223 4.34
37.835099 4.34
37.860627 4.34
37.876503 4.34
37.901849 4.34
37.912614 4.34
37.942849 4.34
37.953616 4.34
37.983975 4.34
37.994850 4.34
38.030226 4.34
38.042601 4.34
38.071502 4.34
38.082225 4.34
38.112867 4.34
38.123619 4.34
38.159226 4.34
38.171602 4.34
38.200630 4.34
38.216628 4.34
38.241851 4.34
38.252619 4.34
38.282852 4.34
38.293618 4.34
38.323978 4.34
38.334745 4.34
38.370227 4.34
38.386102 4.34
38.411631 4.34
38.427505 4.34
38.452978 4.34
38.463853 4.34
38.499228 4.34
38.515103 4.34
38.540630 4.34
38.556634 4.34
38.581979 4.34
38.592854 4.34
38.628229 4.34
38.644104 4.34
38.669633 4.34
38.685634 4.34
38.710980 4.34
38.721855 4.34
38.757230 4.34
38.773105 4.34
38.798633 4.34
38.814634 4.34
38.839856 4.34
38.850621 4.34
38.880856 4.34
38.891622 4.34
38.921857 4.34
38.932623 4.34
38.962857 4.34
38.973624 4.34
39.003982 4.34
39.014857 4.34
39.050232 4.34
39.066107 4.34
39.091634 4.34
39.107511 4.34
39.132858 4.34
39.143626 4.34
39.173983 4.34
39.184858 4.34
39.220233 4.34
39.236108 4.34
39.261512 4.34
39.272359 4.34
39.302876 4.34
39.313627 4.34
39.349234 4.34
39.365109 4.34
39.390514 4.34
39.401360 4.34
39.431985 4.02
39.442861 4.34
39.478235 4.34
39.494110 4.34
39.519753 4.34
39.535878 4.34
39.560876 4.34
39.571628 4.34
39.607236 4.34
39.623111 4.34
39.648640 4.34
39.664638 4.34
39.689987 4.34
39.700862 4.34
39.736237 4.34
39.752112 4.34
39.777753 4.34
39.793878 4.34
39.818880 4.34
39.829627 4.34
39.865238 4.34
39.881113 4.34
39.906640 4.34
39.922516 4.34
39.949614 4.34
39.960517 4.34
39.990879 4.34
40.001629 4.34
40.031864 4.34
40.042631 4.34
40.074645 4.34
40.085395 4.34
40.117644 4.34
40.128518 4.34
40.160646 4.34
40.171395 4.34
40.203645 4.34
40.214518 4.34
40.246646 4.34
40.257395 4.34
40.289634 4.34
40.300520 4.34
40.332632 4.34
40.343397 4.34
40.375636 4.34
40.386397 4.34
40.418618 4.34
40.429386 4.34
40.461618 4.34
40.472384 4.34
40.504618 4.34
40.515368 4.34
40.547647 4.34
40.558398 4.34
40.594243 4.34
40.610243 4.34
40.635645 4.34
40.651522 4.34
40.682119 4.34
40.694649 4.34
40.723399 4.34
40.734244 4.34
40.764887 4.34
40.775762 4.34
40.806119 4.34
40.818651 4.34
40.847245 4.34
40.863120 4.34
40.888760 4.34
40.899524 4.34
40.935121 4.34
40.951120 4.34
40.976400 4.34
40.987246 4.34
41.017887 4.34
41.028764 4.34
41.059121 4.34
41.075246 4.34
41.100401 4.34
41.111247 4.34
41.141889 4.34
41.152764 4.34
41.183122 4.34
41.198998 4.34
41.224373 4.34
41.240526 4.34
41.265652 4.34
41.281651 4.34
41.312123 4.34
41.328248 4.34
41.353375 4.34
41.364123 4.34
41.394652 4.34
41.405374 4.34
41.441249 4.34
41.451999 4.34
41.482643 4.34
41.493375 4.34
41.523768 4.34
41.534515 4.34
41.570250 4.34
41.581000 4.34
41.611642 4.34
41.622527 4.34
41.658126 4.34
41.674126 4.34
41.702528 4.34
41.718530 4.34
41.743769 4.34
41.754518 4.34
41.790252 4.34
41.801002 4.34
41.831643 4.34
41.842378 4.34
41.878252 4.34
41.889003 4.34
41.919644 4.34
41.930529 4.34
41.966128 4.34
41.982128 4.34
42.010532 4.34
42.026532 4.34
42.051768 4.34
42.062520 4.34
42.098254 4.34
42.109004 4.34
42.139646 4.34
42.150531 4.34
42.186263 4.34
42.197005 4.34
42.227645 4.34
42.238380 4.34
42.274130 4.34
42.290005 4.34
42.318534 4.34
42.334534 4.34
42.359772 4.34
42.370533 4.34
42.406131 4.34
42.422131 4.34
42.447382 4.34
42.458131 4.34
42.488650 4.34
42.499382 4.34
42.535265 4.34
42.546132 4.34
42.576660 4.34
42.587536 4.34
42.623266 4.34
42.634008 4.34
42.664649 4.34
42.675537 4.34
42.711266 4.34
42.722008 4.34
42.752651 4.34
42.763537 4.34
42.799265 4.34
42.810009 4.34
42.840651 4.34
42.851413 4.34
42.883527 4.34
42.894414 4.34
42.926528 4.34
42.937412 4.34
42.969529 4.34
42.980413 4.34
43.012538 4.34
43.023264 4.34
43.055541 4.34
43.066416 4.34
43.098540 4.34
43.109265 4.34
43.141540 4.34
43.152415 4.34
43.184541 4.34
43.195264 4.34
43.227540 4.34
43.238264 4.34
43.270542 4.34
43.281416 4.34
43.313543 4.34
43.324417 4.34
43.356543 4.34
43.367416 4.34
43.403138 4.34
43.419138 4.34
43.444267 4.34
43.455138 4.34
43.485781 4.34
43.496542 4.34
43.532014 4.34
43.548139 4.34
43.573139 4.34
43.589269 4.34
43.614417 4.34
43.630545 4.34
43.655780 4.34
43.666543 4.34
43.702140 4.34
43.718140 4.34
43.746545 4.34
43.762783 4.34
43.793271 4.34
43.804141 4.34
43.834784 4.34
43.845546 4.34
43.881016 4.34
43.897016 4.34
43.922142 4.34
43.938017 4.34
43.963421 4.34
43.979546 4.34
44.010142 4.34
44.026272 4.34
44.054544 4.34
44.070548 4.34
44.101143 4.34
44.117273 4.34
44.145548 4.34
44.156272 4.34
44.192144 4.34
44.202894 4.34
44.233423 4.34
44.249422 4.34
44.280144 4.34
44.290894 4.34
44.321424 4.34
44.337548 4.02
44.368145 4.34
44.379020 4.34
44.409426 4.34
44.425424 4.34
44.456020 4.34
44.472146 4.34
44.497146 4.34
44.508021 4.34
44.538425 4.34
44.554423 4.34
44.585147 4.34
44.595897 4.34
44.626549 4.34
44.637276 4.02
44.673147 4.34
44.683897 4.34
44.714549 4.34
44.725274 4.34
44.761148 4.34
44.772023 4.34
44.802552 4.34
44.813426 4.34
44.849148 4.34
44.860023 4.34
44.890553 4.34
44.901428 4.34
44.937024 4.34
44.953024 4.34
44.978149 4.34
44.988899 4.34
45.019276 4.34
45.030150 4.34
45.060792 4.34
45.071540 4.34
45.101900 4.34
45.112793 4.34
45.143026 4.34
45.159026 4.34
45.184151 4.34
45.194901 4.34
45.225553 4.34
45.236277 4.34
45.272027 4.34
45.288151 4.34
45.313152 4.34
45.324027 4.34
45.354429 4.34
45.370431 4.34
45.401153 4.34
45.411902 4.34
45.442554 4.34
45.453431 4.34
45.489029 4.34
45.505028 4.34
45.530153 4.34
45.541028 4.34
45.571432 4.34
45.587430 4.34
45.618154 4.34
45.629029 4.34
45.659556 4.34
45.670318 4.34
45.706154 4.34
45.716905 4.34
45.747558 4.34
45.758435 4.34
45.794155 4.02
45.804906 4.34
45.835436 4.34
45.851435 4.34
45.876795 4.34
45.887546 4.34
45.918031 4.34
45.934031 4.34
45.959156 4.34
45.969906 4.34
46.000434 4.34
46.016435 4.34
46.041799 4.34
46.052547 4.34
46.082907 4.34
46.093783 4.02
46.123907 4.34
46.134783 4.34
46.164908 4.34
46.177409 4.34
46.205909 4.34
46.216801 4.34
46.246909 4.34
46.257784 4.34
46.287909 4.02
46.300410 4.34
46.328909 4.34
46.341410 4.34
46.369909 4.34
46.380784 4.34
46.410909 4.34
46.423411 4.34
46.451910 4.34
46.464411 4.34
46.493035 4.34
46.508911 4.34
46.534160 4.34
46.544911 4.34
46.575440 4.34
46.591563 4.34
46.622161 4.34
46.633036 4.34
46.663440 4.34
46.679438 4.34
46.710161 4.34
46.721038 4.34
46.751565 4.34
46.762441 4.34
46.798038 4.34
46.814037 4.34
46.839162 4.34
46.849913 4.34
46.880441 4.34
46.896440 4.34
46.923289 4.34
46.934163 4.34
46.970039 4.34
46.985914 4.34
47.011164 4.34
47.021914 4.34
47.052569 4.34
47.063290 4.34
47.093812 4.34
47.104682 4.34
47.134915 4.34
47.147291 4.34
47.175915 4.34
47.192040 4.34
47.216916 4.34
47.232915 4.34
47.257915 4.34
47.274041 4.34
47.298916 4.34
47.315041 4.34
47.340041 4.34
47.350791 4.34
47.381167 4.34
47.391916 4.34
47.422444 4.34
47.433293 4.34
47.463917 4.34
47.479918 4.34
47.505043 4.34
47.515793 4.34
47.546168 4.34
47.556918 4.34
47.587570 4.34
47.598446 4.34
47.628811 4.34
47.639559 4.34
47.669794 4.34
47.680559 4.34
47.710934 4.34
47.727182 4.34
47.752553 4.34
47.763485 4.34
47.794175 4.34
47.805174 4.34
47.841047 4.68
47.851812 4.34
47.882327 4.34
47.898451 4.34
47.929045 4.34
47.939796 4.34
47.970170 4.68
47.981046 4.68
48.011445 4.34
48.022171 4.34
48.052920 4.68
48.069046 4.68
48.094187 4.68
48.105183 4.68
48.141054 4.68
48.151926 4.68
48.182587 4.68
48.193426 4.68
48.223798 4.68
48.234593 4.68
48.265049 4.68
48.275924 4.34
48.306173 4.68
48.316923 4.68
48.347453 4.68
48.358299 4.68
48.389062 4.34
48.399933 4.68
48.430849 4.68
48.447075 5.00
48.472482 5.00
48.488703 5.00
48.513931 5.00
48.530180 5.00
48.555305 5.00
48.571304 5.00
48.602053 5.00
48.612802 5.00
48.643302 5.00
48.659456 5.00
48.690051 5.00
48.700926 5.00
48.731176 5.00
48.741926 5.00
48.772458 5.00
48.783177 5.00
48.819052 5.00
48.829927 5.00
48.860303 5.00
48.876455 5.00
48.907053 5.00
48.917928 5.00
48.948178 5.00
48.958928 5.00
48.989456 5.00
49.000178 5.00
49.036053 5.00
49.046929 5.00
49.077178 5.35
49.087929 5.00
49.118457 5.00
49.129179 5.00
49.165054 5.00
49.175805 5.00
49.206179 5.00
49.216930 5.00
49.247457 5.35
49.258180 5.00
49.294056 5.00
49.304805 5.35
49.335181 5.00
49.347821 5.00
49.376460 5.00
49.387307 5.00
49.417821 5.00
49.430185 5.00
49.458931 5.00
49.475057 5.00
49.499931 5.00
49.516057 5.00
49.540932 5.00
49.557057 5.00
49.581932 5.00
49.598057 5.00
49.622933 5.00
49.639057 5.00
49.663933 5.35
49.680058 5.35
49.704932 5.35
49.721058 5.35
49.745933 5.00
49.762059 5.00
49.787059 5.00
49.797809 5.00
49.828184 5.35
49.844184 5.35
49.869435 5.00
49.880184 5.00
49.910825 5.00
49.926826 5.00
49.951935 5.35
49.962810 5.35
49.992935 5.00
50.003810 5.00
50.033935 5.00
50.044811 5.00
50.074936 5.00
50.085811 5.00
50.115936 5.00
50.126811 5.00
50.156936 5.00
50.167811 5.00
50.197937 5.00
50.208812 5.00
50.238937 5.00
50.249812 5.00
50.279937 5.00
50.290813 5.00
50.320937 5.00
50.331813 5.00
50.361938 5.00
50.372813 5.00
50.402938 5.00
50.413813 5.00
50.443938 5.00
50.454814 5.00
50.484938 5.00
50.495814 5.00
50.525939 5.00
50.536814 5.00
50.566939 5.00
50.577814 5.00
50.607939 5.00
50.618706 5.00
50.649065 5.00
50.659815 5.00
50.690345 5.00
50.701190 5.00
50.731832 5.00
50.747832 5.00
50.772941 5.00
50.783816 5.00
50.813941 5.00
50.824816 5.00
50.854942 5.00
50.865817 5.00
50.895941 5.00
50.906817 5.00
50.936942 5.00
50.947817 5.00
50.977942 5.00
50.988817 5.00
51.018942 5.00
51.029818 5.00
51.059943 5.00
51.070818 5.00
51.100943 5.00
51.111836 5.00
51.141944 5.00
51.152819 5.00
51.182944 5.00
51.193818 5.00
51.223944 5.35
51.234819 5.00
51.264944 5.00
51.275819 5.00
51.305945 5.00
51.316820 5.00
51.347070 5.00
51.357820 5.00
51.388321 5.00
51.399194 5.00
51.435071 5.00
51.445821 5.00
51.476322 5.00
51.487196 5.00
51.523071 5.00
51.533821 5.00
51.564196 5.00
51.580196 5.00
51.610839 5.00
51.626839 5.00
51.652072 5.00
51.662822 5.00
51.693323 5.00
51.704198 5.00
51.740073 5.00
51.750823 5.00
51.781198 5.00
51.797198 5.00
51.827838 5.00
51.843838 5.00
51.869074 5.00
51.879823 5.00
51.910325 5.00
51.921198 5.00
51.956841 5.00
51.972841 5.00
51.998074 5.00
52.008824 5.00
52.039325 5.00
52.050200 5.00
52.080843 5.00
52.096840 5.00
52.122075 5.00
52.134591 5.00
52.163326 5.00
52.174200 5.00
52.204841 5.00
52.220842 5.00
52.246076 5.00
52.258466 5.00
52.287327 5.00
52.298202 5.00
52.333844 5.00
52.349844 5.00
52.375076 5.00
52.387471 5.00
52.419328 5.00
52.435332 5.00
52.460843 5.00
52.476845 5.00
52.502078 5.00
52.514471 5.00
52.543358 5.00
52.554203 5.00
52.584844 5.00
52.600846 5.00
52.626079 5.00
52.642079 5.00
52.667204 5.00
52.678080 5.00
52.713847 5.00
52.724595 5.00
52.755080 5.00
52.771079 5.00
52.796205 5.00
52.807080 5.00
52.842956 5.00
52.853845 5.00
52.884081 5.00
52.896474 5.00
52.925206 5.00
52.936081 5.00
52.971722 5.00
52.987724 5.00
53.012957 5.00
53.023832 5.00
53.054082 5.00
53.070082 5.00
53.103725 5.00
53.116098 5.00
53.144833 5.00
53.155598 5.00
53.185958 5.00
53.196833 5.00
53.227083 5.00
53.243083 5.00
53.268334 5.00
53.279209 5.00
53.309610 5.00
53.320335 5.00
53.350959 5.00
53.361851 5.00
53.392084 5.00
53.408085 5.00
53.433209 5.00
53.443960 5.00
53.479850 5.00
53.490603 5.00
53.520851 5.00
53.531600 5.00
53.562086 5.00
53.578086 5.00
53.603337 5.00
53.614211 5.00
53.644616 5.00
53.660601 5.00
53.685837 5.00
53.696602 5.00
53.726962 5.00
53.737837 5.00
53.768088 5.00
53.784087 5.00
53.812338 5.00
53.823212 5.00
53.853855 5.00
53.864604 5.00
53.895088 5.00
53.910963 5.00
53.936339 5.00
53.947213 5.00
53.977615 5.00
53.993731 5.00
54.018839 5.00
54.029607 5.00
54.059839 5.00
54.070605 5.00
54.100965 5.00
54.111839 5.00
54.142090 5.00
54.158090 5.00
54.183341 5.00
54.194215 5.00
54.224858 5.00
54.240855 5.00
54.265841 5.00
54.276608 5.00
54.306841 5.00
54.317607 5.00
54.347841 5.00
54.358608 5.00
54.388967 5.00
54.399841 5.00
54.435217 5.00
54.445967 5.00
54.481857 5.00
54.492608 5.00
54.522967 5.00
54.533843 5.00
54.564093 5.00
54.580092 5.00
54.605345 5.00
54.616218 5.00
54.646621 5.00
54.662735 5.00
54.687969 5.00
54.698844 5.00
54.729094 5.00
54.745094 5.00
54.770219 5.00
54.780969 5.00
54.811624 5.00
54.827738 5.00
54.852969 5.00
54.863845 5.00
54.894095 5.00
54.910095 5.00
54.937104 5.00
54.947845 5.00
54.980105 5.00
54.990971 5.00
55.023105 5.00
55.033846 5.00
55.064221 5.00
55.074971 5.00
55.105750 5.00
55.116737 5.00
55.146972 5.00
55.159365 5.00
55.188097 5.00
55.204097 5.00
55.230981 5.00
55.241866 5.00
55.272098 5.00
55.288098 5.00
55.314982 5.00
55.325865 5.00
55.356098 5.00
55.372098 5.00
55.398983 5.00
55.409866 5.00
55.440099 5.00
55.456099 5.00
55.486503 5.00
55.497224 5.00
55.527867 5.00
55.538615 5.00
55.569100 5.00
55.579850 5.00
55.610225 5.00
55.620975 5.00
55.651628 5.00
55.667744 5.00
55.692976 5.00
55.705353 5.00
55.734226 5.00
55.744976 5.00
55.775629 5.00
55.791743 5.00
55.816852 5.00
55.827617 5.00
55.857852 5.00
55.868618 5.00
55.898978 5.00
55.914852 5.00
55.940102 5.00
55.950853 5.00
55.981103 5.00
55.991978 5.00
56.027507 5.00
56.043494 5.00
56.068871 5.00
56.079618 5.00
56.110104 5.00
56.120854 5.00
56.156497 5.00
56.167229 5.00
56.197871 5.00
56.208623 5.00
56.239105 5.00
56.249980 5.00
56.285507 5.00
56.296230 5.00
56.326872 5.00
56.337623 5.00
56.368106 5.00
56.378856 5.00
56.414509 5.00
56.425231 5.00
56.455873 5.00
56.466625 5.00
56.496856 5.00
56.507622 5.00
56.537857 5.00
56.548624 5.00
56.578982 5.00
56.594857 5.00
56.620107 5.00
56.630857 5.00
56.666511 5.00
56.677233 5.00
56.707875 5.00
56.718623 5.00
56.748858 5.00
56.759625 5.00
56.789859 5.00
56.800624 5.00
56.830859 5.00
56.841628 5.00
56.871859 5.00
56.882627 5.00
56.912859 5.00
56.923625 5.00
56.953859 5.00
56.964625 5.35
56.994860 5.00
57.005627 5.00
57.035860 5.00
57.046628 5.35
57.076861 5.00
57.087626 5.00
57.117861 5.00
57.128629 5.00
57.158986 5.00
57.174861 5.35
57.200111 5.00
57.210862 5.00
57.241236 5.35
57.252112 5.00
57.282639 5.00
57.298755 5.00
57.323987 5.00
57.339863 5.00
57.365113 5.00
57.375863 5.00
57.411507 5.00
57.427506 5.00
57.452878 5.00
57.465382 5.00
57.494114 5.00
57.504864 5.00
57.536990 5.00
57.547878 5.00
57.578114 5.00
57.588989 5.00
57.620991 5.00
57.631883 5.00
57.662115 5.00
57.672865 5.00
57.705007 5.00
57.715880 5.00
57.751521 5.00
57.764019 5.00
57.792866 5.00
57.805395 5.00
57.833866 5.00
57.844758 5.00
57.874866 5.00
57.887394 5.00
57.915867 5.00
57.928395 5.00
57.956992 5.00
57.972992 5.00
57.998117 5.00
58.008993 5.00
58.044397 5.00
58.056885 5.00
58.085885 5.00
58.101885 5.00
58.127118 5.00
58.137993 5.00
58.173510 5.00
58.185887 5.00
58.214885 5.00
58.230887 5.00
58.255994 5.00
58.271869 5.00
58.297119 5.00
58.307995 5.00
58.343513 5.00
58.359371 5.00
58.384647 5.00
58.395371 5.00
58.425870 5.00
58.438245 5.00
58.466870 5.00
58.482871 5.00
58.507997 5.00
58.523871 5.00
58.549121 5.00
58.559871 5.00
58.595514 5.00
58.611389 5.00
58.636872 5.00
58.652872 5.00
58.677872 5.00
58.693765 5.00
58.718997 5.00
58.734873 5.00
58.760123 5.00
58.770873 5.00
58.806499 5.00
58.822374 5.00
58.847764 5.00
58.858516 5.00
58.888999 5.00
58.904874 5.00
58.930124 5.00
58.940874 5.00
58.976526 5.00
58.992515 5.00
59.017766 5.00
59.028516 5.00
59.058765 5.00
59.069516 5.00
59.099875 5.00
59.115766 5.00
59.140875 5.00
59.156765 5.00
59.181876 5.00
59.197768 5.00
59.223001 5.00
59.238876 5.00
59.264126 5.00
59.274877 5.00
59.310530 5.00
59.326377 5.00
59.351768 5.00
59.362519 5.00
59.393002 5.00
59.408878 5.00
59.434127 5.00
59.444878 5.00
59.475532 5.00
59.491380 5.00
59.516753 5.00
59.527531 5.00
59.557770 5.00
59.568521 5.00
59.599004 5.00
59.614879 5.00
59.640129 5.00
59.651004 5.00
59.681531 5.00
59.697534 5.00
59.722772 5.00
59.733521 5.00
59.764005 5.00
59.780005 5.00
59.806911 5.00
59.817645 5.00
59.849909 5.00
59.860646 5.00
59.891131 5.00
59.902005 5.00
59.932533 5.00
59.948381 5.00
59.973774 5.00
59.984534 5.00
60.014882 5.00
60.030774 5.00
60.055882 5.00
60.071774 5.00
60.096882 5.00
60.112882 5.00
60.137883 5.00
60.153772 5.00
60.179008 5.00
60.195008 5.00
60.221883 5.00
60.232650 5.00
60.262884 5.00
60.278773 5.00
60.304009 5.00
60.319884 5.00
60.346885 5.00
60.357652 5.00
60.388009 5.00
60.398776 5.00
60.430915 5.00
60.441650 5.00
60.473914 5.00
60.484653 5.00
60.516914 5.00
60.527653 5.00
60.559915 5.00
60.570778 5.00
60.602914 5.00
60.613777 5.00
60.645917 5.00
60.656779 5.00
60.692264 5.00
60.704918 5.00
60.733777 5.00
60.746264 5.00
60.776793 5.00
60.787779 5.00
60.817888 5.00
60.833887 5.00
60.858888 5.00
60.869778 5.00
60.899888 5.00
60.915778 5.00
60.940888 5.00
60.951779 5.00
60.982013 5.00
60.992778 5.00
61.028267 5.00
61.040795 5.00
61.069779 5.35
61.099268 5.35
61.111796 5.00
61.140782 5.00
61.156781 5.00
61.181890 5.00
61.197890 5.00
61.223015 5.00
61.233781 5.00
61.269270 5.00
61.293782 5.00
61.323271 5.00
61.339274 5.00
61.364782 5.00
61.380784 5.00
61.405892 5.00
61.421892 5.00
61.447017 5.00
61.457784 5.00
61.493273 5.00
61.517785 5.00
61.547273 5.00
61.563274 5.00
61.588785 5.00
61.604786 5.00
61.629893 5.00
61.645893 5.00
61.671018 5.00
61.681894 5.00
61.717274 5.00
61.741784 5.00
61.771272 5.00
61.787274 5.00
61.812549 5.00
61.823424 5.00
61.853895 5.00
61.870020 5.00
61.894895 5.00
61.905788 5.00
61.936020 5.00
61.946788 5.00
61.982272 5.00
61.998271 5.00
62.023787 5.00
62.039788 5.00
62.064897 5.00
62.080788 5.00
62.105896 5.00
62.116791 5.00
62.146897 5.00
62.157789 5.00
62.187897 5.00
62.198789 5.00
62.229022 5.00
62.239790 5.00
62.275275 5.00
62.291277 5.00
62.316552 5.00
62.327274 5.00
62.357898 5.00
62.373789 5.00
62.399024 5.00
62.409790 5.00
62.445279 5.00
62.461426 5.00
62.486794 5.00
62.502789 5.00
62.527900 5.00
62.543900 5.00
62.568900 5.00
62.579792 5.00
62.609900 5.00
62.620775 5.00
62.651026 5.00
62.661791 5.00
62.697288 5.00
62.713428 5.00
62.738791 5.00
62.754794 5.00
62.779901 5.00
62.795777 5.00
62.820902 5.00
62.831792 5.00
62.862027 5.00
62.872777 5.00
62.908278 5.00
62.924278 5.00
62.952796 5.00
62.968903 5.00
62.993778 5.00
63.009794 5.00
63.034778 5.00
63.050793 5.00
63.075794 5.00
63.091795 5.00
63.116904 5.00
63.132779 5.00
63.158029 5.00
63.168779 5.00
63.204280 5.00
63.220280 5.00
63.245796 5.00
63.261796 5.00
63.286905 5.00
63.297797 5.00
63.327905 5.00
63.338795 5.00
63.368906 5.00
63.379781 5.00
63.409906 5.00
63.420781 5.00
63.452782 5.00
63.463671 5.00
63.493781 5.00
63.509798 5.00
63.534799 5.00
63.550798 5.00
63.575782 5.00
63.591907 5.00
63.616782 5.00
63.632799 5.00
63.657783 5.00
63.673801 5.00
63.698798 5.00
63.714799 5.00
63.739783 5.00
63.755799 5.00
63.780908 5.00
63.791800 5.00
63.822034 5.00
63.832909 5.00
63.868285 5.00
63.884285 5.00
63.909802 5.00
63.925799 5.00
63.950910 5.35
63.961799 5.00
63.991910 5.00
64.002785 5.00
64.032910 5.00
64.043785 5.00
64.073911 5.00
64.084803 5.00
64.114911 5.00
64.125786 5.00
64.155911 5.00
64.166786 5.00
64.196912 5.00
64.207787 5.00
64.237912 5.35
64.248803 5.00
64.278912 5.00
64.289787 5.35
64.319912 5.00
64.330787 5.35
64.360912 5.00
64.371788 5.00
64.401913 5.00
64.412788 5.00
64.442913 5.35
64.453788 5.00
64.483914 5.00
64.494789 5.00
64.530290 5.00
64.546291 5.00
64.571806 5.00
64.587808 5.35
64.612914 5.00
64.623790 5.00
64.653915 5.35
64.664790 5.35
64.694915 5.35
64.705790 5.00
64.735915 5.00
64.746791 5.00
64.776915 5.00
64.787791 5.00
64.817916 5.00
64.828791 5.00
64.858916 5.00
64.869791 5.00
64.900041 5.00
64.910916 5.00
64.946293 5.00
64.962292 5.00
64.987807 5.35
65.003808 5.00
65.028917 5.00
65.039809 5.00
65.069918 5.00
65.080793 5.00
65.110918 5.35
65.121793 5.00
65.151919 5.00
65.162793 5.00
65.192918 5.00
65.203794 5.00
65.233918 5.00
65.244795 5.00
65.274919 5.00
65.285794 5.00
65.317670 5.00
65.328572 5.00
65.358813 5.00
65.369562 5.00
65.399920 5.00
65.410795 5.00
65.440920 5.00
65.451796 5.00
65.481920 5.00
65.492796 5.00
65.528171 5.00
65.539046 5.00
65.569448 5.00
65.580172 5.00
65.610814 5.00
65.626814 5.00
65.653674 5.00
65.664450 5.00
65.694922 5.00
65.705797 5.00
65.737674 5.00
65.748575 5.00
65.778923 5.00
65.789814 5.00
65.825173 5.00
65.841173 5.00
65.866450 5.00
65.877173 5.00
65.907813 5.00
65.923815 5.00
65.948799 5.00
65.959564 5.00
65.989799 5.00
66.000566 5.00
66.030925 5.00
66.041800 5.00
66.073675 5.00
66.084454 5.00
66.114816 5.00
66.125567 5.00
66.155925 5.00
66.166800 5.00
66.198676 5.00
66.209455 5.00
66.239926 5.00
66.250816 5.00
66.282677 5.00
66.293581 5.00
66.323927 5.00
66.334817 5.00
66.370052 5.00
66.380927 5.00
66.411177 5.00
66.423706 5.00
66.452457 5.00
66.463320 5.00
66.493928 5.00
66.504803 5.00
66.540178 5.00
66.552554 5.00
66.581456 5.00
66.592179 5.00
66.622820 5.00
66.633570 5.00
66.669054 5.00
66.679929 5.00
66.710305 5.00
66.721179 5.00
66.751821 5.00
66.762571 5.00
66.792805 5.00
66.803571 5.00
66.833805 5.00
66.844571 5.00
66.874805 5.00
66.885572 5.00
66.915806 5.00
66.926574 5.00
66.956806 5.00
66.967572 5.00
66.997825 5.00
67.008697 5.00
67.038807 5.00
67.049698 5.00
67.079807 5.00
67.090575 5.00
67.120807 5.35
67.131573 5.00
67.161808 5.00
67.172575 5.00
67.202808 5.00
67.213576 5.35
67.243808 5.00
67.254575 5.35
67.284808 5.00
67.295576 5.00
67.325808 5.00
67.336574 5.00
67.366809 5.00
67.377576 5.00
67.407809 5.00
67.418578 5.00
67.448810 5.00
67.459577 5.00
67.489810 5.00
67.500578 5.00
67.530810 5.00
67.541577 5.00
67.571811 5.00
67.582578 5.00
67.612810 5.00
67.623578 5.00
67.653811 5.00
67.664579 5.00
67.694812 5.00
67.705580 5.00
67.735812 5.00
67.746578 5.00
67.776827 5.00
67.787589 5.00
67.823062 5.00
67.833813 5.00
67.864313 5.00
67.875188 5.00
67.905828 5.00
67.916580 5.00
67.952063 5.00
67.962814 5.00
67.993314 5.00
68.004188 5.00
68.034830 5.00
68.045580 5.00
68.081064 5.00
68.091814 5.00
68.122315 5.00
68.133190 5.00
68.163833 5.00
68.174581 5.00
68.210065 5.00
68.220815 5.00
68.251190 5.00
68.267066 5.00
68.292596 5.00
68.308594 5.00
68.333834 5.00
68.344584 5.00
68.374816 5.00
68.385582 5.00
68.415816 5.00
68.426582 5.00
68.456817 5.00
68.467582 5.00
68.497817 5.00
68.508583 5.00
68.538818 5.00
68.549587 5.00
68.581569 5.00
68.592443 5.00
68.622833 5.00
68.633587 5.00
68.669068 5.00
68.679819 5.00
68.710319 5.00
68.721194 5.00
68.751836 5.00
68.762587 5.00
68.798194 5.00
68.814069 5.00
68.839599 5.35
68.855945 5.00
68.882570 5.00
68.893445 5.00
68.923838 5.00
68.934587 5.00
68.970070 5.00
68.980820 5.00
69.011322 5.00
69.022196 5.00
69.052837 5.00
69.063588 5.00
69.094071 5.00
69.104822 5.00
69.135322 5.00
69.146197 5.00
69.176839 5.00
69.187590 5.00
69.218072 5.00
69.230573 5.00
69.259323 5.00
69.270198 5.00
69.300838 5.00
69.311589 5.00
69.347198 5.00
69.363073 5.00
69.388603 5.00
69.404600 5.00
69.435199 5.00
69.451073 5.00
69.476602 5.00
69.492601 5.00
69.522949 5.00
69.533839 5.00
69.564075 5.00
69.576451 5.00
69.605327 5.00
69.616200 5.00
69.646604 5.00
69.662604 5.00
69.693200 5.00
69.709200 5.00
69.734606 5.00
69.745328 5.00
69.781200 5.00
69.791951 5.00
69.822606 5.00
69.833468 5.00
69.869202 5.00
69.879952 5.00
69.910731 5.00
69.921479 5.00
69.957203 5.00
69.968078 5.00
69.998718 5.00
70.009471 5.00
70.044953 5.00
70.055828 5.00
70.086078 5.00
70.101954 5.00
70.127330 5.00
70.138204 5.00
70.168597 5.00
70.179469 5.00
70.209846 5.00
70.220594 5.00
70.256079 5.00
70.271955 5.00
70.297331 5.00
70.308205 5.00
70.338609 5.00
70.349473 5.00
70.385081 5.00
70.401081 5.00
70.426331 5.00
70.437206 5.00
70.467608 5.00
70.478484 5.00
70.514081 5.00
70.530082 5.00
70.555206 5.00
70.565957 5.00
70.596609 5.00
70.607333 5.00
70.643082 5.00
70.659082 5.00
70.684334 5.00
70.695208 5.00
70.725611 5.00
70.736334 5.00
70.772208 5.00
70.782958 5.00
70.813613 5.00
70.824334 5.00
70.860084 5.00
70.876084 5.00
70.901335 5.00
70.912209 5.00
70.942478 5.00
70.958478 5.00
70.983850 5.00
70.994601 5.00
71.025085 5.00
71.041085 5.00
71.066211 5.00
71.077085 5.00
71.107711 5.00
71.118460 5.00
71.148710 5.00
71.159460 5.00
71.189728 5.00
71.200477 5.00
71.236087 5.00
71.252212 5.00
71.277339 5.00
71.288212 5.00
71.318853 5.00
71.329605 5.00
71.360087 5.00
71.375963 5.00
71.401339 5.00
71.412213 5.00
71.442617 5.00
71.453480 5.00
71.489214 5.00
71.499964 5.00
71.530617 5.00
71.541490 5.00
71.577214 5.00
71.587964 5.00
71.618616 5.00
71.629341 5.00
71.665214 5.00
71.676090 5.00
71.706618 5.00
71.717492 5.00
71.752965 5.00
71.763840 5.00
71.794090 5.00
71.809966 5.00
71.835216 5.00
71.845966 5.00
71.876619 5.00
71.887496 5.00
71.923092 5.00
71.939091 5.00
71.964342 5.00
71.976967 5.00
72.005622 5.00
72.016497 5.00
72.052092 5.00
72.068093 5.00
72.096494 5.00
72.112486 5.00
72.139345 5.00
72.150218 5.00
72.180623 5.00
72.191495 5.00
72.227093 5.00
72.243219 5.00
72.271499 5.00
72.287612 5.00
72.318095 5.00
72.333970 5.00
72.362497 5.00
72.378612 5.00
72.409095 5.00
72.425220 5.00
72.453497 5.00
72.469489 5.00
72.500096 5.00
72.516096 5.00
72.544498 5.00
72.555221 5.00
72.591097 5.00
72.601971 5.00
72.632348 5.00
72.648500 5.00
72.673626 5.00
72.684499 5.00
72.714847 5.00
72.725615 5.00
72.755973 5.00
72.772097 5.00
72.797098 5.00
72.807848 5.00
72.838349 5.00
72.854503 5.00
72.885099 5.00
72.895848 5.00
72.926350 5.00
72.942503 5.00
72.967742 5.00
72.978491 5.00
73.008975 5.00
73.025099 5.00
73.050100 5.00
73.060850 5.00
73.091369 5.00
73.107505 5.00
73.132629 5.00
73.143491 5.00
73.173976 5.00
73.190100 5.00
73.215100 5.00
73.225975 5.00
73.256353 5.00
73.272505 5.00
73.297629 5.00
73.308353 5.00
73.338977 5.00
73.355102 5.00
73.380231 5.00
73.391230 5.00
73.421227 5.00
73.431976 5.00
73.462226 5.00
73.472976 5.00
73.503226 5.00
73.513976 5.00
73.544227 5.00
73.554977 5.00
73.585227 5.00
73.595977 5.00
73.626228 5.00
73.636979 5.00
73.667634 5.00
73.678508 5.00
73.708854 5.00
73.719620 5.00
73.749979 5.00
73.766104 5.00
73.791104 5.00
73.801980 5.00
73.832357 5.00
73.848509 5.00
73.879105 5.00
73.889981 5.00
73.920357 5.00
73.936510 5.00
73.961636 5.00
73.972510 5.00
74.002981 5.00
74.019107 5.00
74.044106 5.00
74.054982 5.00
74.085358 5.00
74.101511 5.00
74.126636 5.00
74.137511 5.00
74.167983 5.00
74.183983 5.00
74.209108 5.00
74.219983 5.00
74.250359 5.00
74.266512 5.00
74.293363 5.00
74.304234 5.00
74.334638 5.00
74.345513 5.00
74.375984 5.00
74.391984 5.00
74.417109 5.00
74.427984 5.00
74.458361 5.00
74.474513 5.00
74.505110 5.00
74.515860 5.00
74.546362 5.00
74.562513 5.00
74.593111 5.00
74.603986 5.00
74.634362 5.00
74.650362 5.00
74.681111 5.00
74.691987 5.00
74.722363 5.00
74.738363 5.00
74.769112 5.00
74.779987 5.00
74.810363 5.00
74.826517 5.00
74.853367 5.00
74.864238 5.00
74.896368 5.00
74.907238 5.00
74.939367 5.00
74.950238 5.00
74.982243 5.00
74.993253 4.68
75.029123 4.34
75.040122 4.34
75.072273 4.34
75.083120 4.34
75.119118 4.34
75.129993 4.34
75.165992 4.34
75.176882 4.34
75.207116 4.34
75.217990 4.34
75.248397 4.34
75.264519 4.34
75.295116 4.34
75.305990 4.34
75.336385 4.34
75.352651 4.34
75.378000 4.34
75.388999 4.34
75.419534 4.34
75.435639 4.34
75.460995 4.34
75.471761 4.34
75.502525 4.34
75.513370 4.34
75.544017 4.34
