0.000000 0.000000
0.042005 4.68
0.058232 4.68
0.083703 4.68
0.094714 3.01
0.130841 2.66
0.147268 2.66
0.177828 2.66
0.194254 2.66
0.224697 2.66
0.235697 2.66
0.271569 2.66
0.282460 2.66
0.313099 2.66
0.323818 2.66
0.354455 2.66
0.370566 2.66
0.395691 2.66
0.406566 2.66
0.436968 2.66
0.447816 2.66
0.483567 2.66
0.494458 2.66
0.524692 2.66
0.535441 2.66
0.565969 2.66
0.576817 2.66
0.612567 2.66
0.623455 2.66
0.653692 2.66
0.664443 2.66
0.694817 2.66
0.710970 2.66
0.736092 2.66
0.746818 2.66
0.777709 2.66
0.788719 2.66
0.824593 2.66
0.835588 2.66
0.866364 2.66
0.882596 2.66
0.907828 2.66
0.924143 2.66
0.949477 2.66
0.965835 3.67
0.991130 4.34
1.002121 4.34
1.032702 4.34
1.043701 4.34
1.079575 4.34
1.090467 4.34
1.120980 4.34
1.131824 4.34
1.162460 4.34
1.178572 4.34
1.203822 4.34
1.219975 4.34
1.253572 4.34
1.264462 4.34
1.294697 4.34
1.305448 4.34
1.335974 4.34
1.346823 4.34
1.377464 4.34
1.393587 4.34
1.418836 4.34
1.435140 4.34
1.460491 4.34
1.476725 4.34
1.502087 4.34
1.512833 4.34
1.543711 4.34
1.556460 4.34
1.590583 4.68
1.601582 4.34
1.632365 4.68
1.648587 4.68
1.674021 4.68
1.691903 4.34
1.715585 4.68
1.726584 4.34
1.757098 4.68
1.767957 4.68
1.798580 4.68
1.809473 4.68
1.839578 5.00
1.850346 5.00
1.880588 5.35
1.891336 5.35
1.921707 5.35
1.934208 5.35
1.962706 5.35
1.975205 5.35
2.003704 5.35
2.014454 5.35
2.044704 5.35
2.055453 5.35
2.085703 5.35
2.098203 5.35
2.126703 5.35
2.139203 5.35
2.167703 5.35
2.178465 5.35
2.208836 5.35
2.224710 5.35
2.249833 5.35
2.265708 5.35
2.290832 5.35
2.306707 5.35
2.331831 5.35
2.347706 5.35
2.372831 5.35
2.388706 5.35
2.413830 5.35
2.429705 5.35
2.454830 5.35
2.470716 5.35
2.495966 5.35
2.506712 5.35
2.536962 5.35
2.547711 5.35
2.577961 5.35
2.588709 5.35
2.618959 5.35
2.629708 5.35
2.659959 5.35
2.670707 5.35
2.700958 5.35
2.711707 5.35
2.741958 5.35
2.752707 5.35
2.782962 5.35
2.793711 5.35
2.823961 5.35
2.834710 5.35
2.864961 5.35
2.875709 5.35
2.905960 5.35
2.916709 5.35
2.946960 5.35
2.957709 5.35
2.987960 5.35
2.998709 5.35
3.028960 5.35
3.039709 5.35
3.069972 5.35
3.080719 5.35
3.110970 5.35
3.121716 5.35
3.151966 5.35
3.162714 5.35
3.192964 5.35
3.203713 5.35
3.233963 5.35
3.244712 5.35
3.274963 5.35
3.285712 5.35
3.315962 5.35
3.326712 5.35
3.356963 5.35
3.367712 5.35
3.397963 5.35
3.408712 5.35
3.438963 5.35
3.449713 5.35
3.479964 5.35
3.490713 5.35
3.520964 5.35
3.531713 5.35
3.561964 5.35
3.572714 5.35
3.602965 5.35
3.613713 5.35
3.643979 5.35
3.654724 5.35
3.690221 5.35
3.700971 5.35
3.731219 5.35
3.741969 5.35
3.772218 5.35
3.782968 5.35
3.813217 5.35
3.823967 5.35
3.854216 5.35
3.864967 5.35
3.895216 5.35
3.905967 5.35
3.936216 5.35
3.946968 5.35
3.977229 5.69
3.987979 5.35
4.018350 5.35
4.034224 5.35
4.061847 5.35
4.072597 5.35
4.102846 5.35
4.113595 5.35
4.143844 5.35
4.154595 5.35
4.184844 5.35
4.195594 5.35
4.225845 5.69
4.236720 5.35
4.272595 5.35
4.283485 5.35
4.314159 5.35
4.325142 5.35
4.355725 5.35
4.371858 5.35
4.402600 5.35
4.413497 5.35
4.449368 7.69
4.465600 8.03
4.490850 8.03
4.506849 8.03
4.537598 8.35
4.548491 8.35
4.578848 8.35
4.589723 8.35
4.625491 8.35
4.636239 8.35
4.666598 8.03
4.679131 8.35
4.707723 8.03
4.723723 8.35
4.750733 8.35
4.761599 8.35
4.791975 8.35
4.802849 8.35
4.833253 8.35
4.843976 8.03
4.874475 8.35
4.885241 8.35
4.915600 8.35
4.926365 8.35
4.956850 8.35
4.967600 8.35
4.998252 8.35
5.010735 8.35
5.039601 8.35
5.050493 8.03
5.080726 8.03
5.096726 8.35
5.123750 8.03
5.134602 8.03
5.165257 8.35
5.181370 8.35
5.206477 8.35
5.217242 8.35
5.247602 8.35
5.259978 8.35
5.288728 8.35
5.299603 8.35
5.331612 8.35
5.342493 8.35
5.372728 8.35
5.388728 8.35
5.413854 8.35
5.424604 8.35
5.455371 8.35
5.471369 8.35
5.496479 8.35
5.507246 8.35
5.537479 8.35
5.548372 8.35
5.578605 8.35
5.594605 8.35
5.619730 8.35
5.640855 8.35
5.651605 8.35
5.682268 8.35
5.694615 8.35
5.723606 8.35
5.739481 8.35
5.764731 8.35
5.775481 8.35
5.811122 8.35
5.821857 6.36
5.852498 8.03
5.863249 8.35
5.893732 8.35
5.904482 8.35
5.940136 8.35
5.950857 8.35
5.981498 8.35
5.992249 8.35
6.022734 8.35
6.033483 8.35
6.069124 8.35
6.079858 8.35
6.110501 8.35
6.121251 8.35
6.151734 8.35
6.162484 8.35
6.198126 8.35
6.208860 8.35
6.239500 8.35
6.250252 8.35
6.280735 8.35
6.291485 8.35
6.327140 8.35
6.337860 8.35
6.368502 8.35
6.379253 8.35
6.409611 8.35
6.425486 8.35
6.450736 8.35
6.461611 8.35
6.497127 8.35
6.513129 8.35
6.538487 6.68
6.549253 8.35
6.579613 8.35
6.595613 8.35
6.620737 8.35
6.631613 8.35
6.667129 8.35
6.677863 8.35
6.708382 8.35
6.719131 8.35
6.749489 8.35
6.760255 8.35
6.790614 8.35
6.806489 8.35
6.831739 8.35
6.842489 8.35
6.878132 8.35
6.894132 8.35
6.919381 8.35
6.930132 8.35
6.960615 8.35
6.976615 8.35
7.001740 8.35
7.012616 8.35
7.048145 8.35
7.058866 8.35
7.089384 8.35
7.100131 8.35
7.130383 8.35
7.141135 8.35
7.171617 8.35
7.187617 8.35
7.212743 8.35
7.223492 7.02
7.259383 8.03
7.270136 8.35
7.300493 8.35
7.311258 8.35
7.341493 8.35
7.352259 8.35
7.382619 8.35
7.398494 8.35
7.423744 8.35
7.434619 8.35
7.470384 8.35
7.481136 8.35
7.511620 8.35
7.527620 8.35
7.552745 8.03
7.563620 8.35
7.594149 8.35
7.610147 8.35
7.635386 8.35
7.646147 8.35
7.676388 8.35
7.687150 8.35
7.717621 8.35
7.733621 8.35
7.758746 8.35
7.769621 8.35
7.805150 8.35
7.821151 8.35
7.846390 8.35
7.857152 8.35
7.887623 8.35
7.903498 8.35
7.928748 8.35
7.939623 8.03
7.970153 8.35
7.982500 8.35
8.011623 8.35
8.027623 8.35
8.052748 8.35
8.063499 8.35
8.094154 8.35
8.110153 8.35
8.135499 8.35
8.147880 8.35
8.176625 8.35
8.192499 8.35
8.217750 8.35
8.228500 8.35
8.264155 8.35
8.280155 8.35
8.305501 8.35
8.317878 8.35
8.346626 8.35
8.362626 8.35
8.387751 8.35
8.398502 8.35
8.429155 8.35
8.445030 8.35
8.470502 8.35
8.482880 8.35
8.511502 8.35
8.527627 8.35
8.552502 8.35
8.564881 8.35
8.593503 8.35
8.609393 8.35
8.634628 7.37
8.650504 8.03
8.675753 8.35
8.686628 8.35
8.717156 8.35
8.733156 8.35
8.758504 8.35
8.770883 8.35
8.799630 8.35
8.815629 8.35
8.840755 8.35
8.851505 8.35
8.882157 8.35
8.898159 8.35
8.923505 8.35
8.939505 8.35
8.964631 8.35
8.980506 8.35
9.005755 8.35
9.016506 8.35
9.047159 8.35
9.063162 8.35
9.088398 8.35
9.099160 8.35
9.129632 8.35
9.145507 8.35
9.170757 8.35
9.181632 8.35
9.212159 8.35
9.228036 8.35
9.253508 8.35
9.269508 8.35
9.294508 8.35
9.310400 8.35
9.335508 7.69
9.351398 8.03
9.376509 8.35
9.392400 8.35
9.417634 8.35
9.433509 8.35
9.458759 8.35
9.469510 8.35
9.505162 8.35
9.521038 8.35
9.546510 8.35
9.562510 8.35
9.587635 8.35
9.603511 8.35
9.628761 8.35
9.639635 8.35
9.670164 8.35
9.686041 8.35
9.711512 8.35
9.727511 8.35
9.752511 8.35
9.768401 8.35
9.793512 8.35
9.809512 8.35
9.834512 8.35
9.850403 8.35
9.875637 8.35
9.891637 8.35
9.916763 8.35
9.927638 8.35
9.963165 8.35
9.979042 8.35
10.004513 8.35
10.020404 8.35
10.045514 12.32
10.061406 8.35
10.086514 8.35
10.102514 8.35
10.127639 8.35
10.143639 8.35
10.170516 8.35
10.181406 8.35
10.211640 8.35
10.227640 8.35
10.254516 8.35
10.265407 8.35
10.295516 8.35
10.311516 8.35
10.336641 8.35
10.352641 8.35
10.379516 8.35
10.390408 8.35
10.420517 8.35
10.436517 8.35
10.461642 8.35
10.472517 8.35
10.504518 8.35
10.515410 8.35
10.545517 8.35
10.561393 8.35
10.586643 8.35
10.597409 8.35
10.633047 8.35
10.649048 8.35
10.674408 8.35
10.686896 8.35
10.715519 8.35
10.731394 2.04
10.756644 8.03
10.767394 8.35
10.799396 8.35
10.810162 8.35
10.840395 8.35
10.852770 8.35
10.881395 8.35
10.893770 8.35
10.922396 8.35
10.934770 8.35
10.963396 8.35
10.975770 8.35
11.004396 8.35
11.016771 8.35
11.045396 8.35
11.057771 8.35
11.086397 8.35
11.098772 8.35
11.127522 8.35
11.143397 8.35
11.168647 8.35
11.179523 8.35
11.215051 8.35
11.231051 8.35
11.256523 8.35
11.272523 8.35
11.297523 8.35
11.308399 8.35
11.338523 8.35
11.349399 8.35
11.379524 8.35
11.390399 8.35
11.420649 8.35
11.431399 7.69
11.467052 8.03
11.482936 8.35
11.508415 8.35
11.524415 8.35
11.549400 8.35
11.565525 8.35
11.590525 8.35
11.606525 8.35
11.631525 8.35
11.642401 8.35
11.672526 8.35
11.683418 8.35
11.713526 8.35
11.724401 8.35
11.754527 8.35
11.765402 8.35
11.795652 8.35
11.806402 8.35
11.841904 8.35
11.857904 8.35
11.883418 8.35
11.899418 8.35
11.924528 8.35
11.935419 8.35
11.965528 8.35
11.976403 8.35
12.006529 8.35
12.017404 8.35
12.047654 8.35
12.058529 8.35
12.093906 8.35
12.109933 8.35
12.135420 2.04
12.151421 7.37
12.176530 8.35
12.187420 8.35
12.217530 8.35
12.228405 8.35
12.258530 8.35
12.269406 8.35
12.299531 8.35
12.310406 8.35
12.340531 8.35
12.351296 8.35
12.381656 8.35
12.392406 8.35
12.427911 8.35
12.444061 8.35
12.469423 8.35
12.485425 8.35
12.510408 8.35
12.526424 8.35
12.551408 8.35
12.567426 8.35
12.592408 8.35
12.608533 8.35
12.633533 8.35
12.649409 8.35
12.674533 8.35
12.685409 8.35
12.715534 8.35
12.726409 8.35
12.756534 8.35
12.767410 8.35
12.797534 8.35
12.808410 8.35
12.838535 8.35
12.849410 7.69
12.879535 8.35
12.890410 8.35
12.920535 8.35
12.931410 8.35
12.961536 8.35
12.972411 8.35
13.002536 8.35
13.013411 8.35
13.043536 8.35
13.054412 8.35
13.084536 8.35
13.095412 8.35
13.127413 8.35
13.138191 8.35
13.168412 8.35
13.184429 8.35
13.209412 8.35
13.225430 8.35
13.250537 8.35
13.261413 8.35
13.291538 8.35
13.302413 8.35
13.332538 8.35
13.343414 8.35
13.373663 8.35
13.384414 8.35
13.419915 8.35
13.435918 8.35
13.461432 8.35
13.477430 8.35
13.502540 8.35
13.513415 8.35
13.543665 8.35
13.554415 8.03
13.589920 8.35
13.600916 8.35
13.631433 8.35
13.647432 8.35
13.672434 8.35
13.688434 8.35
13.713416 8.35
13.729434 8.35
13.754417 8.35
13.770542 8.35
13.795542 8.35
13.806417 8.35
13.841792 8.35
13.852543 8.35
13.883070 8.35
13.893792 8.35
13.924434 8.35
13.940434 8.35
13.965543 8.35
13.976418 8.35
14.011793 8.35
14.022544 8.35
14.053074 8.35
14.063920 8.35
14.094437 8.35
14.110437 8.35
14.135420 8.35
14.146186 8.35
14.176420 8.35
14.187187 8.35
14.217420 8.35
14.228186 8.35
14.258421 7.02
14.269188 8.35
14.299421 8.35
14.310189 8.35
14.340421 8.35
14.351187 8.35
14.381421 8.35
14.392187 8.35
14.422422 8.35
14.433190 8.35
14.463422 8.35
14.474192 8.35
14.504423 8.35
14.515297 8.35
14.545439 8.35
14.556190 8.35
14.586548 8.35
14.597423 8.35
14.627548 8.35
14.638424 8.35
14.668549 8.35
14.679423 8.35
14.709549 8.35
14.720424 8.35
14.750549 8.35
14.761424 8.35
14.791549 8.35
14.802425 8.35
14.832550 8.35
14.843425 8.35
14.873550 8.35
14.884425 8.35
14.914551 8.35
14.925426 8.35
14.955551 6.36
14.966426 8.35
14.996551 8.35
15.007426 8.35
15.037551 8.35
15.048426 8.35
15.078551 8.03
15.089427 8.35
15.119552 8.35
15.130427 8.35
15.160552 8.35
15.171427 8.35
15.201553 8.35
15.212428 8.35
15.242553 8.35
15.253428 8.35
15.283553 8.35
15.294429 8.35
15.324553 8.35
15.335429 8.35
15.365553 8.35
15.376429 8.35
15.406554 8.35
15.417429 8.35
15.447554 8.35
15.458430 8.35
15.488555 8.35
15.499430 8.35
15.529555 8.35
15.540430 8.35
15.570555 8.35
15.581430 8.35
15.613307 8.35
15.624056 8.35
15.654450 7.02
15.670446 8.03
15.695431 8.35
15.706197 8.35
15.736432 8.35
15.747200 8.35
15.777432 8.35
15.788198 8.35
15.818433 8.35
15.829198 8.35
15.859433 8.35
15.870198 8.35
15.900433 8.35
15.911200 8.35
15.941433 8.35
15.952199 8.35
15.982433 8.35
15.993199 8.35
16.023434 8.35
16.034201 8.35
16.064434 8.35
16.075201 8.35
16.105559 8.35
16.116435 8.35
16.151810 8.35
16.164310 8.35
16.193215 8.35
16.209452 8.35
16.234435 8.35
16.245203 8.35
16.275561 8.35
16.286436 8.35
16.321811 8.35
16.334312 8.35
16.363061 6.68
16.373811 8.35
16.404454 8.35
16.415202 8.35
16.450812 8.35
16.466687 8.35
16.492216 8.35
16.504563 8.35
16.533438 8.35
16.544329 8.35
16.579813 8.35
16.595813 8.35
16.621332 8.35
16.637455 8.35
16.662454 8.35
16.673330 8.35
16.708813 8.03
16.721190 8.35
16.750329 8.35
16.766205 8.35
16.791455 8.35
16.802205 8.35
16.832565 8.35
16.843440 8.35
16.878815 8.35
16.894690 8.35
16.920218 8.35
16.936082 8.35
16.961441 8.35
16.972208 8.35
17.002441 8.35
17.013207 8.35
17.043567 8.35
17.054442 6.68
17.089817 8.35
17.105692 8.35
17.131221 8.35
17.147458 8.35
17.172568 8.35
17.183443 8.35
17.218818 8.35
17.234692 8.35
17.260223 8.35
17.276209 8.35
17.301444 8.35
17.312209 8.35
17.342444 8.35
17.353211 8.35
17.383444 8.35
17.394209 8.35
17.424444 8.35
17.435337 8.35
17.465570 8.35
17.476445 8.35
17.511820 8.35
17.527947 8.35
17.553225 8.35
17.569464 8.35
17.594571 8.35
17.605461 8.35
17.640821 8.35
17.656696 8.35
17.682225 8.35
17.698464 8.35
17.723571 8.35
17.734447 8.35
17.769822 12.32
17.785697 8.35
17.811227 8.35
17.827463 8.35
17.852448 8.35
17.863213 8.35
17.898823 8.35
17.914823 8.35
17.940226 8.35
17.956228 8.35
17.981449 8.35
17.992216 8.35
18.022449 8.35
18.033340 8.35
18.063575 8.35
18.074449 8.35
18.109825 8.35
18.125825 8.35
18.151228 8.35
18.167104 8.35
18.194201 8.35
18.205105 8.35
18.235469 8.35
18.246219 8.35
18.281826 8.35
18.297826 8.35
18.323105 8.35
18.333826 8.35
18.364468 8.35
18.375217 8.35
18.410827 8.35
18.426702 8.35
18.452344 8.35
18.468219 7.69
18.493467 8.35
18.504220 8.35
18.539828 8.35
18.555703 8.35
18.581233 8.35
18.597468 8.35
18.624205 8.35
18.635096 8.35
18.665469 8.35
18.676221 8.35
18.711829 8.35
18.727829 8.35
18.753109 8.35
18.765704 8.35
18.796206 8.35
18.807110 8.35
18.837470 8.35
18.848223 8.35
18.883830 8.35
18.899705 8.35
18.925233 8.35
18.941235 8.35
18.971831 8.35
18.987706 8.35
19.013236 8.35
19.029099 8.35
19.056208 8.35
19.067111 8.35
19.097475 8.35
19.108349 8.35
19.138707 8.35
19.151208 7.69
19.179833 8.03
19.195833 8.35
19.221238 8.35
19.237100 8.35
19.264209 8.35
19.275100 8.35
19.305475 8.35
19.316224 8.35
19.346709 8.35
19.362709 8.35
19.391115 8.35
19.407226 8.35
19.432475 8.35
19.443228 8.35
19.473710 8.35
19.489585 8.35
19.514987 8.35
19.525710 8.35
19.556475 8.35
19.567350 8.35
19.602586 8.35
19.613461 8.35
19.643711 8.35
19.656114 8.35
19.684992 8.35
19.695837 8.35
19.726477 8.35
19.737353 8.35
19.767712 8.35
19.783587 8.35
19.808982 8.35
19.819838 8.35
19.850355 8.35
19.861105 6.68
19.891481 8.35
19.902231 8.35
19.937713 8.35
19.953713 8.35
19.978964 8.35
19.989839 8.35
20.020482 8.35
20.031232 8.35
20.061714 8.35
20.077589 8.35
20.102965 8.35
20.113839 8.35
20.144246 8.35
20.155119 8.35
20.190841 8.35
20.201590 8.35
20.232244 8.35
20.242966 8.35
20.278716 8.35
20.294841 8.35
20.319967 8.35
20.330841 8.35
20.361120 8.35
20.377360 8.35
20.402484 8.35
20.413233 8.35
20.448717 8.35
20.464842 8.35
20.489968 8.35
20.500842 8.35
20.531484 8.35
20.542235 8.35
20.572718 6.36
20.588718 8.35
20.613970 8.35
20.624843 8.35
20.655123 8.35
20.671236 8.35
20.696485 8.35
20.707236 8.35
20.742844 8.35
20.753594 8.35
20.784249 8.35
20.795125 8.35
20.830845 8.35
20.841595 8.35
20.872249 8.35
20.883125 8.35
20.918846 8.35
20.929596 8.35
20.960250 8.35
20.971126 8.35
21.006596 8.35
21.017472 8.35
21.047722 8.35
21.063597 8.35
21.092126 8.35
21.108365 8.03
21.138722 8.35
21.154847 8.35
21.183127 8.35
21.199252 8.35
21.224253 8.35
21.235126 8.35
21.270849 7.69
21.281598 8.35
21.312126 8.35
21.328116 8.35
21.355124 8.35
21.366002 8.35
21.401724 8.35
21.417849 8.35
21.443005 8.35
21.455600 8.35
21.484491 8.35
21.495241 8.35
21.525726 8.35
21.541850 8.35
21.566851 8.35
21.577726 8.35
21.608129 8.35
21.624004 8.35
21.654851 8.35
21.665852 8.35
21.696368 8.35
21.707117 8.35
21.742602 8.35
21.755132 8.35
21.783727 8.35
21.799727 8.35
21.825009 8.35
21.837603 8.35
21.871728 8.35
21.887728 8.35
21.913006 8.35
21.925479 8.35
21.956105 8.35
21.966997 6.68
21.999105 8.35
22.009980 8.35
22.042105 8.35
22.052980 8.35
22.085105 8.35
22.095981 8.35
22.127981 8.35
22.138855 8.35
22.170981 8.35
22.181855 8.35
22.212133 8.35
22.228135 8.35
22.254982 8.35
22.265856 8.35
22.296259 8.35
22.306982 8.35
22.342731 8.35
22.358732 8.35
22.387137 8.35
22.403137 8.35
22.433732 8.35
22.449733 8.35
22.478138 8.35
22.494373 8.35
22.524733 8.35
22.540857 8.35
22.569139 8.35
22.579985 8.35
22.615734 8.35
22.626484 8.35
22.657014 8.35
22.673138 6.36
22.703734 8.35
22.714609 8.35
22.744986 8.35
22.761138 8.35
22.786264 8.35
22.797139 8.35
22.827610 8.35
22.843735 8.35
22.868735 8.35
22.879611 8.35
22.909986 8.35
22.926138 8.35
22.951265 8.35
22.962141 8.35
22.992486 8.35
23.003252 8.35
23.033611 8.35
23.049612 8.35
23.074737 8.35
23.085487 8.35
23.115987 8.35
23.131988 8.35
23.157143 8.35
23.167988 8.35
23.203613 8.35
23.219613 8.35
23.244739 8.35
23.255488 8.35
23.285989 8.35
23.301989 8.35
23.332614 8.35
23.348504 8.35
23.373739 7.02
23.384489 8.03
23.414864 8.35
23.425615 8.35
23.456268 8.35
23.466990 8.35
23.497615 8.35
23.513615 8.35
23.538740 8.35
23.549616 8.35
23.579991 8.35
23.595991 8.35
23.621259 8.35
23.632133 8.35
23.662617 8.35
23.678617 8.35
23.703742 8.35
23.714492 8.35
23.744992 8.35
23.760993 8.35
23.786259 8.35
23.796993 8.35
23.827618 8.35
23.843618 8.35
23.868743 8.35
23.879493 8.35
23.909994 8.35
23.925994 8.35
23.951261 8.03
23.961994 8.35
23.992619 8.03
24.008619 8.35
24.033745 8.35
24.044495 8.35
24.075149 7.37
24.085995 8.03
24.121620 8.35
24.137620 8.35
24.162745 8.35
24.173621 8.35
24.204150 8.03
24.214996 8.35
24.250621 8.35
24.266621 8.03
24.291746 8.03
24.302497 8.35
24.332997 8.03
24.348997 8.35
24.376027 8.35
24.386879 8.35
24.422623 8.03
24.438622 8.35
24.463747 8.35
24.474622 8.35
24.505152 8.03
24.515879 8.35
24.546623 8.35
24.562624 8.35
24.587748 8.35
24.598624 8.35
24.629153 8.35
24.640029 8.35
24.675749 8.35
24.686624 8.35
24.716883 8.35
24.729499 8.35
24.760005 8.35
24.770882 6.36
24.803020 8.03
24.813878 8.35
24.849750 8.35
24.860501 8.35
24.891155 8.35
24.902030 8.35
24.937751 8.35
24.948501 8.35
24.979031 8.35
24.995157 8.35
25.025752 8.35
25.036627 8.35
25.067156 8.35
25.078032 8.35
25.113627 8.35
25.129752 8.35
25.154752 8.03
25.165503 8.35
25.196033 8.03
25.212030 8.35
25.242754 8.35
25.253629 8.35
25.284158 8.35
25.295032 8.35
25.330754 8.35
25.341504 8.35
25.372034 8.35
25.388035 8.35
25.413159 8.35
25.424035 8.35
25.454505 8.35
25.466954 7.69
25.496188 4.68
25.507159 4.34
25.537763 4.68
25.548761 4.34
25.584635 4.68
25.595509 4.68
25.626167 4.34
25.637042 4.68
25.667508 4.34
25.683633 4.68
25.708508 4.34
25.724632 4.34
25.749632 4.68
25.760508 4.34
25.790758 4.68
25.801632 4.68
25.832161 4.34
25.842886 4.34
25.873508 4.34
25.889633 4.68
25.914509 4.34
25.930634 4.34
25.955903 4.68
25.972162 4.34
26.002764 4.68
26.013639 4.68
26.049637 4.68
26.060513 4.68
26.091045 4.68
26.101888 4.34
26.132511 4.68
26.148636 4.68
26.173511 4.68
26.189636 4.68
26.214636 4.34
26.225403 4.68
26.255761 4.68
26.266512 4.34
26.296886 4.34
26.312886 4.68
26.343637 4.34
26.354512 4.68
26.384762 4.68
26.395512 4.68
26.426165 4.34
26.437042 4.68
26.467513 4.34
26.483638 4.68
26.508513 4.34
26.524654 4.34
