0.000000 0.000000
0.043500 4.34
0.054490 4.34
0.090345 4.34
0.101343 2.66
0.137271 2.66
0.148345 2.66
0.178844 2.66
0.189703 2.66
0.220466 2.66
0.236700 2.34
0.267359 2.66
0.278231 2.34
0.308697 2.34
0.319587 2.34
0.355076 2.66
0.371073 2.34
0.396582 2.34
0.412584 2.66
0.437695 2.34
0.448583 2.66
0.478695 2.66
0.489586 2.66
0.519820 2.66
0.530584 2.66
0.566074 2.66
0.582076 2.34
0.607587 2.34
0.623585 2.34
0.648696 2.66
0.659586 2.34
0.689697 2.34
0.700588 2.34
0.730697 2.34
0.741585 2.34
0.772389 2.34
0.784961 2.34
0.819251 2.34
0.830248 2.34
0.860838 2.34
0.871850 2.34
0.902498 2.34
0.918708 2.34
0.944107 2.34
0.955108 2.34
0.985713 4.02
0.996711 4.02
1.027369 4.02
1.038369 4.02
1.074237 4.02
1.085097 4.34
1.115703 4.02
1.126591 4.02
1.157082 4.02
1.173082 4.34
1.198590 4.02
1.214592 4.02
1.239700 4.34
1.250591 4.02
1.280700 4.34
1.291592 4.02
1.321701 4.02
1.332590 4.34
1.362716 4.02
1.373465 4.02
1.409081 4.34
1.425407 4.34
1.450612 4.34
1.461620 4.34
1.492247 4.34
1.503266 4.34
1.539093 4.34
1.550091 4.34
1.580710 4.34
1.591710 4.34
1.622242 4.34
1.633285 4.34
1.665514 4.34
1.676483 4.34
1.707088 4.34
1.718087 4.34
1.748709 4.34
1.759600 4.34
1.790237 4.34
1.801082 4.34
1.831597 4.34
1.847600 4.34
1.872597 4.34
1.883357 4.34
1.915486 4.34
1.926233 4.34
1.958486 4.34
1.969360 4.34
2.001485 4.34
2.012233 4.34
2.044485 4.34
2.055235 4.34
2.087474 4.34
2.098235 4.34
2.130475 4.34
2.141359 4.34
2.173459 4.34
2.184237 4.34
2.214708 4.34
2.225601 4.34
2.257487 4.34
2.268237 4.34
2.300490 4.34
2.311362 4.34
2.347090 4.34
2.357959 4.34
2.388601 4.34
2.399352 4.34
2.431490 4.34
2.442238 4.34
2.474490 4.34
2.485240 4.34
2.520960 4.34
2.536960 4.34
2.562364 4.34
2.574836 4.34
2.603710 4.34
2.614600 4.34
2.649961 4.34
2.665961 4.34
2.691241 4.34
2.701962 4.34
2.732601 4.34
2.743354 4.34
2.778962 4.34
2.794962 4.34
2.823367 4.34
2.839602 4.34
2.864604 4.34
2.875355 4.34
2.910838 4.34
2.921588 4.34
2.951963 4.34
2.964339 4.34
2.993367 4.34
3.009366 4.34
3.034713 4.34
3.045603 4.34
3.080839 4.34
3.091589 4.34
3.121964 4.34
3.137964 4.34
3.166368 4.34
3.182607 4.34
3.207715 4.34
3.218608 4.34
3.253841 4.34
3.264590 4.34
3.294966 4.34
3.310841 4.34
3.336244 4.34
3.347091 4.34
3.377717 4.34
3.388608 4.34
3.423842 4.34
3.434717 4.34
3.465126 4.34
3.475967 4.34
3.506610 4.34
3.517484 4.34
3.547717 4.34
3.558611 4.34
3.593967 4.34
3.610094 4.34
3.635248 4.34
3.646094 4.34
3.676718 4.34
3.687609 4.34
3.722843 4.34
3.733719 4.34
3.763969 4.34
3.779844 4.34
3.805249 4.34
3.815969 4.34
3.846611 4.34
3.857362 4.34
3.892970 4.34
3.908970 4.34
3.934486 4.34
3.950721 4.34
3.975721 4.34
3.986611 4.34
4.021971 4.34
4.037971 4.34
4.063250 4.34
4.073971 4.34
4.104612 4.34
4.115363 4.34
4.151098 4.34
4.161972 4.34
4.192616 4.34
4.203365 4.34
4.233597 4.34
4.244365 4.34
4.276348 4.34
4.287098 4.34
4.317723 4.34
4.328616 4.34
4.363973 4.34
4.379973 4.34
4.405253 4.34
4.416100 4.34
4.448350 4.34
4.459251 4.34
4.489620 4.34
4.500369 4.34
4.536100 4.34
4.546975 4.34
4.577617 4.34
4.588367 4.34
4.620351 4.34
4.631101 4.34
4.663351 4.34
4.674101 4.34
4.706352 4.34
4.717101 4.34
4.749352 4.02
4.760101 4.34
4.792352 4.34
4.803102 4.34
4.835352 4.34
4.846103 4.34
4.876619 4.34
4.887368 4.34
4.923103 4.34
4.933978 4.34
4.964617 4.34
4.975370 4.34
5.010853 4.34
5.023353 4.34
5.051978 4.34
5.067853 4.34
5.093258 4.34
5.105728 4.02
5.134621 4.34
5.145371 4.34
5.180979 4.34
5.196979 4.34
5.222259 4.34
5.234854 4.34
5.268980 4.34
5.284980 4.34
5.310259 4.34
5.322730 4.34
5.356981 4.34
5.372981 4.34
5.398260 4.34
5.414260 4.34
5.444856 4.34
5.457263 4.34
5.486122 4.34
5.496981 4.34
5.527386 4.34
5.543623 4.34
5.573982 4.34
5.589982 4.34
5.615259 4.34
5.631259 4.34
5.661983 4.34
5.677983 4.34
5.703261 4.34
5.719387 4.34
5.749983 4.34
5.766110 4.34
5.791263 4.34
5.807388 4.34
5.837984 4.34
5.853984 4.34
5.879389 4.34
5.890111 4.34
5.925984 4.34
5.936859 4.34
5.967262 4.34
5.983389 4.34
6.013860 4.34
6.029985 4.34
6.054985 4.34
6.065736 4.34
6.096264 4.34
6.112390 4.34
6.142861 4.34
6.158861 4.34
6.184112 4.34
6.194986 4.34
6.225629 4.34
6.236379 4.34
6.266862 4.34
6.282987 4.34
6.307987 4.02
6.318862 4.02
6.349266 4.34
6.365391 4.34
6.395738 4.34
6.406634 4.34
6.436738 4.34
6.447613 4.34
6.477739 4.34
6.488614 4.34
6.518739 4.34
6.529631 4.34
6.559739 4.34
6.570614 4.34
6.600739 4.34
6.611614 4.34
6.641740 4.34
6.652615 4.34
6.682740 4.34
6.693615 4.34
6.723740 4.34
6.734616 4.34
6.765290 4.34
6.781513 4.34
6.811995 4.34
6.823132 4.34
6.853648 4.34
6.864647 4.34
6.895290 4.34
6.911391 4.34
6.941995 4.34
6.952871 4.34
6.983637 4.34
6.994386 4.34
7.024993 4.34
7.035868 4.34
7.066243 4.34
7.082243 4.34
7.107634 4.34
7.118386 4.34
7.149125 4.34
7.159998 4.68
7.195997 4.68
7.206997 4.68
7.237638 4.68
7.248387 4.68
7.278995 4.68
7.289745 4.68
7.320120 4.68
7.330994 4.68
7.361637 4.68
7.372387 4.68
7.402745 4.68
7.413620 4.68
7.443745 4.68
7.454621 4.68
7.484746 4.68
7.495621 4.68
7.525746 4.68
7.536621 4.68
7.566746 4.68
7.577621 4.68
7.607746 4.68
7.618622 4.68
7.648747 4.68
7.659622 4.68
7.689747 4.68
7.700622 4.68
7.730748 4.68
7.741623 4.68
7.771748 4.68
7.782623 4.68
7.812748 4.68
7.823623 4.68
7.853749 4.68
7.866250 4.68
7.894748 4.68
7.905623 4.68
7.935749 4.68
7.946624 4.68
7.976749 4.68
7.989251 4.68
8.017750 4.68
8.030278 4.68
8.058750 4.68
8.074875 4.68
8.099750 4.68
8.112269 4.68
8.140750 4.68
8.153268 4.68
8.181750 4.68
8.194270 4.68
8.222751 4.68
8.235268 4.68
8.263751 4.68
8.276145 4.68
8.304752 4.68
8.317127 4.68
8.345752 4.68
8.358128 4.68
8.386752 4.68
8.402877 4.68
8.427752 4.68
8.440157 4.68
8.468878 4.68
8.479628 4.68
8.510003 4.68
8.520753 4.68
8.551521 4.68
8.562520 4.68
8.592878 4.68
8.603629 4.68
8.634158 4.68
8.650254 4.68
8.680880 4.68
8.691629 4.68
8.722160 4.68
8.738255 4.68
8.768880 4.68
8.779630 4.68
8.810148 4.68
8.826255 4.68
8.851409 4.68
8.862132 4.68
8.892631 4.68
8.903399 4.68
8.933756 4.68
8.946132 4.68
8.974882 4.68
8.985631 4.68
9.016133 4.68
9.032274 4.68
9.057398 4.68
9.068275 4.68
9.103757 4.68
9.119883 4.68
9.144883 4.68
9.155633 4.68
9.186134 4.68
9.202274 4.68
9.232883 4.68
9.243633 4.68
9.274163 4.68
9.290288 4.68
9.320884 4.68
9.331633 4.68
9.362135 4.68
9.378135 4.68
9.403414 4.68
9.414135 4.68
9.444760 4.68
9.460885 4.68
9.485885 4.68
9.496635 4.68
9.527137 4.68
9.543276 4.68
9.568279 4.68
9.579010 4.68
9.614886 4.68
9.625636 4.68
9.656137 4.68
9.672279 4.68
9.702887 4.68
9.713636 4.68
9.744139 4.68
9.760139 4.68
9.790887 4.34
9.801637 4.68
9.832139 4.68
9.848281 4.68
9.873415 4.68
9.884139 4.68
9.914763 4.68
9.930889 4.68
9.955888 4.68
9.966638 4.68
9.997014 4.68
10.008014 4.68
10.038416 4.68
10.049140 4.68
10.079640 4.68
10.090407 4.68
10.120639 4.68
10.131407 4.34
10.161640 4.68
10.172408 4.68
10.202640 4.68
10.213408 4.68
10.243766 4.68
10.259766 4.68
10.284891 4.68
10.295641 4.68
10.326016 4.68
10.336766 4.34
10.367420 4.68
10.378295 4.68
10.408767 4.68
10.424767 4.68
10.449892 4.68
10.460643 4.68
10.491143 4.68
10.507297 4.68
10.537893 4.68
10.548642 4.68
10.579144 4.68
10.595145 4.68
10.625893 4.68
10.636643 4.68
10.667145 4.68
10.683145 4.68
10.713894 4.68
10.724643 4.68
10.755145 4.68
10.771298 4.68
10.798150 4.68
10.809020 4.68
10.841150 4.68
10.852020 4.68
10.884150 4.68
10.895020 4.68
10.930896 4.68
10.941646 4.68
10.972148 4.68
10.988300 4.68
11.015174 4.68
11.026021 4.68
11.061896 4.68
11.072646 4.68
11.103022 4.68
11.115539 4.68
11.146038 4.68
11.156897 4.68
11.192897 4.68
11.203648 4.68
11.234149 4.68
11.250148 4.68
11.280898 4.68
11.291773 4.68
11.322149 4.68
11.338149 4.68
11.368899 4.68
11.379774 4.68
11.410150 4.68
11.426302 4.68
11.451292 4.68
11.462024 4.68
11.497775 4.68
11.513900 4.68
11.538900 4.68
11.549775 4.68
11.580152 4.68
11.591025 4.68
11.623030 4.68
11.633776 4.68
11.666031 4.68
11.676776 4.68
11.712667 4.68
11.728669 4.68
11.753901 4.68
11.764777 4.68
11.795153 4.68
11.806027 4.68
11.841667 4.68
11.857670 4.68
11.882902 4.68
11.893778 4.68
11.924171 4.68
11.935028 4.68
11.965671 4.68
11.981671 4.68
12.006903 4.68
12.017654 4.68
12.048028 4.68
12.064028 4.68
12.089307 4.68
12.100029 4.68
12.130672 4.68
12.146671 4.68
12.171905 4.68
12.182654 4.68
12.213155 4.68
12.224030 4.68
12.259673 4.68
12.275670 4.68
12.300905 4.68
12.311656 4.68
12.342310 4.68
12.353031 4.68
12.383671 4.68
12.399673 4.68
12.424906 4.68
12.435656 4.68
12.466157 4.68
12.477031 4.68
12.512675 4.68
12.528782 4.68
12.553907 4.68
12.564657 4.34
12.595159 4.68
12.606032 4.68
12.641908 4.68
12.652658 4.68
12.683159 4.68
12.694033 4.34
12.729909 4.68
12.740658 4.68
12.771160 4.68
12.782034 4.68
12.812313 4.68
12.823160 4.68
12.853677 4.68
12.869674 4.68
12.894909 4.68
12.905785 4.68
12.936161 4.68
12.947035 4.68
12.982679 4.68
12.998679 4.68
13.024051 4.68
13.040351 4.34
13.070918 4.34
13.081792 4.34
13.117684 4.34
13.133683 4.34
13.158914 4.34
13.169789 4.34
13.200319 4.34
13.211163 4.34
13.241678 4.34
13.257679 4.34
13.282912 4.34
13.293663 4.34
13.324193 4.34
13.335038 4.34
13.365676 4.34
13.381924 4.34
13.407343 4.34
13.418339 4.34
13.448920 4.34
13.461443 4.34
13.490327 4.34
13.501168 4.34
13.531803 4.34
