0.000000 0.000000
0.041951 4.02
0.054602 4.02
0.088813 4.02
0.099831 4.02
0.132146 2.34
0.143507 2.34
0.174079 2.34
0.190507 2.34
0.215719 2.34
0.231810 2.34
0.256807 2.34
0.267556 2.34
0.298057 2.34
0.314221 2.34
0.344805 2.34
0.355695 2.34
0.386208 2.34
0.397054 2.34
0.427693 2.34
0.443803 2.34
0.468928 2.34
0.479679 2.34
0.510054 2.34
0.526205 2.34
0.553081 2.34
0.563929 2.34
0.599929 2.34
0.610680 2.34
0.641055 2.34
0.657207 2.34
0.682305 2.34
0.693056 2.34
0.723696 2.34
0.739681 2.34
0.764805 2.34
0.775721 2.34
0.811821 2.34
0.822931 2.34
0.855064 2.34
0.866072 2.34
0.896826 2.34
0.907945 2.34
0.940121 2.34
0.951236 2.34
0.981823 2.34
0.992960 3.67
1.025117 4.02
1.049708 4.02
1.060706 4.02
1.091223 4.02
1.102062 4.02
1.132703 4.02
1.148811 4.02
1.173936 4.02
1.186436 4.02
1.215215 4.02
1.226060 4.02
1.256700 4.02
1.272810 4.02
1.297810 4.02
1.308698 4.02
1.338810 4.02
1.349685 4.02
1.379810 4.02
1.390685 4.02
1.420811 4.02
1.431685 4.02
1.467702 4.02
1.478732 4.02
1.509494 4.02
1.525843 4.02
1.551071 4.02
1.567363 4.02
1.592715 4.02
1.603713 4.02
1.634229 4.02
1.645067 4.02
1.675709 4.34
1.686582 4.34
1.717401 4.34
1.733699 4.68
1.758946 4.68
1.775237 4.68
1.805819 4.68
1.816709 4.68
1.852583 4.68
1.864973 4.68
1.897223 4.68
1.908065 4.68
1.938707 4.68
1.949583 4.68
1.979814 4.68
1.990690 4.68
2.026701 4.68
2.037700 4.68
2.068374 4.68
2.079236 4.68
2.109820 4.68
2.120714 4.68
2.156584 4.68
2.172465 4.68
2.205460 4.68
2.221488 4.68
2.246817 4.68
2.257584 4.68
2.287948 4.68
2.304073 4.68
2.334821 4.68
2.345821 4.68
2.381695 4.68
2.392585 4.68
2.422944 4.68
2.438943 4.68
2.464224 4.68
2.475068 4.68
2.505711 4.68
2.516587 4.68
2.546818 4.68
2.557712 4.68
2.588069 4.68
2.598944 4.68
2.634821 4.68
2.645714 4.68
2.676226 4.68
2.687070 4.34
2.717713 4.34
2.728585 4.34
2.758945 4.34
2.774820 4.34
2.800225 4.34
2.811070 4.34
2.841713 4.34
2.852588 4.68
2.882696 4.68
2.893588 4.68
2.924077 4.68
2.940216 4.34
2.968729 4.34
2.979738 4.34
3.010377 4.34
3.021377 4.34
3.051952 4.02
3.068076 4.34
3.098825 4.34
3.109718 4.34
3.140074 4.34
3.150824 4.34
3.186716 4.02
3.197465 4.02
3.227948 4.34
3.243949 4.34
3.269074 4.34
3.279949 4.34
3.315717 4.34
3.326466 4.34
3.356824 4.34
3.367700 4.02
3.397950 4.34
3.413950 4.34
3.439200 4.34
3.450075 4.34
3.480718 4.02
3.491592 4.02
3.521950 4.34
3.537951 4.34
3.563076 4.34
3.573951 4.02
3.604595 4.34
3.615594 4.34
3.645702 4.02
3.656594 4.02
3.686827 4.34
3.697702 4.34
3.728077 4.34
3.738827 4.34
3.769479 4.34
3.780204 4.34
3.810828 4.34
3.823356 4.34
3.851953 4.34
3.867953 4.34
3.894963 4.34
3.905703 4.34
3.937964 4.34
3.948829 4.34
3.980964 4.02
3.991704 4.02
4.023839 4.34
4.034722 4.34
4.064954 4.02
4.080955 4.34
4.107840 4.34
4.118722 4.02
4.148955 4.02
4.164955 4.34
4.191840 4.34
4.202722 4.02
4.232956 4.34
4.248955 4.02
4.275856 4.02
4.286724 4.02
4.318860 4.34
4.329724 4.34
4.361841 4.34
4.372721 4.34
4.402957 4.02
4.418831 4.34
4.449359 4.34
4.460082 4.34
4.490723 4.34
4.501475 4.34
4.531958 4.34
4.542708 4.02
4.578362 4.34
4.594351 4.02
4.619726 4.02
4.630602 4.34
4.660958 4.34
4.671834 4.34
4.707351 4.34
4.719844 4.34
4.748834 4.02
4.764834 4.34
4.789959 4.34
4.800835 4.34
4.836352 4.34
4.847085 4.34
4.877727 4.34
4.888478 4.34
4.918836 4.34
4.934711 4.34
4.959961 4.34
4.970711 4.34
5.006355 4.02
5.022351 4.34
5.047729 4.34
5.058479 4.34
5.094087 4.02
5.104837 4.34
5.135492 4.34
5.151605 4.34
5.176837 4.34
5.192837 4.34
5.217962 4.34
5.228837 4.34
5.264354 4.02
5.280353 4.02
5.305729 4.34
5.316479 4.34
5.346963 4.34
5.357714 4.34
5.393357 4.34
5.404089 4.34
5.434731 4.34
5.445481 4.34
5.475964 4.34
5.486714 4.34
5.522366 4.34
5.538357 4.34
5.563715 4.34
5.574482 4.34
5.604715 4.34
5.615484 4.34
5.645716 4.34
5.656482 4.34
5.686716 4.34
5.697484 4.34
5.727716 4.34
5.738609 4.34
5.768841 4.34
5.784717 4.34
5.809967 4.34
5.820842 4.02
5.856610 4.34
5.867360 4.34
5.897842 4.34
5.913842 4.34
5.938968 4.34
5.949843 4.34
5.985360 4.02
6.001360 4.34
6.026735 4.34
6.037483 4.34
6.067968 4.34
6.078843 4.02
6.114373 4.34
6.130361 4.34
6.155737 4.34
6.166484 4.02
6.196970 4.34
6.207720 4.02
6.243373 4.34
6.259360 4.34
6.284738 4.34
6.297240 4.34
6.326095 4.34
6.336970 4.34
6.367500 4.34
6.383615 4.34
6.408722 4.34
6.419486 4.34
6.449846 4.34
6.465721 4.34
6.490971 4.02
6.501721 4.34
6.537377 4.34
6.553362 4.34
6.578738 4.34
6.589489 4.34
6.619847 4.34
6.635723 4.34
6.660973 4.34
6.671848 4.34
6.707365 4.02
6.719849 4.34
6.748741 4.34
6.761225 4.02
6.789974 4.34
6.800849 4.34
6.836378 4.02
6.852364 4.34
6.877742 4.34
6.893617 4.34
6.918725 4.34
6.931100 4.34
6.959850 4.34
6.975725 4.34
7.000975 4.34
7.011725 4.34
7.047226 4.34
7.059726 4.34
7.088743 4.02
7.104741 4.34
7.129976 4.34
7.140726 4.02
7.176369 4.34
7.192230 4.34
7.217744 4.34
7.233742 4.34
7.258852 4.34
7.274727 4.34
7.299977 4.02
7.310727 4.02
7.346380 4.34
7.358728 4.34
7.387746 4.34
7.403745 4.34
7.428853 4.34
7.444729 4.34
7.469978 4.02
7.480854 4.34
7.516229 4.34
7.528729 4.34
7.557745 4.34
7.573745 4.34
7.598979 4.34
7.609729 4.34
7.645371 4.34
7.661383 4.34
7.686747 4.34
7.702747 4.34
7.727730 4.02
7.743855 4.34
7.768731 4.34
7.784731 4.34
7.809856 4.34
7.825856 4.34
7.850981 4.02
7.861731 4.34
7.897373 4.34
7.913374 4.34
7.938748 4.34
7.954732 4.34
7.979857 4.02
7.995732 4.34
8.020982 4.34
8.031857 4.34
8.067374 4.34
8.083234 4.34
8.108513 4.34
8.119234 4.34
8.149858 4.34
8.165734 4.34
8.190983 4.34
8.201734 4.34
8.237264 4.34
8.253264 4.34
8.278751 4.34
8.294752 4.34
8.319985 4.34
8.330860 4.34
8.366389 4.02
8.382375 4.34
8.407753 4.34
8.423735 4.02
8.448860 4.02
8.464735 4.34
8.489986 4.34
8.500861 4.34
8.536376 4.34
8.552237 4.34
8.577736 4.34
8.593736 4.34
8.618862 4.34
8.634736 4.34
8.659987 4.34
8.670862 4.34
8.706238 4.34
8.722238 4.34
8.747754 4.34
8.763752 4.02
8.788988 4.34
8.799738 4.34
8.835378 4.34
8.851381 4.34
8.876756 4.34
8.892739 4.34
8.917864 4.34
8.933738 4.34
8.958989 4.34
8.969864 4.34
9.005379 4.34
9.021240 4.34
9.046518 4.34
9.057394 4.34
9.087865 4.34
9.103740 4.34
9.128990 4.34
9.139865 4.34
9.175241 4.34
9.191241 4.34
9.216757 4.34
9.232757 4.34
9.259742 4.34
9.270520 4.34
9.300866 4.34
9.311741 4.34
9.343743 4.34
9.354633 4.34
9.384867 4.34
9.395742 4.34
9.427743 4.34
9.438510 4.34
9.468743 4.34
9.484743 4.34
9.509868 4.34
9.520743 4.34
9.552776 4.34
9.563636 4.02
9.599118 4.34
9.609869 4.34
9.640554 4.34
9.651399 4.34
9.681869 4.34
9.692634 4.02
9.724650 4.34
9.735395 4.34
9.765745 4.34
9.781634 4.34
9.806745 4.34
9.822745 4.34
9.847870 4.34
9.858638 4.34
9.894120 4.34
9.918526 4.34
9.929398 4.34
9.959871 4.34
9.970636 4.34
10.006121 4.34
10.030523 4.34
10.041247 4.34
10.071872 4.34
10.082639 4.34
10.118121 4.34
10.142525 4.34
10.153248 4.34
10.183873 4.34
10.194637 4.34
10.230123 4.34
10.254525 4.34
10.265248 4.34
10.295873 4.34
10.306641 4.34
10.337543 4.02
10.348524 4.34
10.384431 4.02
10.395429 4.34
10.425878 4.02
10.436646 4.34
10.467431 4.02
10.478421 4.34
10.508643 4.34
10.524534 4.34
10.549876 4.02
10.560640 4.02
10.596125 4.34
10.606875 4.02
10.637678 4.34
10.653888 4.34
10.684542 4.02
10.695523 4.34
10.731298 4.34
10.747521 4.34
10.772547 4.34
10.783406 4.02
10.813877 4.34
10.824644 4.34
10.860134 4.34
10.870877 4.34
10.901531 4.34
10.912253 4.02
10.942878 4.02
10.953645 4.02
10.989135 4.34
11.000003 4.34
11.030520 4.34
11.041254 4.34
11.071879 4.34
11.082645 4.34
11.118135 4.34
11.128879 4.34
11.159531 4.34
11.170282 4.34
11.200880 4.34
11.211645 4.34
11.247138 4.34
11.271532 4.34
11.282284 4.02
11.312756 4.34
11.323520 4.34
11.353756 4.02
11.364521 4.02
11.394881 4.34
11.405649 4.02
11.441137 4.02
11.451881 4.02
11.482536 4.02
11.493410 4.02
11.523757 4.34
11.534649 4.02
11.565337 4.34
