0.000000 0.000000
0.041857 4.34
0.052733 4.34
0.083379 4.34
0.094363 2.66
0.125181 2.34
0.136396 2.34
0.166864 2.34
0.177862 2.34
0.208482 2.66
0.219231 2.66
0.249478 2.66
0.260228 2.34
0.290477 2.34
0.301227 2.66
0.331476 2.34
0.342226 2.34
0.372475 2.34
0.383225 2.34
0.413476 2.66
0.424351 2.34
0.454601 2.34
0.470601 2.34
0.495880 2.34
0.506726 2.34
0.537242 2.34
0.553243 2.34
0.578369 2.34
0.589243 2.34
0.619602 2.66
0.635603 2.34
0.660880 2.34
0.671727 2.34
0.702242 2.34
0.718244 2.34
0.743353 2.34
0.754495 2.66
0.786682 2.34
0.797616 2.34
0.828258 2.34
0.839312 2.66
0.869870 2.34
0.880870 2.34
0.911489 2.34
0.924195 2.34
0.958389 2.66
0.969531 4.02
1.001673 4.02
1.012614 4.02
1.043255 4.02
1.054254 4.02
1.084861 4.02
1.095610 4.34
1.126375 4.02
1.137249 4.02
1.169638 4.02
1.180482 4.02
1.216249 4.34
1.232247 4.34
1.257357 4.34
1.268248 4.34
1.298358 4.02
1.309248 4.34
1.339357 4.34
1.350249 4.34
1.380359 4.34
1.391258 4.02
1.421626 4.02
1.437875 4.34
1.463404 4.34
1.474375 4.34
1.510274 4.34
1.521375 4.34
1.551871 4.34
1.562870 4.34
1.593492 4.34
1.609741 4.34
1.640134 4.34
1.656255 4.34
1.681614 4.34
1.697614 4.34
1.728377 4.34
1.739374 4.68
1.775138 4.68
1.791368 4.68
1.816752 4.68
1.827616 4.68
1.858132 4.68
1.874256 4.68
1.899489 4.68
1.911864 4.68
1.948254 4.68
1.959030 4.68
1.989363 4.68
2.000130 4.68
2.030363 4.68
2.041270 4.68
2.077003 4.68
2.087759 4.68
2.118247 4.68
2.129122 4.68
2.159246 4.68
2.169997 4.68
2.200243 4.68
2.210996 4.68
2.241244 4.68
2.251994 4.68
2.282243 4.68
2.292994 4.68
2.323243 4.68
2.333993 4.68
2.364514 4.68
2.380766 5.35
2.411393 5.35
2.422374 5.35
2.458140 5.35
2.474386 5.35
2.499619 5.35
2.515753 5.35
2.546260 5.35
2.557024 5.35
2.587493 5.35
2.603493 5.35
2.628618 5.35
2.639493 5.35
2.675260 5.35
2.686021 5.35
2.716369 5.35
2.727135 5.35
2.757369 5.35
2.768137 5.35
2.798495 5.35
2.814369 5.35
2.839620 5.35
2.850495 5.35
2.886263 5.35
2.897022 5.35
2.927371 5.35
2.938138 5.35
2.968496 5.35
2.984496 5.35
3.009621 5.35
3.020496 5.35
3.056023 5.00
3.066754 5.00
3.097372 5.35
3.108139 5.35
3.138372 5.35
3.149140 5.35
3.179622 5.35
3.190372 5.35
3.226028 5.35
3.242026 5.35
3.267266 5.35
3.278028 5.35
3.308498 5.35
3.324374 5.35
3.349623 5.35
3.360374 5.35
3.396029 5.35
3.412029 5.35
3.437374 5.35
3.448267 5.35
3.478500 5.35
3.494375 5.35
3.519754 5.35
3.530625 5.35
3.561267 5.35
3.572030 5.35
3.602500 5.35
3.618500 5.35
3.643625 5.35
3.654500 5.35
3.690268 5.35
3.701030 5.35
3.731501 5.35
3.747502 5.35
3.772627 5.00
3.783377 5.35
3.814031 5.35
3.830029 5.35
3.855270 5.35
3.866029 5.35
3.896503 5.35
3.912503 5.35
3.937628 5.35
3.948503 5.35
3.979033 5.35
3.995031 5.35
4.020379 5.35
4.032906 5.35
4.061504 5.35
4.077379 5.35
4.102629 5.35
4.113504 5.00
4.144032 5.35
4.160034 5.35
4.185380 5.35
4.197759 5.00
4.226506 5.35
4.242505 5.00
4.267630 5.35
4.278505 5.35
4.309033 5.35
4.321406 5.35
4.350382 5.35
4.362759 5.35
4.391382 5.35
4.403759 5.35
4.432507 5.35
4.448382 5.35
4.473507 5.00
4.489507 5.35
4.514633 5.35
4.525383 5.35
4.561035 5.35
4.573412 5.35
4.602384 5.35
4.614759 5.35
4.643509 5.35
4.659509 5.35
4.684634 5.35
4.695384 5.35
4.726037 5.35
4.738415 5.35
4.767384 5.35
4.783384 5.35
4.808510 5.35
4.824510 5.35
4.849635 5.35
4.860385 5.35
4.896038 5.35
4.911916 5.35
4.937386 5.35
4.953386 5.35
4.978511 5.35
4.994511 5.35
5.019636 5.35
5.030512 5.35
5.061041 5.35
5.077039 5.35
5.102387 5.35
5.118387 5.35
5.143512 5.35
5.159512 5.35
5.184638 5.35
5.195512 5.35
5.231031 5.35
5.246916 5.35
5.272388 5.35
5.288388 5.35
5.313389 5.35
5.329264 5.35
5.354389 5.35
5.370389 5.35
5.395389 5.35
5.411264 5.35
5.436390 5.35
5.452264 5.35
5.477390 5.35
5.493265 5.35
5.518390 5.00
5.534391 5.35
5.559515 5.35
5.575516 5.35
5.600641 5.35
5.611390 5.35
5.647045 5.35
5.663044 5.35
5.688392 5.35
5.704392 5.35
5.729391 5.35
5.745267 5.35
5.770392 5.35
5.786392 5.35
5.811517 5.35
5.827392 5.35
5.852643 5.35
5.863518 5.35
5.899036 5.35
5.910770 5.35
5.940394 5.35
5.956393 5.35
5.981393 5.35
5.997269 5.35
6.022394 5.35
6.038394 5.35
6.063394 5.35
6.079269 5.35
6.105396 5.35
6.116287 5.35
6.146395 5.35
6.162395 5.35
6.187395 5.35
6.203270 5.35
6.228395 5.35
6.244396 5.35
6.269521 5.35
6.285521 5.35
6.312398 5.35
6.323290 5.35
6.353522 5.35
6.369521 5.35
6.396398 5.35
6.407289 5.35
6.437522 5.35
6.453522 5.35
6.480398 5.35
6.491290 5.35
6.521648 5.35
6.532523 5.35
6.563165 5.35
6.573927 5.35
6.604398 5.35
6.620274 5.35
6.645399 5.35
6.661274 5.35
6.686399 5.35
6.702274 5.35
6.727399 5.35
6.743274 5.35
6.768400 5.35
6.784274 5.35
6.809525 5.35
6.820400 5.35
6.852401 5.35
6.863293 5.35
6.893400 5.35
6.909276 5.35
6.934400 5.35
6.950276 5.35
6.975401 5.35
6.991276 5.35
7.016401 5.35
7.032402 5.35
7.057402 5.35
7.073277 5.35
7.098402 5.35
7.109277 5.35
7.139403 5.35
7.150278 5.35
7.180403 5.35
7.191278 5.35
7.221404 5.35
7.232279 5.35
7.262403 5.35
7.273297 5.35
7.303403 5.35
7.314279 5.35
7.344404 5.35
7.355279 5.35
7.385404 5.35
7.396279 5.35
7.426529 5.35
7.437280 5.35
7.472934 5.35
7.488933 5.35
7.514423 5.35
7.530405 5.35
7.555405 5.35
7.566281 5.35
7.596406 5.35
7.607281 5.00
7.637406 5.35
7.648281 5.35
7.678407 5.35
7.689282 5.35
7.719407 5.35
7.730282 5.35
7.760407 5.35
7.771283 5.35
7.801533 5.35
7.812408 5.35
7.847784 5.35
7.863784 5.35
7.889299 5.35
7.905409 5.35
7.930284 5.35
7.946300 5.35
7.971409 5.35
7.987409 5.35
8.012409 5.35
8.023284 5.35
8.053409 5.35
8.064285 5.35
8.094410 5.35
8.105285 5.35
8.135410 5.35
8.146285 5.35
8.176410 5.35
8.187286 5.35
8.217411 5.35
8.228286 5.35
8.258411 5.35
8.269286 5.35
8.299411 5.35
8.310286 5.35
8.340536 5.35
8.351287 5.35
8.386788 5.35
8.402789 5.35
8.428067 5.35
8.438789 5.35
8.469413 5.35
8.485413 5.35
8.510413 5.35
8.521306 5.35
8.551413 5.35
8.562288 5.35
8.592538 5.35
8.603414 5.35
8.638790 5.35
8.654790 5.35
8.680307 5.35
8.696415 5.35
8.721290 5.35
8.737290 5.35
8.762290 5.35
8.778290 5.35
8.803290 5.35
8.819306 5.35
8.844291 5.35
8.860291 5.35
8.885291 5.35
8.901291 5.35
8.926291 5.35
8.942308 5.35
8.967292 5.35
8.983417 5.35
9.008292 5.35
9.024307 5.35
9.049292 5.35
9.065292 5.35
9.090292 5.35
9.106307 5.35
9.131293 5.35
9.147293 5.35
9.172293 5.35
9.188293 5.35
9.213294 5.35
9.229311 5.35
9.254294 5.35
9.270419 5.35
9.295294 5.35
9.311294 5.35
9.336295 5.35
9.352299 5.35
9.379298 4.34
9.390065 4.34
9.422297 4.34
9.433186 4.34
9.463296 4.34
9.479296 4.34
9.509545 4.34
9.520312 4.34
9.555814 4.34
9.571797 4.34
9.597312 4.34
9.613422 4.34
9.638297 4.34
9.654297 4.34
9.679437 4.34
9.700992 4.34
9.711987 4.34
9.742553 4.34
9.753427 4.34
9.784072 4.34
9.795052 4.34
9.825425 4.34
9.836300 4.34
9.866801 4.34
9.882801 4.34
9.908315 4.34
9.924315 4.34
9.949299 4.34
9.965317 4.34
9.990299 4.34
10.006425 4.34
10.031300 4.34
10.042067 4.34
10.072300 4.34
10.088300 4.34
10.113301 4.34
10.129316 4.34
10.154301 4.34
10.170301 4.34
10.195301 4.34
10.211301 4.34
10.236301 4.34
10.252318 4.34
10.277301 4.34
10.288067 4.34
10.318302 4.34
10.329069 4.34
10.359302 4.34
10.370068 4.34
10.400302 4.34
10.411069 4.34
10.441303 4.34
10.452069 4.34
10.482319 4.34
10.493067 4.34
10.523567 4.34
