0.000000 0.000000
0.043614 4.68
0.054684 4.68
0.090439 4.68
0.103092 3.01
0.137319 3.01
0.148451 3.01
0.180623 3.01
0.191686 3.01
0.227433 3.01
0.238431 3.01
0.274305 3.01
0.290303 3.01
0.315680 3.01
0.326553 3.01
0.362302 3.01
0.373191 3.01
0.403427 3.01
0.414176 3.01
0.444426 3.01
0.455176 3.01
0.485552 3.01
0.501704 2.66
0.528578 2.66
0.539426 3.01
0.575302 3.01
0.586191 3.01
0.616427 3.01
0.627177 3.01
0.657552 3.01
0.673552 3.01
0.700578 3.01
0.711427 2.66
0.743581 3.01
0.754587 3.01
0.785219 2.66
0.796195 3.01
0.826850 3.01
0.837884 3.01
0.868593 3.01
0.884840 3.01
0.910209 3.01
0.921188 2.66
0.951864 3.01
0.962818 3.67
0.993442 4.34
1.009692 4.68
1.040313 4.34
1.051312 4.68
1.081685 4.68
1.092434 4.68
1.122948 4.34
1.135464 4.68
1.164307 4.34
1.175071 4.68
1.205432 4.68
1.217822 4.68
1.246556 4.68
1.262557 4.34
1.293073 4.34
1.305458 4.68
1.334307 4.34
1.345071 4.68
1.375432 4.68
1.387824 4.34
1.416683 4.68
1.427755 4.68
1.458211 4.68
1.469200 4.68
1.499835 4.68
1.510834 4.68
1.541442 4.68
1.557576 4.68
1.585087 4.68
1.601201 4.68
1.626605 4.68
1.642880 4.68
1.668210 4.68
1.679192 4.68
1.709881 4.68
1.720879 4.68
1.751448 4.68
1.767694 4.68
1.798317 4.68
1.809316 4.68
1.839691 5.00
1.850439 5.00
1.886082 5.00
1.902079 5.35
1.927451 5.35
1.943580 5.69
1.974319 5.69
1.985193 5.69
2.015726 5.69
2.026578 5.69
2.057108 5.69
2.073206 5.69
2.098315 5.69
2.109081 5.69
2.139572 5.69
2.150314 5.69
2.186207 5.69
2.196955 5.69
2.227762 5.69
2.238755 5.69
2.269321 5.69
2.280317 6.01
2.310691 6.01
2.321441 6.01
2.351955 6.01
2.362691 6.01
2.393081 6.01
2.409083 6.01
2.434192 6.01
2.444958 6.01
2.475191 6.01
2.485956 6.01
2.516191 6.01
2.526958 6.01
2.557192 6.01
2.568118 6.01
2.598753 6.01
2.609753 6.01
2.640198 6.01
2.651197 6.01
2.681729 6.01
2.692574 6.01
2.723088 6.01
2.738962 6.01
2.764320 6.01
2.775086 6.01
2.805444 6.01
2.821319 6.01
2.846445 6.01
2.862591 6.01
2.888100 6.01
2.904330 6.01
2.929746 6.01
2.940579 6.01
2.971325 6.01
2.982325 6.01
3.018088 6.01
3.034143 6.01
3.059447 6.01
3.075447 6.01
3.100727 6.01
3.111575 6.01
3.142197 6.01
3.153237 6.01
3.185509 6.01
3.196456 6.01
3.232325 12.32
3.243222 0.05
3.273449 6.36
3.289449 6.36
3.314578 6.36
3.325448 6.36
3.361090 6.36
3.377091 6.36
3.402324 6.36
3.413199 6.36
3.443449 6.36
3.459449 6.36
3.484580 6.36
3.495449 6.36
3.526212 6.36
3.537211 6.36
3.569501 6.36
3.580456 6.36
3.611097 6.36
3.627096 6.36
3.652329 6.36
3.664861 6.36
3.695482 6.36
3.706327 6.36
3.737090 6.36
3.753093 6.36
3.786092 6.36
3.802101 6.36
3.827586 6.36
3.838457 6.36
3.869097 6.36
3.885096 6.36
3.910329 6.36
3.922735 6.36
3.951454 6.36
3.967453 6.36
3.994351 6.36
4.005203 6.36
4.035454 6.36
4.051454 6.36
4.081856 6.36
4.092579 6.36
4.123773 6.36
4.134769 6.36
4.165345 6.36
4.181595 6.36
4.212214 6.36
4.223213 6.68
4.258977 6.68
4.275104 6.68
4.300458 6.68
4.311334 6.68
4.347099 6.68
4.357850 6.68
4.388457 6.68
4.399331 6.68
4.434860 6.68
4.445584 6.68
4.476470 6.68
4.492765 6.68
4.518234 6.36
4.529215 6.68
4.564983 6.68
4.581103 6.36
4.606336 6.68
4.622335 6.36
4.647460 6.36
4.658334 6.68
4.694101 6.36
4.704849 6.68
4.735084 6.36
4.746149 6.68
4.776753 6.68
4.787754 6.68
4.818214 6.68
4.829107 6.36
4.864865 6.68
4.880975 6.36
4.906211 6.68
4.917102 6.68
4.947336 6.68
4.963335 6.36
4.988617 6.68
4.999460 6.36
5.029975 6.68
5.046250 6.68
5.071619 6.36
5.082461 6.68
5.113236 6.68
5.124226 6.68
5.160123 6.36
5.171117 6.68
5.201759 6.36
5.212608 6.68
5.243342 6.68
5.259341 6.68
5.284464 6.68
5.295214 6.68
5.325464 6.68
5.336213 6.68
5.366463 6.68
5.377213 6.68
5.407462 6.68
5.418213 6.68
5.448465 6.68
5.459214 6.68
5.489464 6.68
5.500214 6.68
5.530464 6.68
5.541214 6.68
5.571464 6.68
5.582214 6.68
5.612465 6.68
5.623214 6.68
5.653465 6.68
5.664215 6.68
5.694466 6.68
5.705215 6.68
5.735467 6.68
5.746217 6.68
5.776466 6.36
5.787216 6.68
5.817466 6.68
5.828216 6.68
5.858466 6.36
5.869216 6.36
5.904985 6.68
5.921218 6.68
5.953873 6.68
5.969861 6.36
5.995219 6.68
6.006109 6.68
6.042123 6.68
6.053122 6.68
6.085370 6.36
6.096350 6.68
6.132116 6.68
6.142865 6.68
6.173472 6.36
6.184348 6.68
6.219877 6.68
6.235861 6.68
6.261221 6.68
6.272113 6.68
6.302361 6.68
6.318612 6.68
6.343993 6.68
6.354997 6.68
6.385603 6.68
6.396476 6.68
6.427225 6.68
6.438100 6.68
6.468474 6.68
6.479349 6.68
6.509877 6.68
6.525866 6.68
6.551115 6.68
6.561863 6.36
6.592224 6.36
6.604600 6.68
6.633349 6.68
6.649488 6.68
6.675038 6.68
6.686014 6.36
6.716614 6.68
6.727626 6.68
6.758234 6.68
6.774609 6.68
6.804999 6.36
6.815995 6.68
6.846479 6.68
6.857353 6.68
6.887994 6.68
6.898915 6.68
6.929352 6.68
6.945351 6.68
6.970476 6.36
6.981226 6.36
7.017147 6.68
7.028145 6.36
7.058618 6.68
7.069631 6.68
7.100241 6.68
7.116233 6.36
7.147114 6.68
7.158151 6.68
7.194015 11.70
7.205013 12.05
7.235611 12.05
7.246611 12.05
7.277232 12.05
7.293107 12.05
7.318481 12.05
7.329356 12.05
7.359887 12.05
7.375873 12.05
7.401230 12.05
7.417104 12.05
7.442230 12.05
7.458230 12.05
7.483355 12.05
7.499230 12.05
7.524480 12.37
7.535230 12.37
7.565884 12.37
7.581871 12.05
7.607106 12.37
7.617872 12.37
7.648231 12.05
7.664106 12.37
7.689482 12.05
7.700231 12.37
7.730885 12.37
7.746875 12.37
7.779887 12.05
7.795998 12.05
7.821233 12.05
7.837233 12.37
7.862232 12.05
7.878233 8.03
7.903233 12.05
7.919233 12.37
7.944233 12.37
7.960109 12.37
7.985234 12.37
8.001234 12.37
8.026234 12.37
8.042109 12.37
8.067235 12.37
8.083235 12.37
8.108360 12.37
8.119110 12.37
8.149485 12.37
8.160360 12.37
8.195888 12.37
8.211762 12.37
8.237236 12.37
8.253111 12.37
8.278236 12.37
8.294236 12.37
8.319236 12.37
8.335111 12.37
8.360236 12.37
8.376112 12.37
8.401237 12.37
8.417112 12.37
8.442237 12.37
8.458113 12.37
8.483237 12.37
8.499113 12.37
8.524238 12.37
8.540113 12.37
8.565238 12.37
8.581114 7.37
8.606238 12.05
8.622113 12.37
8.647364 12.37
8.663238 12.37
8.690240 12.37
8.701132 12.37
8.731239 12.37
8.747115 12.37
8.772240 12.37
8.788115 12.37
8.813240 12.37
8.829115 12.37
8.854240 12.37
8.870116 12.37
8.895241 12.37
8.911116 12.37
8.936241 12.37
8.952117 12.37
8.977242 12.37
8.993116 12.37
9.018242 12.37
9.034117 12.37
9.059241 12.37
9.075117 12.37
9.100242 12.37
9.116118 12.37
9.141243 12.37
9.157118 12.37
9.182243 12.37
9.198118 12.37
9.223243 12.37
9.239119 12.37
9.264244 12.37
9.280118 10.37
9.305244 11.38
9.321119 12.37
9.346244 12.37
9.362119 12.37
9.387244 12.37
9.403120 12.37
9.428244 12.37
9.444120 12.37
9.469245 12.37
9.485121 12.37
9.510246 12.37
9.526121 12.37
9.551246 12.37
9.562121 12.37
9.592246 12.37
9.603121 12.37
9.633246 12.37
9.644122 12.37
9.674247 12.37
9.685122 12.37
9.715247 12.37
9.731122 12.37
9.756247 12.37
9.767123 12.37
9.797247 12.37
9.808123 12.37
9.838248 12.37
9.849123 12.37
9.879248 12.37
9.890139 12.37
9.920249 12.37
9.931124 12.37
9.961249 12.37
9.972124 12.37
10.002249 7.37
10.013125 12.37
10.043249 12.37
10.054125 12.37
10.084250 12.37
10.095125 12.37
10.125250 12.37
10.136125 12.37
10.166250 12.37
10.177126 12.37
10.207251 12.37
10.218126 12.37
10.248251 12.37
10.259127 12.37
10.289252 12.37
10.300127 12.37
10.330251 12.37
10.341127 12.37
10.371252 12.37
10.382127 12.37
10.412252 12.37
10.423127 12.37
10.453253 12.37
10.464128 12.37
10.494378 12.37
10.505128 12.37
10.540770 12.37
10.556629 12.37
10.582129 12.37
10.598129 12.37
10.623129 12.37
10.639129 12.37
10.664130 12.37
10.680254 12.37
10.705130 8.03
10.721130 12.05
10.746255 12.37
10.762130 12.37
10.787380 12.37
10.798131 12.37
10.833773 12.37
10.849773 12.37
10.875147 12.37
10.891146 12.37
10.916132 12.37
10.932256 12.37
10.957132 12.37
10.973132 12.37
10.998132 12.37
11.014132 12.37
11.039257 12.37
11.055132 12.37
11.080383 12.37
11.091132 12.37
11.126773 12.37
11.142634 12.37
11.168134 12.37
11.184258 12.37
11.209133 12.37
11.225024 12.37
11.250259 12.37
11.266134 12.37
11.291384 12.37
11.302259 12.37
11.337778 12.37
11.353778 12.37
11.379153 12.37
11.395151 12.37
11.420260 8.03
11.436136 12.37
11.463137 12.37
11.473903 12.37
11.504261 12.37
11.520136 12.37
11.545386 12.37
11.556135 12.37
11.591779 12.37
11.607638 12.37
11.633154 12.37
11.649155 12.37
11.674262 12.37
11.690138 12.37
11.715387 12.37
11.726138 12.37
11.761639 12.37
11.777639 12.37
11.803155 12.37
11.819153 12.37
11.846140 12.37
11.856918 12.37
11.887155 12.37
11.903156 12.37
11.930140 12.37
11.940916 12.37
11.971265 12.37
11.982139 12.37
12.014141 12.37
12.024906 12.37
12.055265 12.37
12.066140 12.37
12.098171 12.37
12.109033 8.35
12.141157 11.70
12.151908 12.37
12.187516 12.37
12.200171 12.37
12.229032 12.37
12.241516 12.37
12.270157 12.37
12.286156 12.37
12.311142 12.37
12.327159 12.37
12.352268 12.37
12.363143 12.37
12.395019 12.37
12.405920 12.37
12.436268 12.37
12.447158 12.37
12.482518 12.37
12.493268 12.37
12.523923 12.37
12.534645 12.37
12.565269 12.37
12.576160 12.37
12.611519 12.37
12.622269 12.37
12.652924 12.37
12.663796 12.37
12.694270 12.37
12.705145 12.37
12.740520 12.37
12.756520 12.71
12.781925 12.37
12.792789 12.37
12.823271 10.37
12.834163 11.38
12.869521 12.37
12.880271 12.37
12.910927 12.37
12.921801 12.37
12.952272 12.37
12.963147 12.37
12.998522 12.37
13.009272 12.37
13.039927 12.37
13.050649 12.37
13.081148 12.37
13.091913 12.37
13.122273 12.37
13.133148 12.37
13.168523 12.37
13.179274 12.37
13.209926 12.37
13.220650 12.37
13.251274 12.37
13.262165 12.37
13.297524 12.37
13.308274 12.37
13.338929 12.37
13.349805 12.37
13.380275 12.37
13.391151 12.37
13.426525 12.37
13.437401 12.37
13.467928 12.37
13.478652 12.37
13.509276 12.37
13.520151 10.37
13.555526 11.38
13.566277 12.37
13.596931 12.37
13.607806 12.37
13.638152 6.41
13.648918 12.37
13.679277 12.37
13.690152 12.37
13.725528 12.37
13.736278 12.37
13.766933 12.37
13.777807 12.37
13.808153 12.37
13.819048 12.37
13.849279 12.37
13.860153 12.37
13.895529 12.37
13.906279 12.37
13.936932 12.37
13.947655 12.37
13.978280 12.37
13.989155 12.37
14.024530 12.37
14.035280 12.37
14.065934 12.37
14.076809 12.37
14.107156 12.37
14.117921 12.37
14.148281 12.37
14.159156 12.37
14.194531 12.37
14.205281 12.37
14.235933 11.38
14.246658 11.04
14.277282 12.37
14.288157 12.37
14.323532 12.37
14.334282 12.37
14.364937 12.37
14.377533 12.37
14.406283 12.37
14.417174 12.37
14.452533 12.37
14.465034 12.37
14.493938 12.37
14.506533 12.37
14.535284 12.37
14.546159 12.37
14.581534 12.37
14.592284 12.37
14.622813 12.37
14.633534 12.37
14.664176 12.37
14.680176 12.37
14.705285 12.37
14.716161 12.37
14.751535 12.37
14.764036 12.37
14.792941 12.37
14.805536 12.37
14.834286 12.37
14.845161 12.37
14.880536 12.37
14.893037 12.37
14.921938 12.37
14.934537 11.38
14.963162 10.72
14.973930 12.37
15.004288 12.37
15.015163 12.37
15.050538 12.37
15.063039 12.37
15.092054 12.37
15.108179 12.37
15.133179 12.37
15.144055 12.37
15.179539 12.37
15.191915 12.37
15.220819 12.37
15.231693 12.37
15.262289 12.37
15.273164 12.37
15.308540 12.37
15.324540 12.37
15.349818 12.37
15.360540 12.37
15.391182 12.37
15.402059 12.37
15.437541 12.37
15.453416 12.37
15.478946 12.37
15.494946 12.37
15.520167 12.37
15.530935 12.37
15.561167 12.37
15.571934 12.37
15.602292 12.37
15.613168 12.37
15.648543 12.37
15.664418 10.03
15.689948 12.37
15.705946 12.37
15.731293 12.37
15.742168 12.37
15.777543 12.37
15.793419 12.37
15.819059 12.37
15.835060 12.37
15.860062 12.37
15.870809 12.37
15.901294 12.37
15.912169 12.37
15.947544 12.37
15.963545 12.37
15.988949 12.37
16.004949 12.37
16.030295 12.37
16.041170 12.37
16.076546 12.37
16.092421 12.37
16.117951 12.37
16.133950 12.37
16.159297 12.37
16.170172 12.37
16.205547 12.37
16.221547 12.37
16.246949 12.37
16.262824 12.37
16.288297 12.37
16.299172 12.37
16.334548 12.37
16.350423 12.37
16.375953 9.36
16.391951 12.37
16.417299 12.37
16.428064 12.37
16.463549 12.37
16.479424 12.37
16.504954 12.37
16.520954 12.37
16.546300 12.37
16.557175 12.37
16.592550 12.37
16.608424 12.37
16.633955 12.37
16.649955 12.37
16.675176 12.37
16.685942 12.37
16.717927 12.37
16.728677 12.37
16.759191 12.37
16.769944 12.37
16.800301 12.37
16.811177 12.37
16.846551 12.37
16.862552 12.37
16.888069 12.37
16.904192 12.37
16.929177 12.37
16.939943 12.37
16.970303 12.37
16.981178 12.37
17.016553 12.37
17.032428 12.37
17.057956 12.37
17.073832 7.37
17.100930 12.37
17.111681 12.37
17.142194 12.37
17.152947 12.37
17.188554 12.37
17.204429 12.37
17.229959 12.37
17.245959 12.37
17.272931 12.37
17.283835 12.37
17.314073 12.37
17.324823 12.37
17.356932 12.37
17.367835 12.37
17.398071 12.37
17.408823 12.37
17.440932 12.37
17.451835 12.37
17.482072 12.37
17.492824 12.37
17.523432 12.37
17.535934 12.37
17.567836 12.37
17.580432 12.37
17.609074 12.37
17.619826 12.37
17.655558 12.37
17.671433 12.37
17.696948 12.37
17.712948 12.37
17.739964 12.37
17.750836 12.37
17.786434 8.70
17.802433 12.37
17.827685 18.68
17.838434 12.37
17.868952 12.37
17.884952 12.71
17.910075 12.71
17.920827 12.37
17.956560 12.37
17.972560 12.37
17.997965 12.37
18.013839 12.37
18.044561 6.41
18.060561 6.41
18.085966 12.71
18.101840 12.37
18.132436 12.71
18.148562 6.41
18.176687 12.37
18.187437 18.68
18.217954 12.37
18.233842 12.37
18.259080 12.37
18.269828 12.37
18.305562 12.37
18.321438 12.37
18.346967 12.37
18.362955 12.37
18.393438 12.37
18.409572 12.37
18.434571 6.41
18.445439 6.41
18.475966 12.37
18.486840 7.69
18.522572 18.68
18.533315 12.71
18.563958 12.71
18.574690 12.71
18.610572 12.37
18.621315 12.71
18.651969 12.37
18.662843 6.41
18.698574 12.37
18.709316 12.37
18.739958 12.37
18.750720 18.68
18.786575 6.41
18.797316 18.68
18.827957 18.68
18.838721 12.71
18.874442 12.71
18.886318 6.41
18.918846 12.37
18.934971 18.68
18.960193 12.37
18.970960 6.41
19.006318 12.37
19.017086 12.37
19.047444 18.68
19.063444 12.71
19.088724 12.71
19.099573 18.68
19.130209 12.71
19.141086 12.71
19.171445 6.41
19.187319 10.37
19.212723 11.38
19.223574 12.37
19.254213 12.37
19.265087 12.37
19.295445 12.37
19.311574 12.37
19.336724 12.37
19.347575 12.37
19.378196 12.37
19.389088 12.37
19.424576 12.37
19.449089 12.37
19.459851 12.37
19.495447 12.37
19.511576 12.37
19.536727 12.37
19.547576 12.37
19.579853 12.37
19.590577 12.37
19.621198 12.37
19.632090 12.37
19.667448 12.37
19.683579 12.37
19.708851 12.37
19.724852 12.37
19.751842 12.37
19.762726 12.37
19.794855 12.37
19.805728 12.37
19.836200 12.37
19.847092 12.37
19.882580 12.37
19.893450 8.70
19.924094 11.70
19.934854 12.37
19.970325 12.37
19.981093 12.37
20.011451 12.37
20.027451 12.37
20.052730 12.37
20.063580 12.37
20.095858 12.37
20.106731 12.37
20.138857 12.37
20.149731 12.37
20.181859 12.37
20.192731 12.37
20.224856 12.37
20.235732 12.37
20.267860 12.37
20.278730 12.37
20.310857 12.37
20.321580 12.37
20.357454 12.37
20.373580 12.37
20.398732 12.37
20.411329 12.37
20.440094 12.37
20.450858 12.37
20.486580 12.37
20.497454 12.37
20.528098 12.37
20.538860 12.37
20.569455 12.37
20.585330 12.37
20.610858 9.04
20.628861 11.70
20.647099 12.37
20.677456 12.37
20.693456 12.37
20.718735 12.37
20.731332 12.37
20.765456 12.37
20.781457 12.37
20.806737 12.37
20.822736 12.37
20.853457 12.37
20.869457 12.37
20.894736 12.37
20.907208 12.37
20.941458 12.37
20.957458 12.37
20.982585 12.37
20.993458 12.37
21.024101 12.37
21.034851 12.37
21.065333 12.37
21.081459 12.37
21.106459 12.37
21.122460 12.37
21.147739 12.37
21.163739 12.37
21.194335 12.37
21.210460 12.37
21.235460 12.37
21.246335 12.37
21.276587 12.37
21.287460 12.37
21.318104 9.36
21.328853 11.70
21.359461 12.37
21.370337 12.37
21.400864 12.37
21.411739 12.37
21.447337 12.37
21.463337 12.37
21.488462 12.37
21.499212 12.37
21.529867 12.37
21.540742 12.37
21.576463 12.37
21.587337 12.37
21.617980 12.37
21.628980 12.37
21.664464 12.37
21.675214 12.37
21.705868 12.37
21.716743 12.37
21.752464 12.37
21.763339 12.37
21.793743 12.37
21.809745 12.37
21.840465 12.37
21.851465 12.37
21.881982 12.37
21.892744 12.37
21.923216 12.37
21.934109 12.37
21.964216 12.37
21.975091 12.37
22.005216 12.37
22.015983 8.70
22.046216 11.70
22.057092 12.37
22.087217 12.37
22.098091 12.37
22.128217 12.37
22.139093 12.37
22.169217 12.37
22.180109 12.37
22.210218 12.37
22.221093 12.37
22.251218 12.37
22.262093 12.37
22.292219 12.37
22.303110 12.37
22.333218 12.37
22.344094 12.37
22.374219 12.37
22.385094 12.37
22.415219 12.37
22.426094 12.37
22.456344 12.37
22.472470 12.37
22.497470 12.37
22.508220 12.37
22.538872 12.37
22.549597 12.37
22.585346 12.37
22.601346 18.68
22.626471 12.37
22.637346 12.37
22.667749 12.37
22.683598 18.68
22.714471 18.68
22.725347 8.35
22.755990 12.05
22.766876 12.37
22.797222 12.37
22.809753 12.37
22.838223 12.37
22.849114 18.68
22.879473 12.37
22.890222 12.37
22.920750 18.68
22.936752 6.41
22.967474 12.37
22.978349 12.37
23.008752 12.71
23.024755 12.37
23.050115 18.68
23.060864 12.37
23.091225 6.41
23.102100 6.41
23.132225 18.68
23.143100 18.68
23.173225 6.41
23.184101 12.71
23.214225 12.37
23.226727 18.68
23.255226 12.37
23.266101 12.37
23.296226 18.68
23.307101 12.71
23.337226 12.37
23.349728 12.71
23.378227 6.41
23.389102 12.37
23.419227 6.41
23.431728 9.36
23.460227 11.70
23.471102 12.37
23.501227 18.68
23.513729 6.41
23.542228 12.37
23.554730 12.37
23.583228 18.68
23.595605 12.37
23.624353 12.71
23.640479 12.37
23.665479 6.41
23.676354 12.37
23.706882 18.68
23.717759 12.71
23.753479 12.37
23.764230 12.37
23.794884 18.68
23.805759 6.41
23.841230 6.41
23.853607 12.71
23.882355 18.68
23.898356 12.71
23.923624 12.37
23.939759 12.37
23.964886 12.37
23.975760 12.37
24.006231 12.37
24.022357 12.37
24.047356 12.37
24.063232 6.41
24.088626 12.37
24.104762 6.41
24.135357 12.37
24.146107 7.37
24.176482 12.37
24.187233 12.37
24.217891 12.37
24.228760 12.37
24.259108 12.37
24.269876 12.37
24.300234 12.37
24.316359 12.37
24.341359 12.37
24.352234 12.37
24.382611 12.37
24.398761 12.37
24.429360 12.37
24.440235 12.37
24.470611 12.37
24.486764 12.37
24.517361 12.37
24.528235 12.37
24.558486 12.37
24.569236 12.37
24.599765 12.37
24.610613 12.37
24.641126 12.37
24.651878 12.37
24.682111 12.37
24.692877 12.37
24.723112 12.37
24.733880 12.37
24.764112 12.37
24.774879 12.37
24.805113 12.37
24.815877 12.37
24.846113 12.37
24.856878 8.03
24.887113 12.37
24.897881 12.37
24.928114 12.37
24.938879 12.37
24.969113 12.37
24.979881 12.37
25.010114 12.37
25.020881 12.37
25.051114 12.37
25.061882 12.37
25.092115 12.37
25.102882 12.37
25.133115 12.37
25.143882 12.37
25.174240 12.37
25.190365 12.37
25.215240 12.37
25.231366 12.37
25.256241 12.37
25.272366 12.37
25.297241 12.37
25.313366 12.37
25.338241 12.37
25.354367 12.37
25.379242 12.37
25.395367 12.37
25.420242 12.37
25.436367 12.37
25.461242 12.37
25.477368 12.37
25.502243 12.37
25.518368 12.37
25.543243 12.37
25.559368 9.04
25.584243 11.70
25.600369 12.37
25.625244 12.37
25.641369 12.37
25.666244 12.37
25.682369 12.37
25.707244 12.37
25.723369 12.37
25.748245 12.37
25.764370 12.37
25.789245 12.37
25.805371 12.37
25.830245 12.37
25.846370 12.37
25.871246 12.37
25.887246 12.37
25.912246 12.37
25.928371 12.37
25.953246 12.37
25.969372 12.37
25.994246 12.37
26.010372 12.37
26.035247 12.37
26.051371 12.37
26.076247 12.37
26.092247 12.37
26.117248 12.37
26.133372 12.37
26.158248 12.37
26.174373 12.37
26.199248 12.37
26.215249 12.37
26.240248 12.37
26.256374 12.37
26.281249 7.37
26.297374 12.37
26.322249 12.37
26.338374 12.37
26.363249 12.37
26.379250 12.37
26.404250 12.37
26.420250 12.37
26.445250 12.37
26.461375 12.37
26.486250 12.37
26.502375 12.37
26.527250 12.37
26.543376 12.37
26.568250 12.37
26.584376 12.37
26.609376 12.37
26.620126 12.37
26.650628 12.37
26.666752 12.37
26.697378 12.37
26.708127 12.37
26.738629 12.37
26.754752 12.37
26.781507 12.37
26.792253 12.37
26.828145 12.37
26.840507 12.37
26.869378 12.37
26.880128 12.37
26.910646 12.37
26.921503 12.37
26.957379 12.37
26.968129 9.71
26.998630 11.70
27.009504 12.37
27.045147 12.37
27.061147 12.37
27.086379 12.37
27.097130 12.37
27.127649 12.37
27.138505 6.41
27.174148 12.37
27.190146 12.37
27.215381 12.37
27.226131 12.37
27.256633 12.37
27.267506 12.37
27.303149 12.37
27.319149 12.37
27.344382 12.37
27.355131 12.37
27.385633 12.37
27.396507 12.37
27.432383 12.37
27.443133 12.37
27.473634 12.37
27.484508 12.37
27.520383 12.37
27.531133 12.37
27.561635 6.41
27.572509 12.37
27.608384 12.37
27.619133 12.37
27.649636 12.37
27.660509 12.37
27.696385 8.03
27.707134 12.37
27.737510 12.37
27.753510 12.37
27.778790 12.37
27.789637 12.37
27.820152 12.37
27.836152 12.37
27.861385 12.37
27.872261 12.37
27.902761 12.37
27.913511 12.37
27.944153 12.37
27.960262 12.37
27.985387 12.37
27.996262 12.37
28.026656 12.37
28.037512 12.37
28.068154 12.37
28.084263 12.37
28.109388 12.37
28.120263 12.37
28.150388 12.37
28.161263 12.37
28.191640 12.37
28.202513 12.37
28.238388 12.37
28.250904 12.37
28.284791 12.37
28.295640 12.37
28.326264 12.37
28.337140 12.37
28.367389 12.37
28.378140 11.70
28.408642 10.37
28.419515 12.37
28.455158 12.37
28.471158 12.37
28.496391 12.37
28.507141 12.37
28.537642 12.37
28.548516 12.37
28.578784 12.37
28.589643 12.37
28.620266 12.37
28.631142 12.37
28.661391 12.37
28.672267 12.37
28.702644 12.37
28.713517 12.37
28.743786 12.37
28.754644 12.37
28.785158 6.41
28.801159 6.41
28.826393 12.37
28.837268 12.37
28.867645 12.37
28.878519 12.37
28.914163 12.37
28.930160 12.37
28.955394 12.37
28.967911 6.41
28.996646 6.41
29.007520 12.37
29.043160 12.37
29.059161 12.37
29.084395 12.37
29.095146 8.03
29.125647 12.05
29.136520 12.37
29.172162 12.37
29.188163 12.37
29.213396 12.37
29.224271 12.37
29.254648 12.37
29.265521 12.37
29.296163 12.37
29.312166 12.37
29.337397 12.37
29.349790 12.37
29.378649 12.37
29.389522 12.37
29.425164 12.37
29.441166 12.37
29.466398 12.37
29.478791 12.37
29.507650 12.37
29.518523 12.37
29.548927 12.37
29.561403 12.37
29.590274 12.37
29.601149 12.37
29.631399 12.37
29.643792 12.37
29.672651 12.37
29.683525 18.68
29.713927 12.37
29.724652 12.37
29.755276 12.37
29.766150 12.37
29.796400 12.37
29.812401 7.37
29.837525 12.37
29.848401 12.37
29.884169 12.37
29.894929 12.37
29.925276 12.37
29.936152 12.37
29.966401 12.37
29.982402 12.37
30.007653 12.37
30.018527 12.37
30.048932 12.37
30.064920 12.37
30.090153 12.37
30.100920 12.37
30.131153 12.37
30.141921 12.37
30.172404 12.37
30.188404 12.37
30.216655 12.37
30.227529 12.37
30.263169 12.37
30.273922 12.37
30.304280 12.37
30.315155 12.37
30.345405 12.37
30.361405 12.37
30.386656 12.37
30.397530 12.37
30.427932 12.37
30.438656 12.37
30.469281 12.37
30.480156 12.37
30.510406 12.37
30.526406 10.37
30.551531 12.37
30.562282 12.37
30.598174 6.41
30.608924 18.68
30.639282 12.37
30.650157 12.37
30.680407 12.37
30.696408 12.37
30.721659 12.37
30.732533 12.37
30.762937 12.37
30.778926 12.37
30.804284 12.37
30.815158 12.37
30.845409 12.37
30.861283 12.37
30.886660 12.37
30.897534 12.37
30.932926 12.37
30.943660 12.37
30.974285 12.37
30.985160 12.37
31.015410 12.37
31.031410 12.37
31.056661 12.37
31.067536 12.37
31.098176 12.37
31.108926 12.37
31.139411 12.37
31.155286 12.37
31.180662 12.37
31.191536 12.37
31.222054 10.37
31.238054 11.38
31.263162 12.37
31.273930 12.37
31.304287 12.37
31.315162 12.37
31.345412 12.37
31.361412 12.37
31.386664 12.37
31.397538 12.37
31.427942 12.37
31.443931 12.37
31.469163 12.37
31.479932 12.37
31.510164 12.37
31.520929 12.37
31.551289 12.37
31.562164 12.37
31.592414 12.37
31.608414 12.37
31.635425 12.37
31.646290 12.37
31.678425 12.37
31.689165 12.37
31.721425 12.37
31.732291 12.37
31.762541 12.37
31.773291 12.37
31.803943 12.37
31.814667 12.37
31.845291 12.37
31.857820 12.37
31.886416 12.37
31.902417 12.37
31.929447 11.38
31.940292 11.38
31.971058 12.37
31.987061 12.37
32.012293 12.37
32.023168 12.37
32.053418 12.37
32.069418 12.37
32.096303 12.37
32.107186 12.37
32.137418 12.37
32.153418 12.37
32.180304 12.37
32.191186 12.37
32.221419 12.37
32.237419 12.71
32.264304 18.68
32.275185 12.37
32.305420 12.37
32.321420 12.37
32.348305 12.37
32.359187 18.68
32.389420 12.71
32.405420 6.41
32.432306 12.71
32.443189 12.37
32.473421 12.37
32.489421 12.37
32.519824 12.37
32.530546 12.37
32.561189 12.37
32.571939 12.37
32.602422 12.37
32.613172 12.37
32.648826 8.03
32.659547 12.37
32.690188 12.37
32.700948 12.37
32.731423 12.37
32.742298 12.37
32.777817 12.37
32.793816 12.37
32.819190 12.37
32.830065 12.37
32.860424 12.37
32.871299 12.37
32.906817 12.37
32.922815 12.37
32.948193 12.37
32.958941 12.37
32.989425 12.37
33.000175 12.37
33.035829 12.37
33.051816 12.37
33.077193 12.37
33.087950 12.37
33.118176 12.37
33.128943 12.37
33.159176 12.37
33.169944 12.37
33.200302 12.37
33.216177 12.37
33.241427 12.37
33.252302 12.37
33.287832 12.37
33.303821 12.37
33.329194 12.37
33.339945 8.35
33.370304 12.05
33.386303 12.37
33.411428 12.37
33.422303 12.37
33.457818 12.37
33.473821 12.37
33.499194 12.37
33.509944 12.37
33.540429 12.37
33.551179 12.37
33.586832 12.37
33.597555 12.37
33.628180 12.37
33.638947 12.37
33.669430 12.37
33.680305 12.37
33.715823 12.37
33.731823 12.37
33.757072 12.37
33.767823 12.37
33.798306 12.37
33.814181 12.37
33.839431 12.37
33.850306 12.37
33.885833 12.37
33.896556 12.37
33.927074 12.37
33.937825 12.37
33.968308 12.37
33.984183 12.37
34.009433 12.37
34.020183 12.37
34.055825 11.04
34.066558 12.05
34.097076 12.37
34.107824 12.37
34.138309 12.37
34.154184 12.37
34.179434 12.37
34.190184 12.37
34.225836 12.37
34.236560 12.37
34.267077 12.37
34.277827 12.37
34.308075 12.37
34.318828 12.37
34.349311 12.37
34.365311 12.37
34.390436 12.37
34.401186 12.37
34.437080 12.37
34.447829 12.37
34.478187 12.37
34.488954 12.37
34.519312 12.37
34.535187 12.37
34.560437 12.37
34.571188 12.37
34.601842 12.37
34.617842 12.37
34.642954 12.37
34.658842 12.37
34.684188 12.37
34.694955 12.37
34.725313 12.37
34.741189 12.37
34.766439 8.03
34.777189 12.05
34.807843 12.37
34.823844 12.37
34.849081 12.37
34.859843 12.37
34.890190 12.37
34.902571 12.37
34.931315 12.37
34.947190 12.37
34.972440 12.37
34.983315 12.37
35.018845 12.37
35.034845 12.37
35.060084 12.37
35.070844 12.37
35.101191 12.37
35.113572 12.37
35.142192 12.37
35.154572 12.37
35.183317 12.37
35.199192 12.37
35.224442 12.37
35.235317 12.37
35.265847 12.37
35.281845 12.37
35.307193 12.37
35.319573 12.37
35.348318 12.37
35.364318 12.37
35.389443 12.37
35.400318 12.37
35.430848 12.37
35.446847 12.37
35.472194 8.35
35.488319 12.05
35.513194 12.37
35.525573 12.37
35.554320 12.37
35.570320 12.37
35.595445 12.37
35.606320 12.37
35.636847 12.37
35.649205 12.37
35.678321 12.37
35.694321 12.37
35.719446 12.37
35.730196 12.37
35.760851 12.37
35.776850 12.37
35.802197 12.37
35.818197 18.68
35.843197 12.37
35.859322 12.37
35.884198 12.37
35.900197 12.37
35.925198 12.37
35.941090 12.37
35.966323 12.37
35.982323 12.37
36.007448 12.37
36.018198 12.37
36.048853 18.68
36.064853 6.41
36.090091 12.37
36.100857 12.37
36.131199 18.68
36.147199 12.71
36.172199 11.38
36.188199 11.04
36.213200 12.37
36.229200 12.37
36.254325 12.37
36.270325 18.68
36.295450 12.37
36.306325 12.37
36.336730 12.37
36.347450 12.37
36.378201 12.37
36.394092 12.37
36.419201 12.37
36.435093 12.37
36.460327 12.37
36.476327 12.37
36.501452 12.37
36.512202 12.37
36.542731 12.37
36.558731 12.37
36.584202 12.37
36.600203 12.37
36.625328 12.37
36.641328 12.37
36.666453 12.37
36.677203 12.37
36.707732 12.37
36.723732 12.37
36.749204 12.37
36.765204 12.37
36.790204 12.37
36.806204 12.37
36.831204 12.37
36.847098 12.37
36.872205 12.37
36.888080 7.37
36.913330 12.37
36.929206 12.37
36.954455 12.37
36.965331 12.37
36.995860 12.37
37.011860 12.37
37.037206 12.37
37.053098 12.37
37.078332 12.37
37.094331 12.37
37.121208 12.37
37.132096 12.37
37.162332 12.37
37.178332 12.37
37.205209 12.37
37.216099 12.37
37.246208 12.37
37.262208 12.37
37.287333 12.37
37.303333 12.37
37.330210 12.37
37.341100 12.37
37.371334 12.37
37.382101 12.37
37.414211 12.37
37.425099 12.37
37.455209 12.37
37.471210 12.37
37.496334 12.37
37.507085 12.37
37.539211 12.37
37.550102 18.68
37.580335 6.41
37.591085 8.03
37.623212 12.37
37.634103 12.37
37.664336 12.37
37.675086 12.37
37.710588 18.68
37.723088 12.37
37.752102 12.37
37.764462 12.37
37.793212 18.68
37.809087 12.37
37.834211 12.37
37.850212 12.37
37.875212 12.37
37.886103 18.68
37.916338 12.37
37.927213 18.68
37.957338 18.68
37.968213 18.68
38.003741 18.68
38.016118 18.68
38.045214 12.37
38.061214 12.37
38.086339 12.71
38.097090 18.68
38.132741 18.68
38.148590 12.71
38.174215 12.37
38.190090 12.37
38.215340 12.37
38.226090 12.37
38.261594 18.68
38.277745 12.71
38.302868 8.03
38.313592 12.05
38.344109 18.68
38.360109 12.71
38.385091 18.68
38.401106 6.41
38.426217 6.41
38.442092 12.71
38.467217 6.41
38.478092 6.41
38.508217 12.37
38.519092 12.37
38.549343 12.37
38.560093 12.37
38.595594 12.37
38.611597 12.37
38.636872 12.37
38.647594 12.37
38.678111 12.37
38.694218 12.37
38.719219 12.37
38.735094 12.37
38.760219 12.37
38.771094 12.37
38.801220 12.37
38.812110 12.37
38.842220 12.37
38.853095 12.37
38.883220 12.37
38.894096 12.37
38.924346 12.37
38.935221 12.37
38.970597 12.37
38.986597 12.37
39.011873 7.69
39.022597 12.05
39.053222 12.37
39.069097 6.41
39.094222 12.37
39.105097 18.68
39.135347 12.71
39.146222 6.41
39.181598 12.71
39.197598 12.71
39.223113 18.68
39.239114 6.41
39.264223 18.68
39.275113 12.37
39.305224 18.68
39.316099 12.37
39.346224 18.68
39.357099 12.37
39.392602 12.71
39.408601 12.71
39.434115 12.37
39.450224 12.37
39.475100 18.68
39.491116 12.37
39.516225 6.41
39.532225 12.37
39.557225 12.37
39.568101 6.41
39.598226 6.41
39.609101 12.37
39.639225 12.37
39.650101 12.37
39.680226 12.37
39.691101 12.37
39.721226 7.69
39.732102 12.37
39.762227 12.37
39.773102 12.37
39.803227 12.37
39.814102 12.37
39.844228 12.37
39.855103 12.37
39.885228 12.37
39.896120 12.37
39.928123 6.41
39.938996 6.41
39.971122 12.37
39.981997 12.37
40.012229 12.37
40.028104 12.37
40.055121 12.37
40.065997 12.37
40.096119 12.37
40.112121 12.37
40.137230 12.37
40.148121 12.37
40.178230 12.37
40.189105 12.37
40.219231 12.37
40.230105 12.37
40.260230 12.37
40.271106 6.41
40.301356 18.68
40.312231 12.37
40.347611 12.71
40.358608 18.68
40.389124 12.37
40.405124 12.37
40.430107 7.37
40.446107 12.37
40.471232 12.37
40.482108 12.37
40.512232 12.37
40.523109 12.37
40.553233 12.37
40.564108 12.37
40.594233 12.71
40.605109 12.71
40.635233 18.68
40.646109 18.68
40.676234 12.37
40.687109 12.37
40.717234 12.37
40.728109 12.37
40.758234 12.37
40.769110 12.37
40.799235 18.68
40.810110 18.68
40.845485 12.37
40.856235 12.37
40.886890 18.68
40.897762 12.37
40.928111 12.37
40.938877 12.37
40.969111 12.37
40.985111 12.37
41.010112 12.37
41.026129 12.37
41.051112 12.37
41.061877 12.37
41.092112 12.37
41.102881 12.37
41.133112 8.03
41.143879 12.05
41.174113 12.37
41.184881 12.37
41.215113 12.37
41.225879 12.37
41.256113 12.37
41.266882 12.37
41.297114 12.37
41.307881 12.37
41.338114 12.37
41.348879 12.37
41.379115 12.37
41.389883 12.37
41.420115 12.37
41.430882 18.68
41.461115 12.37
41.471881 12.71
41.502115 6.41
41.512883 18.68
41.543115 6.41
41.553884 12.37
41.584116 12.37
41.594881 12.37
41.625116 12.37
41.635884 12.37
41.666117 12.37
41.676881 12.37
41.707117 12.37
41.717884 12.37
41.748117 12.37
41.758882 12.37
41.789117 12.37
41.799886 12.37
41.830117 12.37
41.840883 10.37
41.871118 12.37
41.882010 12.37
41.912118 12.37
41.922886 12.37
41.953119 12.37
41.963887 12.37
41.994119 12.37
42.004887 12.37
42.035120 12.37
42.045884 12.37
42.076120 12.37
42.086887 12.37
42.117120 12.37
42.127887 12.37
42.158120 12.71
42.168889 6.41
42.199120 12.37
42.209886 18.68
42.240121 18.68
42.250886 12.37
42.281121 12.37
42.291886 12.37
42.322122 12.37
42.332886 12.37
42.363122 12.37
42.373888 12.37
42.404122 12.37
42.414889 12.37
42.445123 12.37
42.455890 12.71
42.486123 6.41
42.496889 12.37
42.527124 12.37
42.537890 8.03
42.568123 12.05
42.578891 12.37
42.609124 18.68
42.619895 18.68
42.650124 12.37
42.660892 18.68
42.691124 6.41
42.701891 12.37
42.732125 18.68
42.742892 12.71
42.773125 18.68
42.783892 18.68
42.814125 12.37
42.824893 12.37
42.855143 6.41
42.865892 18.68
42.896126 12.71
42.906893 12.71
42.937126 18.68
42.947893 18.68
42.978127 18.68
42.988897 6.41
43.019127 6.41
43.029893 12.71
43.060127 12.37
43.070893 12.37
43.101127 12.37
43.111895 12.37
43.142253 6.41
43.153127 12.71
43.188503 6.41
43.201004 12.37
43.229906 6.41
43.242503 9.71
43.271129 11.70
43.281894 12.37
43.312254 12.37
43.323129 12.37
43.358504 6.41
43.370881 12.71
43.399908 6.41
43.412255 12.37
43.441255 12.37
43.452130 18.68
43.487505 6.41
43.499882 12.37
43.528909 18.68
43.545256 18.68
43.570131 12.71
43.580899 12.71
43.611256 12.71
43.622131 18.68
43.657506 12.37
43.669883 12.37
43.698910 18.68
43.714912 6.41
43.740257 6.41
43.751132 12.71
43.786508 6.41
43.802508 6.41
43.828024 12.37
43.844025 6.41
43.874635 12.37
43.890786 18.68
43.916148 12.71
43.926902 18.68
43.962509 10.03
43.978384 12.37
44.003913 12.37
44.019914 12.71
44.045135 12.37
44.055903 12.71
44.086260 12.71
44.097135 18.68
44.132510 12.71
44.148385 12.71
44.173787 12.71
44.184511 6.41
44.215151 6.41
44.225903 18.68
44.261511 6.41
44.277387 12.71
44.302916 12.71
44.318916 6.41
44.344137 12.71
44.354905 6.41
44.385138 12.37
44.395905 6.41
44.426513 18.68
44.442387 12.71
44.467917 6.41
44.484156 6.41
44.509263 18.68
44.520155 6.41
44.555513 12.37
44.571388 12.37
44.596916 18.68
44.612779 12.71
44.638139 12.71
44.648907 12.37
44.679140 9.36
44.689906 12.37
44.720265 12.71
44.731140 6.41
44.766515 12.71
44.782390 12.71
44.807920 18.68
44.823920 18.68
44.849266 12.71
44.860159 6.41
44.895516 6.41
44.911391 6.41
44.936920 6.41
44.953158 12.71
44.978142 12.71
44.988908 12.37
45.020894 12.37
45.031643 6.41
45.062142 12.37
45.072910 12.37
45.103143 18.68
45.113910 12.71
45.144268 6.41
45.155143 12.37
45.190518 12.37
45.206394 12.37
45.231923 12.37
45.247922 12.37
45.273269 12.37
45.284144 12.37
45.319520 12.37
45.335394 6.41
45.360924 12.37
45.377160 7.37
45.403896 12.37
45.414787 12.37
45.445162 6.41
45.455913 18.68
45.487897 12.71
45.498801 12.71
45.529163 12.71
45.539914 6.41
45.571898 6.41
45.582801 12.71
45.613164 18.68
45.623912 12.37
45.655898 12.71
45.666801 6.41
45.697164 12.37
45.707913 12.37
45.739899 12.37
45.750803 12.37
45.781165 12.37
45.792040 12.37
45.823916 12.37
45.834665 6.41
45.870523 12.37
45.886398 12.37
45.912039 12.37
45.922791 18.68
45.954932 12.71
45.965803 6.41
45.997930 12.37
46.008681 18.68
46.044525 12.71
46.055525 12.71
46.086041 8.03
46.096791 12.37
46.132525 12.37
46.143400 18.68
46.174044 12.37
46.185043 12.71
46.215168 6.41
46.225919 18.68
46.257779 6.41
46.268653 12.37
46.299169 12.37
46.309920 12.37
46.345402 12.37
46.361528 12.37
46.386654 18.68
46.397528 12.37
46.428170 18.68
46.438918 12.71
46.469403 12.37
46.485403 18.68
46.510655 12.37
46.521529 12.37
46.551933 12.37
46.567933 12.37
46.593172 12.37
46.603920 12.37
46.639404 12.37
46.655405 12.37
46.680657 12.37
46.691530 12.37
46.721932 12.37
46.732657 12.37
46.768531 18.68
46.779406 9.04
46.810047 11.70
46.820934 12.37
46.856531 6.41
46.867406 12.37
46.897934 18.68
46.908658 12.37
46.944406 12.71
46.960532 12.37
46.988810 6.41
47.004924 18.68
47.030175 6.41
47.040925 12.37
47.071408 18.68
47.087408 6.41
47.112659 18.68
47.123533 18.68
47.154051 12.37
47.164801 12.71
47.195174 18.68
47.205926 12.37
47.241534 12.37
47.252409 6.41
47.282938 12.37
47.293811 12.37
47.329285 12.37
47.340160 12.37
47.370410 12.37
47.386410 12.37
47.411662 12.71
47.422535 18.68
47.452940 18.68
47.463815 6.41
47.499536 10.72
47.510286 12.05
47.540938 18.68
47.551663 12.71
47.587412 12.37
47.603412 12.37
47.628664 12.37
47.639537 6.41
47.669942 12.71
47.680817 12.37
47.716538 6.41
47.727288 18.68
47.758055 18.68
47.768940 6.41
47.804538 12.37
47.815288 12.37
47.846057 12.37
47.856816 12.37
47.892414 12.37
47.908539 12.37
47.933681 12.37
47.944539 12.37
47.975057 12.37
47.985807 12.37
48.021415 12.37
48.037540 12.37
48.062683 12.37
48.073540 12.37
48.104057 12.37
48.114807 12.37
48.150541 12.37
48.161416 12.37
48.191945 12.37
48.202820 7.37
48.238541 12.37
48.249292 12.37
48.285184 12.37
48.295933 12.37
48.326417 12.37
48.342418 12.37
48.367670 12.37
48.378543 12.37
48.409185 12.37
48.419936 12.37
48.450418 6.41
48.466294 12.71
48.491670 12.37
48.502544 12.71
48.532946 12.71
48.543671 6.41
48.579544 18.68
48.590420 6.41
48.620936 6.41
48.631671 12.37
48.667545 12.37
48.678295 12.37
48.708950 6.41
48.719823 12.37
48.755546 6.41
48.766421 12.71
48.796950 12.37
48.807673 12.37
48.843546 12.37
48.854297 18.68
48.884950 6.41
48.895825 12.37
48.931547 9.71
48.942297 12.37
48.972951 12.71
48.983827 6.41
49.019547 18.68
49.030298 6.41
49.060950 18.68
49.071675 12.71
49.107548 18.68
49.118423 12.71
49.148952 12.71
49.159828 18.68
49.195549 12.71
49.206299 18.68
49.236951 12.71
49.247676 6.41
49.278299 12.71
49.290676 12.71
49.319425 12.71
49.335425 6.41
49.360550 12.71
49.371300 12.37
49.401956 12.71
49.412830 6.41
49.448551 12.37
49.459301 12.37
49.489955 12.71
49.500831 12.71
49.531177 12.71
49.541942 12.71
49.572302 12.71
49.584678 12.71
49.613427 6.41
49.624302 10.03
49.654553 12.37
49.665302 18.68
49.695957 6.41
49.706830 12.71
49.737303 12.71
49.753303 12.37
49.778429 6.41
49.789304 12.37
49.819680 12.37
49.835832 6.41
49.866429 18.68
49.877305 18.68
49.907680 18.68
49.923554 12.71
49.954430 18.68
49.965305 12.37
49.995833 12.37
50.006680 12.71
50.042306 6.41
50.058306 6.41
50.083431 6.41
50.094181 6.41
50.124682 12.37
50.140682 12.37
50.165836 12.37
50.176682 12.37
50.212307 12.71
50.228307 12.37
50.253432 12.37
50.264307 12.37
50.294682 12.37
50.310683 12.37
50.335950 7.37
50.346836 12.37
50.377183 18.68
50.387951 12.37
50.418308 18.68
50.434309 12.71
50.459434 12.71
50.470183 6.41
50.500714 12.71
50.516839 6.41
50.547309 12.71
50.563310 12.71
50.588435 18.68
50.599310 12.71
50.629685 12.71
50.645685 12.71
50.670950 12.71
50.681685 12.71
50.712311 12.71
50.728311 6.41
50.753436 12.71
50.764311 6.41
50.794839 12.71
50.805687 12.71
50.836311 12.71
50.852312 12.71
50.877437 12.71
50.888312 12.71
50.918841 6.41
50.929687 12.71
50.965313 12.71
50.981313 12.71
51.006438 12.71
51.017188 6.41
51.049700 0.37
51.060750 5.00
51.096594 5.00
51.109194 5.00
51.143443 5.00
51.154317 5.00
51.184974 5.00
51.195957 5.00
51.226316 5.00
51.242315 5.00
51.267440 5.00
51.278315 5.00
51.308845 5.00
51.319691 5.00
51.355316 5.00
51.371191 5.00
51.396441 5.00
51.407191 5.00
51.437846 5.00
51.448719 5.00
51.484441 5.00
51.495317 5.00
51.525845 5.00
51.536720 5.00
51.572442 5.00
51.583193 5.00
51.613844 5.00
51.624575 5.00
51.660442 5.00
51.671194 5.00
51.701977 4.68
51.712865 5.00
51.743577 5.00
51.759735 5.00
51.786699 4.68
51.797728 5.00
51.828196 5.00
51.840572 4.68
51.869445 5.00
51.880320 5.00
51.910724 4.68
51.926723 5.00
51.957445 5.00
51.968195 4.68
51.998724 5.00
52.014850 5.00
52.045446 5.00
52.056195 5.00
52.086722 5.00
52.102848 5.00
52.133447 5.00
52.144322 5.00
52.174851 5.00
52.185723 5.00
52.221447 5.00
52.232322 4.68
52.262851 4.68
52.273726 4.68
52.304198 5.00
52.320323 5.00
52.345198 4.68
52.357603 5.00
52.386323 5.00
52.397090 4.68
52.427448 4.68
52.438199 5.00
52.468850 5.00
52.479581 4.68
52.510200 4.68
52.526479 4.68
