0.000000 0.000000
0.047192 4.34
0.063068 4.34
0.088715 4.34
0.099712 2.66
0.130350 2.34
0.141449 2.34
0.177197 2.34
0.188194 2.34
0.218878 2.34
0.229829 2.34
0.260063 2.34
0.272440 2.34
0.301061 2.34
0.316935 2.66
0.342060 2.66
0.354436 2.34
0.383059 2.66
0.398934 2.34
0.424060 2.66
0.440060 2.34
0.465185 2.66
0.475935 2.34
0.506461 2.34
0.522461 2.34
0.547824 2.34
0.558576 2.34
0.588936 2.34
0.599824 2.34
0.629936 2.66
0.640827 2.34
0.670937 2.34
0.681827 2.34
0.711936 2.34
0.722829 2.34
0.753204 2.34
0.764076 2.34
0.794575 2.66
0.805616 2.66
0.836198 2.34
0.847354 2.34
0.877983 2.34
0.894200 2.34
0.919635 2.34
0.935855 2.34
0.961455 2.34
0.977861 4.02
1.008325 4.02
1.019323 4.02
1.055195 4.02
1.066195 4.02
1.096835 4.02
1.107721 4.02
1.138192 4.02
1.149067 4.02
1.179594 4.02
1.190471 4.02
1.226191 4.02
1.236941 4.34
1.267467 4.34
1.283467 4.34
1.314192 4.34
1.324942 4.02
1.355467 4.02
1.371469 4.34
1.396833 4.34
1.407581 4.02
1.438458 4.02
1.454732 4.34
1.480093 4.34
1.496596 4.34
1.521719 4.34
1.532592 4.34
1.563322 4.34
1.574198 4.34
1.604716 4.34
1.615591 4.34
1.646346 4.34
1.658955 4.34
1.693201 4.34
1.704200 4.34
1.734720 4.34
1.745591 4.34
1.776073 4.34
1.792073 4.34
1.817321 4.34
1.828196 4.34
1.858727 4.34
1.869446 4.34
1.900071 4.34
1.916071 4.34
1.941196 4.34
1.951946 4.34
1.982447 4.34
1.998447 4.34
2.029071 4.34
2.045072 4.34
2.070197 4.34
2.080947 4.34
2.111323 4.34
2.123948 4.34
2.152727 4.34
2.163448 4.34
2.194073 4.34
2.210073 4.34
2.235198 4.34
2.245948 4.34
2.276449 4.34
2.292449 4.34
2.323074 4.34
2.338966 4.34
2.364199 4.34
2.374949 4.34
2.405199 4.34
2.415950 4.34
2.446450 4.34
2.462450 4.34
2.487717 4.34
2.498450 4.34
2.534075 4.34
2.550076 4.34
2.575076 4.34
2.591076 4.34
2.616201 4.34
2.627076 4.34
2.657605 4.34
2.668326 4.34
2.704076 4.34
2.720077 4.34
2.745202 4.34
2.755952 4.34
2.786608 4.34
2.797453 4.34
2.827842 4.34
2.838593 4.34
2.868953 4.34
2.881359 4.34
2.909953 4.34
2.925953 4.34
2.951078 4.34
2.967079 4.34
2.992204 4.34
3.003079 4.34
3.033608 4.34
3.044455 4.34
3.080080 4.34
3.096080 4.34
3.121205 4.34
3.132080 4.34
3.162607 4.34
3.173455 4.34
3.203845 4.34
3.214607 4.34
3.244956 4.34
3.257349 4.34
3.285956 4.34
3.301956 4.34
3.327081 4.34
3.337956 4.34
3.368206 4.34
3.379081 4.34
3.409487 4.34
3.420207 4.34
3.450957 4.34
3.466957 4.34
3.492082 4.34
3.502957 4.34
3.533207 4.34
3.544083 4.34
3.574340 4.34
3.590341 4.34
3.620976 4.34
3.637083 4.34
3.662209 4.34
3.673084 4.34
3.703613 4.34
3.714336 4.34
3.744959 4.34
3.761084 4.34
3.786084 4.34
3.796853 4.34
3.827209 4.34
3.838084 4.34
3.868614 4.34
3.879487 4.34
3.909961 4.34
3.926086 4.34
3.951086 4.34
3.961852 4.34
3.992211 4.34
4.003086 4.34
4.033490 4.34
4.044340 4.02
4.080087 4.34
4.090962 4.34
4.121212 4.34
4.132087 4.34
4.162614 4.34
4.173491 4.34
4.203962 4.34
4.220088 4.34
4.245088 4.34
4.255854 4.02
4.286213 4.34
4.296963 4.34
4.327618 4.34
4.338490 4.34
4.368964 4.34
4.385089 4.34
4.409964 4.34
4.426089 4.02
4.450964 4.34
4.467090 4.34
4.492090 4.34
4.502861 4.34
4.533215 4.34
4.544090 4.34
4.574617 4.34
4.585345 4.34
4.615965 4.34
4.632091 4.34
4.657090 4.34
4.667857 4.34
4.698216 4.34
4.708966 4.34
4.739619 4.34
4.750345 4.34
4.780967 4.34
4.797092 4.34
4.822092 4.34
4.832967 4.34
4.863217 4.34
4.874092 4.34
4.904619 4.34
4.915498 4.34
4.945859 4.34
4.956621 4.34
4.987093 4.34
4.997860 4.34
5.028218 4.34
5.039093 4.34
5.069496 4.34
5.080344 4.34
5.116094 4.34
5.126969 4.34
5.157219 4.34
5.169861 4.34
5.198347 4.34
5.214347 4.34
5.245095 4.34
5.255970 4.34
5.286220 4.34
5.296970 4.34
5.329350 4.34
5.340220 4.34
5.376096 4.34
5.386971 4.34
5.417221 4.34
5.429861 4.34
5.458500 4.34
5.469354 4.34
5.505097 4.34
5.515972 4.34
5.546222 4.34
5.558625 4.34
5.587502 4.34
5.598356 4.34
5.628973 4.34
5.645098 4.34
5.670098 4.34
5.680864 4.34
5.711223 4.34
5.723625 4.34
5.752504 4.34
5.763349 4.34
5.793974 4.34
5.810099 4.34
5.834974 4.34
5.851099 4.34
5.876100 4.34
5.886867 4.34
5.917224 4.34
5.929615 4.34
5.958504 4.34
5.969225 4.34
6.004865 4.34
6.020871 4.34
6.045851 4.34
6.058229 4.34
6.086851 4.34
6.102866 4.34
6.127868 4.34
6.143868 4.34
6.168976 4.34
6.179869 4.34
6.210102 4.34
6.220851 4.34
6.251227 4.34
6.267227 4.34
6.292506 4.34
6.303353 4.34
6.333978 4.34
6.344868 4.34
6.374978 4.34
6.385868 4.34
6.416103 4.02
6.426854 4.34
6.457229 4.34
6.473228 4.34
6.506870 4.34
6.522995 4.34
6.547980 4.34
6.558872 4.34
6.588979 4.34
6.599855 4.34
6.630105 4.34
6.640855 4.34
6.671230 4.34
6.687230 4.34
6.712509 4.34
6.723231 4.34
6.753873 4.34
6.769746 4.34
6.795106 4.34
6.805981 4.34
6.836231 4.34
6.852106 4.34
6.877513 4.34
6.888231 4.34
6.918874 4.34
6.934874 4.34
6.959982 4.34
6.970872 4.34
7.000982 4.34
7.011874 4.34
7.041983 4.34
7.052858 4.34
7.082983 4.34
7.093858 4.34
7.123983 4.34
7.134874 4.34
7.164984 4.34
7.175859 4.34
7.205984 4.34
7.216859 4.34
7.246984 4.34
7.257859 4.34
7.287985 4.34
7.298875 4.34
7.328985 4.34
7.339860 4.34
7.369985 4.34
7.380860 4.34
7.410986 4.34
7.421876 4.34
7.452111 4.34
7.462861 4.34
7.493236 4.34
7.509236 4.34
7.539879 4.34
7.555877 4.34
7.580987 4.34
7.591876 4.34
7.621987 4.34
7.632862 4.34
7.662987 4.34
7.673880 4.34
7.703987 4.34
7.714862 4.34
7.744988 4.34
7.755863 4.34
7.785988 4.34
7.796863 4.34
7.827113 4.34
7.837864 4.34
7.868238 4.34
7.884239 4.34
7.911244 4.34
7.921989 4.34
7.957881 4.34
7.973880 4.34
7.998990 4.34
8.009880 4.34
8.039990 4.34
8.050865 4.34
8.080990 4.34
8.091866 4.34
8.121990 4.34
8.132866 4.34
8.162991 4.34
8.173866 4.34
8.203991 4.34
8.214866 4.34
8.244991 4.34
8.255867 4.34
8.285992 4.34
8.296867 4.34
8.326992 4.34
8.337867 4.34
8.367992 4.34
8.378867 4.34
8.408992 4.34
8.419868 4.34
8.450118 4.34
8.462522 4.02
8.491243 4.34
8.507243 4.34
8.537883 4.34
8.553885 4.34
8.578994 4.34
8.589869 4.34
8.619994 4.34
8.630869 4.34
8.660994 4.34
8.671870 4.34
8.701994 4.34
8.712888 4.34
8.742995 4.34
8.753870 4.34
8.783995 4.34
8.794870 4.34
8.824996 4.34
8.835871 4.02
8.865996 4.34
8.876871 4.34
8.906996 4.34
8.917871 4.34
8.947997 4.34
8.958871 4.34
8.988997 4.34
8.999872 4.34
9.030122 4.34
9.045997 4.34
9.071122 4.34
9.083528 4.34
9.112248 4.34
9.122998 4.34
9.158890 4.34
9.169640 4.34
9.199873 4.34
9.210639 4.34
9.240874 4.34
9.251639 4.34
9.281874 4.34
9.292641 4.34
9.322874 4.34
9.333639 4.34
9.364000 4.34
9.374875 4.34
9.405125 4.34
9.421125 4.34
9.446250 4.34
9.457125 4.34
9.492644 4.34
9.503376 4.34
9.533892 4.34
9.544643 4.34
9.575001 4.34
9.585876 4.34
9.616126 4.34
9.632001 4.34
9.657252 4.34
9.668001 4.34
9.703657 4.34
9.714378 4.34
9.744895 4.34
9.755648 4.34
9.786002 4.34
9.796877 4.34
9.827002 4.34
9.837878 4.34
9.868127 4.34
9.884003 4.34
9.909254 4.34
9.920003 4.34
9.955658 4.34
9.966410 4.34
9.996897 4.34
10.007644 4.34
10.038004 4.34
10.048879 4.34
10.079004 4.34
10.089880 4.34
10.120005 4.34
10.130880 4.34
10.161005 4.34
10.171880 4.34
10.202005 4.34
10.212881 4.34
10.243255 4.34
10.254006 4.34
10.284382 4.34
10.295257 4.34
10.325896 4.34
10.336647 4.34
10.367006 4.34
10.377882 4.34
10.408007 4.34
10.418882 4.34
10.449007 4.34
10.459882 4.34
10.490008 4.34
10.500882 4.34
10.531008 4.34
10.541883 4.34
10.572008 4.34
10.582883 4.34
10.613008 4.34
10.623883 4.34
10.654009 4.34
10.666509 4.34
10.695009 4.34
10.705884 4.34
10.736009 4.34
10.748510 4.34
10.777009 4.34
10.787885 4.34
10.818010 4.34
10.828885 4.34
10.859010 4.34
10.871510 4.34
10.900010 4.34
10.910886 4.34
10.941011 4.34
10.951886 4.34
10.982011 4.34
10.994511 4.34
11.023012 4.34
11.035512 4.34
11.064011 4.34
11.076512 4.34
11.105011 4.34
11.117512 4.34
11.146012 4.34
11.156887 4.34
11.187012 4.34
11.199389 4.34
11.228013 4.34
11.240388 4.34
11.269013 4.34
11.281389 4.34
11.310263 4.34
11.321013 4.34
11.356655 4.34
11.369023 4.34
11.397907 4.34
11.408655 4.34
11.438890 4.34
11.449654 4.34
11.479890 4.34
11.490655 4.34
11.520890 4.34
11.531657 4.34
11.561890 4.34
11.572658 4.34
11.602890 4.34
11.613656 4.34
11.643891 4.34
11.654656 4.34
11.684891 4.34
11.695668 4.34
11.725891 4.34
11.736658 4.34
11.766892 4.34
11.777659 4.34
11.807892 4.34
11.818657 4.34
11.848892 4.34
11.859658 4.34
11.889893 4.34
11.900659 4.34
11.930893 4.34
11.941662 4.34
11.971893 4.34
11.982659 4.34
12.013019 4.34
12.028894 4.34
12.054144 4.34
12.064894 4.34
12.100535 4.34
12.111269 4.34
12.141912 4.34
12.152659 4.34
12.183145 4.34
12.193895 4.34
12.229538 4.34
12.245538 4.34
12.270910 4.34
12.281661 4.34
12.312145 4.34
12.322895 4.34
12.358536 4.34
12.369271 4.34
12.399915 4.34
12.410663 4.34
12.441021 4.34
12.457021 4.34
12.482147 4.34
12.492897 4.34
12.523272 4.34
12.534022 4.34
12.564674 4.34
12.580552 4.34
12.605898 4.34
12.616665 4.34
12.646898 4.34
12.657665 4.34
12.687898 4.34
12.698663 4.34
12.728899 4.34
12.739664 4.34
12.769899 4.34
12.780666 4.34
12.810916 4.34
12.821665 4.34
12.852149 4.34
12.863024 4.34
12.898542 4.34
12.909275 4.34
12.939917 4.34
12.950666 4.34
12.981151 4.34
12.991900 4.34
13.027552 4.34
13.043544 4.34
13.068918 4.34
13.079666 4.34
13.110151 4.34
13.120902 4.34
13.156545 4.34
13.167277 4.34
13.197919 4.34
13.208668 4.34
13.238902 4.34
13.249670 4.34
13.279903 4.34
13.290671 4.34
13.321028 4.34
13.336903 4.34
13.362153 4.34
13.373028 4.34
13.408557 4.34
13.419279 4.34
13.449921 4.34
13.462405 4.34
13.491154 4.34
13.501904 4.34
13.537558 4.34
13.553559 4.02
13.578922 4.34
13.591433 4.34
13.620155 4.34
13.630905 4.34
13.663031 4.34
13.673920 4.34
13.704155 4.34
13.714906 4.34
13.745281 4.34
13.756031 4.34
13.786683 4.34
13.802559 4.34
13.827907 4.34
13.838673 4.34
13.868907 4.34
13.881408 4.34
13.909907 4.34
13.920672 4.34
13.950908 4.34
13.963408 4.34
13.991908 4.34
14.002675 4.34
14.032908 4.34
14.045283 4.34
14.073908 4.34
14.086283 4.34
14.114908 4.34
14.127284 4.34
14.156034 4.34
14.171909 4.34
14.197159 4.34
14.208035 4.34
14.243561 4.34
14.259431 4.34
14.284926 4.34
14.300926 4.34
14.325910 4.34
14.338285 4.34
14.366910 4.34
14.379285 4.34
14.407911 4.34
14.420286 4.34
14.448911 4.34
14.464927 4.34
14.490036 4.34
14.505911 4.34
14.531161 4.34
14.542037 4.34
14.577563 4.34
14.593440 4.34
14.618912 4.34
14.634928 4.34
14.659912 4.34
14.672287 4.34
14.701038 4.34
14.716913 4.34
14.742163 4.34
14.752912 4.34
14.788556 4.34
14.804553 4.34
14.829914 4.34
14.845914 4.34
14.871039 4.34
14.886914 4.34
14.912164 4.34
14.922914 4.34
14.958566 4.34
14.974557 4.34
14.999932 4.34
15.015932 4.34
15.040915 4.34
15.056930 4.34
15.081916 4.34
15.098041 4.34
15.123041 4.02
15.138916 4.34
15.164166 4.34
15.175041 4.34
15.210569 4.34
15.226446 4.34
15.251933 4.34
15.267932 4.34
15.293042 4.34
15.308917 4.34
15.334167 4.34
15.344918 4.34
15.380572 4.34
15.396557 4.34
15.421933 4.34
15.437935 4.34
15.463043 4.34
15.478918 4.34
15.504168 4.34
15.514919 4.34
15.550573 4.34
15.566560 4.34
15.591935 4.34
15.607935 4.34
15.633169 4.34
15.644045 4.34
15.679573 4.34
15.695562 4.34
15.720938 4.34
15.736937 4.34
15.761920 4.34
15.777938 4.34
15.803046 4.34
15.818921 4.34
15.844170 4.34
15.854921 4.34
15.890561 4.34
15.906439 4.34
15.931938 4.34
15.947936 4.34
15.973047 4.34
15.988922 4.34
16.014172 4.34
16.024922 4.34
16.060423 4.34
16.076424 4.34
16.101940 4.34
16.117938 4.34
16.144924 4.34
16.155702 4.34
16.185923 4.34
16.201923 4.34
16.226924 4.34
16.242924 4.34
16.267924 4.34
16.283924 4.34
16.309049 4.34
16.324925 4.34
16.351925 4.34
16.362692 4.34
16.392925 4.34
16.408925 4.34
16.433925 4.34
16.449943 4.34
16.474925 4.34
16.491051 4.34
16.515944 4.34
16.531942 4.34
16.558941 4.34
16.569819 4.34
16.601944 4.34
16.612819 4.34
16.644943 4.34
16.655817 4.34
16.687942 4.34
16.698819 4.34
16.734302 4.34
16.745052 4.34
16.775705 4.34
16.786582 4.34
16.816928 4.34
16.832928 4.34
16.858053 4.34
16.868928 4.34
16.904303 4.34
16.915054 4.34
16.945820 4.34
16.958304 4.34
16.987055 4.34
16.997929 4.34
17.029805 4.34
17.040822 4.34
17.070930 4.34
17.081820 4.34
17.111930 4.34
17.122695 4.34
17.152931 4.34
17.163695 4.34
17.193930 4.34
17.204696 4.34
17.234931 4.34
17.245696 4.34
17.275931 4.34
17.286700 4.34
17.316932 4.34
17.327698 4.34
17.358057 4.34
17.368932 4.34
17.404307 4.34
17.415057 4.34
17.445823 4.34
17.461823 4.34
17.492308 4.34
17.503058 4.34
17.533710 4.34
17.544587 4.34
17.574933 4.34
17.585825 4.34
17.615934 4.34
17.626825 4.34
17.657059 4.34
17.667934 4.34
17.703309 4.34
17.714184 4.34
17.744712 4.34
17.755435 4.34
17.786060 4.34
17.796935 4.34
17.832310 4.34
17.843185 4.34
17.873712 4.34
17.884467 4.34
17.914936 4.34
17.925826 4.34
17.956061 4.34
17.966936 4.34
18.002311 4.34
18.013186 4.34
18.043715 4.34
18.054589 4.34
18.085062 4.34
18.095937 4.34
18.131312 4.34
18.142187 4.34
18.172714 4.34
18.183439 4.34
18.214063 4.34
18.224938 4.34
18.260313 4.34
18.271063 4.34
18.301715 4.34
18.312592 4.34
18.342939 4.34
18.353704 4.34
18.383939 4.34
18.394706 4.34
18.424939 4.34
18.435831 4.34
18.466065 4.34
18.476940 4.34
18.512315 4.34
18.528315 4.34
18.553719 4.34
18.566316 4.34
18.595066 4.34
18.605941 4.34
18.641316 4.34
18.657316 4.34
18.682718 4.34
18.695316 4.34
18.723942 4.34
18.734707 4.34
18.765067 4.34
18.775942 4.34
18.811317 4.34
18.822067 4.34
18.852720 4.34
18.865192 4.34
18.893943 4.34
18.904709 4.34
18.935068 4.34
18.945943 4.34
18.981319 4.34
18.992068 4.34
19.022723 4.34
19.035319 4.34
19.063944 4.34
19.074710 4.34
19.104944 4.34
19.115709 4.34
19.146070 4.34
19.156837 4.34
19.192472 4.34
19.208448 4.34
19.233838 4.34
19.249714 4.34
19.274835 4.34
19.290711 4.34
19.315838 4.34
19.331713 4.34
19.357071 4.34
19.367836 4.34
19.403322 4.34
19.415822 4.34
19.444725 4.34
19.457197 4.34
19.485948 4.34
19.496850 4.34
19.527073 4.34
19.537838 4.34
19.573323 4.34
19.585854 4.34
19.614715 4.34
19.627323 4.34
19.655948 4.34
19.666715 4.34
19.697074 4.34
19.707838 4.34
19.743324 4.34
19.759198 4.34
19.784715 4.34
19.797074 4.34
19.825950 4.34
19.836716 4.34
19.867075 4.34
19.877841 4.34
19.913325 4.34
19.925728 4.34
19.954728 4.34
19.970716 4.34
19.995951 4.34
20.006716 4.34
20.037076 4.34
20.047843 4.34
20.083326 4.34
20.107729 4.34
20.123604 4.34
20.149078 4.34
20.159842 4.34
20.195327 4.34
20.219731 4.34
20.235606 4.34
20.260952 4.34
20.271721 4.34
20.301953 4.34
20.312718 4.34
20.343078 4.34
20.353846 4.34
20.389336 4.34
20.405204 4.34
20.430733 4.34
20.446721 4.34
20.472079 4.34
20.482844 4.34
20.518337 4.34
20.534204 4.34
20.559720 4.34
20.575607 4.34
20.600846 4.34
20.611610 4.34
20.642081 4.34
20.652845 4.34
20.688337 4.34
20.704205 4.34
20.729721 4.34
20.745611 4.34
20.770956 4.34
20.781724 4.34
20.812082 4.34
20.822957 4.34
20.858340 4.34
20.874340 4.34
20.899736 4.34
20.915616 4.34
20.940957 4.34
20.951727 4.34
20.981958 4.34
20.992726 4.34
21.022958 4.34
21.033724 4.34
21.064084 4.34
21.074958 4.34
21.110338 4.34
21.126336 4.34
21.151851 4.34
21.167851 4.34
21.192959 4.34
21.203852 4.34
21.234085 4.34
21.244853 4.34
21.280337 4.34
21.304850 4.34
21.334337 4.34
21.350337 4.34
21.375615 4.34
21.386338 4.34
21.416961 4.34
21.427853 4.34
21.459741 4.34
21.470491 4.34
21.500962 4.34
21.511854 4.34
21.543732 4.34
21.554490 4.34
21.586742 4.34
21.597616 4.34
21.628087 4.34
21.638855 4.34
21.674342 4.34
21.690342 4.34
21.715617 4.34
21.726491 4.34
21.756963 4.34
21.767854 4.34
21.798509 4.34
21.809349 4.34
21.841754 4.34
21.852734 4.34
21.888348 4.34
21.904346 4.34
21.929859 4.34
21.945857 4.34
21.970965 4.34
21.981857 4.34
22.013747 4.34
22.024495 4.34
22.056744 4.34
22.067620 4.34
22.099744 4.34
22.110492 4.34
22.142744 4.34
22.153620 4.34
22.189746 4.34
22.205977 4.34
22.231355 4.34
22.242354 4.68
22.272973 4.68
22.283866 4.68
22.314506 4.68
22.325348 4.68
22.355970 4.34
22.366861 4.68
22.397218 4.68
22.409719 4.68
22.438498 4.68
22.449344 4.68
22.479969 4.34
22.490858 4.34
22.526527 4.34
22.537525 4.68
22.573354 4.68
22.584226 4.34
22.614867 4.68
22.625615 4.68
22.656223 4.68
22.672347 4.68
22.697628 4.68
22.713863 4.68
22.738971 4.34
22.749861 4.68
22.785096 4.68
22.795861 4.68
22.826625 4.68
22.842861 4.68
22.873536 4.68
22.884532 5.35
22.916651 5.35
22.927643 5.35
22.963514 5.35
22.974353 5.00
23.004976 5.35
23.015866 5.00
23.046224 5.35
23.062223 5.00
23.087503 5.35
23.098223 5.35
23.128865 5.35
23.139616 5.35
23.175350 5.35
23.186224 5.35
23.216628 5.00
23.232503 5.35
23.257974 5.00
23.268864 5.35
23.304350 5.00
23.315225 5.35
23.345867 5.35
23.356618 5.35
23.392350 5.35
23.403225 5.00
23.433629 5.35
23.449869 5.00
23.474867 5.35
23.485744 5.00
23.521101 5.35
23.531976 5.35
23.562226 5.35
23.578101 5.35
23.603505 5.35
23.614374 5.35
23.644976 5.00
23.655875 5.35
23.691227 5.00
23.707102 5.35
23.735353 5.35
23.746227 5.35
23.776868 5.35
23.787620 5.35
23.823103 5.35
23.833854 5.00
23.864228 5.35
23.880104 5.00
23.905506 5.35
23.916229 5.35
23.946870 5.35
23.957621 5.35
23.993355 5.35
24.004229 5.35
24.034877 5.00
24.045622 5.35
24.081230 5.00
24.097229 5.35
24.122509 5.35
24.133356 5.35
24.163981 5.35
24.174872 5.35
24.210106 5.35
24.220981 5.00
24.251231 5.35
24.267106 5.00
24.292636 5.35
24.308634 5.00
24.333982 5.35
24.344872 5.35
24.380358 5.35
24.391232 5.35
24.421872 5.35
24.432749 5.35
24.468233 5.00
24.484232 5.35
24.509636 5.00
24.525638 5.35
24.550984 5.35
24.561873 5.35
24.597234 5.35
24.613109 5.00
24.638511 5.35
24.649234 5.00
24.679873 5.35
24.690638 5.00
24.726109 5.35
24.738610 5.35
24.767235 5.35
24.783235 5.35
24.808512 5.35
24.820985 5.35
24.851612 5.35
24.862515 5.35
24.892877 5.00
24.903627 5.35
24.939236 5.00
24.955236 5.35
24.980515 5.35
24.992987 5.35
25.023641 5.35
25.034514 5.35
25.070113 5.35
25.082636 5.00
25.111380 5.35
25.122237 5.00
25.152642 5.35
25.168630 5.35
25.195614 5.35
25.206515 5.35
25.238614 5.35
25.249364 5.35
25.285114 5.00
25.297614 5.35
25.326239 5.00
25.342239 5.35
25.367517 5.35
25.383365 5.35
25.408882 5.35
25.419632 5.35
25.450115 5.35
25.466240 5.35
25.491240 5.35
25.507115 5.35
25.532643 5.35
25.550492 5.00
25.568881 5.35
25.599241 5.00
25.609991 5.35
25.640645 5.35
25.656883 5.35
25.687241 5.35
25.698116 5.35
25.728396 5.35
25.739242 5.00
25.769759 5.35
25.780522 5.00
25.811117 5.35
25.826992 5.00
25.852397 5.35
25.863243 5.35
25.893883 5.35
25.904761 5.35
25.935119 5.35
25.950993 5.35
25.976400 5.35
25.987243 5.35
26.017762 5.35
26.028521 5.35
26.059119 5.00
26.075119 5.35
26.100398 5.00
26.111244 5.35
26.141887 5.00
26.152762 5.35
26.183120 5.35
26.198995 5.35
26.224400 5.35
26.235245 5.35
26.265761 5.35
26.276526 5.35
26.307121 5.35
26.323121 5.35
26.348402 5.35
26.359246 5.35
26.389764 5.35
26.400526 5.00
26.431122 5.35
26.446997 5.00
26.472403 5.35
26.483247 5.00
26.513764 5.35
26.524524 5.00
26.555248 5.35
26.566123 5.35
26.596767 5.35
26.607527 5.35
26.637999 5.35
26.648873 5.35
26.679124 5.35
26.694999 5.35
26.720402 5.35
26.731249 5.35
26.761765 5.00
26.772529 5.35
26.803000 5.00
26.813875 5.35
26.844000 5.00
26.854875 5.35
26.884999 5.35
26.895767 5.35
26.926000 5.35
26.936768 5.35
26.967000 5.35
26.977766 5.35
27.008001 5.35
27.018767 5.35
27.049001 5.35
27.059768 5.35
27.090002 5.35
27.100767 5.00
27.131002 5.35
27.141769 5.00
27.172002 5.35
27.182770 5.00
27.213002 5.35
27.223771 5.00
27.254002 5.35
27.264771 5.00
27.295003 5.35
27.307532 5.35
27.336003 5.35
27.346770 5.35
27.377004 5.35
27.389534 5.35
27.418004 5.35
27.430533 5.35
27.459004 5.35
27.471535 5.35
27.500004 5.00
27.510771 5.35
27.541005 5.00
27.553535 5.35
27.582005 5.00
27.594532 5.35
27.623005 5.00
27.635535 5.35
27.664006 5.35
27.676532 5.35
27.705006 5.35
27.717536 5.35
27.746006 5.35
27.758534 5.35
27.787006 5.35
27.799534 5.35
27.828007 5.35
27.840535 5.35
27.869007 5.35
27.881537 5.00
27.910008 5.35
27.922537 5.00
27.951008 5.35
27.963537 5.00
27.992008 5.35
28.007883 5.00
28.033008 5.35
28.045536 5.35
28.074008 5.35
28.086537 5.35
28.115009 5.35
28.130884 5.35
28.156009 5.35
28.172009 5.35
28.197010 5.35
28.209413 5.35
28.238010 5.35
28.250414 5.35
28.279010 5.00
28.294885 5.35
28.320010 5.00
28.332415 5.35
28.361010 5.00
28.376886 5.35
28.402011 5.00
28.418011 5.35
28.443011 5.35
28.459012 5.35
28.484011 5.35
28.500012 5.35
28.525012 5.35
28.541012 5.35
28.566012 5.35
28.582012 5.35
28.607012 5.35
28.623013 5.35
28.648013 5.35
28.664013 5.00
28.689013 5.35
28.705013 5.00
28.730013 5.35
28.746014 5.00
28.771013 5.35
28.787014 5.00
28.812014 5.35
28.828015 5.35
28.853014 5.35
28.869014 5.35
28.894014 5.35
28.910014 5.35
28.935015 5.35
28.951015 5.35
28.976015 5.35
28.992015 5.35
29.017015 5.35
29.033016 5.35
29.058015 5.00
29.074016 5.35
29.099015 5.00
29.115016 5.35
29.140016 5.00
29.156016 5.35
29.181141 5.00
29.191892 5.35
29.222420 5.35
29.238516 5.35
29.263783 5.35
29.274517 5.35
29.305018 5.35
29.321018 5.35
29.346018 5.35
29.362018 5.35
29.387422 5.35
29.403518 5.00
29.428786 5.35
29.439518 5.00
29.469894 5.35
29.480784 5.00
29.510894 5.35
29.521785 5.00
29.551894 5.35
29.562786 5.35
29.592894 5.35
29.603787 5.35
29.634020 5.35
29.650020 5.35
29.675020 5.35
29.691020 5.35
29.716146 5.35
29.726896 5.35
29.757271 5.35
29.768146 5.35
29.798521 5.00
29.809271 5.35
29.839788 5.00
29.850521 5.35
29.880897 5.00
29.891787 5.35
29.921897 5.35
29.932791 5.69
29.962897 5.35
29.973790 5.69
30.004023 5.35
30.020022 5.35
30.045148 5.35
30.056023 5.69
30.086273 5.35
30.097148 5.35
30.127428 5.35
30.143429 5.00
30.168790 5.35
30.179553 5.00
30.210024 5.35
30.226024 5.00
30.251149 5.35
30.261899 5.35
30.292274 5.35
30.303149 5.35
30.333430 5.35
30.349429 5.35
30.376428 5.35
30.387275 5.35
30.423151 5.35
30.434026 5.35
30.464276 5.00
30.475151 5.35
30.505432 5.35
30.521432 5.69
30.548431 5.35
30.559276 5.69
30.595152 5.35
30.605901 5.35
30.636277 5.35
30.648917 5.00
30.677433 5.35
30.693434 5.00
30.720430 5.35
30.731277 5.35
30.767153 5.35
30.778028 5.35
30.808278 5.35
30.819153 5.35
30.849545 5.35
30.860279 5.35
30.896154 5.00
30.907029 5.35
30.937435 5.35
30.953432 5.69
30.980432 5.35
30.991279 5.69
31.023435 5.35
31.034280 5.00
31.070030 5.35
31.086155 5.35
31.111156 5.35
31.121906 5.35
31.152421 5.35
31.168549 5.35
31.199156 5.35
31.209906 5.35
31.240407 5.00
31.256558 5.35
31.283285 5.00
31.294032 5.35
31.326286 5.35
31.337032 5.35
31.372924 5.35
31.385286 5.00
31.414157 5.35
31.425033 5.00
31.455409 5.35
31.471560 5.00
31.498287 5.35
31.509033 5.35
31.539563 5.35
31.550410 5.35
31.581034 5.35
31.591926 5.35
31.622159 5.35
31.633034 5.35
31.663410 5.35
31.674285 5.35
31.704551 5.35
31.715285 5.35
31.745925 5.00
31.762035 5.35
31.787160 5.00
31.797910 5.35
31.828441 5.00
31.839285 5.35
31.875036 5.35
31.885926 5.69
31.916161 5.35
31.926911 5.35
31.957412 5.35
31.968287 5.35
31.998554 5.35
32.009413 5.00
32.039912 5.69
32.055928 5.00
32.080913 5.35
32.096928 5.00
32.122038 5.35
32.132913 5.35
32.163163 5.35
32.174038 5.35
32.204414 5.35
32.215288 5.35
32.250930 5.35
32.266929 5.35
32.292163 5.00
32.303039 5.35
32.333415 5.00
32.344289 5.35
32.379930 5.35
32.395930 5.35
32.421165 5.35
32.432040 5.35
32.462433 5.35
32.473290 5.35
32.509165 5.35
32.519933 5.00
32.550417 5.35
32.561291 5.35
32.596931 5.35
32.612932 5.35
32.638166 5.35
32.649041 5.35
32.679418 5.35
32.690292 5.35
32.726167 5.00
32.737042 5.69
32.767418 5.35
32.778292 5.35
32.813934 5.35
32.829935 5.35
32.855168 5.35
32.865918 5.00
32.896418 5.35
32.907293 5.00
32.943169 5.35
32.954044 5.35
32.984420 5.35
32.995294 5.35
33.031169 5.35
33.041919 5.35
33.072420 5.00
33.083294 5.35
33.118935 5.00
33.134934 5.35
33.160170 5.35
33.171046 5.69
33.201422 5.35
33.212296 5.35
33.247937 5.35
33.263812 5.00
33.289171 5.69
33.300046 5.35
33.335300 5.69
33.346171 5.35
33.381939 5.69
33.397937 5.35
33.423172 5.00
33.435815 5.35
33.464423 5.00
33.475297 5.35
33.507343 5.35
33.518047 5.35
33.553939 5.35
33.569940 5.00
33.595173 5.35
33.607817 5.00
33.636425 5.35
33.647299 5.00
33.683049 5.35
33.693939 5.35
33.724174 5.35
33.736691 5.35
33.765455 5.35
33.776300 5.35
33.806942 5.35
33.822940 5.35
33.848175 5.00
33.860692 5.35
33.889426 5.00
33.900300 5.35
33.935940 5.00
33.951944 5.35
33.977176 5.35
33.989569 5.35
34.018301 5.35
34.034301 5.35
34.064942 5.35
34.080942 5.00
34.106177 5.35
34.118570 5.35
34.147427 5.35
34.158302 5.35
34.193944 5.69
34.209945 5.35
34.235177 5.35
34.247569 5.35
34.276429 5.35
34.287303 5.35
34.322703 5.00
34.333429 5.35
34.363929 5.35
34.374695 5.35
34.404929 5.35
34.415694 5.35
34.446054 5.35
34.456930 5.69
34.487179 5.35
34.503055 5.35
34.528433 5.35
34.539305 5.35
34.569708 5.69
34.582199 5.00
34.611056 5.35
34.621931 5.00
34.652181 5.35
34.668180 5.35
34.693432 5.35
34.704306 5.35
34.739825 5.35
34.755824 5.35
34.781057 5.35
34.791932 5.35
34.822182 5.00
34.838182 5.35
34.871822 5.00
34.887826 5.35
34.913057 5.35
34.923933 5.35
34.954183 5.35
34.970183 5.35
34.995434 5.35
35.006308 5.00
35.036712 5.35
35.047434 5.00
35.077934 5.35
35.088701 5.00
35.118934 5.35
35.129701 5.00
35.159934 5.35
35.170701 5.00
35.200935 5.35
35.211702 5.35
35.242060 5.35
35.252935 5.35
35.283185 5.35
35.299185 5.35
35.324437 5.35
35.335311 5.35
35.365714 5.35
35.381828 5.35
35.406936 5.00
35.417703 5.35
35.448062 5.00
35.458936 5.35
35.489187 5.00
35.505187 5.35
35.530312 5.00
35.541062 5.35
35.576959 5.35
35.587830 5.35
35.618063 5.35
35.628938 5.00
35.659188 5.35
35.675188 5.00
35.700439 5.35
35.711313 5.00
35.741719 5.35
35.752439 5.00
35.782939 5.35
35.793706 5.35
35.823939 5.35
35.834706 5.35
35.865065 5.35
35.875940 5.35
35.906190 5.35
35.922190 5.35
35.947440 5.35
35.958315 5.35
35.988720 5.35
36.004830 5.35
36.030066 5.00
36.040941 5.35
36.071191 5.00
36.087191 5.35
36.112442 5.00
36.123316 5.35
36.153959 5.35
36.164709 5.69
36.195192 5.35
36.211067 5.35
36.236442 5.35
36.247316 5.35
36.277722 5.35
36.293833 5.35
36.319068 5.35
36.331597 5.00
36.360193 5.35
36.376193 5.00
36.403203 5.35
36.413943 5.00
36.446203 5.35
36.457069 5.35
36.487444 5.35
36.498319 5.35
36.528837 5.35
36.544836 5.35
36.569945 5.35
36.580838 5.35
36.611194 5.35
36.627195 5.35
36.654212 5.00
36.665070 5.35
36.695836 5.00
36.711838 5.35
36.737071 5.00
36.749446 5.35
36.778196 5.35
36.794196 5.35
36.821072 5.35
36.831838 5.35
36.862197 5.35
36.878197 5.35
36.905072 5.35
36.915840 5.00
36.946197 5.35
36.962197 5.00
36.989073 5.35
36.999839 5.35
37.030197 5.35
37.046198 5.35
37.073073 5.35
37.083841 5.35
37.114198 5.35
37.130198 5.35
37.157074 5.35
37.167841 5.35
37.198199 5.00
37.214198 5.35
37.244604 5.00
37.257075 5.35
37.285840 5.35
37.296592 5.35
37.326842 5.35
37.337594 5.35
37.367950 5.35
37.378716 5.35
37.409076 5.35
37.425076 5.35
37.450201 5.35
37.461076 5.00
37.496842 5.35
37.507593 5.35
37.538201 5.35
37.549077 5.35
37.584719 5.35
37.600606 5.35
37.626077 5.00
37.641952 5.35
37.667202 5.00
37.677970 5.35
37.713607 5.00
37.729605 5.35
37.754844 5.35
37.765593 5.35
37.795846 5.35
37.806607 5.35
37.837079 5.35
37.852954 5.35
37.878204 5.35
37.888954 5.00
37.924846 5.35
37.935608 5.35
37.966079 5.35
37.981955 5.35
38.007204 5.35
38.017955 5.35
38.053722 5.69
38.069607 5.35
38.095081 5.00
38.111080 5.35
38.136206 5.00
38.147081 5.35
38.182848 5.35
38.193611 5.35
38.224082 5.35
38.240082 5.35
38.265207 5.35
38.276082 5.35
38.311849 5.35
38.322611 5.35
38.353082 5.35
38.369082 5.35
38.394207 5.35
38.405082 5.35
38.435341 5.35
38.446083 5.35
38.476735 5.35
38.492613 5.35
38.518083 5.35
38.534084 5.35
38.559209 5.35
38.570084 5.35
38.605611 5.00
38.616338 5.35
38.646959 5.35
38.657851 5.35
38.687985 5.35
38.698852 5.69
38.729210 5.35
38.740085 5.35
38.775614 5.35
38.786338 5.00
38.816961 5.35
38.827854 5.00
38.857961 5.35
38.868854 5.00
38.899087 5.35
38.915086 5.35
38.940212 5.35
38.950961 5.35
38.986853 5.35
38.997616 5.35
39.027963 5.00
39.038855 5.35
39.069088 5.00
39.084980 5.35
39.110213 5.00
39.121088 5.35
39.156855 5.35
39.167616 5.35
39.198088 5.35
39.214089 5.35
39.239213 5.35
39.250089 5.35
39.280618 5.35
39.296617 5.00
39.321964 5.35
39.334493 5.00
39.363090 5.35
39.378965 5.00
39.404215 5.35
39.415090 5.35
39.445618 5.35
39.458121 5.35
39.487091 5.35
39.503090 5.35
39.528216 5.69
39.539090 5.35
39.569621 5.35
39.580345 5.35
39.610966 5.35
39.623345 5.35
39.651967 5.00
39.664345 5.35
39.693092 5.00
39.708967 5.35
39.734217 5.00
39.745092 5.35
39.775622 5.35
39.791623 5.35
39.816968 5.35
39.829344 5.35
39.858093 5.35
39.874093 5.35
39.899218 5.35
39.909969 5.35
39.941999 5.35
39.952861 5.00
39.983219 5.35
39.994094 5.00
40.029499 5.35
40.040219 5.35
40.070970 5.35
40.083349 5.35
40.111970 5.35
40.127860 5.35
40.153095 5.69
40.169095 5.35
40.194220 5.35
40.204971 5.35
40.240625 5.00
40.256624 5.35
40.281971 5.35
40.297972 5.35
40.322972 5.35
40.338864 5.35
40.364097 5.35
40.380097 5.35
40.405222 5.35
40.415972 5.35
40.446624 5.35
40.462502 5.35
40.487973 5.35
40.503973 5.00
40.529098 5.35
40.545098 5.00
40.570223 5.35
40.581098 5.00
40.616628 5.35
40.632628 5.35
40.657974 5.35
40.673974 5.35
40.698974 5.35
40.714850 5.35
40.740099 5.35
40.755975 5.35
40.781225 5.00
40.791975 5.35
40.822629 5.00
40.838629 5.69
40.863976 5.00
40.879850 5.35
40.904975 5.35
40.920976 5.35
40.945976 5.35
40.961851 5.35
40.987101 5.35
41.003101 5.35
41.028227 5.35
41.039101 5.35
41.074628 5.35
41.090506 5.00
41.115869 5.35
41.126620 5.00
41.156977 5.35
41.172853 5.35
41.197978 5.35
41.213978 5.35
41.239103 5.35
41.255103 5.35
41.280228 5.35
41.290978 5.35
41.326620 5.35
41.342621 5.35
41.367869 5.00
41.378620 5.35
41.408979 5.00
41.424979 5.35
41.449980 5.35
41.465855 5.35
41.490980 5.35
41.506855 5.35
41.532105 5.35
41.547980 5.35
41.573230 5.35
41.584105 5.35
41.619633 5.35
41.635507 5.00
41.660981 5.35
41.676873 5.35
41.701982 5.35
41.717856 5.35
41.742982 5.35
41.758857 5.35
41.783982 5.69
41.799857 5.35
41.824982 5.35
41.840857 5.35
41.865982 5.69
41.881858 5.35
41.906983 5.35
41.922858 5.35
41.947983 5.00
41.963983 5.35
41.988983 5.00
42.004983 5.35
42.029984 5.00
42.045984 5.35
42.070984 5.00
42.086859 5.35
42.111984 5.35
42.127984 5.35
42.152984 5.35
42.168985 5.35
42.193985 5.35
42.209985 5.35
42.234985 5.35
42.250860 5.35
42.275986 5.35
42.291986 5.35
42.316986 5.35
42.332986 5.00
42.357986 5.35
42.373861 5.00
42.398986 5.35
42.414862 5.00
42.439987 5.35
42.455862 5.00
42.481112 5.35
42.491987 5.35
42.527363 5.35
42.539863 5.35
42.568880 5.35
42.584880 5.35
42.609988 5.00
42.625988 5.35
42.650988 5.00
42.661863 5.35
42.691989 5.00
42.702864 5.35
42.732989 5.35
42.743864 5.35
42.773989 5.35
42.784864 5.35
42.815626 4.34
42.826542 4.34
42.857245 4.34
42.868120 4.34
42.898888 4.34
42.914887 4.34
42.940117 4.34
42.950992 4.34
42.986522 4.34
43.002522 4.34
43.027991 4.34
43.043866 4.34
43.069116 4.34
43.079866 4.34
43.115367 4.34
43.131641 4.34
43.157001 4.34
43.173250 4.34
43.203623 4.34
43.214374 4.34
43.245246 4.34
43.256120 4.34
43.286653 4.34
43.297525 4.34
43.327887 4.34
43.343883 4.34
43.368869 4.34
43.384884 4.34
43.409994 4.34
43.425994 4.34
43.450994 4.02
43.461869 4.34
43.491994 4.34
43.502760 4.02
43.538663 4.34
