0.000000 0.000000
0.041996 4.34
0.054554 4.34
0.083429 4.34
0.094340 4.34
0.125218 2.66
0.146999 2.34
0.159713 2.66
0.193994 2.34
0.206556 2.34
0.235318 2.66
0.246177 2.34
0.276550 2.34
0.287299 2.66
0.317547 2.34
0.328297 2.34
0.358546 2.34
0.369297 2.34
0.399547 2.34
0.410296 2.34
0.440546 2.34
0.451296 2.34
0.481545 2.34
0.492296 2.34
0.522546 2.66
0.533296 2.34
0.563547 2.34
0.579548 2.34
0.604700 2.34
0.620701 2.34
0.646064 2.34
0.662064 2.34
0.687189 2.34
0.703189 2.34
0.728174 2.34
0.739065 2.34
0.769337 2.34
0.780320 2.34
0.810949 2.34
0.821935 2.34
0.858002 2.66
0.879755 2.34
0.891005 2.66
0.921311 2.34
0.932309 2.34
0.963095 2.34
0.984884 3.01
0.996098 4.02
1.031852 4.02
1.042850 4.02
1.073307 4.02
1.084182 4.02
1.114710 4.02
1.130710 4.02
1.156196 4.02
1.172304 4.02
1.197179 4.02
1.208070 4.34
1.238179 4.02
1.249067 4.02
1.279178 4.02
1.290068 4.34
1.320179 4.02
1.331070 4.34
1.361179 4.02
1.372067 4.34
1.402179 4.02
1.413070 4.34
1.448748 4.34
1.459748 4.34
1.490321 4.34
1.501335 4.34
1.531690 4.34
1.547962 4.34
1.573313 4.34
1.584313 4.34
1.614935 4.34
1.627560 4.34
1.661718 4.34
1.677715 4.34
1.703074 4.34
1.719200 4.34
1.744199 4.34
1.760183 4.34
1.785183 4.34
1.796073 4.34
1.826183 4.34
1.837073 4.34
1.867754 4.34
1.878750 4.34
1.909318 4.02
1.920316 4.34
1.950947 4.34
1.963570 4.68
1.994090 4.68
2.005085 4.68
2.040708 4.68
2.051563 4.68
2.082080 4.68
2.098206 4.68
2.123313 4.68
2.134187 4.68
2.169562 4.68
2.185561 4.68
2.213811 4.68
2.224561 4.68
2.255226 4.34
2.266207 4.68
2.296864 4.68
2.307860 4.68
2.343692 4.68
2.354565 4.68
2.385207 4.68
2.396205 4.68
2.426564 4.68
2.442564 4.68
2.468081 4.68
2.484078 4.68
2.509203 4.68
2.519955 4.68
2.555564 4.68
2.571891 4.68
2.597107 4.68
2.618697 4.68
2.629696 5.00
2.660318 4.68
2.671209 4.68
2.701693 5.00
2.712567 5.00
2.742986 5.00
2.758982 5.00
2.784315 5.00
2.795191 4.68
2.830565 4.68
2.846441 5.00
2.872105 4.68
2.888321 5.00
2.918704 4.68
2.929702 5.00
2.961950 5.00
2.972839 5.00
3.008697 5.00
3.019570 5.00
3.050218 4.68
3.060988 5.00
3.091568 5.00
3.107443 5.00
3.133212 4.68
3.144086 5.00
3.179569 5.00
3.195568 5.00
3.221093 4.68
3.237323 5.00
3.262705 4.68
3.273704 5.00
3.305952 5.00
3.316967 5.00
3.352869 5.00
3.363870 5.00
3.399572 5.00
3.415571 5.00
3.441087 5.00
3.457213 5.00
3.487696 5.00
3.498571 5.00
3.529088 5.00
3.545246 5.00
3.570707 5.00
3.581704 4.68
3.613952 5.00
3.624968 5.00
3.660867 5.00
3.671700 4.68
3.703949 5.00
3.714854 5.00
3.745215 5.00
3.755966 5.00
3.791573 5.00
3.807448 5.00
3.832979 5.00
3.848839 5.00
3.874215 4.68
3.884979 5.00
3.915888 4.68
3.928458 4.68
3.962706 4.68
3.973705 4.68
4.005955 4.68
4.016972 4.68
4.052703 4.68
4.063577 4.68
4.094219 4.68
4.104970 4.68
4.140576 4.68
4.156451 4.68
4.181978 4.68
4.198118 4.68
4.228878 4.68
4.241456 4.68
4.275706 4.68
4.286705 4.68
4.317220 4.68
4.327972 4.68
4.363578 4.68
4.379453 4.68
4.404980 4.68
4.420983 4.68
4.447954 4.68
4.458858 4.68
4.490954 4.68
4.501721 4.68
4.537594 4.68
4.553733 4.68
4.579222 4.34
4.589972 4.34
4.620580 4.68
4.636454 4.68
4.661982 4.68
4.683223 4.68
4.693972 4.34
4.724455 4.34
4.736957 4.68
4.765707 4.34
4.776580 4.68
4.807096 4.34
4.817849 4.34
4.853456 4.34
4.869582 4.34
4.894725 4.68
4.905582 4.34
4.936223 4.68
4.946975 4.34
4.977457 4.34
4.993582 4.68
5.018709 4.68
5.029583 4.34
5.060225 4.68
5.070975 4.68
5.101459 4.34
5.113835 4.68
5.142738 4.34
5.153584 4.34
5.184227 4.68
5.194975 4.68
5.230335 4.68
5.241228 4.68
5.271460 4.68
5.287335 4.68
5.312727 4.34
5.323726 4.34
5.359594 4.34
5.370593 4.34
5.401236 4.34
5.412110 4.34
5.442752 4.34
5.453590 4.34
5.484229 4.34
5.494981 4.34
5.525587 4.34
5.536462 4.34
5.566993 4.34
5.577866 4.34
5.613587 4.34
5.624337 4.34
5.654990 4.34
5.665866 4.34
5.701338 4.34
5.712228 4.34
5.743000 4.34
5.759223 4.34
5.784596 4.34
5.795595 4.34
5.826238 4.02
5.836985 4.34
5.867592 4.34
5.878467 4.34
5.908999 4.34
5.919871 4.34
5.955466 4.34
5.971465 4.34
5.996716 4.34
6.007590 4.34
6.037993 4.34
6.048869 4.34
6.084466 4.34
6.100466 4.34
6.125717 4.34
6.136591 4.34
6.166995 4.02
6.177717 4.34
6.213467 4.34
6.229467 4.34
6.257869 4.34
6.273719 4.34
6.299235 4.34
6.309986 4.34
6.340468 4.34
6.356343 4.34
6.381593 4.34
6.392342 4.34
6.422996 4.34
6.433734 4.02
6.469469 4.34
6.485469 4.34
6.510720 4.34
6.521594 4.34
6.552243 4.34
