0.000000 0.000000
0.041859 4.34
0.052834 4.34
0.083225 4.34
0.104777 3.01
0.116029 2.66
0.148153 2.66
0.159248 2.66
0.189773 2.66
0.200891 2.34
0.230955 2.66
0.241706 2.34
0.271953 2.66
0.282703 2.34
0.312951 2.34
0.323703 2.34
0.353951 2.34
0.364701 2.34
0.394950 2.34
0.405701 2.34
0.435949 2.34
0.446700 2.34
0.476950 2.34
0.487700 2.34
0.517950 2.34
0.528701 2.34
0.558950 2.66
0.569701 2.34
0.599950 2.34
0.610701 2.34
0.640951 2.34
0.651701 2.34
0.681951 2.34
0.692702 2.34
0.722952 2.34
0.733702 2.34
0.763965 2.34
0.776476 2.66
0.810581 2.34
0.821330 2.34
0.851589 2.34
0.862339 2.34
0.892978 2.34
0.908963 2.34
0.934215 2.34
0.945090 2.66
0.980603 3.67
0.993092 4.02
1.024587 4.02
1.035336 4.02
1.065584 4.34
1.078085 4.02
1.106582 4.02
1.119085 4.02
1.147707 4.02
1.163581 4.02
1.188707 4.02
1.204580 4.02
1.229706 4.02
1.245580 4.02
1.270706 4.02
1.286580 4.02
1.311707 4.02
1.327580 4.02
1.352706 4.02
1.368581 4.02
1.393707 4.02
1.409581 4.02
1.434722 4.02
1.450734 4.02
1.475970 4.34
1.492122 4.34
1.522593 4.34
1.538882 4.34
1.564231 4.34
1.575107 4.34
1.605748 4.34
1.616586 4.34
1.649032 4.34
1.659992 4.34
1.695884 4.34
1.706884 4.34
1.737340 4.34
1.748214 4.34
1.778856 4.34
1.789714 4.34
1.820228 4.34
1.830980 4.34
1.861336 4.34
1.872211 4.34
1.907586 4.34
1.923461 4.34
1.948990 4.34
1.964853 4.34
1.990337 4.34
2.001212 4.34
2.036587 4.34
2.052462 4.34
2.077991 4.34
2.093856 4.34
2.119337 4.34
2.130213 4.34
2.165588 4.34
2.181463 4.34
2.206993 4.34
2.222993 4.34
2.248213 4.02
2.258979 4.34
2.289214 4.34
2.299981 4.34
2.330339 4.34
2.341214 4.02
2.376589 4.34
2.392589 4.34
2.417991 4.34
2.433856 4.34
2.459339 4.34
2.470233 4.34
2.505590 4.34
2.521465 4.34
2.546995 4.34
2.562997 4.34
2.588341 4.34
2.599216 4.34
2.634591 4.34
2.650466 4.34
2.675997 4.34
2.691995 4.34
2.717342 4.34
2.728217 4.34
2.763592 4.34
2.779467 4.34
2.804872 4.34
2.815719 4.34
2.846236 4.34
2.856985 4.34
2.892593 4.34
2.908468 4.34
2.933996 4.34
2.949872 4.34
2.975344 4.34
2.986219 4.34
3.021594 4.34
3.037594 4.68
3.062999 4.68
3.079160 4.68
3.104603 5.00
3.115602 5.00
3.146241 5.00
3.157114 5.00
3.187755 5.00
3.198598 5.00
3.229237 5.00
3.240113 5.00
3.275596 5.00
3.291597 5.00
3.317110 5.00
3.333236 5.00
3.360000 5.00
3.370729 5.00
3.406761 5.00
3.417599 5.00
3.448244 5.00
3.459242 5.00
3.489724 5.00
3.500598 5.00
3.531020 5.00
3.547003 5.00
3.573974 5.00
3.584877 5.00
3.615240 5.00
3.625992 5.00
3.661740 5.00
3.672736 5.00
3.708603 5.00
3.724602 5.00
3.750010 5.35
3.766008 5.35
3.792976 5.35
3.803880 5.00
3.834242 5.35
3.844991 5.35
3.875475 5.35
3.887976 5.35
3.916726 5.35
3.927601 5.35
3.957877 5.35
3.970351 5.00
4.004614 5.35
4.015613 5.35
4.046254 5.00
4.057234 5.35
4.087607 5.35
4.103606 5.35
4.129015 5.35
4.144996 5.35
4.175604 5.35
4.191603 5.35
4.217010 5.00
4.232883 5.00
4.263478 5.35
4.279603 5.35
4.305027 5.35
4.321256 5.00
4.346614 5.35
4.357613 5.35
4.388253 5.35
4.399234 5.35
4.429770 5.35
4.440608 5.35
4.471249 5.35
4.482000 5.35
4.512606 5.35
4.523481 5.35
4.554009 5.00
4.570007 5.00
4.600606 5.35
4.611746 5.00
4.642009 5.00
4.652884 5.35
4.688606 5.35
4.699356 5.35
4.730011 5.35
4.740733 5.35
4.776606 5.35
4.787482 5.35
4.818011 5.69
4.828733 5.35
4.864607 5.00
4.875357 5.35
4.906013 5.35
4.917126 5.35
4.947619 5.35
4.958616 5.00
4.989256 5.35
5.000129 5.00
5.030772 5.35
5.041612 5.00
5.072254 5.00
5.083127 5.35
5.113764 5.00
5.124611 5.35
5.155247 5.35
5.166124 5.35
5.196485 5.35
5.212609 5.35
5.238147 5.35
5.249143 5.35
5.279617 5.35
5.290616 5.35
5.321008 5.35
5.331883 5.35
5.367613 5.35
5.378488 5.35
5.409019 5.35
5.419891 5.35
5.455612 5.35
5.466361 5.35
5.496878 5.35
5.512877 5.35
5.543623 5.35
5.554627 5.69
5.585281 5.69
5.596247 6.01
5.626951 6.36
5.643251 6.36
5.668626 6.68
5.679649 6.68
5.710264 6.68
5.721245 6.68
5.751745 0.05
5.762493 6.01
5.793260 5.69
5.804008 5.69
5.834755 5.35
5.845753 4.68
5.881622 4.34
5.892622 4.34
5.924872 4.34
5.935747 4.34
5.965869 4.34
5.981744 4.34
6.006869 4.34
6.022742 4.34
6.047992 4.34
6.058742 4.34
6.088991 4.34
6.099742 4.34
6.129992 4.34
6.140742 4.34
6.170992 4.34
6.181742 4.34
6.211993 4.34
6.222743 4.34
6.252993 4.34
6.263743 4.34
6.293993 4.34
6.304743 4.34
6.336884 4.34
6.347629 4.34
6.379877 4.34
6.390624 4.34
6.420874 4.34
6.436749 4.34
6.461907 4.34
6.478176 4.34
6.508627 4.34
6.519495 4.34
6.550007 4.34
