0.000000 0.000000
0.041781 4.34
0.052637 4.34
0.083329 4.02
0.099646 3.33
0.124959 2.34
0.141301 2.34
0.171771 2.34
0.182957 2.34
0.218639 2.34
0.229511 2.34
0.260026 2.34
0.276028 2.34
0.306635 2.34
0.317509 2.34
0.348008 2.34
0.364008 2.34
0.391036 2.34
0.401909 2.34
0.437633 2.34
0.453507 2.34
0.478757 2.34
0.489633 2.34
0.520008 2.34
0.535911 2.34
0.566634 2.34
0.577384 2.34
0.607911 2.34
0.623909 2.34
0.654634 2.34
0.665384 2.34
0.695759 2.34
0.706634 2.34
0.737010 2.34
0.747761 2.34
0.778651 2.34
0.789649 2.34
0.820285 2.34
0.831286 2.34
0.861956 2.34
0.878305 2.34
0.908771 2.34
0.919770 2.34
0.955776 2.34
0.966786 3.01
1.002649 4.02
1.013646 4.02
1.044286 4.02
1.055286 4.02
1.085767 4.02
1.096641 4.02
1.132640 4.02
1.143390 4.02
1.174027 4.02
1.184918 4.02
1.220514 4.02
1.236513 4.02
1.261638 4.02
1.272388 4.02
1.302914 4.02
1.319030 4.02
1.344038 4.02
1.354764 4.02
1.390638 4.02
1.401406 4.02
1.432207 4.02
1.453654 4.02
1.464654 4.02
1.500678 4.02
1.511682 4.02
1.547779 4.02
1.558775 4.34
1.594650 4.02
1.605524 4.34
1.636428 4.02
1.652654 4.34
1.678082 4.34
1.694292 4.34
1.719648 4.34
1.730522 4.34
1.761290 4.34
1.772286 4.34
1.802770 4.34
1.813769 4.34
1.844284 4.34
1.855038 4.34
1.885393 4.34
1.896284 4.34
1.926394 4.34
1.937284 4.34
1.967929 4.34
1.984175 4.34
2.014776 4.34
2.025651 4.34
2.056187 4.34
2.067041 4.34
2.097523 4.34
2.113647 4.34
2.138647 4.34
2.149522 4.34
2.180037 4.34
2.190897 4.34
2.221396 4.34
2.232162 4.34
2.262396 4.34
2.273161 4.34
2.303397 4.02
2.314162 4.34
2.344522 4.02
2.360521 4.34
2.385647 4.34
2.396397 4.02
2.426898 4.34
2.443052 4.34
2.473647 4.02
2.484397 4.34
2.514898 4.34
2.530929 4.34
2.561648 4.34
2.572398 4.34
2.602900 4.34
2.619053 4.34
2.649649 4.34
2.660398 4.02
2.690899 4.34
2.707052 4.34
2.733903 4.34
2.744774 4.34
2.775178 4.34
2.785900 4.34
2.816400 4.34
2.828904 4.34
2.857525 4.02
2.873651 4.34
2.898650 4.02
2.909525 4.34
2.939932 4.34
2.956055 4.34
2.986651 4.02
2.997526 4.34
3.027930 4.34
3.043930 4.34
3.070920 4.34
3.081777 4.34
3.113905 4.34
3.124776 4.34
3.156906 4.34
3.167777 4.02
3.199907 4.34
3.210777 4.34
3.242906 4.34
3.253778 4.34
3.285782 4.34
3.296528 4.34
3.328782 4.34
3.339654 4.34
3.371783 4.02
3.382529 4.34
3.414783 4.34
3.425529 4.34
3.457783 4.34
3.468529 4.34
3.500784 4.34
3.511529 4.34
3.543798 4.34
3.554780 4.34
3.590423 4.34
3.602784 4.34
3.631655 4.34
3.642406 4.02
3.672935 4.34
3.689058 4.34
3.719531 4.02
3.735531 4.34
3.760656 4.34
3.771407 4.34
3.801781 4.34
3.817935 4.34
3.848532 4.34
3.859425 4.34
3.889657 4.02
3.900407 4.34
3.930923 4.34
3.941783 4.34
3.972423 4.34
3.988425 4.34
4.013658 4.34
4.024408 4.34
4.054909 4.02
4.065783 4.34
4.097787 4.34
4.108534 4.34
4.144426 4.34
4.160425 4.34
4.185659 4.02
4.196409 4.34
4.226785 4.34
4.242785 4.34
4.273427 4.34
4.289428 4.34
4.314660 4.34
4.325410 4.34
4.355911 4.34
4.366785 4.34
4.402661 4.34
4.413536 4.02
4.443941 4.34
4.454786 4.34
4.485428 4.34
4.501429 4.34
4.526662 4.34
4.537427 4.34
4.567913 4.34
4.578787 4.34
4.614429 4.34
4.630428 4.34
4.655663 4.34
4.666538 4.34
4.696914 4.34
4.707788 4.34
4.743431 4.34
4.759428 4.34
4.784663 4.34
4.795414 4.34
4.825788 4.34
4.841789 4.34
4.872433 4.34
4.888431 4.34
4.913664 4.34
4.924415 4.34
4.954916 4.34
4.965790 4.34
5.001665 4.34
5.012415 4.34
5.042916 4.34
5.053790 4.34
5.089430 4.34
5.105434 4.34
5.130666 4.02
5.141541 4.34
5.171917 4.34
5.182791 4.34
5.218667 4.34
5.229417 4.02
5.259918 4.34
5.270792 4.34
5.306434 4.34
5.322434 4.34
5.347668 4.02
5.358418 4.02
5.388793 4.34
5.404793 4.02
5.435436 4.34
5.451544 4.02
5.476668 4.34
5.487419 4.34
5.517919 4.34
5.528794 4.34
5.564544 4.34
5.575436 4.34
5.605669 4.34
5.616543 4.34
5.646920 4.34
5.657795 4.34
5.693438 4.34
5.709435 4.02
5.734670 4.34
5.745545 4.34
5.775795 4.34
5.791795 4.02
5.822436 4.34
5.838436 4.34
5.863671 4.34
5.874546 4.34
5.904922 4.34
5.915797 4.34
5.951438 4.34
5.967437 4.34
5.992672 4.02
6.005190 4.34
6.033923 4.34
6.044797 4.02
6.080437 4.34
6.096439 4.34
6.121673 4.34
6.134063 4.34
6.162924 4.02
6.173798 4.34
6.209442 4.34
6.225439 4.34
6.250673 4.02
6.263066 4.34
6.296693 4.34
6.307550 4.34
6.343441 4.34
6.359440 4.34
6.384675 4.34
6.397067 4.34
6.425925 4.34
6.436800 4.02
6.472550 4.34
6.483442 4.34
6.513676 4.34
6.526066 4.02
6.554954 4.34
6.565801 4.34
6.596443 4.34
6.607318 4.34
6.637676 4.34
6.650066 4.34
6.678802 4.34
6.689552 4.34
6.725442 4.34
6.736196 4.34
6.766553 4.34
6.777428 4.34
6.807678 4.34
6.823678 4.34
6.848929 4.34
6.859803 4.34
6.890320 4.34
6.902709 4.34
6.931429 4.34
6.942194 4.34
6.972429 4.34
6.983197 4.34
7.013429 4.34
7.024196 4.34
7.054430 4.34
7.065197 4.34
7.095430 4.34
7.106195 4.34
7.136431 4.34
7.147198 4.34
7.177430 4.34
7.188198 4.34
7.218431 4.34
7.229196 4.34
7.259431 4.34
7.270198 4.34
7.300432 4.34
7.311198 4.34
7.341432 4.34
7.352199 4.34
7.382557 4.34
7.393432 4.02
7.423682 4.34
7.439682 4.34
7.464963 4.34
7.475807 4.34
7.506450 4.34
7.517201 4.34
7.547682 4.34
7.563683 4.02
7.588808 4.34
7.599683 4.34
7.635559 4.34
7.646451 4.34
7.676684 4.34
7.692684 4.34
7.717936 4.34
7.728809 4.34
7.764326 4.02
7.780327 4.34
7.805435 4.34
7.816200 4.34
7.846561 4.34
7.857435 4.34
7.887686 4.34
7.903685 4.34
7.928964 4.34
7.939686 4.02
7.970216 4.02
7.986326 4.34
8.011437 4.34
8.022205 4.34
8.052562 4.02
8.063327 4.34
8.093687 4.34
8.109687 4.34
8.134812 4.34
8.145687 4.34
8.181327 4.34
8.197330 4.34
8.222438 4.34
8.233205 4.02
8.263438 4.34
8.274206 4.34
8.304439 4.34
8.315331 4.34
8.345564 4.34
8.356331 4.34
8.386689 4.34
8.402564 4.34
8.429690 4.34
8.440439 4.34
8.470814 4.34
8.481565 4.02
8.517455 4.34
8.528208 4.34
8.558565 4.34
8.569335 4.34
8.599690 4.02
8.615691 4.34
8.640941 4.34
8.651691 4.34
8.682210 4.02
8.692941 4.02
8.723566 4.02
8.736094 4.34
8.764691 4.34
8.780566 4.34
8.807692 4.34
8.818442 4.34
8.854334 4.34
8.870333 4.34
8.895442 4.34
8.906209 4.34
8.936567 4.34
8.948943 4.34
8.982943 4.34
8.993693 4.34
9.024209 4.34
9.036569 4.02
9.065444 4.02
9.076212 4.34
9.106444 4.02
9.117211 4.34
9.147569 4.34
9.159944 4.02
9.188694 4.34
9.199445 4.34
9.235335 4.34
9.251213 4.34
9.276445 4.34
9.287212 4.34
9.317445 4.34
9.328213 4.02
9.358446 4.34
9.369212 4.34
9.399571 4.34
9.411946 4.34
9.440696 4.34
9.451447 4.34
9.487338 4.34
9.498101 4.34
9.528447 4.34
9.539215 4.34
9.569587 4.34
9.585583 4.34
9.616481 4.02
9.627454 4.34
9.663219 4.34
9.679468 4.02
9.704576 4.02
9.716983 4.34
9.751104 4.34
9.767105 4.34
9.792450 4.02
9.803216 4.34
9.833844 4.34
9.844711 4.34
9.875457 4.34
9.886456 4.02
9.922349 4.34
9.933117 4.34
9.963831 4.02
9.974703 4.34
10.005343 4.34
10.016106 4.02
10.046701 4.34
10.057576 4.34
10.093342 4.02
10.104103 4.34
10.134451 4.34
10.145343 4.34
10.175451 4.34
10.186341 4.02
10.216576 4.34
10.232452 4.34
10.257702 4.34
10.268452 4.34
10.304344 4.34
10.315106 4.34
10.345453 4.34
10.356343 4.34
10.386453 4.34
10.397344 4.34
10.427454 4.34
10.438345 4.02
10.468454 4.34
10.479345 4.02
10.509579 4.34
10.525454 4.02
10.550853 4.02
