0.000000 0.000000
0.047083 4.34
0.058099 4.34
0.088597 4.34
0.099596 2.66
0.130235 2.66
0.146471 2.66
0.177264 2.66
0.193456 2.66
0.224115 2.66
0.235093 2.34
0.270857 2.34
0.286824 2.66
0.312199 2.34
0.328323 2.34
0.353447 2.66
0.364322 2.34
0.399846 2.66
0.415730 2.66
0.441321 2.66
0.457197 2.66
0.482446 2.34
0.493196 2.66
0.528846 2.66
0.544725 2.66
0.570211 2.34
0.586214 2.34
0.611221 2.34
0.627211 2.34
0.652448 2.66
0.663197 2.66
0.698850 2.34
0.714727 2.34
0.740214 2.66
0.756242 2.66
0.781965 2.66
0.792976 2.66
0.823582 2.66
0.834580 2.66
0.865222 2.66
0.883279 2.66
0.901586 2.66
0.927153 2.66
0.939743 2.66
0.974215 2.66
0.990356 4.34
1.021101 4.34
1.032099 4.34
1.067864 4.34
1.083955 4.34
1.109204 4.34
1.125454 4.34
1.150453 4.02
1.161202 4.34
1.191853 4.02
1.207730 4.34
1.233218 4.02
1.249217 4.02
1.274219 4.02
1.290218 4.34
1.315202 4.02
1.331218 4.02
1.356328 4.34
1.372203 4.02
1.397453 4.34
1.408328 4.02
1.438969 4.34
1.449998 4.34
1.486129 4.34
1.498737 4.34
1.533104 4.34
1.545585 4.34
1.579870 4.34
1.595959 4.34
1.621223 4.34
1.637462 4.34
1.668104 4.34
1.679104 4.34
1.711246 4.34
1.722103 4.34
1.757958 4.34
1.768740 4.34
1.799224 4.34
1.815207 4.34
1.840207 4.34
1.856207 4.34
1.881207 4.34
1.897207 4.34
1.922208 4.34
1.938208 4.34
1.963207 4.34
1.979208 4.34
2.004208 4.34
2.020226 4.34
2.045225 4.34
2.061223 4.34
2.086208 4.34
2.102101 4.34
2.127209 4.34
2.143224 4.34
2.168209 4.34
2.184209 4.34
2.209210 4.34
2.225210 4.34
2.250210 4.34
2.266210 4.34
2.291210 4.34
2.307210 4.34
2.332211 4.34
2.348210 4.34
2.373210 4.34
2.389211 4.34
2.414211 4.34
2.430211 4.34
2.455211 4.34
2.471212 4.34
2.496212 4.34
2.512212 4.34
2.537212 4.34
2.553211 4.34
2.578212 4.34
2.594212 4.34
2.619213 4.34
2.635212 4.34
2.660213 4.34
2.676213 4.34
2.701213 4.34
2.717213 4.34
2.742213 4.34
2.758214 4.34
2.783214 4.34
2.799213 4.34
2.824229 4.34
2.840214 4.34
2.865214 4.34
2.881214 4.34
2.906214 4.34
2.922214 4.34
2.947215 4.34
2.963215 4.34
2.988215 4.34
3.004215 4.34
3.029216 4.34
3.045216 4.34
3.070216 4.34
3.086216 4.34
3.111216 4.34
3.127216 4.34
3.152217 4.34
3.168216 4.34
3.193217 4.34
3.209217 4.34
3.234217 4.34
3.250217 4.34
3.275217 4.34
3.286109 4.34
3.316218 4.34
3.327108 4.34
3.357218 4.34
3.368109 4.34
3.398218 4.34
3.409110 4.34
3.439218 4.34
3.450110 4.34
3.480218 4.34
3.491110 4.34
3.521236 4.34
3.532112 4.34
3.567594 4.34
3.583594 4.34
3.608844 4.34
3.619595 4.34
3.650237 4.34
3.666235 4.34
3.691220 4.34
3.702113 4.34
3.732220 4.34
3.743111 4.34
3.773346 4.34
3.784221 4.34
3.819596 4.34
3.835596 4.34
3.861112 4.34
3.877112 4.34
3.902221 4.34
3.913115 4.34
3.943222 4.34
3.954115 4.34
3.984221 4.34
3.995114 4.34
4.025222 4.34
4.036115 4.34
4.066223 4.34
4.077113 4.34
4.107222 4.34
4.118115 4.34
4.148223 4.34
4.159116 4.34
4.189349 4.34
4.200224 4.34
4.235598 4.34
4.251599 4.34
4.279849 4.34
4.290599 4.34
4.321240 4.34
4.337242 4.34
4.362350 4.34
4.373225 4.34
4.408600 4.34
4.419475 4.34
4.450115 4.34
4.466242 4.34
4.491242 4.34
4.507243 4.34
4.532351 4.34
4.543226 4.34
4.578601 4.34
4.589352 4.34
4.620005 4.34
4.630869 4.34
4.661352 4.34
4.672227 4.34
4.707602 4.34
4.723602 4.34
4.749119 4.34
4.765245 4.34
4.790243 4.34
4.806228 4.34
4.831228 4.34
4.841994 4.34
4.872353 4.34
4.883229 4.34
4.918604 4.34
4.929479 4.34
4.960007 4.34
4.972604 4.34
5.001229 4.34
5.011996 4.34
5.042230 4.34
5.052997 4.34
5.083355 4.34
5.094230 4.34
5.129605 4.34
5.145605 4.34
5.171009 4.34
5.183606 4.34
5.212231 4.34
5.222997 4.34
5.253231 4.34
5.263998 4.34
5.294232 4.34
5.304999 4.34
5.335232 4.34
5.345997 4.34
5.376357 4.34
5.387233 4.34
5.422608 4.34
5.438608 4.34
5.464124 4.34
5.480250 4.34
5.505233 4.34
5.516124 4.34
5.546359 4.34
5.557234 4.34
5.592609 4.34
5.604984 4.34
5.634014 4.34
5.646359 4.34
5.675251 4.34
5.686000 4.34
5.721609 4.34
5.733985 4.34
5.763015 4.34
5.778887 4.34
5.804235 4.34
5.815003 4.34
5.845236 4.34
5.856001 4.34
5.886361 4.34
5.897236 4.34
5.932611 4.34
5.948486 4.34
5.974129 4.34
5.990128 4.34
6.015255 4.34
6.026127 4.34
6.061612 4.34
6.077612 4.34
6.103016 4.34
6.119015 4.34
6.144363 4.34
6.155255 4.34
6.190613 4.34
6.206488 4.34
6.232254 4.34
6.243007 4.34
6.278613 4.34
6.294489 4.34
6.320018 4.34
6.336016 4.34
6.361239 4.34
6.372004 4.34
6.402240 4.34
6.413006 4.34
6.443365 4.34
6.454240 4.34
6.489615 4.34
6.505490 4.34
6.531021 4.34
6.546883 4.34
6.572366 4.34
6.583242 4.34
6.618616 4.34
6.634491 4.34
6.660020 4.34
6.676021 4.34
6.701367 4.34
6.712259 4.34
6.747617 4.34
6.763492 4.34
6.789021 4.34
6.805135 4.34
6.830368 4.34
6.841260 4.34
6.876618 4.34
6.892493 4.34
6.918022 4.34
6.934021 4.34
6.959369 4.34
6.970244 4.34
7.005619 4.34
7.021619 4.34
7.047026 4.34
7.062896 4.34
7.088245 4.34
7.099012 4.34
7.129245 4.34
7.140012 4.34
7.170245 4.34
7.181013 4.34
7.212996 4.34
7.223746 4.34
7.254371 4.34
7.265246 4.34
7.300621 4.34
7.316496 4.34
7.342024 4.34
7.358026 4.34
7.383247 4.34
7.394015 4.34
7.425998 4.34
7.436764 4.34
7.467247 4.34
7.478015 4.34
7.509998 4.34
7.520748 4.34
7.552999 4.34
7.563749 4.34
7.594248 4.34
7.605013 4.34
7.636999 4.34
7.647749 4.34
7.680000 4.34
7.690750 4.34
7.723000 4.34
7.733903 4.34
7.764266 4.34
7.775017 4.34
7.810624 4.34
7.826500 4.34
7.852028 4.34
7.868027 4.34
7.895001 4.34
7.905902 4.34
7.938001 4.34
7.948766 4.34
7.981029 4.34
7.991781 4.34
8.024032 4.34
8.034905 4.34
8.067032 4.34
8.077780 4.34
8.110034 4.34
8.120782 4.34
8.153032 4.34
8.163906 4.34
8.199627 4.34
8.210502 4.34
8.241143 4.34
8.251893 4.34
8.284021 4.34
8.294769 4.34
8.330628 4.34
8.346503 4.34
8.371895 4.34
8.384379 4.34
8.413271 4.34
8.424019 4.34
8.459380 4.34
8.470255 4.34
8.500504 4.34
8.512910 4.34
8.541630 4.34
8.552505 4.34
8.583148 4.34
8.594037 4.34
8.629381 4.34
8.640273 4.34
8.670505 4.34
8.682883 4.34
8.711786 4.34
8.722631 4.34
8.753272 4.34
8.764150 4.34
8.794506 4.34
8.810382 4.34
8.835632 4.34
8.846506 4.34
8.877037 4.34
8.887775 4.34
8.923633 4.34
8.934508 4.34
8.965151 4.34
8.975901 4.34
9.011633 4.34
9.022508 4.34
9.053149 4.34
9.063913 4.34
9.099509 4.34
9.115634 4.34
9.140775 4.34
9.151634 4.34
9.181911 4.34
9.198150 4.34
9.223276 4.34
9.234028 4.34
9.264510 4.34
9.280510 4.34
9.305761 4.34
9.316635 4.34
9.347276 4.34
9.358026 4.34
9.388511 4.34
9.404386 4.34
9.429792 4.34
9.440636 4.34
9.471277 4.34
9.482028 4.34
9.517512 4.34
9.533512 4.34
9.558763 4.34
9.569637 4.34
9.600040 4.34
9.610917 4.34
9.646388 4.34
9.657263 4.34
9.687388 4.34
9.698264 4.34
9.728513 4.34
9.744388 4.34
9.769764 4.34
9.780638 4.34
9.811043 4.34
9.821765 4.34
9.857514 4.34
9.873639 4.34
9.898766 4.34
9.909640 4.34
9.939919 4.34
9.956034 4.34
9.981283 4.34
9.992157 4.34
10.027391 4.34
10.038266 4.34
10.068516 4.34
10.084516 4.34
10.109641 4.34
10.120391 4.34
10.151048 4.34
10.161767 4.34
10.197392 4.34
10.208284 4.34
10.238517 4.34
10.254391 4.34
10.279768 4.34
10.290518 4.34
10.321034 4.34
10.331910 4.34
10.367517 4.34
10.383518 4.34
10.411923 4.34
10.427923 4.34
10.454909 4.34
10.465788 4.34
10.496284 4.34
10.507034 4.34
10.537519 4.34
10.553644 4.34
10.578645 4.34
10.589520 4.34
10.620163 4.34
10.631160 4.34
10.666395 4.34
10.677270 4.34
10.707520 4.34
10.723395 4.34
10.748772 4.34
10.759646 4.34
10.790050 4.34
10.800924 4.34
10.836521 4.34
10.852521 4.34
10.880926 4.34
10.896926 4.34
10.923927 4.34
10.934773 4.34
10.970522 4.34
10.986397 4.34
11.011803 4.34
11.024398 4.34
11.054916 4.34
11.065802 4.34
11.097916 4.34
11.108804 4.34
11.140916 4.34
11.151802 4.34
11.183915 4.34
11.194775 4.34
11.226915 4.34
11.237805 4.34
11.273524 4.34
11.289399 4.34
11.314803 4.34
11.330775 4.34
11.356054 4.34
11.366776 4.34
11.402525 4.34
11.418526 4.34
11.443776 4.34
11.456276 4.34
11.484930 4.34
11.501053 4.34
11.527793 4.34
11.538651 4.34
11.569169 4.34
11.579930 4.34
11.615527 4.34
11.631652 4.34
11.656652 4.34
11.667402 4.34
11.698055 4.34
11.708931 4.34
11.739278 4.34
11.750043 4.34
11.780278 4.34
11.791043 4.34
11.821403 4.34
11.837404 4.34
11.862528 4.34
11.873404 4.34
11.903779 4.34
11.919779 4.34
11.945048 4.34
11.955779 4.34
11.986405 4.34
11.998781 4.34
12.027530 4.34
12.038280 4.34
12.068780 4.34
12.084780 4.34
12.110047 4.34
12.120781 4.34
12.156406 4.34
12.172406 4.34
12.197531 4.34
12.208281 4.34
12.238933 4.34
12.249656 4.34
12.285407 4.34
12.301407 4.34
12.326532 4.34
12.337282 4.34
12.367782 4.34
12.383783 4.34
12.414407 4.34
12.430408 4.34
12.455532 4.34
12.466408 4.34
12.496938 4.34
12.507784 4.34
12.538409 4.34
12.554409 4.34
12.579534 4.34
12.590284 4.34
12.620936 4.34
12.631666 4.34
12.667409 4.34
12.683410 4.34
12.708535 4.34
12.719410 4.34
12.749939 4.34
12.760785 4.34
12.796411 4.34
12.812410 4.34
12.837536 4.34
12.848286 4.34
12.878938 4.34
12.889668 4.34
12.925411 4.34
12.941411 4.34
12.966537 4.34
12.977287 4.34
13.007941 4.34
13.018669 4.34
13.054537 4.34
13.065413 4.34
13.095939 4.34
13.106671 4.34
13.142538 4.34
13.153413 4.34
13.183942 4.34
13.194815 4.34
13.230414 4.34
13.246413 4.34
13.271539 4.34
13.282289 4.34
13.312817 4.34
13.328819 4.34
13.359539 4.34
13.370290 4.34
13.400817 4.34
13.416942 4.34
13.442181 4.34
13.452946 4.34
13.483290 4.34
13.494180 4.34
13.524307 4.34
13.535181 4.34
13.565416 4.34
13.581416 4.34
13.606542 4.34
13.617416 4.34
13.647946 4.34
13.658821 4.34
13.694542 4.34
13.705417 4.34
13.735945 4.34
13.746822 4.34
13.782417 4.34
13.798542 4.34
13.823542 4.34
13.834293 4.34
13.864948 4.34
13.875671 4.34
13.911543 4.34
13.922294 4.34
13.952948 4.34
13.963675 4.34
13.999419 4.34
14.015544 4.34
14.040544 4.34
14.051420 4.34
14.081948 4.34
14.092824 4.34
14.128545 4.34
14.139295 4.34
14.169950 4.34
14.180674 4.34
14.216546 4.34
14.227296 4.34
14.257949 4.34
14.268824 4.34
14.304421 4.34
14.320422 4.34
14.345546 4.34
14.356296 4.34
14.386547 4.34
14.397297 4.34
14.427825 4.34
14.443824 4.34
14.474422 4.34
14.490423 4.34
14.515548 4.34
14.526423 4.34
14.556824 4.34
14.572826 4.34
14.598298 4.34
14.610675 4.34
14.639423 4.34
14.650299 4.34
14.680549 4.34
14.691424 4.34
14.721829 4.34
14.732675 4.34
14.763300 4.34
14.779425 4.34
14.804425 4.34
14.815300 4.34
14.845550 4.34
14.856425 4.34
14.886954 4.34
14.897829 4.34
14.928300 4.34
14.944426 4.34
14.969426 4.34
14.980191 4.34
15.010551 4.34
15.021426 4.34
15.051678 4.34
15.067828 4.34
15.098427 4.34
15.109302 4.34
15.139552 4.34
15.150427 4.34
15.180956 4.34
15.191832 4.34
15.222303 4.34
15.238428 4.34
15.263303 4.34
15.279428 4.34
15.304304 4.34
15.320429 4.34
15.345303 4.34
15.361429 4.34
15.386304 4.34
15.402429 4.34
15.427304 4.34
15.443429 4.34
15.468304 4.34
15.484430 4.34
15.509305 4.34
15.525430 4.34
15.550430 4.34
15.561181 4.34
15.591555 4.34
15.602306 4.34
15.632681 4.34
15.648681 4.34
15.679431 4.34
15.690306 4.34
15.720556 4.34
15.731306 4.34
15.761960 4.34
15.772835 4.34
15.803197 4.34
15.813949 4.34
15.844307 4.34
15.860433 4.34
15.885308 4.34
15.901433 4.34
15.926308 4.34
15.942433 4.34
15.967308 4.34
15.983433 4.34
16.008433 4.34
16.019308 4.34
16.049558 4.34
16.060309 4.34
16.090963 4.34
16.101685 4.34
16.132201 4.34
16.142953 4.34
16.173310 4.34
16.189310 4.34
16.214310 4.34
16.230435 4.34
16.255435 4.34
16.266185 4.34
16.296561 4.34
16.307436 4.34
16.337837 4.34
16.348561 4.34
16.379201 4.34
16.389953 4.34
16.420186 4.34
16.431076 4.34
16.461312 4.34
16.477437 4.34
16.502437 4.34
16.513187 4.34
16.543562 4.34
16.554437 4.34
16.586692 4.34
16.597562 4.34
16.629692 4.34
16.640562 4.34
16.670966 4.34
16.681842 4.34
16.712204 4.34
16.722953 4.34
16.753314 4.34
16.769439 4.34
16.794314 4.34
16.810314 4.34
16.835439 4.34
16.846314 4.34
16.876564 4.34
16.889208 4.34
16.917844 4.34
16.928692 4.34
16.959316 4.34
16.975441 4.34
17.000316 4.34
17.016315 4.34
17.041441 4.34
17.052191 4.34
17.082566 4.34
17.094971 4.34
17.123845 4.34
17.134692 4.34
17.165317 4.34
17.181442 4.34
17.206442 4.34
17.217192 4.34
17.247567 4.34
17.259960 4.34
17.288845 4.34
17.299567 4.34
17.335443 4.34
17.351318 4.34
17.376568 4.34
17.392568 4.34
17.417847 4.34
17.428695 4.34
17.459319 4.34
17.470208 4.34
17.500319 4.34
17.511194 4.34
17.541319 4.34
17.552194 4.34
17.582320 4.34
17.593195 4.34
17.623320 4.34
17.634196 4.34
17.664320 4.34
17.675196 4.34
17.705320 4.34
17.716196 4.34
17.746321 4.34
17.757196 4.34
17.787321 4.34
17.798196 4.34
17.828321 4.34
17.839213 4.34
17.869447 4.34
17.880197 4.34
17.910572 4.34
17.926572 4.34
17.951849 4.34
17.962573 4.34
17.993213 4.34
18.009215 4.34
18.034448 4.34
18.045323 4.34
18.075573 4.34
18.091573 4.34
18.116853 4.34
18.127730 4.34
18.158216 4.34
18.174216 4.34
18.199324 4.34
18.210215 4.34
18.240324 4.34
18.251200 4.34
18.281324 4.34
18.292200 4.34
18.322325 4.34
18.333200 4.34
18.363325 4.34
18.374200 4.34
18.404325 4.34
18.415200 4.34
18.445326 4.34
18.456201 4.34
18.486326 4.34
18.497201 4.34
18.527451 4.34
18.538326 4.34
18.568577 4.34
18.584576 4.34
18.615220 4.34
18.631217 4.34
18.656327 4.34
18.667202 4.34
18.697328 4.34
18.708203 4.34
18.738328 4.34
18.749203 4.34
18.779453 4.34
18.790328 4.34
18.820705 4.34
18.831578 4.34
18.867453 4.34
18.878204 4.34
18.908579 4.34
18.924579 4.34
18.949858 4.34
18.960705 4.34
18.991330 4.34
19.002221 4.34
19.032455 4.34
19.043205 4.34
19.073580 4.34
19.089580 4.34
19.116584 4.34
19.127331 4.34
19.159585 4.34
19.170331 4.34
19.200861 4.34
19.211707 4.34
19.242222 4.34
19.258225 4.34
19.283332 4.34
19.294207 4.34
19.324457 4.34
19.335207 4.34
19.365582 4.34
19.381583 4.34
19.408587 4.34
19.419458 4.34
19.451587 4.34
19.462458 4.34
19.498226 4.34
19.514224 4.34
19.539334 4.34
19.550226 4.34
19.580334 4.34
19.591101 4.34
19.621334 4.34
19.632100 4.34
19.662334 4.34
19.673210 4.34
19.703335 4.34
19.714210 4.34
19.744335 4.34
19.755211 4.34
19.785336 4.34
19.796211 4.34
19.826336 4.34
19.837211 4.34
19.867336 4.34
19.878212 4.34
19.908336 4.34
19.919211 4.34
19.949337 4.34
19.960212 4.34
19.990337 4.34
20.001212 4.34
20.031337 4.34
20.042213 4.34
20.072337 4.34
20.083213 4.34
20.113337 4.34
20.124213 4.34
20.154338 4.34
20.165213 4.34
20.195338 4.34
20.206213 4.34
20.236339 4.34
20.247214 4.34
20.277339 4.34
20.288214 4.34
20.318339 4.34
20.329214 4.34
20.359339 4.34
20.370215 4.34
20.400339 4.34
20.411215 4.34
20.441340 4.34
20.452215 4.34
20.482340 4.34
20.493216 4.34
20.523341 4.34
20.534108 4.34
20.564466 4.34
20.580341 4.34
20.605591 4.34
20.616466 4.34
20.646591 4.34
20.657342 4.34
20.692983 4.34
20.703719 4.34
20.734236 4.34
20.744985 4.34
20.775217 4.34
20.785985 4.34
20.816234 4.34
20.826983 4.34
20.857343 4.34
20.868218 4.34
20.898344 4.34
20.909219 4.34
20.939344 4.34
20.950219 4.34
20.980344 4.34
20.991219 4.34
21.021344 4.34
21.032220 4.34
21.062345 4.34
21.073220 4.34
21.103345 4.34
21.114220 4.34
21.144345 4.34
21.155220 4.34
21.185345 4.34
21.196220 4.34
21.226346 4.34
21.237221 4.34
21.267346 4.34
21.278221 4.34
21.308347 4.34
21.319222 4.34
21.349346 4.34
21.360222 4.34
21.390346 4.34
21.401222 4.34
21.431347 4.34
21.442222 4.34
21.472472 4.34
21.488348 4.34
21.513598 4.34
21.524473 4.34
21.560239 4.34
21.570992 4.34
21.601349 4.34
21.612224 4.34
21.642474 4.34
21.658349 4.34
21.683726 4.34
21.694599 4.34
21.725241 4.34
21.735992 4.34
21.766474 4.34
21.782482 4.34
21.813355 4.34
21.824248 4.34
21.860123 4.34
21.876121 4.34
21.901353 4.34
21.912227 4.34
21.942601 4.34
21.953477 4.34
21.989244 4.34
21.999993 4.34
22.030476 4.34
22.046352 4.34
22.071728 4.34
22.082602 4.34
22.113243 4.34
22.123994 4.34
22.154353 4.34
22.166880 4.34
22.195742 4.34
22.206741 4.34
22.237361 4.34
22.250006 4.34
22.284129 4.68
22.300127 4.68
22.325357 5.00
22.336232 5.00
22.372241 5.00
22.383240 5.00
22.415488 5.00
22.426485 5.00
22.457023 5.00
22.473125 5.35
22.498483 5.00
22.514482 5.35
22.545124 5.35
22.561121 5.35
22.586231 5.35
22.596999 5.00
22.627356 5.35
22.639928 5.35
22.674242 5.35
22.685241 5.00
22.717366 5.35
22.728363 5.00
22.764253 5.00
22.775127 5.00
22.805610 5.35
22.816485 5.35
22.847014 5.35
22.863125 5.35
22.888358 5.35
22.900734 5.00
22.929483 5.35
22.940498 5.35
22.971154 5.35
22.982139 5.35
23.012615 5.35
23.023615 5.35
23.054254 5.35
23.065005 5.00
23.095611 5.35
23.106486 5.35
23.137016 5.35
23.153001 5.35
23.178235 5.35
23.189000 5.35
23.219235 5.35
23.230272 5.35
23.266143 5.35
23.277139 5.00
23.307743 5.35
23.318616 5.00
23.349260 5.35
23.360131 5.00
23.390613 5.35
23.401489 5.35
23.432020 5.35
23.448131 5.35
23.473362 5.35
23.489362 5.35
23.514487 5.35
23.525378 5.35
23.556146 5.35
23.567142 5.35
23.597746 5.35
23.608746 5.35
23.639368 5.35
23.655367 5.35
23.685881 5.35
23.701883 5.35
23.727255 5.35
23.738007 5.35
23.768240 5.00
23.779006 5.00
23.809257 5.35
23.820277 5.35
23.856146 5.35
23.867146 5.35
23.897748 5.35
23.908621 5.35
23.939370 5.35
23.955369 5.35
23.980618 5.35
23.991492 5.35
24.022023 5.35
24.038132 5.35
24.063242 5.00
24.074007 5.35
24.104367 5.35
24.120631 5.35
24.151253 5.35
24.162252 5.35
24.198018 5.35
24.214141 5.35
24.239497 5.35
24.255496 5.35
24.286137 5.35
24.296889 5.35
24.327494 5.35
24.338369 5.35
24.373885 5.35
24.384618 5.35
24.415375 5.35
24.431508 5.00
24.462143 5.35
24.472891 5.35
24.503497 5.35
24.514372 5.35
24.550140 5.35
24.560888 5.35
24.591495 5.35
24.602370 5.35
24.632619 5.35
24.643369 5.00
24.673619 5.35
24.684369 5.35
24.714620 5.35
24.725370 5.35
24.760880 5.35
24.771632 5.35
24.802126 5.35
24.812875 5.35
24.843375 5.35
24.859249 5.35
24.890057 5.35
24.901022 12.00
24.931626 8.70
24.942501 0.37
24.973036 8.03
24.989142 8.35
25.014375 6.68
25.030374 8.70
25.055499 12.32
25.066248 8.70
25.101891 7.69
25.117890 8.35
25.143264 2.04
25.155750 7.02
25.184499 8.70
25.195250 12.32
25.230902 8.70
25.241625 0.05
25.272268 8.35
25.284768 8.35
25.313375 7.02
25.329375 8.70
25.354501 12.32
25.365250 8.70
25.400903 7.69
25.411626 8.35
25.442268 8.03
25.454626 7.37
25.483501 8.70
25.494376 12.32
25.529904 8.70
25.542280 6.01
25.571269 8.35
25.583627 7.69
25.612502 7.37
25.623253 8.70
25.655283 12.32
25.666145 8.70
25.696503 6.68
25.707253 8.35
25.742786 2.04
25.758770 8.03
25.784270 2.39
25.800269 6.36
25.825504 8.70
25.836254 0.37
25.871896 8.35
25.887895 1.06
25.913272 8.03
25.929278 8.70
25.954380 6.36
25.970255 8.70
25.995504 6.36
26.006255 8.35
26.041897 8.35
26.057897 8.03
26.083271 2.39
26.099273 6.68
26.124381 9.04
26.140256 6.36
26.165506 8.35
26.176256 8.03
26.211758 7.02
26.227758 8.70
26.253036 6.68
26.263758 9.04
26.294383 6.36
26.310382 8.70
26.335508 8.03
26.346382 7.37
26.381900 9.04
26.397901 6.68
26.423274 8.70
26.439383 12.32
26.464384 8.70
26.480259 1.38
26.505509 7.37
26.516384 9.04
26.551911 12.32
26.567760 8.70
26.593278 12.32
26.609274 8.70
26.634385 7.69
26.650259 7.69
26.675510 9.04
26.686260 6.36
26.721914 8.70
26.737903 12.32
26.763276 8.70
26.779279 1.38
26.804276 7.69
26.820278 8.70
26.845386 6.36
26.861261 8.70
26.886511 7.02
26.897387 8.35
26.932763 2.39
26.948763 8.03
26.974277 2.39
26.990281 6.36
27.015512 8.70
27.026387 0.37
27.061916 8.35
27.077915 7.37
27.103278 8.03
27.119280 8.70
27.144388 6.36
27.160263 9.04
27.185513 6.68
27.196263 8.70
27.231904 8.35
27.247765 8.35
27.273282 2.39
27.289279 6.68
27.314265 9.04
27.330265 6.36
27.355265 8.70
27.371265 1.72
27.396390 7.02
27.412265 9.04
27.437515 12.32
27.448390 8.70
27.483909 7.69
27.499909 8.70
27.525283 8.03
27.541283 7.37
27.566391 9.04
27.582266 12.32
27.607516 8.70
27.618266 7.37
27.653767 8.03
27.669768 8.03
27.695282 7.37
27.711285 9.04
27.738269 12.32
27.749045 8.70
27.779393 7.02
27.795393 8.35
27.822268 8.35
27.833035 7.37
27.863269 9.04
27.879268 12.32
27.904269 8.70
27.920269 7.37
27.945394 8.03
27.956269 8.70
27.988270 6.36
27.999035 8.70
28.029270 6.36
28.045269 8.70
28.070270 8.03
28.086270 7.37
28.111270 8.70
28.127270 12.32
28.152396 8.70
28.163271 7.37
28.195272 8.03
28.206038 8.70
28.236396 6.68
28.247271 8.70
28.282647 6.36
28.293396 8.70
28.323926 7.02
28.334773 8.35
28.365289 2.39
28.381272 6.68
28.406398 8.70
28.417273 12.32
28.452648 8.70
28.463398 0.37
28.494165 8.35
28.510039 8.35
28.535273 6.68
28.546043 8.70
28.576399 12.32
28.587274 8.70
28.622649 8.03
28.633399 8.35
28.664054 2.04
28.674926 7.02
28.705274 8.70
28.716168 12.32
28.746400 8.70
28.757167 7.69
28.792650 7.69
28.817169 7.69
28.833041 8.03
28.858167 2.39
28.874043 6.36
28.899276 8.70
28.910043 0.37
28.940401 8.35
28.951168 8.35
28.986651 6.68
28.997401 8.70
29.028170 6.36
29.044044 8.70
29.069170 6.68
29.085044 8.35
29.110168 8.35
29.126169 7.02
29.151278 8.70
29.162044 12.32
29.192278 8.70
29.203043 7.69
29.233278 7.69
29.244046 9.04
29.274279 12.32
29.285043 8.70
29.315279 7.02
29.326047 8.35
29.356279 2.39
29.367047 6.68
29.397405 8.70
29.408172 6.36
29.443655 8.70
29.468060 6.36
29.478933 8.70
29.509281 8.03
29.520045 7.37
29.550406 9.04
29.561173 12.32
29.596656 8.70
29.607405 6.36
29.638049 8.70
29.648782 7.69
29.679282 7.37
29.690048 9.04
29.720407 12.32
29.731174 8.70
29.766657 7.02
29.777407 8.70
29.808049 7.69
29.818783 7.69
29.849283 9.04
29.860051 6.36
29.890283 8.70
29.901049 0.71
29.931283 8.35
29.942051 8.70
29.972284 6.68
29.983049 9.04
30.013284 6.36
30.024051 8.70
30.054284 8.03
30.065052 7.37
30.095285 9.04
30.106053 12.32
30.136410 8.70
30.147180 7.37
30.182667 8.03
30.193410 8.03
30.224064 7.37
30.236669 9.04
30.265411 12.32
30.276178 8.70
30.311668 7.37
30.336063 8.70
30.348668 0.71
30.377412 8.03
30.388178 8.70
30.423671 6.68
30.448064 2.39
30.460670 6.68
30.489412 9.04
30.500288 12.32
30.535819 8.70
30.546815 0.37
30.577288 8.35
30.593288 8.35
30.618413 7.02
30.629178 9.04
30.664666 12.32
30.680673 8.70
30.706179 6.68
30.722180 8.35
30.747414 8.35
30.758180 7.02
30.793668 9.04
30.809668 6.68
30.835182 8.70
30.851182 6.36
30.876290 8.70
30.887182 8.03
30.917290 7.02
30.928183 9.04
30.958415 12.32
30.969182 8.70
31.004668 7.37
31.029183 8.70
31.058541 7.37
31.069416 8.70
31.099670 7.37
31.115670 8.03
31.141183 2.39
31.170670 6.68
31.186670 8.70
31.212185 6.68
31.228186 8.70
31.258929 6.01
31.269947 4.34
31.305887 4.34
31.316970 4.34
31.347423 4.34
31.358297 4.34
31.388954 4.34
31.399829 4.34
31.430296 4.34
31.441188 4.34
31.476544 4.34
31.487420 4.34
31.517948 4.34
31.528825 4.34
31.559295 4.34
31.570185 4.34
31.600420 4.34
31.611188 4.34
31.646677 4.34
31.671188 4.34
31.700676 4.34
31.716937 4.34
31.742306 4.34
31.753296 4.34
31.783842 4.34
31.794841 4.34
31.825426 4.34
31.836301 4.34
31.866956 4.34
31.877831 4.34
31.908299 4.34
31.919191 4.34
31.954675 4.34
31.970675 4.34
31.996191 4.34
32.025675 4.34
32.041677 4.34
32.066953 4.34
32.077674 4.34
32.108298 4.34
32.119190 4.34
32.149317 4.34
32.160048 4.34
32.190299 4.34
32.201048 4.34
32.231298 4.34
32.242049 4.34
32.272299 4.34
32.283049 4.34
32.313299 4.34
32.324049 4.34
32.354299 4.34
32.365049 4.34
32.395300 4.34
32.406050 4.34
32.436300 4.34
32.447050 4.34
32.477300 4.34
32.488051 4.34
32.518300 4.34
32.529315 4.34
