0.000000 0.000000
0.041866 4.34
0.052864 4.34
0.088716 4.34
0.099712 2.66
0.135723 2.66
0.146861 2.66
0.182743 2.34
0.193716 2.34
0.224321 2.34
0.235320 2.34
0.265960 2.66
0.282194 2.34
0.307317 2.66
0.318192 2.34
0.348832 2.34
0.359831 2.66
0.390191 2.66
0.400941 2.34
0.436565 2.34
0.452468 2.34
0.477832 2.34
0.488566 2.34
0.518956 2.34
0.534958 2.34
0.560066 2.66
0.570941 2.34
0.601066 2.34
0.611942 2.34
0.642067 2.34
0.652942 2.34
0.683067 2.34
0.693943 2.34
0.724067 2.34
0.734942 2.34
0.770728 2.66
0.781738 2.34
0.812326 2.66
0.823325 2.66
0.853965 2.66
0.870220 2.66
0.898849 2.66
0.909846 2.34
0.945738 2.34
0.956865 2.66
0.992753 4.02
1.003849 4.34
1.035993 4.34
1.046968 4.34
1.082717 4.02
1.093591 4.34
1.124073 4.02
1.140073 4.34
1.165198 4.34
1.176072 4.02
1.206475 4.34
1.222472 4.34
1.247962 4.34
1.263961 4.34
1.288946 4.34
1.304961 4.02
1.329947 4.02
1.345963 4.34
1.370947 4.34
1.387072 4.02
1.412072 4.02
1.428213 4.02
1.453867 4.34
1.469962 4.34
1.496991 4.34
1.507974 4.34
1.538633 4.02
1.549631 4.02
1.580206 4.34
1.591081 4.34
1.621846 4.34
1.634346 4.34
1.668726 4.34
1.679727 4.34
1.711996 4.34
1.722850 4.34
1.753489 4.34
1.769487 4.34
1.794846 4.34
1.810968 4.34
1.835966 4.34
1.851841 4.34
1.876951 4.34
1.892968 4.34
1.918077 4.34
1.928844 4.34
1.964610 4.34
1.975642 4.34
2.006210 4.34
2.017210 4.34
2.047852 4.34
2.060333 4.34
2.092493 4.34
2.108491 4.68
2.133974 4.34
2.149972 4.34
2.176859 4.68
2.187845 4.68
2.217954 4.68
2.233969 4.68
2.258955 4.68
2.274969 4.68
2.300079 4.68
2.310955 4.68
2.346730 4.68
2.357738 4.68
2.393634 4.34
2.404629 4.34
2.435211 4.68
2.445959 4.68
2.476604 4.68
2.487494 4.68
2.517975 4.68
2.533973 4.68
2.564485 4.68
2.580489 4.68
2.605973 4.68
2.621971 4.34
2.652458 4.68
2.668458 4.68
2.693991 4.68
2.710218 5.00
2.735634 5.00
2.746629 5.00
2.777212 5.00
2.788212 5.00
2.818605 5.00
2.829462 5.00
2.859991 4.68
2.876222 4.34
2.901641 4.34
2.912637 4.34
2.943215 4.34
2.954090 4.34
2.984854 4.34
3.000981 4.34
3.026087 4.34
3.036962 4.34
3.067462 4.34
3.083463 4.34
3.108978 4.34
3.124978 4.34
3.149961 4.34
3.160728 4.34
3.191086 4.34
3.201961 4.34
3.232476 4.34
3.248766 4.34
3.274100 4.34
3.285094 4.34
3.315614 4.34
3.326468 4.34
3.356982 4.34
3.373088 4.34
3.403465 4.34
3.419464 4.34
3.444981 4.34
3.460980 4.34
3.485963 4.34
3.496730 4.34
3.526995 4.34
3.538123 4.34
