0.000000 0.000000
0.041855 4.34
0.052823 4.34
0.083341 4.34
0.094328 2.66
0.130338 2.34
0.141485 2.66
0.177203 2.66
0.188075 2.66
0.218836 2.34
0.229836 2.34
0.260320 2.66
0.271319 2.66
0.307193 2.66
0.317943 2.34
0.348471 2.34
0.364566 2.34
0.395191 2.34
0.405953 2.34
0.436315 2.34
0.447190 2.34
0.477468 2.34
0.493469 2.34
0.524191 2.34
0.534941 2.34
0.565470 2.34
0.581470 2.34
0.612192 2.34
0.623067 2.34
0.653471 2.34
0.669468 2.34
0.700193 2.34
0.710963 2.66
0.741318 2.34
0.752338 2.34
0.788209 2.34
0.799220 2.34
0.829844 2.34
0.840900 2.66
0.871486 2.34
0.887757 2.34
0.918329 2.34
0.929330 2.34
0.965347 2.34
0.978115 4.02
1.012205 4.02
1.023077 4.02
1.053841 4.02
1.066485 4.02
1.095324 4.02
1.106324 4.02
1.138480 4.02
1.149323 4.02
1.185197 4.02
1.195947 4.02
1.226474 4.02
1.242474 4.02
1.267835 4.02
1.278572 4.02
1.308947 4.34
1.319836 4.34
1.349947 4.02
1.362473 4.02
1.390963 4.02
1.401836 4.34
1.432518 4.34
1.448742 4.34
1.474227 4.34
1.485215 4.34
1.521227 4.34
1.532339 4.34
1.568084 4.34
1.579083 4.34
1.609707 4.34
1.620618 4.34
1.651337 4.34
1.667650 4.34
1.698211 4.34
1.709211 4.34
1.741339 4.34
1.752207 4.34
1.788208 4.34
1.799207 4.68
1.831336 4.68
1.842205 4.68
1.877971 4.68
1.890334 4.68
1.919203 4.68
1.929953 4.34
1.960454 4.68
1.976578 4.68
2.007203 4.68
2.017953 4.68
2.048454 4.68
2.059470 4.68
2.090092 4.68
2.101086 4.68
2.131728 4.68
2.142709 4.68
2.173082 4.68
2.183957 4.68
2.214332 4.68
2.230331 4.68
2.260974 4.68
2.276972 4.34
2.302080 4.68
2.312955 4.68
2.343080 4.68
2.353962 4.68
2.384332 4.68
2.400469 4.68
2.431215 5.35
2.442214 5.00
2.478087 5.35
2.488979 5.35
2.519621 5.35
2.530462 5.35
2.561084 5.35
2.571959 5.35
2.602334 5.35
2.618333 5.00
2.648974 5.35
2.664976 5.35
2.690208 5.35
2.700958 5.35
2.731460 5.35
2.742333 5.35
2.772584 5.00
2.783333 5.35
2.813975 5.35
2.829975 5.35
2.855209 5.35
2.865959 5.35
2.896335 5.35
2.912335 5.35
2.942977 5.35
2.958977 5.35
2.984211 5.35
2.994960 5.35
3.025461 5.35
3.036336 5.35
3.072211 5.35
3.082961 5.35
3.113336 5.35
3.129336 5.35
3.159977 5.35
3.175979 5.35
3.201212 5.35
3.211962 5.35
3.242463 5.35
3.253337 5.35
3.288980 5.35
3.304981 5.35
3.330213 5.35
3.340963 5.35
3.371464 5.35
3.382338 5.35
3.418213 5.35
3.428963 5.35
3.459465 5.35
3.470339 5.35
3.506215 5.35
3.516964 5.35
3.547340 5.35
3.563340 5.35
3.593983 5.35
3.609982 5.35
3.635215 5.35
3.646091 5.35
3.676467 5.35
3.687341 5.35
3.722983 5.35
3.738983 5.35
3.764216 5.35
3.775092 5.35
3.805468 5.35
3.816342 5.35
3.848345 5.35
3.859092 5.35
3.894985 5.35
3.910985 5.35
3.936218 5.35
3.948733 5.35
3.977470 5.35
3.988343 5.35
4.018985 5.35
4.034986 5.35
4.060218 5.35
4.076219 5.35
4.101470 5.35
4.112344 5.35
4.147989 5.35
4.163987 5.35
4.189220 5.35
4.201738 5.35
4.230471 5.35
4.241344 5.35
4.276988 5.35
4.292986 5.35
4.318220 5.35
4.330738 5.35
4.359346 5.35
4.375346 5.35
4.402225 5.35
4.412971 5.35
4.443346 5.35
4.459346 5.35
4.489987 5.35
4.505987 5.35
4.531222 5.35
4.543615 5.35
4.572489 5.35
4.583347 5.35
4.613988 5.35
4.629989 5.35
4.655223 5.35
4.667615 5.35
4.696475 5.35
4.707349 5.35
4.737990 5.35
4.753992 5.35
4.779224 5.35
4.791616 5.35
4.820504 5.35
4.831349 5.35
4.861993 5.35
4.872868 5.35
4.903100 5.35
4.913975 5.35
4.944225 5.35
4.960225 5.35
4.985476 5.35
4.996351 5.35
5.026755 5.35
5.039229 5.35
5.068101 5.35
5.078993 5.35
5.109226 5.35
5.125227 5.35
5.150351 5.35
5.161102 5.35
5.196995 5.00
5.207742 5.00
5.237978 5.35
5.248745 5.35
5.279103 5.35
5.289978 5.35
5.320228 5.35
5.336228 5.35
5.361479 5.35
5.372353 5.35
5.407994 5.35
5.418744 5.35
5.448979 5.35
5.459746 5.35
5.490104 5.35
5.500980 5.35
5.531355 5.35
5.547355 5.35
5.577997 5.35
5.588748 5.35
5.619230 5.35
5.635105 5.35
5.660482 5.35
5.671356 5.35
5.701761 5.35
5.717871 5.35
5.743106 5.35
5.753982 5.35
5.784231 5.35
5.800232 5.35
5.825483 5.35
5.836357 5.35
5.871875 5.35
5.887872 5.35
5.912982 5.35
5.923749 5.35
5.953983 5.35
5.964751 5.35
5.994984 5.35
6.005749 5.35
6.035983 5.35
6.046750 5.35
6.076984 5.35
6.087749 5.35
6.118109 5.35
6.128984 5.35
6.159235 5.35
6.175234 5.35
6.200360 5.35
6.211110 5.35
6.247000 5.35
6.257753 5.35
6.288110 5.35
6.298986 5.35
6.329236 5.35
6.345236 5.35
6.370487 5.35
6.381361 5.35
6.411766 5.35
6.427754 5.35
6.453111 5.35
6.463987 5.35
6.494237 5.35
6.510112 5.35
6.535488 5.35
6.546362 5.35
6.576767 5.35
6.592879 5.35
6.618113 5.35
6.628988 5.35
6.659238 5.35
6.675238 5.35
6.702248 5.35
6.713114 5.35
6.745249 5.35
6.755989 5.35
6.786490 5.35
6.797364 5.35
6.828008 5.35
6.838756 5.35
6.868990 5.35
6.879755 5.35
6.909990 5.35
6.920757 5.35
6.950991 5.35
6.961756 5.35
6.992116 5.35
7.004643 5.35
7.033241 5.35
7.049116 5.35
7.076250 5.35
7.087116 5.35
7.117367 5.35
7.128116 5.35
7.158769 5.35
7.171251 5.35
7.199992 5.35
7.210759 5.35
7.240992 5.35
7.251760 5.35
7.281993 5.35
7.292758 5.35
7.322993 5.35
7.333762 5.35
7.364118 5.35
7.376495 5.35
7.405244 5.35
7.421244 5.35
7.446369 5.35
7.457244 5.35
7.487886 5.35
7.498637 5.35
7.529120 5.35
7.541495 5.35
7.570245 5.35
7.580995 5.35
7.613130 5.35
7.624017 5.35
7.654246 5.35
7.670246 5.35
7.700649 5.35
7.713130 5.35
7.742121 5.35
7.754497 5.35
7.783246 5.35
7.794121 5.35
7.824372 5.35
7.835122 5.35
7.865776 5.35
7.881888 5.35
7.907123 5.35
7.923123 5.35
7.948248 5.35
7.958998 5.00
7.994642 5.35
8.005373 5.35
8.036016 5.35
8.046889 5.35
8.077249 5.35
8.088124 5.35
8.118374 5.35
8.129124 5.35
8.159779 5.35
8.175890 5.35
8.201125 5.35
8.217000 5.35
8.242250 5.35
8.253000 5.35
8.288641 5.35
8.304643 5.35
8.330018 5.35
8.340768 5.35
8.371251 5.35
8.382126 5.35
8.412376 5.35
8.423127 5.35
8.453892 5.35
8.464642 5.35
8.495127 5.35
8.511002 5.35
8.536252 5.35
8.547127 5.35
8.582655 5.35
8.598644 5.35
8.624018 5.35
8.634770 5.35
8.670378 5.35
8.681254 5.35
8.711894 5.35
8.722647 5.35
8.753019 5.35
8.763894 5.35
8.794129 5.35
8.810130 5.35
8.835254 5.35
8.846005 5.35
8.881645 5.35
8.892380 5.35
8.923020 5.35
8.933772 5.35
8.964255 5.35
8.975130 5.35
9.010649 5.35
9.021381 5.35
9.052021 5.35
9.062775 5.35
9.093257 5.35
9.104006 5.35
9.139659 5.35
9.150382 5.35
9.181025 5.35
9.191773 5.35
9.222133 5.35
9.238133 5.35
9.263258 5.35
9.274133 5.35
9.309649 5.35
9.320383 5.35
9.351026 5.35
9.361775 5.35
9.392259 5.35
9.403134 5.35
9.438663 5.35
9.454652 5.35
9.480010 5.35
9.490774 5.35
9.521010 5.35
9.533538 5.35
9.562135 5.35
9.578010 5.35
9.603260 5.35
9.614135 5.35
9.644386 5.35
9.655136 5.35
9.685790 5.35
9.696665 5.35
9.727137 5.35
9.743137 5.35
9.768262 5.35
9.779137 5.35
9.814652 5.35
9.827138 5.35
9.855905 5.35
9.866654 5.35
9.897138 5.35
9.913012 5.35
9.938263 5.35
9.949013 5.35
9.984654 5.35
9.997139 5.35
10.025905 5.35
10.036657 5.35
10.067014 5.35
10.079389 5.35
10.108014 5.35
10.120389 5.35
10.149015 5.35
10.161390 5.35
10.190140 5.35
10.206015 5.35
10.231265 5.35
10.242140 5.35
10.272668 5.35
10.285016 5.35
10.314140 5.35
10.330016 5.35
10.355266 5.35
10.366141 5.35
10.396670 5.35
10.409017 5.35
10.437909 5.35
10.448659 5.35
10.479142 5.35
10.495017 5.35
10.520267 5.35
10.531142 5.35
10.561518 5.35
10.572267 5.35
10.602785 5.35
10.613670 5.35
10.644143 5.35
10.660018 5.35
10.685268 5.35
10.696144 5.35
10.726519 5.35
10.737269 5.00
10.767798 5.35
10.778520 5.35
10.809144 5.35
10.825020 5.35
10.850270 5.35
10.861020 5.35
10.891674 5.35
10.907522 5.35
10.932913 5.35
10.943672 5.35
10.974021 5.35
10.990021 5.35
11.015021 5.35
11.031021 5.35
11.056021 5.35
11.071911 5.35
11.097146 5.35
11.113022 5.35
11.138272 5.35
11.149022 5.35
11.179676 5.35
11.195674 5.35
11.221023 5.35
11.237023 5.35
11.262148 5.35
11.278148 5.35
11.303273 5.35
11.314148 5.35
11.344678 5.35
11.360676 5.35
11.386024 5.35
11.402024 5.35
11.427149 5.35
11.443149 5.35
11.468274 5.35
11.479150 5.35
11.509678 5.35
11.525676 5.35
11.551025 5.35
11.567026 5.35
11.592150 5.35
11.608151 5.35
11.633276 5.35
11.644151 5.35
11.674679 5.35
11.690679 5.35
11.716026 5.35
11.732152 5.35
11.757152 5.35
11.773027 5.35
11.798277 5.35
11.809027 5.35
11.839679 5.35
11.855556 5.35
11.881028 5.35
11.897028 5.35
11.922028 5.35
11.937920 5.35
11.963029 5.35
11.978918 5.35
12.004029 5.35
12.019922 5.35
12.045029 5.35
12.061029 5.35
12.086154 5.35
12.102154 5.35
12.129031 5.35
12.139922 5.35
12.170280 5.35
12.181155 5.35
12.214683 5.35
12.230685 5.35
12.256030 5.35
12.271924 5.35
12.297156 5.35
12.313156 5.35
12.338281 5.35
12.349031 5.35
12.379684 5.35
12.395685 5.35
12.420924 5.35
12.433410 5.35
12.464062 5.35
12.474924 5.35
12.507033 5.35
12.517907 5.35
12.548158 5.35
12.558923 5.35
12.591051 5.35
12.601926 5.35
12.634050 5.35
12.644926 5.35
12.677062 5.35
12.687926 5.35
12.720066 5.35
12.730924 5.35
12.763065 5.35
12.773928 5.35
12.809409 5.35
12.822063 5.35
12.850687 5.35
12.861564 5.35
12.892035 5.35
12.907926 5.35
12.933160 5.35
12.943927 5.35
12.979417 5.35
12.995565 5.35
13.020928 5.35
13.033286 5.35
13.062037 5.35
13.072927 5.35
13.103162 5.35
13.114037 5.35
13.149413 5.35
13.161913 5.35
13.190931 5.35
13.206929 5.35
13.232038 5.35
13.242930 5.35
13.273164 5.35
13.284038 5.35
13.319567 5.35
13.335568 5.35
13.360932 5.35
13.377039 5.35
13.401914 5.35
13.417932 5.35
13.442915 5.35
13.455289 5.35
13.483915 5.35
13.499932 5.35
13.525040 5.35
13.541040 5.35
13.566041 5.35
13.576916 5.35
13.607166 5.35
13.617916 5.35
13.653418 5.35
13.669423 5.35
13.694933 5.35
13.710931 5.35
13.736167 5.35
13.746934 5.35
13.782571 5.35
13.798421 5.35
13.824042 5.35
13.840042 5.35
13.865043 5.35
13.875917 5.35
13.906043 5.35
13.916918 5.35
13.947043 5.35
13.957918 5.35
13.988168 5.35
13.998919 5.35
14.034419 5.35
14.050423 5.35
14.075937 5.35
14.091936 5.35
14.116920 5.35
14.133045 5.35
14.157920 5.35
14.173937 5.35
14.198920 5.35
14.214921 5.35
14.240046 5.35
14.255921 5.35
14.281046 5.35
14.291921 5.35
14.322046 5.35
14.332921 5.35
14.363046 5.35
14.373937 5.35
14.404046 5.35
14.414922 5.35
14.445172 5.35
14.455922 5.35
14.491574 5.35
14.507423 5.35
14.533048 5.35
14.549048 5.35
14.574173 5.35
14.584923 5.35
14.620424 5.35
14.636424 5.35
14.661941 5.35
14.677942 5.35
14.703049 5.35
14.713941 5.35
14.744050 5.35
14.754941 5.35
14.785050 5.35
14.795939 5.35
14.826050 5.35
14.836925 5.35
14.867050 5.35
14.877926 5.35
14.908050 5.35
14.918926 5.35
14.949051 5.35
14.959926 5.35
14.990051 5.35
15.000926 5.35
15.031052 5.35
15.041941 5.35
15.072052 5.35
15.082927 5.35
15.113052 5.35
15.123927 5.35
15.154178 5.35
15.164927 5.35
15.200429 5.35
15.216429 5.35
15.241944 5.35
15.257943 5.35
15.283054 5.35
15.293945 5.35
15.324053 5.35
15.334929 5.35
15.365054 5.35
15.375929 5.35
15.406054 5.35
15.416929 5.35
15.447055 5.35
15.457930 5.35
15.488055 5.35
15.498930 5.35
15.529055 5.35
15.539931 5.35
15.570056 5.35
15.580931 5.35
15.611056 5.35
15.621931 5.35
15.652056 5.35
15.662931 5.35
15.693056 5.35
15.703932 5.35
15.734057 5.35
15.744932 5.35
15.775057 5.35
15.785932 5.35
15.816058 5.35
15.826933 5.35
15.857183 5.35
15.867933 5.35
15.903434 5.35
15.919437 5.35
15.944951 5.35
15.960948 5.35
15.985934 5.35
15.996699 5.35
16.026934 5.35
16.037702 5.35
16.068060 5.35
16.078935 5.35
16.109185 5.35
16.119935 5.35
16.155437 5.35
16.171440 5.35
16.196952 5.35
16.212952 5.35
16.237936 5.35
16.248704 5.35
16.279061 5.35
16.289951 5.00
16.325311 5.35
16.341311 5.35
16.366589 5.35
16.377311 5.35
16.407951 5.35
16.423955 5.35
16.449062 5.35
16.459937 5.35
16.490062 5.35
16.500938 5.35
16.531063 5.35
16.541938 5.35
16.572063 5.35
16.582938 5.35
16.613063 5.35
16.623938 5.35
16.654063 5.35
16.664939 5.35
16.695064 5.35
16.705939 5.35
16.736064 5.35
16.746939 5.35
16.777065 5.35
16.787940 5.35
16.818065 5.35
16.828940 5.35
16.859065 5.35
16.869940 5.35
16.905316 5.35
16.916065 5.35
16.946595 5.35
16.957442 5.35
16.987942 5.35
16.998708 5.35
17.028942 5.35
17.039707 5.35
17.069942 5.35
17.080708 5.35
17.110942 5.35
17.121708 5.35
17.151943 5.35
17.162711 5.35
17.192943 5.35
17.203710 5.35
17.233943 5.35
17.244710 5.35
17.274944 5.35
17.285711 5.35
17.315944 5.35
17.326709 5.35
17.356945 5.35
17.367712 5.35
17.397944 5.35
17.408710 5.35
17.438945 5.35
17.449710 5.35
17.479945 5.35
17.490711 5.35
17.520945 5.35
17.531713 5.35
17.561946 5.35
17.572711 5.35
17.602946 5.35
17.613713 5.35
17.643946 5.35
17.654713 5.35
17.684947 5.35
17.695713 5.35
17.725947 5.35
17.736714 5.35
17.766964 5.35
17.777713 5.35
17.809824 5.35
17.820725 5.35
17.850965 5.35
17.861716 5.35
17.892073 5.35
17.902948 5.35
17.934825 5.35
17.945573 5.35
17.975966 5.35
17.991965 5.35
18.016949 5.35
18.027715 5.35
18.057949 5.35
18.068715 5.35
18.098950 5.35
18.109719 5.35
18.139950 5.35
18.150716 5.35
18.180950 5.35
18.191717 5.35
18.221951 5.35
18.232716 5.35
18.262951 5.35
18.273718 5.35
18.303951 5.35
18.314718 5.35
18.344952 5.35
18.355718 5.35
18.385952 5.35
18.396719 5.35
18.426952 5.35
18.437719 5.35
18.467952 5.35
18.478718 5.35
18.508953 5.35
18.519721 5.35
18.549953 5.35
18.560719 5.35
18.590954 5.35
18.601720 5.35
18.631954 5.35
18.642722 5.35
18.672954 5.35
18.683722 5.35
18.713954 5.35
18.724719 5.35
18.754954 5.35
18.765721 5.35
18.795955 5.35
18.806722 5.35
18.836955 5.35
18.847722 5.35
18.877956 5.35
18.888721 5.35
18.918956 5.35
18.929721 5.35
18.959956 5.35
18.970721 5.35
19.000957 5.35
19.011727 5.35
19.041957 5.35
19.052723 5.00
19.082958 5.35
19.093723 5.35
19.123957 5.35
19.134724 5.35
19.164958 5.35
19.175725 5.35
19.205958 5.35
19.216725 5.35
19.246959 5.35
19.257724 5.35
19.287959 5.35
19.298725 5.35
19.329084 5.35
19.339960 5.35
19.375334 5.35
19.391210 5.35
19.416739 5.35
19.432584 5.35
19.458085 5.35
19.468960 5.35
19.504335 5.35
19.520211 5.35
19.545739 5.35
19.561737 5.35
19.587086 5.35
19.597961 5.35
19.633337 5.35
19.649211 5.35
19.674740 5.35
19.691087 5.35
19.716087 5.35
19.726962 5.35
19.762337 5.35
19.778212 5.35
19.803743 5.35
19.819606 5.35
19.845088 5.35
19.855963 5.35
19.891338 5.35
19.907214 5.35
19.932742 5.35
19.948743 5.35
19.973964 5.35
19.984729 5.35
20.014964 5.35
20.025730 5.35
20.055965 5.35
20.066730 5.35
20.098716 5.35
20.109466 5.35
20.140090 5.35
20.150965 5.35
20.186340 5.35
20.202215 5.35
20.227744 5.35
20.244091 5.35
20.270718 5.35
20.281468 5.35
20.312091 5.35
20.322966 5.35
20.358342 5.35
20.374217 5.35
20.399744 5.35
20.415747 5.35
20.442719 5.35
20.453621 5.35
20.483967 5.35
20.494735 5.35
20.526719 5.35
20.537610 5.35
20.569720 5.00
20.580487 5.35
20.612720 5.35
20.623624 5.35
20.655721 5.35
20.666470 5.35
20.698721 5.35
20.709624 5.35
20.739985 5.35
20.750736 5.35
20.786345 5.35
20.802345 5.35
20.827863 5.35
20.843988 5.35
20.874346 5.35
20.885221 5.35
20.915864 5.35
20.926611 5.35
20.962346 5.35
20.973221 5.35
21.003863 5.35
21.014615 5.35
21.044990 5.35
21.055865 5.35
21.091222 5.35
21.103752 5.35
21.132502 5.35
21.143348 5.35
21.173988 5.35
21.184865 5.35
21.215223 5.35
21.227752 5.35
21.256475 5.35
21.267348 5.35
21.297752 5.35
21.313753 5.35
21.340600 5.35
21.351475 5.35
21.381989 5.35
21.392743 5.35
21.428350 5.35
21.444225 5.35
21.469752 5.35
21.485617 5.35
21.516350 5.35
21.532351 5.35
21.557754 5.35
21.573755 5.35
21.604226 5.35
21.620351 5.35
21.645478 5.35
21.656351 5.35
21.686753 5.35
21.702758 5.35
21.733352 5.35
21.749227 5.35
21.774755 5.35
21.785479 5.35
21.821103 5.35
21.831992 5.00
21.862228 5.35
21.878103 5.35
21.903480 5.35
21.914353 5.35
21.944759 5.35
21.955633 5.35
21.991229 5.35
22.007354 5.35
22.035480 5.35
22.046355 5.35
22.076997 5.35
22.087748 5.35
22.118230 5.35
22.134230 5.35
22.159482 5.35
22.170355 5.35
22.200757 5.35
22.211482 5.35
22.247356 5.35
22.258231 5.35
22.288760 5.35
22.299635 5.35
22.335106 5.35
22.345981 5.35
22.376232 5.35
22.392107 5.35
22.420484 5.35
22.431357 5.35
22.461762 5.35
22.472484 5.35
22.508233 5.35
22.524358 5.35
22.549485 5.35
22.560358 5.35
22.590623 5.35
22.606626 5.35
22.631749 5.35
22.642486 5.35
22.678234 5.35
22.694109 5.35
22.719486 5.35
22.730360 5.35
22.760875 5.35
22.771638 5.35
22.802002 5.35
22.812754 5.35
22.848236 5.35
22.864235 5.35
22.889487 5.35
22.900361 5.35
22.930764 5.35
22.941641 5.35
22.977361 5.35
22.988112 5.35
23.018764 5.35
23.029639 5.35
23.065362 5.00
23.076237 5.00
23.106765 5.35
23.117489 5.35
23.153363 5.35
23.164113 5.35
23.194768 5.35
23.205643 5.35
23.241114 5.35
23.251989 5.35
23.282239 5.35
23.298114 5.35
23.323490 5.35
23.334364 5.35
23.365005 5.35
23.375758 5.35
23.406240 5.35
23.422114 5.35
23.447491 5.35
23.458365 5.35
23.488767 5.35
23.499492 5.35
23.535240 5.35
23.551241 5.35
23.576492 5.35
23.587366 5.35
23.617771 5.35
23.628646 5.35
23.664242 5.35
23.680241 5.35
23.708647 5.35
23.724759 5.35
23.750009 5.35
23.760886 5.35
23.791243 5.35
23.807118 5.35
23.832494 5.35
23.845118 5.35
23.873772 5.35
23.884647 5.35
23.920119 5.35
23.930994 5.35
23.961244 5.35
23.977244 5.35
24.002524 5.35
24.015120 5.35
24.045621 5.35
24.056513 5.35
24.088648 5.35
24.099497 5.35
24.131622 5.35
24.142496 5.35
24.174498 5.35
24.185371 5.35
24.217498 5.35
24.228371 5.35
24.258775 5.35
24.269651 5.35
24.305372 5.35
24.316122 5.35
24.346777 5.35
24.357498 5.35
24.387997 5.35
24.398764 5.35
24.434372 5.35
24.445123 5.35
24.475652 5.35
24.491650 5.35
24.518500 5.35
24.529373 5.35
24.559777 5.35
24.570653 5.35
24.606124 5.35
24.618500 5.00
24.647249 5.35
24.657999 5.35
24.688535 5.35
24.704651 5.35
24.735250 5.35
24.746125 5.35
24.776532 5.35
24.792530 5.35
24.823250 5.35
24.834001 5.35
24.864531 5.35
24.880655 5.35
24.911251 5.35
24.922001 5.35
24.952533 5.35
24.968656 5.35
24.999252 5.35
25.010127 5.35
25.040503 5.35
25.056657 5.35
25.081779 5.35
25.092658 5.35
25.123127 5.35
25.139253 5.35
25.164253 5.35
25.175128 5.35
25.205379 5.35
25.216128 5.35
25.246782 5.35
25.257659 5.35
25.288129 5.35
25.304254 5.35
25.329254 5.35
25.340129 5.35
25.370506 5.35
25.386658 5.35
25.417255 5.35
25.428130 5.35
25.458507 5.35
25.474658 5.35
25.505256 5.35
25.516131 5.35
25.546507 5.35
25.562658 5.35
25.587659 5.35
25.598381 5.35
25.634256 5.35
25.645007 5.35
25.675509 5.35
25.691660 5.35
25.722257 5.35
25.733133 5.35
25.763509 5.35
25.779509 5.35
25.810258 5.35
25.821133 5.35
25.851510 5.35
25.867662 5.35
25.892788 5.35
25.903663 5.35
25.934009 5.35
25.944777 5.35
25.975009 5.35
25.985775 5.35
26.016134 5.35
26.032259 5.35
26.057260 5.35
26.068135 5.35
26.098539 5.35
26.114510 5.35
26.145136 5.35
26.161025 5.35
26.186261 5.35
26.197010 5.35
26.227386 5.35
26.238136 5.35
26.268788 5.35
26.279512 5.35
26.310012 5.35
26.320779 5.35
26.351137 5.35
26.367137 5.35
26.392262 5.35
26.403137 5.35
26.433513 5.35
26.449513 5.35
26.474778 5.35
26.485654 5.35
26.516139 5.35
26.532138 5.35
26.557264 5.35
26.568138 5.35
26.598389 5.35
26.611014 5.35
26.641519 5.35
26.652389 5.35
26.688140 5.35
26.704140 5.35
26.729265 5.35
26.740140 5.35
26.770515 5.35
26.786515 5.35
26.817141 5.35
26.833037 5.35
26.858266 5.35
26.869016 5.35
26.899670 5.35
26.910517 5.35
26.946142 5.35
26.962142 5.35
26.987267 5.35
26.998142 5.35
27.028672 5.35
27.039392 5.35
27.075035 5.35
27.087422 5.35
27.116268 5.35
27.127018 5.35
27.157672 5.35
27.168518 5.35
27.204143 5.35
27.220144 5.35
27.245269 5.35
27.256019 5.35
27.286674 5.35
27.297403 5.35
27.333144 5.35
27.349145 5.35
27.374270 5.35
27.385145 5.00
27.415674 5.35
27.426403 5.35
27.456913 5.35
27.467673 5.35
27.498021 5.35
27.510425 5.35
27.539146 5.35
27.549914 5.35
27.580271 5.35
27.591022 5.35
27.621551 5.35
27.632405 5.35
27.668038 5.35
27.680428 5.35
27.709272 5.35
27.720022 5.35
27.750552 5.00
27.761406 5.35
27.797041 5.35
27.813023 5.35
27.838273 5.35
27.849024 5.35
27.879681 5.35
27.890551 5.35
27.921024 5.35
27.937149 5.35
27.962024 5.35
27.978150 5.35
28.003025 5.35
28.019150 5.35
28.044025 5.35
28.060150 5.35
28.085150 5.35
28.095916 5.35
28.126275 5.35
28.137151 5.35
28.167680 5.35
28.178553 5.35
28.209026 5.35
28.225151 5.35
28.250151 5.35
28.260918 5.35
28.291276 5.35
28.302152 5.35
28.332680 5.35
28.343406 5.35
28.374028 5.35
28.390152 5.35
28.415153 5.35
28.426028 5.35
28.456278 5.35
28.467153 5.35
28.497684 5.35
28.508556 5.35
28.539028 5.35
28.555154 5.35
28.580154 5.35
28.590921 5.35
28.621279 5.35
28.632029 5.35
28.662683 5.35
28.673559 5.35
28.704030 5.35
28.720155 5.35
28.745155 5.35
28.755921 5.35
28.786155 5.35
28.797046 5.35
28.827280 5.35
28.838156 5.35
28.868558 5.35
28.879281 5.35
28.910031 5.35
28.926157 5.35
28.951031 5.35
28.967157 5.35
28.992157 5.00
29.002925 5.00
29.033282 5.35
29.044032 5.35
29.074562 5.35
29.085410 5.35
29.116051 5.35
29.132158 5.35
29.157283 5.35
29.168159 5.35
29.200439 5.35
29.211283 5.35
29.247159 5.35
29.258034 5.35
29.288284 5.35
29.299159 5.35
29.329689 5.35
29.340562 5.35
29.371035 5.35
29.387160 5.35
29.412160 5.35
29.422911 5.35
29.453285 5.35
29.464160 5.35
29.496416 5.35
29.507286 5.35
29.543161 5.35
29.554036 5.35
29.584286 5.35
29.596930 5.35
29.625692 5.35
29.636564 5.35
29.667037 5.35
29.683162 5.35
29.708162 5.35
29.719037 5.35
29.749287 5.35
29.761930 5.35
29.790414 5.35
29.806568 5.35
29.837164 5.35
29.848039 5.35
29.878289 5.35
29.890692 5.35
29.921294 5.35
29.932039 5.35
29.962569 5.35
29.973416 5.35
30.005295 5.35
30.016165 5.35
30.046569 5.35
30.057416 5.35
30.087931 5.35
30.100295 5.35
30.129041 5.35
30.145165 5.35
30.170166 5.00
30.180916 5.35
30.211291 5.35
30.227292 5.35
30.252418 5.35
30.268571 5.35
30.299167 5.35
30.310042 5.35
30.340292 5.35
30.352696 5.35
30.386935 5.35
30.399297 5.35
30.428168 5.35
30.439043 5.35
30.469293 5.35
30.485168 5.35
30.510422 5.35
30.521168 5.35
30.557169 5.35
30.568044 5.35
30.598294 5.35
30.614294 5.35
30.639574 5.35
30.650421 5.35
30.681045 5.35
30.691936 5.35
30.722170 5.35
30.732920 5.35
30.763421 5.35
30.774295 5.35
30.810171 5.35
30.820921 5.35
30.851296 5.35
30.867296 5.35
30.892573 5.35
30.903296 5.35
30.933938 5.35
30.949939 5.00
30.975172 5.35
30.985922 5.35
31.016297 5.35
31.032297 5.35
31.057574 5.35
31.068297 5.35
31.098940 5.35
31.114940 5.35
31.140048 5.35
31.150939 5.35
31.181049 5.35
31.191924 5.35
31.222049 5.35
31.232940 5.35
31.263049 5.35
31.273924 5.35
31.304049 5.35
31.314925 5.35
31.345050 5.35
31.355941 5.35
31.386050 5.35
31.396925 5.35
31.427050 5.35
31.437926 5.35
31.468051 5.35
31.478926 5.35
31.509176 5.35
31.520051 5.35
31.550301 5.35
31.566301 5.35
31.591579 5.35
31.602302 5.35
31.632945 5.35
31.648942 5.35
31.674052 5.35
31.684943 5.35
31.715052 5.35
31.725928 5.35
31.756053 5.35
31.766928 5.35
31.797053 5.35
31.807928 5.35
31.838054 5.35
31.848929 5.35
31.879054 5.35
31.889946 5.35
31.920054 5.35
31.930929 5.35
31.961054 5.35
31.971929 5.35
32.002054 5.35
32.012930 5.35
32.043180 5.35
32.053930 5.35
32.084305 5.35
32.100432 5.35
32.127311 5.35
32.138181 5.35
32.170307 5.35
32.181055 5.35
32.211305 5.35
32.227180 5.35
32.252432 5.35
32.263180 5.35
32.293433 5.35
32.304180 5.35
32.334432 5.35
32.345181 5.35
32.375433 5.35
32.386181 5.35
32.416432 5.35
32.427182 5.35
32.457437 5.35
32.468182 5.35
32.498434 5.35
32.509182 5.35
32.539435 5.35
32.550309 5.35
32.580950 5.35
32.596949 5.35
32.622184 5.35
32.634575 5.35
32.663309 5.35
32.679309 5.35
32.706190 5.35
32.717060 5.35
32.747310 5.35
32.763310 5.35
32.790191 5.35
32.801061 5.35
32.831311 5.35
32.847311 5.35
32.874191 5.35
32.885061 5.35
32.915311 5.35
32.931317 5.35
32.956312 5.00
32.972186 5.35
32.997311 5.35
33.013186 5.35
33.038311 5.35
33.054186 5.35
33.079311 5.35
33.095187 5.35
33.120438 5.35
33.131187 5.35
33.161439 5.35
33.172187 5.35
33.202439 5.35
33.213187 5.35
33.243439 5.35
33.254188 5.35
33.284439 5.35
33.295187 5.35
33.325439 5.35
33.336188 5.35
33.366440 5.35
33.377188 5.35
33.407441 5.35
33.418315 5.35
33.453959 5.35
33.464707 5.35
33.495191 5.35
33.511066 5.35
33.536316 5.35
33.547066 5.35
33.582709 5.35
33.593443 5.35
33.623960 5.35
33.634707 5.35
33.664942 5.35
33.675709 5.35
33.705961 5.35
33.716721 5.35
33.747068 5.35
33.757943 5.35
33.788068 5.35
33.798943 5.35
33.829068 5.35
33.839944 5.35
33.870069 5.35
33.880944 5.35
33.911069 5.35
33.921945 5.35
33.952069 5.35
33.962944 5.35
33.993069 5.35
34.003945 5.35
34.034070 5.35
34.044945 5.35
34.075070 5.35
34.085945 5.35
34.116071 5.35
34.126946 5.35
34.157071 5.00
34.167946 5.35
34.198071 5.35
34.208947 5.35
34.239072 5.35
34.249947 5.35
34.280072 5.35
34.290947 5.35
34.321072 5.35
34.331947 5.35
34.362072 5.35
34.372947 5.35
34.403073 5.35
34.413948 5.35
34.444073 5.35
34.454948 5.35
34.485074 5.35
34.495949 5.35
34.526074 5.35
34.536949 5.35
34.567073 5.35
34.577949 5.35
34.608199 5.35
34.624074 5.35
34.649325 5.35
34.660200 5.35
34.690452 5.35
34.701325 5.35
34.731969 5.35
34.742715 5.35
34.773076 5.35
34.783967 5.35
34.814076 5.35
34.824951 5.35
34.855076 5.35
34.865952 5.35
34.896076 5.35
34.906952 5.35
34.937076 5.35
34.947952 5.35
34.978077 5.35
34.988952 5.35
35.019077 5.35
35.029952 5.35
35.060078 5.35
35.075953 5.00
35.101078 5.35
35.111953 5.35
35.142079 5.35
35.154579 5.35
35.183079 5.35
35.193954 5.35
35.224090 5.35
35.240081 5.35
35.265078 5.00
35.277578 5.35
35.306078 5.35
35.316828 5.35
35.347079 5.35
35.359579 5.35
35.388079 5.35
35.400579 5.35
35.429079 5.35
35.441579 5.35
35.470079 5.35
35.482455 5.35
35.511080 5.35
35.523455 5.35
35.552080 5.35
35.564456 5.35
35.593080 5.35
35.605456 5.35
35.634081 5.35
35.646456 5.35
35.675081 5.35
35.687457 5.35
35.716081 5.35
35.728457 5.00
35.757081 5.35
35.769457 5.35
35.798082 5.00
35.810457 5.35
35.839082 5.35
35.851458 5.35
35.880083 5.35
35.892458 5.35
35.921083 5.35
35.936958 5.35
35.962083 5.35
35.974459 5.35
36.003084 5.35
36.015459 5.35
36.044084 5.35
36.059959 5.35
36.085084 5.35
36.100959 5.35
36.126084 5.35
36.138461 5.35
36.167085 5.35
36.182960 5.35
36.208085 5.35
36.223960 5.35
36.249086 5.35
36.261462 5.35
36.290086 5.35
36.305961 5.35
36.331086 5.35
36.346961 5.35
36.372086 5.35
36.387962 5.35
36.413087 5.35
36.428962 5.35
36.454087 5.35
36.469962 5.35
36.495087 5.35
36.510962 5.35
36.536088 5.35
36.551962 5.35
36.577088 5.35
36.592963 5.35
36.618088 5.35
36.633963 5.35
36.659088 5.35
36.674964 5.35
36.700088 5.35
36.715964 5.35
36.741089 5.35
36.756964 5.35
36.782089 5.35
36.797964 5.35
36.823090 5.35
36.838964 5.35
36.864090 5.35
36.879965 5.35
36.905090 5.35
36.920965 5.35
36.946091 5.35
36.961966 5.35
36.987091 5.35
37.002966 5.35
37.028091 5.35
37.043966 5.35
37.069091 5.35
37.084966 5.35
37.110092 5.35
37.125967 5.35
37.151092 5.35
37.166967 5.35
37.192092 5.35
37.207967 5.35
37.233092 5.35
37.248968 5.35
37.274093 5.35
37.289968 5.35
37.315094 5.35
37.330968 5.35
37.356094 5.35
37.371969 5.35
37.397094 5.35
37.412969 5.35
37.438094 5.35
37.453969 5.35
37.479095 5.35
37.494970 5.35
37.520095 5.35
37.535970 5.35
37.561095 5.35
37.576970 5.35
37.602095 5.35
37.617971 5.35
37.643096 5.35
37.658971 5.35
37.684096 5.35
37.699971 5.35
37.725097 5.35
37.740971 5.35
37.766097 5.35
37.781972 5.35
37.807097 5.35
37.822972 5.35
37.848098 5.35
37.863973 5.35
37.889098 5.35
37.904973 5.35
37.930098 5.35
37.945973 5.35
37.971098 5.35
37.986973 5.35
38.012099 5.35
38.027974 5.35
38.053099 5.35
38.068974 5.35
38.094100 5.35
38.109974 5.35
38.135100 5.35
38.150975 5.35
38.176100 5.35
38.191975 5.35
38.217100 5.35
38.232976 5.35
38.258100 5.35
38.273976 5.35
38.299101 5.35
38.314975 5.35
38.340101 5.35
38.355976 5.35
38.381102 5.35
38.396976 5.35
38.422102 5.35
38.437977 5.35
38.463102 5.35
38.478977 5.35
38.504102 5.00
38.519978 5.35
38.545102 5.35
38.560978 5.35
38.586103 5.35
38.601978 5.35
38.627103 5.35
38.642978 5.35
38.668104 5.35
38.683978 5.35
38.709104 5.35
38.724979 5.35
38.750104 5.35
38.765979 5.35
38.791105 5.35
38.806980 5.35
38.832105 5.35
38.847980 5.35
38.873105 5.35
38.888980 5.35
38.914105 5.35
38.929980 5.35
38.955106 5.35
38.970981 5.35
38.996106 5.35
39.011981 5.35
39.037106 5.35
39.047856 5.35
39.078107 5.35
39.088857 5.35
39.119107 5.35
39.129857 5.35
39.160107 5.35
39.170858 5.35
39.201108 5.35
39.211858 5.35
39.242108 5.35
39.252858 5.35
39.283108 5.35
39.293858 5.35
39.324108 5.35
39.334858 5.35
39.365109 5.35
39.375859 5.35
39.406109 5.35
39.416859 5.35
39.447109 5.35
39.457860 5.35
39.488110 5.35
39.498860 5.35
39.529110 5.35
39.539860 5.35
39.570111 5.35
39.580861 5.35
39.611111 5.35
39.621861 5.35
39.652110 5.35
39.662861 5.35
39.693111 5.35
39.703861 5.00
39.734111 5.35
39.744862 5.00
39.775112 5.35
39.785862 5.35
39.816112 5.35
39.826863 5.35
39.857113 5.35
39.867863 5.35
39.898113 5.35
39.908864 5.35
39.939113 5.35
39.949863 5.35
39.980113 5.35
39.990864 5.35
40.021113 5.35
40.031864 5.35
40.062114 5.35
40.072864 5.35
40.103114 5.35
40.113865 5.35
40.144115 5.35
40.154865 5.35
40.185115 5.35
40.195865 5.35
40.226115 5.35
40.236865 5.35
40.267116 5.35
40.277866 5.35
40.308116 5.35
40.318866 5.35
40.349116 5.35
40.359867 5.35
40.390116 5.35
40.400867 5.00
40.431117 5.35
40.441867 5.35
40.472117 5.35
40.482867 5.35
40.513118 5.35
40.523867 5.35
40.554118 5.35
40.564868 5.35
40.595118 5.35
40.605868 5.35
40.636118 5.35
40.646869 5.35
40.677119 5.35
40.687869 5.35
40.718119 5.35
40.728870 5.35
40.759118 5.35
40.769870 5.00
40.800120 5.35
40.810869 5.35
40.841120 5.35
40.851870 5.35
40.882120 5.35
40.892870 5.35
40.923120 5.35
40.933871 5.35
40.964121 5.35
40.974871 5.35
41.005121 5.35
41.015872 5.35
41.046122 5.35
41.056872 5.35
41.087122 5.35
41.097872 5.35
41.128122 5.35
41.138873 5.35
41.169123 5.35
41.179872 5.35
41.210122 5.35
41.220873 5.35
41.251123 5.00
41.261873 5.00
41.292123 5.35
41.302874 5.35
41.333124 5.35
41.343874 5.35
41.374124 5.35
41.384874 5.35
41.415125 5.35
41.425874 5.35
41.456125 5.35
41.466875 5.35
41.497124 5.35
41.507875 5.35
41.538125 5.00
41.548875 5.35
41.579125 5.35
41.589876 5.35
41.620126 5.35
41.630876 5.35
41.661126 5.35
41.671876 5.35
41.702127 5.35
41.712877 5.35
41.743127 5.35
41.753877 5.35
41.784127 5.35
41.794877 5.35
41.825127 5.35
41.835878 5.35
41.866127 5.35
41.876878 5.35
41.907128 5.35
41.917878 5.35
41.948129 5.35
41.958879 5.35
41.989129 5.35
41.999879 5.35
42.030129 5.35
42.040879 5.35
42.071129 5.35
42.081879 5.00
42.112130 5.35
42.122880 5.35
42.153130 5.35
42.163880 5.35
42.194130 5.35
42.204881 5.35
42.235130 5.35
42.245881 5.35
42.276131 5.35
42.286881 5.35
42.317131 5.35
42.327881 5.35
42.358131 5.35
42.368881 5.35
42.399131 5.35
42.409882 5.35
42.440132 5.35
42.450882 5.35
42.481132 5.35
42.491883 5.35
42.522133 5.35
42.532883 5.35
42.563133 5.35
42.573884 5.35
42.604133 5.35
42.614883 5.35
42.645134 5.35
42.655883 5.35
42.686134 5.35
42.696884 5.35
42.727134 5.35
42.737885 5.35
42.768135 5.35
42.778885 5.35
42.809135 5.35
42.819885 5.00
42.850135 5.35
42.860886 5.35
42.891136 5.35
42.901886 5.35
42.932136 5.35
42.942886 5.00
42.973136 5.35
42.983886 5.35
43.014137 5.35
43.024886 5.35
43.055136 5.35
43.066888 5.35
43.096137 5.35
43.106890 5.35
43.137137 5.35
43.147888 5.35
43.178138 5.35
43.188888 5.35
43.219138 5.35
43.229888 5.35
43.260139 5.35
43.270889 5.35
43.301139 5.35
43.311889 5.35
43.342142 5.35
43.352893 5.35
43.384892 5.35
43.395640 5.35
43.425890 5.35
43.441766 5.35
43.466891 5.35
43.482766 5.35
43.507896 5.35
43.523766 5.35
43.548891 5.35
43.564767 5.35
43.589892 5.35
43.605767 5.35
43.630892 5.35
43.646771 5.35
43.671892 5.35
43.687767 5.35
43.712897 5.35
43.731768 5.35
43.748768 5.35
43.774024 5.00
43.784768 5.35
43.815018 5.35
43.825768 5.35
43.856018 5.35
43.866768 5.35
43.897019 5.35
43.907772 5.35
43.938020 5.35
43.948771 5.35
43.979023 5.35
43.989773 5.35
44.020020 5.35
44.030769 5.35
44.061020 5.00
44.071771 5.35
44.102025 5.35
44.112771 5.35
44.143021 5.35
44.153770 5.35
44.184021 5.35
44.194771 5.35
44.225021 5.35
44.235770 5.35
44.271147 5.35
44.281911 5.35
44.317404 5.35
44.333272 5.35
44.358406 5.35
44.370773 5.35
44.399405 5.35
44.411774 5.35
44.440522 5.35
44.451273 5.35
44.481523 5.35
44.492273 5.35
44.522524 5.35
44.533274 5.35
44.563525 5.35
44.574273 5.35
44.604525 5.35
44.615275 5.35
44.645526 5.35
44.656274 5.35
44.686525 5.35
44.697275 5.35
44.727525 5.35
44.738275 5.35
44.768526 5.35
44.779275 5.35
44.809526 5.35
44.820275 5.35
44.850527 5.35
44.861276 5.35
44.891527 5.35
44.902276 5.35
44.932527 5.00
44.943276 5.35
44.973528 5.35
44.984277 5.35
45.014529 5.35
45.025277 5.35
45.055528 5.35
45.066278 5.35
45.096528 5.35
45.107278 5.35
45.137529 5.35
45.148278 5.35
45.178529 5.35
45.189278 5.35
45.219530 5.35
45.230278 5.35
45.260529 5.35
45.276410 5.35
45.301530 5.35
45.312279 5.35
45.342530 5.35
45.353279 5.35
45.383531 5.35
45.394280 5.35
45.424531 5.35
45.435281 5.35
45.465531 5.35
45.476280 5.35
45.506531 5.35
45.517281 5.35
45.547531 5.35
45.558281 5.35
45.588532 5.35
45.599281 5.35
45.629532 5.35
45.640282 5.35
45.670533 5.35
45.681282 5.35
45.711533 5.35
45.722283 5.35
45.752533 5.35
45.763282 5.35
45.793534 5.35
45.804283 5.35
45.834534 5.35
45.845283 5.35
45.875682 5.35
45.886417 5.35
45.916924 5.35
45.932922 5.35
45.959812 5.35
45.970558 5.35
46.002812 5.35
46.013559 5.35
46.045813 5.35
46.056561 5.35
46.092285 5.35
46.103036 5.35
46.133560 5.35
46.144416 5.35
46.175036 5.35
46.185927 5.35
46.217814 5.35
46.228561 5.35
46.260812 5.35
46.271563 5.35
46.303813 5.35
46.314560 5.35
46.350287 5.35
46.366287 5.35
46.391565 5.35
46.402287 5.35
46.432930 5.35
46.443802 5.35
46.479289 5.35
46.495289 5.35
46.520563 5.35
46.531450 5.35
46.562039 5.35
46.572929 5.35
46.608289 5.35
46.624289 5.35
46.649688 5.35
46.662165 5.35
46.691040 5.35
46.701931 5.35
46.733792 5.35
46.744565 5.35
46.775040 5.35
46.785932 5.35
46.821166 5.35
46.831931 5.35
46.862291 5.35
46.874694 5.35
46.903568 5.35
46.914445 5.35
46.944932 5.35
46.955682 5.35
46.985932 5.35
46.996693 5.35
47.032167 5.35
47.042918 5.35
47.073293 5.35
47.089168 5.35
47.117567 5.35
47.128293 5.35
47.158933 5.35
47.169685 5.35
47.205294 5.35
47.221294 5.35
47.246570 5.35
47.257294 5.35
47.287933 5.35
47.298686 5.35
47.334170 5.35
47.344936 5.35
47.375295 5.35
47.391170 5.35
47.416572 5.35
47.427296 5.35
47.457937 5.35
47.468810 5.35
47.498937 5.35
47.509688 5.35
47.539921 5.35
47.550671 5.35
47.580939 5.35
47.591688 5.35
47.627297 5.35
47.643173 5.35
47.668574 5.35
47.679297 5.35
47.709936 5.35
47.720688 5.35
47.750923 5.35
47.761687 5.35
47.791927 5.35
47.802673 5.35
47.832923 5.35
47.843689 5.35
47.873924 5.35
47.884689 5.35
47.914940 5.35
47.925815 5.35
47.961299 5.35
47.977174 5.35
48.002817 5.35
48.018675 5.35
48.043930 5.35
48.054678 5.35
48.084926 5.35
48.095680 5.35
48.125934 5.35
48.136676 5.35
48.166926 5.35
48.177677 5.35
48.207927 5.35
48.218683 5.35
48.248927 5.00
48.259680 5.35
48.289932 5.35
48.300677 5.35
48.330927 5.35
48.341677 5.35
48.371928 5.35
48.382678 5.35
48.412928 5.35
48.423678 5.35
48.453928 5.35
48.464679 5.35
48.494929 5.35
48.505680 5.35
48.535931 5.35
48.546681 5.35
48.576931 5.35
48.587681 5.35
48.617931 5.35
48.628682 5.35
48.658932 5.35
48.669681 5.35
48.699932 5.35
48.710682 5.35
48.740930 5.35
48.751682 5.35
48.781932 5.35
48.792683 5.35
48.822933 5.35
48.833683 5.35
48.863934 5.35
48.874683 5.35
48.906685 5.35
48.917434 5.35
48.947683 5.35
48.963559 5.35
48.988683 5.35
49.004559 5.35
49.029684 5.35
49.045560 5.35
49.070683 5.35
49.086560 5.35
49.111685 5.35
49.127560 5.35
49.152685 5.35
49.168561 5.35
49.193686 5.35
49.209560 5.35
49.234685 5.35
49.250561 5.35
49.275686 5.35
49.291562 5.35
49.316686 5.35
49.332562 5.35
49.357687 5.35
49.373561 5.35
49.398687 5.35
49.414562 5.35
49.439686 5.35
49.455561 5.35
49.480687 5.35
49.496563 5.35
49.521687 5.35
49.537563 5.35
49.562687 5.35
49.578563 5.35
49.603688 5.00
49.619563 5.35
49.644689 5.35
49.660563 5.35
49.685689 5.35
49.701564 5.35
49.726689 5.35
49.742564 5.35
49.767690 5.35
49.783565 5.35
49.808689 5.35
49.824565 5.35
49.849690 5.35
49.865566 5.35
49.890690 5.35
49.906565 5.35
49.931690 5.35
49.947565 5.35
49.972691 5.35
49.988568 5.35
50.013691 5.35
50.029567 5.35
50.054692 5.35
50.070566 5.35
50.095692 5.35
50.106444 5.35
50.136692 5.35
50.147444 5.35
50.177692 5.35
50.188444 5.35
50.218694 5.35
50.229445 5.35
50.259693 5.35
50.270444 5.35
50.300693 5.35
50.311444 5.35
50.341694 5.35
50.352445 5.35
50.382694 5.35
50.393445 5.35
50.423694 5.35
50.434446 5.35
50.464694 5.35
50.475446 5.35
50.505696 5.35
50.516446 5.35
50.546695 5.35
50.557446 5.35
50.587696 5.35
50.598446 5.35
50.628695 5.35
50.639446 5.35
50.669697 5.35
50.680448 5.35
50.710696 5.35
50.721448 5.35
50.751698 5.35
50.762448 5.35
50.792698 5.35
50.803447 5.35
50.833698 5.35
50.844450 5.35
50.874698 5.35
50.885450 5.35
50.915698 5.35
50.926448 5.35
50.956698 5.35
50.967449 5.35
50.997698 5.35
51.008449 5.35
51.038699 5.35
51.049449 5.35
51.079699 5.35
51.090450 5.35
51.120700 5.35
51.131450 5.35
51.161700 5.35
51.172451 5.35
51.202700 5.35
51.213450 5.35
51.243700 5.35
51.254452 5.35
51.284700 5.35
51.295452 5.35
51.325702 5.35
51.336453 5.35
51.366701 5.35
51.377452 5.35
51.407702 5.35
51.418453 5.35
51.448702 5.35
51.459452 5.35
51.489704 5.35
51.500453 5.35
51.530703 5.35
51.541454 5.35
51.571703 5.35
51.582453 5.35
51.612703 5.35
51.623454 5.35
51.653703 5.35
51.664455 5.35
51.694705 5.35
51.705455 5.35
51.735704 5.35
51.746455 5.35
51.776704 5.35
51.787455 5.35
51.817705 5.35
51.828456 5.35
51.858705 5.35
51.869456 5.35
51.899705 5.35
51.910457 5.35
51.940706 5.35
51.951456 5.35
51.981706 5.35
51.992457 5.35
52.022707 5.35
52.033458 5.35
52.063707 5.35
52.074459 5.35
52.104707 5.35
52.115459 5.35
52.145708 5.35
52.156458 5.35
52.186707 5.35
52.197461 5.35
52.227708 5.35
52.238460 5.35
52.268709 5.35
52.279461 5.35
52.309710 5.35
52.320460 5.35
52.350708 5.35
52.361461 5.35
52.391709 5.35
52.402461 5.35
52.432709 5.35
52.443461 5.35
52.473710 5.35
52.484460 5.35
52.514711 5.35
52.525462 5.35
52.555710 5.35
52.566461 5.35
52.596711 5.35
52.607462 5.35
52.637711 5.35
52.648463 5.35
52.678713 5.35
52.689465 5.35
52.719712 5.35
52.730464 5.35
52.760712 5.35
52.771464 5.35
52.801712 5.35
52.812463 5.35
52.842712 5.35
52.853464 5.35
52.883713 5.35
52.894465 5.35
52.924714 5.35
52.935465 5.35
52.965714 5.35
52.976465 5.35
53.006713 5.35
53.017466 5.35
53.047715 5.35
53.058465 5.35
53.088714 5.35
53.099466 5.35
53.129714 5.35
53.140466 5.35
53.170715 5.35
53.181466 5.35
53.211715 5.35
53.222467 5.35
53.252715 5.35
53.263468 5.35
53.293716 5.35
53.304468 5.35
53.334717 5.35
53.345468 5.35
53.375716 5.35
53.386469 5.35
53.416717 5.35
53.427468 5.35
53.457717 5.35
53.468470 5.35
53.498718 5.35
53.509468 5.35
53.539718 5.35
53.550468 5.35
53.580718 5.35
53.591470 5.35
53.621718 5.35
53.632469 5.35
53.662718 5.35
53.673472 5.35
53.703719 5.35
53.714470 5.35
53.744720 5.35
53.755471 5.35
53.785720 5.35
53.796471 5.35
53.826720 5.35
53.837471 5.35
53.867720 5.35
53.878471 5.35
53.908721 5.35
53.919472 5.35
53.949720 5.35
53.960473 5.35
53.990721 5.35
54.001473 5.35
54.031720 5.35
54.042473 5.35
54.072723 5.35
54.083473 5.35
54.113722 5.35
54.124473 5.35
54.154723 5.35
54.165474 5.35
54.195722 5.35
54.206475 5.35
54.236723 5.35
54.247475 5.35
54.277723 5.35
54.288475 5.35
54.318724 5.35
54.329476 5.35
54.359725 5.35
54.370476 5.35
54.400724 5.35
54.411476 5.35
54.441725 5.35
54.452477 5.35
54.482725 5.35
54.493476 5.35
54.523726 5.35
54.534477 5.35
54.564725 5.35
54.575477 5.35
54.605726 5.35
54.616476 5.35
54.646726 5.35
54.657477 5.35
54.689478 5.35
54.700226 5.35
54.730478 5.35
54.746352 5.35
54.771478 5.35
54.787351 5.35
54.812603 5.35
54.823353 5.35
54.853602 5.35
54.864352 5.35
54.894603 5.35
54.905354 5.35
54.935604 5.35
54.946353 5.35
54.976604 5.35
54.987354 5.35
55.017604 5.35
55.028353 5.35
55.058604 5.35
55.069354 5.35
55.099604 5.35
55.110355 5.35
55.140604 5.35
55.151354 5.00
55.181606 5.35
55.192355 5.35
55.222605 5.35
55.233355 5.35
55.263606 5.35
55.274356 5.35
55.304606 5.35
55.315357 5.35
55.345607 5.35
55.356356 5.35
55.386607 5.35
55.397356 5.35
55.427608 5.35
55.438357 5.35
55.468607 5.35
55.479357 5.35
55.509608 5.35
55.520358 5.35
55.550609 5.35
55.561357 5.35
55.591608 5.35
55.602358 5.35
55.632609 5.35
55.643358 5.35
55.673609 5.35
55.684359 5.35
55.714610 5.35
55.725360 5.35
55.755609 5.35
55.766359 5.35
55.796611 5.35
55.807360 5.35
55.837611 5.35
55.848360 5.35
55.878611 5.35
55.889361 5.35
55.919611 5.35
55.930359 5.35
55.960611 5.35
55.971361 5.35
56.001611 5.35
56.012360 5.35
56.042611 5.35
56.053362 5.35
56.083613 5.35
56.094361 5.35
56.124612 5.35
56.135363 5.35
56.165613 5.35
56.176361 5.35
56.206614 5.35
56.217363 5.35
56.247614 5.35
56.258362 5.35
56.288614 5.35
56.299364 5.35
56.329614 5.35
56.340363 5.35
56.370614 5.35
56.381364 5.35
56.411614 5.35
56.422364 5.35
56.452615 5.35
56.463366 5.35
56.493615 5.35
56.504366 5.35
56.534617 5.35
56.545366 5.35
56.575615 5.35
56.586365 5.35
56.616615 5.35
56.627366 5.35
56.657617 5.35
56.668366 5.35
56.698616 5.35
56.709366 5.35
56.739617 5.35
56.750366 5.35
56.780618 5.35
56.791367 5.35
56.821619 5.35
56.832367 5.35
56.862618 5.35
56.873368 5.35
56.903619 5.35
56.914368 5.35
56.944620 5.35
56.955369 5.35
56.985619 5.35
56.996370 5.35
57.026620 5.35
57.037369 5.35
57.067619 5.35
57.078368 5.35
57.108620 5.35
57.119370 5.35
57.149620 5.35
57.160370 5.35
57.190621 5.35
57.201371 5.35
57.231622 5.35
57.242371 5.35
57.272621 5.35
57.283370 5.35
57.313621 5.35
57.324371 5.35
57.354622 5.35
57.365371 5.35
57.395621 5.35
57.406371 5.35
57.438374 5.35
57.449121 5.35
57.479372 5.35
57.495247 5.35
57.520374 5.35
57.536248 5.35
57.561373 5.35
57.577248 5.35
57.602374 5.35
57.618247 5.35
57.643374 5.35
57.659250 5.35
57.684499 5.35
57.695249 5.35
57.725500 5.35
57.736250 5.35
57.766502 5.35
57.777249 5.35
57.807501 5.35
57.818250 5.35
57.848502 5.35
57.859249 5.35
57.889502 5.35
57.900252 5.35
57.930502 5.00
57.941250 5.35
57.971503 5.35
57.982252 5.35
58.012503 5.35
58.023250 5.35
58.053503 5.35
58.064252 5.35
58.094503 5.35
58.105252 5.35
58.135504 5.35
58.146253 5.35
58.176504 5.35
58.187252 5.35
58.217504 5.35
58.228252 5.35
58.258504 5.35
58.269254 5.35
58.299505 5.35
58.310253 5.35
58.340506 5.35
58.351254 5.35
58.381505 5.35
58.392253 5.35
58.422507 5.35
58.433255 5.35
58.463506 5.35
58.474254 5.35
58.504507 5.35
58.515256 5.35
58.545506 5.35
58.556255 5.35
58.586507 5.35
58.597255 5.35
58.627507 5.35
58.638256 5.35
58.668507 5.35
58.679256 5.35
58.709508 5.35
58.720256 5.35
58.750509 5.35
58.761256 5.35
58.791508 5.35
58.802258 5.35
58.832509 5.35
58.843257 5.35
58.873509 5.35
58.884258 5.35
58.914510 5.35
58.925259 5.35
58.955511 5.35
58.966258 5.35
58.996511 5.35
59.007259 5.35
59.037510 5.35
59.048259 5.35
59.078512 5.35
59.089260 5.35
59.119512 5.35
59.130259 5.35
59.160512 5.35
59.171261 5.35
59.201512 5.35
59.212261 5.35
59.242512 5.35
59.253261 5.35
59.283512 5.35
59.294260 5.35
59.324514 5.35
59.335261 5.35
59.365512 5.35
59.376261 5.35
59.406513 5.35
59.417261 5.35
59.447513 5.35
59.458263 5.35
59.488514 5.35
59.499262 5.35
59.529513 5.35
59.540263 5.35
59.570514 5.35
59.581264 5.35
59.611514 5.35
59.622264 5.35
59.652513 5.35
59.663263 5.35
59.693514 5.35
59.704264 5.35
59.734514 5.35
59.745264 5.35
59.775516 5.35
59.786265 5.35
59.816515 5.35
59.827264 5.35
59.857516 5.35
59.868266 5.35
59.898516 5.35
59.909265 5.35
59.939516 5.35
59.950266 5.35
59.980516 5.35
59.991266 5.35
60.021517 5.35
60.032266 5.35
60.062517 5.35
60.073266 5.35
60.103517 5.35
60.114267 5.35
60.144518 5.35
60.155267 5.35
60.185518 5.35
60.196268 5.35
60.226519 5.35
60.237267 5.35
60.267519 5.35
60.278269 5.35
60.310270 5.35
60.321019 5.35
60.351269 5.35
60.367144 5.35
60.392269 5.35
60.408144 5.35
60.433269 5.35
60.449145 5.35
60.474270 5.35
60.490145 5.35
60.515270 5.35
60.531145 5.35
60.556271 5.35
60.572144 5.35
60.597272 5.35
60.613147 5.35
60.641402 5.35
60.652147 5.35
60.682404 5.35
60.693146 5.35
60.723405 5.35
60.734146 5.35
60.764412 5.35
60.775146 5.35
60.805406 5.35
60.816147 5.35
60.846405 5.35
60.857147 5.35
60.887405 5.35
60.898148 5.35
60.928404 5.35
60.939148 5.35
60.969405 5.35
60.980150 5.35
61.010406 5.35
61.021149 5.35
61.051405 5.35
61.062150 5.35
61.092405 5.35
61.103149 5.35
61.133405 5.35
61.144152 5.35
61.174403 5.35
61.185149 5.35
61.215404 5.35
61.226151 5.35
61.256404 5.35
61.267150 5.35
61.297404 5.35
61.308152 5.35
61.338408 5.35
61.349150 5.35
61.379410 5.35
61.390152 5.35
61.420409 5.35
61.431153 5.35
61.461407 5.35
61.472152 5.35
61.502408 5.35
61.513152 5.35
61.543410 5.35
61.554154 5.35
61.584410 5.35
61.595153 5.35
61.625410 5.35
61.636154 5.35
61.666410 5.35
61.677155 5.35
61.707411 5.35
61.718155 5.35
61.748411 5.35
61.759155 5.35
61.789409 5.35
61.800155 5.35
61.830411 5.35
61.841154 5.35
61.871413 5.35
61.882156 5.35
61.912411 5.35
61.923155 5.35
61.953412 5.35
61.964157 5.35
61.994413 5.35
62.005156 5.35
62.035412 5.35
62.046158 5.35
62.076412 5.35
62.087157 5.35
62.117413 5.35
62.128158 5.35
62.158411 5.35
62.169158 5.35
62.199413 5.35
62.210158 5.35
62.240411 5.35
62.251158 5.35
62.281413 5.35
62.292158 5.35
62.322411 5.35
62.333158 5.35
62.363412 5.35
62.374160 5.35
62.404411 5.35
62.415159 5.35
62.445413 5.35
62.456160 5.35
62.486411 5.35
62.497160 5.35
62.527411 5.35
62.538160 5.35
62.568413 5.35
62.579160 5.35
62.609412 5.35
62.620162 5.35
62.650413 5.35
62.661160 5.35
62.691413 5.35
62.702162 5.35
62.732413 5.35
62.743161 5.35
62.773414 5.35
62.784163 5.35
62.814413 5.35
62.825162 5.35
62.855415 5.35
62.866164 5.35
62.896413 5.35
62.907162 5.35
62.937414 5.35
62.948164 5.35
62.978413 5.35
62.989163 5.35
63.019416 5.35
63.030165 5.35
63.060414 5.35
63.071165 5.35
63.103166 5.35
63.113915 5.35
63.144166 5.35
63.160039 5.35
63.185165 5.35
63.201041 5.35
63.226167 5.35
63.242040 5.35
63.267166 5.35
63.283042 5.35
63.308166 5.35
63.324042 5.35
63.349166 5.35
63.365041 5.35
63.390167 5.35
63.406041 5.35
63.431167 5.35
63.447042 5.35
63.472168 5.35
63.488042 5.00
63.513168 5.35
63.529043 5.35
63.554168 5.35
63.570043 5.35
63.595168 5.35
63.611043 5.35
63.636169 5.35
63.652043 5.35
63.677170 5.35
63.693045 5.35
63.718170 5.35
63.734044 5.35
63.759169 5.35
63.775046 5.35
63.800170 5.35
63.816044 5.35
63.841169 5.35
63.857046 5.35
63.882171 5.35
63.898046 5.35
63.923170 5.35
63.939047 5.35
63.964172 5.35
63.980046 5.35
64.005171 5.35
64.021047 5.35
64.046173 5.35
64.062046 5.35
64.087172 5.35
64.103047 5.35
64.128173 5.35
64.144047 5.35
64.169173 5.35
64.179922 5.35
64.210173 5.35
64.220924 5.35
64.251174 5.35
64.261923 5.35
64.292173 5.35
64.302924 5.35
64.333175 5.35
64.343924 5.35
64.374174 5.35
64.384924 5.35
64.415175 5.35
64.425924 5.35
64.456175 5.35
64.466924 5.35
64.497175 5.35
64.507926 5.35
64.538176 5.35
64.548925 5.35
64.579176 5.35
64.589927 5.35
64.620176 5.35
64.630925 5.35
64.661177 5.35
64.671927 5.35
64.702178 5.35
64.712927 5.35
64.743177 5.35
64.753927 5.35
64.784179 5.35
64.794928 5.35
64.825177 5.35
64.835927 5.35
64.871303 5.35
64.882052 5.35
64.912304 5.35
64.923053 5.35
64.953303 5.35
64.964053 5.35
64.994304 5.35
65.005054 5.35
65.035304 5.35
65.046055 5.35
65.076305 5.35
65.087055 5.35
65.117305 5.35
65.128055 5.35
65.158305 5.35
65.169055 5.35
65.199305 5.35
65.210056 5.35
65.240307 5.35
65.251056 5.35
65.281306 5.35
65.292055 5.35
65.322306 5.35
65.333057 5.35
65.363307 5.35
65.374057 5.35
65.404308 5.35
65.415058 5.35
65.445308 5.35
65.456057 5.35
65.486309 5.35
65.497059 5.35
65.527307 5.35
65.538058 5.35
65.568309 5.35
65.579058 5.35
65.609309 5.35
65.620058 5.35
65.650310 5.35
65.661059 5.35
65.691309 5.35
65.702060 5.00
65.732310 5.35
65.743061 5.35
65.773309 5.35
65.784060 5.35
65.814312 5.35
65.825061 5.35
65.855310 5.35
65.871186 5.35
65.896311 5.35
65.907062 5.35
65.937311 5.35
65.948061 5.35
65.980064 5.35
65.990811 5.35
66.021061 5.35
66.036937 5.35
66.062061 5.35
66.077938 5.35
66.103063 5.35
66.118938 5.35
66.144064 5.35
66.159939 5.35
66.185063 5.35
66.200939 5.35
66.226064 5.35
66.241938 5.35
66.267063 5.00
66.282940 5.35
66.308064 5.35
66.323939 5.35
66.349065 5.35
66.364940 5.35
66.390065 5.35
66.405939 5.35
66.431064 5.35
66.446940 5.35
66.472065 5.35
66.487941 5.35
66.513065 5.35
66.528940 5.35
66.554066 5.35
66.569941 5.35
66.595066 5.35
66.610942 5.35
66.636067 5.35
66.651941 5.35
66.677066 5.35
66.692942 5.35
66.718067 5.35
66.733942 5.35
66.759067 5.35
66.774942 5.35
66.800068 5.35
66.815942 5.35
66.841067 5.35
66.856944 5.35
66.882068 5.35
66.897942 5.35
66.923068 5.35
66.938945 5.35
66.964070 5.35
66.979944 5.35
67.005069 5.35
67.015819 5.35
67.046070 5.35
67.056820 5.35
67.087069 5.35
67.097819 5.35
67.128071 5.35
67.138821 5.35
67.169070 5.35
67.179820 5.35
67.210071 5.35
67.220821 5.35
67.251071 5.35
67.261821 5.35
67.292071 5.35
67.302822 5.35
67.333072 5.35
67.343822 5.35
67.374072 5.35
67.384824 5.35
67.415072 5.35
67.425823 5.35
67.456073 5.35
67.466823 5.35
67.497073 5.35
67.507824 5.35
67.538075 5.35
67.548823 5.35
67.579073 5.35
67.589824 5.35
67.620074 5.35
67.630824 5.35
67.661074 5.35
67.671825 5.35
67.702075 5.35
67.712825 5.35
67.743074 5.35
67.753825 5.35
67.784075 5.35
67.794826 5.35
67.825324 5.35
67.836200 5.35
67.866575 5.35
67.882477 5.35
67.907839 5.35
67.918575 5.35
67.948967 5.35
67.964967 5.35
67.989951 5.35
68.006076 5.35
68.030951 5.35
68.046968 5.35
68.071952 5.35
68.087966 5.35
68.112966 5.35
68.128968 5.35
68.153952 5.35
68.169968 5.35
68.194952 5.00
68.210969 5.35
68.235953 5.35
68.251969 5.35
68.276953 5.35
68.293078 5.35
68.317954 5.35
68.333969 5.35
68.358953 5.35
68.374970 5.35
68.399953 5.35
68.415969 5.35
68.440955 5.35
68.456971 5.35
68.481954 5.35
68.497970 5.35
68.522973 5.35
68.538971 5.35
68.563955 5.35
68.580081 5.35
68.604956 5.35
68.620972 5.35
68.645956 5.35
68.661972 5.35
68.686957 5.35
68.702972 5.35
68.727957 5.35
68.743971 5.35
68.768972 5.35
68.784971 5.35
68.809957 5.35
68.825974 5.35
68.850958 5.35
68.867082 5.35
68.891973 5.35
68.907975 5.35
68.933083 5.35
68.943958 5.35
68.974083 5.35
68.984958 5.35
69.015084 5.35
69.025959 5.00
69.056083 5.35
69.066959 5.00
69.098986 5.35
69.109851 5.35
69.141985 5.35
69.152850 5.35
69.184988 5.35
69.195849 5.00
69.227988 5.35
69.238852 5.00
69.270988 5.35
69.281851 5.35
69.313988 5.35
69.324852 5.35
69.356990 5.35
69.367851 5.35
69.403337 5.35
69.415863 5.35
69.444611 5.35
69.455488 5.35
69.485978 5.35
69.501979 5.35
69.532337 5.35
69.548338 5.35
69.573614 5.35
69.584338 5.35
69.614979 5.35
69.630978 5.35
69.655964 5.35
69.666855 5.35
69.696963 5.35
69.707854 5.35
69.737964 5.35
69.748855 5.35
69.779089 5.35
69.789964 5.35
69.825340 5.35
69.841340 5.35
69.866857 5.35
69.882856 5.35
69.907966 5.35
69.918856 5.35
69.949091 5.35
69.959965 5.35
69.995341 5.35
70.011341 5.35
70.036617 5.35
70.047341 5.35
70.077983 5.35
70.093983 5.35
70.118967 5.35
70.129858 5.35
70.159968 5.35
70.170856 5.35
70.200967 5.35
70.211859 5.35
70.241968 5.35
70.252733 5.35
70.282968 5.35
70.293732 5.35
70.323968 5.35
70.334742 5.35
70.364969 5.35
70.375733 5.35
70.405970 5.35
70.416733 5.35
70.446970 5.35
70.457858 5.35
70.487969 5.35
70.498859 5.00
70.528970 5.35
70.539861 5.35
70.569971 5.35
70.580734 5.35
70.610971 5.00
70.621737 5.35
70.651971 5.35
70.662736 5.35
70.692972 5.35
70.703739 5.35
70.733972 5.35
70.744737 5.35
70.774973 5.35
70.785735 5.35
70.815972 5.35
70.826738 5.35
70.856972 5.35
70.867738 5.35
70.897973 5.35
70.908738 5.35
70.938973 5.35
70.949739 5.35
70.979974 5.35
70.990737 5.35
71.020974 5.35
71.031740 5.35
71.061974 5.35
71.072741 5.35
71.102974 5.35
71.113741 5.35
71.143975 5.35
71.154740 5.35
71.184975 5.35
71.195742 5.35
71.225975 5.35
71.236741 5.35
71.266976 5.35
71.277739 5.35
71.307976 5.35
71.318742 5.35
71.348976 5.35
71.359740 5.35
71.389976 5.35
71.400742 5.35
71.430977 5.35
71.441868 5.35
71.471977 5.35
71.482869 5.35
71.512978 5.35
71.523869 5.35
71.554103 5.35
71.564992 5.35
71.600353 5.35
71.611103 5.35
71.641630 5.35
71.652480 5.35
71.682996 5.35
71.698993 5.35
71.723979 5.35
71.734746 5.35
71.764979 5.35
71.775744 5.35
71.805979 5.35
71.816746 5.00
71.846980 5.35
71.857747 5.35
71.887981 5.35
71.898745 5.35
71.928980 5.35
71.939748 5.35
71.969981 5.35
71.980745 5.35
72.010981 5.35
72.021870 5.35
72.051982 5.35
72.062870 5.35
72.092982 5.35
72.103748 5.35
72.133982 5.35
72.144747 5.35
72.174983 5.35
72.185747 5.35
72.216108 5.35
72.226983 5.35
72.262358 5.35
72.274735 5.35
72.303759 5.35
72.319635 5.35
72.345001 5.35
72.355747 5.35
72.391360 5.35
72.407234 5.35
72.432634 5.35
72.443360 5.35
72.474002 5.35
72.484877 5.35
72.520360 5.35
72.536360 5.35
72.561762 5.35
72.577635 5.35
72.602986 5.35
72.613751 5.35
72.643986 5.35
72.654754 5.35
72.684986 5.35
72.695753 5.35
72.725987 5.35
72.736878 5.35
72.766987 5.35
72.777876 5.35
72.807987 5.35
72.818754 5.35
72.848988 5.35
72.859754 5.35
72.889988 5.35
72.900753 5.35
72.930989 5.35
72.941753 5.35
72.971989 5.35
72.982752 5.35
73.013114 5.35
73.023989 5.35
73.059364 5.35
73.075239 5.35
73.100641 5.35
73.111365 5.35
73.142008 5.35
73.152757 5.35
73.188365 5.35
73.204241 5.35
73.229642 5.35
73.240365 5.35
73.271006 5.35
73.281754 5.35
73.317241 5.35
73.327992 5.35
73.358366 5.35
73.374241 5.35
73.399766 5.35
73.415642 5.35
73.440992 5.35
73.451882 5.35
73.481993 5.35
73.492881 5.35
73.522993 5.35
73.533883 5.35
73.564117 5.35
73.574993 5.35
73.610368 5.35
73.626244 5.35
73.651646 5.35
73.662495 5.35
73.693010 5.35
73.703884 5.35
73.733995 5.35
73.744886 5.35
73.774995 5.35
73.785759 5.35
73.815995 5.35
73.826760 5.35
73.858747 5.35
73.869496 5.35
73.900010 5.35
73.910760 5.35
73.946371 5.35
73.962247 5.35
73.987649 5.35
73.998371 5.35
74.029010 5.35
74.039761 5.35
74.071748 5.35
74.082498 5.35
74.113014 5.35
74.123764 5.35
74.155749 5.35
74.166498 5.35
74.197011 5.35
74.207764 5.35
74.239749 5.35
74.250499 5.35
74.281012 5.35
74.291762 5.35
74.323750 5.35
74.334500 5.35
74.365014 5.35
74.375765 5.35
74.407751 5.35
74.418500 5.35
74.449015 5.35
74.459888 5.35
74.491767 5.35
74.502524 5.35
74.533016 5.35
74.543889 5.35
74.575752 5.35
74.586520 5.00
74.617015 5.35
74.627767 5.35
74.659779 5.35
74.670652 5.35
74.702781 5.35
74.713652 5.35
74.745754 5.35
74.756529 5.35
74.787017 5.35
74.797893 5.35
74.828253 5.35
74.840771 5.35
74.872651 5.35
74.885128 5.35
74.914018 5.35
74.924895 5.35
74.955253 5.35
74.967768 5.35
74.996520 5.35
75.007379 5.35
75.037781 5.35
75.053653 5.35
75.079020 5.35
75.089768 5.35
75.125254 5.35
75.141129 5.35
75.166506 5.35
75.177380 5.35
75.207657 5.35
75.223506 5.35
75.249022 5.35
75.259772 5.35
75.290256 5.35
75.306131 5.35
75.334523 5.35
75.345382 5.35
75.375784 5.35
75.391659 5.35
75.422132 5.35
75.433007 5.35
75.463257 5.35
75.479132 5.35
75.504534 5.35
75.515383 5.35
75.545897 5.35
75.556657 5.35
75.592134 5.35
75.603008 5.35
75.633259 5.35
75.649134 5.35
75.677659 5.35
75.693660 5.35
75.719023 5.35
75.729774 5.35
75.760259 5.35
75.776134 5.35
75.801511 5.35
75.812386 5.35
75.842659 5.35
75.858511 5.35
75.883787 5.35
75.894511 5.35
75.930261 5.35
75.946136 5.35
75.971513 5.35
75.982387 5.35
76.012663 5.35
76.028535 5.35
76.054026 5.35
76.064902 5.35
76.095262 5.35
76.111137 5.35
76.139513 5.35
76.150263 5.35
76.180664 5.35
76.196513 5.35
76.221903 5.35
76.232662 5.35
76.268139 5.35
76.278904 5.35
76.309263 5.35
76.325138 5.35
76.350515 5.35
76.361264 5.35
76.391666 5.35
76.407656 5.35
76.432780 5.35
76.443665 5.35
76.479140 5.35
76.489907 5.35
76.520265 5.35
76.536140 5.35
76.561516 5.35
76.572266 5.35
76.602666 5.35
76.618517 5.35
76.643908 5.35
76.654657 5.35
76.690141 5.35
76.700907 5.35
76.731267 5.35
76.747143 5.35
76.772518 5.35
76.783267 5.35
76.813669 5.35
76.829518 5.35
76.854908 5.35
76.865668 5.35
76.901143 5.35
76.911909 5.35
76.942269 5.35
76.958143 5.35
76.986667 5.35
77.002519 5.35
77.027908 5.35
77.038670 5.35
77.074145 5.35
77.084911 5.35
77.115269 5.35
77.131145 5.35
77.156521 5.35
77.167270 5.35
77.197672 5.35
77.213671 5.35
77.238786 5.35
77.249521 5.35
77.285404 5.35
77.296147 5.35
77.326673 5.35
77.342522 5.35
77.367786 5.00
77.378521 5.35
77.414272 5.35
77.430147 5.35
77.455523 5.35
77.466272 5.35
77.496675 5.35
77.512522 5.35
77.537914 5.35
77.548675 5.35
77.584274 5.35
77.600148 5.35
77.625524 5.35
77.636274 5.35
77.666673 5.35
77.682550 5.35
77.713150 5.35
77.729150 5.35
77.754274 5.35
77.770150 5.35
77.798674 5.35
77.814550 5.35
77.845151 5.35
77.857677 5.35
77.886276 5.35
77.902151 5.35
77.927553 5.35
77.943678 5.35
77.974277 5.35
77.990151 5.35
78.015551 5.35
78.031553 5.35
78.056918 5.35
78.067679 5.35
78.098028 5.35
78.108919 5.35
78.139027 5.35
78.149918 5.35
78.180028 5.35
78.190916 5.35
78.221028 5.35
78.231917 5.35
78.267154 5.35
78.283029 5.35
78.308279 5.35
78.319154 5.35
78.349553 5.35
78.365558 5.35
78.396279 5.35
78.407030 5.35
78.437555 5.35
78.453556 5.35
78.478921 5.35
78.489681 5.35
78.520030 5.35
78.530921 5.35
78.561030 5.35
78.571923 5.35
78.602031 5.35
78.612922 5.35
78.643031 5.35
78.653919 5.35
78.684032 5.35
78.694920 5.35
78.725157 5.35
78.741032 5.35
78.766282 5.35
78.777032 5.35
78.807560 5.35
78.823682 5.35
78.848926 5.35
78.859684 5.35
78.890158 5.35
78.906159 5.35
78.931284 5.35
78.942034 5.35
78.972559 5.35
78.988559 5.35
79.019161 5.35
79.035159 5.35
79.060284 5.35
79.071035 5.35
79.101410 5.35
79.112284 5.35
79.142687 5.35
79.153411 5.35
79.189160 5.35
79.205160 5.35
79.230286 5.35
79.241036 5.35
79.271562 5.35
79.287561 5.35
79.312928 5.35
79.323678 5.35
79.354037 5.35
79.364926 5.35
79.395037 5.35
79.405928 5.35
79.436162 5.35
79.452163 5.35
79.477288 5.35
79.488037 5.35
79.518565 5.35
79.534563 5.35
79.559928 5.35
79.570677 5.35
79.606163 5.35
79.622164 5.35
79.647289 5.35
79.658164 5.35
79.688564 5.35
79.704691 5.35
79.735290 5.35
79.746290 5.35
79.776567 5.35
79.792564 5.35
79.817930 5.35
79.828682 5.35
79.864166 5.35
79.880166 5.35
79.905291 5.35
79.916165 5.35
79.946417 5.35
79.957292 5.35
79.987693 5.35
79.998418 5.35
80.034166 5.35
80.050168 5.35
80.075291 5.35
80.086042 5.35
80.116566 5.35
80.132570 5.35
80.157934 5.35
80.168684 5.35
80.199043 5.35
80.209935 5.35
80.240043 5.35
80.250934 5.35
80.281043 5.35
80.291935 5.35
80.322045 5.35
80.332935 5.35
80.363044 5.35
80.375545 5.35
80.404045 5.35
80.414934 5.35
80.445045 5.35
80.457546 5.35
80.486045 5.35
80.498547 5.35
80.527171 5.35
80.543171 5.35
80.568445 5.35
80.581046 5.35
80.615171 5.35
80.631046 5.35
80.656450 5.35
80.672449 5.35
80.697813 5.35
80.708573 5.35
80.744047 5.35
80.760172 5.35
80.785172 5.35
80.801048 5.35
80.826448 5.35
80.842574 5.35
80.867814 5.35
80.878574 5.35
80.914049 5.35
80.930049 5.35
80.955173 5.35
80.971049 5.35
80.996299 5.35
81.007174 5.35
81.037573 5.35
81.053452 5.35
81.084175 5.35
81.100175 5.35
81.125451 5.35
81.141452 5.35
81.166817 5.35
81.177575 5.35
81.207943 5.35
81.218815 5.35
81.249176 5.35
81.259926 5.35
81.290301 5.35
81.301177 5.35
81.331577 5.35
81.342302 5.35
81.378177 5.35
81.388927 5.35
81.419454 5.35
81.435454 5.35
81.460819 5.35
81.471581 5.35
81.501944 5.35
81.512817 5.35
81.543179 5.35
81.553928 5.35
81.584303 5.35
81.595179 5.35
81.625578 5.35
81.636304 5.35
81.672179 5.35
81.682929 5.35
81.713305 5.35
81.724055 5.35
81.754581 5.35
81.765305 5.35
81.795704 5.35
81.806431 5.35
81.837055 5.35
81.853056 5.35
81.878180 5.35
81.888931 5.35
81.919306 5.35
81.930056 5.35
81.960580 5.35
81.971307 5.35
82.001823 5.35
82.012822 5.35
82.043058 5.35
82.059057 5.35
82.084057 5.35
82.100057 5.35
82.125183 5.35
82.135933 5.35
82.166460 5.35
82.182435 5.35
82.213183 5.35
82.223934 5.35
82.254462 5.35
82.270583 5.35
82.295824 5.35
82.306583 5.35
82.336934 5.35
82.347700 5.35
82.377935 5.35
82.388701 5.35
82.418935 5.35
82.429699 5.35
82.459935 5.35
82.470702 5.35
82.500936 5.35
82.511703 5.35
82.541951 5.35
82.552702 5.35
82.582936 5.35
82.593700 5.35
82.623936 5.35
82.634702 5.35
82.664937 5.35
82.675703 5.35
82.705937 5.35
82.716830 5.35
82.746952 5.35
82.757828 5.35
82.788187 5.35
82.798938 5.35
82.829312 5.35
82.840063 5.35
82.870591 5.35
82.881314 5.35
82.917064 5.35
82.933189 5.35
82.958188 5.35
82.968939 5.35
82.999314 5.35
83.010190 5.35
83.040592 5.35
83.051463 5.35
83.087065 5.35
83.103065 5.35
83.128066 5.35
83.144065 5.35
83.169066 5.35
83.185066 5.35
83.210066 5.35
83.226066 5.35
83.251066 5.35
83.267067 5.35
83.292191 5.35
83.302941 5.35
83.333317 5.35
83.345956 5.35
83.374591 5.35
83.385318 5.35
83.421068 5.35
83.437068 5.35
83.462193 5.35
83.472943 5.35
83.503444 5.35
83.519444 5.35
83.544594 5.35
83.555319 5.35
83.591069 5.35
83.607069 5.35
83.632069 5.35
83.648070 5.35
83.673069 5.35
83.689070 5.35
83.714070 5.35
83.730070 5.35
83.755070 5.35
83.771071 5.35
83.796070 5.35
83.812071 5.35
83.837071 5.35
83.847945 5.35
83.878072 5.35
83.894071 5.35
83.919071 5.35
83.935071 5.35
83.960072 5.35
83.976072 5.35
84.001072 5.35
84.011947 5.35
84.042072 5.35
84.052948 5.35
84.083072 5.35
84.093964 5.35
84.124072 5.35
84.134947 5.35
84.165073 5.35
84.175948 5.35
84.206073 5.35
84.216948 5.35
84.247074 5.35
84.257949 5.35
84.288074 5.35
84.298949 5.35
84.329075 5.35
84.339950 5.35
84.370075 5.35
84.380949 5.35
84.411075 5.35
84.421950 5.35
84.452075 5.35
84.462950 5.35
84.493075 5.35
84.503950 5.35
84.534076 5.35
84.544952 5.35
84.575076 5.35
84.585951 5.35
84.616077 5.35
84.626952 5.35
84.657077 5.35
84.667951 5.35
84.698078 5.35
84.708952 5.35
84.739078 5.35
84.749952 5.35
84.780078 5.35
84.790953 5.35
84.821078 5.35
84.831953 5.35
84.862078 5.35
84.872953 5.35
84.903079 5.35
84.913954 5.35
84.944079 5.35
84.954954 5.35
84.985080 5.35
84.995954 5.35
85.026079 5.35
85.036954 5.35
85.067080 5.35
85.077955 5.35
85.108080 5.35
85.118955 5.35
85.149080 5.35
85.159956 5.35
85.190081 5.35
85.200956 5.35
85.231081 5.35
85.241956 5.35
85.272082 5.35
85.282957 5.35
85.313082 5.35
85.323956 5.35
85.354082 5.35
85.364957 5.35
85.395083 5.35
85.405957 5.35
85.436083 5.35
85.446958 5.35
85.477083 5.35
85.487958 5.35
85.518083 5.35
85.528958 5.35
85.559084 5.35
85.569959 5.35
85.600083 5.35
85.610959 5.35
85.641209 5.35
85.651959 5.35
85.682604 5.35
85.704107 4.68
85.715099 4.34
85.745629 4.34
85.756505 4.34
85.786983 4.34
85.803214 4.34
85.828496 4.34
85.839338 4.34
85.875088 4.34
85.885854 4.34
85.916087 4.34
85.926854 4.34
85.957087 4.34
85.967979 4.34
85.998213 4.34
86.010978 4.34
86.045097 4.34
86.056103 4.34
86.086736 4.34
86.099378 4.34
86.128342 4.34
86.144497 4.34
86.175090 4.34
86.185983 4.34
86.218366 4.34
86.229089 4.34
86.265089 4.34
86.275980 4.34
86.306214 4.34
86.318854 4.34
86.352239 4.34
86.362964 4.34
86.395243 4.34
86.405965 4.34
86.441854 4.34
86.454242 4.34
86.482981 4.34
86.499090 4.34
86.524232 4.34
86.540534 4.34
