0.000000 0.000000
0.041994 4.34
0.052968 4.34
0.085267 4.34
0.096213 3.01
0.126897 2.66
0.138143 2.34
0.168460 2.66
0.184872 2.34
0.210090 2.66
0.222698 2.66
0.256979 2.34
0.267854 2.66
0.298443 2.66
0.309336 2.66
0.339848 2.34
0.355846 2.66
0.381208 2.34
0.397332 2.34
0.422332 2.66
0.438330 2.34
0.463316 2.66
0.474206 2.66
0.504317 2.66
0.515208 2.66
0.545333 2.34
0.556206 2.34
0.586334 2.34
0.597208 2.34
0.627318 2.34
0.638209 2.66
0.668333 2.66
0.679209 2.34
0.709444 2.34
0.720334 2.66
0.752264 2.34
0.763234 2.34
0.793898 2.34
0.804876 2.34
0.835453 2.34
0.846460 2.34
0.877102 2.34
0.893344 2.34
0.924006 2.34
0.935152 2.66
0.970905 2.34
0.982119 4.02
1.012457 4.02
1.023456 4.02
1.054099 4.34
1.066702 4.02
1.100862 4.02
1.111700 4.34
1.142342 4.34
1.153218 4.34
1.188853 4.34
1.199698 4.34
1.230341 4.34
1.241215 4.34
1.271448 4.34
1.282323 4.02
1.317698 4.02
1.333699 4.02
1.359216 4.34
1.375341 4.34
1.402949 4.02
1.413699 4.02
1.449912 4.34
1.461041 4.34
1.496898 4.34
1.507969 4.34
1.543708 4.34
1.559996 4.34
1.585347 4.34
1.596224 4.34
1.626866 4.34
1.637910 4.34
1.668587 4.34
1.684882 4.34
1.710228 4.34
1.726457 4.34
1.751705 4.34
1.767705 4.34
1.793219 4.34
1.809346 4.34
1.834347 4.34
1.845218 4.34
1.875702 4.34
1.888079 4.34
1.917107 4.34
1.933344 4.34
1.958328 4.34
1.969095 4.34
1.999328 4.34
2.010095 4.34
2.040454 4.34
2.051329 4.34
2.086704 4.34
2.102579 4.34
2.128106 4.34
2.143972 4.34
2.169330 4.34
2.180096 4.34
2.210455 4.34
2.221347 4.34
2.256705 4.34
2.272705 4.34
2.298109 4.34
2.313971 4.34
2.339331 4.34
2.350096 4.34
2.380456 4.34
2.391331 4.34
2.426706 4.34
2.442581 4.34
2.468110 4.34
2.483972 4.34
2.509332 4.34
2.520223 4.34
2.550457 4.34
2.561332 4.34
2.596707 4.34
2.612707 4.34
2.638112 4.34
2.654110 4.34
2.679458 4.34
2.690333 4.34
2.725708 4.34
2.741584 4.34
2.767113 4.34
2.783110 4.34
2.808459 4.34
2.819352 4.34
2.854710 4.34
2.870584 4.34
2.896118 4.34
2.912460 4.34
2.937460 4.34
2.948350 4.34
2.983710 4.34
2.999585 4.34
3.025113 4.34
3.041113 4.34
3.068088 4.34
3.078837 4.34
3.109461 4.34
3.120336 4.34
3.155711 4.34
3.171586 4.34
3.197115 4.34
3.213228 4.34
3.240103 4.34
3.250855 4.34
3.283107 4.34
3.293992 4.34
3.326105 4.34
3.336868 4.34
3.369105 4.34
3.379866 4.34
3.410338 4.34
3.421230 4.34
3.453089 4.34
3.463840 4.34
3.496090 4.34
3.506981 4.34
3.537357 4.34
3.548232 4.34
3.583715 4.34
3.599715 4.34
3.625230 4.34
3.641380 4.34
3.666877 4.34
3.677853 4.34
3.713722 4.34
3.730143 4.34
3.758220 4.34
3.768968 4.68
3.804877 4.68
3.815718 4.68
3.846359 4.68
3.857232 4.68
3.892717 4.68
3.903591 5.00
3.933992 4.68
3.946466 5.00
3.975232 5.00
3.985983 4.68
4.018119 5.00
4.028867 4.68
4.064612 4.68
4.080854 5.00
4.106250 4.68
4.117265 5.00
4.147724 4.68
4.163722 4.68
4.189115 5.00
4.205363 4.68
4.235720 5.00
4.251720 5.00
4.277135 4.68
4.293130 4.68
4.323595 4.68
4.339720 4.68
4.364885 4.68
4.375724 4.68
4.406364 4.68
4.417238 4.68
4.447875 4.68
4.458722 4.68
4.489362 4.68
4.500235 5.00
4.530720 4.68
4.541596 4.68
4.571995 4.68
4.587874 4.68
4.613235 4.68
4.623988 4.68
4.659472 5.00
4.670363 4.68
4.700597 4.68
4.716471 5.00
4.741876 5.00
4.752722 4.68
4.783125 4.68
4.793998 4.68
4.829722 4.68
4.840723 4.68
4.871247 4.68
4.882238 5.00
4.912598 5.00
4.928723 4.68
4.953599 5.00
4.969730 4.68
4.995012 4.68
5.011259 4.68
5.041862 5.00
5.052862 5.00
5.088731 5.00
5.099731 4.68
5.130249 4.68
5.140999 4.68
5.171604 4.68
5.187603 4.68
5.212883 5.00
5.223727 5.00
5.254366 4.68
5.265120 4.68
5.295602 5.00
5.311727 5.00
5.336727 4.68
5.347477 5.00
5.378132 4.68
5.389006 4.68
5.424602 5.00
5.440603 5.00
5.465871 5.00
5.476728 5.00
5.507372 5.00
5.518119 5.00
5.548604 4.68
5.564604 5.00
5.589855 4.68
5.600728 4.68
5.631369 4.68
5.642120 5.00
5.672604 4.68
5.688605 4.68
5.713856 4.68
5.724730 4.68
5.755134 5.00
5.766009 5.00
5.801730 5.00
5.812481 4.68
5.843135 5.00
5.854009 5.00
5.889731 4.68
5.900481 5.00
5.931136 5.00
5.942008 5.00
5.977482 5.00
5.988374 4.68
6.018607 4.68
6.034482 5.00
6.059859 5.00
6.070732 5.00
6.101136 4.68
6.111859 4.68
6.147733 5.00
6.158608 4.68
6.189135 4.68
6.199860 5.00
6.235608 5.00
6.251734 5.00
6.276860 4.68
6.287734 5.00
6.318139 5.00
6.329012 5.00
6.364609 4.68
6.380735 5.00
6.408861 5.00
6.419734 5.00
6.450138 5.00
6.460862 4.68
6.496735 5.00
6.507610 4.68
6.543378 5.00
6.554128 5.00
6.584611 4.68
6.600611 4.68
6.625863 5.00
6.636736 4.68
6.667140 4.68
6.678013 5.00
6.713737 5.00
6.724487 4.68
6.755141 4.68
6.766015 4.68
6.801738 4.68
6.812488 4.68
6.843128 4.68
6.854005 5.00
6.889738 5.00
6.900488 4.68
6.931141 5.00
6.941865 4.68
6.977738 4.68
6.988614 5.00
7.019141 5.00
7.029866 4.68
7.065614 4.68
7.081739 4.68
7.106866 4.68
7.119490 5.00
7.148255 5.00
7.159008 5.00
7.190867 5.00
7.201741 5.00
7.237616 5.00
7.253741 5.00
7.278897 5.00
7.295017 5.00
7.325616 4.68
7.341741 4.68
7.366741 4.68
7.377616 4.68
7.408258 4.68
7.419260 4.68
7.454492 4.68
7.470492 4.68
7.495617 4.68
7.511493 5.00
7.536896 5.00
7.552884 5.00
7.583618 4.68
7.599743 5.00
7.624868 4.68
7.637368 4.68
7.666146 5.00
7.676869 5.00
7.707369 5.00
7.718134 4.68
7.748495 5.00
7.760870 4.68
7.789620 4.68
7.800495 5.00
7.830870 5.00
7.847023 4.68
7.872274 4.68
7.883023 5.00
7.913371 5.00
7.924135 4.68
7.954371 4.68
7.965136 5.00
7.995371 4.68
8.006136 5.00
8.036371 4.68
8.047138 4.68
8.077497 5.00
8.093497 4.68
8.118622 4.68
8.129497 4.68
8.159873 5.00
8.176026 5.00
8.201149 4.68
8.211873 4.68
8.242498 5.00
8.258623 5.00
8.283623 5.00
8.294498 5.00
8.324873 5.00
8.341026 4.68
8.366150 5.00
8.376875 5.00
8.407499 5.00
8.423624 5.00
8.448624 4.68
8.459374 5.00
8.489902 5.00
8.505902 5.00
8.536626 5.00
8.547375 5.00
8.577750 4.68
8.588500 5.00
8.619152 4.68
8.629876 5.00
8.660501 4.68
8.676501 5.00
8.701626 5.00
8.712501 5.00
8.742877 5.00
8.758877 5.00
8.789502 5.00
8.805502 4.68
8.830627 5.00
8.841502 5.00
8.871752 5.00
8.882627 5.00
8.913268 5.00
8.924018 5.00
8.954503 5.00
8.970503 5.00
8.995628 5.00
9.006379 5.00
9.036879 4.68
9.052879 5.00
9.083504 5.00
9.099504 5.00
9.124629 5.00
9.135504 4.68
9.165754 4.68
9.176504 4.68
9.207159 4.68
9.218035 5.00
9.248505 5.00
9.264505 5.00
9.289630 5.00
9.300505 5.00
9.330881 5.00
9.346881 5.00
9.377506 5.00
9.393506 5.00
9.418631 5.00
9.429381 5.00
9.460036 5.00
9.470882 5.00
9.506507 5.00
9.522506 4.68
9.547632 5.00
9.558507 5.00
9.588883 5.00
9.604883 5.00
9.631887 5.00
9.642765 5.00
9.674888 4.68
9.685765 5.00
9.721508 5.00
9.737509 5.00
9.762633 5.00
9.773509 5.00
9.804037 5.00
9.814765 5.00
9.850509 5.00
9.866509 4.68
9.891635 5.00
9.902510 5.00
9.933037 5.00
9.943766 5.00
9.979510 4.68
9.995510 5.00
10.020636 5.00
10.031511 4.68
10.062040 5.00
10.072913 5.00
10.108511 5.00
10.124636 5.00
10.149636 5.00
10.160512 5.00
10.191041 5.00
10.201768 5.00
10.237637 5.00
10.248387 4.68
10.279041 5.00
10.289917 4.68
10.325638 5.00
10.336387 5.00
10.366917 5.00
10.383042 5.00
10.413406 5.00
10.425771 5.00
10.454639 4.68
10.465514 5.00
10.496043 5.00
10.506916 5.00
10.537389 5.00
10.549767 5.00
10.578514 5.00
10.589389 5.00
10.619640 5.00
10.630515 5.00
10.660917 5.00
10.671768 5.00
10.707516 5.00
10.718390 5.00
10.748641 5.00
10.759516 5.00
10.790044 5.00
10.800920 5.00
10.831391 5.00
10.847516 5.00
10.872516 5.00
10.883392 4.68
10.913642 5.00
10.924517 5.00
10.954919 5.00
10.965771 5.00
10.996046 4.68
11.006922 5.00
11.037393 5.00
11.053518 5.00
11.078518 5.00
11.089283 5.00
11.119643 5.00
11.130393 5.00
11.161045 5.00
11.171773 5.00
11.202394 5.00
11.218519 5.00
11.243519 4.68
11.254286 4.68
11.284644 5.00
11.295519 4.68
11.326050 4.68
11.336922 5.00
11.367395 5.00
11.383521 4.68
11.408520 5.00
11.419288 5.00
11.449646 5.00
11.460521 5.00
11.491048 5.00
11.501775 4.68
11.532397 5.00
11.548521 5.00
11.573397 5.00
11.589522 5.00
11.614522 5.00
11.625288 4.68
11.655647 5.00
11.666397 5.00
11.697049 5.00
11.707775 5.00
11.738398 5.00
11.754523 5.00
11.779523 5.00
11.790288 4.68
11.820649 5.00
11.831523 5.00
11.862052 5.00
11.872927 5.00
11.903399 5.00
11.919524 5.00
11.944525 5.00
11.955291 4.68
11.985649 5.00
11.996399 5.00
12.027052 5.00
12.037777 5.00
12.068400 5.00
12.084525 4.68
12.109400 5.00
12.125526 5.00
12.150401 5.00
12.166526 5.00
12.191526 5.00
12.202401 5.00
12.232651 5.00
12.243526 5.00
12.273777 5.00
12.289930 5.00
12.320527 5.00
12.331402 5.00
12.361653 4.68
12.372402 5.00
12.404781 5.00
12.415653 5.00
12.451528 4.68
12.462403 5.00
12.492653 5.00
12.505295 5.00
12.533931 5.00
12.544788 5.00
12.575404 5.00
12.591529 5.00
12.616529 5.00
12.627279 5.00
12.657655 5.00
12.668529 5.00
12.698931 5.00
12.709655 5.00
12.740405 5.00
12.756530 5.00
12.781530 5.00
12.792406 5.00
12.822655 5.00
12.833405 5.00
12.865661 5.00
12.876531 5.00
12.908661 4.68
12.919531 4.68
12.949934 5.00
12.960656 5.00
12.996531 5.00
13.007407 4.68
13.037657 5.00
13.050061 5.00
13.078784 5.00
13.094784 5.00
13.125533 5.00
13.136298 5.00
13.166658 5.00
13.182658 4.68
13.207937 5.00
13.218658 5.00
13.249409 5.00
13.265534 5.00
13.290534 5.00
13.301410 5.00
13.331659 5.00
13.344177 5.00
13.378409 5.00
13.389302 5.00
13.419534 5.00
13.430410 4.68
13.460806 5.00
13.471660 4.68
13.507300 5.00
13.523178 5.00
13.548536 5.00
13.559411 5.00
13.589661 5.00
13.605536 5.00
13.630938 5.00
13.641661 5.00
13.672302 5.00
13.688301 5.00
13.713537 5.00
13.724287 5.00
13.754662 5.00
13.770662 5.00
13.795941 5.00
13.806662 5.00
13.837303 5.00
13.853304 5.00
13.878538 5.00
13.889431 5.00
13.919663 5.00
13.935663 5.00
13.966306 5.00
13.982307 5.00
14.007414 4.68
14.018305 4.68
14.048414 4.68
14.059289 4.68
14.089414 5.00
14.100290 5.00
14.130415 4.68
14.141290 5.00
14.171415 5.00
14.182290 5.00
14.212416 5.00
14.223291 5.00
14.253416 5.00
14.264291 4.68
14.294416 4.68
14.305291 5.00
14.335416 5.00
14.346292 4.68
14.376417 5.00
14.387292 4.68
14.417417 5.00
14.428292 5.00
14.458542 4.68
14.469417 4.68
14.499667 5.00
14.515667 5.00
14.540945 4.68
14.551794 5.00
14.582418 4.68
14.593309 5.35
14.623418 5.00
14.634310 4.68
14.664419 5.00
14.675294 5.00
14.705419 5.00
14.716294 5.35
14.746419 5.00
14.757295 5.00
14.787419 5.00
14.798295 5.00
14.828545 5.00
14.839294 5.35
14.869670 5.00
14.885670 5.00
14.916313 5.00
14.932313 5.00
14.957421 4.68
14.968313 5.00
14.998421 5.00
15.009296 5.00
15.039671 4.68
15.055672 5.00
15.086313 5.00
15.102313 5.00
15.127422 5.00
15.138314 4.68
15.168547 5.00
15.179422 5.00
15.209672 4.68
15.225798 5.35
15.252676 5.00
15.263423 5.00
15.299313 4.68
15.315316 5.00
15.340423 4.68
15.351316 5.00
15.381424 5.00
15.392315 4.68
15.422424 4.68
15.433316 5.00
15.463424 4.68
15.474300 5.35
15.504424 5.00
15.515300 4.68
15.545425 5.00
15.556300 5.00
15.586425 5.00
15.597300 5.00
15.627426 5.00
15.638301 5.00
15.668426 4.68
15.679301 4.68
15.709426 5.00
15.720301 5.35
15.750426 5.00
15.761302 5.00
15.791426 5.00
15.802301 5.00
15.832427 5.00
15.843302 5.00
15.873427 5.00
15.884302 5.00
15.914428 5.00
15.925303 4.68
15.955428 5.00
15.966303 5.00
15.996428 5.00
16.007303 5.00
16.037428 5.00
16.048303 5.00
16.078428 5.00
16.089304 5.00
16.119429 5.00
16.130304 5.00
16.160429 4.68
16.171304 5.00
16.201429 5.00
16.212305 5.00
16.242430 5.35
16.253305 5.00
16.283555 5.00
16.299430 4.68
16.324680 5.00
16.335431 5.00
16.365806 5.35
16.376681 5.00
16.407322 5.00
16.418072 4.68
16.448431 5.00
16.459306 5.00
16.489556 5.00
16.505432 5.00
16.530808 5.00
16.541682 5.00
16.572323 5.00
16.583074 5.00
16.613432 5.00
16.624308 5.00
16.654433 5.00
16.665308 5.00
16.695433 5.00
16.706308 5.00
16.736433 5.00
16.747308 5.35
16.777434 5.00
16.788309 5.00
16.818434 5.00
16.829309 5.00
16.859434 5.00
16.870309 5.35
16.900434 5.00
16.911310 5.00
16.941560 5.00
16.957435 5.00
16.982685 5.00
16.993435 5.00
17.029078 5.00
17.039811 5.00
17.070311 4.68
17.081076 5.00
17.111311 5.00
17.122079 5.35
17.152311 5.00
17.163078 5.00
17.193312 5.00
17.204078 5.00
17.234312 4.68
17.245079 5.35
17.275312 5.00
17.286079 5.00
17.316312 5.00
17.327080 5.00
17.357313 5.00
17.368078 5.00
17.398313 5.00
17.409079 4.68
17.439314 5.00
17.450079 5.00
17.480314 5.00
17.491082 4.68
17.521314 5.00
17.532079 5.00
17.562314 5.00
17.573081 5.00
17.603314 5.00
17.614081 5.00
17.644315 5.35
17.655083 5.00
17.685315 5.00
17.696083 5.00
17.726316 5.00
17.737083 5.00
17.767316 5.00
17.778082 5.00
17.808316 5.00
17.819083 5.00
17.849316 5.00
17.860085 5.00
17.890316 5.00
17.901082 5.00
17.931317 5.00
17.942085 5.00
17.972317 5.00
17.983083 5.00
18.013318 5.00
18.024082 5.00
18.054318 5.00
18.065085 5.00
18.095318 5.00
18.106083 5.00
18.136318 5.00
18.147085 5.00
18.177319 5.00
18.188084 5.00
18.218319 5.00
18.229085 5.00
18.259319 5.00
18.270086 5.00
18.300320 5.00
18.311088 5.00
18.341320 5.00
18.352087 5.00
18.382320 5.00
18.393085 5.35
18.423321 5.00
18.434086 5.00
18.464321 5.00
18.475088 5.00
18.505321 4.68
18.516089 5.35
18.546322 5.00
18.557090 5.00
18.587322 5.00
18.598087 5.00
18.628322 5.00
18.639087 5.35
18.669322 5.00
18.680090 5.00
18.710322 4.68
18.721089 5.00
18.751448 4.68
18.763824 5.35
18.792572 5.00
18.808448 5.00
18.838963 5.00
18.849699 5.00
18.880341 5.00
18.891092 5.35
18.921449 5.00
18.933826 5.00
18.962574 5.00
18.973324 5.00
19.008966 5.00
19.021459 5.35
19.050340 5.00
19.061093 5.00
19.091575 5.00
19.102325 5.00
19.138106 5.00
19.153968 5.35
19.179451 5.00
19.195451 5.00
19.220576 5.00
19.231325 5.00
19.266968 4.68
19.277701 5.35
19.308344 5.00
19.319092 5.00
19.349452 5.00
19.365328 5.00
19.390578 4.68
19.401327 5.35
19.436970 5.00
19.452970 5.00
19.478344 5.00
19.489094 5.00
19.519578 5.00
19.530454 5.35
19.560704 5.00
19.571453 5.00
19.602107 5.00
19.618219 5.00
19.643329 4.68
19.654095 5.35
19.684329 5.00
19.695097 5.00
19.725455 4.68
19.741330 5.00
19.766580 5.00
19.777329 5.00
19.812971 5.00
19.828970 5.00
19.854347 5.00
19.865096 4.68
19.895581 4.68
19.906330 5.00
19.941974 5.00
19.957971 5.00
19.983348 5.00
19.994096 5.00
20.024582 5.00
20.035457 5.35
20.070986 5.00
20.081707 5.00
20.112348 5.00
20.123100 5.00
20.153333 5.00
20.164099 5.35
20.194333 5.00
20.205101 5.00
20.235333 5.00
20.246098 5.00
20.276459 5.00
20.292334 5.00
20.317584 5.00
20.328459 5.00
20.358709 5.00
20.369584 5.00
20.400112 5.00
20.415989 5.00
20.441460 5.00
20.457335 5.00
20.482585 5.00
20.493335 5.00
20.528987 5.00
20.544976 5.00
20.570461 5.00
20.586336 5.00
20.611586 5.00
20.622336 5.00
20.652711 5.00
20.663461 5.00
20.694117 5.35
20.710230 5.00
20.735462 5.00
20.751462 5.00
20.776587 5.00
20.787462 5.00
20.822992 5.35
20.835464 5.00
20.864355 5.00
20.876856 5.00
20.905588 5.00
20.916338 5.00
20.946714 5.35
20.957463 5.00
20.988117 5.00
21.003992 5.00
21.029340 4.68
21.041857 5.00
21.070339 5.00
21.081106 5.00
21.111340 5.00
21.123841 4.68
21.152339 5.00
21.164858 5.00
21.193465 5.00
21.209340 5.00
21.234590 5.00
21.245466 5.00
21.277498 4.68
21.288359 4.68
21.323993 5.35
21.339981 5.00
21.365358 5.00
21.381357 5.00
21.406592 5.00
21.417342 5.00
21.452996 5.35
21.468984 5.00
21.494360 4.68
21.510359 5.00
21.535342 5.00
21.547717 5.00
21.576468 5.35
21.592469 5.00
21.617593 5.00
21.628343 4.68
21.663986 5.00
21.679984 5.00
21.705359 5.35
21.721362 5.00
21.746471 5.00
21.762344 5.00
21.787595 5.00
21.798470 4.68
21.833846 5.35
21.849848 5.00
21.875361 5.00
21.891363 5.00
21.916595 5.00
21.927346 5.00
21.962987 5.35
21.978986 5.00
22.004363 5.00
22.020363 5.00
22.045471 5.00
22.061346 5.00
22.086596 5.35
22.097347 5.00
22.132989 5.00
22.149239 5.00
22.174364 5.00
22.190363 5.00
22.215348 5.00
22.231348 5.00
22.256473 5.00
22.272348 4.68
22.297598 5.00
22.308348 4.68
22.344003 5.00
22.359992 5.00
22.385365 4.68
22.401365 5.00
22.426349 5.00
22.442349 5.00
22.467349 5.35
22.483349 5.00
22.508350 5.00
22.524350 5.00
22.549350 4.68
22.565475 5.00
22.590475 5.35
22.606350 5.00
22.631600 5.00
22.642476 5.00
22.678006 5.00
22.693852 5.00
22.719351 4.68
22.735352 4.34
22.760351 4.34
22.776352 4.34
22.801477 4.34
22.817352 4.34
22.842601 4.34
22.853352 4.34
22.888995 4.34
22.904992 4.34
22.930370 4.34
22.946371 4.34
22.971478 4.34
22.987353 4.34
23.012603 4.34
23.023353 4.34
23.058855 4.34
23.074855 4.34
23.100369 4.34
23.116371 4.34
23.141604 4.34
23.152354 4.34
23.187997 4.34
23.203888 4.34
23.229373 4.34
23.245370 4.34
23.270480 4.34
23.286355 4.34
23.311605 4.34
23.322355 4.34
23.357859 4.34
23.373998 4.34
23.399136 4.34
23.410010 4.34
23.440356 4.34
23.456356 4.34
23.481357 4.34
23.497356 4.34
23.522357 4.34
23.543482 4.34
23.554357 4.34
23.586359 4.34
23.597123 4.34
23.627358 4.34
23.643483 4.34
23.668483 4.34
23.684483 4.34
23.711359 4.34
23.722123 4.34
23.752358 4.34
23.768358 4.34
23.793359 4.34
23.809359 4.34
23.834359 4.34
23.850359 4.34
23.875359 4.34
23.891360 4.34
23.916485 4.34
23.927360 4.34
23.959361 4.34
23.970126 4.34
24.000361 4.34
24.016360 4.34
24.041486 4.34
24.052361 4.34
24.084361 4.34
24.095126 4.34
24.125626 4.34
24.136624 4.34
24.167266 4.34
24.183495 4.34
24.214033 4.34
24.224868 4.34
24.255381 4.34
24.271365 4.34
24.301865 4.34
24.317865 4.34
24.343382 4.34
24.359380 4.34
24.384488 4.34
24.395363 4.34
24.427239 4.34
24.438004 4.34
24.468382 4.34
24.484383 4.34
24.509364 4.34
24.520129 4.34
24.551015 4.34
