0.000000 0.000000
0.047214 4.34
0.058224 4.34
0.088828 4.34
0.101519 2.66
0.130465 2.66
0.146722 2.66
0.177389 2.66
0.189950 2.66
0.224202 2.66
0.235213 2.66
0.265833 2.66
0.276709 2.34
0.307345 2.66
0.318203 2.34
0.348815 2.66
0.359703 2.66
0.395197 2.34
0.406065 2.66
0.436705 2.66
0.447463 2.66
0.482940 2.66
0.493706 2.34
0.524065 2.66
0.540064 2.66
0.565341 2.66
0.576196 2.34
0.606705 2.66
0.617454 2.66
0.653066 2.66
0.668940 2.66
0.697465 2.66
0.713340 2.34
0.738833 2.66
0.749705 2.34
0.780458 2.66
0.796737 2.66
0.827361 2.66
0.839965 2.66
0.874388 2.66
0.890723 2.66
0.921219 2.66
0.932518 2.66
0.968230 2.66
0.979233 4.02
1.011499 4.34
1.022453 4.34
1.058360 4.34
1.074588 4.34
1.101481 4.34
1.112351 4.34
1.144476 4.34
1.155351 4.34
1.187475 4.34
1.198346 4.34
1.230473 4.34
1.241228 4.34
1.273472 4.34
1.284227 4.34
1.316472 4.34
1.327346 4.34
1.359473 4.02
1.370226 4.34
1.402474 4.02
1.413346 4.34
1.444085 4.34
1.455097 4.34
1.485711 4.34
1.496734 4.34
1.527356 4.34
1.543602 4.34
1.571598 4.34
1.582598 4.34
1.613077 4.34
1.629244 4.34
1.654721 4.34
1.665595 4.34
1.696204 4.34
1.707077 4.34
1.737717 4.34
1.748469 4.68
1.779214 4.68
1.790213 4.68
1.826082 4.68
1.837081 4.68
1.867722 4.68
1.878474 5.00
1.909205 5.00
1.920078 5.00
1.950719 5.00
1.961468 5.00
1.997203 4.68
2.008077 5.00
2.038481 4.68
2.054480 5.00
2.080217 5.00
2.091215 5.00
2.127085 5.00
2.138084 5.00
2.168727 5.00
2.179482 5.00
2.210081 5.00
2.220956 5.00
2.251486 5.00
2.262361 5.00
2.298079 5.00
2.308954 5.00
2.339358 5.00
2.355608 4.68
2.386267 5.00
2.397258 5.00
2.433085 4.68
2.444085 4.68
2.474724 5.00
2.485599 4.68
2.516238 5.00
2.527083 5.00
2.557722 5.00
2.568598 4.68
2.598957 4.68
2.615080 5.00
2.640235 4.68
2.651092 5.00
2.687087 4.68
2.698087 5.00
2.728604 5.00
2.739603 4.68
2.770085 5.00
2.780959 5.00
2.811602 5.00
2.822600 4.68
2.852958 4.68
2.868832 5.00
2.894238 5.00
2.905083 5.00
2.935725 4.68
2.946600 5.00
2.976959 5.00
2.993099 4.68
3.018603 5.00
3.029603 5.00
3.060284 12.32
3.076615 6.36
3.107092 6.36
3.118091 6.36
3.150380 6.36
3.161249 6.36
3.196963 6.36
3.213087 6.36
3.238244 6.36
3.249087 6.36
3.279728 6.36
3.290605 6.36
3.320962 6.36
3.337087 6.36
3.362243 6.36
3.373087 6.36
3.403730 12.32
3.414603 6.36
3.444963 6.36
3.460838 6.36
3.486245 6.36
3.502244 6.36
3.527605 6.36
3.538366 6.36
3.569089 0.05
3.580089 6.36
3.610607 6.36
3.621367 6.36
3.651964 6.36
3.667840 6.36
3.693246 6.36
3.704089 6.36
3.734607 6.36
3.745367 6.01
3.775965 6.36
3.791840 6.36
3.817246 6.36
3.828091 6.36
3.860370 6.36
3.871246 6.36
3.907091 6.36
3.917966 0.05
3.948606 6.36
3.959371 6.36
3.989966 6.36
4.005842 6.36
4.031246 6.36
4.043842 6.36
4.072609 6.36
4.083373 6.36
4.113843 12.32
4.126374 6.36
4.154844 6.36
4.167375 6.36
4.195843 6.36
4.208371 6.36
4.236843 6.36
4.249374 6.36
4.277844 0.05
4.290374 6.36
4.318844 6.36
4.331374 6.36
4.359845 6.36
4.372374 6.36
4.400845 6.36
4.413375 6.36
4.441845 6.36
4.452720 6.01
4.482845 6.36
4.498846 6.36
4.523971 6.36
4.539846 6.36
4.565096 6.36
4.575971 6.36
4.606253 6.36
4.618847 6.36
4.647615 6.36
4.658375 6.36
4.688847 6.36
4.701377 6.36
4.729848 6.36
4.745848 6.36
4.770973 6.36
4.786973 6.36
4.812098 6.36
4.822973 6.36
4.853376 6.36
4.869377 6.36
4.899974 6.36
4.916099 6.36
4.941099 6.36
4.951975 6.36
4.982365 0.05
4.998349 6.36
5.023618 6.36
5.034350 6.36
5.064725 6.36
5.075618 6.36
5.105725 6.36
5.116618 6.36
5.146726 6.36
5.157617 5.69
5.187726 6.36
5.198618 6.36
5.228727 6.36
5.239618 6.36
5.269727 6.36
5.280617 6.36
5.310726 6.36
5.321620 6.36
5.351727 6.36
5.362619 6.36
5.392728 6.36
5.403621 6.36
5.433728 6.36
5.444618 6.36
5.474728 6.36
5.485619 6.36
5.515729 6.36
5.526620 6.36
5.556729 6.36
5.567621 6.36
5.597730 6.36
5.608622 6.36
5.638729 6.36
5.649620 6.36
5.679729 0.05
5.690624 12.32
5.720730 6.36
5.731623 6.36
5.761730 6.36
5.772623 6.36
5.802731 6.36
5.813621 6.36
5.843731 6.36
5.854622 6.36
5.884731 6.36
5.895624 6.36
5.925732 6.36
5.936624 6.36
5.966732 6.36
5.977624 6.36
6.007732 6.36
6.018624 6.36
6.048732 12.32
6.059623 6.36
6.089733 6.36
6.100625 6.36
6.130733 6.36
6.141624 6.36
6.171734 6.36
6.182627 6.36
6.212983 0.05
6.223734 12.32
6.254109 6.36
6.264984 6.36
6.295359 6.36
6.306109 6.36
6.336625 6.36
6.347359 6.36
6.377735 6.36
6.388625 0.05
6.418860 6.36
6.434860 6.36
6.459860 6.36
6.475986 6.36
6.500861 6.36
6.516736 6.36
6.541861 6.36
6.557736 6.36
6.583514 5.00
6.594514 4.34
6.625118 4.34
6.635992 4.68
6.671990 4.34
6.682865 4.34
6.713273 4.34
6.729489 4.34
6.754632 4.68
6.765363 4.34
6.795738 4.34
6.806632 4.34
6.836738 4.34
6.847629 4.34
6.877739 4.34
6.888632 4.68
6.918989 4.34
6.929755 4.34
6.960525 4.34
6.971522 4.34
7.001998 4.34
7.012871 4.34
7.043638 4.34
7.054638 4.34
7.084994 4.34
7.095868 4.34
7.125992 4.34
7.136867 4.34
7.167273 4.34
7.183272 4.34
7.208633 4.34
7.219396 4.34
7.249867 4.34
7.265867 4.34
7.290992 4.34
7.301742 4.34
7.332118 4.34
7.344757 4.34
7.373383 4.68
7.384118 4.34
7.419993 4.68
7.430868 4.34
7.461270 4.68
7.477272 4.34
7.504273 4.34
7.515119 4.34
7.545882 4.34
