0.000000 0.000000
0.041931 4.34
0.057808 4.34
0.082940 4.02
0.098813 3.67
0.127451 2.34
0.143564 2.34
0.168689 2.34
0.179451 2.34
0.209934 2.34
0.225808 2.34
0.250932 2.34
0.263306 2.34
0.291930 2.34
0.307805 2.34
0.332929 2.34
0.348803 2.34
0.373928 2.34
0.389803 2.34
0.414927 2.34
0.430803 2.34
0.455928 2.34
0.471803 2.34
0.496928 2.34
0.512803 2.34
0.537928 2.34
0.553803 2.34
0.578929 2.34
0.594804 2.34
0.619929 2.34
0.635804 2.34
0.660929 2.34
0.676804 2.34
0.701930 2.34
0.717805 2.34
0.742930 2.34
0.758817 2.34
0.784069 2.34
0.794954 2.34
0.825184 2.34
0.835934 2.34
0.866569 2.34
0.882693 2.34
0.907691 2.34
0.918441 2.34
0.948693 2.34
0.959456 2.34
0.990070 4.02
1.000817 4.02
1.036440 4.02
1.047189 4.02
1.077437 4.02
1.088187 4.02
1.118436 4.02
1.129185 4.02
1.159434 4.02
1.170185 4.02
1.200434 4.02
1.211184 4.02
1.241434 4.02
1.252184 4.02
1.282434 4.02
1.293184 4.02
1.323434 4.02
1.334185 4.02
1.364434 4.02
1.375184 4.02
1.405435 4.02
1.416185 4.02
1.446572 4.02
1.462573 4.34
1.487950 4.34
1.504211 4.34
1.534823 4.34
1.545821 4.34
1.581694 4.34
1.592693 4.34
1.623101 4.02
1.634073 4.34
1.664698 4.34
1.675697 4.34
1.706213 4.34
1.717088 4.34
1.747588 4.34
1.763446 4.68
1.788694 4.68
1.799444 4.68
1.829691 4.68
1.840442 4.68
1.870690 4.68
1.881440 4.68
1.911690 4.68
1.922440 4.68
1.952689 4.68
1.963439 4.68
1.993689 4.68
2.004439 4.68
2.034701 4.68
2.045575 4.68
2.078026 4.68
2.089120 4.68
2.124822 4.68
2.137463 4.68
2.171696 4.68
2.182584 4.68
2.214974 5.00
2.225818 5.00
2.261693 5.00
2.272581 4.68
2.302817 5.00
2.315456 5.00
2.344094 4.68
2.355084 4.68
2.385701 4.68
2.396701 5.00
2.429009 5.00
2.439822 5.00
2.470590 5.00
2.486696 5.00
2.511945 5.00
2.528103 5.00
2.558695 5.00
2.569585 5.00
2.599819 5.00
2.612210 4.68
2.640944 5.00
2.656944 4.68
2.687695 5.00
2.698593 4.68
2.729108 4.68
2.739948 4.68
2.771856 5.00
2.782697 5.00
2.818697 5.00
2.829588 5.00
2.859821 5.00
2.872227 5.00
2.905825 4.68
2.916697 5.00
2.947100 5.00
2.957947 5.00
2.993713 4.68
3.004709 5.00
3.040604 5.00
3.051584 5.00
3.082244 5.00
3.093241 5.00
3.123828 5.00
3.139952 5.00
3.166858 5.00
3.177701 5.00
3.213700 5.00
3.224587 5.00
3.254824 5.00
3.267214 5.00
3.295948 5.00
3.306824 5.00
3.337493 5.00
3.353720 5.00
3.379126 4.68
3.389956 5.00
3.420704 5.00
3.431579 4.68
3.467578 5.00
3.478470 5.00
3.509109 4.68
3.519951 5.00
3.550593 5.00
3.561466 4.68
3.591827 4.68
3.607701 5.00
3.632951 5.00
3.643967 5.00
3.674585 5.00
3.685605 4.68
3.716123 4.68
3.726957 4.68
3.757474 4.68
3.773705 4.68
3.798705 4.68
3.809580 4.68
3.839829 4.68
3.855704 4.68
3.880829 4.68
3.896703 4.68
3.922109 4.68
3.932954 4.68
3.963620 4.68
3.974608 4.68
4.005121 4.68
4.015958 4.68
4.046598 4.68
4.057475 4.68
4.087956 4.68
4.104110 4.68
4.129110 4.68
4.139956 4.68
4.170473 4.68
4.186348 4.68
4.211581 4.68
4.222473 4.68
4.252581 4.68
4.263474 4.68
4.293706 4.68
4.304606 4.68
4.340474 4.34
4.356720 4.34
4.382137 4.34
4.393138 4.34
4.423714 4.34
4.434588 4.34
4.470477 4.34
4.486481 4.34
4.519479 4.34
4.535476 4.34
4.560834 4.34
4.576834 4.34
4.610475 4.34
4.626474 4.34
4.651709 4.34
4.662584 4.34
4.692834 4.34
4.708834 4.34
4.734115 4.34
4.744959 4.34
4.775475 4.34
4.791475 4.34
4.816710 4.34
4.827585 4.34
4.857835 4.34
4.873835 4.34
4.899087 4.34
4.909960 4.34
4.940601 4.34
4.951353 4.34
4.981836 4.34
4.997711 4.34
5.024846 4.34
5.035712 4.34
5.065962 4.34
5.076712 4.34
5.107481 4.34
5.123479 4.34
5.148588 4.34
5.159478 4.34
5.189713 4.34
5.200588 4.34
5.230838 4.34
5.246838 4.34
5.273847 4.34
5.284713 4.34
5.316847 4.34
5.327589 4.34
5.359848 4.34
5.370589 4.34
5.402849 4.34
5.413589 4.34
5.443965 4.34
5.454839 4.34
5.485481 4.34
5.496482 4.34
5.526590 4.34
5.537481 4.34
5.567590 4.34
5.578480 4.34
5.608716 4.34
5.621122 4.34
5.649841 4.34
5.665840 4.34
5.692741 4.34
5.703609 4.34
5.739246 4.34
5.751726 4.34
5.780592 4.34
5.791358 4.34
5.821717 4.34
5.837592 4.34
5.862842 4.34
5.878842 4.34
5.912485 4.34
5.923236 4.34
5.953593 4.34
5.964360 4.34
5.994718 4.34
6.010593 4.34
6.035843 4.34
6.046594 4.34
6.082235 4.34
6.098238 4.34
6.123611 4.34
6.134484 4.34
6.164844 4.34
6.175720 4.34
6.211247 4.34
6.221970 4.34
6.252612 4.34
6.263363 4.34
6.293846 4.34
6.304720 4.34
6.340238 4.34
6.356239 4.34
6.381611 4.34
6.392364 4.34
6.422846 4.34
6.433596 4.34
6.469238 4.34
6.479972 4.34
6.510614 4.34
6.521368 4.34
6.551847 4.34
6.562722 4.34
6.598252 4.34
6.614241 4.34
6.639615 4.34
6.650366 4.34
6.680724 4.34
6.696598 4.34
6.721849 4.34
6.732723 4.34
6.768239 4.34
6.778974 4.34
6.809615 4.34
6.820367 4.34
6.850849 4.34
6.861599 4.34
6.897253 4.34
6.913243 4.34
6.938615 4.34
6.949368 4.34
6.979850 4.34
6.990600 4.34
7.026243 4.34
7.042243 4.34
7.067618 4.34
7.078494 4.34
7.108851 4.34
7.119726 4.34
7.155244 4.34
7.171256 4.34
7.196619 4.34
7.207369 4.34
7.237852 4.34
7.248602 4.34
7.284256 4.34
7.300243 4.34
7.325618 4.34
7.336371 4.34
7.366603 4.34
7.377371 4.34
7.407603 4.34
7.418497 4.34
7.448604 4.34
7.459371 4.34
7.489603 4.34
7.500384 4.34
7.530729 4.34
7.546729 4.34
7.571854 4.34
7.582729 4.34
7.618258 4.34
7.634249 4.34
7.659495 4.34
7.670248 4.34
7.700605 4.34
7.711499 4.34
7.741731 4.34
7.757606 4.34
7.782856 4.34
7.793606 4.34
7.825733 4.34
7.836497 4.34
7.866856 4.34
7.877732 4.34
7.907982 4.34
7.918731 4.34
7.949385 4.34
7.960260 4.34
7.990607 4.34
8.003108 4.34
8.031607 4.34
8.042377 4.34
8.072733 4.34
8.088608 4.34
8.113858 4.34
8.124608 4.34
8.160261 4.34
8.172734 4.34
8.201734 4.34
8.217610 4.34
8.242859 4.34
8.253734 4.34
8.284262 4.34
8.296611 4.34
8.325501 4.34
8.336250 4.34
8.366735 4.34
8.382610 4.34
8.407860 4.34
8.418735 4.34
8.449111 4.34
8.459861 4.34
8.490265 4.34
8.502612 4.34
8.531503 4.34
8.542265 4.34
8.572611 4.34
8.584992 4.34
8.613737 4.34
8.629736 4.34
8.654862 4.34
8.665737 4.34
8.696112 4.34
8.706862 4.34
8.737378 4.34
8.748113 4.34
8.778738 4.34
8.794613 4.34
8.819863 4.34
8.830738 4.34
8.861267 4.34
8.877265 4.34
8.902489 4.34
8.913267 4.34
8.943506 4.34
8.954266 4.34
8.984739 4.34
9.000739 4.34
9.025865 4.34
9.036740 4.34
9.067268 4.34
9.083269 4.34
9.108616 4.34
9.124615 4.34
9.149616 4.34
9.165616 4.34
9.190741 4.34
9.206616 4.34
9.231866 4.34
9.242742 4.34
9.273271 4.34
9.289270 4.34
9.314617 4.34
9.330742 4.34
9.355743 4.34
9.371742 4.34
9.396867 4.34
9.407742 4.34
9.443272 4.34
9.459147 4.34
9.484618 4.34
9.500618 4.34
9.525743 4.34
9.541744 4.34
9.566868 4.34
9.577743 4.34
9.608272 4.34
9.624273 4.34
9.649619 4.34
9.665619 4.34
9.690744 4.34
9.706745 4.34
9.731870 4.34
9.742745 4.34
9.773272 4.34
9.789148 4.34
9.814620 4.34
9.830620 4.34
9.855745 4.34
9.871745 4.34
9.896871 4.34
9.907745 4.34
9.938275 4.34
9.954276 4.34
9.979621 4.34
9.995747 4.34
10.020747 4.34
10.036747 4.34
10.061872 4.34
10.072747 4.34
10.103276 4.34
10.119276 4.34
10.144513 4.34
10.155276 4.34
10.185623 4.34
10.201623 4.34
10.226623 4.34
10.242516 4.34
10.267748 4.34
10.283749 4.34
10.308873 4.34
10.319749 4.34
10.350279 4.34
10.366279 4.34
10.391624 4.34
10.407624 4.34
10.432750 4.34
10.448750 4.34
10.473875 4.34
10.484625 4.34
10.515279 4.34
10.531279 4.34
10.556518 4.34
10.569003 4.34
10.599657 4.34
10.610518 4.34
10.642644 4.34
10.653516 4.34
10.683627 4.34
10.699516 4.34
10.724752 4.34
10.735627 4.34
10.767657 4.34
10.778518 4.34
10.810658 4.34
10.821521 4.34
10.853656 4.34
10.864518 4.34
10.896647 4.34
10.907518 4.34
10.939647 4.34
10.950503 4.34
10.982646 4.34
10.993521 4.34
11.029007 4.34
11.041630 4.34
11.070520 4.34
11.086522 4.34
11.111629 4.34
11.127629 4.34
11.152755 4.34
11.163630 4.34
11.199006 4.34
11.211533 4.34
11.240521 4.34
11.256522 4.34
11.281631 4.34
11.297630 4.34
11.322631 4.34
11.333522 4.34
11.363756 4.34
11.374524 4.34
11.410013 4.34
11.426013 4.34
11.451283 4.34
11.462163 4.34
11.492632 4.34
11.508632 4.34
11.533632 4.34
11.544507 4.34
11.574757 4.34
11.585508 4.34
11.621012 4.34
11.637162 4.34
11.662285 4.34
11.673010 4.34
11.703526 4.34
11.719523 4.34
11.744509 4.34
11.760526 4.34
11.785510 4.34
11.801634 4.34
11.826509 4.34
11.842524 4.34
11.867510 4.34
11.883526 4.34
11.908525 4.34
11.924527 4.34
11.949511 4.34
11.965528 4.34
11.990511 4.34
12.006528 4.34
12.031511 4.34
12.047526 4.34
12.072511 4.34
12.088636 4.34
12.113511 4.34
12.129529 4.34
12.154512 4.34
12.170405 4.34
12.195527 4.34
12.211530 4.34
12.236513 4.34
12.252528 4.34
12.277513 4.34
12.293527 4.34
12.318638 4.34
12.334638 4.34
12.359638 4.34
12.370514 4.34
12.400638 4.34
12.411513 4.34
12.441638 4.34
12.452514 4.34
12.482639 4.34
12.493531 4.34
12.523639 4.34
12.534529 4.34
12.564765 4.34
12.575639 4.34
12.611016 4.34
12.627016 4.34
12.652530 4.34
12.668532 4.34
12.693640 4.34
12.704532 4.34
12.734766 4.34
12.745640 4.34
12.781016 4.34
12.797020 4.34
12.822295 4.34
12.833017 4.34
12.863642 4.34
12.879517 4.34
12.904642 4.34
12.915517 4.34
12.945642 4.34
12.956517 4.34
12.986767 4.34
12.997518 4.34
13.033018 4.34
13.049022 4.34
13.074533 4.34
13.090535 4.34
13.115518 4.34
13.131644 4.34
13.156519 4.34
13.172533 4.34
13.197644 4.34
13.213644 4.34
13.238769 4.34
13.249519 4.34
13.285020 4.34
13.301024 4.34
13.326535 4.34
13.342537 4.34
13.367520 4.34
13.383646 4.34
13.408646 4.34
13.424646 4.34
13.449646 4.34
13.460521 4.34
13.490646 4.34
13.501521 4.34
13.533522 4.34
13.544298 4.34
13.574647 4.34
13.585538 4.34
13.615647 4.34
13.626522 4.34
13.656647 4.34
13.667522 4.34
13.697647 4.34
13.708523 4.34
13.743773 4.34
13.754648 4.34
13.790024 4.34
13.806025 4.34
13.831538 4.34
13.847540 4.34
13.872524 4.34
13.888539 4.34
13.913649 4.34
13.924524 4.34
13.954649 4.34
13.965524 4.34
13.995650 4.34
14.006525 4.34
14.036775 4.34
14.047650 4.34
14.083027 4.34
14.099030 4.34
14.124302 4.34
14.135027 4.34
14.165650 4.34
14.176542 4.34
14.206651 4.34
14.217526 4.34
14.247652 4.34
14.258527 4.34
14.288652 4.34
14.299527 4.34
14.329651 4.34
14.340527 4.34
14.370652 4.34
14.381527 4.34
14.411652 4.34
14.422528 4.34
14.452653 4.34
14.463528 4.34
14.493653 4.34
14.504528 4.34
14.539903 4.34
14.550653 4.34
14.581183 4.34
14.592029 4.34
14.622546 4.34
14.638544 4.34
14.663530 4.34
14.674296 4.34
14.704655 4.34
14.715530 4.34
14.745655 4.34
14.756530 4.34
14.786655 4.34
14.797531 4.34
14.827655 4.34
14.838530 4.34
14.868656 4.34
14.879531 4.34
14.909656 4.34
14.920531 4.34
14.950656 4.34
14.961532 4.34
14.991657 4.34
15.002532 4.34
15.032657 4.34
15.043425 4.34
15.079036 4.34
15.090033 4.34
15.120549 4.34
15.136550 4.34
15.161658 4.34
15.172533 4.34
15.202658 4.34
15.213533 4.34
15.243658 4.34
15.254533 4.34
15.289908 4.34
15.300659 4.34
15.331186 4.34
15.342035 4.34
15.372534 4.34
15.383300 4.34
15.413660 4.34
15.424535 4.34
15.454659 4.34
15.465535 4.34
15.495660 4.34
15.506552 4.34
15.541910 4.34
15.552661 4.34
15.583312 4.34
15.594037 4.34
15.624553 4.34
15.635304 4.34
15.665661 4.34
15.676536 4.34
15.706661 4.34
15.717537 4.34
15.747662 4.34
15.758537 4.34
15.788662 4.34
15.799537 4.34
15.829662 4.34
15.840538 4.34
15.870663 4.34
15.881537 4.34
15.913414 4.34
15.924317 4.34
15.954556 4.34
15.965306 4.34
15.995663 4.34
16.006539 4.34
16.038415 4.34
16.049318 4.34
16.079554 4.34
16.090304 4.34
16.120664 4.34
16.131540 4.34
16.163446 4.34
16.174165 4.34
16.204540 4.34
16.215433 4.34
16.245540 4.34
16.256434 4.34
16.286540 4.34
16.297306 4.34
16.327541 4.34
16.338309 4.34
16.368541 4.34
16.379310 4.34
16.409542 4.34
16.420308 4.34
16.450542 4.34
16.461310 4.34
16.491542 4.34
16.502309 4.34
16.532558 4.34
16.543435 4.34
16.575434 4.34
16.586168 4.34
16.616543 4.34
16.627435 4.34
16.657543 4.34
16.668312 4.34
16.698544 4.34
16.709311 4.34
16.739544 4.34
16.750310 4.34
16.780544 4.34
16.791313 4.34
16.821545 4.34
16.832313 4.34
16.862545 4.34
16.873310 4.34
16.903545 4.34
16.914310 4.34
16.944545 4.34
16.955311 4.34
16.985546 4.34
16.996313 4.34
17.026546 4.34
17.037311 4.34
17.067547 4.34
17.078314 4.34
17.108546 4.34
17.119315 4.34
17.149547 4.34
17.160312 4.34
17.190547 4.34
17.201315 4.34
17.231547 4.34
17.242316 4.34
17.272548 4.34
17.283313 4.34
17.313548 4.34
17.324313 4.34
17.354548 4.34
17.365315 4.34
17.395548 4.34
17.406315 4.34
17.436549 4.34
17.447317 4.34
17.477549 4.34
17.488315 4.34
17.518550 4.34
17.529440 4.34
17.559550 4.34
17.570318 4.34
17.600550 4.34
17.611318 4.34
17.641550 4.34
17.652318 4.34
17.682675 4.34
17.693550 4.34
17.728926 4.34
17.744801 4.34
17.770331 4.34
17.786676 4.34
17.811552 4.34
17.822320 4.34
17.852677 4.34
17.863552 4.34
17.898927 4.34
17.914927 4.34
17.940332 4.34
17.956332 4.34
17.981678 4.34
17.992553 4.34
18.027928 4.34
18.043803 4.34
18.069330 4.34
18.085178 4.34
18.110679 4.34
18.121554 4.34
18.156928 4.34
18.172929 4.34
18.198333 4.34
18.214179 4.34
18.239554 4.34
18.250321 4.34
18.282305 4.34
18.293056 4.34
18.323572 4.34
18.334323 4.34
18.369931 4.34
18.385805 4.34
18.411336 4.34
18.427334 4.34
18.454306 4.34
18.465196 4.34
18.495556 4.34
18.506323 4.34
18.538308 4.34
18.549200 4.34
18.581307 4.34
18.592058 4.34
18.622573 4.34
18.633324 4.34
18.663558 4.34
18.674325 4.34
18.706308 4.34
18.717200 4.34
18.749309 4.34
18.760059 4.34
18.792309 4.34
18.803200 4.34
18.835309 4.34
18.846060 4.34
18.878309 4.34
18.889201 4.34
18.919575 4.34
18.930328 4.34
18.965935 4.34
18.981810 4.34
19.007338 4.34
19.023203 4.34
19.050311 4.34
19.061203 4.34
19.091576 4.34
19.102327 4.34
19.134312 4.34
19.145061 4.34
19.177312 4.34
19.188062 4.34
19.220312 4.34
19.231079 4.34
19.261580 4.34
19.272330 4.34
19.302812 4.34
19.315313 4.34
19.347214 4.34
19.359687 4.34
19.388578 4.34
19.399456 4.34
19.429812 4.34
19.442314 4.34
19.471064 4.34
19.481938 4.34
19.512581 4.34
19.523329 4.34
19.558939 4.34
19.569814 4.34
19.600456 4.34
19.611206 4.34
19.646939 4.34
19.657814 4.34
19.688457 4.34
19.699458 4.34
19.729815 4.34
19.742221 4.34
19.774219 4.34
19.786690 4.34
19.820941 4.34
19.831816 4.34
19.862457 4.34
19.873459 4.34
19.908941 4.34
19.924816 4.34
19.950346 4.34
19.966210 4.34
19.996942 4.34
20.012942 4.34
20.038344 4.34
20.054346 4.34
20.084818 4.34
20.100692 4.34
20.126069 4.34
20.136942 4.34
20.167461 4.34
20.178220 4.34
20.213943 4.34
20.224818 4.34
20.255347 4.34
20.266210 4.34
20.301819 4.34
20.317819 4.34
20.343070 4.34
20.353944 4.34
20.384346 4.34
20.395070 4.34
20.430945 4.34
20.441820 4.34
20.472350 4.34
20.483212 4.34
20.518696 4.34
20.529588 4.34
20.559821 4.34
20.575821 4.34
20.601073 4.34
20.611946 4.34
20.642349 4.34
20.653227 4.34
20.688946 4.34
20.699697 4.34
20.730349 4.34
20.741074 4.34
20.776822 4.34
20.792948 4.34
20.818074 4.34
20.828948 4.34
20.859352 4.34
20.870224 4.34
20.905823 4.34
20.921948 4.34
20.950225 4.34
20.966216 4.34
20.991589 4.34
21.002341 4.34
21.032824 4.34
21.048824 4.34
21.074092 4.34
21.084949 4.34
21.115353 4.34
21.126076 4.34
21.161825 4.34
21.177950 4.34
21.203076 4.34
21.213951 4.34
21.244354 4.34
21.255077 4.34
21.290951 4.34
21.301826 4.34
21.332353 4.34
21.343077 4.34
21.378826 4.34
21.394827 4.34
21.420078 4.34
21.430952 4.34
21.461357 4.34
21.472232 4.34
21.507952 4.34
21.518703 4.34
21.549357 4.34
21.560232 4.34
21.595953 4.34
21.606703 4.34
21.637358 4.34
21.648232 4.34
21.683829 4.34
21.699954 4.34
21.725081 4.34
21.735954 4.34
21.766358 4.34
21.777233 4.34
21.812830 4.34
21.828830 4.34
21.854081 4.34
21.864955 4.34
21.895233 4.34
21.911357 4.34
21.938207 4.34
21.949082 4.34
21.981208 4.34
21.992082 4.34
22.022597 4.34
22.033347 4.34
22.063831 4.34
22.079957 4.34
22.105083 4.34
22.117707 4.34
22.146598 4.34
22.157349 4.34
22.187832 4.34
22.203707 4.34
22.229084 4.34
22.241708 4.34
22.270361 4.34
22.281084 4.34
22.316833 4.34
22.332833 4.34
22.358084 4.34
22.368958 4.34
22.399360 4.34
22.410085 4.34
22.445959 4.34
22.456834 4.34
22.487364 4.34
22.498237 4.34
22.533710 4.34
22.546086 4.34
22.574835 4.34
22.590835 4.34
22.616087 4.34
22.628586 4.34
22.659087 4.34
22.669961 4.34
22.700365 4.34
22.711240 4.34
22.746836 4.34
22.762836 4.34
22.791241 4.34
22.807363 4.34
22.837837 4.34
22.853962 4.34
22.882240 4.34
22.898366 4.34
22.928838 4.34
22.939713 4.34
22.970089 4.34
22.982588 4.34
23.016838 4.34
23.027588 4.34
23.058090 4.34
23.074242 4.34
23.099479 4.34
23.110231 4.34
23.140713 4.34
23.153091 4.34
23.181839 4.34
23.192589 4.34
23.222965 4.34
23.233714 4.34
23.264243 4.34
23.274965 4.34
23.310840 4.34
23.321715 4.34
23.352091 4.34
23.368244 4.34
23.393370 4.34
23.404245 4.34
23.434716 4.34
23.450841 4.34
23.475841 4.34
23.486591 4.34
23.517093 4.34
23.533246 4.34
23.563842 4.34
23.574592 4.34
23.605094 4.34
23.621094 4.34
23.651842 4.34
23.662717 4.34
23.692967 4.34
23.703718 4.34
23.734372 4.34
23.745249 4.34
23.775718 4.34
23.791843 4.34
23.816844 4.34
23.827594 4.34
23.858096 4.34
23.874247 4.34
23.904844 4.34
23.915719 4.34
23.946096 4.34
23.962248 4.34
23.992845 4.34
24.003720 4.34
24.034097 4.34
24.050250 4.34
24.080846 4.34
24.091721 4.34
24.122112 4.34
24.138251 4.34
24.163488 4.34
24.174250 4.34
24.204721 4.34
24.220846 4.34
24.245847 4.34
24.256721 4.34
24.287098 4.34
24.303251 4.34
24.328376 4.34
24.339098 4.34
24.369597 4.34
24.380366 4.34
24.410598 4.34
24.421363 4.34
24.451724 4.34
24.467848 4.34
24.492848 4.34
24.503723 4.34
24.534100 4.34
24.550253 4.34
24.575377 4.34
24.586251 4.34
24.616724 4.34
24.632725 4.34
24.657850 4.34
24.668599 4.34
24.699101 4.34
24.715253 4.34
24.740380 4.34
24.751255 4.34
24.781725 4.34
24.797850 4.34
24.822851 4.34
24.833601 4.34
24.864102 4.34
24.880256 4.34
24.905380 4.34
24.916257 4.34
24.946602 4.34
24.957369 4.34
24.987727 4.34
25.003852 4.34
25.028852 4.34
25.039727 4.34
25.070129 4.34
25.086131 4.34
25.116853 4.34
25.127728 4.34
25.158103 4.34
25.174104 4.34
25.201108 4.34
25.211979 4.34
25.244108 4.34
25.254979 4.34
25.285245 4.34
25.295979 4.34
25.331855 4.34
25.342730 4.34
25.372980 4.34
25.385372 4.34
25.415981 4.34
25.426855 4.34
25.462730 4.34
25.478731 4.34
25.503856 4.34
25.514605 4.34
25.545106 4.34
25.561106 4.34
25.591731 4.34
25.607731 4.34
25.632856 4.34
25.643606 4.34
25.673982 4.34
25.689982 4.34
25.717012 4.34
25.727857 4.34
25.760012 4.34
25.770858 4.34
25.806625 4.34
25.822625 4.34
25.847858 4.34
25.858732 4.34
25.889109 4.34
25.899858 4.34
25.935626 4.34
25.951626 4.34
25.976859 4.34
25.987734 4.34
26.018110 4.34
26.028859 4.34
26.064625 4.34
26.077015 4.34
26.105860 4.34
26.116735 4.34
26.147264 4.34
26.158110 4.34
26.188503 4.34
26.199252 4.34
26.229736 4.34
26.240503 4.34
26.270861 4.34
26.281611 4.34
26.312265 4.34
26.322994 4.34
26.353503 4.34
26.364265 4.34
26.394737 4.34
26.405505 4.34
26.435862 4.34
26.446737 4.34
26.477270 4.34
26.488112 4.34
26.518505 4.34
26.529264 4.34
26.559613 4.34
26.575613 4.34
26.600613 4.34
26.616614 4.34
26.641738 4.34
26.652506 4.34
26.682864 4.34
26.693614 4.34
26.724266 4.34
26.734996 4.34
26.765614 4.34
26.781614 4.34
26.806615 4.34
26.822615 4.34
26.847740 4.34
26.858615 4.34
26.888866 4.34
26.899615 4.34
26.930145 4.34
26.940999 4.34
26.971633 4.34
26.987616 4.34
27.012866 4.34
27.023741 4.34
27.054270 4.34
27.065145 4.34
27.095616 4.34
27.111742 4.34
27.136618 4.34
27.152742 4.34
27.177742 4.34
27.188510 4.34
27.218868 4.34
27.229743 4.34
27.260146 4.34
27.270996 4.34
27.306744 4.34
27.317619 4.34
27.347869 4.34
27.358618 4.34
27.389271 4.34
27.399995 4.34
27.430619 4.34
27.446744 4.34
27.471620 4.34
27.487744 4.34
27.512636 4.34
27.528745 4.34
27.553870 4.34
27.564620 4.34
27.595273 4.34
27.606150 4.34
27.636620 4.34
27.652746 4.34
27.677621 4.34
27.693746 4.34
27.718746 4.34
27.729621 4.34
27.759871 4.34
27.770747 4.34
27.803028 4.34
27.813872 4.34
27.849747 4.34
27.860622 4.34
27.890872 4.34
27.901747 4.34
27.934026 4.34
27.944872 4.34
27.980748 4.34
27.991623 4.34
28.021874 4.34
28.034513 4.34
28.065018 4.34
28.075874 4.34
28.108030 4.34
28.118874 4.34
28.150879 4.34
28.161750 4.34
28.193902 4.34
28.204624 4.34
28.240750 4.34
28.251625 4.34
28.281875 4.34
28.294279 4.34
28.328516 4.34
28.340903 4.34
28.369626 4.34
28.385751 4.34
28.410751 4.34
28.421501 4.34
28.451876 4.34
28.464278 4.34
28.501520 4.34
28.513894 4.34
28.542752 4.34
28.553520 4.34
28.583877 4.34
28.596281 4.34
28.625157 4.34
28.636003 4.34
28.666518 4.34
28.678910 4.34
28.707753 4.34
28.718628 4.34
28.748878 4.34
28.764878 4.34
28.790159 4.34
28.801006 4.34
28.831629 4.34
28.842521 4.34
28.872629 4.34
28.883504 4.34
28.913629 4.34
28.924521 4.34
28.954755 4.34
28.965522 4.34
28.995880 4.34
29.011880 4.34
29.037160 4.34
29.048007 4.34
29.078631 4.34
29.089520 4.34
29.119756 4.34
29.130631 4.34
29.160881 4.34
29.176881 4.34
29.202008 4.34
29.212881 4.34
29.248757 4.34
29.259526 4.34
29.289882 4.34
29.305882 4.34
29.331162 4.34
29.342009 4.34
29.372525 4.34
29.388508 4.34
29.413633 4.34
29.424525 4.34
29.454758 4.34
29.465508 4.34
29.495884 4.34
29.512010 4.34
29.537165 4.34
29.548011 4.34
29.578635 4.34
29.589527 4.34
29.619634 4.34
29.630510 4.34
29.660760 4.34
29.671510 4.34
29.701885 4.34
29.717885 4.34
29.743164 4.34
29.753885 4.34
29.784529 4.34
29.800401 4.34
29.825636 4.34
29.836528 4.34
29.866636 4.34
29.877512 4.34
29.907636 4.34
29.918512 4.34
29.948636 4.34
29.959512 4.34
29.989762 4.34
30.000637 4.34
30.030888 4.34
30.046888 4.34
30.072167 4.34
30.082888 4.34
30.113531 4.34
30.129403 4.34
30.154763 4.34
30.165637 4.34
30.195889 4.34
30.211764 4.34
30.237169 4.34
30.247889 4.34
30.278529 4.34
30.294531 4.34
30.319639 4.34
30.330530 4.34
30.360765 4.34
30.371640 4.34
30.401890 4.34
30.417890 4.34
30.443170 4.34
30.454016 4.34
30.484641 4.34
30.495533 4.34
30.525641 4.34
30.536533 4.34
30.566641 4.34
30.577517 4.34
30.607766 4.34
30.620282 4.34
30.648892 4.34
30.664892 4.34
30.691897 4.34
30.702643 4.34
30.734897 4.34
30.745642 4.34
30.781534 4.34
30.797533 4.34
30.822768 4.34
30.835286 4.34
30.863893 4.34
30.879893 4.34
30.906899 4.34
30.917644 4.34
30.953536 4.34
30.969534 4.34
30.994644 4.34
31.005536 4.34
31.035645 4.34
31.046520 4.34
31.076645 4.34
31.087520 4.34
31.117645 4.34
31.128520 4.34
31.158645 4.34
31.169537 4.34
31.199771 4.34
31.212174 4.34
31.240896 4.34
31.256896 4.34
31.283776 4.34
31.294647 4.34
31.324896 4.34
31.340897 4.34
31.371289 4.34
31.382023 4.34
31.412537 4.34
31.428522 4.34
31.453772 4.34
31.469647 4.34
31.494898 4.34
31.505773 4.34
31.541549 4.34
31.552290 4.34
31.582648 4.34
31.593540 4.34
31.623648 4.34
31.634523 4.34
31.664649 4.34
31.675524 4.34
31.705649 4.34
31.716524 4.34
31.746650 4.34
31.757525 4.34
31.787650 4.34
31.798525 4.34
31.828650 4.34
31.839525 4.34
31.869650 4.34
31.880525 4.34
31.910650 4.34
31.921526 4.34
31.951651 4.34
31.962526 4.34
31.992651 4.34
32.003526 4.34
32.033651 4.34
32.044527 4.34
32.074652 4.34
32.085527 4.34
32.115652 4.34
32.126527 4.34
32.156652 4.34
32.167543 4.34
32.197653 4.34
32.208528 4.34
32.238653 4.34
32.249528 4.34
32.279653 4.34
32.290529 4.34
32.320653 4.34
32.331529 4.34
32.361654 4.34
32.372529 4.34
32.402654 4.34
32.413529 4.34
32.443654 4.34
32.454530 4.34
32.484655 4.34
32.495530 4.34
32.525655 4.34
32.536548 4.34
32.566655 4.34
32.577531 4.34
32.607781 4.34
32.623655 4.34
32.648906 4.34
32.659781 4.34
32.695548 4.34
32.706298 4.34
32.736657 4.34
32.747532 4.34
32.777657 4.34
32.788531 4.34
32.818657 4.34
32.829532 4.34
32.859657 4.34
32.870532 4.34
32.900657 4.34
32.911533 4.34
32.941658 4.34
32.952533 4.34
32.982658 4.34
32.993533 4.34
33.023783 4.34
33.039659 4.34
33.064908 4.34
33.075784 4.34
33.111299 4.34
33.122035 4.34
33.152549 4.34
33.163302 4.34
33.193660 4.34
33.204535 4.34
33.234660 4.34
33.245535 4.34
33.275785 4.34
33.291660 4.34
33.317036 4.34
33.327911 4.34
33.358554 4.34
33.369304 4.34
33.399536 4.34
33.410304 4.34
33.440536 4.34
33.451304 4.34
33.481537 4.34
33.492305 4.34
33.522537 4.34
33.533428 4.34
33.563537 4.34
33.574304 4.34
33.604538 4.34
33.615304 4.34
33.645538 4.34
33.656306 4.34
33.686538 4.34
33.697304 4.34
33.727539 4.34
33.738305 4.34
33.768539 4.34
33.779307 4.34
33.809539 4.34
33.820306 4.34
33.850539 4.34
33.861308 4.34
33.891540 4.34
33.902305 4.34
33.932540 4.34
33.943309 4.34
33.973540 4.34
33.984308 4.34
34.014540 4.34
34.025309 4.34
34.055540 4.34
34.066306 4.34
34.096541 4.34
34.107309 4.34
34.137541 4.34
34.148309 4.34
34.178559 4.34
34.189309 4.34
34.219667 4.34
34.232043 4.34
34.260667 4.34
34.276542 4.34
34.301667 4.34
34.314043 4.34
34.342667 4.34
34.355044 4.34
34.383668 4.34
34.399543 4.34
34.424668 4.34
34.437044 4.34
34.465669 4.34
34.481544 4.34
34.506669 4.34
34.522544 4.34
34.547669 4.34
34.563544 4.34
34.588794 4.34
34.604795 4.34
34.629920 4.34
34.640795 4.34
34.676313 4.34
34.692170 4.34
34.717545 4.34
34.728439 4.34
34.758546 4.34
34.769313 4.34
34.799547 4.34
34.810313 4.34
34.840546 4.34
34.851313 4.34
34.881547 4.34
34.892312 4.34
34.922547 4.34
34.933312 4.34
34.963548 4.34
34.974315 4.34
35.004547 4.34
35.015313 4.34
35.045547 4.34
35.056316 4.34
35.086548 4.34
35.097315 4.34
35.127548 4.34
35.138316 4.34
35.168549 4.34
35.179317 4.34
35.209549 4.34
35.220315 4.34
35.250549 4.34
35.261314 4.34
35.291550 4.34
35.302315 4.34
35.332550 4.34
35.343317 4.34
35.373550 4.34
35.384318 4.34
35.414550 4.34
35.425319 4.34
35.455551 4.34
35.466318 4.34
35.496551 4.34
35.507318 4.34
35.537676 4.34
35.553552 4.34
35.578801 4.34
35.589552 4.34
35.625204 4.34
35.635927 4.34
35.666568 4.34
35.677319 4.34
35.707802 4.34
35.718553 4.34
35.754193 4.34
35.764927 4.34
35.795570 4.34
35.806318 4.34
35.836803 4.34
35.847553 4.34
35.883194 4.34
35.893929 4.34
35.924570 4.34
35.935322 4.34
35.965804 4.34
35.976554 4.34
36.012196 4.34
36.028197 4.34
36.053680 4.34
36.069680 4.34
36.094805 4.34
36.105680 4.34
36.141197 4.34
36.157198 4.34
36.182573 4.34
36.193323 4.34
36.223806 4.34
36.234555 4.34
36.266682 4.34
36.277572 4.34
36.307806 4.34
36.318556 4.34
36.348932 4.34
36.359682 4.34
36.390337 4.34
36.406197 4.34
36.431682 4.34
36.447558 4.34
36.472807 4.34
36.483683 4.34
36.519202 4.34
36.531713 4.34
36.560558 4.34
36.571450 4.34
36.601559 4.34
36.614078 4.34
36.642684 4.34
36.658559 4.34
36.683809 4.34
36.694559 4.34
36.730202 4.34
36.740935 4.34
36.771575 4.34
36.787575 4.34
36.812560 4.34
36.824935 4.34
36.853561 4.34
36.865935 4.34
36.894686 4.34
36.910561 4.34
36.935811 4.34
36.946561 4.34
36.982204 4.34
36.998062 4.34
37.023687 4.34
37.039562 4.34
37.064812 4.34
37.075562 4.34
37.111204 4.34
37.127063 4.34
37.152562 4.34
37.168578 4.34
37.193688 4.34
37.209563 4.34
37.234813 4.34
37.245563 4.34
37.281204 4.34
37.297068 4.34
37.322563 4.34
37.334939 4.34
37.363689 4.34
37.379564 4.34
37.404814 4.34
37.415690 4.34
37.451219 4.34
37.467207 4.34
37.492580 4.34
37.508583 4.34
37.533581 4.34
37.549582 4.34
37.574565 4.34
37.590583 4.34
37.615691 4.34
37.631691 4.34
37.656816 4.34
37.667566 4.34
37.703206 4.34
37.719208 4.34
37.744583 4.34
37.760584 4.34
37.785567 4.34
37.801567 4.34
37.826692 4.34
37.842568 4.34
37.867817 4.34
37.878693 4.34
37.914220 4.34
37.930069 4.34
37.955693 4.34
37.971693 4.34
37.996818 4.34
38.007694 4.34
38.043224 4.34
38.059209 4.34
38.084586 4.34
38.100694 4.34
38.125694 4.34
38.141694 4.34
38.166820 4.34
38.177695 4.34
38.213222 4.34
38.229071 4.34
38.254588 4.34
38.270587 4.34
38.295696 4.34
38.311571 4.34
38.336821 4.34
38.347571 4.34
38.383226 4.34
38.399214 4.34
38.424586 4.34
38.440587 4.34
38.465697 4.34
38.481573 4.34
38.506822 4.34
38.517572 4.34
38.553227 4.34
38.569213 4.34
38.594573 4.34
38.610590 4.34
38.635698 4.34
38.651573 4.34
38.676823 4.34
38.687698 4.34
38.723227 4.34
38.739216 4.34
38.764590 4.34
38.780589 4.34
38.805699 4.34
38.821574 4.34
38.846824 4.34
38.857574 4.34
38.893217 4.34
38.909076 4.34
38.934593 4.34
38.950593 4.34
38.975576 4.34
38.991576 4.34
39.016576 4.34
39.032575 4.34
39.057576 4.34
39.073701 4.34
39.098576 4.34
39.114576 4.34
39.139701 4.34
39.150576 4.34
39.182578 4.34
39.193344 4.34
39.223702 4.34
39.234577 4.34
39.266578 4.34
39.277471 4.34
39.307703 4.34
39.318578 4.34
39.350578 4.34
39.361469 4.34
39.391579 4.34
39.407578 4.34
39.432704 4.34
39.443579 4.34
39.475579 4.34
39.486346 4.34
39.516704 4.34
39.527595 4.34
39.562954 4.34
39.575485 4.34
39.604471 4.34
39.620474 4.34
39.645705 4.34
39.656580 4.34
39.691955 4.34
39.704474 4.34
39.733474 4.34
39.749598 4.34
39.774599 4.34
39.790598 4.34
39.815706 4.34
39.826581 4.34
39.861956 4.34
39.872707 4.34
39.903361 4.34
39.914234 4.34
39.944707 4.34
39.955582 4.34
39.990958 4.34
40.001847 4.34
40.032599 4.34
40.043591 4.34
40.079253 4.34
40.090128 4.34
40.120604 4.34
40.136711 4.34
40.167086 4.34
40.183086 4.34
40.208601 4.34
40.224601 4.34
40.249709 4.34
40.260585 4.34
40.295959 4.34
40.306710 4.34
40.337364 4.34
40.348239 4.34
40.378585 4.02
40.389352 4.02
40.419585 4.02
40.430353 4.34
40.460586 4.34
40.471478 4.02
40.501711 4.34
40.512586 4.34
40.548303 4.34
