0.000000 0.000000
0.041781 4.68
0.052760 4.68
0.083543 4.68
0.099901 3.01
0.130411 2.66
0.141420 2.66
0.177439 2.66
0.188404 2.66
0.224296 2.66
0.235171 2.66
0.265881 2.66
0.276881 2.66
0.307396 2.66
0.318269 2.66
0.348754 2.66
0.359629 2.66
0.395003 2.66
0.411003 2.66
0.436519 2.66
0.452517 2.66
0.477644 2.66
0.493645 2.66
0.518629 2.66
0.529520 2.66
0.559629 2.66
0.570520 2.66
0.600629 2.66
0.611518 2.66
0.641630 2.66
0.652520 2.66
0.682630 2.66
0.693521 2.66
0.723630 2.66
0.734521 2.66
0.765146 2.66
0.781417 2.66
0.806767 2.66
0.817766 2.66
0.848470 2.66
0.861021 2.66
0.890189 2.66
0.906433 2.66
0.933581 2.66
0.944528 2.66
0.975148 4.02
0.991439 4.34
1.016766 4.34
1.027766 4.34
1.058296 4.34
1.069171 4.34
1.099650 4.34
1.115652 4.34
1.146011 4.68
1.162010 4.34
1.187523 4.34
1.203525 4.34
1.228648 4.34
1.244650 4.34
1.275009 4.68
1.291010 4.34
1.316284 4.34
1.327010 4.34
1.357652 4.34
1.373651 4.34
1.398760 4.34
1.409651 4.34
1.440421 4.34
1.453037 4.68
1.487472 4.68
1.503775 4.68
1.534350 4.68
1.545418 4.68
1.575895 4.68
1.586769 4.68
1.617536 4.34
1.633661 4.68
1.664176 4.68
1.680175 4.68
1.705658 5.00
1.721657 5.00
1.752014 5.00
1.768015 5.35
1.793529 5.35
1.809532 5.35
1.834764 5.35
1.845639 5.35
1.881014 5.35
1.897014 5.35
1.922530 5.35
1.938532 5.35
1.963655 5.35
1.979658 5.35
2.004640 5.35
2.015531 5.35
2.051015 5.35
2.067294 5.35
2.092673 5.35
2.103651 5.35
2.134189 5.69
2.145185 5.69
2.175771 5.35
2.186660 5.35
2.217304 5.35
2.228161 5.35
2.258660 5.35
2.274658 5.35
2.299768 5.35
2.310643 5.35
2.346018 5.35
2.362151 5.35
2.387667 5.35
2.398417 5.35
2.429183 5.35
2.440021 5.35
2.470663 5.69
2.481412 5.69
2.512020 5.35
2.528020 5.69
2.553423 5.35
2.569298 5.69
2.594770 5.35
2.605645 5.35
2.641152 5.35
2.652159 5.35
2.682780 5.35
2.693779 5.69
2.724309 5.69
2.735184 5.69
2.765664 5.69
2.776539 5.35
2.807178 5.35
2.818023 5.35
2.848662 5.35
2.859538 5.35
2.895022 5.69
2.911022 5.69
2.936567 5.35
2.952778 5.35
2.983027 5.69
2.999026 5.69
3.024545 5.69
3.040545 5.35
3.071024 5.69
3.087180 5.35
3.115323 5.69
3.126150 5.35
3.156664 5.35
3.167417 5.69
3.203024 5.69
3.218900 5.69
3.244543 5.35
3.260779 5.69
3.285779 5.69
3.296653 5.35
3.327184 5.69
3.338027 5.35
3.368668 5.69
3.379541 5.35
3.415026 5.69
3.431026 5.35
3.456543 5.69
3.472540 5.35
3.497667 5.69
3.508543 5.35
3.538777 5.35
3.549652 5.69
3.585027 5.69
3.601027 5.69
3.626302 5.69
3.637027 5.69
3.667666 5.69
3.678544 5.69
3.714028 5.35
3.730029 5.69
3.755302 5.35
3.766181 5.69
3.796779 5.35
3.807702 5.69
3.838324 5.69
3.849161 5.69
3.885159 6.01
3.896033 6.01
3.926452 6.01
3.942458 6.01
3.969422 6.01
3.980320 6.01
4.010781 0.05
4.021656 6.36
4.057031 6.01
4.073031 12.32
4.098423 6.01
4.114421 6.36
4.139782 12.32
4.152483 6.01
4.181570 12.32
4.197790 6.36
4.225445 6.68
4.241681 7.02
4.272290 7.37
4.283350 7.69
4.319178 7.69
4.330168 8.03
4.362461 8.03
4.373308 8.03
4.409037 8.03
4.425037 8.03
4.450303 8.03
4.461195 8.03
4.491679 8.03
4.502552 8.03
4.538035 8.03
4.554035 8.03
4.582162 8.03
4.593035 8.03
4.623678 8.03
4.634425 8.03
4.670035 8.03
4.686035 8.03
4.711440 8.03
4.727315 8.03
4.752661 8.03
4.763428 8.03
4.795413 8.03
4.806316 8.03
4.836680 8.03
4.847430 8.03
4.883038 8.03
4.898912 8.03
4.924441 8.03
4.940317 8.03
4.967414 8.03
4.978315 8.03
5.008664 8.03
5.019430 8.03
5.051415 8.03
5.062317 8.03
5.092557 8.03
5.103304 8.03
5.135415 8.03
5.146317 8.03
5.176556 8.03
5.187307 8.03
5.219416 8.03
5.230320 8.03
5.260556 8.03
5.271308 8.03
5.303417 8.03
5.314166 8.03
5.344556 8.03
5.355306 8.03
5.390916 8.03
5.403433 8.03
5.432167 8.03
5.442917 8.03
5.473432 8.03
5.489310 8.03
5.514559 8.03
5.525309 8.03
5.560793 8.03
5.571558 8.03
5.601918 8.03
5.614419 8.03
5.646322 8.03
5.662436 8.03
5.687561 8.03
5.698309 8.03
5.730420 8.03
5.741169 8.03
5.771562 8.03
5.782323 8.03
5.817919 8.03
5.833919 8.03
5.859170 8.03
5.869920 8.03
5.900437 8.03
5.916312 8.03
5.941561 8.03
5.952311 8.03
5.987920 8.03
6.003921 8.03
6.029323 8.03
6.045323 8.03
6.070564 8.03
6.081314 8.03
6.111563 8.03
6.122311 8.03
6.152922 8.03
6.168922 8.03
6.194172 8.03
6.204922 8.03
6.235440 8.03
6.246173 8.03
6.281922 8.03
6.297923 8.03
6.323327 8.03
6.353174 8.03
6.363923 8.03
6.394440 8.03
6.405174 8.03
6.440924 8.03
6.457057 8.03
6.482174 8.03
6.492925 8.03
6.523440 8.03
6.534205 8.03
6.569925 8.03
6.585800 8.03
6.611204 8.03
6.622058 8.03
6.652693 8.03
6.663444 8.03
6.693926 8.03
6.709801 8.03
6.738329 8.03
6.754443 8.03
6.779677 8.03
6.790442 8.03
6.825802 8.03
6.836570 8.03
6.866927 8.03
6.882928 8.03
6.908208 8.03
6.919055 8.03
6.949568 8.03
6.960334 8.03
6.995804 8.03
7.006568 8.03
7.036929 8.03
7.053056 8.03
7.081331 8.03
7.097333 8.03
7.122571 8.03
7.133334 8.03
7.168930 8.03
7.185057 8.03
7.210209 8.03
7.221059 8.03
7.251572 8.03
7.262334 8.03
7.292930 8.03
7.308930 8.03
7.334211 8.03
7.345060 8.03
7.375681 8.03
7.386573 8.03
7.422060 8.03
7.432932 8.03
7.463572 8.03
7.474336 8.03
7.506339 8.03
7.517211 8.03
7.549339 8.03
7.560211 8.03
7.590683 8.03
7.601574 8.03
7.637064 8.03
7.647933 8.03
7.678576 8.03
7.689338 8.03
7.725064 8.03
7.735934 8.03
7.766339 8.03
7.782214 8.03
7.809341 8.03
7.820064 8.03
7.852341 8.03
7.863063 8.03
7.895340 8.03
7.906215 8.03
7.938341 8.03
7.949063 8.03
7.981341 8.03
7.992063 8.03
8.024342 8.03
8.035216 8.03
8.067340 8.03
8.078065 8.03
8.110344 8.03
8.121064 8.03
8.153341 8.03
8.164064 8.03
8.196345 8.03
8.207215 8.03
8.239344 8.03
8.250064 8.03
8.282344 8.03
8.293217 8.03
8.328938 8.03
8.345068 8.03
8.370219 8.03
8.386343 8.03
8.413346 8.03
8.424068 8.03
8.459939 8.03
8.476072 8.03
8.501074 8.03
8.511940 8.03
8.542582 8.03
8.553344 8.03
8.588940 8.03
8.605067 8.03
8.630220 8.03
8.646345 8.03
8.676941 8.03
8.693071 8.03
8.718068 8.03
8.728942 8.03
8.759585 8.03
8.770332 8.03
8.806069 8.03
8.816942 8.03
8.847586 8.03
8.858333 8.03
8.888693 8.03
8.899584 8.03
8.929693 8.03
8.940568 8.03
8.970693 8.03
8.981587 8.03
9.011819 8.03
9.027819 8.03
9.052944 8.03
9.063819 8.03
9.094349 8.03
9.105076 8.03
9.140945 8.03
9.151820 8.03
9.182349 8.03
9.193072 8.03
9.228820 8.03
9.244945 8.03
9.269945 8.03
9.280696 8.03
9.311224 8.03
9.327226 8.03
9.357946 8.03
9.368696 8.03
9.399224 8.03
9.415227 8.03
9.445947 8.03
9.456822 8.03
9.487351 8.03
9.498224 8.03
9.533824 8.03
9.549947 8.03
9.574948 8.03
9.585823 8.03
9.616352 8.03
9.627074 8.03
9.662824 8.03
9.678949 8.03
9.704111 8.03
9.714949 8.03
9.745589 8.03
9.756466 8.03
9.791949 8.03
9.802825 8.03
9.833229 8.03
9.849354 8.03
9.879950 8.03
9.890826 8.03
9.921229 8.03
9.937352 8.03
9.967826 8.03
9.983951 8.03
10.008951 8.03
10.019827 8.03
10.050358 8.03
10.061078 8.03
10.096952 8.03
10.107827 8.03
10.138357 8.03
10.149230 8.03
10.184827 8.03
10.200953 8.03
10.225953 8.03
10.236703 8.03
10.267233 8.03
10.283357 8.03
10.313829 8.03
10.329829 8.03
10.354954 8.03
10.365829 8.03
10.396235 8.03
10.412358 8.03
10.442954 8.03
10.453705 8.03
10.484234 8.03
10.500359 8.03
10.530955 8.03
10.541705 8.03
10.572359 8.03
10.583236 8.03
10.618956 8.03
10.629706 8.03
10.660360 8.03
10.671110 8.03
10.706956 8.03
10.717707 8.03
10.748234 8.03
10.764475 8.03
10.794957 8.03
10.805832 8.03
10.836238 8.03
10.852363 8.03
10.882958 8.03
10.893708 8.03
10.924238 8.03
10.940237 8.03
10.967209 8.03
10.978084 8.03
11.010210 8.03
11.021100 8.03
11.053211 8.03
11.064086 8.03
11.099835 8.03
11.115959 8.03
11.141115 8.03
11.157238 8.03
11.184212 8.03
11.195087 8.03
11.227212 8.03
11.238087 8.03
11.270213 8.03
11.281089 8.03
11.313213 8.03
11.324089 8.03
11.356214 8.03
11.367088 8.03
11.399213 8.03
11.410088 8.03
11.442089 8.03
11.452962 8.03
11.485089 8.03
11.495962 8.03
11.528090 8.03
11.538963 8.03
11.574838 8.03
11.590963 8.03
11.615963 8.03
11.626839 8.03
11.657368 8.03
11.668121 8.03
11.698714 8.03
11.711091 8.03
11.739714 8.03
11.752119 8.03
11.780714 8.03
11.796840 8.03
11.821840 8.03
11.832715 8.03
11.863109 8.03
11.879245 8.03
11.909841 8.03
11.920716 8.03
11.951109 8.03
11.967110 8.03
11.997842 8.03
12.008591 8.03
12.039093 8.03
12.051610 8.03
12.085842 8.03
12.096717 8.03
12.126967 8.03
12.137718 8.03
12.168245 8.03
12.178968 8.03
12.214843 8.03
12.225593 8.03
12.255968 8.03
12.266726 8.03
12.297245 8.03
12.308125 8.03
12.338611 8.03
12.349485 8.03
12.379720 8.03
12.395845 8.03
12.420969 8.03
12.431720 8.03
12.462251 8.03
12.473096 8.03
12.503610 8.03
12.514362 8.03
12.544596 8.03
12.555363 8.03
12.585721 8.03
12.601846 8.03
12.626721 8.03
12.642846 8.03
12.667722 8.03
12.683847 8.03
12.708722 8.03
12.724722 8.03
12.749722 8.03
12.765847 8.03
12.790722 8.03
12.806848 8.03
12.831722 8.03
12.847848 8.03
12.872723 8.03
12.888848 8.03
12.913724 8.03
12.929724 8.03
12.954724 8.03
12.970724 8.03
12.995724 8.35
13.011849 8.03
13.036724 8.35
13.052724 8.03
13.077725 8.03
13.093850 8.03
13.118725 8.03
13.134850 8.03
13.159725 8.03
13.175850 8.03
13.200725 8.03
13.216851 8.03
13.241726 8.03
13.257726 8.03
13.282726 8.03
13.298851 8.03
13.323727 8.03
13.339852 8.03
13.364727 8.03
13.380852 8.03
13.405727 8.03
13.421853 8.03
13.446727 8.03
13.462852 8.03
13.487728 8.03
13.503853 8.03
13.528728 8.03
13.544728 8.03
13.569853 8.03
13.580604 8.03
13.611105 8.03
13.627229 8.03
13.657854 8.03
13.668604 8.03
13.699121 8.03
13.715106 8.03
13.745855 8.03
13.756605 8.03
13.787106 8.03
13.803230 8.03
13.828383 8.03
13.839106 8.03
13.869623 8.03
13.880373 8.03
13.910731 8.03
13.926856 8.03
13.951731 8.03
13.967857 8.03
13.992731 8.03
14.008856 8.03
14.033732 8.03
14.049857 8.03
14.074732 8.03
14.090857 8.03
14.115732 8.03
14.131858 8.03
14.156733 8.03
14.172858 8.03
14.197733 8.03
14.213733 8.03
14.238733 8.03
14.254859 8.03
14.279734 8.03
14.295859 8.03
14.320734 8.03
14.336859 8.03
14.361734 8.03
14.377735 8.03
14.402735 8.03
14.418860 8.03
14.443735 8.03
14.459736 8.03
14.484735 8.03
14.500861 8.03
14.525735 8.03
14.541861 8.03
14.566861 8.03
14.577611 8.03
14.608112 8.03
14.624112 8.03
14.654862 8.03
14.665613 8.03
14.695987 8.03
14.708378 8.03
14.742629 8.03
14.758629 8.03
14.783862 8.03
14.794613 8.03
14.825114 8.03
14.835988 8.03
14.871631 8.03
14.887630 8.03
14.912864 8.03
14.923613 8.03
14.954115 8.03
14.964989 8.03
15.000865 8.03
15.011615 8.03
15.042116 8.03
15.052990 8.03
15.088865 8.03
15.099615 8.03
15.129990 8.03
15.145990 8.03
15.176632 8.03
15.192635 8.03
15.217866 8.03
15.228616 8.03
15.259118 8.03
15.269991 8.03
15.305867 8.03
15.316616 8.03
15.347260 8.03
15.358119 8.03
15.388742 8.03
15.399618 8.03
15.429867 8.03
15.440743 8.03
15.471119 8.03
15.481993 8.03
15.517868 8.03
15.528618 8.03
15.559120 8.03
15.569993 8.03
15.605634 8.03
15.621637 8.03
15.646869 8.03
15.657619 8.03
15.688121 8.03
15.698995 8.03
15.734870 8.03
15.745619 8.03
15.776138 8.03
15.786995 8.03
15.817637 8.03
15.833746 8.03
15.858871 8.03
15.869621 8.03
15.899871 8.03
15.910746 8.03
15.941138 8.03
15.951997 8.03
15.987638 8.03
16.003747 8.03
16.028872 8.03
16.039622 8.03
16.070124 8.03
16.080998 8.03
16.116638 8.03
16.132639 8.03
16.157873 8.03
16.168749 8.03
16.199125 8.03
16.209998 8.03
16.245874 8.03
16.256623 8.03
16.287125 8.03
16.297999 8.03
16.333642 8.03
16.349640 8.03
16.374874 8.03
16.385624 8.03
16.416126 8.03
16.427000 8.03
16.462876 8.03
16.473625 8.03
16.504127 8.03
16.515000 8.03
16.550643 8.03
16.566644 8.03
16.591876 8.03
16.604395 8.03
16.636129 8.03
16.647002 8.03
16.677645 8.03
16.693642 8.03
16.718877 8.03
16.731392 8.03
16.760128 8.03
16.771003 8.03
16.806643 8.03
16.822646 8.03
16.847878 8.03
16.860397 8.03
16.889130 8.03
16.900004 8.03
16.935646 8.03
16.951644 8.03
16.976880 8.03
16.989397 8.03
17.023009 8.03
17.033880 8.03
17.069645 8.03
17.085648 8.03
17.110880 8.03
17.123272 8.03
17.152132 8.03
17.163005 8.03
17.198649 8.03
17.214646 8.03
17.239881 8.03
17.252274 8.03
17.281133 8.03
17.292006 8.03
17.322412 8.03
17.334887 8.03
17.363757 8.03
17.374633 8.03
17.404882 8.03
17.417275 8.03
17.446135 8.03
17.457008 8.03
17.492648 8.03
17.503399 8.03
17.533884 8.03
17.549883 8.03
17.575135 8.03
17.586008 8.03
17.616413 8.03
17.628889 8.03
17.657759 8.03
17.668650 8.03
17.698885 8.03
17.711277 8.03
17.740137 8.03
17.751010 8.03
17.786761 8.03
17.797650 8.03
17.827886 8.03
17.843886 8.03
17.869167 8.03
17.880011 8.03
17.910655 8.03
17.921401 8.03
17.951887 8.03
17.967886 8.03
17.993012 8.03
18.003762 8.03
18.039653 8.03
18.050405 8.03
18.080763 8.03
18.091637 8.03
18.121888 8.03
18.137888 8.03
18.163139 8.03
18.174014 8.03
18.204416 8.03
18.215140 8.03
18.245764 8.03
18.256639 8.03
18.286889 8.03
18.302764 8.03
18.328140 8.03
18.339014 8.03
18.374409 8.03
18.385141 8.03
18.415640 8.03
18.426407 8.03
18.456765 8.03
18.467641 8.03
18.497891 8.03
18.513891 8.03
18.539016 8.03
18.549766 8.03
18.585657 8.03
18.596410 8.03
18.626767 8.03
18.637642 8.03
18.667892 8.03
18.683892 8.03
18.709143 8.03
18.720017 8.03
18.750423 8.03
18.766410 8.03
18.791643 8.03
18.802409 8.03
18.832769 8.03
18.843644 8.03
18.873894 8.03
18.889894 8.03
18.923536 8.03
18.939535 8.03
18.964769 8.03
18.975644 8.03
19.005895 7.69
19.021895 7.37
19.047161 7.02
19.058020 7.02
19.088537 7.02
19.104538 7.37
19.129771 7.02
19.140646 7.02
19.170896 7.37
19.186896 7.02
19.212175 7.37
19.223022 7.02
19.253664 7.37
19.264539 7.37
19.294897 7.37
19.310772 7.02
19.337907 6.68
19.348647 6.36
19.384540 6.01
19.400540 5.69
19.425773 5.35
19.438301 5.00
19.466898 4.68
19.482898 4.68
19.509926 4.68
19.520905 4.68
19.551443 4.68
19.567544 4.68
19.592777 4.68
19.603652 4.68
19.634026 4.68
19.644775 4.68
19.675542 4.68
19.686543 4.68
19.716650 4.68
19.727416 4.68
19.757775 4.68
19.770303 4.68
19.798901 4.68
19.814901 4.68
19.841910 4.68
19.852651 4.68
19.883026 4.68
19.893776 4.68
19.924432 4.68
19.940420 4.68
19.965777 4.68
19.978153 4.68
20.007042 4.68
20.018038 4.34
20.048689 4.68
20.059659 4.68
20.091795 4.68
20.102673 4.68
20.138549 4.68
20.149296 4.68
20.179905 4.68
20.195904 4.68
20.222788 4.68
20.233671 4.68
20.263904 4.68
20.279905 4.34
20.310308 4.34
20.321030 4.68
20.351672 4.68
20.362422 4.68
20.392656 4.68
20.403421 4.34
20.433655 4.34
20.444422 4.68
20.474781 4.34
20.490781 4.68
20.515906 4.68
20.526795 4.68
