0.000000 0.000000
0.041718 4.34
0.057965 4.34
0.088605 4.34
0.099623 2.66
0.135626 2.34
0.146613 2.66
0.182498 2.34
0.193491 2.34
0.224100 2.66
0.235097 2.34
0.265711 2.34
0.281710 2.34
0.306958 2.34
0.317833 2.66
0.348471 2.34
0.359471 2.34
0.389831 2.34
0.400597 2.34
0.436232 2.34
0.452232 2.66
0.477707 2.34
0.493597 2.34
0.518832 2.34
0.529599 2.34
0.565233 2.34
0.575957 2.34
0.606596 2.34
0.617471 2.34
0.647833 2.34
0.658599 2.34
0.694234 2.34
0.704958 2.34
0.735598 2.34
0.746475 2.34
0.782500 2.34
0.793482 2.34
0.824116 2.34
0.835138 2.34
0.865850 2.34
0.876862 2.34
0.907613 2.34
0.918611 2.34
0.954630 2.34
0.967289 3.67
1.001513 4.02
1.012487 4.02
1.042967 4.02
1.053966 4.02
1.084608 4.02
1.095478 4.02
1.131242 4.02
1.147242 4.02
1.172713 4.34
1.188713 4.02
1.213837 4.34
1.224587 4.34
1.260239 4.02
1.270962 4.34
1.301602 4.02
1.312477 4.02
1.342837 4.34
1.353588 4.34
1.389239 4.34
1.405240 4.02
1.430854 4.02
1.441855 4.34
1.472636 4.34
1.485245 4.34
1.519493 4.34
1.530521 4.34
1.562788 4.34
1.573725 4.34
1.609490 4.34
1.620488 4.34
1.652781 4.34
1.663727 4.34
1.699496 4.34
1.710489 4.34
1.742761 4.34
1.753596 4.34
1.789254 4.34
1.805252 4.34
1.833842 4.34
1.844718 4.34
1.876747 4.34
1.887611 4.34
1.923245 4.34
1.933967 4.34
1.964607 4.34
1.977124 4.34
2.005843 4.34
2.016593 4.34
2.048749 4.34
2.059609 4.34
2.095246 4.34
2.107751 4.34
2.136983 4.34
2.147981 4.34
2.178621 4.34
2.191271 4.34
2.225504 4.34
2.236501 4.34
2.268770 4.34
2.279727 4.34
2.310245 4.34
2.326491 4.34
2.351723 4.34
2.367723 4.34
2.392847 4.34
2.403722 4.34
2.439251 4.34
2.455251 4.34
2.480722 4.34
2.496597 4.34
2.521987 4.34
2.532984 4.68
2.563625 4.68
2.579854 4.68
2.610352 4.68
2.621141 4.68
2.651601 4.68
2.663975 4.68
2.692849 4.68
2.703599 4.68
2.734251 4.34
2.746599 4.68
2.775616 4.68
2.787974 4.34
2.816724 4.68
2.827599 4.34
2.857724 4.34
2.868600 4.68
2.898724 4.68
2.909600 4.68
2.939724 4.68
2.950600 4.68
2.980725 4.68
2.991600 4.68
3.021725 4.68
3.032600 4.68
3.062726 4.34
3.073601 4.68
3.103726 4.68
3.114601 4.68
3.144726 4.68
3.155601 4.68
3.185726 4.68
3.196601 4.68
3.226727 4.68
3.237602 4.68
3.272852 4.68
3.283727 4.68
3.319103 4.68
3.335103 4.68
3.360620 4.68
3.376619 4.68
3.401728 4.68
3.412620 4.68
3.442728 4.68
3.453603 4.68
3.483729 4.68
3.494604 4.68
3.524857 4.68
3.535729 4.68
3.571106 4.68
3.587105 4.68
3.612622 4.68
3.628621 4.68
3.653855 4.68
3.664730 4.68
3.700107 4.68
3.716110 4.68
3.741623 4.68
3.757621 4.34
3.782606 4.68
3.798731 4.68
3.823607 4.68
3.839606 4.68
3.864606 4.68
3.880606 4.68
3.905606 4.68
3.921607 4.68
3.946607 4.68
3.962607 4.68
3.987607 4.68
4.003623 4.68
4.028607 4.68
4.044626 4.68
4.069608 4.68
4.085733 4.68
4.110608 4.68
4.126625 4.68
4.151607 4.68
4.167623 4.68
4.192609 4.68
4.208625 4.68
4.233609 4.68
4.249609 4.68
4.274609 4.68
4.290610 4.68
4.315610 4.68
4.331628 4.68
4.356610 4.68
4.372735 4.68
4.397610 4.68
4.413611 4.68
4.438610 4.68
4.454610 4.68
4.479611 4.68
4.495611 4.68
4.520611 4.68
4.536628 4.68
4.561612 4.68
4.577612 4.68
4.602612 4.68
4.618626 4.68
4.643611 4.68
4.659737 4.68
4.684612 4.68
4.700612 4.68
4.725612 4.68
4.741613 4.68
4.766613 4.68
4.782613 4.68
4.807613 4.68
4.823613 4.68
4.848614 4.34
4.864614 4.68
4.889614 4.68
4.905631 4.68
4.930614 4.68
4.946739 4.34
4.971614 4.34
4.987614 4.34
5.012614 4.68
5.028615 4.68
5.053615 4.34
5.069615 4.68
5.094615 4.34
5.110616 4.68
5.135616 4.68
5.151615 4.68
5.176616 4.68
5.192631 4.68
5.217616 4.68
5.233616 4.34
5.258616 4.34
5.274616 4.68
5.299617 4.34
5.315617 4.68
5.340617 4.68
5.356617 4.68
5.381617 4.68
5.397617 4.68
5.422617 4.68
5.438618 4.68
5.463618 4.34
5.479633 4.68
5.504634 4.68
5.520743 4.68
5.545618 4.34
5.561618 4.34
5.586619 4.68
5.602619 4.68
5.627619 4.68
5.643619 4.68
5.668620 4.68
5.684619 4.68
5.709619 4.68
5.725620 4.68
5.750619 4.68
5.766637 4.68
5.791620 4.68
5.807745 4.68
5.832620 4.68
5.848621 4.68
5.873621 4.68
5.884388 4.68
5.914621 4.68
5.925386 4.68
5.955622 4.34
5.966386 4.68
5.996622 4.68
6.007388 4.68
6.037622 4.68
6.048387 4.68
6.078622 4.68
6.089388 4.68
6.119622 4.68
6.130387 4.68
6.160623 4.68
6.171389 4.68
6.201623 4.68
6.212388 4.68
6.242748 4.68
6.253624 4.68
6.288999 4.68
6.299874 4.68
6.330402 4.68
6.341249 4.34
6.371749 4.68
6.382624 4.68
6.417999 4.68
6.428750 4.68
6.459403 4.68
6.470250 4.68
6.500625 4.68
6.511393 4.68
6.541626 4.68
6.552393 4.68
6.582751 4.34
6.593626 4.68
6.629001 4.68
6.639751 4.68
6.670251 4.68
6.681001 4.68
6.711643 4.68
6.727644 4.68
6.752752 4.68
6.763627 4.68
6.799002 4.68
6.809752 4.68
6.840407 4.68
6.851270 4.68
6.881628 4.34
6.892393 4.68
6.922753 4.68
6.933628 4.34
6.969003 4.68
6.979754 4.34
7.010406 4.34
7.021271 4.68
7.051754 4.34
7.062629 4.68
7.098004 4.34
7.108879 4.68
7.139409 4.34
7.150130 4.34
7.180755 4.34
7.191630 4.34
7.227005 4.34
7.237755 4.34
7.268408 4.34
7.281006 4.34
7.309756 4.34
7.320631 4.34
7.356006 4.68
7.366881 4.34
7.397410 4.68
7.409881 4.34
7.438757 4.68
7.449632 4.34
7.485007 4.34
7.495882 4.34
7.526284 4.34
7.537007 4.34
7.567651 4.34
7.583649 4.34
7.614008 4.34
7.630008 4.34
7.655524 4.34
7.671649 4.34
7.696650 4.34
7.712651 4.34
7.737759 4.34
7.748634 4.34
7.784009 4.34
7.794759 4.34
7.825415 4.34
7.837884 4.34
7.866760 4.34
7.877652 4.34
7.913010 4.34
7.925511 4.34
7.954415 4.34
7.967010 4.34
7.995636 4.34
8.006526 4.34
8.036761 4.34
8.047636 4.34
8.083011 4.34
8.095513 4.34
8.124414 4.34
8.137011 4.34
8.165762 4.34
8.176655 4.34
8.212012 4.34
8.228012 4.34
8.253418 4.34
8.265888 4.34
8.294763 4.34
8.305657 4.34
8.341013 4.68
8.353389 4.68
8.382528 4.68
8.398405 4.68
8.423656 4.68
8.434531 4.68
8.470014 4.34
8.486014 4.68
8.511418 4.34
8.527532 4.34
8.552765 4.34
8.563657 4.34
8.599015 4.34
8.615015 4.34
8.640533 4.34
8.656408 4.34
8.681658 4.68
8.692408 4.34
8.722641 4.34
8.733408 4.68
8.763766 4.34
8.774641 4.68
8.810016 4.68
8.825891 4.68
8.851419 4.68
8.867293 4.34
8.892642 4.68
8.903410 4.34
8.933642 4.68
8.944408 4.68
8.974768 4.68
8.985643 4.68
9.021018 4.34
9.036893 4.68
9.062536 4.68
9.078535 4.68
9.103662 4.68
9.114536 4.34
9.150019 4.68
9.166019 4.68
9.191424 4.68
9.207424 4.68
9.232770 4.68
9.243660 4.34
9.279020 4.34
9.294895 4.34
9.320422 4.34
9.336300 4.34
9.361645 4.68
9.372413 4.68
9.402646 4.68
9.413413 4.34
9.443771 4.68
9.454646 4.68
9.490022 4.34
9.505896 4.34
9.531426 4.68
9.547663 4.34
9.572647 4.68
9.583413 4.68
9.613772 4.68
9.624648 4.68
9.660023 4.34
9.675898 4.34
9.701427 4.68
9.717290 4.68
9.742648 4.34
9.753418 4.68
9.783773 4.68
9.794649 4.68
9.830024 4.34
9.846024 4.34
9.871426 4.34
9.887289 4.68
9.912775 4.34
9.923650 4.68
9.959025 4.68
9.974899 4.34
10.000304 4.34
10.011152 4.68
10.041668 4.68
10.052418 4.68
10.088025 4.68
10.103901 4.68
10.129430 4.34
10.145430 4.68
10.172402 4.68
10.183306 4.34
10.213670 4.34
10.224418 4.34
10.256403 4.34
10.267306 4.34
10.297670 4.34
10.308419 4.68
10.340403 4.34
10.351305 4.34
10.381668 4.68
10.392420 4.68
10.424404 4.68
10.435307 4.68
10.465672 4.34
10.476545 4.34
10.508405 4.68
10.519308 4.34
10.551432 4.34
10.562181 4.68
10.594434 4.68
10.605308 4.68
10.637435 4.34
10.648307 4.34
10.680434 4.68
10.691309 4.68
10.723435 4.34
10.734186 4.34
10.769905 4.34
10.782435 4.34
10.811031 4.34
10.821906 4.34
10.852549 4.34
10.863549 4.34
10.895424 4.34
10.906172 4.34
10.942032 4.34
10.958032 4.68
10.983311 4.34
10.995907 4.34
11.024675 4.34
11.035426 4.68
11.065907 4.68
11.078284 4.34
11.107159 4.34
11.118034 4.34
11.148436 4.34
11.164437 4.34
11.194909 4.34
11.207284 4.34
11.239312 4.68
11.255424 4.34
11.280677 4.34
11.291425 4.34
11.321910 4.34
11.334285 4.34
11.363189 4.34
11.374035 4.68
11.404675 4.68
11.415550 4.68
11.451036 4.68
11.461910 4.34
11.492552 4.68
11.503303 4.34
11.539036 4.34
11.550036 4.34
11.580554 4.34
11.591554 4.68
11.626787 4.34
11.637676 4.34
11.667912 4.34
11.683912 4.68
11.709193 4.34
11.720037 4.34
11.750679 4.34
11.761553 4.34
11.791913 4.68
11.807788 4.68
11.833038 4.34
11.843913 4.68
11.874443 4.68
11.885165 4.34
11.920914 4.68
11.937039 4.68
11.962166 4.34
11.973039 4.68
12.003440 4.68
12.014318 4.68
12.050039 4.68
12.060790 4.34
12.091557 4.34
12.102307 4.34
12.137915 4.34
12.154040 4.34
12.179167 4.68
12.190041 4.68
12.220445 4.68
12.231320 4.68
12.266916 4.34
12.282916 4.34
12.308320 4.34
12.324306 4.68
12.349684 4.34
12.360432 4.68
12.396042 4.68
12.406792 4.34
12.437321 4.68
12.453322 4.68
12.478685 4.34
12.489434 4.68
12.519918 4.34
12.536043 4.34
12.561043 4.34
12.571918 4.68
12.602445 4.34
12.613320 4.68
12.648919 4.68
12.665044 4.34
12.690170 4.68
12.701044 4.68
12.731446 4.68
12.742170 4.34
12.777920 4.34
12.793795 4.68
12.819170 4.34
12.830045 4.68
12.860449 4.34
12.871171 4.68
12.907046 4.34
12.917921 4.34
12.948450 4.34
12.959326 4.34
12.994796 4.34
13.005671 4.34
13.035922 4.68
13.051797 4.34
13.080173 4.34
13.091047 4.68
13.121690 4.34
13.132439 4.68
13.162922 4.34
13.178922 4.34
13.204173 4.34
13.215048 4.68
13.245328 4.34
13.261174 4.34
13.288300 4.34
13.299174 4.68
13.329691 4.34
13.340440 4.68
13.375799 4.34
13.386674 4.68
13.416924 4.34
13.432800 4.34
13.458204 4.68
13.470675 4.34
13.501318 4.34
13.512176 4.68
13.547925 4.68
13.564050 4.68
13.589176 4.34
13.600051 4.68
13.630454 4.34
13.641329 4.34
13.677052 4.34
13.701569 4.34
13.712454 4.34
13.747927 4.34
13.763927 4.34
13.789177 4.34
13.799927 4.68
13.830570 4.68
13.841318 4.34
13.877052 4.34
13.887803 4.68
13.918456 4.68
13.929332 4.68
13.964928 4.68
13.980928 4.68
14.006179 4.68
14.018679 4.68
14.047446 4.68
14.058334 4.68
14.094054 4.34
14.104929 4.68
14.135459 4.34
14.146333 4.68
14.182055 4.68
14.192805 4.34
14.223446 4.34
14.234332 4.34
14.270056 4.34
14.280805 4.68
14.311457 4.68
14.322181 4.68
14.352806 4.68
14.368807 4.68
14.393931 4.68
14.410056 4.68
14.438335 4.68
14.454447 4.68
14.484808 4.68
14.497212 4.68
14.525932 4.68
14.536808 4.68
14.567183 4.68
14.579682 4.68
14.608451 4.34
14.619337 4.68
14.649808 4.34
14.665809 4.68
14.690934 4.68
14.701684 4.68
14.732339 4.68
14.743184 4.68
14.778810 4.68
14.794809 4.68
14.819935 4.68
14.830810 4.68
14.861339 4.68
14.872185 4.68
14.907810 4.68
14.923810 4.68
14.948936 4.68
14.959685 4.68
14.990186 4.68
15.006069 4.34
15.031463 4.68
15.042187 4.68
15.072811 4.68
15.088812 4.68
15.113937 4.68
15.124687 4.34
15.155215 4.68
15.171216 4.68
15.201937 4.68
15.212687 4.68
15.243216 4.68
15.259342 4.68
15.289938 4.68
15.300688 4.68
15.331218 4.68
15.347342 4.68
15.377938 4.68
15.388814 4.68
15.419342 4.68
15.430216 4.68
15.465939 4.68
15.476689 4.68
15.507216 4.68
15.523343 4.68
15.553939 4.68
15.564815 4.68
15.595344 4.68
15.606219 4.68
15.641815 4.68
15.657940 4.68
15.682940 4.68
15.693816 4.68
15.724220 4.68
15.740345 4.68
15.770941 4.68
15.781817 4.68
15.812342 4.68
15.823070 4.68
15.858942 4.68
15.869817 4.68
15.900344 4.68
15.911071 4.68
15.946942 4.68
15.957693 4.34
15.988346 4.68
15.999222 4.68
16.034943 4.34
16.045818 4.68
16.076346 4.68
16.087222 4.68
16.122944 4.34
16.133694 4.68
16.164347 4.68
16.175224 4.68
16.210944 4.68
16.221820 4.68
16.252348 4.68
16.263076 4.68
16.298945 4.34
16.309820 4.68
16.340350 4.68
16.351225 4.68
16.386946 4.68
16.397821 4.34
16.428349 4.34
16.439225 4.68
16.474946 4.68
16.485697 4.68
16.516075 4.68
16.526947 4.68
16.559225 4.34
16.570074 4.68
16.602228 4.68
16.613075 4.34
16.648948 4.34
16.659823 4.68
16.690352 4.68
16.701075 4.34
16.736948 4.68
16.747699 4.68
16.778228 4.68
16.794226 4.68
16.824949 4.34
16.835699 4.68
16.866074 4.68
16.878590 4.68
16.909105 4.68
16.919950 4.68
16.950353 4.68
16.961227 4.68
16.996950 4.68
17.007825 4.68
17.038229 4.34
17.054354 4.68
17.084950 4.68
17.095701 4.68
17.126231 4.68
17.142355 4.34
17.167701 4.68
17.180077 4.34
17.208827 4.68
17.219702 4.68
17.249952 4.68
17.260827 4.34
17.291231 4.68
17.302078 4.68
17.332703 4.34
17.348827 4.68
17.373703 4.68
17.386108 4.68
17.414828 4.68
17.425597 4.34
17.455953 4.68
17.466828 4.68
17.497357 4.68
17.508080 4.68
17.538705 4.68
17.554829 4.68
17.579704 4.68
17.595829 4.68
17.620705 4.68
17.636830 4.68
17.661830 4.68
17.672705 4.68
17.702955 4.34
17.713705 4.68
17.744357 4.34
17.755082 4.68
17.785600 4.34
17.796348 4.34
17.826831 4.34
17.837706 4.68
17.867956 4.34
17.878706 4.34
17.909083 4.68
17.925236 4.34
17.955832 4.34
17.966707 4.34
17.996957 4.68
18.007832 4.34
18.038359 4.68
18.049084 4.68
18.079708 4.68
18.095833 4.34
18.120833 4.68
18.131583 4.34
18.162360 4.34
18.173236 4.68
18.203602 4.68
18.214353 4.68
18.244709 4.68
18.260834 4.34
18.285834 4.68
18.296709 4.68
18.326959 4.68
18.337835 4.68
18.368236 4.68
18.378960 4.68
18.414836 4.68
18.425586 4.68
18.456087 4.34
18.472239 4.68
18.502836 4.68
18.513711 4.68
18.543961 4.68
18.554836 4.68
18.585366 4.34
18.596240 4.68
18.626712 4.68
18.642837 4.34
18.667712 4.34
18.683837 4.68
18.708837 4.34
18.719712 4.68
18.749962 4.68
18.760713 4.68
18.791367 4.68
18.802240 4.68
18.832713 4.68
18.848713 4.68
18.873713 4.68
18.889839 4.68
18.914839 4.34
18.925714 4.68
18.955964 4.68
18.966714 4.34
18.997370 4.34
19.008243 4.68
19.038590 4.68
19.049355 4.34
19.079715 4.68
19.095715 4.68
19.120715 4.68
19.136841 4.68
19.161840 4.68
19.172716 4.68
19.202966 4.34
19.213841 4.68
19.244243 4.68
19.254966 4.68
19.290842 4.68
19.301717 4.68
19.331967 4.68
19.344606 4.68
19.373243 4.68
19.383967 4.68
19.419842 4.68
19.430593 4.34
19.460967 4.68
19.473609 4.68
19.502246 4.68
19.513121 4.68
19.543718 4.68
19.559844 4.68
19.584844 4.68
19.595719 4.68
19.625969 4.34
19.638363 4.68
19.667249 4.68
19.678096 4.68
19.708720 4.34
19.724844 4.68
19.749720 4.68
19.765845 4.34
19.790720 4.34
19.806845 4.34
19.831846 4.34
19.842721 4.34
19.872971 4.68
19.885362 4.68
19.914251 4.68
19.924971 4.34
19.960846 4.68
19.971721 4.34
20.001971 4.68
20.014365 4.34
20.043250 4.68
20.054098 4.34
20.084722 4.68
20.095614 4.68
20.125722 4.68
20.136597 4.68
20.166723 4.68
20.177615 4.34
20.207848 4.68
20.218723 4.68
20.248973 4.68
20.261366 4.68
20.290252 4.68
20.301100 4.34
20.331724 4.68
20.342614 4.34
20.372724 4.68
20.383599 4.34
20.413724 4.68
20.424599 4.68
20.454725 4.68
20.465600 4.34
20.495725 4.68
20.506600 4.34
20.536726 4.68
20.547601 4.68
20.577726 4.68
20.588601 4.68
20.618725 4.68
20.629601 4.68
20.659726 4.68
20.670601 4.34
20.700726 4.68
20.711602 4.34
20.741727 4.68
20.752602 4.68
20.782852 4.34
20.793602 4.68
20.823977 4.34
20.839977 4.34
20.870621 4.68
20.886618 4.68
20.911728 4.68
20.922603 4.68
20.952728 4.34
20.963604 4.68
20.993729 4.68
21.004604 4.68
21.034854 4.68
21.045729 4.68
21.075979 4.68
21.091979 4.68
21.117258 4.68
21.128106 4.68
21.158729 4.68
21.169605 4.68
21.199730 4.68
21.210605 4.34
21.240730 4.68
21.251606 4.68
21.281855 4.68
21.292731 4.68
21.323107 4.68
21.333981 4.68
21.369857 4.34
21.380732 4.34
21.410982 4.68
21.426982 4.68
21.452260 4.34
21.463108 4.68
21.493625 4.68
21.509624 4.34
21.534858 4.68
21.545732 4.34
21.575983 4.34
21.591983 4.34
21.622625 4.34
21.638626 4.34
21.663733 4.34
21.674609 4.68
21.704734 4.68
21.715609 4.68
21.745734 4.68
21.756609 4.68
21.786734 4.34
21.797609 4.68
21.827734 4.68
21.838610 4.68
21.868735 4.68
21.879611 4.68
21.909735 4.68
21.920610 4.68
21.950735 4.68
21.961501 4.34
21.991736 4.68
22.002503 4.34
22.032736 4.68
22.043612 4.68
22.073736 4.68
22.084611 4.34
22.114737 4.34
22.125612 4.34
22.155737 4.34
22.166627 4.34
22.196737 4.68
22.207613 4.34
22.237738 4.34
22.248506 4.68
22.278738 4.68
22.289613 4.68
22.319738 4.68
22.330614 4.68
22.360738 4.68
22.371614 4.68
22.401738 4.68
22.412614 4.68
22.442739 4.68
22.453614 4.68
22.483739 4.68
22.494614 4.34
22.524740 4.68
22.535632 4.68
22.565740 4.68
22.576615 4.68
22.606740 4.68
22.617615 4.68
22.647740 4.34
22.658509 4.34
22.688740 4.34
22.699616 4.68
22.729741 4.68
22.740616 4.68
22.770741 4.68
22.781617 4.68
22.811742 4.68
22.822617 4.68
22.852742 4.68
22.863617 4.68
22.893743 4.68
22.904617 4.68
22.934742 4.68
22.945617 4.68
22.975743 4.68
22.986618 4.34
23.016743 4.68
23.027618 4.68
23.057743 4.68
23.068619 4.68
23.098744 4.68
23.109619 4.68
23.139743 4.68
23.150619 4.68
23.180744 4.68
23.191619 4.68
23.221744 4.68
23.232620 4.68
23.262745 4.68
23.278620 4.68
23.303745 4.68
23.314620 4.68
23.344746 4.68
23.355621 4.68
23.385746 4.68
23.396621 4.68
23.426745 4.34
23.437621 4.68
23.467746 4.68
23.478621 4.68
23.508746 4.68
23.519514 4.68
23.549747 4.34
23.560622 4.68
23.590747 4.68
23.601622 4.34
23.631748 4.68
23.642623 4.34
23.672748 4.68
23.683623 4.34
23.713873 4.68
23.729748 4.34
23.755125 4.68
23.765998 4.34
23.796639 4.34
23.807389 4.34
23.837873 4.68
23.853749 4.68
23.879126 4.68
23.889999 4.68
23.920641 4.68
23.931393 4.68
23.961750 4.68
23.972625 4.68
24.002875 4.68
24.018750 4.34
24.044127 4.34
24.055001 4.34
24.085405 4.68
24.101403 4.68
24.126626 4.68
24.137394 4.68
24.167752 4.34
24.178626 4.68
24.208876 4.34
24.224752 4.68
24.250128 4.68
24.261002 4.68
24.291644 4.68
24.302394 4.68
24.332752 4.68
24.343628 4.68
24.373878 4.68
24.389878 4.68
24.415129 4.68
24.426003 4.68
24.456645 4.68
24.467396 4.68
24.497879 4.68
24.513879 4.68
24.539130 4.68
24.550004 4.68
24.580647 4.34
24.591394 4.34
24.621879 4.68
24.637755 4.68
24.663130 4.34
24.674005 4.68
24.704648 4.68
24.715397 4.34
24.745630 4.68
24.756401 4.68
24.786756 4.68
24.797631 4.34
24.827882 4.68
24.843881 4.68
24.870890 4.68
24.881756 4.68
24.912132 4.68
24.923006 4.34
24.953650 4.68
24.964397 4.68
24.994882 4.68
25.010882 4.68
25.036134 4.68
25.047008 4.68
25.077650 4.68
25.088401 4.34
25.118883 4.68
25.134758 4.34
25.161892 4.68
25.172634 4.68
25.203009 4.34
25.213759 4.68
25.249526 4.68
25.265527 4.34
25.290760 4.68
25.303135 4.34
25.331884 4.68
25.347885 4.34
25.374769 4.68
25.385652 4.68
25.415885 4.68
25.431885 4.68
25.458770 4.68
25.469652 4.68
25.499886 4.34
25.510761 4.68
25.546289 4.68
25.558785 4.68
25.587761 4.68
25.600138 4.68
25.629012 4.34
25.639762 4.68
25.670416 4.68
25.686527 4.68
25.711763 4.68
25.724139 4.68
25.752888 4.34
25.763763 4.68
25.799292 4.68
25.815280 4.68
25.840657 4.68
25.851405 4.34
25.881888 4.34
25.892639 4.68
25.928294 4.34
25.944282 4.68
25.969655 4.34
25.980405 4.68
26.010889 4.34
26.021764 4.68
26.057283 4.34
26.073282 4.34
26.098658 4.68
26.109406 4.34
26.139891 4.34
26.150766 4.34
26.186408 4.34
26.202283 4.68
26.227642 4.68
26.238406 4.68
26.268641 4.34
26.279408 4.34
26.309767 4.34
26.325642 4.68
26.350892 4.68
26.361642 4.68
26.397294 4.68
26.408017 4.68
26.438659 4.34
26.449410 4.68
26.479893 4.68
26.490643 4.68
26.526295 4.68
26.537018 4.34
26.567658 4.34
26.578408 4.68
26.608894 4.68
26.619769 4.34
26.655284 4.68
26.671286 4.34
26.696661 4.34
26.707412 4.68
26.737894 4.34
26.748645 4.68
26.784297 4.68
26.795020 4.34
26.825661 4.34
26.836413 4.68
26.866895 4.68
26.877646 4.68
26.913300 4.34
26.929289 4.34
26.954663 4.34
26.965413 4.68
26.995897 4.34
27.006647 4.68
27.037022 4.34
27.047772 4.68
27.078425 4.34
27.094540 4.34
27.119772 4.68
27.135648 4.34
27.160897 4.68
27.171648 4.68
27.207290 4.34
27.223290 4.34
27.248667 4.68
27.259415 4.68
27.289899 4.34
27.300774 4.68
27.331024 4.68
27.341773 4.68
27.372429 4.34
27.388541 4.34
27.413774 4.34
27.429775 4.68
27.454900 4.68
27.465650 4.68
27.501290 4.68
27.512026 4.34
27.542775 4.34
27.558651 4.68
27.583900 4.68
27.594776 4.68
27.626778 4.68
27.637668 4.68
27.667901 4.68
27.678651 4.34
27.709027 4.68
27.719776 4.68
27.750430 4.68
27.761304 4.34
27.791653 4.68
27.804154 4.68
27.832778 4.68
27.848778 4.34
27.873903 4.34
27.884778 4.68
27.920308 4.68
27.936295 4.34
27.961670 4.68
27.974170 4.68
28.002904 4.34
28.013779 4.68
28.049309 4.34
28.065297 4.68
28.090671 4.68
28.103029 4.68
28.137156 4.34
28.149683 4.68
28.178671 4.68
28.191030 4.68
28.219905 4.68
28.230655 4.68
28.266307 4.68
28.278674 4.34
28.307671 4.68
28.320031 4.68
28.348782 4.68
28.364656 4.68
28.389907 4.68
28.400782 4.34
28.436308 4.68
28.452175 4.68
28.477782 4.34
28.493658 4.68
28.518907 4.68
28.529782 4.34
28.565309 4.34
28.581300 4.68
28.606676 4.68
28.622676 4.34
28.647783 4.68
28.663658 4.68
28.688908 4.68
28.699659 4.68
28.735313 4.68
28.751300 4.68
28.776676 4.34
28.792677 4.68
28.817660 4.68
28.833660 4.34
28.858660 4.34
28.874660 4.34
28.899785 4.68
28.915660 4.68
28.940910 4.34
28.951786 4.34
28.987314 4.34
29.003302 4.68
29.028677 4.34
29.044676 4.34
29.069786 4.34
29.085661 4.34
29.110912 4.68
29.121662 4.68
29.157316 4.68
29.173305 4.68
29.198678 4.34
29.214679 4.34
29.239912 4.68
29.250663 4.68
29.286303 4.68
29.302164 4.68
29.327788 4.34
29.343663 4.34
29.368913 4.34
29.379663 4.68
29.415180 4.68
29.431165 4.34
29.456679 4.34
29.472679 4.34
29.498039 4.34
29.508790 4.34
29.539441 4.34
29.550166 4.68
29.580790 4.34
29.596665 4.68
29.621915 4.68
29.632790 4.68
29.668317 4.68
29.684308 4.68
29.709683 4.68
29.725684 4.34
29.750916 4.34
29.761791 4.68
29.797321 4.68
29.813308 4.34
29.838684 4.34
29.854667 4.34
29.879792 4.34
29.895668 4.34
29.920917 4.68
29.931667 4.68
29.967319 4.34
29.983169 4.34
30.008447 4.34
30.019170 4.34
30.049668 4.34
30.065668 4.68
30.090794 4.34
30.106669 4.34
30.133671 4.34
30.144435 4.34
30.174919 4.34
30.185669 4.68
30.221323 4.68
30.237310 4.68
30.262684 4.34
30.278670 4.68
30.305671 4.68
30.316448 4.68
30.346796 4.68
30.362796 4.34
30.389671 4.68
30.400562 4.34
30.430796 4.34
30.446796 4.68
30.473701 4.34
30.484564 4.34
30.516702 4.34
30.527562 4.68
30.559702 4.68
30.570563 4.34
30.602702 4.34
30.613565 4.68
30.645700 4.68
30.656563 4.68
30.688701 4.68
30.699438 4.68
30.731704 4.68
30.742565 4.68
30.774701 4.68
30.785564 4.68
30.817705 4.68
30.828567 4.34
30.860705 4.68
30.871567 4.68
30.903702 4.34
30.914566 4.34
30.946580 4.68
30.957564 4.68
30.987800 4.34
30.998567 4.68
31.030579 4.34
31.041329 4.68
31.071801 4.68
31.082566 4.34
31.118051 4.34
31.128801 4.34
31.159328 4.34
31.170051 4.34
31.200568 4.34
31.212927 4.34
31.241802 4.68
31.252569 4.68
31.288052 4.68
31.298802 4.34
31.329568 4.34
31.345569 4.34
31.370576 4.68
31.386444 4.34
31.411569 4.68
31.427444 4.34
31.452570 4.34
31.468446 4.34
31.493804 4.68
31.504569 4.68
31.540054 4.68
31.550804 4.34
31.581448 4.68
31.592332 4.34
31.622805 4.34
31.633573 4.68
31.669055 4.68
31.679930 4.34
31.710447 4.68
31.721181 4.34
31.751805 4.34
31.762572 4.34
31.798056 4.34
31.808806 4.34
31.839460 4.34
31.850333 4.34
31.880806 4.34
31.891571 4.34
31.927056 4.68
31.937807 4.68
31.968451 4.68
31.979335 4.68
32.009682 4.68
32.020450 4.68
32.050683 4.34
32.061450 4.34
32.091808 4.68
32.102574 4.34
32.138065 4.34
32.148808 4.34
32.179462 4.34
32.190338 4.34
32.220809 4.34
32.231574 4.34
32.267065 4.34
32.277934 4.34
32.308464 4.34
32.319338 4.34
32.349685 4.34
32.360450 4.34
32.390810 4.34
32.401576 4.34
32.437069 4.34
32.461575 4.34
32.491068 4.34
32.501811 4.34
32.532338 4.34
32.543069 4.34
32.573578 4.34
32.603069 4.68
32.613936 4.34
32.644341 4.34
32.655215 4.34
32.685687 4.34
32.701812 4.34
32.726688 4.34
32.737453 4.34
32.767688 4.34
32.778454 4.34
32.808688 4.34
32.819456 4.34
32.849688 4.34
32.860581 4.34
32.890814 4.34
32.901583 4.68
32.937068 4.34
32.953069 4.34
32.978581 4.34
32.994581 4.34
33.019815 4.34
33.030579 4.34
33.066068 4.34
33.082067 4.34
33.107581 4.34
33.123582 4.34
33.148691 4.34
33.164691 4.34
33.189691 4.34
33.200584 4.34
33.230816 4.34
33.241584 4.34
33.277070 4.34
33.301584 4.34
33.331070 4.34
33.347070 4.34
33.372221 4.68
33.383069 4.34
33.413692 4.34
33.424585 4.34
33.454693 4.34
33.465584 4.34
33.501071 4.34
33.525710 4.34
33.536585 4.34
33.572072 4.34
33.588073 4.34
33.613585 4.34
33.629585 4.34
33.654694 4.34
33.665587 4.34
33.695694 4.34
33.706587 4.34
33.736820 4.34
33.747584 4.34
33.783075 4.34
33.799075 4.34
33.824588 4.68
33.840588 4.68
33.865821 4.34
33.876587 4.68
33.912075 4.68
33.928077 4.68
33.953351 4.68
33.964075 4.68
33.994697 4.68
34.005587 4.68
34.035697 4.68
34.046587 4.68
34.076822 4.68
34.087589 4.68
34.123075 4.68
34.139075 4.68
34.164226 4.34
34.175075 4.68
34.205698 4.68
34.216591 4.68
34.246698 4.68
34.257465 4.34
34.287824 4.68
34.298699 4.68
34.334078 4.68
34.345075 4.34
34.375591 4.68
34.391592 4.34
34.416700 4.68
34.427591 4.68
34.457825 4.68
34.468700 4.68
34.504079 4.34
34.520079 4.68
34.545355 4.68
34.556227 4.68
34.586701 4.68
34.597594 4.34
34.627826 4.34
34.638591 4.68
34.674080 4.34
34.690085 4.68
34.715595 4.68
34.731702 4.68
34.756702 4.68
34.767594 4.68
34.797828 4.68
34.808702 4.68
34.844079 4.68
34.860079 4.34
34.885594 4.34
34.901595 4.34
34.926703 4.34
34.937595 4.68
34.967704 4.34
34.978579 4.68
35.008829 4.34
35.019579 4.34
35.055084 4.34
35.066088 4.34
35.096233 4.68
35.107087 4.68
35.137705 4.34
35.148598 4.34
35.178706 4.68
35.189597 4.68
35.219705 4.34
35.230581 4.34
35.260705 4.34
35.271581 4.68
35.301705 4.34
35.312581 4.68
35.342831 4.68
35.353707 4.68
35.389083 4.68
35.405086 4.34
35.430596 4.34
35.446597 4.34
35.471582 4.68
35.482474 4.34
35.512600 4.34
35.523478 4.68
35.553583 4.68
35.564350 4.68
35.594583 4.68
35.605351 4.34
35.635583 4.34
35.646348 4.34
35.676584 4.34
35.687351 4.68
35.717584 4.68
35.728352 4.68
35.758584 4.68
35.769352 4.68
35.799584 4.34
35.810351 4.68
35.840710 4.68
35.851585 4.34
35.883462 4.34
35.894364 4.34
35.924710 4.68
35.935601 4.68
35.967462 4.68
35.978239 4.68
36.008711 4.68
36.019602 4.68
36.051463 4.68
36.062241 4.68
36.092605 4.68
36.103352 4.68
36.133587 4.68
36.144355 4.68
36.174712 4.68
36.185604 4.34
36.220963 4.68
36.236962 4.68
36.262478 4.68
36.278713 4.68
36.303713 4.68
36.314604 4.68
36.349963 4.34
36.362464 4.68
36.391242 4.34
36.402090 4.68
36.432714 4.68
36.443607 4.68
36.478964 4.68
36.491465 4.34
36.520369 4.34
36.532839 4.68
36.561715 4.68
36.572607 4.34
36.607840 4.34
36.618715 4.68
36.648965 4.34
36.661341 4.34
36.690245 4.34
36.701092 4.34
36.731716 4.34
36.742606 4.34
36.777841 4.34
36.788717 4.34
36.818966 4.34
36.831343 4.34
36.860246 4.34
36.870967 4.34
36.901609 4.68
36.912357 4.68
36.947968 4.68
36.963968 4.68
36.989369 4.68
37.005370 4.34
37.030608 4.34
37.041358 4.68
37.071593 4.68
37.082362 4.68
37.112719 4.68
37.123594 4.68
37.158844 4.68
37.169719 4.34
37.199970 4.68
37.215969 4.34
37.241246 4.68
37.251970 4.34
37.282611 4.68
37.293360 4.34
37.323720 4.34
37.334595 4.34
37.369845 4.68
37.380596 4.68
37.410971 4.34
37.426846 4.68
37.452248 4.34
37.462971 4.68
37.493612 4.68
37.504365 4.68
37.534597 4.68
37.545500 4.34
37.575722 4.34
37.586614 4.34
37.621847 4.68
37.632722 4.68
37.662972 4.34
37.678973 4.68
37.704378 4.68
37.720723 4.34
37.745616 4.34
37.756364 4.68
37.786599 4.34
37.797364 4.68
37.827724 4.68
37.838599 4.68
37.873974 4.68
37.889849 4.68
37.915379 4.34
37.931378 4.68
37.956725 4.34
37.967618 4.34
38.002850 4.68
38.013725 4.68
38.043976 4.34
38.059851 4.68
38.085380 4.68
38.101378 4.34
38.126727 4.34
38.137618 4.68
38.173103 4.34
38.183976 4.34
38.214620 4.68
38.225370 4.34
38.255727 4.68
38.266602 4.34
38.301852 4.68
38.312727 4.34
38.342978 4.68
38.358977 4.34
38.384256 4.34
38.395105 4.34
38.427354 4.34
38.438255 4.34
38.473854 4.34
38.484604 4.34
38.514979 4.34
38.530979 4.34
38.556381 4.34
38.572383 4.68
38.599356 4.34
38.610106 4.34
38.642356 4.34
38.653106 4.34
38.683623 4.34
38.694371 4.34
38.726357 4.68
38.737260 4.34
38.767622 4.34
38.778373 4.34
38.810358 4.68
38.821107 4.68
38.851624 4.34
38.862373 4.34
38.894358 4.34
38.905108 4.34
38.937358 4.68
38.948260 4.68
38.978624 4.34
38.989372 4.34
39.024857 4.34
39.037359 4.34
39.065982 4.34
39.081858 4.34
39.107262 4.34
39.119733 4.34
39.150390 4.68
39.161261 4.68
39.193389 4.68
39.204250 4.68
39.236389 4.34
39.247139 4.34
39.279388 4.34
39.290139 4.34
39.322392 4.34
39.333253 4.34
39.365390 4.34
39.376235 4.34
39.408391 4.34
39.419235 4.34
39.451264 4.34
39.461985 4.34
39.492626 4.34
39.503501 4.34
39.538861 4.34
39.551256 4.34
39.579986 4.34
39.590861 4.34
39.621237 4.34
39.633737 4.34
39.662630 4.34
39.673381 4.34
39.705239 4.34
39.715987 4.34
39.746631 4.34
39.757381 4.68
39.789239 4.34
39.799988 4.34
39.830633 4.34
39.841381 4.34
39.876739 4.34
39.887614 4.34
39.917739 4.34
39.928614 4.34
39.958739 4.34
39.969614 4.34
39.999739 4.34
40.010615 4.34
40.040740 4.34
40.051615 4.34
40.081740 4.34
40.092615 4.34
40.122740 4.34
40.133616 4.34
40.163865 4.68
40.179866 4.68
40.204991 4.68
40.215866 4.34
40.246242 4.34
40.262118 4.34
40.287635 4.68
40.298384 4.34
40.328742 4.68
40.339617 4.34
40.369742 4.34
40.380617 4.34
40.410742 4.34
40.421618 4.34
40.451742 4.34
40.462618 4.34
40.492743 4.68
40.503618 4.68
40.533743 4.68
40.544618 4.68
40.574744 4.68
40.585619 4.68
40.615744 4.68
40.626619 4.34
40.656744 4.68
40.667619 4.34
40.697744 4.68
40.708619 4.68
40.738995 4.68
40.749745 4.68
40.780245 4.68
40.796245 4.68
40.821638 4.68
40.832387 4.68
40.862746 4.68
40.873621 4.68
40.903746 4.68
40.914621 4.34
40.944746 4.68
40.955622 4.34
40.985746 4.34
40.996622 4.34
41.026747 4.34
41.037621 4.34
41.067747 4.34
41.078622 4.68
41.108747 4.34
41.119623 4.34
41.149748 4.34
41.160623 4.34
41.190873 4.68
41.206873 4.68
41.231998 4.34
41.242873 4.68
41.273403 4.34
41.284248 4.34
41.319999 4.34
41.330749 4.34
41.361402 4.68
41.372249 4.34
41.407875 4.34
41.423875 4.34
41.449125 4.34
41.459999 4.34
41.490518 4.34
41.501250 4.34
41.531643 4.68
41.542394 4.68
41.578000 4.34
41.588875 4.34
41.619404 4.34
41.630251 4.34
41.666002 4.34
41.676751 4.68
41.707403 4.68
41.718128 4.68
41.753877 4.68
41.769877 4.68
41.795129 4.68
41.806002 4.34
41.836407 4.68
41.847282 4.34
41.882878 4.34
41.898752 4.34
41.927283 4.34
41.943271 4.68
41.968646 4.34
41.979397 4.34
42.009879 4.68
42.025754 4.68
42.051130 4.34
42.063754 4.34
42.094256 4.34
42.105148 4.68
42.137256 4.34
42.148161 4.34
42.178406 4.34
42.189131 4.68
42.224880 4.68
42.240880 4.68
42.266131 4.68
42.278631 4.34
42.309132 4.34
42.320006 4.34
42.355881 4.34
42.371756 4.34
42.397161 4.34
42.413285 4.34
42.443757 4.34
42.459757 4.34
42.484882 4.34
42.501007 4.34
42.529284 4.68
42.545163 4.34
42.576007 4.34
42.587008 4.68
42.617276 4.68
42.633526 4.34
42.658759 4.68
42.674884 4.34
42.699884 4.34
42.710759 4.34
42.741166 4.68
42.757153 4.34
42.787884 4.68
42.798634 4.34
42.829009 4.34
42.839884 4.68
42.870414 4.34
42.881275 4.34
42.911760 4.68
42.924137 4.34
42.952886 4.34
42.963760 4.34
42.994138 4.68
43.010289 4.68
43.040886 4.34
43.051636 4.68
43.082138 4.34
43.094654 4.34
43.128887 4.34
43.139636 4.68
43.170139 4.34
43.186291 4.68
43.216888 4.68
43.227637 4.68
43.258139 4.68
43.274291 4.68
43.299414 4.68
43.310139 4.34
43.340763 4.68
43.356888 4.68
43.381888 4.68
43.392763 4.68
43.423140 4.68
43.439291 4.68
43.464282 4.34
43.475141 4.68
43.510890 4.68
43.521639 4.34
43.552142 4.68
43.568293 4.68
43.598890 4.34
43.609640 4.34
43.640142 4.68
43.656142 4.68
43.686891 4.34
43.697641 4.68
43.728142 4.68
43.744143 4.34
43.774892 4.68
43.785641 4.68
43.816017 4.68
43.826767 4.34
43.857420 4.34
43.873535 4.68
43.898768 4.68
43.914892 4.34
43.939892 4.34
43.950643 4.68
43.981145 4.34
43.997296 4.68
44.027893 4.68
44.038643 4.68
44.069172 4.34
44.085298 4.68
44.115894 4.34
44.126769 4.68
44.157174 4.34
44.173299 4.34
44.203895 4.34
44.214644 4.68
44.245146 4.68
44.261298 4.34
44.291895 4.68
44.302645 4.68
44.333146 4.68
44.349146 4.68
44.379896 4.34
44.390771 4.68
44.421147 4.34
44.437301 4.34
44.464150 4.68
44.475021 4.68
44.505288 4.68
44.516147 4.34
44.551897 4.34
44.562772 4.68
44.593022 4.34
44.603772 4.34
44.634426 4.34
44.645301 4.68
44.675773 4.68
44.691773 4.34
44.716898 4.68
44.727773 4.68
44.758149 4.34
44.774300 4.68
44.804899 4.34
44.815774 4.34
44.846150 4.68
44.862301 4.68
44.892899 4.68
44.903650 4.68
44.934150 4.34
44.950305 4.34
44.977154 4.34
44.988025 4.68
45.020154 4.68
45.031025 4.68
45.061305 4.34
45.072152 4.34
45.107901 4.34
45.118651 4.34
45.149152 4.34
45.165152 4.34
45.195902 4.34
45.206777 4.68
45.237027 4.34
45.249419 4.68
45.278305 4.34
45.289153 4.68
45.324902 4.34
45.335653 4.34
45.366153 4.34
45.382153 4.34
45.412903 4.68
45.423778 4.34
45.454028 4.68
45.466545 4.34
45.500671 4.68
45.513033 4.68
45.541779 4.68
45.557904 4.34
45.582904 4.34
45.593779 4.34
45.624156 4.34
45.635030 4.68
45.670672 4.34
45.683034 4.68
45.711905 4.68
45.722781 4.68
45.753157 4.68
45.764030 4.34
45.799906 4.34
45.810781 4.68
45.841157 4.68
45.852031 4.34
45.887674 4.34
45.903674 4.34
45.928907 4.68
45.939782 4.68
45.970158 4.34
45.981032 4.34
46.016907 4.68
46.027783 4.68
46.058188 4.68
46.069033 4.68
46.099676 4.34
46.115783 4.34
46.140908 4.34
46.151658 4.34
46.182034 4.34
46.198034 4.34
46.228674 4.34
46.244677 4.34
46.269909 4.34
46.280660 4.34
46.311160 4.68
46.322034 4.68
46.357785 4.34
46.368675 4.34
46.398910 4.34
46.409785 4.34
46.440188 4.34
46.451035 4.34
46.481676 4.34
46.497679 4.68
46.522911 4.68
46.533661 4.68
46.564316 4.68
46.575163 4.34
46.605677 4.34
46.621676 4.34
46.646911 4.34
46.657662 4.34
46.688164 4.34
46.699038 4.34
46.734679 4.34
46.750681 4.34
46.775913 4.34
46.786788 4.34
46.817038 4.68
46.833038 4.34
46.863682 4.68
46.879681 4.34
46.904914 4.34
46.915664 4.34
46.946039 4.34
46.962039 4.34
46.992682 4.34
47.008682 4.34
47.033914 4.34
47.044665 4.34
47.075166 4.68
47.086040 4.34
47.121682 4.34
47.137681 4.34
47.162915 4.34
47.173791 4.68
47.204041 4.34
47.220041 4.34
47.247046 4.34
47.257916 4.34
47.293684 4.34
47.309682 4.34
47.334917 4.34
47.345667 4.34
47.376169 4.34
47.387042 4.34
47.422685 4.34
47.438685 4.34
47.463918 4.34
47.476436 4.34
47.505043 4.34
47.521043 4.34
47.551685 4.34
47.567685 4.34
47.592918 4.34
47.603794 4.34
47.634170 4.34
47.645044 4.34
47.680684 4.34
47.696686 4.34
47.721919 4.68
47.732794 4.34
47.763171 4.68
47.774045 4.34
47.809688 4.34
47.825688 4.34
47.850921 4.34
47.863436 4.68
47.892172 4.68
47.903046 4.34
47.938687 4.34
47.954688 4.34
47.979921 4.34
47.992314 4.34
48.025940 4.68
48.036797 4.34
48.072797 4.34
48.083689 4.68
48.113922 4.34
48.126313 4.34
48.155202 4.68
48.166048 4.68
48.196688 4.34
48.212798 4.34
48.237924 4.34
48.250316 4.68
48.279203 4.34
48.290049 4.34
48.325799 4.34
48.336692 4.34
48.366924 4.34
48.382924 4.68
48.408049 4.34
48.418925 4.68
48.454800 4.34
48.465565 4.34
48.495925 4.68
48.508316 4.68
48.537176 4.34
48.547925 4.68
48.578455 4.68
48.589176 4.68
48.619802 4.34
48.630566 4.34
48.660927 4.34
48.676926 4.68
48.702051 4.34
48.712927 4.34
48.748695 4.34
48.759442 4.34
48.789802 4.34
48.800569 4.34
48.830927 4.34
48.846928 4.34
48.872178 4.34
48.882928 4.34
48.913444 4.34
48.929445 4.68
48.954804 4.34
48.965568 4.34
48.995928 4.34
49.011804 4.34
49.037179 4.34
49.048054 4.34
49.078445 4.34
49.089180 4.34
49.119573 4.68
49.135572 4.68
49.160697 4.34
49.171446 4.68
49.201930 4.34
49.217930 4.68
49.243055 4.34
49.253806 4.34
49.289699 4.68
49.300446 4.68
49.330931 4.34
49.346931 4.34
49.380572 4.34
49.396573 4.68
49.421682 4.68
49.432449 4.34
49.462807 4.34
49.473575 4.34
49.503932 4.68
49.519932 4.68
49.545183 4.68
49.555932 4.68
49.586449 4.68
49.597183 4.68
49.627809 4.68
49.638575 4.68
49.668933 4.68
49.684933 4.34
49.715576 4.34
49.731574 4.68
49.756809 4.34
49.767574 4.68
49.797934 4.34
49.813935 4.68
49.839185 4.34
49.849935 4.68
49.880454 4.68
49.896577 4.68
49.921810 4.68
49.932577 4.68
49.962936 4.68
49.978935 4.34
50.004186 4.34
50.014936 4.34
50.045454 4.68
50.061576 4.68
50.086812 4.68
50.097687 4.68
50.127937 4.68
50.143937 4.34
50.169215 4.34
50.180070 4.68
50.210455 4.68
50.226579 4.68
50.251812 4.68
50.262687 4.68
50.292938 4.34
50.308938 4.34
50.334218 4.68
50.345066 4.68
50.375703 4.68
50.386582 4.34
50.416939 4.68
50.432814 4.68
50.459970 4.34
50.470814 4.68
50.501580 4.68
50.517580 4.34
50.542690 4.68
50.553582 4.68
50.583690 4.34
50.594582 4.68
50.624815 4.34
50.637344 4.68
50.665940 4.34
50.681941 4.68
50.708969 4.68
50.719816 4.34
50.750583 4.34
50.766583 4.34
50.791816 4.68
50.804343 4.34
50.832942 4.68
50.848942 4.68
50.875847 4.34
50.886692 4.68
50.922584 4.68
50.938458 4.68
50.963693 4.34
50.974583 4.34
51.004693 4.34
51.015585 4.34
51.045693 4.68
51.056585 4.68
51.086819 4.34
51.099221 4.34
51.127944 4.34
51.143944 4.34
51.170848 4.68
51.181694 4.68
51.217585 4.34
51.233587 4.68
51.258820 4.68
51.271223 4.68
51.299945 4.68
51.310820 4.68
51.346347 4.68
51.357075 4.34
51.387696 4.34
51.398587 4.34
51.428821 4.68
51.444696 4.68
51.469946 4.68
51.480821 4.68
51.516591 4.68
51.527351 4.34
51.557822 4.34
51.570224 4.34
51.598947 4.68
51.609822 4.34
51.645463 4.68
51.661351 4.68
51.686823 4.68
51.702698 4.68
51.727948 4.34
51.738823 4.34
51.774592 4.68
51.785350 4.68
51.815824 4.68
51.831824 4.34
51.856949 4.68
51.867824 4.68
51.903354 4.68
51.919354 4.34
51.944700 4.68
51.955591 4.68
51.985825 4.34
52.001700 4.68
52.026950 4.34
52.037826 4.34
52.073594 4.68
52.084355 4.68
52.114702 4.68
52.125593 4.68
52.155827 4.68
52.171701 4.34
52.196952 4.34
52.207701 4.68
52.243354 4.68
52.254078 4.34
52.284702 4.68
52.295594 4.68
52.325827 4.68
52.341828 4.34
52.366953 4.34
52.377702 4.68
52.413595 4.68
52.424343 4.68
52.454829 4.68
52.470703 4.68
52.495954 4.68
52.506704 4.34
52.542359 4.34
52.558356 4.68
52.583705 4.34
52.594597 4.68
52.624705 4.68
52.635580 4.68
52.665830 4.34
52.681705 4.34
52.706955 4.68
52.717705 4.68
52.748081 4.34
52.758955 4.34
52.789597 4.34
52.800349 4.34
52.830832 4.34
52.846706 4.34
52.871956 4.34
52.882706 4.68
52.918361 4.68
52.929083 4.68
52.959599 4.68
52.970350 4.68
53.000832 4.68
53.016832 4.68
53.041957 4.68
53.052707 4.34
53.088349 4.68
53.099084 4.34
53.129708 4.34
53.140598 4.34
53.170708 4.68
53.181584 4.68
53.211709 4.68
53.224236 4.68
53.252709 4.34
53.263599 4.34
53.293834 4.34
53.309709 4.34
53.334959 4.34
53.345710 4.68
53.381352 4.68
53.397476 4.68
53.422710 4.68
53.433602 4.34
53.463711 4.68
53.476238 4.34
53.504711 4.68
53.517237 4.68
53.545711 4.68
53.558238 4.68
53.586837 4.68
53.602836 4.68
53.627962 4.68
53.638837 4.68
53.674366 4.68
53.690367 4.34
53.715712 4.34
53.728089 4.68
53.756838 4.34
53.772838 4.68
53.797963 4.68
53.808838 4.68
53.844368 4.68
53.856723 4.34
53.885714 4.34
53.898090 4.34
53.926714 4.68
53.939090 4.68
53.967714 4.68
53.980091 4.34
54.008840 4.34
54.024714 4.68
54.049965 4.68
54.060840 4.68
54.091483 4.34
54.102482 4.34
54.132840 4.68
54.148716 4.34
54.179243 4.34
54.189965 4.34
54.220608 4.34
54.231482 4.34
54.261841 4.34
54.272716 4.34
54.308246 4.34
54.320739 4.34
54.349717 4.34
54.365717 4.34
54.390842 4.34
54.401592 4.34
54.437244 4.34
54.447968 4.34
54.478855 4.34
54.494976 4.34
54.520510 4.34
54.531509 4.34
54.561973 4.34
54.572847 4.34
54.603615 4.34
54.614364 4.02
54.644970 4.34
54.655845 4.34
54.686497 4.34
54.697373 4.34
54.727720 4.34
54.743720 4.34
54.768720 4.34
54.784855 4.34
54.815603 4.34
54.826619 4.34
54.862224 4.34
54.872974 4.34
54.903616 4.34
54.914366 4.34
54.944972 4.34
54.955847 4.34
54.986375 4.34
55.002363 4.34
55.027722 4.34
55.043597 4.34
55.068722 4.34
55.084723 4.34
55.109722 4.34
55.125722 4.34
55.150722 4.34
55.166723 4.34
55.191723 4.34
55.207723 4.34
55.232723 4.34
55.248599 4.34
55.273724 4.34
55.289724 4.34
55.314724 4.34
55.330724 4.34
55.355724 4.34
55.371599 4.34
55.396724 4.34
55.412725 4.34
55.437724 4.34
55.453725 4.34
55.478725 4.34
55.494725 4.34
55.519725 4.34
55.536632 4.34
