0.000000 0.000000
0.041831 4.34
0.058123 4.34
0.083469 4.34
0.094483 4.34
0.130482 2.66
0.141458 2.66
0.172273 2.34
0.188596 2.66
0.213828 2.34
0.229951 2.66
0.254822 2.34
0.265572 2.66
0.295820 2.34
0.306571 2.34
0.336820 2.66
0.347569 2.34
0.377818 2.66
0.388568 2.34
0.424570 2.66
0.435458 2.34
0.465569 2.66
0.476461 2.66
0.506570 2.66
0.517445 2.66
0.547570 2.34
0.558445 2.34
0.588570 2.34
0.599446 2.66
0.629570 2.34
0.640445 2.66
0.670571 2.66
0.681463 2.34
0.711571 2.34
0.722446 2.66
0.752571 2.66
0.763447 2.34
0.799492 2.66
0.810487 2.34
0.842741 2.66
0.853705 2.66
0.884495 2.66
0.895495 2.66
0.927744 2.66
0.938704 2.66
0.969499 2.34
0.980588 3.67
1.012756 4.02
1.023709 4.34
1.054347 4.34
1.070580 4.34
1.095828 4.34
1.111985 4.34
1.140469 4.02
1.151343 4.34
1.181982 4.34
1.192826 4.34
1.223463 4.34
1.234342 4.02
1.264450 4.34
1.275338 4.34
1.305450 4.34
1.316341 4.34
1.346450 4.02
1.357340 4.02
1.387451 4.34
1.398339 4.34
1.428469 4.34
1.439404 4.34
1.475491 4.34
1.486467 4.34
1.522506 4.34
1.533479 4.34
1.563725 4.34
1.579711 4.34
1.604833 4.34
1.615582 4.34
1.645831 4.34
1.656581 4.34
1.686830 4.34
1.697579 4.34
1.727829 4.34
1.738579 4.34
1.768829 4.34
1.779578 4.34
1.809828 4.34
1.820578 4.34
1.850829 4.34
1.861578 4.34
1.891829 4.34
1.902579 4.34
1.932829 4.34
1.943579 4.34
1.973829 4.34
1.984579 4.34
2.014829 4.34
2.025580 4.34
2.055830 4.34
2.066580 4.34
2.096830 4.34
2.107580 4.34
2.137830 4.34
2.148580 4.34
2.178830 4.34
2.189581 4.34
2.219831 4.34
2.230581 4.34
2.260831 4.34
2.271581 4.34
2.301831 4.34
2.312582 4.34
2.342832 4.34
2.353581 4.34
2.383832 4.34
2.394582 4.34
2.424832 4.34
2.435582 4.34
2.465832 4.34
2.476583 4.34
2.506833 4.34
2.517583 4.34
2.547833 4.34
2.558583 4.34
2.588834 4.34
2.599583 4.34
2.629834 4.34
2.640584 4.34
2.670834 4.34
2.681584 4.34
2.711834 4.34
2.722584 4.34
2.752835 4.34
2.763585 4.34
2.793835 4.34
2.804585 4.34
2.834835 4.34
2.845585 4.34
2.875836 4.34
2.886586 4.34
2.916836 4.34
2.927586 4.34
2.957836 4.34
2.968586 4.34
2.998836 4.34
3.009587 4.34
3.039836 4.34
3.050587 4.34
3.080837 4.34
3.091587 4.34
3.121837 4.34
3.132587 4.34
3.162838 4.34
3.173587 4.34
3.203838 4.34
3.214588 4.34
3.244838 4.34
3.255588 4.34
3.285839 4.34
3.296589 4.34
3.326839 4.34
3.337589 4.34
3.367839 4.34
3.378589 4.34
3.408839 4.34
3.419590 4.34
3.449840 4.34
3.460589 4.34
3.490840 4.34
3.501590 4.34
3.531840 4.34
3.542590 4.34
3.572841 4.34
3.583591 4.34
3.613841 4.34
3.624591 4.34
3.654841 4.34
3.665591 4.34
3.695841 4.34
3.706591 4.34
3.736842 4.34
3.747592 4.34
3.777841 4.34
3.788592 4.34
3.820593 4.34
3.831343 4.34
3.861592 4.34
3.877468 4.34
3.902593 4.34
3.918468 4.34
3.945843 4.34
3.956593 4.34
3.988595 4.34
3.999344 4.34
4.029593 4.34
4.045469 4.34
4.070594 4.34
4.086469 4.34
4.111594 4.34
4.127469 4.34
4.152595 4.34
4.168470 4.34
4.193595 4.34
4.209470 4.34
4.234595 4.34
4.250470 4.34
4.275595 4.34
4.291471 4.34
4.316595 4.34
4.332471 4.34
4.357596 4.34
4.373471 4.34
4.398596 4.34
4.414471 4.34
4.439597 4.34
4.455471 4.34
4.480597 4.34
4.496472 4.34
4.521597 4.34
4.537472 4.34
4.562597 4.34
4.578473 4.34
4.603597 4.34
4.619473 4.34
4.644598 4.34
4.660473 4.34
4.685598 4.34
4.701473 4.34
4.726599 4.34
4.742473 4.34
4.767599 4.34
4.783474 4.34
4.808599 4.34
4.824474 4.34
4.849599 4.34
4.865475 4.34
4.890600 4.34
4.906475 4.34
4.931600 4.34
4.947475 4.34
4.972600 4.34
4.988476 4.34
5.013600 4.34
5.029476 4.34
5.054601 4.34
5.070476 4.34
5.095601 4.34
5.111476 4.34
5.136601 4.34
5.152477 4.34
5.177602 4.34
5.193477 4.34
5.218602 4.34
5.229352 4.34
5.259602 4.34
5.270353 4.34
5.300603 4.34
5.311353 4.34
5.341602 4.34
5.352353 4.34
5.382603 4.34
5.393353 4.34
5.423603 4.34
5.434354 4.34
5.464604 4.34
5.475354 4.34
5.505604 4.34
5.516354 4.34
5.546604 4.34
5.557354 4.34
5.587605 4.34
5.598355 4.34
5.628605 4.34
5.639355 4.34
5.669605 4.34
5.680356 4.34
5.710605 4.34
5.721356 4.34
5.751606 4.34
5.762356 4.34
5.792606 4.34
5.803357 4.34
5.833606 4.34
5.844357 4.34
5.874607 4.34
5.885357 4.34
5.915607 4.34
5.926357 4.34
5.956607 4.34
5.967358 4.34
5.997608 4.34
6.008358 4.34
6.038617 4.34
6.049366 4.34
6.079608 4.34
6.090358 4.34
6.120608 4.34
6.131358 4.34
6.161608 4.34
6.172359 4.34
6.202609 4.34
6.213359 4.34
6.243609 4.34
6.254360 4.34
6.284610 4.34
6.295360 4.34
6.325610 4.34
6.336360 4.34
6.366610 4.34
6.377360 4.34
6.407615 4.34
6.418365 4.34
6.448613 4.34
6.459363 4.34
6.489612 4.34
6.500362 4.34
6.530612 4.34
6.541362 4.34
6.571612 4.34
6.582362 4.34
6.612612 4.34
6.623362 4.34
6.653612 4.34
6.664362 4.34
6.694612 4.34
6.705363 4.34
6.735613 4.34
6.746363 4.34
6.776613 4.34
6.787364 4.34
6.817613 4.34
6.828364 4.34
6.858614 4.34
6.869363 4.34
6.899614 4.34
6.910364 4.34
6.940614 4.34
6.951364 4.34
6.981614 4.34
6.992365 4.34
7.022615 4.34
7.033365 4.34
7.063615 4.34
7.074365 4.34
7.104615 4.34
7.115365 4.34
7.145616 4.34
7.156366 4.34
7.186615 4.34
7.197366 4.34
7.227616 4.34
7.238366 4.34
7.268616 4.34
7.279367 4.34
7.309617 4.34
7.320367 4.34
7.350617 4.34
7.361367 4.34
7.391618 4.34
7.402367 4.34
7.432617 4.34
7.443368 4.34
7.473618 4.34
7.484368 4.34
7.514618 4.34
7.525369 4.34
7.555618 4.34
7.566369 4.34
7.596619 4.34
7.607369 4.34
7.637619 4.34
7.648369 4.34
7.678619 4.34
7.689369 4.34
7.719620 4.34
7.730370 4.34
7.760620 4.34
7.771370 4.34
7.801620 4.34
7.812370 4.34
7.842621 4.34
7.853371 4.34
7.883621 4.34
7.894371 4.34
7.924621 4.34
7.935371 4.34
7.965621 4.34
7.976371 4.34
8.006621 4.34
8.017372 4.34
8.047622 4.34
8.058372 4.34
8.088622 4.34
8.099372 4.34
8.129623 4.34
8.140373 4.34
8.170623 4.34
8.181373 4.34
8.211623 4.34
8.222373 4.34
8.252623 4.34
8.263374 4.34
8.293623 4.34
8.304374 4.34
8.334624 4.34
8.345374 4.34
8.375624 4.34
8.386374 4.34
8.416625 4.34
8.427375 4.34
8.457625 4.34
8.468375 4.34
8.498625 4.34
8.509375 4.34
8.539625 4.34
8.550376 4.34
8.580626 4.34
8.591376 4.34
8.621626 4.34
8.632376 4.34
8.662626 4.34
8.673376 4.34
8.703626 4.34
8.714376 4.34
8.744627 4.34
8.755377 4.34
8.785627 4.34
8.796377 4.34
8.826627 4.34
8.837378 4.34
8.867628 4.34
8.878378 4.34
8.908628 4.34
8.919378 4.34
8.949628 4.34
8.960379 4.34
8.990628 4.34
9.001379 4.34
9.031628 4.34
9.042379 4.34
9.072629 4.34
9.083379 4.34
9.113629 4.34
9.124380 4.34
9.154630 4.34
9.165380 4.34
9.195630 4.34
9.206380 4.34
9.236631 4.34
9.247380 4.34
9.277630 4.34
9.288381 4.34
9.318631 4.34
9.329381 4.34
9.359631 4.34
9.370382 4.34
9.400631 4.34
9.411382 4.34
9.443383 4.34
9.454132 4.34
9.484382 4.34
9.500258 4.34
9.525383 4.34
9.541258 4.34
9.566383 4.34
9.582258 4.34
9.607383 4.34
9.623258 4.34
9.648384 4.34
9.664258 4.34
9.689384 4.34
9.705259 4.34
9.730384 4.34
9.746259 4.34
9.771385 4.34
9.787260 4.34
9.812384 4.34
9.828260 4.34
9.853385 4.34
9.869260 4.34
9.894385 4.34
9.910260 4.34
9.935385 4.34
9.951260 4.34
9.976386 4.34
9.992261 4.34
10.017386 4.34
10.033261 4.34
10.058386 4.34
10.074261 4.34
10.099387 4.34
10.115261 4.34
10.140387 4.34
10.156262 4.34
10.181387 4.34
10.197262 4.34
10.222387 4.34
10.238263 4.34
10.263388 4.34
10.279263 4.34
10.304388 4.34
10.320263 4.34
10.345388 4.34
10.361264 4.34
10.386389 4.34
10.402264 4.34
10.427389 4.34
10.443264 4.34
10.468390 4.34
10.484264 4.34
10.509390 4.34
10.525265 4.34
10.550389 4.34
10.566265 4.34
10.591390 4.34
10.607265 4.34
10.632390 4.34
10.648266 4.34
10.673391 4.34
10.689266 4.34
10.714391 4.34
10.730266 4.34
10.755391 4.34
10.774266 4.34
10.791266 4.34
10.816517 4.34
10.827267 4.34
10.857517 4.34
10.868284 4.34
10.898643 4.34
10.909411 4.34
10.944901 4.34
10.960769 4.34
10.986284 4.34
11.002173 4.34
11.027645 4.34
11.038410 4.34
11.073902 4.34
11.089769 4.34
11.115299 4.34
11.131175 4.34
11.156645 4.34
11.167410 4.34
11.202902 4.34
11.218770 4.34
11.244288 4.34
11.260286 4.34
11.285646 4.34
11.296414 4.34
11.331905 4.34
11.347772 4.34
11.373175 4.34
11.383904 4.34
11.414522 4.34
11.425290 4.34
11.455647 4.34
11.466522 4.34
11.501906 4.34
11.526301 4.34
11.542175 4.34
11.567648 4.34
11.578541 4.34
11.613901 4.34
11.638417 4.34
11.667904 4.34
11.683902 4.34
11.709415 4.34
11.725417 4.34
11.750525 4.34
11.761417 4.34
11.793306 4.34
11.804054 4.34
11.834650 4.34
11.845418 4.34
11.880903 4.34
11.896904 4.34
11.922418 4.34
11.938419 4.34
11.963526 4.34
11.974416 4.34
12.004526 4.34
12.015401 4.34
12.050905 4.34
12.066905 4.34
12.092419 4.34
12.108420 4.34
12.135308 4.34
12.146180 4.34
12.178308 4.34
12.189057 4.34
12.221308 4.34
12.232182 4.34
12.264310 4.34
12.275057 4.34
12.307310 4.34
12.318183 4.34
12.350309 4.34
12.361055 4.34
12.393310 4.34
12.404182 4.34
12.436310 4.34
12.447059 4.34
12.479312 4.34
12.490184 4.34
12.522311 4.34
12.533058 4.34
12.565312 4.34
12.576184 4.34
12.611780 4.34
12.624311 4.34
12.653185 4.34
12.665656 4.34
12.694531 4.34
12.705423 4.34
12.737312 4.34
12.748183 4.34
12.783782 4.34
12.796312 4.34
12.825184 4.34
12.841187 4.34
12.866532 4.34
12.877424 4.34
12.909300 4.34
12.920059 4.34
12.955910 4.34
12.966783 4.34
12.997426 4.34
13.008188 4.34
13.043659 4.34
13.054425 4.34
13.084784 4.34
13.097177 4.34
13.126186 4.34
13.142187 4.34
13.167534 4.34
13.178427 4.34
13.213911 4.34
13.224785 4.34
13.255428 4.34
13.266188 4.34
13.301911 4.34
13.312785 4.34
13.343427 4.34
13.354189 4.34
13.389913 4.34
13.400786 4.34
13.431428 4.34
13.442178 4.34
13.477787 4.34
13.493920 4.34
13.519067 4.34
13.529913 4.34
13.560538 4.34
13.571429 4.34
13.606662 4.34
13.617427 4.34
13.647788 4.34
13.663788 4.34
13.689067 4.34
13.699788 4.34
13.730538 4.34
13.741430 4.34
13.776918 4.34
13.787915 4.34
13.818432 4.34
13.829182 4.34
13.864916 4.34
13.875789 4.34
13.906430 4.34
13.917190 4.34
13.952790 4.34
13.968916 4.34
13.994069 4.34
14.004917 4.34
14.035434 4.34
14.046184 4.34
14.081791 4.34
14.097666 4.34
14.123195 4.34
14.139541 4.34
14.164542 4.34
14.175433 4.34
14.210667 4.34
14.221417 4.34
14.251792 4.34
14.267667 4.34
14.293072 4.34
14.303919 4.34
14.334436 4.34
14.345183 4.34
14.380668 4.34
14.391418 4.34
14.421793 4.34
14.437793 4.34
14.463073 4.34
14.473793 4.34
14.504436 4.34
14.515187 4.34
14.550920 4.34
14.561794 4.34
14.592436 4.34
14.603188 4.34
14.638794 4.34
14.654794 4.34
14.680074 4.34
14.690921 4.34
14.721546 4.34
14.732436 4.34
14.767796 4.34
14.783670 4.34
14.809075 4.34
14.819922 4.34
14.852172 4.34
14.862952 4.34
14.895200 4.34
14.905925 4.34
14.938174 4.34
14.948923 4.34
14.981173 4.34
14.992076 4.34
15.022438 4.34
15.033190 4.34
15.068798 4.34
15.084673 4.34
15.110203 4.34
15.128175 4.34
15.146440 4.34
15.173175 4.34
15.184078 4.34
15.216175 4.34
15.227078 4.34
15.259176 4.34
15.269926 4.34
15.300439 4.34
15.311192 4.34
15.346675 4.34
15.359176 4.34
15.387800 4.34
15.403675 4.34
15.429087 4.34
15.441551 4.34
15.475800 4.34
15.486801 4.34
15.517317 4.34
15.528080 4.34
15.563801 4.34
15.574801 4.34
15.605080 4.34
15.617552 4.34
15.651802 4.34
15.662677 4.34
15.693319 4.34
15.704319 4.34
15.734677 4.34
15.747197 4.34
15.775803 4.34
15.786678 4.34
15.817321 4.34
15.828208 4.34
15.863803 4.34
15.879803 4.34
15.905082 4.34
15.921205 4.34
15.951804 4.34
15.967804 4.34
15.993081 4.34
16.005555 4.34
16.039804 4.34
16.055805 4.34
16.081085 4.34
16.097208 4.34
16.122447 4.34
16.133197 4.34
16.163555 4.34
16.174431 4.34
16.204556 4.34
16.215431 4.34
16.250681 4.34
16.266806 4.34
16.291806 4.34
16.302556 4.34
16.333083 4.34
16.349086 4.34
16.374448 4.34
16.385200 4.34
16.415682 4.34
16.431682 4.34
16.456807 4.34
16.467558 4.34
16.498210 4.34
16.508935 4.34
16.544808 4.34
16.555683 4.34
16.586212 4.34
16.596935 4.34
16.632809 4.34
16.643559 4.34
16.674212 4.34
16.684935 4.34
16.720809 4.34
16.731559 4.34
16.762211 4.34
16.772936 4.34
16.808810 4.34
16.819685 4.34
16.850213 4.34
16.861090 4.34
16.896811 4.34
16.907561 4.34
16.938088 4.34
16.954216 4.34
16.984811 4.34
16.995561 4.34
17.026091 4.34
17.042217 4.34
17.072812 4.34
17.083687 4.34
17.114216 4.34
17.125091 4.34
17.160813 4.34
17.171562 4.34
17.202216 4.34
17.213091 4.34
17.248563 4.34
17.259438 4.34
17.289563 4.34
17.300438 4.34
17.330564 4.34
17.341439 4.34
17.371564 4.34
17.382439 4.34
17.412564 4.34
17.423439 4.34
17.453564 4.34
17.464440 4.34
17.494690 4.34
17.510815 4.34
17.535942 4.34
17.546815 4.34
17.579098 4.34
17.589941 4.34
17.625691 4.34
17.641815 4.34
17.666816 4.34
17.677691 4.34
17.708093 4.34
17.724096 4.34
17.754692 4.34
17.770816 4.34
17.795943 4.34
17.806817 4.34
17.837458 4.34
17.848210 4.34
17.878567 4.34
17.889443 4.34
17.919568 4.34
17.930443 4.34
17.960693 4.34
17.976693 4.34
18.001818 4.34
18.012568 4.34
18.043098 4.34
18.059095 4.34
18.089694 4.34
18.105819 4.34
18.130819 4.34
18.141570 4.34
18.171945 4.34
18.182819 4.34
18.213460 4.34
18.224213 4.34
18.254570 4.34
18.265445 4.34
18.295571 4.34
18.308071 4.34
18.336571 4.34
18.347446 4.34
18.377571 4.34
18.388446 4.34
18.418571 4.34
18.431072 4.34
18.459571 4.34
18.470447 4.34
18.500572 4.34
18.513073 4.34
18.541572 4.34
18.554073 4.34
18.582573 4.34
18.593448 4.34
18.623573 4.34
18.636074 4.34
18.664573 4.34
18.676949 4.34
18.705573 4.34
18.717949 4.34
18.746573 4.34
18.758949 4.34
18.787574 4.34
18.799949 4.34
18.828574 4.34
18.840950 4.34
18.869574 4.34
18.881950 4.34
18.910575 4.34
18.926700 4.34
18.951575 4.34
18.967700 4.34
18.992575 4.34
19.008701 4.34
19.033576 4.34
19.049701 4.34
19.074576 4.34
19.090701 4.34
19.115576 4.34
19.131577 4.34
19.156576 4.34
19.172577 4.34
19.197576 4.34
19.213702 4.34
19.238577 4.34
19.254702 4.34
19.279577 4.34
19.295702 4.34
19.320578 4.34
19.336702 4.34
19.361578 4.34
19.377703 4.34
19.402579 4.34
19.418703 4.34
19.443579 4.34
19.455955 4.34
19.484578 4.34
19.500704 4.34
19.525579 4.34
19.541705 4.34
19.566579 4.34
19.582704 4.34
19.607580 4.34
19.623705 4.34
19.648580 4.34
19.664705 4.34
19.689580 4.34
19.705581 4.34
19.730581 4.34
19.746581 4.34
19.771581 4.34
19.787706 4.34
19.812581 4.34
19.828707 4.34
19.853581 4.34
19.869706 4.34
19.894582 4.34
19.910707 4.34
19.935582 4.34
19.951707 4.34
19.976707 4.34
19.987458 4.34
20.017959 4.34
20.034083 4.34
20.064708 4.34
20.075458 4.34
20.105960 4.34
20.121960 4.34
20.152709 4.34
20.163459 4.34
20.193960 4.34
20.210084 4.34
20.235238 4.34
20.246084 4.34
20.276460 4.34
20.287227 4.34
20.317585 4.34
20.333710 4.34
20.358710 4.34
20.369460 4.34
20.399962 4.34
20.416085 4.34
20.446710 4.34
20.457461 4.34
20.487963 4.34
20.504086 4.34
20.534711 4.34
20.545461 4.34
20.575963 4.34
20.591963 4.34
20.622712 4.34
20.633461 4.34
20.663964 4.34
20.680105 4.34
20.710713 4.34
20.721462 4.34
20.751964 4.34
20.767965 4.34
20.798713 4.34
20.809463 4.34
20.839965 4.34
20.856107 4.34
20.886714 4.02
20.897463 4.34
20.927839 4.34
20.938589 4.34
20.970969 4.34
20.981839 4.02
21.017715 4.34
21.028464 4.34
21.058966 4.34
21.075106 4.34
21.105715 4.34
21.116464 4.34
21.146967 4.34
21.163107 4.34
21.193716 4.34
21.204466 4.34
21.234968 4.34
21.250968 4.34
21.281716 4.34
21.292466 4.34
21.322968 4.34
21.339107 4.34
21.369718 4.34
21.380467 4.34
21.410843 4.34
21.423467 4.34
21.453972 4.34
21.464843 4.34
21.496873 4.34
21.507718 4.34
21.539845 4.34
21.550843 4.34
21.582872 4.34
21.593719 4.34
21.625873 4.34
21.636719 4.34
21.672719 4.34
21.683469 4.34
21.713999 4.34
21.730110 4.34
21.755487 4.34
21.767846 4.34
21.796720 4.34
21.807470 4.34
21.837845 4.34
21.850238 4.34
21.884487 4.34
21.896850 4.34
21.925471 4.34
21.937850 4.34
21.966597 4.34
21.977472 4.34
22.007722 4.34
22.018597 4.34
22.048972 4.34
22.059847 4.34
22.095488 4.34
22.107851 4.34
22.136722 4.34
22.147598 4.34
22.177974 4.34
22.188848 4.02
22.224490 4.34
22.236852 4.34
22.265724 4.34
22.276474 4.34
22.306723 4.34
22.317474 4.34
22.347975 4.34
22.358849 4.34
22.394491 4.34
22.410489 4.34
22.435724 4.34
22.446475 4.34
22.476976 4.34
22.487850 4.34
22.523492 4.34
22.539490 4.34
22.564726 4.34
22.575475 4.34
22.605976 4.34
22.616851 4.34
22.652726 4.34
22.663601 4.34
22.693977 4.34
22.704851 4.34
22.740494 4.34
22.756494 4.34
22.781727 4.34
22.792602 4.34
22.823008 4.34
22.833853 4.34
22.864496 4.34
22.880495 4.34
22.905728 4.34
22.916478 4.34
22.946981 4.34
22.957854 4.34
22.993496 4.34
23.009496 4.34
23.034729 4.34
23.045479 4.34
23.075980 4.34
23.086854 4.34
23.122498 4.34
23.138497 4.34
23.163730 4.34
23.174605 4.34
23.204982 4.34
23.215855 4.34
23.251497 4.34
23.267495 4.34
23.292731 4.34
23.303480 4.34
23.333983 4.34
23.344856 4.34
23.380731 4.34
23.391606 4.34
23.421983 4.34
23.432857 4.34
23.468500 4.34
23.484607 4.34
23.509732 4.34
23.520482 4.34
23.550984 4.34
23.561858 4.34
23.597733 4.34
23.608483 4.34
23.638985 4.34
23.649858 4.34
23.685503 4.34
23.701500 4.34
23.726734 4.34
23.737609 4.34
23.767985 4.34
23.778859 4.34
23.814501 4.34
23.830502 4.34
23.855735 4.34
23.866485 4.34
23.896986 4.34
23.907860 4.34
23.943503 4.34
23.959502 4.34
23.984736 4.34
23.995611 4.34
24.025987 4.34
24.036861 4.34
24.068866 4.34
24.079611 4.34
24.115611 4.34
24.126503 4.34
24.156862 4.34
24.172862 4.34
24.203505 4.34
24.219505 4.34
24.244737 4.34
24.257255 4.34
24.290868 4.34
24.301741 4.34
24.337506 4.34
24.353505 4.34
24.378738 4.34
24.391131 4.34
24.419990 4.34
24.430864 4.34
24.466506 4.34
24.482506 4.34
24.507739 4.34
24.520132 4.34
24.548991 4.34
24.559865 4.34
24.590383 4.34
24.602771 4.34
24.631616 4.34
24.642490 4.34
24.672741 4.34
24.685133 4.34
24.713992 4.34
24.724865 4.34
24.755271 4.34
24.767746 4.34
24.796616 4.34
24.807491 4.34
24.837741 4.34
24.850134 4.34
24.878994 4.34
24.889867 4.34
24.920269 4.34
24.930994 4.34
24.961617 4.34
24.972493 4.34
25.002743 4.34
25.018743 4.34
25.043868 4.34
25.054618 4.34
25.090510 4.34
25.101258 4.34
25.131619 4.34
25.142494 4.34
25.172744 4.34
25.188744 4.34
25.213996 4.34
25.224869 4.34
25.255370 4.34
25.271244 4.34
25.296369 4.34
25.312244 4.34
25.337369 4.34
25.353244 4.34
25.378369 4.34
25.390745 4.34
25.419370 4.34
25.435244 4.34
25.460370 4.34
25.476245 4.34
25.501370 4.34
25.517245 4.34
25.542371 4.34
25.558246 4.34
25.583371 4.34
25.599246 4.34
25.624371 4.34
25.640246 4.34
25.665371 4.34
25.681246 4.34
25.706371 4.34
25.722246 4.34
25.747372 4.34
25.763247 4.34
25.788372 4.34
25.804247 4.34
25.829372 4.34
25.845247 4.34
25.870373 4.34
25.886248 4.34
25.911373 4.34
25.927248 4.34
25.952373 4.34
25.968248 4.34
25.993374 4.34
26.009249 4.34
26.034374 4.34
26.050249 4.34
26.075374 4.34
26.091249 4.34
26.116374 4.34
26.132249 4.34
26.157375 4.34
26.173250 4.34
26.198375 4.34
26.214250 4.34
26.239375 4.34
26.255250 4.34
26.280375 4.34
26.296251 4.34
26.321376 4.34
26.337251 4.34
26.362376 4.34
26.378251 4.34
26.403376 4.34
26.419251 4.34
26.444377 4.34
26.460252 4.34
26.485377 4.34
26.501252 4.34
26.526377 4.34
26.542252 4.34
26.567378 4.34
26.583253 4.34
26.608378 4.34
26.624253 4.34
26.649378 4.34
26.665253 4.34
26.690379 4.34
26.706253 4.34
26.731379 4.34
26.747254 4.34
26.772379 4.34
26.788254 4.34
26.813379 4.34
26.829254 4.34
26.854379 4.34
26.870255 4.34
26.895380 4.34
26.911255 4.34
26.936380 4.34
26.952255 4.34
26.977381 4.34
26.993256 4.34
27.018381 4.34
27.034256 4.34
27.059382 4.34
27.075256 4.34
27.100381 4.34
27.116257 4.34
27.141381 4.34
27.157257 4.34
27.182382 4.34
27.198257 4.34
27.223382 4.34
27.239257 4.34
27.264382 4.34
27.280257 4.34
27.305383 4.34
27.321258 4.34
27.346383 4.34
27.362258 4.34
27.387383 4.34
27.403259 4.34
27.428384 4.34
27.444259 4.34
27.469384 4.34
27.485259 4.34
27.510384 4.34
27.526259 4.34
27.551385 4.34
27.567259 4.34
27.592385 4.34
27.608260 4.34
27.633385 4.34
27.649260 4.34
27.674385 4.34
27.685135 4.34
27.715405 4.34
27.726154 4.34
27.756637 4.34
27.769013 4.34
27.797762 4.34
27.808638 4.34
27.844153 4.34
27.854888 4.34
27.885406 4.34
27.896156 4.34
27.926513 4.34
27.937280 4.34
27.967639 4.34
27.983639 4.34
28.008764 4.34
28.019639 4.34
28.055169 4.34
28.071155 4.34
28.096405 4.34
28.107159 4.34
28.137640 4.34
28.153515 4.34
28.178765 4.34
28.189640 4.34
28.225171 4.34
28.241170 4.34
28.266408 4.34
28.277156 4.34
28.307641 4.34
28.323641 4.34
28.348766 4.34
28.359517 4.34
28.395410 4.34
28.406158 4.34
28.436411 4.34
28.447160 4.34
28.477518 4.34
28.488284 4.34
28.518518 4.34
28.529285 4.34
28.559643 4.34
28.575643 4.34
28.600768 4.34
28.611643 4.34
28.647411 4.34
28.658174 4.34
28.688411 4.34
28.699160 4.34
28.729644 4.02
28.745644 4.34
28.770769 4.34
28.781644 4.34
28.817413 4.34
28.828173 4.34
28.858645 4.34
28.874645 4.34
28.899770 4.02
28.910645 4.34
28.946299 4.34
28.962413 4.34
28.987646 4.34
29.003521 4.34
29.028771 4.34
29.039521 4.34
29.075413 4.34
29.086175 4.34
29.116647 4.34
29.132522 4.34
29.157772 4.34
29.168522 4.34
29.204174 4.34
29.220174 4.34
29.245523 4.34
29.256289 4.34
29.286648 4.02
29.302648 4.34
29.327773 4.34
29.338523 4.34
29.374416 4.34
29.385177 4.34
29.415649 4.34
29.431524 4.34
29.456774 4.34
29.467525 4.34
29.503418 4.34
29.514178 4.34
29.544525 4.34
29.557054 4.02
29.585525 4.34
29.596419 4.34
29.626651 4.34
29.642651 4.34
29.667776 4.34
29.678526 4.34
29.709178 4.34
29.725180 4.34
29.750526 4.34
29.761416 4.34
29.791527 4.34
29.804056 4.34
29.832527 4.34
29.843420 4.34
29.873526 4.34
29.886054 4.34
29.914653 4.34
29.930653 4.34
29.955778 4.34
29.966528 4.34
29.997180 4.02
30.013180 4.34
30.038528 4.34
30.050908 4.34
30.079529 4.34
30.091908 4.34
30.120654 4.34
30.136654 4.34
30.161779 4.34
30.172654 4.34
30.203181 4.34
30.215538 4.34
30.244530 4.34
30.256909 4.34
30.285530 4.34
30.301422 4.34
30.326530 4.02
30.338909 4.34
30.367655 4.34
30.383531 4.02
30.408781 4.34
30.419531 4.34
30.450175 4.34
30.462540 4.34
30.491656 4.34
30.507532 4.34
30.532781 4.34
30.543532 4.34
30.574186 4.34
30.586541 4.34
30.615532 4.34
30.631532 4.34
30.656657 4.34
30.672533 4.34
30.697783 4.34
30.708658 4.34
30.744185 4.34
30.760062 4.34
30.785533 4.34
30.801534 4.34
30.826659 4.34
30.842534 4.34
30.867784 4.34
30.878534 4.34
30.914189 4.34
30.930062 4.34
30.955535 4.34
30.971534 4.34
30.996660 4.34
31.012535 4.34
31.037785 4.34
31.048661 4.34
31.079189 4.34
31.095065 4.34
31.120536 4.34
31.136536 4.02
31.161661 4.34
31.177661 4.34
31.202786 4.34
31.213661 4.34
31.249192 4.34
31.265190 4.34
31.290537 4.34
31.306430 4.34
31.331662 4.34
31.347662 4.34
31.372787 4.34
31.383662 4.34
31.414192 4.34
31.430192 4.34
31.455538 4.34
31.471429 4.34
31.496664 4.34
31.512664 4.34
31.537789 4.34
31.548538 4.34
31.584195 4.34
31.600193 4.34
31.625433 4.34
31.636182 4.34
31.666665 4.34
31.687790 4.34
31.698665 4.34
31.729191 4.34
31.745070 4.34
31.770432 4.34
31.781182 4.34
31.811666 4.34
31.827666 4.34
31.854542 4.34
31.865433 4.34
31.895666 4.34
31.911541 4.34
31.936791 4.34
31.947667 4.34
31.983196 4.34
31.999197 4.34
32.024435 4.34
32.035185 4.34
32.065668 4.34
32.081668 4.34
32.108544 4.34
32.119435 4.34
32.149668 4.34
32.165543 4.34
32.192545 4.34
32.203436 4.34
32.233544 4.34
32.249543 4.34
32.274544 4.34
32.290419 4.34
32.315669 4.34
32.331669 4.34
32.358546 4.34
32.369435 4.34
32.399669 4.34
32.415545 4.34
32.442546 4.34
32.453443 4.34
32.483545 4.34
32.499420 4.34
32.524671 4.34
32.535546 4.34
32.567547 4.34
32.578436 4.34
32.608547 4.34
32.624546 4.34
32.649547 4.34
32.665547 4.34
32.690546 4.34
32.706547 4.34
32.731547 4.34
32.747547 4.34
32.772547 4.34
32.788548 4.34
32.813672 4.34
32.824548 4.34
32.859925 4.34
32.872425 4.34
32.901441 4.34
32.917440 4.34
32.942548 4.34
32.958549 4.34
32.983549 4.34
32.994424 4.34
33.024549 4.34
33.035425 4.34
33.065549 4.34
33.076425 4.34
33.106550 4.34
33.117425 4.34
33.147550 4.34
33.158425 4.34
33.188676 4.34
33.199425 4.34
33.234927 4.34
33.247428 4.34
33.276206 4.34
33.287080 4.34
33.317551 4.34
33.333551 4.34
33.358552 4.34
33.369427 4.34
33.399552 4.34
33.410427 4.34
33.440552 4.02
33.451427 4.34
33.481677 4.34
33.492427 4.34
33.527929 4.34
33.543930 4.34
33.569446 4.34
33.585553 4.34
33.610429 4.34
33.626452 4.34
33.651554 4.34
33.667554 4.34
33.692554 4.34
33.703429 4.34
33.733554 4.34
33.744429 4.34
33.774554 4.34
33.785430 4.34
33.815554 4.34
33.826430 4.34
33.856555 4.34
33.867431 4.34
33.897555 4.34
33.908431 4.34
33.938556 4.34
33.949431 4.34
33.979556 4.34
33.990431 4.34
34.020556 4.34
34.031432 4.34
34.061557 4.34
34.072432 4.34
34.102557 4.34
34.113432 4.34
34.143557 4.34
34.154432 4.34
34.184557 4.34
34.195433 4.34
34.225558 4.34
34.236433 4.34
34.266683 4.34
34.277558 4.34
34.312935 4.34
34.328938 4.34
34.354450 4.34
34.370450 4.34
34.395559 4.34
34.411434 4.34
34.436559 4.34
34.447434 4.34
34.477559 4.34
34.488434 4.34
34.518685 4.34
34.529560 4.34
34.564965 4.34
34.580939 4.34
34.606452 4.34
34.622450 4.34
34.647561 4.34
34.663436 4.34
34.688560 4.34
34.699436 4.34
34.729562 4.34
34.740436 4.34
34.770686 4.34
34.781437 4.34
34.816938 4.34
34.832941 4.34
34.858215 4.34
34.868938 4.34
34.899562 4.34
34.915562 4.34
34.940562 4.34
34.951438 4.34
34.981563 4.34
34.992438 4.34
35.022688 4.34
35.033563 4.34
35.068940 4.34
35.084943 4.34
35.110456 4.34
35.126457 4.34
35.151439 4.34
35.167564 4.34
35.192564 4.34
35.208440 4.34
35.235441 4.34
35.246207 4.34
35.276441 4.34
35.292455 4.34
35.317440 4.34
35.333441 4.34
35.358440 4.34
35.374459 4.34
35.399441 4.34
35.415441 4.34
35.440441 4.34
35.456457 4.34
35.481442 4.34
35.497457 4.34
35.522442 4.34
35.538567 4.34
35.563442 4.34
35.579459 4.34
35.604442 4.34
35.620460 4.34
35.645443 4.34
35.661460 4.34
35.686443 4.34
35.702459 4.34
35.727443 4.34
35.743460 4.34
35.768444 4.34
35.784461 4.34
35.809444 4.34
35.825569 4.34
35.850444 4.34
35.866444 4.34
35.891445 4.34
35.907444 4.34
35.932445 4.34
35.948445 4.34
35.973445 4.34
35.989445 4.34
36.014446 4.34
36.030446 4.34
36.055446 4.34
36.071463 4.34
36.096446 4.34
36.107213 4.34
36.137446 4.34
36.148215 4.34
36.178446 4.34
36.189215 4.34
36.219447 4.34
36.230214 4.34
36.260447 4.34
36.271212 4.34
36.301447 4.34
36.312213 4.34
36.342448 4.34
36.353215 4.34
36.383448 4.34
36.394214 4.34
36.424573 4.34
36.435449 4.34
36.465573 4.34
36.476449 4.34
36.506573 4.34
36.517449 4.34
36.547574 4.34
36.558449 4.34
36.588574 4.34
36.599342 4.34
36.634951 4.34
36.650951 4.34
36.676465 4.34
36.692468 4.34
36.717575 4.34
36.728451 4.34
36.758575 4.34
36.769451 4.34
36.799576 4.34
36.810451 4.34
36.840576 4.34
36.851451 4.34
36.881576 4.34
36.892452 4.34
36.922577 4.34
36.933451 4.34
36.963577 4.34
36.974452 4.34
37.004577 4.34
37.015452 4.34
37.045578 4.34
37.056453 4.34
37.086578 4.34
37.097453 4.34
37.127578 4.34
37.138454 4.34
37.168578 4.34
37.179454 4.34
37.209579 4.34
37.220454 4.34
37.250579 4.34
37.261454 4.34
37.291579 4.34
37.302455 4.34
37.332580 4.34
37.343455 4.34
37.373580 4.34
37.384455 4.34
37.414705 4.34
37.425455 4.34
37.455957 4.34
37.471960 4.34
37.497478 4.34
37.513474 4.34
37.540332 4.34
37.551223 4.34
37.581456 4.34
37.592224 4.34
37.622457 4.34
37.633221 4.34
37.663457 4.34
37.674225 4.34
37.704457 4.34
37.715224 4.34
37.745457 4.34
37.756223 4.34
37.786458 4.34
37.797223 4.34
37.827458 4.34
37.838226 4.34
37.868583 4.34
37.879458 4.34
37.914833 4.34
37.925584 4.34
37.956238 4.34
37.968709 4.34
37.997459 4.34
38.008225 4.34
38.038585 4.34
38.049459 4.34
38.084835 4.34
38.097336 4.34
38.126085 4.34
38.136835 4.34
38.167477 4.34
38.178229 4.34
38.208461 4.34
38.219229 4.34
38.249586 4.34
38.260461 4.34
38.295836 4.34
38.308338 4.34
38.337241 4.34
38.353227 4.34
38.378587 4.34
38.389463 4.34
38.424837 4.34
38.437339 4.34
38.466354 4.34
38.482356 4.34
38.507478 4.34
38.518355 4.34
38.553838 4.34
38.569713 4.34
38.595355 4.34
38.611589 4.34
38.636480 4.34
38.647231 4.34
38.677464 4.34
38.688231 4.34
38.718590 4.34
38.729464 4.34
38.764840 4.34
38.777215 4.34
38.806245 4.34
38.822358 4.34
38.847466 4.34
38.858358 4.34
38.888465 4.34
38.899358 4.34
38.929591 4.34
38.940466 4.34
38.975841 4.34
38.991841 4.34
39.017359 4.34
39.033485 4.34
39.058484 4.34
39.069232 4.34
39.104842 4.34
39.120717 4.34
39.146245 4.34
39.162247 4.34
39.187593 4.34
39.198468 4.34
39.233843 4.34
39.249718 4.34
39.275247 4.34
39.291483 4.34
39.316594 4.34
39.327469 4.34
39.362843 4.34
39.378719 4.34
39.404246 4.34
39.420111 4.34
39.445595 4.34
39.456470 4.34
39.491845 4.34
39.507845 4.34
39.533249 4.34
39.549249 4.34
39.579845 4.34
39.595845 4.34
39.621248 4.34
39.637249 4.34
39.662471 4.34
39.673237 4.34
39.703596 4.34
39.714471 4.34
39.749846 4.34
39.765722 4.34
39.791249 4.34
39.807115 4.34
39.832597 4.34
39.843472 4.34
39.878848 4.34
39.894847 4.34
39.920251 4.34
39.936490 4.34
39.961473 4.34
39.972239 4.34
40.002599 4.34
40.013474 4.34
40.048848 4.34
40.064848 4.34
40.090251 4.34
40.106128 4.34
40.131600 4.34
40.142492 4.34
40.177850 4.34
40.193724 4.34
40.219254 4.34
40.235252 4.34
40.260600 4.34
40.271490 4.34
40.306850 4.34
40.322851 4.34
40.348254 4.34
40.364253 4.34
40.391228 4.34
40.402128 4.34
40.432492 4.34
40.443244 4.34
40.478851 4.34
40.494852 4.34
40.520254 4.34
40.536118 4.34
40.563229 4.34
40.574132 4.34
40.604496 4.34
40.615243 4.34
40.650853 4.34
40.666853 4.34
40.692122 4.34
40.704728 4.34
40.733494 4.34
40.744370 4.34
40.779854 4.34
40.795729 4.34
40.821373 4.34
40.839258 4.34
40.857496 4.34
40.887729 4.34
40.900247 4.34
40.928999 4.34
40.939855 4.34
40.970499 4.34
40.981248 4.34
41.011731 4.34
41.024232 4.34
41.052856 4.34
41.068731 4.34
41.094258 4.34
41.110134 4.34
41.137233 4.34
41.148136 4.34
41.178497 4.34
41.189249 4.34
41.219732 4.34
41.232234 4.34
41.264137 4.34
41.276732 4.34
41.310858 4.34
41.321733 4.34
41.352375 4.34
41.363126 4.34
41.393500 4.34
41.404250 4.34
41.439859 4.34
41.455733 4.34
41.481375 4.34
41.492263 4.34
41.527734 4.34
41.543734 4.34
41.572140 4.34
41.588138 4.34
41.613503 4.02
41.624378 4.34
41.654735 4.34
41.670610 4.34
41.696005 4.34
41.706860 4.34
41.737264 4.34
41.753138 4.34
41.783736 4.34
41.799861 4.34
41.824987 4.34
41.835862 4.34
41.866266 4.34
41.876988 4.34
41.912862 4.34
41.923612 4.34
41.954264 4.34
41.964988 4.34
42.000738 4.34
42.016862 4.34
42.041988 4.34
42.052862 4.34
42.083267 4.34
42.094142 4.34
42.129738 4.34
42.145739 4.34
42.173990 4.34
42.184864 4.34
42.215268 4.34
42.226142 4.34
42.261739 4.34
42.277864 4.34
42.302990 4.34
42.313864 4.34
42.344267 4.34
42.355152 4.34
42.390865 4.34
42.401615 4.34
42.432269 4.34
42.443145 4.34
42.478741 4.34
42.494866 4.34
42.519992 4.34
42.530866 4.34
42.561143 4.34
42.576992 4.34
42.607742 4.34
42.623741 4.34
42.648867 4.34
42.659742 4.34
42.690272 4.34
42.701144 4.34
42.736867 4.34
42.747618 4.34
42.778273 4.34
42.788994 4.34
42.824868 4.34
42.835743 4.34
42.866385 4.34
42.877135 4.34
42.912744 4.34
42.928744 4.34
42.953996 4.34
42.964869 4.34
42.995273 4.34
43.005996 4.34
43.041870 4.34
43.052620 4.34
43.083275 4.34
43.094150 4.34
43.129871 4.34
43.140620 4.34
43.171275 4.34
43.181997 4.34
43.217871 4.34
43.228621 4.34
43.259276 4.34
43.270150 4.34
43.305871 4.34
43.316622 4.34
43.347277 4.34
43.358151 4.34
43.393872 4.34
43.404748 4.34
43.435390 4.34
43.446390 4.34
43.481873 4.34
43.492748 4.34
43.523390 4.34
43.534390 4.34
43.569873 4.34
43.580622 4.34
43.611276 4.34
43.622001 4.34
43.657749 4.34
43.673874 4.34
43.698875 4.34
43.709750 4.34
43.740278 4.34
43.751155 4.34
43.786750 4.34
43.802750 4.34
43.828002 4.34
43.840626 4.34
43.869281 4.34
43.880156 4.34
43.915875 4.34
43.926626 4.34
43.957281 4.34
43.968003 4.34
44.003751 4.34
44.019751 4.34
44.045003 4.34
44.057627 4.34
44.086156 4.34
44.102269 4.34
44.129129 4.34
44.140004 4.34
44.172129 4.34
44.183004 4.34
44.215005 4.34
44.225878 4.34
44.256282 4.34
44.267159 4.34
44.302629 4.34
44.315005 4.34
44.343754 4.34
44.359754 4.34
44.384879 4.34
44.395754 4.34
44.426285 4.34
44.437159 4.34
44.472755 4.34
44.488880 4.34
44.513754 4.34
44.529629 4.34
44.554754 4.34
44.570629 4.34
44.595754 4.34
44.611629 4.34
44.636755 4.34
44.652630 4.34
44.677755 4.34
44.693630 4.34
44.721880 4.34
44.732630 4.34
44.762880 4.34
44.773630 4.34
44.803881 4.34
44.814631 4.34
44.845008 4.34
44.860881 4.34
44.886008 4.34
44.901882 4.34
44.927132 4.34
44.937882 4.34
44.968132 4.34
44.978882 4.34
45.009132 4.34
45.019882 4.34
45.050133 4.34
45.060883 4.34
45.091133 4.34
45.101883 4.34
45.132162 4.34
45.142884 4.34
45.178760 4.34
45.189635 4.34
45.220010 4.34
45.236039 4.34
45.261165 4.34
45.272011 4.34
45.307636 4.34
45.323636 4.34
45.348761 4.34
45.359636 4.34
45.390012 4.34
45.406012 4.34
45.436637 4.34
45.452636 4.34
45.477762 4.34
45.488636 4.34
45.518887 4.34
45.529637 4.34
45.560413 4.34
45.571167 4.34
45.601513 4.34
45.612280 4.34
45.642513 4.34
45.653280 4.34
45.683639 4.34
45.699639 4.34
45.724764 4.34
45.735639 4.34
45.766015 4.02
45.782014 4.34
45.807281 4.34
45.818015 4.34
45.848515 4.34
45.859281 4.34
45.889640 4.34
45.905640 4.34
45.930765 4.02
45.941640 4.34
45.972016 4.34
45.988016 4.34
46.013295 4.34
46.024016 4.34
46.054641 4.34
46.070641 4.34
46.095767 4.34
46.106641 4.34
46.137172 4.34
46.148017 4.34
46.183642 4.34
46.199642 4.02
46.224767 4.34
46.235642 4.34
46.266170 4.34
46.277018 4.02
46.312643 4.34
46.328643 4.34
46.353768 4.34
46.364643 4.34
46.395172 4.02
46.406018 4.34
46.441644 4.34
46.457644 4.34
46.482769 4.02
46.493644 4.34
46.524171 4.02
46.534900 4.34
46.570645 4.34
46.586535 4.34
46.611770 4.34
46.622520 4.34
46.653020 4.34
46.669021 4.02
46.694288 4.34
46.705021 4.34
46.735521 4.34
46.746289 4.34
46.776521 4.34
46.789025 4.34
46.817521 4.34
46.828289 4.34
46.858772 4.34
46.869647 4.34
46.900176 4.34
46.911051 4.34
46.946772 4.34
46.957648 4.34
46.988176 4.34
46.999052 4.34
47.034773 4.34
47.045648 4.34
47.076177 4.34
47.087053 4.34
47.122774 4.34
47.133649 4.34
47.164179 4.34
47.175053 4.34
47.210774 4.34
47.221649 4.34
47.252051 4.34
47.268178 4.02
47.298775 4.34
47.309650 4.34
47.340177 4.34
47.350904 4.34
47.386775 4.34
47.397650 4.34
47.428180 4.34
47.439054 4.02
47.469526 4.34
47.485651 4.34
47.510652 4.34
47.521419 4.34
47.551776 4.34
47.562652 4.34
47.593181 4.34
47.603906 4.34
47.634527 4.34
47.646932 4.34
47.675652 4.34
47.686528 4.34
47.716778 4.34
47.727528 4.34
47.758182 4.02
47.769057 4.34
47.799528 4.34
47.815653 4.34
47.840654 4.34
47.851422 4.34
47.881779 4.34
47.892654 4.34
47.923181 4.34
47.933911 4.34
47.964530 4.34
47.980655 4.34
48.005655 4.34
48.016421 4.34
48.046780 4.34
48.057655 4.34
48.088058 4.34
48.098910 4.34
48.129531 4.34
48.145656 4.34
48.170656 4.34
48.181423 4.02
48.211781 4.34
48.222656 4.34
48.253187 4.34
48.264061 4.34
48.294532 4.34
48.310657 4.34
48.335657 4.34
48.346424 4.34
48.376782 4.34
48.387532 4.34
48.418062 4.34
48.428910 4.34
48.459533 4.34
48.475658 4.34
48.500533 4.34
48.516659 4.34
48.541658 4.34
48.552424 4.34
48.582784 4.34
48.593534 4.34
48.624063 4.34
48.634910 4.34
48.670660 4.34
48.681534 4.34
48.711785 4.34
48.722660 4.34
48.753188 4.34
48.764064 4.34
48.794536 4.34
48.810660 4.34
48.835661 4.34
48.846429 4.34
48.876786 4.34
48.887536 4.34
48.918066 4.34
48.928912 4.34
48.964662 4.34
48.975429 4.34
49.005787 4.34
49.016661 4.34
49.047192 4.34
49.058066 4.34
49.088537 4.34
49.104663 4.34
49.129663 4.34
49.140429 4.34
49.170788 4.34
49.181663 4.34
49.212067 4.34
49.222915 4.34
49.258664 4.34
49.269431 4.34
49.299789 4.34
49.312431 4.34
49.340916 4.34
49.357069 4.34
49.387664 4.34
49.398539 4.34
49.428790 4.34
49.439665 4.34
49.470195 4.34
49.481070 4.34
49.511540 4.34
49.527666 4.34
49.552666 4.34
49.563416 4.34
49.593791 4.34
49.604541 4.34
49.634917 4.34
49.651068 4.34
49.681667 4.34
49.692542 4.34
49.722792 4.34
49.735433 4.34
49.765921 4.34
49.776792 4.34
49.812668 4.34
49.823418 4.34
49.853793 4.34
49.866186 4.34
49.895070 4.34
49.905793 4.34
49.941669 4.34
49.952544 4.34
49.982794 4.34
49.995184 4.34
50.024071 4.34
50.034794 4.34
50.065438 4.34
50.077798 4.34
50.106545 4.34
50.122670 4.34
50.147670 4.34
50.158545 4.34
50.188795 4.34
50.201187 4.34
50.229921 4.34
50.246073 4.34
50.276671 4.34
50.287421 4.34
50.317797 4.34
50.333796 4.34
50.359076 4.34
50.369922 4.34
50.400547 4.34
50.411438 4.34
50.441547 4.34
50.452422 4.34
50.482547 4.34
50.493437 4.34
50.523547 4.34
50.534423 4.34
50.564548 4.34
50.575423 4.34
50.605548 4.34
50.616423 4.34
50.646549 4.34
50.657424 4.34
50.687548 4.34
50.698424 4.34
50.728549 4.34
50.739424 4.34
50.769549 4.34
50.780439 4.34
50.810550 4.34
50.821425 4.34
50.851550 4.34
50.862425 4.34
50.892550 4.34
50.903441 4.34
50.933550 4.34
50.944440 4.34
50.974550 4.34
50.985425 4.34
51.015551 4.34
51.026426 4.34
51.056551 4.34
51.067426 4.34
51.097552 4.34
51.108427 4.34
51.138552 4.34
51.149427 4.34
51.179552 4.34
51.190427 4.34
51.220553 4.34
51.231428 4.34
51.261552 4.34
51.272428 4.34
51.302677 4.34
51.313554 4.34
51.343804 4.34
51.359803 4.34
51.390445 4.34
51.406447 4.34
51.431554 4.34
51.442444 4.34
51.472680 4.34
51.483429 4.34
51.513805 4.34
51.529805 4.34
51.555081 4.34
51.565805 4.34
51.596448 4.34
51.612445 4.34
51.637680 4.34
51.648555 4.34
51.678806 4.34
51.694806 4.34
51.725447 4.34
51.741448 4.34
51.766556 4.34
51.777431 4.34
51.807556 4.34
51.818432 4.34
51.848557 4.34
51.859432 4.34
51.889557 4.34
51.900432 4.34
51.930557 4.34
51.941432 4.34
51.971558 4.34
51.982433 4.34
52.012558 4.34
52.023433 4.34
52.053683 4.34
52.064558 4.34
52.094809 4.34
52.110808 4.34
52.137813 4.34
52.148559 4.34
52.184450 4.34
52.200449 4.34
52.225559 4.02
52.236451 4.34
52.266560 4.34
52.277435 4.34
52.307560 4.34
52.318435 4.34
52.348561 4.34
52.359435 4.34
52.389686 4.34
52.400436 4.34
52.430811 4.34
52.446811 4.34
52.477454 4.34
52.493455 4.34
52.518437 4.34
52.534451 4.34
52.559562 4.34
52.570454 4.34
52.600562 4.34
52.611437 4.34
52.641688 4.34
52.654203 4.34
52.687939 4.34
52.698813 4.34
52.729453 4.34
52.745455 4.34
52.770563 4.34
52.781438 4.34
52.811564 4.34
52.822439 4.34
52.852689 4.34
52.865091 4.34
52.893814 4.34
52.909815 4.34
52.936694 4.34
52.947439 4.34
52.977815 4.34
52.993815 4.34
53.020695 4.34
53.031440 4.34
53.061942 4.34
53.072815 4.34
53.103456 4.34
53.119457 4.34
53.144566 4.34
53.155441 4.34
53.185566 4.34
53.196441 4.34
53.226566 4.34
53.237442 4.34
53.267692 4.34
53.283567 4.34
53.308944 4.34
53.319817 4.34
53.350459 4.34
53.361207 4.34
53.391443 4.34
53.402211 4.34
53.432443 4.34
53.443208 4.34
53.473443 4.34
53.484336 4.34
53.514443 4.34
53.525209 4.34
53.555444 4.34
53.566334 4.34
53.596444 4.34
53.607212 4.34
53.637445 4.34
53.648210 4.34
53.678445 4.34
53.689212 4.34
53.719446 4.34
53.730212 4.34
53.760445 4.34
53.771214 4.34
53.801446 4.34
53.812214 4.34
53.842446 4.34
53.853213 4.34
53.883446 4.34
53.894213 4.34
53.924447 4.34
53.935215 4.34
53.965447 4.34
53.976215 4.34
54.006447 4.34
54.017212 4.34
54.047447 4.34
54.058214 4.34
54.088448 4.34
54.099213 4.34
54.129448 4.34
54.140216 4.34
54.170449 4.34
54.181213 4.34
54.211449 4.34
54.222216 4.34
54.252448 4.34
54.263214 4.34
54.293449 4.34
54.304215 4.34
54.334449 4.34
54.345218 4.34
54.375450 4.34
54.386216 4.34
54.416450 4.34
54.427218 4.34
54.457450 4.34
54.468215 4.34
54.498451 4.34
54.509219 4.34
54.539451 4.34
54.550219 4.34
54.580451 4.34
54.591218 4.34
54.621451 4.34
54.632217 4.34
54.662452 4.34
54.673220 4.34
54.703452 4.34
54.714220 4.34
54.744452 4.34
54.755220 4.34
54.785452 4.34
54.796221 4.34
54.826453 4.34
54.837220 4.34
54.867453 4.34
54.878221 4.34
54.908454 4.34
54.919218 4.34
54.949454 4.34
54.960222 4.34
54.990454 4.34
55.001221 4.34
55.031454 4.34
55.042219 4.34
55.072455 4.34
55.083220 4.34
55.113455 4.34
55.124221 4.34
55.154455 4.34
55.165224 4.34
55.195456 4.34
55.206220 4.34
55.236456 4.34
55.247224 4.34
55.277456 4.34
55.293456 4.34
55.318456 4.34
55.329225 4.34
55.359456 4.34
55.370225 4.34
55.400457 4.34
55.411223 4.34
55.441457 4.34
55.452224 4.34
55.482458 4.34
55.493223 4.34
55.523458 4.34
55.534224 4.34
55.564459 4.34
55.575352 4.34
55.605584 4.34
55.617977 4.34
55.646708 4.34
55.662709 4.34
55.696225 4.34
55.708609 4.34
55.737584 4.34
55.749976 4.34
55.778709 4.34
55.794585 4.34
55.821610 4.34
55.832477 4.34
55.868115 4.34
55.878835 4.34
55.909477 4.34
55.920228 4.34
55.950711 4.34
55.966586 4.34
55.993596 4.34
56.004479 4.34
56.034712 4.34
56.045461 4.34
56.081102 4.34
56.091837 4.34
56.122480 4.34
56.133229 4.34
56.163587 4.34
56.179587 4.34
56.204713 4.34
56.215462 4.34
56.251104 4.34
56.263598 4.34
56.292588 4.34
56.308589 4.34
56.333713 4.34
56.344463 4.34
56.380104 4.34
56.396107 4.34
56.421481 4.34
56.432231 4.34
56.462714 4.34
56.473589 4.34
56.509107 4.34
56.525108 4.34
56.550480 4.34
56.561232 4.34
56.591715 4.34
56.602465 4.34
56.638108 4.34
56.654106 4.34
56.679481 4.34
56.690233 4.34
56.720716 4.34
56.731466 4.34
56.767108 4.34
56.777842 4.34
56.808489 4.34
56.819235 4.34
56.849717 4.34
56.860592 4.34
56.896110 4.34
56.912108 4.34
56.937484 4.34
56.948236 4.34
56.978718 4.34
56.989468 4.34
57.019843 4.34
57.030593 4.34
57.061247 4.34
57.077361 4.34
57.102594 4.34
57.118594 4.34
57.143719 4.34
57.154594 4.34
57.190121 4.34
57.200845 4.34
57.231484 4.34
57.242235 4.34
57.272720 4.34
57.283595 4.34
57.313845 4.34
57.324596 4.34
57.355249 4.34
57.371124 4.34
57.396471 4.34
57.407237 4.34
57.437596 4.34
57.453471 4.34
57.478722 4.34
57.489472 4.34
57.525112 4.34
57.535847 4.34
57.566489 4.34
57.578974 4.34
57.607723 4.34
57.618472 4.34
57.654125 4.34
57.664848 4.34
57.695488 4.34
57.706240 4.34
57.736723 4.34
57.747599 4.34
57.783125 4.34
57.799114 4.34
57.824491 4.34
57.835242 4.34
57.865724 4.34
57.876599 4.34
57.912116 4.02
57.928116 4.34
57.953489 4.34
57.965976 4.34
57.994725 4.34
58.005475 4.34
58.041131 4.34
58.057117 4.34
58.082601 4.34
58.098476 4.34
58.123726 4.34
58.134601 4.34
58.170128 4.34
58.186128 4.34
58.211495 4.34
58.223979 4.34
58.252727 4.34
58.263602 4.34
58.295604 4.34
58.306494 4.34
58.336727 4.34
58.347602 4.34
58.379479 4.34
58.390370 4.34
58.420603 4.34
58.436603 4.34
58.461728 4.34
58.472603 4.34
58.508135 4.34
58.520480 4.34
58.549496 4.34
58.561854 4.34
58.590604 4.34
58.606604 4.34
58.631729 4.34
58.642605 4.34
58.678133 4.34
58.694122 4.34
58.719480 4.34
58.731855 4.34
58.760605 4.34
58.776606 4.34
58.801731 4.34
58.812606 4.34
58.848136 4.34
58.864123 4.34
58.889498 4.34
58.905496 4.34
58.930607 4.34
58.946482 4.34
58.971732 4.34
58.982607 4.34
59.018123 4.34
59.034013 4.34
59.059608 4.34
59.075608 4.34
59.100733 4.34
59.111608 4.34
59.147137 4.34
59.163126 4.34
59.188499 4.34
59.204499 4.34
59.229734 4.34
59.240609 4.34
59.276136 4.34
59.292128 4.34
59.317500 4.34
59.333501 4.34
59.358485 4.34
59.374485 4.34
59.399610 4.34
59.415485 4.34
59.440735 4.34
59.451610 4.34
59.487127 4.34
59.503127 4.34
59.528502 4.34
59.544501 4.34
59.569501 4.34
59.585504 4.34
59.610612 4.34
59.626487 4.34
59.651737 4.34
59.662612 4.34
59.698140 4.34
59.714128 4.34
59.739502 4.34
59.755503 4.34
59.780488 4.34
59.796488 4.02
59.821488 4.34
59.837488 4.34
59.862488 4.34
59.878505 4.34
59.903614 4.34
59.919489 4.34
59.944739 4.34
59.955613 4.34
59.991132 4.34
60.006991 4.34
60.032489 4.34
60.048489 4.34
60.073490 4.34
60.089490 4.34
60.114490 4.34
60.130490 4.34
60.155491 4.34
60.171615 4.34
60.196616 4.34
60.212616 4.34
60.237741 4.34
60.248491 4.34
60.284134 4.34
60.300136 4.34
60.325510 4.34
60.341508 4.34
60.366492 4.34
60.382492 4.34
60.407617 4.02
60.423492 4.34
60.450494 4.34
60.461258 4.34
60.491618 4.34
60.507493 4.34
60.534494 4.34
60.545262 4.02
60.575619 4.34
60.591493 4.34
60.618495 4.34
60.629262 4.34
60.659494 4.34
60.675619 4.34
60.700619 4.34
60.716619 4.34
60.743496 4.34
60.754263 4.34
60.784495 4.34
60.800495 4.34
60.825620 4.34
60.836495 4.34
60.868497 4.34
60.879264 4.34
60.909621 4.34
60.920496 4.34
60.952497 4.02
60.963264 4.34
60.993621 4.34
61.004496 4.34
61.036498 4.34
61.047264 4.34
61.077622 4.34
61.088497 4.34
61.120498 4.34
61.131265 4.34
61.161623 4.34
61.172498 4.34
61.204374 4.34
61.215138 4.34
61.245515 4.34
61.261498 4.34
61.288375 4.34
61.299275 4.34
61.329624 4.34
61.340499 4.34
61.375874 4.34
61.386749 4.34
61.417278 4.34
61.428153 4.02
61.458624 4.34
61.469500 4.34
61.504875 4.34
61.520875 4.34
61.546392 4.34
61.558875 4.34
61.587626 4.34
61.598500 4.34
61.633876 4.02
61.644626 4.34
61.675279 4.34
61.686156 4.34
61.716627 4.34
61.727502 4.34
61.762877 4.34
61.773626 4.34
61.804280 4.34
61.815155 4.34
61.845502 4.34
61.856270 4.34
61.886502 4.34
61.897269 4.34
61.927503 4.34
61.938270 4.34
61.968629 4.34
61.979503 4.34
62.014878 4.34
62.025628 4.34
62.056282 4.34
62.067156 4.34
62.097504 4.34
62.108269 4.34
62.138629 4.34
62.149504 4.34
62.184880 4.34
62.195630 4.34
62.226282 4.34
62.237006 4.34
62.267506 4.34
62.278273 4.34
62.308505 4.34
62.319274 4.34
62.349506 4.34
62.360271 4.34
62.390506 4.34
62.401273 4.34
62.431507 4.34
62.442272 4.34
62.472507 4.34
62.483276 4.34
62.513632 4.34
62.524507 4.34
62.559882 4.34
62.570632 4.34
62.601288 4.34
62.612009 4.34
62.642633 4.34
62.653508 4.34
62.688883 4.34
62.699634 4.34
62.730285 4.34
62.741009 4.34
62.771634 4.34
62.782509 4.34
62.817884 4.34
62.828634 4.34
62.859401 4.34
62.875401 4.34
62.900528 4.34
62.916527 4.34
62.941635 4.34
62.952402 4.34
62.987885 4.02
62.998635 4.34
63.029288 4.34
63.040011 4.34
63.070636 4.34
63.081403 4.34
63.116886 4.34
63.127636 4.34
63.158289 4.34
63.170886 4.34
63.199512 4.34
63.210279 4.34
63.240512 4.34
63.251403 4.34
63.281638 4.34
63.292404 4.34
63.327888 4.34
63.338763 4.34
63.369290 4.34
63.381888 4.34
63.410639 4.34
63.421405 4.34
63.456889 4.34
63.467764 4.34
63.498282 4.34
63.509167 4.34
63.539515 4.34
63.550281 4.34
63.580515 4.34
63.591282 4.34
63.621640 4.34
63.632408 4.34
63.667890 4.34
63.680419 4.34
63.709292 4.34
63.725167 4.34
63.750408 4.34
63.766284 4.34
63.791408 4.34
63.807284 4.34
63.832409 4.34
63.848283 4.34
63.873407 4.34
63.889284 4.34
63.914407 4.34
63.933297 4.34
63.950642 4.34
63.975517 4.34
63.986283 4.34
64.016518 4.34
64.027285 4.34
64.057643 4.34
64.068409 4.34
64.103901 4.34
64.116299 4.34
64.145286 4.34
64.157644 4.34
64.186644 4.34
64.197410 4.34
64.232902 4.34
64.248769 4.34
64.274298 4.34
64.290175 4.34
64.315520 4.34
64.326287 4.34
64.356645 4.34
64.367410 4.34
64.402904 4.34
64.418903 4.34
64.444175 4.34
64.455021 4.34
64.485414 4.34
64.496175 4.34
64.526647 4.34
64.537522 4.34
64.572905 4.34
64.588771 4.34
64.614287 4.34
64.630176 4.34
64.655647 4.34
64.666412 4.34
64.701906 4.34
64.717772 4.34
64.743302 4.34
64.759292 4.34
64.784648 4.34
64.795413 4.34
64.830901 4.34
64.846901 4.34
64.872414 4.34
64.888417 4.02
64.913649 4.34
64.924416 4.34
64.959903 4.34
64.975904 4.34
65.001417 4.34
65.017417 4.34
65.042525 4.34
65.053417 4.34
65.083650 4.34
65.094525 4.34
65.129905 4.02
65.154416 4.34
65.183904 4.02
65.199905 4.34
65.225418 4.34
65.241418 4.34
65.266401 4.34
65.277182 4.34
65.307527 4.34
65.318419 4.34
65.348527 4.34
65.359417 4.34
65.389652 4.34
65.400420 4.34
65.435907 4.34
65.451906 4.34
65.477421 4.34
65.493421 4.34
65.518528 4.34
65.529420 4.34
65.559529 4.34
65.570421 4.02
65.600654 4.34
65.611420 4.34
65.646911 4.34
65.662910 4.34
65.688419 4.34
65.704422 4.34
65.729530 4.34
65.740421 4.34
65.770530 4.34
65.781422 4.34
65.811655 4.34
65.822423 4.02
65.857912 4.34
65.882423 4.34
65.911910 4.34
65.927911 4.34
65.953423 4.34
65.969424 4.34
65.994532 4.34
66.005423 4.34
66.035657 4.34
66.046422 4.34
66.081912 4.34
66.106425 4.34
66.135911 4.34
66.151912 4.02
66.177426 4.02
66.193423 4.34
66.218533 4.34
66.229423 4.34
66.261314 4.34
66.272062 4.34
66.304314 4.34
66.315192 4.34
66.347312 4.34
66.358064 4.34
66.390314 4.02
66.401188 4.34
66.433313 4.34
66.444061 4.34
66.476315 4.34
66.487187 4.34
66.519314 4.34
66.530064 4.34
66.565912 4.34
66.576785 4.34
66.607427 4.34
66.618189 4.34
66.650287 4.34
66.661065 4.34
66.691537 4.02
66.702428 4.34
66.737662 4.34
66.748429 4.34
66.778787 4.34
66.791288 4.34
66.820067 4.34
66.830787 4.34
66.861538 4.34
66.872428 4.34
66.907663 4.34
66.918538 4.34
66.948788 4.34
66.961193 4.34
66.990190 4.34
67.006193 4.02
67.031539 4.34
67.042430 4.34
67.077664 4.34
67.088414 4.34
67.118789 4.34
67.134789 4.34
67.160069 4.34
67.170789 4.34
67.201430 4.34
67.212181 4.34
67.247791 4.34
67.263790 4.34
67.289070 4.34
67.299917 4.34
67.330195 4.34
67.346431 4.34
67.371433 4.34
67.382184 4.02
67.412541 4.34
67.423431 4.34
67.458667 4.34
67.469542 4.34
67.499667 4.34
67.510417 4.34
67.540919 4.34
67.551792 4.34
67.582444 4.34
67.593185 4.34
67.628922 4.34
67.639920 4.34
67.670434 4.34
67.681185 4.34
67.716669 4.34
67.727419 4.34
67.757794 4.34
67.773669 4.34
67.802074 4.34
67.812921 4.34
67.843544 4.34
67.854437 4.34
67.889670 4.34
67.900545 4.34
67.930795 4.34
67.946670 4.34
67.972073 4.34
67.982922 4.34
68.013545 4.34
68.024436 4.02
68.059671 4.34
68.070546 4.34
68.100796 4.02
68.116672 4.34
68.142201 4.34
68.158437 4.34
68.183439 4.34
68.194190 4.34
68.224422 4.34
68.235189 4.34
68.265547 4.34
68.276423 4.34
68.311673 4.34
68.322548 4.02
68.352798 4.34
68.368673 4.34
68.394200 4.34
68.410204 4.34
68.435549 4.34
68.446441 4.34
68.481956 4.34
68.492799 4.34
68.523443 4.34
68.534192 4.34
68.569800 4.34
68.585926 4.34
68.611203 4.34
68.627208 4.34
68.654176 4.34
68.665079 4.34
68.695551 4.34
68.706442 4.34
68.741801 4.34
68.757676 4.34
68.783078 4.34
68.793801 4.34
68.824442 4.34
68.835317 4.34
68.870801 4.34
68.886677 4.34
68.912207 4.34
68.928207 4.34
68.955179 4.34
68.966080 4.34
68.998179 4.34
69.008929 4.34
69.041179 4.34
69.052083 4.34
69.084180 4.34
69.094930 4.34
69.127180 4.34
69.137930 4.34
69.170180 4.34
69.181082 4.34
69.213181 4.34
69.223931 4.34
69.259804 4.34
69.275931 4.34
69.301085 4.34
69.313555 4.34
69.344182 4.34
69.354932 4.34
69.385447 4.34
69.396196 4.34
69.431806 4.34
69.447805 4.34
69.473210 4.34
69.491182 4.34
69.509448 4.34
69.536183 4.34
69.547087 4.34
69.582807 4.34
69.598807 4.34
69.624087 4.34
69.640085 4.34
69.667183 4.34
69.678084 4.34
69.710183 4.34
69.720934 4.34
69.756808 4.34
69.772934 4.34
69.798088 4.34
69.810558 4.34
69.844809 4.34
69.860934 4.34
69.886086 4.34
69.902086 4.34
69.932809 4.02
69.948935 4.34
69.974089 4.34
69.990213 4.02
70.020810 4.34
70.036810 4.02
70.062087 4.34
70.077936 4.34
70.108811 4.34
70.124811 4.34
70.150088 4.34
70.165936 4.34
70.196811 4.34
70.212937 4.34
70.238090 4.34
70.254214 4.34
70.279453 4.34
70.290204 4.34
70.320562 4.34
70.331437 4.34
70.361563 4.34
70.372438 4.34
70.402562 4.34
70.413438 4.34
70.443562 4.34
70.454438 4.34
70.484563 4.34
70.495438 4.34
70.525563 4.34
70.536439 4.34
70.566564 4.34
70.577439 4.34
70.607564 4.34
70.618439 4.34
70.648564 4.34
70.659440 4.34
70.689565 4.34
70.700440 4.34
70.730690 4.34
70.746690 4.34
70.771815 4.34
70.782565 4.34
70.813095 4.34
70.829333 4.34
70.859691 4.34
70.875816 4.34
70.900816 4.34
70.911691 4.34
70.942096 4.34
70.958096 4.34
70.988692 4.34
71.004816 4.34
71.029817 4.34
71.040567 4.34
71.071097 4.34
71.087221 4.34
71.112460 4.34
71.123210 4.34
71.153568 4.34
71.164443 4.34
71.194568 4.34
71.205443 4.34
71.235568 4.34
71.246444 4.34
71.276569 4.34
71.287444 4.34
71.317569 4.02
71.328444 4.34
71.358569 4.34
71.369444 4.34
71.399569 4.34
71.410335 4.34
71.440570 4.34
71.451445 4.34
71.481570 4.34
71.492445 4.34
71.522571 4.34
71.533446 4.34
71.563571 4.34
71.574446 4.34
71.604571 4.34
71.615336 4.34
71.645571 4.34
71.658103 4.02
71.686571 4.34
71.699104 4.34
71.727572 4.34
71.738337 4.34
71.768572 4.34
71.781103 4.34
71.809573 4.34
71.820448 4.34
71.850573 4.34
71.863103 4.34
71.891573 4.34
71.904105 4.34
71.932573 4.34
71.943448 4.02
71.973573 4.34
71.984449 4.34
72.014574 4.34
72.025449 4.34
72.055574 4.34
72.066450 4.34
72.096574 4.34
72.107450 4.34
72.137575 4.34
72.150076 4.34
72.178575 4.34
72.189451 4.34
72.219575 4.34
72.230451 4.34
72.260576 4.34
72.273077 4.34
72.301576 4.34
72.312451 4.34
72.342576 4.34
72.355078 4.34
72.383576 4.02
72.396078 4.34
72.424576 4.02
72.435452 4.34
72.465577 4.34
72.478079 4.34
72.506577 4.02
72.519079 4.34
72.547578 4.34
72.560079 4.34
72.588578 4.34
72.600955 4.34
72.629579 4.34
72.641955 4.34
72.670579 4.34
72.682955 4.34
72.711578 4.34
72.723955 4.34
72.752579 4.34
72.764955 4.34
72.793579 4.34
72.805956 4.34
72.834580 4.34
72.846956 4.34
72.875580 4.34
72.887957 4.34
72.916580 4.34
72.928957 4.34
72.957580 4.02
72.969957 4.34
72.998581 4.34
73.014705 4.34
73.039581 4.34
73.051958 4.34
73.080581 4.34
73.092958 4.34
73.121582 4.34
73.137582 4.34
73.162582 4.34
73.178707 4.34
73.203707 4.34
73.214457 4.34
73.244959 4.34
73.260959 4.34
73.291708 4.34
73.302458 4.34
73.332960 4.34
73.349083 4.34
73.374083 4.34
73.384833 4.34
73.415226 4.34
73.426084 4.34
73.456459 4.34
73.467227 4.02
73.497585 4.02
73.513709 4.34
73.538709 4.02
73.549460 4.34
73.579962 4.34
73.596085 4.02
73.626710 4.02
73.637460 4.34
73.667962 4.34
73.684086 4.34
73.714711 4.34
73.725461 4.34
73.755962 4.34
73.772086 4.34
73.802712 4.34
73.813461 4.34
73.843964 4.34
73.860105 4.34
73.885242 4.34
73.895964 4.34
73.926462 4.34
73.937230 4.34
73.967588 4.02
73.983713 4.34
74.008713 4.34
74.019463 4.02
74.049965 4.34
74.066103 4.34
74.096714 4.34
74.107463 4.34
74.138106 4.34
74.148839 4.34
74.184714 4.34
74.195464 4.34
74.225966 4.34
74.241966 4.34
74.272715 4.34
74.283464 4.34
74.313966 4.34
74.329967 4.34
74.360715 4.34
74.371465 4.34
74.401841 4.34
74.412590 4.34
74.443244 4.34
74.453968 4.34
74.484591 4.02
74.500716 4.34
74.525717 4.34
74.536592 4.34
74.566997 4.34
74.582968 4.02
74.613718 4.02
74.624467 4.34
74.654969 4.34
74.671122 4.34
74.701718 4.34
74.712468 4.34
74.742969 4.34
74.758969 4.34
74.789718 4.34
74.800468 4.34
74.830970 4.34
74.846969 4.34
74.877719 4.34
74.893594 4.34
74.918971 4.02
74.935123 4.34
74.960250 4.34
74.971123 4.34
75.001595 4.34
75.017595 4.02
75.042720 4.34
75.053595 4.34
75.083973 4.02
75.100126 4.34
75.126976 4.34
75.137846 4.34
75.169976 4.34
75.180846 4.34
75.216722 4.34
75.227471 4.02
75.257973 4.34
75.274123 4.02
75.300977 4.34
75.311847 4.34
75.343977 4.02
75.354847 4.02
75.386977 4.34
75.397848 4.34
75.433723 4.02
75.444472 4.34
75.474975 4.02
75.491128 4.02
75.517853 4.34
75.528598 4.02
75.560879 4.34
75.571599 4.02
75.607600 4.34
75.623725 4.02
75.648724 4.02
75.659600 4.34
75.689850 4.34
75.702365 4.34
75.732868 4.34
75.743850 4.34
75.779725 4.34
75.790475 4.02
75.820994 4.34
75.837118 4.34
75.862492 4.34
75.878495 4.34
75.903726 4.34
75.914476 4.02
75.944978 4.34
75.955851 4.34
75.987857 4.34
75.998602 4.34
76.034502 4.02
76.050494 4.34
76.075727 4.34
76.086602 4.34
76.116852 4.02
76.132853 4.34
76.163495 4.02
76.179496 4.02
76.204728 4.02
76.215479 4.34
76.245981 4.02
76.256854 4.02
76.292496 4.34
76.308497 4.34
76.333729 4.02
76.344479 4.34
76.374981 4.34
76.385854 4.02
76.421496 4.34
76.437496 4.34
76.462730 4.34
76.473605 4.34
76.503982 4.34
76.514855 4.34
76.550496 4.34
76.566496 4.34
76.591731 4.34
76.602606 4.34
76.632983 4.34
76.643856 4.34
76.679732 4.34
76.690607 4.34
76.720984 4.34
76.731857 4.34
76.767500 4.34
76.783497 4.34
76.808732 4.34
76.819483 4.34
76.849985 4.34
76.860858 4.34
76.896733 4.34
76.907484 4.34
76.937985 4.34
76.948859 4.34
76.984501 4.34
77.000500 4.34
77.025734 4.34
77.036484 4.34
77.066986 4.34
77.077860 4.34
77.113735 4.34
77.124610 4.34
77.154987 4.34
77.165860 4.34
77.201504 4.34
77.217500 4.34
77.242736 4.34
77.253611 4.34
77.283987 4.34
77.294861 4.02
77.330737 4.34
77.341611 4.34
77.371989 4.34
77.382862 4.34
77.418504 4.34
77.434504 4.34
77.459738 4.34
77.470613 4.34
77.500989 4.02
77.511862 4.34
77.547738 4.34
77.558488 4.34
77.589143 4.34
77.599989 4.34
77.630503 4.34
77.646506 4.34
77.671739 4.34
77.682489 4.34
77.712739 4.34
77.723489 4.34
77.753990 4.34
77.764864 4.34
77.800507 4.34
77.816505 4.34
77.841740 4.34
77.854255 4.34
77.888145 4.34
77.898991 4.34
77.929507 4.34
77.945507 4.34
77.970741 4.34
77.981616 4.34
78.011991 4.34
78.022866 4.34
78.053509 4.34
78.069509 4.34
78.094742 4.34
78.105617 4.34
78.135993 4.34
78.146867 4.34
78.182510 4.34
78.198509 4.34
78.223743 4.34
78.236259 4.34
78.264994 4.02
78.275868 4.34
78.307747 4.02
78.318618 4.34
78.348994 4.34
78.359868 4.34
78.395512 4.34
78.411512 4.34
78.436744 4.34
78.449134 4.34
78.477996 4.34
78.488870 4.34
78.524513 4.34
78.540513 4.34
78.565745 4.34
78.578137 4.34
78.615387 4.34
78.627749 4.02
78.656496 4.02
78.672621 4.34
78.697621 4.34
78.708497 4.34
78.738746 4.34
78.751139 4.34
78.779997 4.34
78.790872 4.34
78.826388 4.34
78.842389 4.34
78.867622 4.34
78.878498 4.34
78.908748 4.34
78.924748 4.34
78.958390 4.34
78.974390 4.34
78.999498 4.34
79.010390 4.34
79.040499 4.34
79.051389 4.34
79.081499 4.02
79.092389 4.34
79.122624 4.34
79.133499 4.34
79.163749 4.34
79.179749 4.34
79.205001 4.34
79.215875 4.34
79.251517 4.34
79.262265 4.34
79.292501 4.34
79.303267 4.34
79.333626 4.34
79.344501 4.34
79.374751 4.34
79.390751 4.34
79.416002 4.34
79.426876 4.34
79.457280 4.34
79.468003 4.34
79.498627 4.34
79.509502 4.34
79.539752 4.34
79.555627 4.34
79.581029 4.02
79.591877 4.34
79.622519 4.34
79.633270 4.34
79.663628 4.34
79.674503 4.34
79.704753 4.34
79.720753 4.34
79.746005 4.34
79.756878 4.34
79.787285 4.34
79.798005 4.34
79.828629 4.34
79.839504 4.34
79.869754 4.34
79.885754 4.34
79.910880 4.34
79.921629 4.34
79.957522 4.02
79.968270 4.34
79.998505 4.34
80.009272 4.34
80.039630 4.34
80.050505 4.34
80.080756 4.02
80.096756 4.34
80.122008 4.34
80.132881 4.02
80.168524 4.34
80.179273 4.34
80.209507 4.34
80.220272 4.34
80.250632 4.34
80.261507 4.34
80.291757 4.02
80.307757 4.34
80.333009 4.34
80.343883 4.34
80.374286 4.34
80.390275 4.34
80.415633 4.34
80.426509 4.34
80.456759 4.34
80.472633 4.34
80.498009 4.34
80.508883 4.34
80.539286 4.34
80.555400 4.34
80.580510 4.34
80.591274 4.34
80.621635 4.34
80.632510 4.34
80.662760 4.34
80.678760 4.34
80.705765 4.34
80.716635 4.34
80.747011 4.34
80.757760 4.34
80.788290 4.34
80.804403 4.34
80.829636 4.34
80.842166 4.34
80.870762 4.34
80.886762 4.34
80.911887 4.34
80.922637 4.34
80.958404 4.34
80.974403 4.34
80.999637 4.02
81.012164 4.34
81.040763 4.34
81.056763 4.34
81.083639 4.34
81.094404 4.34
81.124763 4.34
81.140763 4.34
81.167640 4.34
81.178403 4.34
81.208764 4.34
81.224764 4.34
81.251641 4.34
81.262407 4.34
81.292765 4.34
81.308764 4.34
81.339169 4.34
81.351640 4.34
81.380640 4.34
81.393016 4.34
81.421766 4.34
81.437766 4.34
81.471408 4.34
81.487406 4.34
81.512641 4.34
81.528641 4.34
81.553767 4.34
81.569766 4.34
81.600170 4.34
81.610892 4.34
81.641408 4.34
81.652159 4.34
81.682642 4.34
81.698642 4.34
81.723767 4.34
81.734642 4.34
81.770408 4.34
81.781169 4.34
81.811643 4.34
81.827518 4.34
81.852768 4.34
81.863518 4.34
81.899411 4.34
81.910159 4.34
81.940519 4.34
81.951287 4.34
81.981519 4.34
81.992287 4.34
82.022519 4.34
82.033285 4.34
82.063520 4.34
82.074288 4.34
82.104645 4.34
82.120645 4.34
82.145770 4.34
82.156646 4.34
82.192412 4.34
82.203172 4.34
82.233646 4.34
82.249521 4.34
82.274771 4.34
82.285521 4.34
82.321414 4.34
82.332175 4.34
82.362523 4.34
82.373289 4.34
82.403648 4.34
82.419647 4.34
82.444772 4.34
82.455523 4.34
82.491413 4.34
82.502289 4.34
82.532523 4.34
82.543291 4.34
82.573523 4.34
82.584291 4.34
82.614524 4.34
82.625414 4.34
82.655649 4.34
82.671524 4.34
82.696774 4.34
82.707649 4.34
82.743176 4.34
82.753902 4.34
82.784525 4.34
82.795416 4.34
82.825525 4.34
82.836417 4.34
82.866651 4.34
82.882650 4.34
82.907776 4.34
82.918650 4.34
82.954418 4.34
82.965178 4.34
82.995526 4.34
83.006417 4.34
83.036651 4.34
83.052527 4.34
83.077777 4.34
83.088527 4.34
83.124418 4.34
83.135183 4.34
83.165652 4.34
83.181653 4.34
83.206778 4.34
83.217528 4.34
83.253295 4.34
83.269183 4.34
83.294528 4.34
83.305423 4.34
83.335654 4.34
83.351529 4.34
83.376779 4.34
83.387654 4.34
83.423419 4.34
83.434182 4.34
83.464530 4.34
83.477059 4.34
83.505655 4.34
83.521655 4.34
83.546780 4.34
83.557655 4.34
83.588182 4.34
83.604186 4.34
83.629421 4.34
83.640184 4.34
83.670531 4.34
83.681423 4.34
83.711656 4.34
83.727532 4.34
83.752781 4.34
83.763532 4.34
83.794187 4.34
83.810184 4.34
83.835422 4.34
83.846186 4.34
83.876532 4.34
83.889061 4.34
83.917533 4.34
83.929909 4.34
83.958658 4.34
83.974533 4.34
83.999783 4.34
84.010658 4.34
84.042543 4.34
84.053427 4.34
84.083659 4.34
84.099677 4.34
84.124784 4.34
84.135534 4.34
84.166188 4.34
84.182189 4.34
84.207535 4.34
84.219914 4.34
84.248535 4.34
84.260913 4.34
84.289660 4.34
84.305661 4.34
84.330786 4.34
84.341661 4.34
84.377190 4.34
84.393190 4.34
84.418536 4.34
84.430913 4.34
84.459662 4.34
84.475662 4.34
84.500787 4.34
84.511662 4.34
84.542067 4.34
84.554547 4.34
84.583192 4.34
84.599191 4.34
84.624432 4.34
84.635180 4.34
84.665538 4.34
84.681538 4.34
84.706664 4.34
84.722664 4.34
84.747789 4.34
84.758539 4.34
84.794192 4.34
84.810194 4.34
84.835539 4.34
84.851539 4.34
84.876665 4.34
84.892665 4.34
84.917790 4.34
84.928539 4.34
84.964195 4.34
84.980196 4.34
85.005540 4.34
85.021540 4.34
85.046540 4.34
85.062416 4.34
85.087666 4.34
85.103541 4.34
85.128791 4.34
85.139541 4.34
85.170196 4.34
85.186197 4.34
85.211436 4.34
85.222182 4.34
85.252667 4.34
85.268667 4.34
85.293792 4.34
85.304543 4.34
85.335198 4.34
85.351185 4.34
85.376543 4.34
85.392418 4.34
85.417668 4.34
85.433543 4.34
85.458794 4.34
85.469669 4.34
85.500312 4.34
85.511312 4.34
85.541544 4.34
85.557419 4.34
85.582545 4.34
85.598545 4.02
85.623545 4.34
85.639545 4.34
85.664670 4.34
85.680545 4.34
85.705795 4.34
85.716670 4.34
85.747072 4.02
85.757796 4.34
85.788546 4.34
85.804546 4.34
85.829671 4.02
85.845671 4.34
85.872548 4.34
85.883440 4.34
85.913547 4.34
85.929422 4.34
85.954547 4.34
85.970421 4.34
85.995546 4.34
86.011421 4.34
86.036546 4.34
86.052422 4.34
86.077547 4.34
86.093422 4.34
86.118547 4.34
86.134422 4.34
86.159547 4.34
86.175422 4.34
86.200547 4.34
86.216423 4.34
86.241548 4.34
86.257423 4.34
86.282548 4.34
86.298423 4.34
86.323548 4.34
86.339424 4.34
86.364549 4.02
86.380423 4.34
86.405549 4.34
86.421424 4.34
86.446549 4.34
86.462424 4.34
86.487549 4.34
86.503425 4.34
86.528550 4.34
86.544425 4.34
86.569550 4.34
86.585426 4.34
86.610551 4.34
86.626425 4.34
86.651551 4.34
86.667426 4.34
86.692550 4.34
86.708426 4.34
86.733551 4.34
86.749426 4.34
86.774552 4.34
86.790427 4.34
86.815552 4.34
86.831427 4.34
86.856552 4.34
86.872428 4.34
86.897553 4.34
86.913443 4.34
86.938554 4.34
86.949429 4.02
86.984931 4.34
87.000931 4.34
87.026445 4.34
87.038805 4.34
87.067555 4.34
87.083555 4.34
87.108555 4.34
87.119431 4.34
87.149556 4.34
87.160431 4.34
87.190556 4.34
87.201431 4.34
87.231556 4.34
87.242431 4.34
87.272681 4.34
87.283557 4.34
87.318933 4.34
87.334933 4.34
87.360447 4.02
87.376448 4.34
87.401558 4.34
87.417557 4.34
87.442557 4.34
87.453432 4.34
87.483558 4.34
87.494433 4.34
87.524558 4.34
87.535433 4.34
87.565558 4.34
87.576451 4.34
87.606559 4.02
87.617434 4.34
87.647559 4.34
87.658434 4.34
87.688559 4.02
87.699435 4.34
87.729559 4.34
87.740435 4.34
87.770560 4.34
87.781435 4.34
87.811560 4.34
87.822435 4.34
87.852561 4.34
87.863452 4.34
87.893561 4.34
87.904436 4.34
87.934561 4.34
87.945437 4.34
87.980938 4.34
87.996938 4.34
88.022217 4.34
88.032938 4.34
88.063452 4.34
88.079455 4.34
88.104563 4.34
88.115438 4.02
88.145562 4.34
88.156437 4.34
88.186562 4.34
88.197438 4.34
88.232940 4.34
88.248940 4.34
88.274455 4.34
88.290457 4.34
88.315689 4.34
88.326564 4.34
88.361941 4.34
88.377940 4.34
88.403458 4.34
88.419454 4.34
88.444565 4.34
88.460565 4.34
88.485565 4.34
88.496440 4.34
88.526565 4.34
88.537440 4.34
88.567691 4.34
88.578566 4.34
88.614065 4.34
88.629944 4.34
88.655458 4.34
88.671460 4.34
88.696567 4.34
88.712441 4.34
88.737567 4.34
88.748442 4.34
88.778567 4.34
88.789442 4.34
88.819692 4.34
88.830568 4.34
88.865944 4.34
88.881944 4.34
88.907460 4.34
88.923460 4.34
88.948443 4.34
88.964461 4.34
88.989444 4.34
89.005568 4.34
89.030444 4.34
89.046444 4.34
89.071444 4.34
89.087445 4.34
89.112444 4.34
89.128444 4.34
89.153445 4.34
89.169445 4.34
89.194445 4.34
89.210445 4.34
89.235445 4.34
89.251461 4.34
89.276446 4.02
89.292571 4.34
89.317446 4.34
89.333446 4.34
89.358447 4.34
89.374446 4.34
89.399446 4.02
89.415447 4.34
89.440446 4.34
89.456447 4.02
89.481448 4.34
89.497447 4.34
89.522447 4.34
89.538466 4.34
89.563448 4.34
89.579573 4.34
89.604448 4.34
89.620465 4.34
89.645449 4.34
89.661448 4.34
89.686448 4.34
89.702448 4.34
89.727449 4.34
89.743449 4.34
89.768449 4.34
89.784449 4.34
89.809449 4.34
89.825467 4.34
89.850450 4.34
89.861216 4.34
89.891450 4.34
89.907450 4.34
89.932450 4.34
89.948450 4.34
89.973451 4.02
89.989450 4.34
90.014451 4.34
90.030451 4.34
90.055451 4.34
90.071451 4.34
90.096452 4.02
90.107219 4.34
90.137452 4.34
90.148220 4.34
90.178451 4.02
90.189219 4.34
90.219452 4.34
90.230219 4.34
90.260453 4.34
90.271218 4.34
90.301453 4.34
90.312220 4.34
90.342453 4.34
90.353220 4.34
90.383454 4.34
90.394221 4.34
90.424454 4.34
90.435221 4.34
90.465454 4.34
90.476222 4.34
90.506454 4.34
90.517221 4.34
90.547454 4.34
90.558222 4.34
90.588455 4.34
90.599222 4.34
90.629455 4.34
90.640220 4.34
90.670456 4.34
90.681224 4.34
90.711456 4.34
90.722223 4.34
90.752456 4.34
90.763223 4.34
90.793456 4.34
90.804222 4.34
90.834457 4.34
90.845223 4.02
90.875457 4.34
90.886224 4.34
90.916457 4.34
90.927225 4.34
90.957457 4.34
90.968225 4.34
90.998583 4.34
91.009458 4.34
91.039583 4.34
91.050458 4.34
91.085833 4.34
91.096583 4.34
91.127236 4.34
91.137960 4.34
91.168584 4.34
91.179459 4.34
91.214834 4.34
91.225584 4.34
91.256236 4.34
91.267085 4.34
91.297460 4.34
91.308227 4.34
91.338585 4.34
91.349460 4.34
91.384835 4.34
91.395585 4.34
91.426240 4.34
91.437086 4.34
91.467461 4.34
91.478227 4.34
91.508461 4.34
91.519228 4.34
91.549587 4.34
91.560462 4.34
91.595837 4.34
91.606712 4.34
91.637242 4.34
91.649837 4.34
91.678462 4.34
91.689229 4.34
91.719588 4.34
91.730463 4.34
91.765838 4.34
91.776588 4.34
91.807240 4.34
91.819838 4.34
91.848589 4.34
91.859464 4.34
91.894839 4.34
91.907340 4.34
91.936243 4.34
91.948714 4.34
91.977590 4.34
91.988465 4.34
92.023840 4.34
92.034714 4.34
92.065245 4.34
92.077840 4.34
92.106590 4.34
92.117466 4.34
92.152841 4.34
92.165342 4.34
92.194245 4.34
92.206841 4.34
92.235467 4.34
92.246234 4.34
92.276592 4.34
92.287467 4.34
92.322842 4.34
92.335343 4.34
92.364244 4.34
92.380482 4.34
92.405468 4.34
92.416236 4.34
92.446593 4.34
92.457468 4.34
92.492843 4.34
92.505220 4.34
92.534245 4.34
92.550112 4.34
92.575594 4.34
92.586484 4.34
92.621844 4.34
92.637719 4.34
92.663113 4.34
92.673971 4.34
92.704487 4.34
92.715237 4.34
92.745595 4.34
92.756470 4.34
92.791845 4.34
92.807845 4.34
92.833250 4.34
92.849247 4.34
92.874471 4.34
92.885236 4.34
92.915596 4.34
92.926471 4.34
92.961846 4.34
92.977846 4.34
93.003250 4.34
93.019252 4.34
93.044472 4.34
93.055240 4.34
93.085597 4.34
93.096472 4.34
93.131847 4.34
93.147847 4.34
93.173252 4.34
93.189252 4.34
93.214598 4.34
93.225490 4.34
93.260848 4.34
93.276723 4.34
93.302254 4.34
93.318241 4.34
93.343599 4.34
93.354475 4.34
93.389850 4.34
93.405724 4.34
93.431252 4.34
93.447118 4.34
93.472475 4.34
93.488493 4.34
93.513601 4.34
93.524476 4.34
93.559851 4.34
93.575851 4.34
93.601254 4.34
93.617119 4.34
93.642601 4.34
93.653476 4.34
93.688851 4.34
93.704726 4.34
93.730255 4.34
93.746119 4.34
93.771603 4.34
93.782477 4.34
93.817852 4.34
93.833728 4.34
93.859255 4.34
93.875257 4.34
93.900603 4.34
93.911496 4.34
93.946854 4.34
93.962728 4.34
93.988266 4.34
94.004258 4.34
94.029479 4.34
94.040247 4.34
94.070605 4.34
94.081479 4.34
94.111855 4.34
94.127730 4.34
94.153259 4.34
94.169246 4.34
94.194605 4.34
94.205480 4.34
94.240856 4.34
94.256731 4.34
94.282135 4.34
94.292983 4.34
94.325232 4.34
94.336133 4.34
94.366499 4.34
94.377249 4.34
94.412857 4.34
94.428732 4.34
94.454262 4.34
94.470134 4.34
94.497234 4.34
94.508135 4.34
94.538501 4.34
94.549250 4.34
94.581234 4.34
94.592137 4.34
94.622501 4.34
94.633248 4.34
94.665234 4.34
94.675984 4.02
94.708234 4.34
94.719139 4.02
94.751235 4.34
94.762002 4.34
94.794235 4.34
94.805000 4.34
94.835505 4.34
94.846252 4.34
94.876735 4.34
94.889236 4.34
94.918138 4.34
94.930610 4.34
94.961268 4.34
94.972016 4.34
95.007861 4.34
95.018861 4.34
95.049378 4.34
95.060126 4.34
95.092265 4.34
95.103017 4.34
95.135267 4.34
95.146141 4.02
95.181737 4.34
95.197863 4.34
95.223016 4.34
95.233863 4.34
95.264505 4.02
95.275380 4.02
95.305738 4.34
95.321863 4.34
95.346990 4.34
95.357863 4.34
95.388504 4.34
95.399256 4.34
95.429739 4.34
95.442115 4.34
95.471020 4.34
95.481864 4.34
95.512507 4.34
95.523380 4.34
95.558740 4.34
95.574740 4.34
95.600018 4.34
95.610865 4.34
95.641506 4.34
95.652258 4.34
95.682741 4.34
95.698741 4.34
95.723866 4.34
95.739866 4.34
95.765269 4.34
95.776022 4.34
95.811866 4.34
95.822742 4.34
95.853272 4.34
95.864144 4.34
95.899867 4.34
95.910742 4.34
95.941384 4.02
95.952133 4.34
95.987743 4.34
96.003618 4.34
96.029025 4.34
96.039868 4.34
96.070509 4.34
96.081261 4.34
96.111743 4.34
96.127744 4.34
96.152996 4.34
96.163869 4.34
96.194271 4.34
96.204995 4.34
96.240744 4.34
96.256870 4.34
96.284996 4.34
96.295870 4.34
96.326275 4.34
96.337150 4.34
96.372870 4.34
96.383621 4.34
96.414274 4.34
96.425151 4.34
96.460871 4.34
96.471621 4.34
96.502273 4.34
96.512998 4.34
96.548747 4.34
96.564872 4.34
96.593152 4.34
96.609276 4.34
96.634514 4.34
96.645265 4.34
96.675748 4.34
96.691748 4.34
96.716999 4.34
96.727873 4.34
96.758276 4.34
96.769150 4.34
96.804874 4.34
96.815624 4.34
96.846278 4.34
96.857153 4.34
96.892749 4.34
96.908875 4.34
96.934000 4.34
96.944875 4.34
96.975151 4.34
96.991001 4.34
97.016515 4.34
97.027268 4.34
97.062875 4.34
97.073625 4.34
97.104280 4.34
97.115154 4.34
97.150876 4.34
97.161626 4.34
97.192280 4.34
97.203155 4.34
97.238876 4.34
97.249626 4.34
97.280281 4.34
97.291155 4.34
97.326752 4.34
97.342752 4.34
97.368004 4.34
97.378877 4.34
97.409282 4.34
97.420156 4.34
97.455878 4.34
97.466628 4.34
97.497394 4.34
97.508395 4.34
97.543879 4.34
97.554629 4.34
97.585283 4.34
97.596156 4.34
97.631879 4.34
97.642629 4.34
97.673284 4.34
97.684160 4.34
97.719630 4.34
97.730505 4.34
97.760755 4.34
97.776755 4.34
97.802006 4.34
97.812880 4.34
97.843285 4.34
97.854007 4.34
97.889882 4.34
97.900756 4.34
97.931284 4.34
97.942008 4.34
97.977882 4.34
97.988757 4.34
98.019284 4.34
98.030009 4.34
98.065882 4.34
98.076757 4.34
98.107286 4.34
98.118162 4.34
98.153633 4.34
98.166009 4.34
98.194758 4.34
98.210634 4.34
98.236009 4.34
98.248509 4.34
98.277286 4.34
98.288161 4.34
98.323760 4.34
98.339885 4.34
98.365011 4.34
98.377509 4.34
98.406289 4.34
98.417162 4.34
98.452760 4.34
98.468885 4.34
98.497162 4.34
98.513289 4.34
98.543636 4.34
98.556012 4.34
98.584761 4.34
98.600636 4.34
98.626012 4.34
98.638511 4.34
98.667405 4.34
98.678163 4.34
98.708637 4.34
98.724637 4.34
98.749762 4.34
98.760637 4.34
98.791013 4.34
98.807013 4.34
98.837638 4.34
98.853638 4.34
98.878763 4.34
98.889638 4.34
98.920030 4.34
98.936298 4.34
98.966920 4.34
98.977908 4.34
99.013644 4.34
99.029644 4.34
99.055177 4.34
99.065892 4.34
99.101642 4.34
99.117641 4.34
99.143170 4.34
99.154016 4.34
99.189641 4.34
99.205640 4.34
99.230766 4.34
99.241516 4.34
99.272016 4.34
99.288016 4.34
99.313284 4.34
99.324017 4.34
99.359642 4.34
99.375642 4.34
99.400767 4.34
99.411517 4.34
99.442170 4.34
99.453017 4.34
99.488643 4.34
99.504643 4.34
99.529768 4.34
99.540643 4.34
99.571441 4.34
