0.000000 0.000000
0.041846 4.68
0.054338 4.34
0.083119 4.68
0.094125 3.67
0.126404 2.66
0.137620 2.66
0.168118 2.66
0.179112 2.66
0.214973 2.66
0.225831 2.66
0.256079 2.66
0.266828 2.66
0.297077 2.66
0.307828 2.66
0.338077 2.66
0.348826 2.66
0.379076 2.66
0.389825 2.66
0.420091 2.66
0.430968 2.66
0.461326 2.66
0.472077 2.66
0.504227 2.66
0.515093 2.66
0.547226 2.66
0.558090 2.66
0.593726 2.66
0.606228 2.66
0.635093 2.66
0.645968 2.66
0.676094 2.66
0.686970 2.66
0.717328 2.66
0.728078 2.66
0.764035 2.66
0.774990 2.66
0.805621 2.66
0.816636 2.66
0.847247 2.66
0.863622 2.66
0.894110 2.66
0.905107 2.66
0.941123 2.66
0.953910 2.66
0.982858 4.02
0.999110 4.34
1.024464 4.34
1.040748 4.34
1.066101 4.34
1.076976 4.34
1.112833 4.34
1.125239 4.02
1.154097 4.34
1.164974 4.34
1.200735 4.34
1.216731 4.34
1.242095 4.34
1.252970 4.34
1.283082 4.34
1.293973 4.34
1.324082 4.34
1.334971 4.34
1.365082 4.34
1.375975 4.34
1.406222 4.34
1.422208 4.34
1.447994 4.34
1.458997 4.34
1.489605 4.34
1.502288 4.34
1.531246 4.34
1.547674 4.34
1.575114 4.34
1.586117 4.34
1.621984 4.34
1.632985 4.34
1.665289 4.34
1.676346 4.34
1.711984 4.34
1.722985 4.34
1.753465 4.34
1.764340 4.68
1.795106 4.68
1.805856 4.34
1.836463 4.34
1.847338 4.34
1.878106 4.34
1.888853 4.34
1.919212 4.34
1.935087 4.34
1.960212 4.34
1.976088 4.34
2.001212 4.34
2.017088 4.34
2.042213 4.34
2.058088 4.34
2.083214 4.34
2.099088 4.34
2.124214 4.34
2.140089 4.34
2.165214 4.34
2.181089 4.34
2.206214 4.68
2.222089 4.34
2.247214 4.34
2.263214 4.68
2.288215 4.34
2.304090 4.34
2.329215 4.34
2.345090 4.34
2.370215 4.68
2.386090 4.34
2.411215 4.68
2.427090 4.68
2.452215 4.68
2.468091 4.68
2.493341 4.68
2.509216 4.34
2.536246 4.68
2.547106 4.34
2.582716 4.34
2.593467 4.68
2.624108 4.34
2.636594 4.34
2.665342 4.34
2.681217 4.34
2.708219 4.34
2.719112 4.34
2.749218 4.34
2.765093 4.34
2.790218 4.68
2.806093 4.68
2.831218 4.34
2.847094 4.34
2.872219 4.68
2.888094 4.34
2.913219 4.34
2.929095 4.34
2.954220 4.34
2.970094 4.68
2.995220 4.68
3.011095 4.68
3.036220 4.34
3.052095 4.68
3.077220 4.68
3.093095 4.34
3.118220 4.68
3.134096 4.68
3.159221 4.34
3.175096 4.68
3.200221 4.34
3.216096 4.34
3.241222 4.34
3.257097 4.34
3.282222 4.34
3.298097 4.34
3.323222 4.34
3.334097 4.34
3.364222 4.34
3.375097 4.34
3.405222 4.34
3.416098 4.34
3.446223 4.34
3.457098 4.68
3.487223 4.34
3.498098 4.34
3.528224 4.34
3.539116 4.34
3.569224 4.34
3.580099 4.34
3.610349 4.34
3.621099 4.34
3.656724 4.34
3.672600 4.68
3.698116 4.68
3.714123 4.68
3.739100 4.68
3.755100 4.34
3.780100 4.68
3.796226 4.68
3.821101 4.34
3.837101 4.34
3.862226 4.34
3.878101 4.68
3.903351 4.68
3.914101 4.68
3.949744 4.68
3.965744 4.68
3.991118 4.34
4.007118 4.34
4.032102 4.34
4.048227 4.34
4.073103 4.34
4.089103 4.68
4.114103 4.34
4.130103 4.68
4.155228 4.34
4.171228 4.34
4.196353 4.34
4.207103 4.34
4.242746 4.34
4.258604 4.34
4.284229 4.34
4.300229 4.34
4.325354 4.34
4.336103 4.34
4.371608 4.34
4.387747 4.34
4.412884 4.34
4.423748 4.34
4.454230 4.34
4.470105 4.34
4.495355 4.34
4.506105 4.34
4.541607 4.34
4.557607 4.34
4.583121 4.34
4.599123 4.34
4.624356 4.34
4.640481 4.68
4.670749 4.34
4.686749 4.68
4.712122 4.68
4.728123 4.34
4.753108 4.68
4.769233 4.68
4.794233 4.34
4.810108 4.68
4.840483 4.68
4.851233 4.34
4.881888 4.68
4.892750 4.68
4.923234 4.34
4.939234 4.34
4.964359 4.68
4.975234 4.34
5.010611 4.34
5.026611 4.34
5.052125 4.68
5.068126 4.68
5.093484 4.34
5.104359 4.34
5.134886 4.34
5.145753 4.68
5.176236 4.34
5.192235 4.68
5.217361 4.34
5.228235 4.68
5.263762 4.68
5.279612 4.34
5.305111 4.68
5.321130 4.34
5.346111 4.34
5.362127 4.68
5.387237 4.34
5.403112 4.34
5.430113 4.34
5.441005 4.34
5.471237 4.68
5.487237 4.68
5.514113 4.68
5.525005 4.68
5.555113 4.34
5.571131 4.34
5.596238 4.34
5.607113 4.68
5.639146 4.68
5.650004 4.68
5.680807 4.34
5.691805 4.34
5.722373 4.34
5.733247 4.34
5.764011 4.34
5.779993 4.68
5.804992 4.68
5.817491 4.68
5.846255 5.00
5.857131 5.00
5.887642 5.00
5.903642 5.00
5.929128 5.00
5.945240 5.00
5.970115 5.00
5.986129 5.00
6.011115 5.00
6.027129 5.00
6.052117 5.00
6.068130 5.00
6.093116 5.00
6.109131 5.35
6.139823 5.00
6.150810 5.35
6.181374 5.00
6.192248 5.35
6.223024 5.35
6.239025 5.00
6.264245 5.00
6.275120 5.00
6.310494 5.35
6.323023 5.00
6.355137 5.35
6.371135 5.35
6.396244 5.35
6.407119 5.00
6.437814 5.00
6.448808 5.35
6.479375 5.35
6.490375 5.35
6.521026 5.35
6.537150 5.35
6.567788 5.35
6.578657 5.35
6.609138 5.35
6.624995 5.35
6.650119 5.35
6.660870 5.35
6.691120 5.35
6.706995 5.35
6.732120 5.35
6.747995 5.35
6.773129 5.35
6.783879 5.35
6.814126 5.35
6.824876 5.35
6.855124 5.35
6.865874 5.35
6.896123 5.35
6.906873 5.35
6.937122 5.35
6.947873 5.35
6.978122 5.35
6.988872 5.35
7.019122 5.35
7.029872 5.35
7.065943 5.35
7.078507 5.35
7.112798 5.35
7.123788 5.35
7.154377 5.35
7.165377 5.35
7.195777 5.35
7.206655 5.35
7.237251 5.35
7.248142 5.35
7.283500 5.35
7.299499 5.35
7.324776 5.35
7.335653 5.35
7.371800 5.35
7.382682 5.35
7.413383 5.35
7.424382 5.35
7.454900 5.35
7.465789 5.35
7.496255 5.35
7.507146 5.35
7.537660 5.35
7.553659 5.35
7.579019 5.35
7.595144 5.35
7.620145 5.35
7.636128 5.35
7.661128 5.35
7.672021 5.35
7.702822 5.35
7.713835 5.35
7.746050 5.35
7.757028 5.35
7.792668 5.35
7.808666 5.35
7.834025 5.35
7.850146 5.35
7.875255 5.35
7.886130 5.35
7.921505 5.35
7.937505 5.35
7.965783 5.35
7.976830 5.35
8.012640 5.35
8.028907 5.35
8.054262 5.35
8.065137 5.35
8.095796 5.35
8.106636 5.35
8.137259 5.35
8.148134 5.35
8.183634 5.35
8.199664 5.35
8.225148 5.35
8.241147 5.35
8.266133 5.69
8.277025 5.35
8.312914 5.69
8.342681 5.35
8.353513 5.35
8.384270 5.35
8.395264 5.35
8.425924 5.35
8.442145 5.35
8.472811 5.35
8.483808 5.35
8.519679 5.35
8.530513 5.69
8.561154 5.35
8.572029 5.69
8.602669 5.69
8.613511 5.69
8.644151 5.69
8.655027 5.69
8.690510 5.69
8.706511 5.69
8.732027 5.69
8.748029 5.35
8.775790 5.69
8.786637 5.35
8.817152 5.35
8.827902 5.69
8.863512 5.69
8.875888 5.69
8.904916 5.35
8.920916 5.35
8.946137 5.35
8.956905 5.35
8.987262 5.69
8.998138 5.35
9.033513 5.35
9.049513 5.35
9.074917 5.35
9.090791 5.35
9.116263 5.35
9.127139 5.35
9.162514 5.35
9.178389 5.35
9.204029 5.35
9.220031 5.35
9.245154 5.35
9.256032 5.35
9.291515 5.35
9.307389 5.69
9.332919 5.35
9.348919 5.69
9.374265 5.35
9.385140 5.35
9.420515 5.69
9.436391 5.35
9.462031 5.35
9.478033 5.35
9.503158 5.35
9.513906 5.35
9.549516 5.69
9.565392 5.35
9.590921 5.35
9.607034 5.35
9.632267 5.35
9.643142 5.35
9.678518 5.35
9.694392 5.35
9.720033 5.69
9.735910 5.69
9.761160 5.69
9.771911 5.35
9.807518 5.69
9.823393 5.69
9.848920 5.69
9.864798 5.35
9.890144 5.69
9.900912 5.69
9.931144 5.69
9.941911 5.35
9.972144 5.35
9.982912 5.35
10.013145 5.35
10.023913 5.35
10.054145 5.35
10.064911 5.35
10.095270 5.69
10.106145 5.35
10.141520 5.35
10.157396 5.35
10.182924 5.35
10.198926 5.69
10.224271 5.35
10.235147 5.35
10.270521 5.35
10.286522 5.35
10.311925 5.35
10.327926 5.35
10.353272 5.69
10.364148 5.35
10.399523 5.35
10.415522 5.69
10.441038 5.35
10.456914 5.35
10.482165 5.35
10.492915 5.35
10.528523 5.35
10.544523 5.69
10.569925 5.35
10.585801 5.35
10.612909 5.35
10.623804 5.35
10.654167 5.35
10.664914 5.35
10.700524 5.35
10.716400 5.35
10.741928 5.35
10.757929 5.35
10.784902 5.35
10.795652 5.35
10.826167 5.35
10.836918 5.69
10.872526 5.69
10.888401 5.69
10.913930 5.69
10.929930 5.69
10.956903 5.69
10.967680 5.69
10.998167 5.35
11.008920 5.35
11.040903 5.69
11.051654 5.69
11.082152 5.69
11.092919 5.69
11.124904 5.35
11.135653 5.69
11.166045 5.69
11.176794 5.35
11.208904 5.69
11.219654 5.69
11.250047 5.69
11.260795 5.35
11.296529 5.69
11.312403 5.69
11.338047 5.35
11.348796 5.35
11.380905 5.35
11.391655 5.35
11.422044 5.35
11.432797 5.35
11.468530 5.35
11.484405 5.69
11.509923 5.35
11.525798 5.69
11.552907 5.35
11.563656 5.69
11.599406 5.35
11.611936 5.35
11.640657 5.69
11.651407 5.35
11.681925 5.69
11.697800 5.69
11.723047 5.69
11.733799 5.69
11.769407 5.35
11.785407 5.35
11.813811 5.69
11.829811 5.35
11.854923 5.35
11.870812 5.35
11.896050 5.69
11.906800 5.35
11.942533 5.69
11.958409 5.69
11.983924 5.35
11.999927 5.69
12.025051 5.35
12.035799 5.69
12.071543 5.69
12.087409 5.35
12.112938 5.35
12.131938 5.35
12.149053 5.69
12.179541 5.35
12.190410 5.69
12.220937 5.35
12.231661 5.35
12.267411 5.35
12.283286 5.35
12.308929 5.69
12.319661 5.69
12.350053 5.69
12.360814 5.69
12.396412 5.69
12.412544 5.35
12.437662 5.35
12.448412 5.35
12.478930 5.35
12.489663 5.69
12.525545 5.35
12.536288 5.35
12.566929 5.35
12.577692 5.35
12.613548 5.35
12.624413 5.35
12.654942 5.35
12.665816 5.35
12.701548 5.35
12.712289 5.35
12.742932 5.35
12.753694 5.35
12.784165 5.69
12.794929 5.35
12.830547 5.69
12.841290 5.35
12.871933 5.69
12.882819 5.35
12.918415 5.35
12.934416 5.35
12.962819 5.35
12.979057 5.35
13.004166 5.35
13.015057 5.69
13.050293 5.69
13.061059 5.35
13.091417 5.35
13.107545 5.35
13.132696 5.69
13.143546 5.69
13.174184 5.35
13.185061 5.35
13.215417 5.35
13.231417 5.69
13.256696 5.69
13.267547 5.35
13.298058 5.35
13.308820 5.35
13.344419 5.69
13.360547 5.69
13.385698 5.35
13.396548 5.69
13.427059 5.35
13.437824 5.35
13.473548 5.69
13.484420 5.35
13.515062 5.69
13.525824 5.35
13.561295 5.69
13.573825 5.35
13.602420 5.35
13.618550 5.69
13.643698 5.35
13.656296 5.35
13.686824 5.35
13.697551 5.69
13.729827 5.35
13.740698 5.35
13.772826 5.69
13.783551 5.35
13.815824 5.35
13.826552 5.69
13.858828 5.35
13.869701 5.35
13.901826 5.35
13.912551 5.35
13.944828 5.35
13.955552 5.69
13.987826 5.35
13.998551 5.69
14.030828 5.35
14.041701 5.69
14.073830 5.69
14.084701 5.69
14.116824 5.35
14.127702 5.35
14.159801 5.35
14.170702 5.35
14.202819 5.35
14.213701 5.35
14.245830 5.35
14.256702 5.35
14.288829 5.69
14.299552 5.35
14.335426 5.35
14.351426 5.69
14.376705 5.35
14.389176 5.69
14.419831 5.69
14.430706 5.69
14.462829 5.35
14.473552 5.35
14.509427 5.35
14.525559 5.35
14.550831 5.35
14.566829 5.35
14.597427 5.35
14.613556 5.69
14.638707 5.35
14.654833 5.35
14.685428 5.69
14.696303 5.35
14.726830 5.69
14.743070 5.35
14.773429 5.35
14.789564 5.35
14.817834 5.69
14.828563 5.69
14.864429 5.35
14.880556 5.35
14.908832 5.35
14.924834 5.35
14.955305 5.35
14.971430 5.35
14.996430 5.69
15.007305 5.35
15.037710 5.69
15.053709 5.69
15.084431 5.35
15.095306 5.35
15.125709 5.69
15.141708 5.69
15.167075 5.35
15.177824 5.35
15.208307 5.35
15.224432 5.35
15.249432 5.35
15.260182 5.35
15.290834 5.35
15.301558 5.35
15.337432 5.35
15.348308 5.35
15.378711 5.35
15.394710 5.35
15.425433 5.35
15.436183 5.69
15.466713 5.35
15.482713 5.35
15.513434 5.35
15.524184 5.35
15.554837 5.35
15.565560 5.35
15.601309 5.35
15.617310 5.35
15.642435 5.35
15.653310 5.35
15.683839 5.35
15.694715 5.35
15.730436 5.35
15.741311 5.35
15.771838 5.35
15.782562 5.35
15.818311 5.35
15.834311 5.35
15.859436 5.35
15.870186 5.35
15.900716 5.35
15.916713 5.35
15.947312 5.35
15.963437 5.35
15.988437 5.35
15.999187 5.35
16.029715 5.35
16.045717 5.35
16.071081 5.35
16.081831 5.35
16.112188 5.35
16.123078 5.35
16.153188 5.35
16.164064 5.35
16.194189 5.35
16.205064 5.35
16.235189 5.35
16.246064 5.35
16.276314 5.35
16.292190 5.35
16.317439 5.35
16.328190 5.35
16.358719 5.35
16.374844 5.69
16.405440 5.35
16.416191 5.35
16.446720 5.35
16.462844 5.35
16.493441 5.35
16.504316 5.35
16.534843 5.35
16.545568 5.35
16.581316 5.35
16.597192 5.35
16.622441 5.35
16.633192 5.35
16.663720 5.35
16.679847 5.35
16.710442 5.35
16.721318 5.35
16.751847 5.35
16.762722 5.35
16.798318 5.35
16.814443 5.35
16.839443 5.35
16.850193 5.35
16.880722 5.35
16.896848 5.35
16.927319 5.35
16.943319 5.35
16.968444 5.35
16.979319 5.35
17.009723 5.35
17.025849 5.35
17.056445 5.35
17.067320 5.35
17.097850 5.35
17.108724 5.35
17.144445 5.35
17.155196 5.35
17.185848 5.35
17.196572 5.35
17.232446 5.35
17.243197 5.35
17.273725 5.35
17.289603 5.35
17.314848 5.35
17.325605 5.35
17.361447 5.35
17.372322 5.35
17.402852 5.35
17.413573 5.35
17.449448 5.35
17.460198 5.35
17.490728 5.35
17.506574 5.35
17.532198 5.35
17.544574 5.35
17.573199 5.35
17.585575 5.35
17.614199 5.35
17.630324 5.35
17.655324 5.35
17.671324 5.35
17.696449 5.35
17.707200 5.35
17.737729 5.69
17.753729 5.69
17.779200 5.35
17.795200 5.35
17.820326 5.35
17.831200 5.35
17.861451 5.35
17.872200 5.35
17.902729 5.35
17.913451 5.35
17.949201 5.35
17.965327 5.35
17.990327 5.35
18.001202 5.35
18.031452 5.35
18.042201 5.35
18.072731 5.35
18.083578 5.35
18.114202 5.35
18.130328 5.35
18.155203 5.35
18.171203 5.35
18.196203 5.35
18.212328 5.35
18.237328 5.35
18.248204 5.35
18.278453 5.35
18.289204 5.35
18.319859 5.35
18.330580 5.35
18.361095 5.35
18.371847 5.35
18.402204 5.35
18.418330 5.35
18.443205 5.35
18.459330 5.35
18.484205 5.35
18.500206 5.35
18.525205 5.35
18.541331 5.35
18.566331 5.35
18.577206 5.35
18.607456 5.35
18.618331 5.69
18.648858 5.35
18.659583 5.35
18.690206 5.35
18.706332 5.35
18.731332 5.35
18.742207 5.35
18.772584 5.35
18.788735 5.35
18.819333 5.35
18.830099 5.35
18.860584 5.35
18.876585 5.35
18.901976 5.35
18.912737 5.35
18.948333 5.35
18.959210 5.35
18.989603 5.35
19.005736 5.35
19.030738 5.35
19.041585 5.35
19.072101 5.35
19.082852 5.35
19.113209 5.35
19.129335 5.35
19.154210 5.35
19.170335 5.35
19.195335 5.35
19.206086 5.35
19.236460 5.35
19.247211 5.35
19.277728 5.35
19.288461 5.35
19.324336 5.35
19.335085 5.35
19.365462 5.35
19.376211 5.35
19.406726 5.35
19.417462 5.35
19.453337 5.35
19.464087 5.35
19.494462 5.35
19.505212 5.35
19.535588 5.35
19.551728 5.69
19.578592 5.35
19.589463 5.35
19.625338 5.35
19.636089 5.35
19.666463 5.35
19.677213 5.35
19.707714 5.69
19.718463 5.35
19.754339 5.35
19.765089 5.35
19.795464 5.35
19.806214 5.35
19.836715 5.35
19.847465 5.35
19.879594 5.35
19.890465 5.35
19.926341 5.35
19.937090 5.35
19.967466 5.35
19.980108 5.35
20.010595 5.35
20.021466 5.69
20.053596 5.69
20.064466 5.35
20.096596 5.69
20.107466 5.69
20.139596 5.69
20.150466 5.69
20.186342 5.69
20.197092 5.69
20.227594 5.69
20.243717 5.35
20.274343 5.35
20.285093 5.35
20.315595 5.35
20.331622 5.35
20.362343 5.69
20.373094 5.35
20.403594 5.35
20.419719 5.69
20.444719 5.35
20.455469 5.69
20.491344 5.35
20.502095 5.35
20.532596 5.35
20.548720 5.35
20.579345 5.35
20.590095 5.35
20.620597 5.35
20.636721 5.35
20.667345 5.35
20.678096 5.35
20.708597 5.35
20.719471 5.35
20.755347 5.35
20.766096 5.35
20.796598 5.35
20.807471 5.35
20.843347 5.35
20.854097 5.35
20.884599 5.35
20.895472 5.35
20.931348 5.35
20.942098 5.35
20.972473 5.35
20.988473 5.35
21.019115 5.69
21.035114 5.35
21.060223 5.35
21.071098 5.35
21.101224 5.69
21.112099 5.35
21.142224 5.35
21.153099 5.35
21.183224 5.35
21.194100 5.69
21.224224 5.35
21.235100 5.35
21.265225 5.35
21.275996 5.35
21.306225 5.69
21.317100 5.35
21.347350 5.35
21.358100 5.35
21.388602 5.35
21.399476 5.35
21.435351 5.35
21.446102 5.35
21.476602 5.35
21.487476 5.35
21.523352 5.35
21.534120 5.35
21.564477 5.35
21.580478 5.35
21.611120 5.35
21.627121 5.35
21.652478 5.35
21.668478 5.35
21.702353 5.35
21.713103 5.35
21.743605 5.35
21.754478 5.35
21.790354 5.35
21.801103 5.69
21.831635 5.35
21.842478 5.35
21.878229 5.35
21.889122 5.35
21.919354 5.35
21.930104 5.35
21.960624 5.35
21.971480 5.35
22.007123 5.35
22.023121 5.35
22.048355 5.35
22.059106 5.35
22.089481 5.35
22.105481 5.35
22.136121 5.35
22.152123 5.35
22.177357 5.35
22.188106 5.69
22.218608 5.35
22.229481 5.35
22.265122 5.35
22.281123 5.69
22.306357 5.35
22.317107 5.35
22.347608 5.69
22.358483 5.69
22.394358 5.69
22.406875 5.69
22.440749 5.69
22.451483 5.69
22.482126 5.69
22.498126 5.35
22.523359 5.35
22.534127 5.35
22.564610 5.35
22.575484 5.35
22.611127 5.35
22.627235 5.35
22.652484 5.69
22.668626 5.35
22.699235 5.35
22.710126 5.35
22.740360 5.35
22.752875 5.35
22.781612 5.69
22.792486 5.69
22.828129 5.35
22.844126 5.35
22.869361 5.35
22.881879 5.35
22.910613 5.35
22.921487 5.35
22.957129 5.35
22.973129 5.35
22.998362 5.35
23.010754 5.35
23.044367 5.35
23.055237 5.35
23.085630 5.35
23.096488 5.35
23.127131 5.35
23.143131 5.35
23.168364 5.35
23.180756 5.35
23.209489 5.35
23.225489 5.35
23.256131 5.35
23.272131 5.35
23.297489 5.35
23.313489 5.35
23.342007 5.35
23.358008 5.35
23.383115 5.35
23.399130 5.35
23.424240 5.35
23.435116 5.35
23.465366 5.35
23.481366 5.35
23.506632 5.35
23.517491 5.35
23.548133 5.35
23.559009 5.35
23.589366 5.35
23.605367 5.35
23.630644 5.35
23.641492 5.35
23.672010 5.35
23.684385 5.35
23.713242 5.35
23.724118 5.35
23.754367 5.35
23.770368 5.35
23.798619 5.35
23.809493 5.35
23.845133 5.35
23.855886 5.35
23.886244 5.35
23.897119 5.35
23.927369 5.35
23.943369 5.69
23.968620 5.69
23.979494 5.35
24.009888 5.35
24.020621 5.69
24.051120 5.35
24.061886 5.35
24.092120 5.35
24.102886 5.35
24.133120 5.69
24.143886 5.35
24.174246 5.69
24.185121 5.35
24.215371 5.35
24.231370 5.35
24.256622 5.69
24.267496 5.35
24.297900 5.35
24.308622 5.35
24.339247 5.35
24.350138 5.35
24.380372 5.35
24.396372 5.35
24.421623 5.35
24.432497 5.35
24.463140 5.35
24.474016 5.69
24.504373 5.35
24.520248 5.69
24.545625 5.35
24.556499 5.35
24.586902 5.35
24.603015 5.35
24.628249 5.35
24.639124 5.35
24.669374 5.35
24.685374 5.35
24.710626 5.35
24.721500 5.35
24.751903 5.35
24.768018 5.35
24.793250 5.35
24.804143 5.35
24.834375 5.35
24.850376 5.35
24.875500 5.35
24.886376 5.35
24.922144 5.35
24.932894 5.35
24.963251 5.35
24.974127 5.35
25.004377 5.35
25.020377 5.35
25.045502 5.35
25.056377 5.35
25.092252 5.35
25.103145 5.35
25.133377 5.35
25.149377 5.35
25.177647 5.35
25.188503 5.35
25.219144 5.35
25.230020 5.35
25.260378 5.35
25.276254 5.35
25.301659 5.35
25.312504 5.35
25.343144 5.35
25.353897 5.35
25.384129 5.35
25.394898 5.35
25.425130 5.35
25.436023 5.69
25.466255 5.35
25.478782 5.35
25.507380 5.35
25.523380 5.35
25.550411 5.35
25.561255 5.35
25.592021 5.35
25.608024 5.35
25.633131 5.35
25.644024 5.35
25.674132 5.35
25.685025 5.69
25.715132 5.69
25.726023 5.69
25.756132 5.35
25.766899 5.35
25.797257 5.35
25.809785 5.35
25.838382 5.35
25.854383 5.35
25.881266 5.35
25.892150 5.35
25.922383 5.35
25.938383 5.35
25.965267 5.35
25.976151 5.35
26.006383 5.69
26.022383 5.35
26.049269 5.35
26.060152 5.35
26.090384 5.35
26.106384 5.35
26.136789 5.35
26.149269 5.35
26.178260 5.35
26.190637 5.35
26.219385 5.69
26.235260 5.35
26.265787 5.69
26.281778 5.69
26.307153 5.69
26.317903 5.35
26.348386 5.35
26.359261 5.35
26.394777 5.35
26.405511 5.69
26.436155 5.35
26.446904 5.35
26.477387 5.35
26.488262 5.35
26.523778 5.35
26.534512 5.69
26.565262 5.69
26.581138 5.69
26.606389 5.35
26.617138 5.69
26.652790 5.69
26.663513 5.35
26.694154 5.35
26.704906 5.69
26.735264 5.69
26.751264 5.35
26.776389 5.35
26.787264 5.35
26.822783 5.35
26.838782 5.69
26.864156 5.35
26.874906 5.69
26.905390 5.69
26.916265 5.35
26.951794 5.69
26.967783 5.35
26.993156 5.35
27.003908 5.35
27.034391 5.69
27.045266 5.35
27.080783 5.35
27.091516 5.35
27.122159 5.69
27.132907 5.35
27.163392 5.69
27.174267 5.69
27.209784 5.35
27.225786 5.69
27.251161 5.69
27.261910 5.35
27.292393 5.35
27.303268 5.69
27.338797 5.69
27.354784 5.69
27.380160 5.35
27.390910 5.69
27.421269 5.35
27.437269 5.35
27.462394 5.35
27.473144 5.35
27.503519 5.35
27.514269 5.35
27.544923 6.01
27.561038 5.69
27.586270 5.69
27.602145 5.35
27.627395 5.69
27.638146 5.35
27.668520 5.35
27.679271 5.35
27.709924 5.35
27.726038 5.35
27.751271 5.69
27.767271 5.35
27.792396 12.00
27.803272 6.01
27.838789 5.69
27.854788 5.69
27.880164 5.69
27.890914 5.35
27.921397 5.35
27.932147 5.35
27.962522 5.35
27.973273 5.35
28.003925 5.35
28.019800 5.35
28.045274 5.35
28.061149 6.01
28.086398 6.01
28.097274 5.69
28.132791 5.69
28.148792 5.69
28.174166 5.69
28.184917 5.69
28.215400 5.35
28.226149 5.69
28.258275 5.69
28.269167 5.69
28.299399 5.35
28.310150 5.69
28.342276 6.01
28.353167 5.69
28.383401 5.69
28.394151 5.69
28.426277 5.35
28.437168 5.69
28.467401 5.69
28.478151 5.35
28.510278 5.35
28.521167 5.69
28.551401 5.69
28.562152 5.69
28.592402 6.01
28.603278 6.01
28.638806 5.69
28.654795 5.69
28.680045 5.69
28.690795 5.69
28.721278 5.69
28.737278 5.69
28.762403 5.69
28.773278 5.69
28.808808 5.69
28.821182 5.35
28.850046 12.32
28.860796 6.01
28.891044 5.69
28.901797 5.69
28.932279 5.69
28.948280 5.69
28.973405 5.69
28.984280 5.69
29.019798 5.69
29.035795 5.69
29.061047 5.69
29.071795 5.69
29.102281 5.69
29.118281 12.32
29.143407 6.01
29.154156 5.69
29.189800 5.69
29.205810 5.69
29.231050 5.69
29.241800 5.69
29.272282 5.69
29.288282 5.69
29.313282 5.69
29.324050 5.69
29.354407 5.69
29.365158 5.69
29.400812 6.01
29.416812 5.69
29.442051 5.69
29.452798 5.69
29.483283 5.69
29.499159 5.69
29.524409 5.69
29.535159 5.69
29.565659 5.69
29.576410 5.69
29.606928 5.69
29.617659 5.35
29.648285 6.01
29.664285 6.01
29.689410 5.69
29.700160 5.69
29.730813 5.69
29.746661 5.69
29.772050 5.69
29.782814 5.35
29.813286 5.35
29.829161 5.69
29.854411 5.69
29.865286 5.69
29.895816 5.35
29.911813 6.01
29.937055 6.01
29.947816 5.69
29.978287 5.69
29.994287 5.69
30.019412 5.35
30.030162 5.35
30.060816 5.35
30.076816 5.35
30.102053 5.35
30.112817 5.69
30.143288 5.69
30.159164 5.35
30.184413 6.01
30.195164 6.01
30.225818 5.69
30.241816 5.69
30.267164 5.69
30.283165 5.69
30.308165 5.69
30.324058 5.69
30.349164 5.69
30.365165 5.69
30.390290 5.69
30.406290 5.69
30.431415 5.69
30.442165 6.01
30.477820 6.01
30.493819 5.69
30.519166 5.69
30.535166 5.69
30.560166 5.69
30.576059 5.69
30.601291 5.69
30.617292 5.69
30.642417 5.69
30.653167 5.69
30.683818 5.35
30.699694 6.01
30.725168 6.01
30.741167 5.69
30.766293 5.69
30.782293 5.69
30.807418 5.69
30.818168 5.69
30.848822 5.69
30.864819 5.69
30.890169 5.69
30.906169 5.69
30.931294 5.69
30.947294 5.35
30.974199 6.01
30.985059 6.01
31.017200 5.69
31.028060 5.69
31.060201 5.69
31.071062 5.69
31.103199 5.69
31.114063 5.35
31.146199 5.35
31.157063 5.69
31.189202 5.69
31.199938 5.35
31.232201 5.69
31.243063 6.01
31.278611 5.69
31.291199 5.69
31.319825 5.69
31.330701 5.69
31.361172 5.69
31.377172 5.69
31.402297 5.69
31.413062 5.69
31.448551 5.69
31.461202 5.35
31.490063 5.69
31.502551 6.01
31.533077 5.69
31.543828 5.69
31.574299 5.69
31.585048 5.69
31.620552 5.35
31.633077 5.35
31.662064 5.35
31.674424 5.35
31.703174 5.35
31.719065 5.69
31.744300 5.69
31.755065 6.01
31.790552 5.69
31.803079 5.69
31.832068 5.69
31.848065 5.35
31.873176 5.35
31.884068 5.35
31.914301 5.69
31.925176 5.69
31.960552 5.69
31.973081 5.69
32.002067 5.69
32.018069 6.01
32.043177 6.01
32.059069 5.69
32.084302 5.69
32.095177 5.69
32.130559 5.69
32.146707 5.69
32.172069 5.69
32.188067 5.69
32.213178 5.69
32.229179 5.69
32.254303 5.35
32.265179 5.69
32.300556 6.01
32.316557 6.01
32.342073 5.69
32.358069 5.69
32.383179 5.69
32.394072 5.69
32.424304 5.35
32.435069 5.69
32.470562 5.69
32.486556 5.35
32.512073 5.35
32.528180 5.35
32.553181 12.32
32.569181 0.05
32.594306 5.69
32.605073 5.69
32.640558 5.69
32.656558 5.69
32.682074 5.69
32.698071 5.69
32.723057 5.69
32.739074 5.69
32.764057 5.69
32.780182 5.69
32.805057 5.69
32.821072 6.01
32.846057 5.69
32.862073 5.69
32.887075 5.69
32.903075 5.69
32.928058 5.69
32.944074 5.69
32.969059 5.69
32.985073 5.69
33.010059 5.69
33.026076 5.69
33.051059 5.35
33.067184 6.01
33.092060 0.05
33.108074 5.69
33.133059 5.69
33.149077 5.69
33.174076 5.69
33.190076 5.69
33.215060 5.69
33.231061 5.69
33.256061 5.69
33.272078 5.69
33.297078 5.69
33.313079 5.35
33.338061 6.01
33.354187 6.01
33.379061 5.69
33.395080 5.69
33.420062 5.69
33.436079 5.69
33.461079 5.69
33.477077 5.69
33.502062 5.69
33.518079 5.69
33.543188 5.69
33.559188 5.69
33.584188 5.35
33.595078 6.01
33.625188 6.01
33.636063 6.01
33.666188 5.69
33.677081 5.69
33.707189 5.69
33.718063 5.69
33.748314 5.69
33.759189 5.69
33.794565 5.69
33.810569 5.69
33.836082 5.35
33.852080 5.69
33.877065 6.01
33.893065 6.01
33.918190 5.69
33.929065 5.69
33.959190 5.69
33.970065 5.69
34.000191 5.35
34.011083 5.69
34.041191 5.69
34.052066 5.69
34.082192 5.69
34.093066 5.69
34.123192 5.69
34.134081 12.32
34.164192 6.01
34.175067 5.69
34.205192 5.69
34.216067 5.69
34.246192 5.69
34.257068 5.69
34.287193 5.69
34.298083 5.69
34.328193 5.69
34.339068 5.69
34.369193 5.69
34.380068 5.69
34.410319 6.01
34.421068 5.69
34.456570 5.69
34.472570 5.69
34.498084 5.69
34.514087 5.69
34.540945 5.69
34.551724 5.69
34.582195 5.69
34.593086 5.69
34.623196 5.35
34.634087 5.69
34.664195 12.32
34.675071 6.01
34.705195 5.69
34.716071 5.69
34.746196 5.69
34.757071 5.69
34.787196 5.69
34.798071 5.69
34.828197 5.69
34.839072 5.69
34.869197 5.69
34.880072 5.69
34.910322 5.35
34.921073 6.01
34.956574 6.01
34.972578 5.69
34.998091 5.69
35.014091 5.69
35.039198 5.69
35.050073 5.69
35.080198 5.69
35.091074 5.69
35.121198 5.69
35.132074 5.69
35.162324 5.69
35.173075 5.69
35.208575 0.05
35.224580 5.69
35.249853 5.69
35.260728 5.69
35.291093 5.69
35.307201 5.69
35.332075 5.69
35.342843 5.69
35.373200 5.69
35.383967 5.69
35.414201 5.69
35.425076 5.69
35.460576 6.01
35.476581 6.01
35.501856 5.69
35.512731 5.69
35.543202 5.69
35.554091 5.69
35.584202 5.69
35.595077 5.69
35.625202 5.35
35.636077 5.69
35.666203 5.69
35.677078 5.69
35.707203 5.69
35.718078 6.01
35.748203 5.69
35.759078 5.69
35.789203 5.69
35.800078 5.69
35.830203 5.69
35.841079 5.69
35.871204 5.69
35.882079 5.69
35.912204 5.69
35.923079 5.35
35.953330 5.35
35.964205 6.01
35.999580 0.05
36.015584 5.69
36.040858 5.69
36.051581 5.69
36.082096 5.69
36.092848 5.69
36.123206 5.69
36.134081 5.69
36.164206 5.69
36.175081 5.69
36.206957 5.69
36.217736 5.69
36.248207 6.01
36.259082 5.69
36.294457 5.69
36.305207 5.69
36.335736 5.69
36.346584 5.69
36.377083 5.69
36.387850 5.69
36.418208 5.69
36.429083 5.69
36.464458 5.69
36.475208 5.69
36.505737 12.32
36.516585 6.01
36.547102 5.69
36.557851 5.69
36.589961 5.69
36.600861 5.69
36.631102 5.69
36.641850 5.69
36.673961 5.69
36.684739 5.69
36.715102 5.69
36.725852 5.69
36.757962 5.69
36.768862 6.01
36.799100 5.69
36.809854 5.69
36.841963 5.69
36.852728 5.69
36.883103 5.35
36.893978 5.69
36.925979 5.69
36.936729 5.69
36.967086 5.35
36.977979 5.35
37.008087 5.35
37.018979 6.01
37.049088 6.01
37.059855 5.69
37.090088 5.69
37.100856 5.69
37.131088 5.69
37.141853 5.69
37.172089 5.69
37.182856 5.69
37.213089 5.35
37.223980 5.35
37.254090 5.35
37.264857 5.69
37.295107 12.32
37.305856 6.01
37.337840 6.01
37.348591 5.69
37.379107 5.69
37.389856 5.69
37.421841 5.69
37.432608 5.69
37.463106 5.69
37.473858 5.35
37.509340 5.69
37.520091 5.69
37.550622 5.69
37.561466 12.32
37.592107 0.05
37.602984 6.01
37.633091 5.69
37.643984 5.69
37.674092 5.69
37.684985 5.69
37.715092 5.35
37.725986 5.69
37.756093 5.69
37.766984 5.69
37.797093 5.69
37.807985 5.69
37.838093 6.01
37.848860 6.01
37.879093 5.69
37.889862 5.69
37.920094 5.69
37.930861 5.69
37.961094 5.69
37.971862 5.69
38.002094 5.35
38.012863 5.69
38.043095 5.35
38.053861 5.69
38.084095 5.69
38.094862 6.01
38.125095 5.69
38.135863 5.69
38.166095 5.69
38.176861 5.69
38.207096 5.69
38.217861 5.69
38.248096 5.69
38.258863 5.69
38.289097 5.69
38.299864 5.69
38.330097 5.35
38.340862 5.69
38.371096 6.01
38.381864 5.69
38.412097 5.69
38.422862 5.69
38.453097 5.69
38.463864 5.69
38.494098 5.69
38.504865 5.69
38.535114 5.69
38.545865 5.69
38.581348 5.69
38.592099 5.69
38.622600 6.01
38.633474 5.69
38.664114 5.69
38.674865 5.69
38.705099 5.69
38.715866 5.69
38.747851 5.69
38.758601 5.69
38.789225 5.35
38.800100 5.35
38.835475 5.69
38.851350 5.69
38.876878 6.01
38.893117 5.69
38.919852 5.69
38.930602 5.69
38.961227 5.69
38.972101 5.69
39.007477 5.69
39.023351 5.35
39.048881 5.69
39.065117 5.35
39.091853 5.69
39.102727 5.35
39.133102 6.01
39.143867 6.01
39.175854 5.69
39.186728 5.69
39.217228 5.69
39.228103 5.69
39.263478 5.69
39.279478 5.35
39.304995 5.69
39.320994 5.69
39.346121 5.69
39.356871 5.69
39.392479 5.69
39.408354 0.05
39.433884 6.01
39.450122 5.69
39.476856 5.69
39.487606 5.69
39.519856 5.69
39.530620 5.69
39.562883 5.69
39.573636 5.69
39.605884 5.69
39.616634 5.69
39.648885 5.69
39.659757 6.01
39.695481 0.05
39.711357 5.69
39.736886 5.69
39.753124 5.69
39.779859 5.69
39.790750 5.69
39.821124 5.69
39.832000 5.69
39.862357 5.69
39.874877 5.69
39.903638 5.69
39.914483 5.69
39.945125 5.69
39.956001 5.69
39.991359 5.69
40.003761 5.69
40.032638 5.69
40.043484 5.35
40.074127 5.69
40.085001 5.69
40.115359 5.35
40.127735 5.69
40.156485 5.35
40.167235 4.68
40.197886 4.68
40.213889 4.68
40.244485 4.68
40.260485 4.68
40.285887 4.68
40.301751 4.68
40.332486 4.68
40.348361 4.68
40.373890 4.68
40.389891 4.68
40.420361 4.68
40.432766 4.68
40.461642 4.68
40.472487 4.68
40.503005 4.68
40.513755 4.68
40.549487 4.68
40.560238 4.68
40.590890 4.68
40.601615 4.68
40.637488 4.68
40.648363 4.68
40.678892 4.68
40.689765 4.68
40.725489 4.68
40.736239 4.68
40.766891 4.68
40.777616 4.68
40.813489 4.68
40.824365 4.68
40.854891 4.68
40.865616 4.68
40.901490 4.68
40.912365 4.68
40.942894 4.68
40.953770 4.68
40.989490 4.68
41.000240 4.34
41.030895 4.68
41.041770 4.68
41.077491 4.34
41.088366 4.34
41.118896 4.68
41.129759 4.68
41.165492 4.68
41.176241 4.68
41.207007 4.68
41.217759 4.68
41.253367 4.68
41.269492 4.68
41.294772 4.68
41.311008 4.68
41.336135 4.68
41.347010 4.68
41.377369 4.68
41.393494 4.68
41.418649 4.68
41.429494 4.68
41.465494 4.34
41.476369 4.68
41.506896 4.68
41.517620 4.68
41.553494 4.68
41.564495 4.34
41.595012 4.68
41.606013 4.68
41.641370 4.34
41.657495 4.68
41.682495 4.68
41.693371 4.68
41.724013 4.68
41.734761 4.68
41.770497 4.68
41.781371 4.68
41.812014 4.34
41.822764 4.68
41.858497 4.68
41.869372 4.68
41.900014 4.68
41.910764 4.34
41.946372 4.68
41.962372 4.68
41.987652 4.68
42.000248 4.68
42.029016 4.68
42.039765 4.68
42.075498 4.34
42.086373 4.68
42.116902 4.68
42.127777 4.68
42.163374 4.68
42.179499 4.68
42.204653 4.34
42.217124 4.68
42.246015 4.68
42.256767 4.68
42.292500 4.68
42.303250 4.34
42.333903 4.68
42.344778 4.34
42.380375 4.68
42.396375 4.68
42.421626 4.68
42.432501 4.68
42.463016 4.68
42.473768 4.68
42.509502 4.68
42.520251 4.34
42.550906 4.68
42.561779 4.68
42.597377 4.68
42.613377 4.68
42.638645 4.68
42.651253 4.68
42.679904 4.68
42.690782 4.68
42.726503 4.34
42.737253 4.68
42.767907 4.34
42.778783 4.34
42.814379 4.68
42.830504 4.34
42.855631 4.68
42.868129 4.68
42.897022 4.68
42.907783 4.68
42.943504 4.68
42.954254 4.68
42.984909 4.68
42.995782 4.68
43.031505 4.68
43.042255 4.68
43.072908 4.68
43.083632 4.68
43.114256 4.68
43.126633 4.68
43.155381 4.68
43.171506 4.68
43.196663 4.68
43.212785 4.68
43.243381 4.68
43.259507 4.68
43.284648 4.68
43.300786 4.34
43.331382 4.68
43.342132 4.68
43.372633 4.68
43.388941 4.34
43.419516 4.34
43.430515 4.34
43.466388 4.34
43.477263 4.34
43.507793 4.34
43.518667 4.68
43.549261 4.68
43.565385 4.68
43.590384 4.68
43.601260 4.68
43.631663 4.68
43.647661 4.68
43.673025 4.68
43.683776 4.68
43.714134 4.68
43.725023 4.34
43.755134 4.68
43.766025 4.34
43.796135 4.34
43.807026 4.68
43.837135 4.68
43.848034 4.34
43.878683 4.68
43.894803 4.68
43.925390 4.68
43.936265 4.68
43.967036 4.68
43.977800 4.34
44.008388 4.34
44.019263 4.34
44.049666 4.34
44.065665 4.68
44.091028 4.34
44.101778 4.68
44.132138 4.34
44.143031 4.68
44.173263 4.68
44.189264 4.34
44.214388 4.34
44.225139 4.68
44.255514 4.34
44.266389 4.34
44.296793 4.68
44.307666 4.34
44.343389 4.34
44.354265 4.34
44.384668 4.68
44.400669 4.34
44.426033 4.34
44.436782 4.34
44.467140 4.34
44.478031 4.68
44.508265 4.68
44.524265 4.68
44.549658 4.68
