0.000000 0.000000
0.047209 4.34
0.063483 4.34
0.088846 4.34
0.099845 2.66
0.130478 2.66
0.143155 2.66
0.177352 2.66
0.188355 2.66
0.218994 2.66
0.229996 2.66
0.260575 2.66
0.276450 2.66
0.307339 2.66
0.318338 2.66
0.348823 2.66
0.359697 2.66
0.390339 2.66
0.401337 2.66
0.431696 2.34
0.442571 2.66
0.472821 2.66
0.483696 2.66
0.514097 2.66
0.524822 2.66
0.555463 2.66
0.566339 2.66
0.596461 2.66
0.607336 2.66
0.637465 2.66
0.648338 2.66
0.678698 2.66
0.689574 2.66
0.725100 2.66
0.735824 2.66
0.766716 2.66
0.777462 2.66
0.808210 2.66
0.824482 2.34
0.849991 2.66
0.862648 2.66
0.891714 2.34
0.902711 2.66
0.933494 2.66
0.949852 2.66
0.980361 3.67
0.991361 4.34
1.027210 4.34
1.038209 4.34
1.068582 4.34
1.084582 4.34
1.115080 4.34
1.125830 4.34
1.156469 4.34
1.168990 4.34
1.197703 4.34
1.208578 4.34
1.240606 4.34
1.251470 4.34
1.287105 4.34
1.297828 4.34
1.328468 4.34
1.340979 4.34
1.369703 4.34
1.380454 4.34
1.416104 4.34
1.432281 4.34
1.457731 4.34
1.468720 4.34
1.499354 4.34
1.510215 4.34
1.546250 4.34
1.557217 4.34
1.587839 4.68
1.598838 4.34
1.629504 4.68
1.645588 4.68
1.676370 4.68
1.687368 4.68
1.723236 4.34
1.734215 4.68
1.764840 4.68
1.775838 4.68
1.806588 4.68
1.822462 4.68
1.853210 4.68
1.863997 4.68
1.894475 4.68
1.910473 4.68
1.938112 4.68
1.953963 4.68
1.979476 4.68
1.995477 4.68
2.020459 4.68
2.036584 4.68
2.061724 4.68
2.072723 4.68
2.103364 4.68
2.114365 4.68
2.150142 4.68
2.161215 4.68
2.191713 4.68
2.202463 4.68
2.238087 4.68
2.253963 4.68
2.279480 4.68
2.295586 4.68
2.320586 4.68
2.336461 4.68
2.366977 4.68
2.383087 4.68
2.408592 4.68
2.424591 5.35
2.454966 5.35
2.470965 5.35
2.496244 5.35
2.507089 5.35
2.537498 5.35
2.553463 5.35
2.578588 5.35
2.589463 5.35
2.619589 5.35
2.630463 5.35
2.660589 5.35
2.671464 5.35
2.701589 5.35
2.712464 5.35
2.742589 5.35
2.753465 5.35
2.783590 5.35
2.794465 5.35
2.824590 5.35
2.835465 5.35
2.865590 5.35
2.876466 5.35
2.906590 5.35
2.917466 5.35
2.947591 5.35
2.958466 5.35
2.988591 5.35
2.999357 5.35
3.029592 5.35
3.040467 5.35
3.070592 5.35
3.081467 5.35
3.111592 5.35
3.122467 5.35
3.152593 5.35
3.163468 5.35
3.193592 5.35
3.204468 5.35
3.234593 5.35
3.245468 5.35
3.275593 5.35
3.286468 5.35
3.316594 5.35
3.327469 5.35
3.357594 5.35
3.368469 5.35
3.398595 5.35
3.409470 5.35
3.439594 5.35
3.450470 5.35
3.480595 5.35
3.491470 5.35
3.521595 5.35
3.532487 5.35
3.562595 5.35
3.573471 5.35
3.603720 5.35
3.614471 5.35
3.650096 5.35
3.665972 5.35
3.691488 5.35
3.707490 5.35
3.732596 5.35
3.743472 5.35
3.773597 5.35
3.784472 5.35
3.814597 5.35
3.825473 5.35
3.855598 5.35
3.866473 5.35
3.896598 5.35
3.907473 5.35
3.937598 5.35
3.948473 5.35
3.978598 5.35
3.989474 5.35
4.019599 5.35
4.030474 5.35
4.060599 5.35
4.071474 5.35
4.101599 5.35
4.112475 5.35
4.142600 5.35
4.153475 5.35
4.183600 5.35
4.194476 5.35
4.224601 5.35
4.235476 5.35
4.265601 5.35
4.276476 5.35
4.306601 5.35
4.317476 5.35
4.347601 5.35
4.358476 5.35
4.388602 5.35
4.399477 5.35
4.429602 5.35
4.440477 5.35
4.470602 5.35
4.481478 5.35
4.516853 5.35
4.532978 5.35
4.558256 5.35
4.568979 5.35
4.599603 5.35
4.610478 5.35
4.645854 5.35
4.656604 5.35
4.687260 5.35
4.697980 5.35
4.728604 5.35
4.739480 5.35
4.774855 5.35
4.785604 5.35
4.816259 5.35
4.826981 5.35
4.857480 5.35
4.868247 5.35
4.898481 5.35
4.909246 5.35
4.939481 5.35
4.950248 5.35
4.980481 5.35
4.991249 5.35
5.021607 5.35
5.032481 5.35
5.067856 5.35
5.078608 5.35
5.109259 5.35
5.120124 5.35
5.150608 5.35
5.161483 5.35
5.196858 5.00
5.207608 5.35
5.238261 5.35
5.248984 5.35
5.279484 5.35
5.290251 5.35
5.320609 5.35
5.331484 5.35
5.366859 5.35
5.382734 5.35
5.408263 5.35
5.418986 5.35
5.449485 5.35
5.460253 5.35
5.490485 5.35
5.501250 5.35
5.531611 5.35
5.542486 5.35
5.577861 5.35
5.588736 5.35
5.619140 5.35
5.629988 5.35
5.660502 5.35
5.676503 5.35
5.701612 5.35
5.712487 5.35
5.747862 5.35
5.758612 5.35
5.789141 5.35
5.799862 5.35
5.830505 5.35
5.846504 5.35
5.871613 5.35
5.882488 5.35
5.917863 5.35
5.928613 5.35
5.959268 5.35
5.969990 5.35
6.000613 5.35
6.011507 5.35
6.046865 5.35
6.057614 5.35
6.088268 5.35
6.098990 5.35
6.129490 5.35
6.140258 5.35
6.170615 5.35
6.181491 5.35
6.216866 5.35
6.227741 5.35
6.258270 5.35
6.270741 5.35
6.299616 5.35
6.310508 5.35
6.345867 5.35
6.356617 5.35
6.387272 5.35
6.399742 5.35
6.428492 5.35
6.439260 5.35
6.469617 5.35
6.480493 5.35
6.515867 5.35
6.531868 5.35
6.557385 5.35
6.573508 5.35
6.598511 5.35
6.614509 5.35
6.639619 5.35
6.650494 5.35
6.685869 5.35
6.696619 5.35
6.727274 5.35
6.739870 5.35
6.768495 5.35
6.779261 5.35
6.809495 5.35
6.820261 5.35
6.850495 5.35
6.861263 5.35
6.891620 5.35
6.902496 5.35
6.937871 5.35
6.950372 5.35
6.979276 5.35
6.995512 5.35
7.020622 5.35
7.031511 5.35
7.066872 5.35
7.079248 5.35
7.108277 5.69
7.124278 5.69
7.149498 5.35
7.160263 5.35
7.190623 5.35
7.201498 5.35
7.236873 5.35
7.249249 5.35
7.278277 5.35
7.294140 5.35
7.319624 5.35
7.330499 5.35
7.365874 5.35
7.381750 5.35
7.407278 5.35
7.423141 5.35
7.448625 5.35
7.459515 5.35
7.494875 5.35
7.507251 5.35
7.536280 5.35
7.552280 5.35
7.582751 5.35
7.593501 5.35
7.624033 5.35
7.634876 5.35
7.665395 5.35
7.681280 5.35
7.706517 5.35
7.717269 5.35
7.752877 5.35
7.768753 5.35
7.794280 5.35
7.810283 5.35
7.835503 5.35
7.846271 5.35
7.876628 5.35
7.887503 5.35
7.922878 5.35
7.938878 5.35
7.964283 5.35
7.980159 5.35
8.005504 5.35
8.016270 5.35
8.046505 5.35
8.057273 5.35
8.087630 5.35
8.098505 5.35
8.133880 5.35
8.149755 5.35
8.175285 5.35
8.191161 5.35
8.216506 5.35
8.227273 5.35
8.257506 5.35
8.268272 5.35
8.298631 5.35
8.309506 5.35
8.344881 5.35
8.360757 5.35
8.386288 5.35
8.402161 5.35
8.427632 5.35
8.438508 5.35
8.473883 5.35
8.489883 5.35
8.515285 5.35
8.531162 5.35
8.556508 5.35
8.567273 5.35
8.597634 5.35
8.608509 5.35
8.643884 5.35
8.659759 5.35
8.685288 5.35
8.701164 5.35
8.726510 5.35
8.737278 5.35
8.767635 5.35
8.778510 5.35
8.813885 5.35
8.829760 5.35
8.855289 5.35
8.871164 5.35
8.898262 5.35
8.909012 5.35
8.939530 5.35
8.950278 5.35
8.985886 5.35
9.001886 5.35
9.027290 5.35
9.043165 5.35
9.070263 5.35
9.081164 5.35
9.111527 5.35
9.122281 5.35
9.157888 5.35
9.173763 5.35
9.199293 5.35
9.215168 5.35
9.242264 5.35
9.253014 5.35
9.285265 5.35
9.296168 5.35
9.328265 5.35
9.339032 5.35
9.371265 5.35
9.382169 5.35
9.412531 5.35
9.423286 5.35
9.458890 5.35
9.474891 5.35
9.500294 5.35
9.516168 5.35
9.541532 5.35
9.552284 5.35
9.582766 5.35
9.595296 5.35
9.624035 5.35
9.634891 5.35
9.665532 5.35
9.676407 5.35
9.706767 5.35
9.719298 5.35
9.747892 5.35
9.758768 5.35
9.789411 5.35
9.800408 5.35
9.832286 5.35
9.843036 5.35
9.878768 5.69
9.894769 5.69
9.920036 5.35
9.930894 5.35
9.961298 5.69
9.977298 5.35
10.007769 5.69
10.023895 5.35
10.048894 5.35
10.064895 5.35
10.090298 5.35
10.106172 5.35
10.136895 5.35
10.152895 5.35
10.178300 5.35
10.194300 5.35
10.224771 5.35
10.240896 5.35
10.265896 5.35
10.281896 5.35
10.307301 5.35
10.323177 5.69
10.353771 5.35
10.369772 5.69
10.395023 5.35
10.405897 5.35
10.436177 5.35
10.452415 5.35
10.477541 5.35
10.488290 5.35
10.518773 5.35
10.534648 5.35
10.559898 5.35
10.570774 5.35
10.601302 5.35
10.612179 5.35
10.647899 5.35
10.658649 5.69
10.689178 5.35
10.705304 5.35
10.730543 5.35
10.741293 5.35
10.771775 5.35
10.787775 5.35
10.813026 5.35
10.823900 5.69
10.854304 5.35
10.865026 5.35
10.900776 5.69
10.916901 5.35
10.942027 5.35
10.952901 5.69
10.983304 5.69
10.994055 5.35
11.029902 5.35
11.040651 5.35
11.071306 5.69
11.082182 5.35
11.117653 5.35
11.128528 5.35
11.158778 5.69
11.174778 5.35
11.200029 5.35
11.210904 5.35
11.241305 5.69
11.252030 5.35
11.287654 5.35
11.298529 5.35
11.328779 5.35
11.344654 5.35
11.373181 5.35
11.389184 5.69
11.416156 5.35
11.426905 5.35
11.457530 5.35
11.468295 5.35
11.503781 5.35
11.519905 5.35
11.548184 5.69
11.564308 5.69
11.589424 5.35
11.600174 5.69
11.635907 5.35
11.646656 5.35
11.677406 5.35
11.688157 5.35
11.718423 5.35
11.729174 5.35
11.764783 5.35
11.780907 5.35
11.805908 5.35
11.816658 5.35
11.847310 5.35
11.858034 5.35
11.893659 5.35
11.904425 5.35
11.934784 5.35
11.950784 5.35
11.976034 5.35
11.986784 5.35
12.017300 5.35
12.028035 5.35
12.063784 5.35
12.079660 5.35
12.108188 5.35
12.124176 5.35
12.149427 5.35
12.160177 5.35
12.195661 5.35
12.206426 5.35
12.236786 5.35
12.252911 5.35
12.278037 5.35
12.290662 5.35
12.319305 5.35
12.330191 5.35
12.365787 5.35
12.381912 5.35
12.407191 5.35
12.426314 5.35
12.445178 5.35
12.463429 5.35
12.493921 5.35
12.504663 5.35
12.535318 5.35
12.546039 5.35
12.581921 5.35
12.592664 5.35
12.623307 5.35
12.634192 5.35
12.669921 5.35
12.680664 5.35
12.711307 5.35
12.722194 5.35
12.757924 5.35
12.768665 5.35
12.799308 5.35
12.810041 5.35
12.842071 5.35
12.852923 5.35
12.888666 5.35
12.904791 5.35
12.929791 5.35
12.940542 5.35
12.971195 5.35
12.981925 5.35
13.017791 5.35
13.028542 5.35
13.059195 5.35
13.069926 5.35
13.105793 5.35
13.116543 5.35
13.147070 5.35
13.163072 5.35
13.193793 5.35
13.204543 5.35
13.235199 5.35
13.246072 5.35
13.281794 5.35
13.292669 5.35
13.323074 5.35
13.339074 5.35
13.369795 5.35
13.380669 5.35
13.411199 5.35
13.422074 5.35
13.457671 5.35
13.473670 5.35
13.498795 5.35
13.509671 5.00
13.540198 5.35
13.550925 5.35
13.586796 5.35
13.597671 5.35
13.628198 5.35
13.638926 5.35
13.674796 5.35
13.685672 5.35
13.716077 5.35
13.732201 5.35
13.762798 5.35
13.773673 5.35
13.804077 5.35
13.820200 5.35
13.850798 5.35
13.861673 5.35
13.892202 5.35
13.903078 5.35
13.938799 5.35
13.949674 5.35
13.980203 5.35
13.991078 5.35
14.026799 5.35
14.037674 5.35
14.068205 5.35
14.079079 5.35
14.114801 5.35
14.125676 5.35
14.156205 5.35
14.166930 5.35
14.202801 5.35
14.213676 5.35
14.244206 5.35
14.254929 5.35
14.290801 5.35
14.301552 5.35
14.332079 5.35
14.348082 5.35
14.378802 5.35
14.389552 5.35
14.420206 5.35
14.430929 5.35
14.466803 5.35
14.477678 5.35
14.508083 5.35
14.524082 5.35
14.554804 5.35
14.565554 5.35
14.596208 5.35
14.607083 5.35
14.642805 5.35
14.653679 5.35
14.683930 5.35
14.694805 5.35
14.725447 5.35
14.736209 5.35
14.766680 5.35
14.782805 5.35
14.807806 5.35
14.818681 5.35
14.849210 5.35
14.860085 5.35
14.895806 5.35
14.906681 5.35
14.937212 5.35
14.948087 5.35
14.983807 5.35
14.994557 5.35
15.025086 5.35
15.041084 5.35
15.071807 5.35
15.082558 5.35
15.113088 5.35
15.129087 5.35
15.159808 5.35
15.170558 5.35
15.201085 5.35
15.217085 5.35
15.247684 5.35
15.263684 5.35
15.288809 5.35
15.299684 5.35
15.330090 5.35
15.346214 5.35
15.373065 5.35
15.383810 5.35
15.416061 5.35
15.426936 5.35
15.457214 5.35
15.468087 5.35
15.503686 5.35
15.519686 5.35
15.544811 5.35
15.555686 5.35
15.586091 5.35
15.602215 5.35
15.632812 5.35
15.643687 5.35
15.674329 5.35
15.685091 5.35
15.715688 5.35
15.731813 5.35
15.756813 5.35
15.767688 5.35
15.798328 5.35
15.809090 5.35
15.839688 5.35
15.855688 5.35
15.880689 5.35
15.896689 5.35
15.921814 5.35
15.932689 5.35
15.963091 5.35
15.979094 5.35
16.004564 5.35
16.016941 5.35
16.045690 5.35
16.056440 5.35
16.086815 5.35
16.097565 5.35
16.128095 5.35
16.138941 5.35
16.169566 5.35
16.181942 5.35
16.210691 5.35
16.221441 5.35
16.251817 5.35
16.262691 5.35
16.293096 5.35
16.303817 5.35
16.339693 5.35
16.350567 5.35
16.380817 5.35
16.391692 5.35
16.422095 5.35
16.432818 5.35
16.468693 5.35
16.479443 5.35
16.509818 5.35
16.520569 5.35
16.551099 5.35
16.561944 5.35
16.592569 5.35
16.608694 5.35
16.633569 5.69
16.649694 5.35
16.674570 5.69
16.690695 5.35
16.715570 5.35
16.731695 5.35
16.756570 5.35
16.772696 5.35
16.797570 5.35
16.813696 5.35
16.838571 5.35
16.854696 5.35
16.879571 5.35
16.895696 5.35
16.920572 5.35
16.936696 5.35
16.961572 5.35
16.977697 5.35
17.002572 5.35
17.018697 5.35
17.043572 5.35
17.059698 5.35
17.084572 5.35
17.100698 5.35
17.125698 5.35
17.136573 5.35
17.166823 5.35
17.177573 5.35
17.208104 5.35
17.218949 5.35
17.249574 5.35
17.265699 5.35
17.290699 5.35
17.301574 5.35
17.331824 5.35
17.342575 5.35
17.373105 5.35
17.383951 5.35
17.414575 5.35
17.430576 5.35
17.455575 5.35
17.471701 5.35
17.496576 5.35
17.512576 5.35
17.537701 5.35
17.548576 5.35
17.578953 5.35
17.595106 5.35
17.625702 5.35
17.636577 5.35
17.666827 5.35
17.677702 5.35
17.708345 5.35
17.719106 5.35
17.749577 5.35
17.765703 5.35
17.790703 5.35
17.801579 5.35
17.831984 5.35
17.848106 5.35
17.878704 5.35
17.889454 5.35
17.919955 5.35
17.936107 5.35
17.966704 5.35
17.977454 5.35
18.007830 5.35
18.020470 5.35
18.049235 5.35
18.059956 5.35
18.090472 5.35
18.101222 5.35
18.131456 5.35
18.143959 5.35
18.172581 5.35
18.188456 5.35
18.213581 5.35
18.229581 5.35
18.254582 5.35
18.270707 5.35
18.295582 5.35
18.311582 5.35
18.336582 5.35
18.352707 5.35
18.377707 5.35
18.388582 5.35
18.418833 5.35
18.431223 5.35
18.461838 5.35
18.472708 5.35
18.503111 5.35
18.513834 5.35
18.544584 5.35
18.560709 5.35
18.585709 5.35
18.596584 5.35
18.626834 5.35
18.639225 5.35
18.667960 5.35
18.684112 5.35
18.710839 5.35
18.721710 5.35
18.752114 5.35
18.762961 5.35
18.793585 5.35
18.809711 5.35
18.834586 5.35
18.850711 5.35
18.875586 5.35
18.886461 5.35
18.916586 5.35
18.927462 5.35
18.957712 5.35
18.968587 5.35
18.998963 5.35
19.009838 5.35
19.045713 5.35
19.056588 5.35
19.086838 5.35
19.099230 5.35
19.128118 5.35
19.138838 5.35
19.169478 5.35
19.185478 5.35
19.210589 5.35
19.221464 5.35
19.251714 5.35
19.262464 5.35
19.292839 5.35
19.308839 5.35
19.333965 5.35
19.344839 5.35
19.380483 5.35
19.396484 5.35
19.421591 5.35
19.432466 5.35
19.462591 5.35
19.473357 5.35
19.503591 5.35
19.514466 5.35
19.544591 5.35
19.555467 5.35
19.585591 5.35
19.596359 5.35
19.626592 5.35
19.637467 5.35
19.667592 5.35
19.678484 5.35
19.708593 5.35
19.719468 5.35
19.749593 5.35
19.760468 5.35
19.790593 5.35
19.801468 5.35
19.831593 5.35
19.842468 5.35
19.872594 5.35
19.883469 5.35
19.913594 5.35
19.924469 5.35
19.954594 5.35
19.965470 5.35
19.995595 5.35
20.006470 5.35
20.036595 5.35
20.047470 5.35
20.077595 5.35
20.088471 5.35
20.118596 5.35
20.129471 5.35
20.159596 5.35
20.170471 5.35
20.200596 5.35
20.211471 5.35
20.241597 5.35
20.252472 5.35
20.282597 5.35
20.293472 5.35
20.323597 5.35
20.334473 5.35
20.364597 5.35
20.375473 5.35
20.405598 5.35
20.416472 5.35
20.446598 5.35
20.457363 5.35
20.487598 5.35
20.498473 5.35
20.528599 5.35
20.539474 5.35
20.569599 5.35
20.580474 5.35
20.610600 5.35
20.621475 5.35
20.651600 5.35
20.662475 5.35
20.692600 5.35
20.703475 5.35
20.733600 5.35
20.744475 5.35
20.774600 5.35
20.785475 5.35
20.815601 5.35
20.826476 5.35
20.856601 5.35
20.867476 5.35
20.897602 5.35
20.908477 5.35
20.938602 5.35
20.949477 5.35
20.979727 5.35
20.992245 5.35
21.020978 5.35
21.031853 5.35
21.062497 5.35
21.078504 5.35
21.103603 5.35
21.114478 5.35
21.144728 5.35
21.157247 5.35
21.185979 5.35
21.196854 5.35
21.227496 5.35
21.243497 5.35
21.268729 5.35
21.281105 5.35
21.309981 5.35
21.320855 5.35
21.351498 5.35
21.367498 5.35
21.392730 5.35
21.405105 5.35
21.434010 5.35
21.444856 5.35
21.475498 5.35
21.491498 5.35
21.516734 5.35
21.529106 5.35
21.557857 5.35
21.573856 5.35
21.604499 5.35
21.620498 5.35
21.645732 5.35
21.658125 5.35
21.687011 5.35
21.697857 5.35
21.728375 5.35
21.744375 5.35
21.769483 5.35
21.780375 5.35
21.810608 5.35
21.821483 5.35
21.851733 5.00
21.867609 5.35
21.893000 5.35
21.903859 5.35
21.934376 5.35
21.950377 5.35
21.975485 5.35
21.986252 5.35
22.016485 5.35
22.027253 5.35
22.057485 5.35
22.068253 5.35
22.098486 5.35
22.109253 5.35
22.139486 5.35
22.150254 5.35
22.180486 5.35
22.191254 5.35
22.221612 5.35
22.232487 5.35
22.262737 5.35
22.278737 5.35
22.303988 5.35
22.314862 5.35
22.345505 5.35
22.356255 5.35
22.386738 5.35
22.402738 5.35
22.428017 5.35
22.438863 5.35
22.469381 5.35
22.485256 5.35
22.510489 5.35
22.521364 5.35
22.551614 5.35
22.562489 5.35
22.592739 5.35
22.608740 5.35
22.642382 5.35
22.658383 5.35
22.683615 5.35
22.694490 5.35
22.724740 5.35
22.740740 5.35
22.765991 5.35
22.776866 5.35
22.807270 5.35
22.817992 5.35
22.848492 5.35
22.859257 5.35
22.889617 5.35
22.900491 5.35
22.930742 5.35
22.946742 5.35
22.971867 5.35
22.982617 5.35
23.018511 5.35
23.029260 5.35
23.059493 5.35
23.070260 5.35
23.100618 5.35
23.111493 5.35
23.141744 5.35
23.157743 5.35
23.182995 5.35
23.193869 5.35
23.229511 5.35
23.240262 5.35
23.270620 5.35
23.281495 5.35
23.311745 5.35
23.327745 5.35
23.354754 5.35
23.365495 5.35
23.397754 5.35
23.408496 5.35
23.439025 5.35
23.449871 5.35
23.480514 5.35
23.491262 5.35
23.521621 5.35
23.532513 5.35
23.562747 5.35
23.578746 5.35
23.604014 5.35
23.614872 5.35
23.645515 5.35
23.656266 5.35
23.686747 5.35
23.702748 5.35
23.727872 5.35
23.738748 5.35
23.769390 5.35
23.785392 5.35
23.810624 5.35
23.823153 5.35
23.851749 5.35
23.867749 5.35
23.894770 5.35
23.905499 5.35
23.937758 5.35
23.948500 5.35
23.980759 5.35
23.991625 5.35
24.021875 5.35
24.032625 5.35
24.063277 5.35
24.075635 5.35
24.104626 5.35
24.117002 5.35
24.145751 5.35
24.161751 5.35
24.188635 5.35
24.199518 5.35
24.229752 5.35
24.245752 5.35
24.272636 5.35
24.283520 5.35
24.313752 5.35
24.329752 5.35
24.360157 5.35
24.372637 5.35
24.401521 5.35
24.412268 5.35
24.442753 5.35
24.458754 5.35
24.483878 5.35
24.494629 5.35
24.525407 5.35
24.536394 5.35
24.566629 5.35
24.582505 5.35
24.607754 5.35
24.618630 5.00
24.654160 5.35
24.666639 5.35
24.695505 5.35
24.706272 5.35
24.736630 5.35
24.752631 5.35
24.782881 5.35
24.793631 5.35
24.824283 5.35
24.840160 5.35
24.865507 5.35
24.876272 5.35
24.906632 5.35
24.922632 5.35
24.947757 5.35
24.958507 5.35
24.994160 5.35
25.004883 5.35
25.035524 5.35
25.046276 5.35
25.076508 5.35
25.087276 5.35
25.117634 5.35
25.133508 5.35
25.158759 5.35
25.169508 5.35
25.205150 5.35
25.215884 5.35
25.246524 5.35
25.257277 5.35
25.287759 5.35
25.298635 5.35
25.334152 5.35
25.350150 5.35
25.375528 5.35
25.386278 5.35
25.416761 5.35
25.427636 5.35
25.463163 5.35
25.473886 5.35
25.504529 5.35
25.515279 5.35
25.545637 5.35
25.561637 5.35
25.586762 5.35
25.597512 5.35
25.633154 5.35
25.649155 5.35
25.674528 5.35
25.685405 5.35
25.715763 5.35
25.726638 5.35
25.762167 5.35
25.778167 5.35
25.803529 5.35
25.814280 5.35
25.844764 5.35
25.855514 5.35
25.891154 5.35
25.901889 5.35
25.932532 5.35
25.943282 5.35
25.973765 5.35
25.984639 5.35
26.020159 5.35
26.036158 5.35
26.061530 5.35
26.074016 5.35
26.102891 5.35
26.113641 5.35
26.144295 5.35
26.160283 5.35
26.185642 5.35
26.201517 5.35
26.226767 5.35
26.237517 5.35
26.273171 5.35
26.289157 5.35
26.314534 5.35
26.327018 5.35
26.355518 5.35
26.366286 5.35
26.396643 5.35
26.412518 5.35
26.437769 5.35
26.448643 5.35
26.480644 5.35
26.491536 5.35
26.521769 5.35
26.532519 5.35
26.562894 5.35
26.573770 5.35
26.604410 5.35
26.615162 5.35
26.645520 5.35
26.658037 5.35
26.686645 5.35
26.702646 5.35
26.727770 5.35
26.738521 5.35
26.774164 5.35
26.784896 5.35
26.815536 5.35
26.828039 5.35
26.856771 5.35
26.867522 5.35
26.903174 5.35
26.915552 5.35
26.944539 5.35
26.960540 5.35
26.985523 5.35
26.997898 5.35
27.026523 5.35
27.038898 5.35
27.067648 5.35
27.083523 5.35
27.108773 5.35
27.119649 5.35
27.155176 5.35
27.171164 5.35
27.196539 5.35
27.208899 5.35
27.237525 5.35
27.249899 5.35
27.278525 5.35
27.294525 5.35
27.319525 5.35
27.331900 5.35
27.360526 5.35
27.372900 5.35
27.401526 5.00
27.417526 5.35
27.442526 5.35
27.454901 5.35
27.483651 5.35
27.499526 5.35
27.524777 5.35
27.535652 5.35
27.571170 5.35
27.587170 5.35
27.612542 5.35
27.628652 5.35
27.653653 5.35
27.669528 5.35
27.694778 5.35
27.705653 5.35
27.741170 5.35
27.757171 5.35
27.782546 5.35
27.798545 5.35
27.823654 5.35
27.839529 5.35
27.864779 5.35
27.875654 5.35
27.911183 5.35
27.927056 5.35
27.952310 5.35
27.963058 5.35
27.993530 5.35
28.009420 5.35
28.034656 5.35
28.050530 5.35
28.075781 5.35
28.086656 5.35
28.122032 5.35
28.132781 5.35
28.163424 5.35
28.174187 5.35
28.204657 5.35
28.220657 5.35
28.245782 5.35
28.256657 5.35
28.292176 5.35
28.308175 5.35
28.333423 5.35
28.344175 5.35
28.374533 5.35
28.390425 5.35
28.415658 5.35
28.431533 5.35
28.456784 5.35
28.467534 5.35
28.503177 5.35
28.519036 5.35
28.544427 5.35
28.555176 5.35
28.585535 5.35
28.601535 5.35
28.626660 5.35
28.642535 5.35
28.667785 5.35
28.678535 5.35
28.714188 5.35
28.730036 5.35
28.755427 5.35
28.766179 5.35
28.796536 5.35
28.812429 5.35
28.837661 5.35
28.853537 5.35
28.878786 5.35
28.889537 5.35
28.920191 5.35
28.936037 5.35
28.961427 5.35
28.973920 5.35
29.002663 5.35
29.018538 5.35
29.045566 5.35
29.056304 5.35
29.088569 5.35
29.099305 5.35
29.129789 5.35
29.140664 5.35
29.171193 5.35
29.187193 5.35
29.212432 5.35
29.223194 5.35
29.253665 5.35
29.269540 5.35
29.296570 5.35
29.307307 5.35
29.339571 5.35
29.350309 5.35
29.382570 5.35
29.393306 5.35
29.425569 5.35
29.436306 5.35
29.468572 5.35
29.479309 5.35
29.511542 5.35
29.522309 5.35
29.552542 5.35
29.568417 5.35
29.593667 5.35
29.604435 5.35
29.636573 5.35
29.647311 5.35
29.682926 5.35
29.693668 5.35
29.724072 5.35
29.740070 5.35
29.765544 5.35
29.781544 5.35
29.806544 5.35
29.822437 5.35
29.847669 5.35
29.858434 5.35
29.893922 5.35
29.906447 5.35
29.935437 5.35
29.951438 5.35
29.976545 5.35
29.987438 5.35
30.017546 5.35
30.028439 5.35
30.058671 5.35
30.069546 5.35
30.104924 5.35
30.120924 5.35
30.146439 5.35
30.158925 5.35
30.193076 5.35
30.209077 5.35
30.234548 5.35
30.250547 5.35
30.275547 5.35
30.286441 5.35
30.316673 5.35
30.327441 5.35
30.362926 5.35
30.378926 5.35
30.404438 5.35
30.420440 5.35
30.445549 5.35
30.456440 5.35
30.486674 5.35
30.497549 5.35
30.532931 5.35
30.548931 5.35
30.574203 5.35
30.585078 5.35
30.615550 5.35
30.631675 5.35
30.656550 5.35
30.667440 5.35
30.697551 5.35
30.708441 5.35
30.738551 5.35
30.749444 5.35
30.779551 5.35
30.790445 5.35
30.820677 5.35
30.831442 5.35
30.866929 5.35
30.882929 5.35
30.908445 5.35
30.924445 5.35
30.949552 5.35
30.960445 5.35
30.990678 5.35
31.001570 5.35
31.036929 5.35
31.052931 5.35
31.078208 5.35
31.089083 5.35
31.119554 5.35
31.135554 5.35
31.160679 5.35
31.171554 5.35
31.206933 5.35
31.223083 5.35
31.248447 5.35
31.264448 5.35
31.289555 5.35
31.305555 5.35
31.330680 5.35
31.341447 5.35
31.376932 5.35
31.392932 5.35
31.418447 5.35
31.434446 5.35
31.459556 5.35
31.470447 5.35
31.500682 5.35
31.511557 5.35
31.546934 5.35
31.562933 5.35
31.588210 5.35
31.599084 5.35
31.629558 5.35
31.645558 5.35
31.670558 5.35
31.681449 5.35
31.711683 5.35
31.722449 5.35
31.757934 5.35
31.773936 5.35
31.799214 5.35
31.810089 5.35
31.840452 5.35
31.856434 5.35
31.881434 5.35
31.897449 5.35
31.922435 5.35
31.938450 5.35
31.963452 5.35
31.979453 5.35
32.004435 5.35
32.020452 5.35
32.045436 5.35
32.061454 5.35
32.086436 5.35
32.102454 5.35
32.127437 5.35
32.143561 5.35
32.168437 5.35
32.184455 5.35
32.209437 5.35
32.225455 5.35
32.250454 5.35
32.266456 5.35
32.291437 5.35
32.307453 5.35
32.332438 5.35
32.348454 5.35
32.373438 5.35
32.389454 5.35
32.414439 5.35
32.430564 5.35
32.455454 5.35
32.471456 5.35
32.496689 5.35
32.507439 5.35
32.542940 5.35
32.558940 5.35
32.584455 5.35
32.600455 5.35
32.625565 5.35
32.636440 5.35
32.666565 5.35
32.677441 5.35
32.707566 5.35
32.718441 5.35
32.748566 5.35
32.759441 5.35
32.789567 5.35
32.800457 5.35
32.830567 5.35
32.841441 5.35
32.871567 5.35
32.882442 5.35
32.912692 5.35
32.923442 5.35
32.958943 5.00
32.974944 5.35
33.000459 5.35
33.016461 5.35
33.041693 5.35
33.052568 5.35
33.087944 5.35
33.103948 5.35
33.129459 5.35
33.145460 5.35
33.170569 5.35
33.181445 5.35
33.211570 5.35
33.222445 5.35
33.252570 5.35
33.263445 5.35
33.293570 5.35
33.304462 5.35
33.334570 5.35
33.345445 5.35
33.375571 5.35
33.386446 5.35
33.416571 5.35
33.427446 5.35
33.462821 5.35
33.473572 5.35
33.504101 5.35
33.514821 5.35
33.545463 5.35
33.561462 5.35
33.586448 5.35
33.597214 5.35
33.627448 5.35
33.638216 5.35
33.668463 5.35
33.679216 5.35
33.709573 5.35
33.720449 5.35
33.750574 5.35
33.761449 5.35
33.791574 5.35
33.802449 5.35
33.832574 5.35
33.843467 5.35
33.873574 5.35
33.884450 5.35
33.914575 5.35
33.925450 5.35
33.955575 5.35
33.966450 5.35
33.996576 5.35
34.007451 5.35
34.037576 5.35
34.048451 5.35
34.078576 5.35
34.089452 5.35
34.121327 5.35
34.132232 5.35
34.162467 5.35
34.173219 5.35
34.203452 5.35
34.214219 5.35
34.244577 5.35
34.255452 5.35
34.285577 5.35
34.296453 5.35
34.326578 5.35
34.337453 5.35
34.367578 5.35
34.378454 5.35
34.410329 5.35
34.421106 5.35
34.451470 5.35
34.467579 5.35
34.492579 5.35
34.503455 5.35
34.538830 5.35
34.554830 5.35
34.580108 5.35
34.590972 5.35
34.621580 5.35
34.632472 5.35
34.664331 5.35
34.675234 5.35
34.705473 5.35
34.716221 5.35
34.748332 5.35
34.759108 5.35
34.789471 5.35
34.800224 5.35
34.832332 5.35
34.843112 5.35
34.873582 5.35
34.884457 5.35
34.916333 5.35
34.927236 5.35
34.957583 5.35
34.968473 5.35
35.003833 5.35
35.016350 5.35
35.045349 5.35
35.061352 5.35
35.088335 5.35
35.099237 5.35
35.129584 5.35
35.140477 5.35
35.172335 5.35
35.183238 5.35
35.213460 5.35
35.224227 5.35
35.254585 5.35
35.265460 5.35
35.297337 5.35
35.308114 5.35
35.338479 5.35
35.349228 5.35
35.379586 5.35
35.390461 5.35
35.425711 5.35
35.436461 5.35
35.466836 5.35
35.482837 5.35
35.508116 5.35
35.518994 5.35
35.549479 5.35
35.560230 5.35
35.590462 5.35
35.601231 5.35
35.631463 5.35
35.642228 5.35
35.672478 5.35
35.683231 5.35
35.718713 5.35
35.729463 5.35
35.759839 5.35
35.775715 5.35
35.801244 5.35
35.817229 5.35
35.842464 5.35
35.853230 5.35
35.883482 5.35
35.894233 5.35
35.929714 5.35
35.940465 5.35
35.970840 5.35
35.986715 5.35
36.012091 5.35
36.022841 5.35
36.053484 5.35
36.064234 5.35
36.094466 5.35
36.105234 5.35
36.135467 5.35
36.146232 5.35
36.176467 5.35
36.187232 5.35
36.217467 5.35
36.228234 5.35
36.258468 5.35
36.269233 5.35
36.299468 5.35
36.310235 5.35
36.340468 5.35
36.351236 5.35
36.381468 5.35
36.392235 5.35
36.422468 5.35
36.433235 5.35
36.463469 5.35
36.474234 5.35
36.504469 5.35
36.515237 5.35
36.545470 5.35
36.556235 5.35
36.586470 5.35
36.597237 5.35
36.627471 5.35
36.638239 5.35
36.668471 5.35
36.679239 5.35
36.709471 5.35
36.720236 5.35
36.750471 5.35
36.761240 5.35
36.791471 5.35
36.802237 5.35
36.832472 5.35
36.843240 5.35
36.873472 5.35
36.884240 5.35
36.914473 5.35
36.925239 5.35
36.955473 5.35
36.966238 5.35
36.996474 5.35
37.007240 5.35
37.037473 5.35
37.048241 5.35
37.078474 5.35
37.089239 5.35
37.119474 5.35
37.130241 5.35
37.160474 5.35
37.171243 5.35
37.201475 5.35
37.212243 5.35
37.242475 5.35
37.253240 5.35
37.283475 5.35
37.294243 5.35
37.324475 5.35
37.335241 5.35
37.365476 5.35
37.376243 5.35
37.406476 5.35
37.417242 5.35
37.447477 5.35
37.458245 5.35
37.488477 5.35
37.499245 5.35
37.529495 5.35
37.540245 5.35
37.572229 5.35
37.582979 5.35
37.615230 5.35
37.626103 5.35
37.658259 5.35
37.668979 5.35
37.701229 5.35
37.711979 5.35
37.744229 5.35
37.755103 5.35
37.785494 5.35
37.796247 5.35
37.826730 5.35
37.837479 5.35
37.867855 5.35
37.883855 5.35
37.909105 5.35
37.921605 5.35
37.950498 5.35
37.961245 5.35
37.993232 5.35
38.003982 5.35
38.034499 5.35
38.045248 5.35
38.080856 5.35
38.096732 5.35
38.122261 5.35
38.138497 5.35
38.168732 5.69
38.181108 5.35
38.209983 5.35
38.220857 5.35
38.251261 5.35
38.267261 5.35
38.297733 5.35
38.310108 5.35
38.338984 5.35
38.349858 5.35
38.380261 5.35
38.396126 5.35
38.426859 5.35
38.437734 5.35
38.468377 5.35
38.479264 5.35
38.514860 5.00
38.525735 5.35
38.556263 5.35
38.572253 5.35
38.602735 5.35
38.618610 5.35
38.643986 5.35
38.654860 5.35
38.685504 5.35
38.696253 5.35
38.731861 5.35
38.742612 5.35
38.773265 5.35
38.784138 5.35
38.819862 5.35
38.830737 5.35
38.861264 5.35
38.871988 5.35
38.907613 5.35
38.918503 5.35
38.948738 5.35
38.964738 5.35
38.990019 5.35
39.000863 5.35
39.031504 5.35
39.042256 5.35
39.072739 5.35
39.088614 5.35
39.113864 5.35
39.124739 5.35
39.155268 5.35
39.166133 5.35
39.201740 5.35
39.217865 5.35
39.242991 5.35
39.253865 5.35
39.284507 5.35
39.295259 5.35
39.325741 5.35
39.341616 5.35
39.366992 5.35
39.377866 5.35
39.408510 5.35
39.419258 5.35
39.449741 5.35
39.465617 5.35
39.490993 5.35
39.501867 5.35
39.532144 5.35
39.548269 5.35
39.573510 5.35
39.584261 5.35
39.619868 5.35
39.630618 5.35
39.661384 5.35
39.672148 5.35
39.707744 5.35
39.723868 5.35
39.751995 5.35
39.762869 5.35
39.793510 5.35
39.804262 5.35
39.834745 5.35
39.850620 5.35
39.875995 5.35
39.886870 5.35
39.917274 5.35
39.927996 5.35
39.963871 5.35
39.974620 5.35
40.005275 5.35
40.015997 5.35
40.051746 5.35
40.067622 5.35
40.092997 5.35
40.103871 5.35
40.134277 5.35
40.145151 5.35
40.180872 5.35
40.191622 5.35
40.222277 5.35
40.233151 5.35
40.268748 5.35
40.284748 5.35
40.309999 5.35
40.320873 5.35
40.351277 5.35
40.362030 5.35
40.397874 5.35
40.408624 5.35
40.439276 5.35
40.450000 5.35
40.485875 5.35
40.496624 5.35
40.527392 5.35
40.538279 5.35
40.568750 5.35
40.584875 5.35
40.613152 5.35
40.629144 5.35
40.656127 5.35
40.667031 5.35
40.697518 5.35
40.708269 5.35
40.738751 5.35
40.754752 5.35
40.779877 5.35
40.790627 5.35
40.821279 5.35
40.832003 5.35
40.867877 5.35
40.878753 5.35
40.909283 5.35
40.920003 5.35
40.955878 5.35
40.966753 5.35
40.997158 5.35
41.013280 5.35
41.043753 5.35
41.059879 5.35
41.085005 5.35
41.097504 5.35
41.126281 5.35
41.137005 5.35
41.172754 5.35
41.188755 5.35
41.213880 5.35
41.224629 5.35
41.255284 5.35
41.266006 5.35
41.301631 5.35
41.314006 5.35
41.342756 5.35
41.358756 5.35
41.384007 5.35
41.400158 5.35
41.425283 5.35
41.436038 5.35
41.466632 5.35
41.482756 5.35
41.507757 5.35
41.518507 5.35
41.549009 5.35
41.565036 5.35
41.595758 5.35
41.606633 5.35
41.637026 5.35
41.653161 5.35
41.683759 5.35
41.694633 5.35
41.724884 5.35
41.735634 5.35
41.766288 5.35
41.777163 5.35
41.807509 5.35
41.818277 5.35
41.848635 5.35
41.864760 5.35
41.889760 5.35
41.900635 5.35
41.931011 5.35
41.947166 5.35
41.972166 5.35
41.983040 5.35
42.018636 5.35
42.034761 5.35
42.059761 5.35
42.070636 5.35
42.101012 5.35
42.117164 5.35
42.147763 5.35
42.158637 5.35
42.189013 5.35
42.205166 5.35
42.230167 5.35
42.241014 5.35
42.276763 5.35
42.287638 5.35
42.318014 5.35
42.334014 5.35
42.364763 5.35
42.375639 5.35
42.406015 5.35
42.422166 5.35
42.447404 5.35
42.458156 5.35
42.488514 5.35
42.499283 5.35
42.529640 5.35
42.545765 5.35
42.570766 5.35
42.581640 5.35
42.612016 5.35
42.628169 5.35
42.658766 5.35
42.669516 5.35
42.700017 5.35
42.716017 5.35
42.746767 5.35
42.757517 5.35
42.788017 5.35
42.804171 5.35
42.829172 5.35
42.840018 5.35
42.875768 5.35
42.886518 5.35
42.917036 5.35
42.933172 5.35
42.958171 5.35
42.968893 5.35
43.004768 5.35
43.015643 5.35
43.046020 5.35
43.062019 5.35
43.092770 5.35
43.103519 5.35
43.134020 5.35
43.150172 5.35
43.175171 5.35
43.185895 5.35
43.221771 5.35
43.232645 5.35
43.263022 5.35
43.279176 5.35
43.306025 5.35
43.316896 5.35
43.347300 5.35
43.358173 5.35
43.388646 5.35
43.404772 5.35
43.429772 5.35
43.440522 5.35
43.471023 5.35
43.487175 5.35
43.512299 5.35
43.523052 5.35
43.553648 5.35
43.569648 5.35
43.594773 5.35
43.605648 5.35
43.635898 5.35
43.648524 5.35
43.679028 5.35
43.689899 5.35
43.725774 5.35
43.736524 5.35
43.767025 5.35
43.783177 5.35
43.810029 5.35
43.820899 5.35
43.851180 5.35
43.862053 5.35
43.897775 5.35
43.908650 5.35
43.939026 5.35
43.955179 5.35
43.985651 5.35
44.001651 5.35
44.026776 5.35
44.037651 5.35
44.068043 5.00
44.084178 5.35
44.114777 5.35
44.125652 5.35
44.156028 5.35
44.172028 5.35
44.202777 5.35
44.213528 5.35
44.244028 5.35
44.260029 5.35
44.286907 5.35
44.297653 5.35
44.333546 5.35
44.345907 5.35
44.374654 5.35
44.385529 5.35
44.415779 5.35
44.426529 5.35
44.457030 5.35
44.467780 5.35
44.503545 5.35
44.519548 5.35
44.544780 5.35
44.555531 5.35
44.586061 5.35
44.596780 5.35
44.627423 5.35
44.638174 5.35
44.668531 5.35
44.684549 5.35
44.709656 5.35
44.720424 5.35
44.750781 5.35
44.761532 5.35
44.792032 5.35
44.802782 5.35
44.838657 5.35
44.849424 5.35
44.879783 5.35
44.890533 5.35
44.921033 5.35
44.931783 5.35
44.967550 5.35
44.983533 5.35
45.008784 5.35
45.019534 5.35
45.049909 5.35
45.065909 5.35
45.096551 5.35
45.112550 5.35
45.137785 5.35
45.148535 5.35
45.179035 5.35
45.189785 5.35
45.220189 5.35
45.231035 5.35
45.261426 5.35
45.272177 5.35
45.302536 5.35
45.318536 5.35
45.343536 5.35
45.359536 5.35
45.384661 5.35
45.395429 5.35
45.425787 5.35
45.436537 5.35
45.467037 5.35
45.477787 5.35
45.513552 5.35
45.529555 5.35
45.554788 5.35
45.565663 5.35
45.596039 5.35
45.606788 5.35
45.642556 5.35
45.658554 5.35
45.683920 5.35
45.699920 5.35
45.733664 5.35
45.744431 5.35
45.774790 5.35
45.785665 5.35
45.816193 5.35
45.826922 5.35
45.857432 5.35
45.868193 5.35
45.898666 5.35
45.909434 5.35
45.939791 5.35
45.950666 5.35
45.982946 5.35
45.993791 5.35
46.029558 5.35
46.045557 5.35
46.070792 5.35
46.081667 5.35
46.112194 5.35
46.122925 5.35
46.153542 5.35
46.169559 5.35
46.194668 5.35
46.205542 5.35
46.235793 5.35
46.246543 5.35
46.278923 5.35
46.289793 5.35
46.325669 5.35
46.336544 5.35
46.366794 5.35
46.377669 5.35
46.407922 5.35
46.424071 5.35
46.454669 5.35
46.465545 5.35
46.495794 5.35
46.506545 5.35
46.538925 5.35
46.549795 5.35
46.585671 5.35
46.596546 5.35
46.626796 5.35
46.639437 5.35
46.668076 5.35
46.678925 5.35
46.714671 5.35
46.725547 5.35
46.755797 5.35
46.768200 5.35
46.797076 5.35
46.807926 5.35
46.843673 5.00
46.854548 5.35
46.884798 5.35
46.897201 5.35
46.927829 5.35
46.938548 5.35
46.974674 5.35
46.985549 5.35
47.015928 5.35
47.032076 5.35
47.062674 5.35
47.073549 5.35
47.103799 5.35
47.116203 5.35
47.150440 5.35
47.162827 5.35
47.191550 5.35
47.202442 5.35
47.232675 5.35
47.243443 5.35
47.273801 5.35
47.286205 5.35
47.315080 5.35
47.325929 5.35
47.356442 5.35
47.368819 5.35
47.397552 5.35
47.408444 5.35
47.438552 5.35
47.449446 5.35
47.479552 5.35
47.490446 5.35
47.520552 5.35
47.531443 5.35
47.561678 5.35
47.572443 5.35
47.602803 5.35
47.618803 5.35
47.644082 5.35
47.654930 5.35
47.690444 5.35
47.706322 5.35
47.731554 5.35
47.742446 5.35
47.772554 5.35
47.783429 5.35
47.813555 5.35
47.824447 5.35
47.854680 5.35
47.865555 5.35
47.895806 5.35
47.911805 5.35
47.937085 5.35
47.947806 5.35
47.978448 5.35
47.994447 5.35
48.019556 5.35
48.030447 5.35
48.060682 5.35
48.071449 5.35
48.101807 5.35
48.117682 5.35
48.143084 5.35
48.153807 5.35
48.184558 5.35
48.195449 5.35
48.225558 5.35
48.236450 5.35
48.266683 5.35
48.277449 5.35
48.307809 5.35
48.323809 5.35
48.349087 5.35
48.359809 5.35
48.390449 5.35
48.406326 5.35
48.431560 5.35
48.442452 5.35
48.472560 5.35
48.483435 5.35
48.513560 5.35
48.524453 5.35
48.554560 5.35
48.565452 5.35
48.595561 5.35
48.606452 5.35
48.636561 5.35
48.647436 5.35
48.677561 5.35
48.688437 5.35
48.718562 5.35
48.729454 5.35
48.759687 5.35
48.770562 5.35
48.800812 5.35
48.816813 5.35
48.850454 5.35
48.866453 5.35
48.891688 5.35
48.902438 5.35
48.932814 5.35
48.948813 5.35
48.974090 5.35
48.984814 5.35
49.015455 5.35
49.031454 5.35
49.056689 5.35
49.067564 5.35
49.097814 5.35
49.113815 5.35
49.140819 5.35
49.151565 5.35
49.183819 5.35
49.194566 5.35
49.230460 5.35
49.246331 5.35
49.271566 5.35
49.282457 5.35
49.312566 5.35
49.323441 5.35
49.353567 5.35
49.364442 5.35
49.394567 5.35
49.405442 5.35
49.435692 5.35
49.448333 5.35
49.476943 5.35
49.487817 5.35
49.523460 5.35
49.539461 5.35
49.564568 5.35
49.575460 5.35
49.605569 5.35
49.616444 5.35
49.646569 5.35
49.657444 5.35
49.687694 5.35
49.700099 5.35
49.728819 5.35
49.744819 5.35
49.769945 5.35
49.780819 5.35
49.811463 5.35
49.827461 5.35
49.852695 5.35
49.865097 5.35
49.893821 5.35
49.909821 5.35
49.940223 5.35
49.950947 5.35
49.981572 5.35
49.992464 5.35
50.022571 5.35
50.033446 5.35
50.063572 5.35
50.074447 5.35
50.104572 5.35
50.115447 5.35
50.145573 5.35
50.156448 5.35
50.186573 5.35
50.197340 5.35
50.227573 5.35
50.238448 5.35
50.268700 5.35
50.284574 5.35
50.309824 5.35
50.320699 5.35
50.356229 5.35
50.366950 5.35
50.397467 5.35
50.408215 5.35
50.438575 5.35
50.449450 5.35
50.479575 5.35
50.490450 5.35
50.520575 5.35
50.531468 5.35
50.561575 5.35
50.572451 5.35
50.602576 5.35
50.613451 5.35
50.643576 5.35
50.654451 5.35
50.684577 5.35
50.695453 5.35
50.725577 5.35
50.736452 5.35
50.766577 5.35
50.777452 5.35
50.807577 5.35
50.818452 5.35
50.848578 5.35
50.859453 5.35
50.889578 5.35
50.900453 5.35
50.930578 5.35
50.941454 5.35
50.971579 5.35
50.982454 5.35
51.012579 5.35
51.023472 5.35
51.053579 5.35
51.064455 5.35
51.094580 5.35
51.105455 5.35
51.135580 5.35
51.146455 5.35
51.176580 5.35
51.187455 5.35
51.217581 5.35
51.228456 5.35
51.258581 5.35
51.269456 5.35
51.299581 5.35
51.310457 5.35
51.340581 5.35
51.351457 5.35
51.381582 5.35
51.392457 5.35
51.422582 5.35
51.433457 5.35
51.463583 5.35
51.474458 5.35
51.504583 5.35
51.515458 5.35
51.545583 5.35
51.556458 5.35
51.586584 5.35
51.597459 5.35
51.627584 5.35
51.638459 5.35
51.668709 5.35
51.684584 5.35
51.709834 5.35
51.720585 5.35
51.756226 5.35
51.766960 5.35
51.797460 5.35
51.808225 5.35
51.838460 5.35
51.849227 5.35
51.879460 5.35
51.890228 5.35
51.920461 5.35
51.931229 5.35
51.961461 5.35
51.972229 5.35
52.002462 5.35
52.013227 5.35
52.043462 5.35
52.054229 5.35
52.084462 5.35
52.095231 5.35
52.125463 5.35
52.136230 5.35
52.166462 5.35
52.177229 5.35
52.207463 5.35
52.218230 5.35
52.248463 5.35
52.259229 5.35
52.289464 5.35
52.300231 5.35
52.330464 5.35
52.341232 5.35
52.371464 5.35
52.382232 5.00
52.412465 5.35
52.423230 5.35
52.453466 5.35
52.464233 5.35
52.494465 5.35
52.505233 5.35
52.535481 5.35
52.546231 5.35
52.576591 5.35
52.588967 5.35
52.617591 5.35
52.629967 5.35
52.658591 5.35
52.670968 5.35
52.699592 5.35
52.715467 5.35
52.740592 5.35
52.752968 5.35
52.781592 5.35
52.793968 5.35
52.822593 5.35
52.838468 5.35
52.863593 5.35
52.879468 5.35
52.904593 5.35
52.916969 5.35
52.945594 5.35
52.961469 5.35
52.986594 5.35
53.002469 5.35
53.027594 5.35
53.039970 5.35
53.068594 5.35
53.084469 5.35
53.109595 5.35
53.125470 5.35
53.150595 5.35
53.162971 5.35
53.191595 5.35
53.207471 5.35
53.232596 5.35
53.248471 5.35
53.273596 5.35
53.289472 5.35
53.314597 5.35
53.330471 5.35
53.355597 5.35
53.371472 5.35
53.396597 5.35
53.412472 5.35
53.437597 5.35
53.453472 5.35
53.478597 5.35
53.494473 5.35
53.519598 5.35
53.535473 5.35
53.560598 5.35
53.576474 5.35
53.601599 5.35
53.617474 5.35
53.642599 5.35
53.658474 5.35
53.683599 5.35
53.699474 5.35
53.724599 5.35
53.740475 5.35
53.765600 5.35
53.781475 5.35
53.806600 5.35
53.822476 5.35
53.847600 5.35
53.863476 5.35
53.888601 5.35
53.904476 5.35
53.929601 5.35
53.945476 5.35
53.970602 5.35
53.986477 5.35
54.011601 5.35
54.027477 5.35
54.052602 5.35
54.068477 5.35
54.093602 5.35
54.109478 5.35
54.134602 5.35
54.150603 5.35
54.175727 5.35
54.186478 5.35
54.222118 5.35
54.238121 5.35
54.263496 5.35
54.274246 5.35
54.306605 5.35
54.317496 5.35
54.347729 5.35
54.358479 5.35
54.394123 5.35
54.410123 5.35
54.435605 5.35
54.451605 5.35
54.476730 5.35
54.487481 5.35
54.523122 5.35
54.533855 5.35
54.564497 5.35
54.577012 5.35
54.605731 5.35
54.616480 5.35
54.646857 5.35
54.657732 5.35
54.688260 5.35
54.704374 5.35
54.729482 5.35
54.740250 5.35
54.770482 5.35
54.781248 5.35
54.811608 5.35
54.827483 5.35
54.852733 5.35
54.863483 5.35
54.895609 5.35
54.906499 5.35
54.936734 5.35
54.947609 5.35
54.983127 5.35
54.999136 5.35
55.024610 5.35
55.040485 5.35
55.065735 5.35
55.076484 5.35
55.112128 5.35
55.128128 5.35
55.153503 5.35
55.165860 5.35
55.194736 5.35
55.205485 5.35
55.241130 5.35
55.257128 5.35
55.282611 5.35
55.298486 5.35
55.323737 5.35
55.334486 5.35
55.370129 5.35
55.386129 5.35
55.411503 5.35
55.427505 5.35
55.452613 5.35
55.468613 5.35
55.493738 5.35
55.504613 5.35
55.540141 5.35
55.552489 5.35
55.581614 5.35
55.597489 5.35
55.622739 5.35
55.633614 5.35
55.669141 5.35
55.684991 5.35
55.710614 5.35
55.726490 5.35
55.751740 5.35
55.762490 5.35
55.798133 5.35
55.814132 5.35
55.839508 5.35
55.855508 5.35
55.880616 5.35
55.896491 5.35
55.921741 5.35
55.932491 5.35
55.968022 5.35
55.984019 5.35
56.009509 5.35
56.025509 5.35
56.050742 5.35
56.061617 5.35
56.097145 5.35
56.113025 5.35
56.138508 5.35
56.154510 5.35
56.179493 5.35
56.195618 5.35
56.220619 5.35
56.236493 5.35
56.261744 5.35
56.272619 5.35
56.308146 5.35
56.324137 5.35
56.349263 5.35
56.359995 5.35
56.390494 5.35
56.406509 5.35
56.431620 5.35
56.447495 5.35
56.472745 5.35
56.483620 5.35
56.519151 5.35
56.534997 5.35
56.560621 5.35
56.576496 5.35
56.601746 5.35
56.612621 5.35
56.648149 5.35
56.663997 5.35
56.689497 5.35
56.705514 5.35
56.730497 5.35
56.746498 5.35
56.771623 5.35
56.787623 5.35
56.812747 5.35
56.823623 5.35
56.859152 5.35
56.875141 5.35
56.900513 5.35
56.916624 5.35
56.941499 5.35
56.957499 5.35
56.982499 5.35
56.998500 5.35
57.023624 5.35
57.039500 5.35
57.064749 5.35
57.075500 5.35
57.111141 5.35
57.127001 5.35
57.152500 5.35
57.168625 5.35
57.193501 5.35
57.209501 5.35
57.234501 5.35
57.250501 5.35
57.275626 5.35
57.291502 5.35
57.316751 5.35
57.327502 5.35
57.363145 5.35
57.379142 5.35
57.404519 5.35
57.420627 5.35
57.445503 5.35
57.461503 5.35
57.486503 5.35
57.502503 5.35
57.527628 5.69
57.543629 5.35
57.570505 5.69
57.581271 5.35
57.611629 5.35
57.622504 5.35
57.654506 5.35
57.665397 5.35
57.695630 5.35
57.706505 5.35
57.738505 5.35
57.749270 5.35
57.779505 5.35
57.795505 5.35
57.820631 5.35
57.831506 5.35
57.863506 5.35
57.874275 5.35
57.904506 5.35
57.920506 5.35
57.945631 5.00
57.956507 5.35
57.988383 5.35
57.999149 5.35
58.029522 5.35
58.045524 5.35
58.070632 5.35
58.081508 5.35
58.113384 5.35
58.124286 5.35
58.154508 5.35
58.165276 5.35
58.195633 5.35
58.206508 5.35
58.238384 5.35
58.249150 5.35
58.279509 5.35
58.290275 5.35
58.320509 5.35
58.331275 5.35
58.361509 5.35
58.372278 5.35
58.402510 5.35
58.413278 5.35
58.443510 5.35
58.454403 5.35
58.484636 5.35
58.495510 5.35
58.530886 5.35
58.541636 5.35
58.572290 5.35
58.583012 5.35
58.613637 5.35
58.624512 5.35
58.659887 5.35
58.670637 5.35
58.701290 5.35
58.712014 5.35
58.742513 5.35
58.753277 5.35
58.783638 5.35
58.794513 5.35
58.829888 5.35
58.840763 5.35
58.871293 5.35
58.882165 5.35
58.912514 5.35
58.923407 5.35
58.953639 5.35
58.964514 5.35
58.999889 5.35
59.010640 5.35
59.041294 5.35
59.052016 5.35
59.082515 5.35
59.093282 5.35
59.123640 5.35
59.134515 5.35
59.169891 5.35
59.180641 5.35
59.211294 5.35
59.222017 5.35
59.252517 5.35
59.263285 5.35
59.293641 5.35
59.304517 5.35
59.339892 5.35
59.350642 5.35
59.381171 5.35
59.391893 5.35
59.422535 5.35
59.438535 5.35
59.463643 5.35
59.474518 5.35
59.509893 5.35
59.520643 5.35
59.551297 5.35
59.562172 5.35
59.592644 5.35
59.603519 5.35
59.638894 5.35
59.649769 5.35
59.680298 5.35
59.692769 5.35
59.721645 5.35
59.732520 5.35
59.767895 5.35
59.783770 5.35
59.809175 5.35
59.820022 5.35
59.850538 5.35
59.866538 5.35
59.891521 5.35
59.902287 5.35
59.932647 5.35
59.943521 5.35
59.978897 5.35
59.989647 5.35
60.020301 5.35
60.031023 5.35
60.061647 5.35
60.072523 5.35
60.107898 5.35
60.118648 5.35
60.149300 5.35
60.161898 5.35
60.190523 5.35
60.201288 5.35
60.231524 5.35
60.242290 5.35
60.272524 5.35
60.283292 5.35
60.313524 5.35
60.324292 5.35
60.354525 5.35
60.365292 5.35
60.395525 5.35
60.406292 5.35
60.436525 5.35
60.447419 5.35
60.477651 5.35
60.488526 5.35
60.523901 5.35
60.539901 5.35
60.565418 5.35
60.581543 5.35
60.606542 5.35
60.617417 5.35
60.652901 5.35
60.665431 5.35
60.694422 5.35
60.710652 5.00
60.735545 5.35
60.746418 5.35
60.776652 5.35
60.787528 5.35
60.822903 5.35
60.835306 5.35
60.864421 5.35
60.880421 5.35
60.905546 5.35
60.916421 5.35
60.951904 5.35
60.964310 5.35
60.993422 5.35
61.009545 5.35
61.039904 5.35
61.055780 5.35
61.081308 5.35
61.097184 5.35
61.122656 5.35
61.133422 5.35
61.168906 5.35
61.181298 5.35
61.210310 5.35
61.226183 5.35
61.251531 5.35
61.262425 5.35
61.292657 5.35
61.303422 5.35
61.338907 5.35
61.354782 5.35
61.380424 5.35
61.396301 5.35
61.421426 5.35
61.432173 5.35
61.462425 5.35
61.473175 5.35
61.503659 5.35
61.514424 5.35
61.549909 5.35
61.565784 5.35
61.591313 5.35
61.607300 5.35
61.632659 5.35
61.643426 5.35
61.678909 5.35
61.694785 5.35
61.720303 5.35
61.736177 5.35
61.761425 5.35
61.772178 5.35
61.802536 5.35
61.813302 5.35
61.843661 5.35
61.854426 5.35
61.889911 5.35
61.905786 5.35
61.931303 5.35
61.947179 5.35
61.972662 5.35
61.983428 5.35
62.018912 5.35
62.034787 5.35
62.060316 5.35
62.076192 5.35
62.101663 5.35
62.112429 5.35
62.147921 5.35
62.163788 5.35
62.189306 5.35
62.205193 5.35
62.230429 5.35
62.241193 5.35
62.271664 5.35
62.282430 5.35
62.317922 5.35
62.333789 5.35
62.359307 5.35
62.375191 5.35
62.400540 5.35
62.411308 5.35
62.441541 5.35
62.452307 5.35
62.482540 5.35
62.493309 5.35
62.523541 5.35
62.534307 5.35
62.564541 5.35
62.575309 5.35
62.605542 5.35
62.616310 5.35
62.648311 5.35
62.659196 5.35
62.689542 5.35
62.700309 5.35
62.732311 5.35
62.743197 5.35
62.775309 5.35
62.786070 5.35
62.818312 5.35
62.829072 5.35
62.861311 5.35
62.872073 5.35
62.904322 5.35
62.915072 5.35
62.947311 5.35
62.958071 5.35
62.988545 5.35
62.999437 5.35
63.031329 5.35
63.042072 5.35
63.074326 5.35
63.085074 5.35
63.117326 5.35
63.128075 5.35
63.160326 5.35
63.171074 5.35
63.203326 5.35
63.214198 5.35
63.246325 5.35
63.257076 5.35
63.289327 5.35
63.300076 5.35
63.332328 5.35
63.343076 5.35
63.375328 5.35
63.386074 5.35
63.418326 5.35
63.429077 5.35
63.461328 5.35
63.472077 5.35
63.504299 5.35
63.515075 5.35
63.545549 5.35
63.556442 5.35
63.591931 5.35
63.602799 5.35
63.633202 5.35
63.649079 5.35
63.674566 5.35
63.685300 5.35
63.720800 5.35
63.733206 5.35
63.762202 5.35
63.779203 5.35
63.803550 5.35
63.814443 5.35
63.846206 5.35
63.856930 5.35
63.887551 5.35
63.898441 5.35
63.933677 5.35
63.944427 5.35
63.974802 5.35
63.987208 5.35
64.016207 5.35
64.032445 5.35
64.057552 5.35
64.068443 5.35
64.103930 5.35
64.114803 5.35
64.145445 5.35
64.156207 5.35
64.191929 5.35
64.202803 5.35
64.233447 5.35
64.244209 5.35
64.279679 5.35
64.290446 5.35
64.320804 5.35
64.336804 5.35
64.362083 5.35
64.372805 5.35
64.403555 5.35
64.414445 5.35
64.449937 5.35
64.460934 5.35
64.491447 5.35
64.502210 5.35
64.537681 5.35
64.548431 5.35
64.578807 5.35
64.594682 5.35
64.623210 5.35
64.639210 5.35
64.664557 5.35
64.675447 5.35
64.710682 5.35
64.721450 5.35
64.751808 5.35
64.767808 5.35
64.793086 5.35
64.803808 5.35
64.834559 5.35
64.845450 5.35
64.880683 5.35
64.891449 5.35
64.921808 5.35
64.937809 5.35
64.966089 5.35
64.976935 5.35
65.007453 5.35
65.018204 5.35
65.053685 5.35
65.064435 5.35
65.094810 5.35
65.110686 5.35
65.136090 5.35
65.146810 5.35
65.177451 5.35
65.188203 5.35
65.223937 5.35
65.234812 5.35
65.265215 5.35
65.281562 5.35
65.308188 5.35
65.319092 5.35
65.351188 5.35
65.361938 5.35
65.394189 5.35
65.405093 5.35
65.435563 5.35
65.446456 5.35
65.481813 5.35
65.497813 5.35
65.526341 5.35
65.542217 5.35
65.572975 5.35
65.589093 5.35
65.614455 5.35
65.625331 5.35
65.657221 5.35
65.668092 5.35
65.700218 5.35
65.711094 5.35
65.743220 5.35
65.754092 5.35
65.786208 5.35
65.797095 5.35
65.829192 5.35
65.840093 5.35
65.870458 5.35
65.881209 5.35
65.916817 5.35
65.932943 5.35
65.958097 5.35
65.970693 5.35
66.001193 5.35
66.012095 5.35
66.047817 5.35
66.063818 5.35
66.089098 5.35
66.101569 5.35
66.132194 5.35
66.142944 5.35
66.175194 5.35
66.186097 5.35
66.221694 5.35
66.234195 5.35
66.262819 5.00
66.278819 5.35
66.304098 5.35
66.320099 5.35
66.350820 5.35
66.366946 5.35
66.392099 5.35
66.404695 5.35
66.438820 5.35
66.449821 5.35
66.480223 5.35
66.496225 5.35
66.523102 5.35
66.533976 5.35
66.569822 5.35
66.580697 5.35
66.611338 5.35
66.622099 5.35
66.657698 5.35
66.673697 5.35
66.698822 5.35
66.714823 5.35
66.740101 5.35
66.756226 5.35
66.781467 5.35
66.792216 5.35
66.827824 5.35
66.843824 5.35
66.869103 5.35
66.885103 5.35
66.915824 5.35
66.926699 5.35
66.957104 5.35
66.973229 5.35
67.003825 5.35
67.014700 5.35
67.045106 5.35
67.061229 5.35
67.086466 5.35
67.097220 5.35
67.127576 5.35
67.138451 5.35
67.168577 5.35
67.179452 5.35
67.209576 5.35
67.220452 5.35
67.250576 5.35
67.261452 5.35
67.291577 5.35
67.302452 5.35
67.332577 5.35
67.343453 5.35
67.373578 5.35
67.384453 5.35
67.414578 5.35
67.425453 5.35
67.455578 5.35
67.466453 5.35
67.496578 5.35
67.507454 5.35
67.537704 5.35
67.553829 5.35
67.578829 5.35
67.589580 5.35
67.620233 5.35
67.631110 5.35
67.666705 5.35
67.682705 5.35
67.707830 5.35
67.718580 5.35
67.749110 5.35
67.765232 5.35
67.795831 5.35
67.806706 5.35
67.837108 5.35
67.853108 5.35
67.883831 5.35
67.894582 5.35
67.925111 5.35
67.941236 5.35
67.971832 5.35
67.982582 5.35
68.013234 5.35
68.023958 5.35
68.059708 5.35
68.075583 5.35
68.100833 5.35
68.111583 5.35
68.142239 5.35
68.152959 5.35
68.188709 5.35
68.204709 5.35
68.229834 5.35
68.240584 5.35
68.271114 5.35
68.286960 5.35
68.317835 5.35
68.328710 5.35
68.359113 5.35
68.374960 5.35
68.400478 5.35
68.411227 5.35
68.446586 5.35
68.457461 5.35
68.487586 5.35
68.498461 5.35
68.528711 5.35
68.544711 5.35
68.569836 5.35
68.580712 5.35
68.611115 5.35
68.626962 5.35
68.652480 5.35
68.663229 5.35
68.693587 5.35
68.704463 5.35
68.734588 5.35
68.745463 5.35
68.775588 5.35
68.786463 5.35
68.816588 5.35
68.827464 5.35
68.857589 5.35
68.870090 5.35
68.898589 5.35
68.909465 5.35
68.939590 5.35
68.950465 5.35
68.980590 5.35
68.993091 5.35
69.021590 5.35
69.032465 5.00
69.062590 5.35
69.073465 5.35
69.103591 5.35
69.116092 5.35
69.144591 5.35
69.155466 5.35
69.185591 5.35
69.196467 5.35
69.226592 5.35
69.239092 5.35
69.267591 5.35
69.279968 5.35
69.308592 5.35
69.320968 5.35
69.349593 5.35
69.361969 5.35
69.390593 5.35
69.402969 5.35
69.431593 5.35
69.443969 5.35
69.472594 5.35
69.484969 5.35
69.513594 5.35
69.529594 5.35
69.554594 5.35
69.567000 5.35
69.595594 5.35
69.611720 5.35
69.636595 5.35
69.648971 5.35
69.677595 5.35
69.693720 5.35
69.718595 5.35
69.734720 5.35
69.759596 5.35
69.775596 5.35
69.800596 5.35
69.816596 5.35
69.841596 5.35
69.857596 5.35
69.882597 5.35
69.898597 5.35
69.923596 5.35
69.939722 5.35
69.964597 5.35
69.980597 5.35
70.005598 5.35
70.021723 5.35
70.046598 5.35
70.062723 5.35
70.087598 5.35
70.103723 5.35
70.128598 5.35
70.144599 5.35
70.169599 5.35
70.185724 5.35
70.210599 5.35
70.226724 5.35
70.251599 5.35
70.267725 5.35
70.292599 5.35
70.308725 5.35
70.333600 5.35
70.349725 5.35
70.374600 5.35
70.390725 5.35
70.415601 5.35
70.431726 5.35
70.456601 5.35
70.472726 5.35
70.497601 5.35
70.513727 5.35
70.538601 5.35
70.554727 5.35
70.579602 5.35
70.595727 5.35
70.620728 5.35
70.631477 5.35
70.662007 5.35
70.677979 5.35
70.708728 5.35
70.719478 5.35
70.749979 5.35
70.766103 5.35
70.796729 5.35
70.807479 5.35
70.837854 5.35
70.848604 5.35
70.879255 5.35
70.889980 5.35
70.920479 5.35
70.931370 5.35
70.961481 5.35
70.972247 5.35
71.002481 5.35
71.013246 5.35
71.043480 5.35
71.054248 5.35
71.084481 5.35
71.095248 5.35
71.125606 5.35
71.141731 5.35
71.166731 5.35
71.177482 5.35
71.207983 5.35
71.224123 5.35
71.249261 5.35
71.260127 5.35
71.290482 5.35
71.301250 5.35
71.331482 5.35
71.342250 5.35
71.372608 5.35
71.388733 5.35
71.413733 5.35
71.424483 5.35
71.455014 5.35
71.471126 5.35
71.497988 5.35
71.508859 5.35
71.539261 5.35
71.549986 5.35
71.580609 5.35
71.596734 5.35
71.621734 5.35
71.632610 5.35
71.663015 5.35
71.679137 5.35
71.709736 5.35
71.720485 5.35
71.750987 5.35
71.767127 5.35
71.797736 5.35
71.808485 5.00
71.838861 5.35
71.849611 5.35
71.882016 5.35
71.892862 5.35
71.924991 5.35
71.935862 5.35
71.967991 5.35
71.978862 5.35
72.009131 5.35
72.019863 5.35
72.055738 5.35
72.066488 5.35
72.096989 5.35
72.113131 5.35
72.143738 5.35
72.154488 5.35
72.184990 5.35
72.200990 5.35
72.231740 5.35
72.242489 5.35
72.272865 5.35
72.285255 5.35
72.315869 5.35
72.326615 5.35
72.362506 5.35
72.374869 5.35
72.403741 5.35
72.414491 5.35
72.445020 5.35
72.461133 5.35
72.491742 5.35
72.502491 5.35
72.533021 5.35
72.549146 5.35
72.575897 5.35
72.586742 5.35
72.622742 5.35
72.633492 5.35
72.663993 5.35
72.674868 5.35
72.710509 5.35
72.726493 5.35
72.751743 5.35
72.762618 5.35
72.793024 5.35
72.803869 5.35
72.834510 5.35
72.850619 5.35
72.875744 5.35
72.886619 5.35
72.916869 5.35
72.932869 5.35
72.963511 5.35
72.979510 5.35
73.004745 5.35
73.015620 5.35
73.045996 5.35
73.056871 5.35
73.092513 5.35
73.108513 5.35
73.133746 5.35
73.144496 5.35
73.174997 5.35
73.185871 5.35
73.221514 5.35
73.237512 5.69
73.262747 5.35
73.273622 5.35
73.303998 5.35
73.314872 5.35
73.350513 5.35
73.366514 5.69
73.391748 5.35
73.402623 5.35
73.433028 5.35
73.443874 5.35
73.474514 5.35
73.490624 5.35
73.515749 5.35
73.526624 5.35
73.557001 5.35
73.567874 5.35
73.603625 5.35
73.614517 5.35
73.644751 5.35
73.655500 5.35
73.686001 5.35
73.696875 5.35
73.732519 5.35
73.748516 5.35
73.773751 5.35
73.784501 5.35
73.815002 5.35
73.825876 5.35
73.856156 5.35
73.866877 5.35
73.897520 5.35
73.913518 5.35
73.938753 5.35
73.949502 5.35
73.980004 5.35
73.990877 5.35
74.026520 5.35
74.042518 5.35
74.067753 5.35
74.078503 5.35
74.109004 5.35
74.119878 5.35
74.155521 5.35
74.171519 5.35
74.196754 5.35
74.207504 5.35
74.237879 5.35
74.253880 5.35
74.284522 5.35
74.300520 5.35
74.325755 5.35
74.336630 5.35
74.367006 5.35
74.377881 5.35
74.413756 5.35
74.424506 5.35
74.455022 5.35
74.465881 5.35
74.501756 5.35
74.514274 5.35
74.543008 5.35
74.553882 5.35
74.589522 5.69
74.605525 5.35
74.630758 5.35
74.641508 5.35
74.672009 5.35
74.682883 5.35
74.713526 5.35
74.729526 5.35
74.754758 5.35
74.767278 5.35
74.796011 5.35
74.806884 5.35
74.842524 5.35
74.858527 5.35
74.883759 5.35
74.896275 5.35
74.925041 5.35
74.935885 5.35
74.966526 5.35
74.982527 5.35
75.007761 5.35
75.020151 5.35
75.049042 5.35
75.059886 5.35
75.095528 5.69
75.111527 5.35
75.136761 5.35
75.149152 5.35
75.177887 5.35
75.194013 5.35
75.224530 5.35
75.240527 5.35
75.265762 5.35
75.278155 5.35
75.307013 5.35
75.317888 5.35
75.353531 5.35
75.369530 5.35
75.394763 5.35
75.410638 5.35
75.436045 5.35
75.446889 5.69
75.477530 5.35
75.488282 5.35
75.518639 5.35
75.529530 5.35
75.559765 5.35
75.572156 5.35
75.601035 5.35
75.611890 5.35
75.642538 5.35
75.653283 5.35
75.683765 5.35
75.696156 5.35
75.725017 5.35
75.735891 5.35
75.771532 5.35
75.782282 5.35
75.812641 5.35
75.823517 5.35
75.853766 5.35
75.869766 5.35
75.895018 5.35
75.905892 5.35
75.941411 5.35
75.957411 5.35
75.982643 5.35
75.993517 5.35
76.023768 5.35
76.039768 5.35
76.073411 5.35
76.089411 5.35
76.114644 5.35
76.125519 5.35
76.155769 5.35
76.171769 5.35
76.197020 5.35
76.207894 5.35
76.238300 5.35
76.254412 5.35
76.279645 5.35
76.290520 5.35
76.320770 5.35
76.336771 5.35
76.362021 5.35
76.372895 5.35
76.403536 5.35
76.414289 5.35
76.444771 5.35
76.460646 5.35
76.486022 5.35
76.496896 5.35
76.527415 5.35
76.543415 5.35
76.568522 5.35
76.579288 5.35
76.609523 5.35
76.620291 5.35
76.650648 5.35
76.661523 5.35
76.691773 5.35
76.707773 5.35
76.733024 5.35
76.743898 5.35
76.774543 5.35
76.785289 5.35
76.815774 5.35
76.831649 5.35
76.857024 5.35
76.867900 5.35
76.898302 5.35
76.909026 5.35
76.939525 5.35
76.950290 5.35
76.980526 5.35
76.991291 5.35
77.021651 5.35
77.032526 5.35
77.062776 5.35
77.078776 5.35
77.104027 5.35
77.114901 5.35
77.145544 5.35
77.156294 5.35
77.186777 5.35
77.202652 5.35
77.228027 5.35
77.238902 5.35
77.269308 5.35
77.280028 5.35
77.310528 5.35
77.321296 5.35
77.351528 5.35
77.362296 5.00
77.392654 5.35
77.405183 5.35
77.433779 5.35
77.449779 5.35
77.476788 5.35
77.487529 5.35
77.518059 5.35
77.528904 5.35
77.559546 5.35
77.570422 5.35
77.600780 5.35
77.616780 5.35
77.641905 5.35
77.652655 5.35
77.683310 5.35
77.699423 5.35
77.724531 5.35
77.735424 5.35
77.765531 5.35
77.776422 5.35
77.806532 5.69
77.817424 5.35
77.847532 5.35
77.858422 5.35
77.888532 5.35
77.899422 5.35
77.929532 5.35
77.940422 5.35
77.970533 5.35
77.981301 5.35
78.011533 5.35
78.022423 5.35
78.052658 5.35
78.065034 5.69
78.093783 5.35
78.109784 5.35
78.140189 5.35
78.152659 5.35
78.181534 5.35
78.192302 5.35
78.222535 5.35
78.233302 5.35
78.263660 5.35
78.276035 5.35
78.304785 5.35
78.315660 5.35
78.351190 5.35
78.361910 5.35
78.392427 5.35
78.403178 5.35
78.433536 5.35
78.444303 5.35
78.474661 5.35
78.490537 5.35
78.515786 5.35
78.526552 5.35
78.562305 5.35
78.578189 5.35
78.603663 5.35
78.619663 5.35
78.644788 5.35
78.655538 5.35
78.691430 5.35
78.702181 5.35
78.732538 5.35
78.743306 5.35
78.773539 5.35
78.786039 5.35
78.814664 5.35
78.830664 5.35
78.855790 5.35
78.866538 5.35
78.902193 5.35
78.918192 5.35
78.943432 5.35
78.954194 5.35
78.984540 5.35
78.995309 5.35
79.025541 5.35
79.036309 5.35
79.066666 5.35
79.082541 5.35
79.107791 5.35
79.118666 5.35
79.154434 5.35
79.165195 5.35
79.195667 5.35
79.211667 5.35
79.236792 5.35
79.247543 5.35
79.283197 5.35
79.293926 5.35
79.324543 5.35
79.335435 5.35
79.365668 5.35
79.381669 5.35
79.406793 5.35
79.417669 5.69
79.447921 5.69
79.458794 5.35
79.489436 5.35
79.500198 5.35
79.530544 5.35
79.541437 5.35
79.571669 5.35
79.587670 5.35
79.612795 5.35
79.623545 5.35
79.659438 5.35
79.670200 5.35
79.700546 5.35
79.711438 5.35
79.741546 5.35
79.752438 5.35
79.782672 5.35
79.798671 5.35
79.823797 5.35
79.834672 5.35
79.870199 5.35
79.880925 5.35
79.911547 5.35
79.922437 5.35
79.952673 5.35
79.968548 5.35
79.993798 5.35
80.004548 5.35
80.040440 5.35
80.051202 5.35
80.081549 5.35
80.092439 5.35
80.122549 5.35
80.133442 5.35
80.163549 5.35
80.174441 5.35
80.204674 5.35
80.220675 5.35
80.245800 5.35
80.256550 5.35
80.287204 5.35
80.303205 5.35
80.328551 5.35
80.341080 5.35
80.369676 5.35
80.385551 5.35
80.410801 5.35
80.421551 5.35
80.452205 5.35
80.468203 5.35
80.493552 5.35
80.506081 5.35
80.534677 5.35
80.550552 5.35
80.575803 5.35
80.586553 5.35
80.617205 5.35
80.629575 5.35
80.658553 5.35
80.670929 5.35
80.699554 5.35
80.711929 5.35
80.740554 5.35
80.752929 5.35
80.781554 5.35
80.793929 5.35
80.822554 5.35
80.834930 5.35
80.863554 5.35
80.875932 5.35
80.904555 5.35
80.916930 5.35
80.945805 5.35
80.956680 5.35
80.992209 5.35
81.008209 5.35
81.033556 5.35
81.049449 5.35
81.074556 5.35
81.086932 5.35
81.115681 5.35
81.131682 5.35
81.156807 5.35
81.167557 5.35
81.203084 5.35
81.213807 5.35
81.244557 5.35
81.260450 5.35
81.285558 5.35
81.297934 5.35
81.326558 5.35
81.342448 5.35
81.367558 5.35
81.383449 5.35
81.408684 5.35
81.424559 5.35
81.449809 5.35
81.460684 5.35
81.491088 5.35
81.507087 5.35
81.532576 5.35
81.548560 5.35
81.573810 5.35
81.584685 5.35
81.615215 5.35
81.631215 5.35
81.656561 5.35
81.672454 5.35
81.697561 5.35
81.713561 5.35
81.738561 5.35
81.754437 5.35
81.779562 5.35
81.795437 5.35
81.820687 5.35
81.836687 5.35
81.861812 5.35
81.872562 5.35
81.908204 5.35
81.924091 5.35
81.949453 5.35
81.960207 5.35
81.990563 5.35
82.006439 5.35
82.031564 5.35
82.047439 5.35
82.072689 5.35
82.088564 5.35
82.113814 5.35
82.124564 5.35
82.160207 5.35
82.176095 5.35
82.201565 5.35
82.217565 5.35
82.242565 5.35
82.258565 5.35
82.283690 5.35
82.299565 5.35
82.324815 5.35
82.335566 5.35
82.371219 5.35
82.387209 5.35
82.412566 5.35
82.428441 5.35
82.453567 5.35
82.469567 5.35
82.494567 5.35
82.510442 5.35
82.535568 5.35
82.551568 5.35
82.576568 5.35
82.592443 5.35
82.617567 5.35
82.633568 5.35
82.658568 5.35
82.674443 5.35
82.699568 5.35
82.715569 5.35
82.740569 5.35
82.756569 5.35
82.781569 5.35
82.797569 5.35
82.822569 5.35
82.838444 5.35
82.863570 5.35
82.879445 5.35
82.904570 5.35
82.920445 5.00
82.945570 5.35
82.961446 5.35
82.986696 5.35
83.002821 5.35
83.029572 5.35
83.040462 5.35
83.070572 5.35
83.086571 5.35
83.111572 5.35
83.127447 5.35
83.152572 5.35
83.168572 5.35
83.193572 5.35
83.209447 5.35
83.234573 5.35
83.250447 5.35
83.275573 5.35
83.291573 5.35
83.316573 5.35
83.332573 5.35
83.357573 5.35
83.373573 5.35
83.398574 5.35
83.414574 5.35
83.439574 5.35
83.455449 5.35
83.480575 5.35
83.496575 5.35
83.521575 5.35
83.537575 5.35
83.562575 5.35
83.579451 5.35
83.603575 5.35
83.614467 5.35
83.644576 5.35
83.655468 5.35
83.685576 5.35
83.696466 5.35
83.726576 5.35
83.737451 5.35
83.767577 5.35
83.778452 5.35
83.808577 5.35
83.819452 5.35
83.849577 5.35
83.860453 5.35
83.890577 5.35
83.901453 5.35
83.931577 5.35
83.942453 5.35
83.972578 5.35
83.983453 5.35
84.013578 5.35
84.024453 5.35
84.054579 5.35
84.065454 5.35
84.095579 5.35
84.106454 5.69
84.136580 5.35
84.147455 5.35
84.177580 5.35
84.188455 5.35
84.218705 5.35
84.229455 5.35
84.264956 5.35
84.280959 5.35
84.306235 5.35
84.316956 5.35
84.347473 5.35
84.363581 5.35
84.388581 5.35
84.404457 5.35
84.429581 5.35
84.440457 5.35
84.470582 5.35
84.481457 5.35
84.511582 5.35
84.522457 5.35
84.552707 5.35
84.563583 5.35
84.598958 5.35
84.614958 5.35
84.640476 5.35
84.656473 5.35
84.681584 5.35
84.692459 5.35
84.722709 5.35
84.733459 5.35
84.768960 5.35
84.784963 5.35
84.810239 5.35
84.821112 5.35
84.851460 5.35
84.867585 5.35
84.892585 5.35
84.908585 5.35
84.933710 5.35
84.944586 5.35
84.979962 5.35
84.995961 5.69
85.021228 5.35
85.031962 5.35
85.062461 5.35
85.078476 5.35
85.103462 5.35
85.119586 5.35
85.144462 5.35
85.160462 5.35
85.185462 5.35
85.201463 5.35
85.226463 5.35
85.242480 5.35
85.267463 5.35
85.283463 5.35
85.308463 5.35
85.324464 5.35
85.349464 5.35
85.365481 5.35
85.390464 5.35
85.406464 5.35
85.431464 5.35
85.447464 5.35
85.472465 5.35
85.488465 5.35
85.513465 5.35
85.529482 5.35
85.554465 5.35
85.570483 5.69
85.595465 5.35
85.611465 5.35
85.636466 5.35
85.652481 5.35
85.677466 5.35
85.693612 5.00
85.719144 4.34
85.730157 4.34
85.760722 4.34
85.771596 4.34
85.802287 4.68
85.813253 4.68
85.843592 4.68
85.854469 4.68
85.886469 4.68
85.897233 4.34
85.927468 4.34
85.943468 4.34
85.968468 4.68
85.984468 4.68
86.009469 4.34
86.025484 4.34
86.051158 4.68
86.062153 4.68
86.092727 4.68
86.103600 4.68
86.134261 4.34
86.145224 4.34
86.175597 4.34
86.186390 4.34
86.216973 4.68
86.232975 4.68
86.258490 4.34
86.274488 4.34
86.299471 4.34
86.315471 4.68
86.340471 4.68
86.356471 4.34
86.381472 4.34
86.397471 4.34
86.422472 4.68
86.438472 4.34
86.463472 4.68
86.479472 4.34
86.504472 4.34
86.520472 4.34
86.551270 4.34
