0.000000 0.000000
0.041862 4.02
0.052852 4.34
0.083350 4.02
0.094222 4.02
0.130233 2.66
0.141232 2.34
0.171870 2.34
0.182868 2.34
0.213480 2.34
0.229778 2.34
0.260349 2.34
0.271224 2.34
0.307117 2.34
0.323222 2.34
0.348634 2.34
0.359470 2.34
0.395219 2.34
0.406119 2.34
0.436343 2.34
0.447219 2.34
0.477625 2.34
0.488468 2.34
0.519110 2.34
0.535218 2.34
0.560344 2.34
0.571219 2.34
0.601626 2.34
0.612469 2.34
0.648220 2.34
0.659112 2.34
0.689345 2.34
0.700220 2.34
0.730626 2.34
0.741470 2.34
0.772127 2.34
0.788361 2.34
0.813802 2.34
0.824763 2.34
0.855237 2.34
0.866236 2.34
0.896873 2.34
0.907873 2.34
0.938481 2.34
0.954802 2.34
0.980143 2.34
0.996362 4.02
1.021787 4.02
1.032785 4.02
1.063355 4.02
1.074355 4.02
1.110228 4.02
1.121119 4.02
1.151758 4.02
1.162634 4.02
1.193225 4.02
1.204117 4.02
1.234630 4.02
1.245474 4.02
1.276116 4.02
1.292224 4.02
1.317349 4.02
1.328099 4.02
1.358628 4.02
1.369474 4.02
1.405225 4.02
1.416116 4.02
1.446489 4.02
1.462796 4.02
1.488144 4.02
1.499133 4.02
1.529612 4.34
1.540491 4.34
1.571237 4.34
1.582360 4.34
1.614482 4.34
1.625482 4.34
1.656125 4.34
1.672231 4.34
1.697355 4.68
1.708230 4.68
1.740511 4.68
1.751478 4.68
1.782118 4.68
1.798228 4.68
1.823478 4.34
1.839634 4.68
1.866495 4.68
1.877478 4.34
1.909483 4.68
1.920353 4.68
1.952558 4.68
1.963491 4.68
1.994136 4.68
2.005129 4.68
2.035773 4.68
2.046776 4.68
2.077127 4.68
2.093233 4.68
2.118357 4.68
2.130762 4.68
2.159624 4.68
2.170481 4.68
2.201123 4.68
2.217123 4.68
2.242356 4.68
2.254760 4.68
2.289264 4.68
2.300241 4.68
2.330779 4.68
2.341776 4.68
2.372236 4.68
2.383111 4.68
2.413610 4.68
2.424485 4.68
2.455123 4.68
2.466002 4.68
2.496358 4.68
2.508762 4.68
2.537483 4.68
2.548233 4.68
2.584122 4.68
2.595108 4.68
2.625618 4.68
2.636618 4.68
2.667131 5.00
2.677882 5.00
2.708614 4.68
2.719488 4.68
2.750129 4.68
2.760879 5.00
2.791486 5.00
2.802360 5.00
2.838127 4.68
2.848876 5.00
2.879360 5.00
2.895235 5.00
2.926123 5.00
2.937117 4.68
2.967614 5.00
2.978489 4.68
3.008881 4.68
3.024877 5.00
3.050112 4.68
3.060876 4.68
3.091112 4.68
3.101878 5.00
3.132112 4.68
3.142879 4.68
3.173112 5.00
3.183877 5.00
3.214238 4.68
3.225113 5.00
3.255806 5.00
3.266799 5.00
3.297376 4.68
3.313676 5.00
3.344246 5.00
3.355246 5.00
3.391013 5.00
3.407243 4.68
3.432492 4.68
3.448492 4.68
3.478913 5.00
3.494908 5.00
3.520115 5.00
3.531008 5.00
3.561130 5.00
3.571880 4.68
3.602788 4.68
3.613660 4.68
3.644369 4.68
3.660621 5.00
3.691137 5.00
3.701884 4.68
3.732492 5.00
3.743242 5.00
3.779134 5.00
3.789882 5.00
3.820117 5.00
3.830885 5.00
3.861117 5.00
3.871883 5.00
3.902117 5.00
3.912883 5.00
3.943493 4.68
3.954368 4.68
3.989885 5.00
4.000620 5.00
4.031118 5.00
4.041887 4.68
4.072119 5.00
4.082884 4.68
4.113119 5.00
4.123888 5.00
4.154119 4.68
4.164886 5.00
4.195120 5.00
4.205887 5.00
4.236260 5.00
4.248912 5.00
4.283146 4.68
4.294018 4.68
4.326390 5.00
4.337249 5.00
4.373141 5.00
4.383892 5.00
4.414497 5.00
4.425372 5.00
4.461139 4.68
4.471890 5.00
4.502246 5.00
4.513138 5.00
4.543247 5.00
4.554122 5.00
4.584247 5.00
4.596747 5.00
4.631045 4.68
4.642041 5.00
4.672630 5.00
4.683503 5.00
4.714144 5.00
4.724896 5.00
4.757388 5.00
4.768251 5.00
4.800385 5.00
4.811124 4.68
4.841901 5.00
4.857889 5.00
4.883124 4.68
4.893890 5.00
4.930050 5.00
4.941027 4.68
4.971376 5.00
4.987376 5.00
5.012501 5.00
5.023251 5.00
5.058905 5.00
5.071273 5.00
5.100143 5.00
5.111018 5.00
5.141126 5.00
5.151894 5.00
5.182127 5.00
5.192892 5.00
5.223127 5.00
5.234027 5.00
5.270040 5.00
5.281290 5.00
5.311638 5.00
5.322637 5.00
5.353259 5.00
5.369383 5.00
5.399897 5.00
5.416024 5.00
5.441256 5.00
5.457255 5.00
5.482379 5.00
5.493130 5.00
5.528772 5.00
5.539504 5.00
5.570146 5.00
5.581029 5.00
5.617179 5.00
5.628268 5.00
5.664033 5.00
5.675032 5.00
5.705511 5.00
5.716511 5.00
5.747149 5.00
5.757903 5.00
5.788508 5.00
5.799383 5.00
5.835024 5.00
5.845773 5.00
5.876148 5.00
5.886899 5.00
5.917534 5.00
5.928519 5.00
5.959398 5.00
5.970408 5.00
6.001036 5.35
6.012035 5.35
6.042514 5.00
6.053388 5.35
6.084161 5.35
6.095137 5.35
6.130904 5.35
6.147024 5.00
6.172259 5.00
6.188134 5.00
6.213384 5.00
6.224133 5.00
6.259919 5.00
6.276035 5.00
6.301514 5.00
6.312514 5.00
6.342929 5.00
6.359030 5.00
6.384262 5.00
6.400263 5.00
6.425386 5.00
6.436136 5.00
6.466510 5.00
6.477261 5.00
6.508028 5.00
6.518791 5.00
6.549262 5.00
6.565137 5.00
6.590527 5.00
6.601398 5.00
6.632164 4.68
6.643161 4.68
6.679035 5.00
6.689936 4.68
6.722266 4.68
6.733157 5.00
6.769031 5.00
6.779801 4.68
6.810139 4.68
6.820904 4.68
6.851263 4.68
6.867139 4.68
6.892651 4.68
6.903648 5.00
6.934161 4.68
6.946644 4.68
6.981049 4.68
6.992039 4.68
7.024269 4.68
7.035158 4.68
7.070910 4.68
7.087034 4.68
7.112391 4.68
7.128391 4.34
7.158796 4.68
7.174783 5.00
7.199908 4.68
7.215783 4.68
7.241267 4.68
7.257266 4.68
7.282391 4.68
7.293267 4.68
7.328785 4.68
7.339517 4.68
7.370159 4.68
7.381034 4.68
7.411392 5.00
7.422142 4.68
7.457797 4.68
7.468518 5.00
7.498910 4.68
7.514795 4.68
7.540269 5.00
7.556268 4.68
7.581393 4.68
7.592143 5.00
7.627798 4.68
7.640271 5.00
7.669270 4.68
7.685144 4.68
7.710395 4.68
7.721144 4.68
7.756798 5.00
7.772785 5.00
7.798162 4.68
7.810520 4.68
7.839395 4.68
7.850270 4.68
7.882147 4.68
7.893037 4.68
7.923146 5.00
7.935521 5.00
7.964146 4.68
7.976522 4.68
8.005272 4.68
8.021147 4.68
8.046397 4.68
8.057272 5.00
8.092801 5.00
8.108788 5.00
8.134164 5.00
8.146523 5.00
8.175398 4.68
8.186273 4.68
8.221679 4.68
8.237679 4.68
8.263166 4.68
8.279165 4.68
8.304399 4.68
8.315149 4.68
8.350791 4.68
8.366670 4.68
8.392166 4.68
8.408168 5.00
8.433150 5.00
8.449275 5.00
8.474150 5.00
8.486525 4.68
8.515165 4.68
8.531165 4.68
8.556401 5.00
8.567276 4.68
8.602682 4.68
8.618683 5.00
8.644044 4.68
8.654792 5.00
8.685277 4.68
8.701277 4.68
8.726402 4.68
8.737152 4.68
8.772683 5.00
8.788796 4.68
8.814170 5.00
8.830170 5.00
8.855278 4.68
8.871153 4.68
8.896403 4.68
8.907278 4.68
8.942654 4.68
8.958654 4.68
8.984169 4.68
9.000168 5.00
9.025403 4.68
9.036279 4.68
9.071796 4.68
9.087658 4.68
9.113172 4.68
9.129172 4.68
9.154155 4.68
9.170280 4.68
9.195280 4.68
9.211280 4.68
9.236406 4.68
9.247156 4.68
9.282811 4.68
9.298798 4.68
9.324174 4.68
9.340173 4.68
9.365281 4.68
9.381157 4.68
9.406406 4.68
9.417157 5.00
9.452809 5.00
9.468800 5.00
9.494175 4.68
9.510174 4.68
9.535174 5.00
9.551173 4.68
9.576158 4.68
9.592158 4.68
9.617283 5.00
9.633159 5.00
9.658408 5.00
9.669283 5.00
9.704814 5.00
9.720801 4.68
9.746177 4.68
9.762177 4.68
9.787285 4.68
9.803160 4.68
9.828410 5.00
9.839160 4.68
9.874813 4.68
9.890939 4.68
9.916421 4.34
9.927420 4.34
9.958059 4.34
9.970541 4.34
10.004833 4.34
10.015818 4.34
10.046177 4.02
10.062178 4.34
10.089189 4.34
10.100053 4.02
10.132188 4.34
10.143050 4.34
10.173411 4.34
10.184161 4.34
10.219690 4.34
10.235690 4.02
10.261176 4.34
10.277176 4.34
10.302162 4.34
10.318178 4.34
10.343163 4.34
10.359288 4.02
10.384163 4.34
10.400178 4.02
10.425164 4.34
10.441179 4.34
10.471989 4.34
10.482948 4.34
10.518842 4.34
10.529849 4.34
10.560428 4.34
