0.000000 0.000000
0.047152 4.68
0.058144 4.34
0.094001 4.34
0.105000 2.66
0.135626 2.66
0.151989 2.66
0.177378 2.66
0.193610 2.66
0.218997 2.66
0.229894 2.66
0.260604 2.66
0.271605 2.66
0.302244 2.66
0.314736 2.66
0.345384 2.66
0.356243 2.66
0.391876 2.66
0.407877 2.66
0.433351 2.66
0.449351 2.66
0.474476 2.66
0.485242 2.66
0.520875 2.66
0.536877 2.66
0.562241 2.66
0.574602 2.66
0.603477 2.66
0.614244 2.66
0.649760 2.66
0.662255 2.66
0.691120 2.66
0.701878 2.66
0.732478 2.66
0.743245 2.66
0.774150 2.66
0.785142 2.66
0.820986 2.66
0.832021 2.66
0.862618 2.66
0.873632 2.66
0.904257 2.66
0.920489 2.66
0.951274 2.66
0.967496 4.02
0.998161 4.34
1.009134 4.34
1.044987 4.34
1.055919 4.34
1.086610 4.34
1.097610 4.34
1.128247 4.34
1.144247 4.34
1.169358 4.34
1.185358 4.34
1.210483 4.34
1.221232 4.34
1.256885 4.34
1.272758 4.34
1.298358 4.34
1.314358 4.34
1.339483 4.34
1.350233 4.34
1.385884 4.34
1.401760 4.34
1.427500 4.34
1.438499 4.34
1.469153 4.34
1.480161 4.34
1.515993 4.34
1.526993 4.34
1.559262 4.68
1.570260 4.34
1.606133 4.34
1.617130 4.34
1.647499 4.34
1.658370 4.68
1.689139 4.68
1.700139 4.68
1.735906 4.68
1.751866 4.68
1.777490 4.68
1.788365 4.68
1.823897 4.68
1.839893 4.68
1.865254 4.68
1.881255 4.68
1.906253 4.68
1.922253 4.68
1.947238 4.68
1.963253 4.68
1.988927 5.00
2.005144 5.00
2.032996 5.00
2.043746 5.00
2.074619 5.00
2.085493 5.00
2.116260 5.00
2.132260 5.00
2.162742 5.00
2.178742 5.00
2.204258 5.00
2.220256 5.00
2.245365 5.00
2.256258 5.00
2.292004 5.00
2.302897 5.35
2.335250 5.35
2.346266 5.35
2.376748 5.35
2.392747 5.35
2.418262 5.35
2.434259 5.35
2.459619 5.35
2.470493 5.35
2.500744 5.35
2.516744 5.35
2.542258 5.35
2.558260 5.35
2.583493 5.35
2.594368 5.35
2.629745 5.35
2.645745 5.35
2.671260 5.35
2.687261 5.35
2.712368 5.35
2.728244 5.35
2.753495 5.35
2.764244 5.35
2.799746 5.35
2.815746 5.35
2.841260 5.35
2.857245 5.35
2.882370 5.35
2.893245 5.35
2.923371 5.35
2.934246 5.35
2.966247 5.35
2.977024 5.35
3.007371 5.35
3.018246 5.35
3.048372 5.35
3.059247 5.35
3.089372 5.35
3.100247 5.35
3.130372 5.35
3.141247 5.35
3.171372 5.35
3.182248 5.35
3.212373 5.35
3.223248 5.35
3.253373 5.35
3.264248 5.35
3.294373 5.35
3.305249 5.35
3.340750 5.35
3.356750 5.35
3.382027 5.35
3.392750 5.35
3.423374 5.35
3.434268 5.35
3.464375 5.35
3.475250 5.35
3.505375 5.35
3.516268 5.35
3.546500 5.35
3.557376 5.35
3.592752 5.69
3.608752 5.35
3.634029 5.35
3.644752 5.35
3.675268 5.35
3.686018 5.35
3.716252 5.35
3.727018 5.35
3.757252 5.35
3.768019 5.35
3.798377 5.35
3.809252 5.35
3.839377 5.35
3.850253 5.35
3.880378 5.35
3.891253 5.35
3.921378 5.35
3.932253 5.35
3.962379 5.35
3.973254 5.35
4.008629 5.35
4.019379 5.35
4.049907 5.35
4.060755 5.35
4.091272 5.35
4.102020 5.35
4.132380 5.35
4.143255 5.35
4.173380 5.35
4.184255 5.35
4.214381 5.35
4.225256 5.35
4.255381 5.35
4.266256 5.35
4.296380 5.35
4.307273 5.35
4.337381 5.35
4.348256 5.35
4.378382 5.35
4.389257 5.35
4.419382 5.35
4.430257 5.35
4.460382 5.35
4.471258 5.35
4.501383 5.35
4.512147 5.35
4.542383 5.35
4.553258 5.35
4.583383 5.35
4.594258 5.35
4.624383 5.35
4.635258 5.35
4.665383 5.35
4.676259 5.35
4.706384 5.35
4.717259 5.35
4.747384 5.35
4.758260 5.35
4.788385 5.35
4.799260 5.35
4.829385 5.35
4.840260 5.35
4.870385 5.35
4.881261 5.35
4.911386 5.35
4.922261 5.35
4.952386 5.35
4.963275 5.35
4.993386 5.35
5.004262 5.35
5.034386 5.35
5.045262 5.35
5.075387 5.35
5.086262 5.35
5.116387 5.35
5.127263 5.35
5.157387 5.35
5.168263 5.35
5.198388 5.35
5.209263 5.35
5.239388 5.35
5.250263 5.35
5.280388 5.35
5.291264 5.35
5.321389 5.35
5.332264 5.35
5.364140 5.35
5.374889 5.35
5.405282 5.35
5.421280 5.35
5.446390 5.35
5.457265 5.35
5.487390 5.35
5.498265 5.35
5.530171 5.35
5.541156 5.35
5.573172 5.35
5.584156 5.35
5.614266 5.35
5.625157 5.35
5.655266 5.35
5.666034 5.35
5.696267 5.35
5.707035 5.35
5.737267 5.35
5.748032 5.35
5.778267 5.35
5.789032 5.35
5.819268 5.35
5.830034 5.35
5.860268 5.35
5.871036 5.35
5.901269 5.35
5.912036 5.35
5.942269 5.35
5.953037 5.35
5.983269 5.35
5.994034 5.35
6.024269 5.35
6.035036 5.35
6.065270 5.35
6.076036 5.35
6.106395 5.35
6.117270 5.35
6.152520 5.35
6.163270 5.35
6.193772 5.35
6.204646 5.35
6.235288 5.35
6.246039 5.35
6.281646 5.35
6.297521 5.35
6.323049 5.35
6.335397 5.35
6.364272 5.35
6.375037 5.35
6.405397 5.35
6.416272 5.35
6.451647 5.35
6.467522 5.35
6.493052 5.35
6.509050 5.35
6.534273 5.35
6.545166 5.35
6.575398 5.35
6.586273 5.35
6.621648 5.35
6.637649 5.35
6.663051 5.35
6.678915 5.35
6.704400 5.35
6.715275 5.35
6.750650 5.35
6.766525 5.35
6.792052 5.35
6.808400 5.35
6.833401 5.35
6.844276 5.35
6.879651 5.35
6.895526 5.35
6.921055 5.35
6.937055 5.35
6.962292 5.35
6.973167 5.35
7.008651 5.35
7.024527 5.35
7.049918 5.35
7.060652 5.35
7.091295 5.35
7.102044 5.35
7.132278 5.35
7.143045 5.35
7.173278 5.35
7.184044 5.35
7.214279 5.35
7.225044 5.35
7.255404 5.35
7.266279 5.35
7.301654 5.35
7.317528 5.35
7.343058 5.35
7.358922 5.35
7.384405 5.35
7.395280 5.35
7.430654 5.35
7.446530 5.35
7.472058 5.35
7.488048 5.35
7.513406 5.35
7.524298 5.35
7.559656 5.35
7.575531 5.35
7.601057 5.35
7.616921 5.35
7.642407 5.35
7.653282 5.35
7.688657 5.35
7.704531 5.35
7.730059 5.35
7.746062 5.35
7.771283 5.35
7.782050 5.35
7.814034 5.35
7.824784 5.35
7.855408 5.35
7.866298 5.35
7.901658 5.35
7.917534 5.35
7.943062 5.35
7.959064 5.35
7.986036 5.35
7.996938 5.35
8.027301 5.35
8.038050 5.35
8.073660 5.35
8.089660 5.35
8.115061 5.35
8.131065 5.35
8.158037 5.35
8.168786 5.35
8.201037 5.35
8.211787 5.35
8.244037 5.35
8.254787 5.35
8.287037 5.35
8.297788 5.35
8.328304 5.35
8.339053 5.35
8.374662 5.35
8.390537 5.35
8.417068 5.35
8.427817 5.35
8.460067 5.35
8.470928 5.35
8.503054 5.35
8.513819 5.35
8.549663 5.35
8.565539 5.35
8.591067 5.35
8.607068 5.35
8.634041 5.35
8.644944 5.35
8.675306 5.35
8.686056 5.35
8.716540 5.35
8.729041 5.35
8.760942 5.35
8.773415 5.35
8.802308 5.35
8.813183 5.35
8.843541 5.35
8.856042 5.35
8.884821 5.35
8.895666 5.35
8.926308 5.35
8.937184 5.35
8.972542 5.35
8.985072 5.35
9.013822 5.35
9.024667 5.35
9.055309 5.35
9.066185 5.35
9.096543 5.35
9.108949 5.35
9.137668 5.35
9.148543 5.35
9.179187 5.35
9.190183 5.35
9.225668 5.35
9.236419 5.35
9.267073 5.35
9.283073 5.35
9.313669 5.35
9.329544 5.35
9.355075 5.35
9.370949 5.35
9.401545 5.35
9.417545 5.35
9.442825 5.35
9.453670 5.35
9.484187 5.35
9.494938 5.35
9.530421 5.35
9.541312 5.35
9.571546 5.35
9.587546 5.35
9.612797 5.35
9.623671 5.35
9.654078 5.35
9.664798 5.35
9.700672 5.35
9.711422 5.35
9.742079 5.35
9.752798 5.35
9.788548 5.35
9.804673 5.35
9.829799 5.35
9.840673 5.35
9.870952 5.35
9.886942 5.35
9.912316 5.35
9.923065 5.35
9.958424 5.35
9.969300 5.35
9.999549 5.35
10.015425 5.35
10.040674 5.35
10.051425 5.35
10.082080 5.35
10.092801 5.35
10.128425 5.35
10.139318 5.35
10.169551 5.35
10.185551 5.35
10.210802 5.35
10.226801 5.35
10.252320 5.35
10.263069 5.35
10.293552 5.35
10.309552 5.35
10.334677 5.35
10.345552 5.35
10.376080 5.35
10.386803 5.35
10.422677 5.35
10.433553 5.35
10.464193 5.35
10.474943 5.35
10.510678 5.35
10.521553 5.35
10.551957 5.35
10.568083 5.35
10.593322 5.35
10.604072 5.35
10.634554 5.35
10.650429 5.35
10.678960 5.35
10.694947 5.35
10.720321 5.35
10.731071 5.35
10.761556 5.35
10.777555 5.35
10.802807 5.35
10.813681 5.35
10.844083 5.35
10.854808 5.35
10.890556 5.35
10.906681 5.35
10.931823 5.35
10.942682 5.35
10.973324 5.35
10.984085 5.35
11.014557 5.35
11.030432 5.35
11.055557 5.35
11.071557 5.35
11.096809 5.35
11.107683 5.35
11.138088 5.35
11.148960 5.35
11.184683 5.35
11.195434 5.35
11.226087 5.35
11.236810 5.35
11.272685 5.35
11.283434 5.35
11.314089 5.35
11.324810 5.35
11.360685 5.35
11.371435 5.35
11.402090 5.35
11.412965 5.35
11.448686 5.35
11.459560 5.35
11.490202 5.35
11.501090 5.35
11.536686 5.35
11.547436 5.35
11.578091 5.35
11.588813 5.35
11.624687 5.35
11.635437 5.35
11.666089 5.35
11.676965 5.35
11.712562 5.35
11.728562 5.35
11.756967 5.35
11.773091 5.35
11.799939 5.35
11.810829 5.35
11.842815 5.35
11.853689 5.35
11.884206 5.35
11.894958 5.35
11.930689 5.35
11.941439 5.35
11.972207 5.35
11.982956 5.35
12.018440 5.35
12.034565 5.35
12.059566 5.35
12.075440 5.35
12.100834 5.35
12.116969 5.35
12.142096 5.35
12.152816 5.35
12.188566 5.35
12.204566 5.35
12.232968 5.35
12.248968 5.35
12.275818 5.35
12.286692 5.35
12.322567 5.35
12.333442 5.35
12.363817 5.35
12.376318 5.35
12.405096 5.35
12.416827 5.35
12.446318 5.35
12.457208 5.35
12.487319 5.35
12.498209 5.35
12.528444 5.35
12.544569 5.35
12.569570 5.35
12.580319 5.35
12.610821 5.35
12.626974 5.35
12.652212 5.35
12.662974 5.35
12.693445 5.35
12.709445 5.35
12.734571 5.35
12.745446 5.35
12.775822 5.35
12.791977 5.35
12.816973 5.35
12.827851 5.35
12.863571 5.35
12.874446 5.35
12.904849 5.35
12.920976 5.35
12.951571 5.35
12.962447 5.35
12.992822 5.35
13.008823 5.35
13.039573 5.35
13.050448 5.35
13.080823 5.35
13.096823 5.35
13.121978 5.35
13.132824 5.35
13.168449 5.35
13.184449 5.35
13.209574 5.35
13.220449 5.35
13.250824 5.35
13.266825 5.35
13.297450 5.35
13.313342 5.35
13.338574 5.35
13.349325 5.35
13.379700 5.35
13.390450 5.35
13.421104 5.35
13.431826 5.35
13.462326 5.35
13.473094 5.35
13.503326 5.35
13.514095 5.35
13.544452 5.35
13.560452 5.35
13.585577 5.35
13.596452 5.35
13.626828 5.35
13.642702 5.35
13.668094 5.35
13.678981 5.35
13.709453 5.35
13.725453 5.35
13.750578 5.35
13.761453 5.35
13.791982 5.35
13.802828 5.35
13.838347 5.35
13.849095 5.35
13.879579 5.35
13.890454 5.35
13.920983 5.35
13.931704 5.35
13.967455 5.35
13.983455 5.35
14.008580 5.35
14.019455 5.35
14.049983 5.35
14.060830 5.35
14.096456 5.35
14.112456 5.35
14.137581 5.35
14.148331 5.35
14.178985 5.35
14.189831 5.35
14.225457 5.35
14.241457 5.35
14.266582 5.35
14.277457 5.35
14.307986 5.35
14.318714 5.35
14.354458 5.35
14.370458 5.35
14.395583 5.35
14.406458 5.35
14.436987 5.35
14.447860 5.35
14.483583 5.35
14.494459 5.35
14.524988 5.35
14.535863 5.35
14.571584 5.35
14.582460 5.35
14.612989 5.35
14.623864 5.35
14.659585 5.35
14.670460 5.35
14.700990 5.35
14.711863 5.35
14.747586 5.35
14.758461 5.35
14.788991 5.35
14.799864 5.35
14.835586 5.35
14.846337 5.35
14.876867 5.35
14.892867 5.35
14.923586 5.35
14.934462 5.35
14.964992 5.35
14.975865 5.35
15.011463 5.35
15.027588 5.35
15.052588 5.35
15.063463 5.35
15.093990 5.35
15.104867 5.35
15.135339 5.35
15.147715 5.35
15.176339 5.35
15.192464 5.35
15.217464 5.35
15.228230 5.35
15.258590 5.35
15.269465 5.35
15.299993 5.35
15.310869 5.35
15.341341 5.35
15.357465 5.35
15.382466 5.35
15.393230 5.35
15.423591 5.35
15.434466 5.35
15.464993 5.35
15.475721 5.35
15.506341 5.35
15.518718 5.35
15.547342 5.35
15.563467 5.35
15.588342 5.35
15.604467 5.35
15.629343 5.35
15.645467 5.35
15.670343 5.35
15.686468 5.35
15.711468 5.35
15.722343 5.35
15.752593 5.35
15.763344 5.35
15.793871 5.35
15.804593 5.35
15.835344 5.35
15.851469 5.35
15.876344 5.35
15.892469 5.35
15.917345 5.35
15.933469 5.35
15.958345 5.35
15.974470 5.35
15.999346 5.35
16.015470 5.35
16.040471 5.35
16.051346 5.35
16.081596 5.35
16.092346 5.35
16.122875 5.35
16.133721 5.35
16.164346 5.35
16.180472 5.35
16.205472 5.35
16.216237 5.35
16.246597 5.35
16.257347 5.35
16.287877 5.35
16.298724 5.35
16.334473 5.35
16.345238 5.35
16.375598 5.35
16.386473 5.35
16.416879 5.35
16.427598 5.35
16.458349 5.35
16.474474 5.35
16.499475 5.35
16.510239 5.35
16.540599 5.35
16.551474 5.35
16.582002 5.35
16.592878 5.35
16.623350 5.35
16.639475 5.35
16.664475 5.35
16.675243 5.35
16.705600 5.35
16.716475 5.35
16.746727 5.35
16.762880 5.35
16.793476 5.35
16.804351 5.35
16.834602 5.35
16.845352 5.35
16.877757 5.35
16.888602 5.35
16.924477 5.35
16.935353 5.35
16.965602 5.35
16.976353 5.35
17.008733 5.35
17.019602 5.35
17.055478 5.35
17.066353 5.35
17.096604 5.35
17.107353 5.35
17.137881 5.35
17.148604 5.35
17.179354 5.35
17.195355 5.35
17.220604 5.35
17.233246 5.35
17.261882 5.35
17.272605 5.35
17.308481 5.35
17.319355 5.35
17.349606 5.35
17.362245 5.35
17.390732 5.35
17.406884 5.35
17.437481 5.35
17.448357 5.35
17.478606 5.35
17.491012 5.35
17.519885 5.35
17.530734 5.35
17.561357 5.35
17.577357 5.35
17.602483 5.35
17.613358 5.35
17.643608 5.35
17.655999 5.35
17.684734 5.35
17.700886 5.35
17.731484 5.35
17.742359 5.35
17.772609 5.35
17.788609 5.35
17.813736 5.35
17.829888 5.35
17.860484 5.35
17.871235 5.35
17.901609 5.35
17.914002 5.35
17.942890 5.35
17.953737 5.35
17.984253 5.35
17.996615 5.35
18.025486 5.35
18.036236 5.35
18.066611 5.35
18.082611 5.35
18.107890 5.35
18.118611 5.35
18.149253 5.35
18.165254 5.35
18.190487 5.35
18.201362 5.35
18.231612 5.35
18.247613 5.35
18.278254 5.35
18.294254 5.35
18.319363 5.35
18.330254 5.35
18.360489 5.35
18.371363 5.35
18.401614 5.35
18.417613 5.35
18.442893 5.35
18.453740 5.35
18.484364 5.35
18.495257 5.35
18.525489 5.35
18.536240 5.35
18.566615 5.35
18.582615 5.35
18.607894 5.35
18.618741 5.35
18.649365 5.35
18.660258 5.35
18.690366 5.35
18.701241 5.35
18.731366 5.35
18.742241 5.35
18.772366 5.35
18.783242 5.35
18.813367 5.35
18.824242 5.35
18.854367 5.35
18.865242 5.00
18.895367 5.35
18.906243 5.35
18.936367 5.35
18.947243 5.35
18.977368 5.35
18.988259 5.35
19.018368 5.35
19.029243 5.35
19.059369 5.35
19.070244 5.35
19.100369 5.35
19.111244 5.35
19.141369 5.35
19.152245 5.35
19.182369 5.35
19.193245 5.35
19.223370 5.35
19.234245 5.35
19.264495 5.35
19.275370 5.35
19.305620 5.35
19.321621 5.35
19.346899 5.35
19.357747 5.35
19.388371 5.35
19.399262 5.35
19.429371 5.35
19.440247 5.35
19.470372 5.35
19.481247 5.35
19.511372 5.35
19.522247 5.35
19.552372 5.35
19.563248 5.35
19.593372 5.35
19.604247 5.35
19.634373 5.35
19.645248 5.35
19.675373 5.35
19.686248 5.35
19.716374 5.35
19.727249 5.35
19.757374 5.35
19.768249 5.35
19.798374 5.35
19.809250 5.35
19.839375 5.35
19.850250 5.35
19.880375 5.35
19.891250 5.35
19.921375 5.35
19.932251 5.35
19.962375 5.35
19.973250 5.35
20.003376 5.35
20.014251 5.35
20.044376 5.35
20.055251 5.35
20.085501 5.35
20.096376 5.35
20.126626 5.35
20.142626 5.35
20.173267 5.35
20.189270 5.35
20.214377 5.35
20.225252 5.35
20.255378 5.35
20.266253 5.35
20.296378 5.35
20.307269 5.35
20.337378 5.35
20.348254 5.35
20.378504 5.35
20.390915 5.35
20.419629 5.35
20.435629 5.35
20.466021 5.35
20.478509 5.35
20.507270 5.35
20.523273 5.35
20.548380 5.35
20.559255 5.35
20.589381 5.35
20.600256 5.35
20.630380 5.35
20.641256 5.35
20.671380 5.35
20.682256 5.35
20.712381 5.35
20.723256 5.35
20.753381 5.35
20.764256 5.35
20.794382 5.35
20.805257 5.35
20.835382 5.35
20.846257 5.35
20.876382 5.35
20.887258 5.35
20.917382 5.35
20.928258 5.35
20.958383 5.35
20.969149 5.35
20.999383 5.35
21.010258 5.35
21.040383 5.35
21.051259 5.35
21.081384 5.35
21.092259 5.35
21.122384 5.35
21.133259 5.35
21.163385 5.35
21.174260 5.35
21.204385 5.35
21.215260 5.35
21.245385 5.35
21.256260 5.35
21.286386 5.35
21.297260 5.35
21.327386 5.35
21.338261 5.35
21.368386 5.35
21.379261 5.35
21.409386 5.35
21.420262 5.35
21.450387 5.35
21.461262 5.35
21.491387 5.35
21.502262 5.35
21.532387 5.35
21.543263 5.35
21.573388 5.35
21.584263 5.35
21.614388 5.35
21.625263 5.35
21.655388 5.35
21.666263 5.35
21.696389 5.35
21.707264 5.35
21.737389 5.35
21.748264 5.35
21.778389 5.35
21.789265 5.35
21.819390 5.35
21.830265 5.35
21.860390 5.35
21.871265 5.35
21.901390 5.35
21.912266 5.35
21.942390 5.35
21.953266 5.35
21.983391 5.35
21.994266 5.35
22.024391 5.35
22.035266 5.35
22.065392 5.35
22.076267 5.35
22.106392 5.35
22.117267 5.35
22.147392 5.35
22.158268 5.35
22.188517 5.35
22.204393 5.35
22.229643 5.35
22.240393 5.35
22.276284 5.35
22.287033 5.35
22.317394 5.35
22.328269 5.35
22.358394 5.35
22.369269 5.35
22.399394 5.35
22.410269 5.35
22.440394 5.35
22.451270 5.35
22.481520 5.35
22.497395 5.35
22.522645 5.35
22.533520 5.35
22.569285 5.35
22.580037 5.35
22.610270 5.35
22.621037 5.35
22.651396 5.35
22.662271 5.35
22.692521 5.35
22.708396 5.35
22.735532 5.35
22.746272 5.35
22.776773 5.35
22.787647 5.35
22.818290 5.35
22.829040 5.35
22.859522 5.35
22.875398 5.35
22.900775 5.35
22.911648 5.35
22.942053 5.35
22.958166 5.35
22.983273 5.35
22.994041 5.35
23.024399 5.35
23.036926 5.35
23.065524 5.35
23.081524 5.35
23.108534 5.35
23.119399 5.35
23.151410 5.35
23.162290 5.35
23.192525 5.35
23.208525 5.35
23.238410 5.35
23.249292 5.35
23.279526 5.35
23.295525 5.35
23.322411 5.35
23.333169 5.35
23.369169 5.35
23.385167 5.35
23.410402 5.35
23.422796 5.35
23.451527 5.35
23.467527 5.35
23.501170 5.35
23.517170 5.35
23.542403 5.35
23.558403 5.35
23.583528 5.35
23.594403 5.35
23.629920 5.35
23.640654 5.35
23.671293 5.35
23.682048 5.35
23.712529 5.35
23.723404 5.35
23.754058 5.35
23.769923 5.35
23.795405 5.35
23.811280 5.35
23.836530 5.35
23.847280 5.35
23.882921 5.35
23.893656 5.35
23.924299 5.35
23.935050 5.35
23.965531 5.35
23.976281 5.35
24.011935 5.35
24.022656 5.35
24.053298 5.35
24.064050 5.35
24.094282 5.35
24.105050 5.35
24.135283 5.35
24.146050 5.35
24.176408 5.35
24.192283 5.35
24.217533 5.35
24.228283 5.35
24.263939 5.35
24.274658 5.35
24.305302 5.35
24.316050 5.35
24.346409 5.35
24.362409 5.35
24.387534 5.35
24.398409 5.35
24.433937 5.35
24.444659 5.35
24.475301 5.35
24.486052 5.35
24.516535 5.35
24.527410 5.35
24.562940 5.35
24.578928 5.35
24.604304 5.35
24.615053 5.35
24.645536 5.35
24.656411 5.35
24.691927 5.35
24.707926 5.35
24.733302 5.35
24.744052 5.35
24.774537 5.35
24.785412 5.35
24.820931 5.35
24.836930 5.35
24.862304 5.35
24.873054 5.35
24.903538 5.35
24.914288 5.35
24.949943 5.35
24.965943 5.35
24.991289 5.35
25.002056 5.35
25.032289 5.35
25.043056 5.35
25.073290 5.35
25.084057 5.35
25.114415 5.35
25.130415 5.35
25.155540 5.35
25.166415 5.35
25.201944 5.35
25.217934 5.35
25.243415 5.35
25.259416 5.35
25.284540 5.35
25.295416 5.35
25.330946 5.35
25.346931 5.35
25.372307 5.35
25.383059 5.35
25.415418 5.35
25.426307 5.35
25.456542 5.35
25.467293 5.35
25.502946 5.35
25.518935 5.35
25.544293 5.35
25.555060 5.35
25.585293 5.35
25.596060 5.35
25.626419 5.35
25.642293 5.35
25.667544 5.35
25.678294 5.35
25.713937 5.35
25.724669 5.35
25.755310 5.35
25.767796 5.35
25.796545 5.35
25.807420 5.35
25.842935 5.35
25.858938 5.35
25.884311 5.35
25.896797 5.35
25.925546 5.35
25.936421 5.35
25.971951 5.35
25.987939 5.35
26.013422 5.35
26.029422 5.35
26.054547 5.35
26.065422 5.35
26.100949 5.35
26.113298 5.35
26.142315 5.35
26.158314 5.35
26.183423 5.35
26.199298 5.35
26.224548 5.35
26.235299 5.35
26.270953 5.35
26.286941 5.35
26.312314 5.35
26.328317 5.35
26.353299 5.35
26.369300 5.35
26.394300 5.35
26.406674 5.35
26.435300 5.35
26.451300 5.35
26.476425 5.35
26.492300 5.35
26.517550 5.35
26.528300 5.35
26.563943 5.35
26.579940 5.35
26.605069 5.35
26.615803 5.35
26.646302 5.35
26.662302 5.35
26.687427 5.35
26.703302 5.35
26.728552 5.35
26.739302 5.35
26.774956 5.35
26.790943 5.35
26.816320 5.35
26.832317 5.35
26.857303 5.35
26.873303 5.35
26.898429 5.35
26.914303 5.35
26.939554 5.35
26.950429 5.35
26.985806 5.35
27.001806 5.35
27.027320 5.35
27.043321 5.35
27.068555 5.35
27.079305 5.35
27.114806 5.35
27.130810 5.35
27.156322 5.35
27.172322 5.35
27.197431 5.35
27.213306 5.35
27.238555 5.35
27.249306 5.35
27.284810 5.35
27.300949 5.35
27.326085 5.35
27.336958 5.35
27.367432 5.35
27.383307 5.35
27.408557 5.35
27.419432 5.35
27.454809 5.35
27.470808 5.35
27.496323 5.35
27.512325 5.35
27.537558 5.35
27.548309 5.35
27.583952 5.35
27.599813 5.35
27.625327 5.35
27.641324 5.35
27.666310 5.35
27.682434 5.35
27.707310 5.35
27.723310 5.35
27.748309 5.35
27.764310 5.35
27.789310 5.35
27.805310 5.35
27.830436 5.35
27.846311 5.35
27.871560 5.35
27.882436 5.35
27.917966 5.35
27.933812 5.35
27.959437 5.35
27.975311 5.35
28.000562 5.35
28.011437 5.35
28.046966 5.35
28.062952 5.35
28.088329 5.35
28.104328 5.35
28.129313 5.35
28.145313 5.35
28.170438 5.35
28.186438 5.35
28.213314 5.35
28.224078 5.35
28.254314 5.35
28.270439 5.35
28.295439 5.35
28.311439 5.35
28.338315 5.35
28.349082 5.35
28.379315 5.35
28.395315 5.35
28.420440 5.35
28.431315 5.35
28.463317 5.35
28.474082 5.35
28.504315 5.35
28.520316 5.35
28.545441 5.35
28.556316 5.35
28.588317 5.35
28.599082 5.35
28.629317 5.35
28.645317 5.35
28.670317 5.35
28.686317 5.35
28.711317 5.35
28.727317 5.35
28.752443 5.35
28.763318 5.35
28.795319 5.35
28.806087 5.35
28.836443 5.35
28.847318 5.35
28.882693 5.35
28.893443 5.35
28.924098 5.35
28.934972 5.35
28.965335 5.35
28.976209 5.35
29.008226 5.35
29.019210 5.35
29.049445 5.35
29.060320 5.35
29.095695 5.35
29.106570 5.35
29.137099 5.35
29.147975 5.35
29.178321 5.35
29.189213 5.35
29.219446 5.35
29.230321 5.35
29.265696 5.35
29.276446 5.35
29.307213 5.35
29.323089 5.35
29.348340 5.35
29.364214 5.35
29.389323 5.35
29.400088 5.35
29.430323 5.35
29.441088 5.35
29.471323 5.35
29.482088 5.35
29.512448 5.35
29.523217 5.35
29.558698 5.35
29.569449 5.35
29.600101 5.35
29.610824 5.35
29.641449 5.35
29.652217 5.35
29.687699 5.35
29.698449 5.35
29.729092 5.35
29.739825 5.35
29.770326 5.35
29.781093 5.35
29.811451 5.35
29.822219 5.35
29.857701 5.35
29.868576 5.35
29.899104 5.35
29.909979 5.35
29.940452 5.35
29.951218 5.35
29.986702 5.35
30.011106 5.35
30.026981 5.35
30.052327 5.35
30.063094 5.35
30.093328 5.35
30.104095 5.35
30.134328 5.35
30.145093 5.35
30.175453 5.35
30.186220 5.35
30.221704 5.35
30.232454 5.35
30.263108 5.35
30.273984 5.35
30.304454 5.35
30.315220 5.35
30.350713 5.35
30.375109 5.35
30.385984 5.35
30.421580 5.35
30.432455 5.35
30.462982 5.35
30.473831 5.35
30.504224 5.35
30.520098 5.35
30.545222 5.35
30.561098 5.35
30.586222 5.35
30.602098 5.35
30.627222 5.35
30.656714 5.35
30.667582 5.35
30.698111 5.35
30.710583 5.35
30.739458 5.35
30.750225 5.35
30.785716 5.00
30.796583 5.35
30.827101 5.35
30.837985 5.35
30.868458 5.35
30.879334 5.35
30.914718 5.35
30.925584 5.35
30.956114 5.35
30.968584 5.35
30.997334 5.35
31.008100 5.35
31.038460 5.35
31.049228 5.35
31.084713 5.35
31.100713 5.35
31.125990 5.35
31.136864 5.35
31.167336 5.35
31.183228 5.35
31.208336 5.35
31.219227 5.35
31.249462 5.00
31.260337 5.35
31.295714 5.35
31.320229 5.35
31.349715 5.35
31.365716 5.35
31.391230 5.35
31.407228 5.35
31.432338 5.35
31.443228 5.35
31.473463 5.35
31.484230 5.35
31.519717 5.35
31.544230 5.35
31.573718 5.35
31.589718 5.35
31.615229 5.35
31.631229 5.35
31.656340 5.35
31.667233 5.35
31.697340 5.35
31.708232 5.35
31.738466 5.35
31.749233 5.35
31.784721 5.35
31.800721 5.35
31.826234 5.35
31.842233 5.35
31.867341 5.35
31.878233 5.35
31.908341 5.35
31.919231 5.35
31.949467 5.35
31.960232 5.35
31.995723 5.35
32.020232 5.35
32.049722 5.35
32.065723 5.35
32.091234 5.35
32.107235 5.35
32.132343 5.35
32.143237 5.35
32.173469 5.35
32.184344 5.35
32.219723 5.35
32.244234 5.35
32.273594 5.35
32.284344 5.35
32.314998 5.35
32.325722 5.35
32.356345 5.35
32.367237 5.35
32.397471 5.35
32.408346 5.35
32.443725 5.35
32.454722 5.35
32.485236 5.35
32.501236 5.35
32.526346 5.35
32.537239 5.35
32.567472 5.35
32.578347 5.35
32.613726 5.35
32.629723 5.35
32.655238 5.35
32.671240 5.35
32.696473 5.35
32.707239 5.35
32.742725 5.35
32.758728 5.35
32.784241 5.35
32.800239 5.35
32.825349 5.35
32.836241 5.35
32.866349 5.35
32.877242 5.35
32.907474 5.35
32.918224 5.35
32.953734 5.35
32.969733 5.35
32.995241 5.35
33.011240 5.35
33.036351 5.35
33.047242 5.35
33.077350 5.35
33.088226 5.35
33.118475 5.35
33.129243 5.35
33.164735 5.35
33.175732 5.35
33.206244 5.35
33.222245 5.35
33.247227 5.35
33.257993 5.35
33.288352 5.35
33.299227 5.35
33.329352 5.35
33.340228 5.35
33.370353 5.35
33.381228 5.35
33.411478 5.35
33.422228 5.35
33.457730 5.35
33.473730 5.35
33.499245 5.35
33.515246 5.35
33.540229 5.35
33.550994 5.35
33.581230 5.35
33.591997 5.35
33.622230 5.35
33.632998 5.35
33.663355 5.35
33.674230 5.35
33.706107 5.35
33.717010 5.35
33.747356 5.35
33.758247 5.35
33.790107 5.35
33.801009 5.35
33.831246 5.35
33.841996 5.35
33.872231 5.35
33.882999 5.35
33.913232 5.35
33.923999 5.35
33.954357 5.35
33.965232 5.35
33.997109 5.35
34.008010 5.35
34.038358 5.35
34.049248 5.35
34.081110 5.35
34.092010 5.35
34.122359 5.35
34.133250 5.35
34.168735 5.35
34.179609 5.35
34.210249 5.35
34.221001 5.35
34.251360 5.35
34.262235 5.35
34.294111 5.35
34.305014 5.35
34.335252 5.35
34.346003 5.35
34.376361 5.35
34.387236 5.35
34.419112 5.35
34.430013 5.35
34.460361 5.35
34.471251 5.35
34.506486 5.35
34.517361 5.35
34.547611 5.35
34.559988 5.35
34.588891 5.35
34.599738 5.35
34.630363 5.35
34.641255 5.35
34.676487 5.35
34.687362 5.35
34.717613 5.35
34.733613 5.35
34.758890 5.35
34.769614 5.35
34.800256 5.35
34.811006 5.35
34.846489 5.35
34.857239 5.35
34.887759 5.35
34.898614 5.35
34.929019 5.35
34.945007 5.35
34.970365 5.35
34.981132 5.35
35.016491 5.35
35.027366 5.35
35.057616 5.35
35.073491 5.35
35.098894 5.35
35.109616 5.35
35.140257 5.35
35.151006 5.35
35.181367 5.35
35.192242 5.35
35.227492 5.35
35.238367 5.35
35.268617 5.35
35.284492 5.35
35.309897 5.35
35.320617 5.35
35.351261 5.35
35.362010 5.35
35.392243 5.35
35.403008 5.35
35.433369 5.35
35.444244 5.35
35.479494 5.35
35.490369 5.35
35.520619 5.35
35.536494 5.35
35.561899 5.35
35.572619 5.35
35.603261 5.35
35.614013 5.35
35.644370 5.35
35.655245 5.35
35.690495 5.35
35.701245 5.35
35.731621 5.35
35.747495 5.35
35.772900 5.35
35.783747 5.35
35.814372 5.35
35.825261 5.35
35.860497 5.35
35.871247 5.35
35.901622 5.35
35.917497 5.35
35.942901 5.35
35.953622 5.35
35.984265 5.35
35.995014 5.35
36.030622 5.35
36.046623 5.35
36.072027 5.35
36.088025 5.35
36.113266 5.35
36.124016 5.35
36.156000 5.35
36.166750 5.35
36.197375 5.35
36.208267 5.35
36.243624 5.35
36.259499 5.35
36.285029 5.35
36.301140 5.35
36.328030 5.35
36.338905 5.35
36.371018 5.35
36.381769 5.35
36.412376 5.35
36.423268 5.35
36.458626 5.35
36.474501 5.35
36.499904 5.35
36.510753 5.35
36.543003 5.35
36.553907 5.35
36.586004 5.35
36.596754 5.35
36.629004 5.35
36.639754 5.35
36.670268 5.35
36.681021 5.35
36.716503 5.35
36.729005 5.35
36.757755 5.35
36.768628 5.35
36.799031 5.35
36.815033 5.35
36.840272 5.35
36.851021 5.35
36.886505 5.35
36.899006 5.35
36.927630 5.35
36.943630 5.35
36.968910 5.35
36.981505 5.35
37.010271 5.35
37.021022 5.35
37.051256 5.35
37.062021 5.35
37.094025 5.35
37.104898 5.35
37.135273 5.35
37.146023 5.35
37.178038 5.35
37.188910 5.35
37.221008 5.35
37.231759 5.35
37.264009 5.35
37.274882 5.35
37.306884 5.35
37.317759 5.35
37.348038 5.35
37.364275 5.35
37.390885 5.35
37.401760 5.35
37.432276 5.35
37.443023 5.35
37.473384 5.35
37.484259 5.35
37.519509 5.35
37.531886 5.35
37.560761 5.35
37.571635 5.35
37.602039 5.35
37.618277 5.35
37.644887 5.35
37.655762 5.35
37.686009 5.35
37.701885 5.35
37.727010 5.35
37.742885 5.35
37.768010 5.35
37.778761 5.35
37.809011 5.35
37.819762 5.35
37.850011 5.35
37.860762 5.35
37.891011 5.35
37.901763 5.35
37.932011 5.35
37.942763 5.35
37.973012 5.35
37.983763 5.35
38.014012 5.35
38.024764 5.35
38.055012 5.35
38.065764 5.35
38.096013 5.35
38.106764 5.35
38.137013 5.35
38.147764 5.35
38.178013 5.35
38.188764 5.35
38.219013 5.35
38.229765 5.35
38.260014 5.35
38.270765 5.35
38.301014 5.35
38.311766 5.35
38.342015 5.35
38.352766 5.35
38.383015 5.35
38.393766 5.35
38.424015 5.35
38.434766 5.35
38.465015 5.35
38.475766 5.35
38.506016 5.35
38.516767 5.35
38.547016 5.35
38.557767 5.35
38.588016 5.35
38.598768 5.35
38.629017 5.35
38.639768 5.35
38.670017 5.35
38.680768 5.35
38.711018 5.35
38.721768 5.35
38.752018 5.00
38.762769 5.35
38.793018 5.35
38.803769 5.35
38.834018 5.35
38.844769 5.35
38.875019 5.35
38.885770 5.35
38.916019 5.35
38.926770 5.35
38.957019 5.35
38.967771 5.35
38.998020 5.35
39.008770 5.35
39.039020 5.35
39.049771 5.35
39.080020 5.35
39.090771 5.35
39.121020 5.35
39.131771 5.35
39.162020 5.35
39.172771 5.35
39.203021 5.35
39.213771 5.35
39.244021 5.35
39.254772 5.35
39.285022 5.35
39.295772 5.35
39.326022 5.35
39.336773 5.35
39.367023 5.35
39.377773 5.35
39.408023 5.35
39.418773 5.35
39.449023 5.35
39.459773 5.35
39.490023 5.35
39.500774 5.35
39.531023 5.35
39.541774 5.35
39.572024 5.35
39.582774 5.35
39.613024 5.35
39.623775 5.35
39.654025 5.35
39.664775 5.35
39.695025 5.35
39.705775 5.35
39.736025 5.35
39.746776 5.35
39.777025 5.35
39.787776 5.35
39.818026 5.35
39.828776 5.35
39.859027 5.35
39.869777 5.35
39.900026 5.35
39.910777 5.00
39.941027 5.35
39.951777 5.35
39.982027 5.35
39.992778 5.35
40.023027 5.35
40.033778 5.35
40.064027 5.35
40.074778 5.35
40.105028 5.35
40.115779 5.35
40.146028 5.35
40.156779 5.35
40.187029 5.35
40.197779 5.35
40.228029 5.35
40.238780 5.35
40.269029 5.35
40.279780 5.35
40.310030 5.35
40.320780 5.35
40.351030 5.35
40.361781 5.35
40.392030 5.35
40.402782 5.35
40.433030 5.35
40.443782 5.35
40.474031 5.35
40.484782 5.35
40.515031 5.35
40.525783 5.35
40.556032 5.35
40.566783 5.35
40.597032 5.35
40.607783 5.35
40.638032 5.35
40.648783 5.35
40.679032 5.35
40.689783 5.35
40.720033 5.35
40.730784 5.35
40.761033 5.35
40.771784 5.35
40.802033 5.35
40.812785 5.35
40.843034 5.35
40.853785 5.35
40.884034 5.35
40.894785 5.35
40.925035 5.35
40.935786 5.35
40.966035 5.35
40.976786 5.35
41.007035 5.35
41.017786 5.35
41.048035 5.35
41.058785 5.35
41.089035 5.35
41.099786 5.35
41.130036 5.35
41.140786 5.35
41.171036 5.35
41.181787 5.35
41.212037 5.35
41.222787 5.35
41.253037 5.35
41.263788 5.35
41.294037 5.35
41.304788 5.35
41.335037 5.35
41.345789 5.35
41.376037 5.35
41.386789 5.35
41.417038 5.35
41.427789 5.35
41.458038 5.35
41.468790 5.35
41.499039 5.35
41.509790 5.35
41.540039 5.35
41.550790 5.35
41.581040 5.35
41.591790 5.35
41.622040 5.35
41.632791 5.35
41.663040 5.35
41.673791 5.35
41.704040 5.35
41.714792 5.35
41.745040 5.35
41.755792 5.35
41.786041 5.35
41.796792 5.35
41.827041 5.35
41.837793 5.35
41.868041 5.35
41.878792 5.35
41.909041 5.35
41.919793 5.35
41.950042 5.35
41.960793 5.35
41.991042 5.35
42.001794 5.35
42.032043 5.35
42.042794 5.35
42.073043 5.35
42.083795 5.35
42.114043 5.35
42.124795 5.35
42.155044 5.35
42.165794 5.35
42.196044 5.35
42.206796 5.35
42.237044 5.35
42.247795 5.35
42.278044 5.35
42.288796 5.35
42.319045 5.35
42.329796 5.35
42.361797 5.35
42.372545 5.35
42.402797 5.35
42.418671 5.35
42.443797 5.35
42.459671 5.35
42.484797 5.35
42.500671 5.35
42.525797 5.35
42.541671 5.35
42.566798 5.35
42.582671 5.35
42.607922 5.35
42.618671 5.35
42.648922 5.35
42.659672 5.35
42.689923 5.35
42.700672 5.35
42.730923 5.35
42.741673 5.35
42.771924 5.35
42.782673 5.35
42.812952 5.35
42.823675 5.35
42.859550 5.35
42.870425 5.35
42.900802 5.35
42.916953 5.35
42.943680 5.35
42.954426 5.35
42.986680 5.35
42.997426 5.35
43.029680 5.35
43.040552 5.35
43.072681 5.35
43.083427 5.35
43.119319 5.35
43.131680 5.35
43.160553 5.35
43.171428 5.35
43.201678 5.35
43.214070 5.35
43.244682 5.35
43.255428 5.35
43.291319 5.35
43.303682 5.35
43.332554 5.35
43.343304 5.35
43.373804 5.35
43.384679 5.35
43.420322 5.35
43.436321 5.35
43.461555 5.35
43.472305 5.35
43.502806 5.35
43.513680 5.35
43.549320 5.35
43.565322 5.35
43.590555 5.35
43.601306 5.35
43.631807 5.35
43.642681 5.35
43.678556 5.35
43.689431 5.35
43.719807 5.35
43.730682 5.35
43.766325 5.35
43.778686 5.35
43.807557 5.35
43.818307 5.35
43.848682 5.35
43.864683 5.35
43.895327 5.35
43.911323 5.35
43.936558 5.35
43.947434 5.35
43.977809 5.35
43.988684 5.35
44.024559 5.35
44.035434 5.35
44.065810 5.35
44.076684 5.35
44.112327 5.35
44.128327 5.35
44.153560 5.35
44.164310 5.35
44.194811 5.35
44.205685 5.35
44.241436 5.35
44.252325 5.35
44.282561 5.35
44.293436 5.35
44.323813 5.35
44.334686 5.35
44.370328 5.35
44.386327 5.35
44.411562 5.35
44.422312 5.35
44.452687 5.35
44.468687 5.35
44.499328 5.35
44.515330 5.35
44.540563 5.35
44.551438 5.35
44.581815 5.35
44.592688 5.35
44.628331 5.35
44.644332 5.35
44.669564 5.35
44.680439 5.35
44.710815 5.35
44.721689 5.35
44.757330 5.35
44.773330 5.35
44.798565 5.35
44.809440 5.35
44.839817 5.35
44.850690 5.35
44.886441 5.35
44.897333 5.35
44.927566 5.35
44.938441 5.35
44.968835 5.35
44.979691 5.35
45.015442 5.35
45.026332 5.35
45.056567 5.35
45.067317 5.35
45.097837 5.35
45.108692 5.35
45.144443 5.35
45.155343 5.35
45.185568 5.35
45.196443 5.35
45.226837 5.35
45.237693 5.35
45.273334 5.35
45.289334 5.35
45.314568 5.35
45.327211 5.35
45.355694 5.35
45.371694 5.35
45.402337 5.35
45.418336 5.35
45.443570 5.35
45.454445 5.35
45.484822 5.35
45.495695 5.35
45.531337 5.35
45.547338 5.35
45.572571 5.35
45.585089 5.35
45.613822 5.35
45.624696 5.35
45.656701 5.35
45.667446 5.35
45.703340 5.35
45.719339 5.35
45.744572 5.35
45.756976 5.35
45.785823 5.35
45.796573 5.35
45.832215 5.35
45.844577 5.35
45.873448 5.35
45.884215 5.35
45.914574 5.35
45.926963 5.35
45.960579 5.35
45.971449 5.35
46.001824 5.35
46.012574 5.35
46.043091 5.35
46.055579 5.35
46.084450 5.35
46.095217 5.35
46.125575 5.35
46.137975 5.35
46.166826 5.35
46.177575 5.35
46.213343 5.35
46.224092 5.35
46.254576 5.35
46.270576 5.35
46.295827 5.35
46.306576 5.35
46.337095 5.35
46.349581 5.35
46.378452 5.35
46.389220 5.35
46.419578 5.35
46.435452 5.35
46.460827 5.35
46.471577 5.35
46.502095 5.35
46.518219 5.35
46.543453 5.35
46.554221 5.35
46.584578 5.35
46.600578 5.35
46.625829 5.35
46.636578 5.35
46.667098 5.35
46.683219 5.35
46.708455 5.35
46.719219 5.35
46.749580 5.35
46.765580 5.35
46.796222 5.35
46.812223 5.35
46.837331 5.35
46.848096 5.35
46.878456 5.35
46.889223 5.35
46.919581 5.35
46.935581 5.35
46.960832 5.35
46.971581 5.35
47.002099 5.35
47.012832 5.35
47.043457 5.35
47.054223 5.35
47.084582 5.35
47.100457 5.35
47.131225 5.35
47.147350 5.35
47.172458 5.35
47.183333 5.35
47.213583 5.35
47.229584 5.35
47.254863 5.35
47.265717 5.35
47.296351 5.35
47.307099 5.35
47.337584 5.35
47.353584 5.35
47.378717 5.35
47.389585 5.35
47.425353 5.35
47.436101 5.35
47.466461 5.35
47.477225 5.35
47.507586 5.35
47.523585 5.35
47.548864 5.35
47.559713 5.35
47.590228 5.35
47.606104 5.35
47.631337 5.35
47.642227 5.35
47.672337 5.35
47.683229 5.35
47.713462 5.35
47.724337 5.35
47.754587 5.35
47.770587 5.35
47.795867 5.35
47.806715 5.35
47.837230 5.35
47.853231 5.35
47.878464 5.35
47.889338 5.35
47.919463 5.35
47.930214 5.35
47.960589 5.35
47.976589 5.35
48.007231 5.35
48.023229 5.35
48.048465 5.35
48.059229 5.35
48.089590 5.35
48.105590 5.35
48.132599 5.35
48.143465 5.35
48.175599 5.35
48.186466 5.35
48.222108 5.35
48.238235 5.35
48.263341 5.35
48.274235 5.35
48.304342 5.35
48.315232 5.35
48.345467 5.35
48.356234 5.35
48.386592 5.35
48.402468 5.35
48.433234 5.35
48.444235 5.35
48.474343 5.35
48.485234 5.35
48.515468 5.35
48.526236 5.35
48.556594 5.35
48.572593 5.35
48.599624 5.35
48.610469 5.35
48.642500 5.35
48.653344 5.35
48.689234 5.35
48.705112 5.35
48.730470 5.35
48.742874 5.35
48.771595 5.35
48.787470 5.35
48.814490 5.35
48.825346 5.35
48.855722 5.35
48.866596 5.35
48.897239 5.35
48.913240 5.35
48.938471 5.00
48.950874 5.35
48.979726 5.35
48.990597 5.35
49.021239 5.35
49.037241 5.35
49.062473 5.35
49.074877 5.35
49.103598 5.35
49.114472 5.35
49.150003 5.35
49.166001 5.35
49.191348 5.00
49.202241 5.35
49.232474 5.35
49.244878 5.35
49.273598 5.35
49.284349 5.35
49.320004 5.35
49.336002 5.35
49.361349 5.35
49.372242 5.35
49.402475 5.35
49.414878 5.35
49.443601 5.35
49.454476 5.35
49.490002 5.35
49.506002 5.35
49.531243 5.35
49.541993 5.35
49.572477 5.35
49.588476 5.35
49.613602 5.35
49.624352 5.35
49.660246 5.35
49.670995 5.35
49.701477 5.35
49.717477 5.35
49.742602 5.35
49.753352 5.35
49.789005 5.35
49.805008 5.35
49.830246 5.35
49.840995 5.35
49.871354 5.35
49.882244 5.35
49.912354 5.35
49.923229 5.35
49.953354 5.35
49.964246 5.35
49.994354 5.35
50.005230 5.35
50.035480 5.35
50.051480 5.35
50.076605 5.35
50.087355 5.35
50.123009 5.35
50.138997 5.35
50.164249 5.35
50.174998 5.35
50.205481 5.35
50.221481 5.35
50.246606 5.35
50.257481 5.35
50.293011 5.35
50.308997 5.35
50.334357 5.35
50.345250 5.35
50.375358 5.35
50.386232 5.35
50.416358 5.35
50.427233 5.35
50.457358 5.35
50.468233 5.35
50.498358 5.35
50.509233 5.35
50.539484 5.35
50.555359 5.35
50.580609 5.35
50.591359 5.35
50.626999 5.35
50.637735 5.35
50.668360 5.35
50.679249 5.35
50.709360 5.35
50.720235 5.35
50.750360 5.35
50.761235 5.35
50.791486 5.35
50.807361 5.35
50.832611 5.35
50.843486 5.35
50.879128 5.35
50.895128 5.35
50.920254 5.35
50.931002 5.35
50.961487 5.35
50.977362 5.35
51.002612 5.35
51.013362 5.35
51.049005 5.35
51.059740 5.35
51.090253 5.35
51.101006 5.35
51.131488 5.35
51.147363 5.35
51.172613 5.35
51.183363 5.35
51.214019 5.35
51.230006 5.35
51.255364 5.35
51.266256 5.35
51.296364 5.35
51.308893 5.35
51.337489 5.35
51.353365 5.35
51.378615 5.35
51.389365 5.35
51.420019 5.35
51.436020 5.35
51.461258 5.35
51.472014 5.35
51.502367 5.35
51.514743 5.35
51.543366 5.35
51.555743 5.35
51.584366 5.35
51.596743 5.35
51.625367 5.35
51.637743 5.35
51.666367 5.35
51.678744 5.35
51.707493 5.35
51.723368 5.35
51.748617 5.35
51.759493 5.35
51.790022 5.35
51.806009 5.35
51.831369 5.35
51.843745 5.35
51.872368 5.35
51.888244 5.35
51.913369 5.35
51.925746 5.35
51.954495 5.35
51.970494 5.35
51.995620 5.35
52.006370 5.35
52.037025 5.35
52.053013 5.35
52.078371 5.35
52.090747 5.35
52.119620 5.35
52.130371 5.35
52.161023 5.35
52.176900 5.35
52.202371 5.35
52.218372 5.35
52.243372 5.35
52.259247 5.35
52.284497 5.35
52.300497 5.35
52.330902 5.35
52.346899 5.35
52.372373 5.35
52.388373 5.35
52.413373 5.35
52.429373 5.35
52.454373 5.35
52.470373 5.35
52.495374 5.35
52.511373 5.35
52.536374 5.35
52.552374 5.35
52.577374 5.35
52.593374 5.35
52.618375 5.35
52.634250 5.35
52.659375 5.35
52.675375 5.35
52.700375 5.35
52.716375 5.35
52.741375 5.35
52.757250 5.35
52.782376 5.35
52.798376 5.35
52.823376 5.35
52.839376 5.35
52.864376 5.35
52.880376 5.35
52.905502 5.35
52.916252 5.35
52.951893 5.35
52.962627 5.35
52.993252 5.35
53.004142 5.35
53.034253 5.35
53.045145 5.35
53.075253 5.35
53.086145 5.35
53.116254 5.35
53.127146 5.35
53.157254 5.35
53.168147 5.35
53.198254 5.35
53.209146 5.35
53.239254 5.35
53.250021 5.35
53.280254 5.35
53.291023 5.35
53.321255 5.35
53.332022 5.35
53.362255 5.35
53.373021 5.35
53.403256 5.35
53.414023 5.35
53.444256 5.35
53.455021 5.35
53.485257 5.35
53.496024 5.35
53.526256 5.35
53.537024 5.35
53.567256 5.35
53.578023 5.35
53.608507 5.35
53.624382 5.35
53.651384 5.35
53.662273 5.35
53.692382 5.35
53.708258 5.35
53.733383 5.35
53.749258 5.35
53.774383 5.35
53.790259 5.35
53.815384 5.35
53.831259 5.35
53.856384 5.35
53.872259 5.35
53.897384 5.35
53.913260 5.35
53.938384 5.35
53.954259 5.35
53.979385 5.35
53.995260 5.35
54.020385 5.35
54.036260 5.35
54.061385 5.35
54.077261 5.35
54.102386 5.35
54.118261 5.35
54.143386 5.35
54.159262 5.35
54.184387 5.35
54.200262 5.35
54.225387 5.35
54.241262 5.35
54.266387 5.35
54.282263 5.35
54.307387 5.35
54.323262 5.35
54.348387 5.35
54.364263 5.35
54.389388 5.35
54.400263 5.35
54.430388 5.35
54.441263 5.35
54.471389 5.35
54.482264 5.35
54.512389 5.35
54.523264 5.35
54.553389 5.35
54.564265 5.35
54.594389 5.35
54.605265 5.35
54.635389 5.35
54.646265 5.35
54.676390 5.35
54.687265 5.35
54.717390 5.35
54.728265 5.35
54.758391 5.35
54.769266 5.35
54.799391 5.35
54.810266 5.35
54.840392 5.35
54.851267 5.35
54.881392 5.35
54.892267 5.35
54.922392 5.35
54.933267 5.35
54.963392 5.35
54.974285 5.35
55.004392 5.35
55.015268 5.35
55.045393 5.35
55.056268 5.35
55.086393 5.35
55.097268 5.35
55.127394 5.35
55.138269 5.35
55.168394 5.35
55.179269 5.35
55.209394 5.35
55.220269 5.35
55.250520 5.35
55.261270 5.35
55.296911 5.35
55.312774 5.35
55.338287 5.35
55.354288 5.35
55.379271 5.35
55.395396 5.35
55.420396 5.35
55.436272 5.35
55.461521 5.35
55.472271 5.35
55.507914 5.35
55.523773 5.35
55.549397 5.35
55.565272 5.35
55.590522 5.35
55.601272 5.35
55.636773 5.35
55.652773 5.35
55.678291 5.35
55.694290 5.35
55.719524 5.35
55.730273 5.35
55.765916 5.35
55.781914 5.35
55.807290 5.35
55.823292 5.35
55.848399 5.35
55.864274 5.35
55.889525 5.35
55.900274 5.35
55.935779 5.35
55.951918 5.35
55.977055 5.35
55.987927 5.35
56.018276 5.35
56.034276 5.35
56.059276 5.35
56.075276 5.35
56.100276 5.35
56.116401 5.35
56.141276 5.35
56.157277 5.35
56.182277 5.35
56.198277 5.35
56.223277 5.35
56.239277 5.35
56.264277 5.35
56.280277 5.35
56.305278 5.35
56.321296 5.35
56.346403 5.35
56.362278 5.35
56.389280 5.35
56.400045 5.35
56.430404 5.35
56.446279 5.35
56.473280 5.35
56.484045 5.35
56.514405 5.35
56.530279 5.35
56.555530 5.35
56.566405 5.35
56.601920 5.35
56.617781 5.35
56.643405 5.35
56.659280 5.35
56.686282 5.35
56.697045 5.35
56.727406 5.35
56.738281 5.35
56.770283 5.35
56.781173 5.35
56.811407 5.35
56.822282 5.35
56.854283 5.35
56.865050 5.35
56.895282 5.35
56.911300 5.35
56.936408 5.35
56.947283 5.35
56.982658 5.35
56.995314 5.35
57.024175 5.35
57.036658 5.35
57.070658 5.35
57.083177 5.35
57.112176 5.35
57.124659 5.35
57.153409 5.35
57.164299 5.35
57.199659 5.35
57.210534 5.35
57.241175 5.35
57.253660 5.35
57.287660 5.35
57.300189 5.35
57.329180 5.35
57.345178 5.35
57.370303 5.35
57.386304 5.35
57.411412 5.35
57.422286 5.35
57.457661 5.35
57.473661 5.35
57.499180 5.35
57.515179 5.35
57.540412 5.35
57.551287 5.35
57.586662 5.35
57.597412 5.35
57.628067 5.35
57.638942 5.35
57.669413 5.35
57.680288 5.35
57.715663 5.35
57.726539 5.35
57.756943 5.35
57.767790 5.35
57.798414 5.35
57.809289 5.35
57.844664 5.35
57.855414 5.35
57.886068 5.35
57.896943 5.35
57.927416 5.35
57.938290 5.35
57.973665 5.35
57.984540 5.35
58.015070 5.35
58.025946 5.35
58.056416 5.35
58.067291 5.35
58.102666 5.35
58.113416 5.35
58.144066 5.35
58.154795 5.35
58.185417 5.35
58.196292 5.35
58.231667 5.35
58.242417 5.35
58.273071 5.35
58.283947 5.35
58.314418 5.35
58.325293 5.35
58.360668 5.35
58.371418 5.35
58.402073 5.35
58.412948 5.35
58.443419 5.35
58.454294 5.35
58.489669 5.35
58.500419 5.35
58.531074 5.35
58.541949 5.35
58.572420 5.35
58.583295 5.35
58.618670 5.35
58.629420 5.35
58.660074 5.35
58.670951 5.35
58.701421 5.35
58.712296 5.35
58.747671 5.35
58.758546 5.35
58.789074 5.35
58.799950 5.35
58.830422 5.35
58.841296 5.35
58.876672 5.35
58.887547 5.35
58.918077 5.35
58.928951 5.35
58.959423 5.35
58.970315 5.35
59.005673 5.35
59.021673 5.35
59.047078 5.35
59.057800 5.35
59.088299 5.35
59.099068 5.35
59.129424 5.35
59.140299 5.35
59.175674 5.35
59.188175 5.35
59.217079 5.35
59.227954 5.35
59.258300 5.35
59.269065 5.35
59.299301 5.35
59.310067 5.35
59.340301 5.35
59.351068 5.35
59.381301 5.35
59.392068 5.35
59.422301 5.35
59.433068 5.35
59.463302 5.35
59.474068 5.35
59.504427 5.35
59.515303 5.35
59.550678 5.35
59.563178 5.35
59.592081 5.35
59.604678 5.35
59.633303 5.35
59.644071 5.35
59.674304 5.35
59.685068 5.35
59.715429 5.35
59.726304 5.35
59.761679 5.35
59.774180 5.35
59.803084 5.35
59.819082 5.35
59.844305 5.35
59.855073 5.35
59.885430 5.35
59.896305 5.35
59.931680 5.35
59.944056 5.35
59.973086 5.35
59.988957 5.35
60.014306 5.35
60.025074 5.35
60.055307 5.35
60.066071 5.35
60.096432 5.35
60.107307 5.35
60.142682 5.35
60.155057 5.35
60.184086 5.35
60.200075 5.35
60.225199 5.35
60.241075 5.35
60.266325 5.35
60.277073 5.35
60.312683 5.35
60.328683 5.35
60.354202 5.35
60.370202 5.35
60.400684 5.35
60.416684 5.35
60.442088 5.35
60.457963 5.35
60.483435 5.35
60.494310 5.35
60.529685 5.35
60.545560 5.35
60.571090 5.35
60.587089 5.35
60.612435 5.35
60.623310 5.35
60.658685 5.35
60.674561 5.35
60.700088 5.35
60.715963 5.35
60.741437 5.35
60.752312 5.35
60.787687 5.35
60.803562 5.35
60.829092 5.35
60.845091 5.35
60.870438 5.35
60.881313 5.35
60.916688 5.35
60.932563 5.35
60.958092 5.35
60.974091 5.35
60.999438 5.35
61.010314 5.35
61.045688 5.35
61.061564 5.35
61.087093 5.35
61.103095 5.35
61.128314 5.35
61.139080 5.35
61.169315 5.35
61.180082 5.35
61.210440 5.35
61.221315 5.35
61.256690 5.35
61.272566 5.35
61.298094 5.35
61.314094 5.35
61.339316 5.35
61.350084 5.35
61.380441 5.35
61.391317 5.35
61.426692 5.35
61.442692 5.35
61.468094 5.35
61.483971 5.35
61.509443 5.35
61.520318 5.35
61.555693 5.35
61.571693 5.35
61.597096 5.35
61.613097 5.35
61.638318 5.35
61.649086 5.35
61.681070 5.35
61.691820 5.35
61.722336 5.35
61.733088 5.35
61.768694 5.35
61.784569 5.35
61.810099 5.35
61.826100 5.35
61.853072 5.35
61.863975 5.35
61.894337 5.35
61.905087 5.35
61.937072 5.35
61.947975 5.35
61.978336 5.35
61.989213 5.35
62.021090 5.35
62.031848 5.35
62.062340 5.35
62.073086 5.35
62.105074 5.35
62.115849 5.35
62.146322 5.35
62.157213 5.35
62.189089 5.35
62.199853 5.35
62.230340 5.35
62.241073 5.35
62.276698 5.35
62.292573 5.35
62.318217 5.35
62.329213 5.35
62.361106 5.35
62.371975 5.35
62.404103 5.35
62.414825 5.35
62.447105 5.35
62.457978 5.35
62.490106 5.35
62.500825 5.35
62.536700 5.35
62.561103 5.00
62.576980 5.00
62.607701 5.00
62.623575 5.00
62.649093 5.00
62.664966 5.00
62.690224 5.00
62.700966 5.00
62.736702 5.00
62.752576 5.00
62.778106 5.00
62.794095 5.00
62.824702 5.00
62.840577 5.00
62.866107 4.68
62.881981 4.68
62.912703 4.68
62.928910 4.34
62.954328 4.68
62.965355 4.68
62.996007 4.34
63.012103 4.34
63.042832 4.34
63.053727 4.34
63.084100 4.68
63.094985 4.68
63.130713 4.68
63.146714 4.68
63.172108 4.34
63.188098 4.34
63.218580 4.68
63.234455 4.68
63.259984 4.68
63.289051 4.34
63.307020 4.34
63.330727 4.34
63.341726 4.34
63.372337 4.34
63.383105 4.34
63.413871 4.34
63.424720 4.34
63.455263 4.34
63.466103 4.34
63.501715 4.34
63.512457 4.34
63.543096 4.34
