0.000000 0.000000
0.041963 4.34
0.054570 4.34
0.088739 4.34
0.099712 2.66
0.130325 2.34
0.143143 2.34
0.171951 2.66
0.188351 2.66
0.218570 2.34
0.229317 2.66
0.259566 2.34
0.272067 2.34
0.300563 2.66
0.311313 2.66
0.341563 2.66
0.352312 2.34
0.382562 2.66
0.393311 2.66
0.423561 2.66
0.434311 2.66
0.464561 2.66
0.475311 2.34
0.505562 2.66
0.516311 2.66
0.546562 2.66
0.557312 2.66
0.587563 2.66
0.598312 2.66
0.628562 2.34
0.639312 2.66
0.669562 2.34
0.680312 2.66
0.710563 2.66
0.721312 2.66
0.751575 2.34
0.764078 2.34
0.793076 2.34
0.808942 2.34
0.834066 2.66
0.850076 2.66
0.876954 2.34
0.887952 2.34
0.918198 2.66
0.928952 2.34
0.959703 2.34
0.970705 4.02
1.001075 4.02
1.011826 4.34
1.042072 4.34
1.057946 4.34
1.083070 4.02
1.098945 4.02
1.124068 4.34
1.139943 4.34
1.165068 4.34
1.180943 4.02
1.206067 4.34
1.221942 4.34
1.247067 4.34
1.262942 4.34
1.288067 4.34
1.303942 4.34
1.329068 4.34
1.344942 4.34
1.370068 4.02
1.385943 4.34
1.411068 4.02
1.426955 4.34
1.452218 4.34
1.463093 4.34
1.493847 4.34
1.504855 4.34
1.540766 4.34
1.551850 4.34
1.582327 4.34
1.593201 4.34
1.623984 4.34
1.640361 4.34
1.665596 4.34
1.681857 4.34
1.707087 4.34
1.723329 4.34
1.748620 4.34
1.764860 4.34
1.795461 4.68
1.811751 4.68
1.837079 4.68
1.853203 4.68
1.883719 4.34
1.894594 4.34
1.925075 4.68
1.941076 4.68
1.966200 4.68
1.977075 4.68
2.007842 4.68
2.018592 4.68
2.049080 4.68
2.067018 4.68
2.090756 4.68
2.101729 4.34
2.132206 4.68
2.143206 4.34
2.173719 4.34
2.184594 4.34
2.215203 4.68
2.226078 4.68
2.256608 4.68
2.272608 4.68
2.297843 4.68
2.308612 4.68
2.338952 4.68
2.354851 4.68
2.385606 4.68
2.401876 4.68
2.427210 5.35
2.438210 5.35
2.468726 5.35
2.479727 5.35
2.510206 5.35
2.520972 5.00
2.551613 5.35
2.567734 5.35
2.592846 5.35
2.603597 5.35
2.633954 5.35
2.649846 5.35
2.674954 5.35
2.690847 5.35
2.715954 5.35
2.731845 5.35
2.756955 5.35
2.772845 5.35
2.797955 5.35
2.813847 5.35
2.839080 5.35
2.855080 5.35
2.880205 5.35
2.891081 5.35
2.921609 5.35
2.937607 5.35
2.962848 5.35
2.975338 5.35
3.004207 5.35
3.014974 5.35
3.050611 5.35
3.066457 5.35
3.094612 5.35
3.110459 5.35
3.135725 5.35
3.146458 5.35
3.177083 5.35
3.192958 5.35
3.219959 5.35
3.230725 5.35
3.260958 5.35
3.276959 5.35
3.302084 5.35
3.312851 5.35
3.344960 5.00
3.355725 5.35
3.386084 5.35
3.396849 5.35
3.428990 5.35
3.439727 5.35
3.475342 5.35
3.486085 5.35
3.516740 5.35
3.527615 5.35
3.558086 5.35
3.568851 5.35
3.600995 5.35
3.611853 5.35
3.647339 5.35
3.659864 5.35
3.688853 5.35
3.701212 5.35
3.729962 5.35
3.746087 5.35
3.770963 5.35
3.781855 5.35
3.811962 5.35
3.822854 5.35
3.852963 5.35
3.863855 5.35
3.893963 5.35
3.904854 5.35
3.934964 5.35
3.945856 5.35
3.976089 5.35
3.986856 5.35
4.022343 5.35
4.038343 5.35
4.063857 5.35
4.079857 5.35
4.105090 5.35
4.115858 5.35
4.151343 5.35
4.167349 5.35
4.192855 5.35
4.208855 5.35
4.233966 5.35
4.249966 5.35
4.274966 5.35
4.285858 5.35
4.316092 5.35
4.326859 5.35
4.362347 5.35
4.378347 5.35
4.403860 5.35
4.419860 5.35
4.444967 5.35
4.460858 5.35
4.485967 5.35
4.496859 5.35
4.526968 5.35
4.537858 5.35
4.568094 5.35
4.578858 5.35
4.614347 5.35
4.630347 5.35
4.655622 5.35
4.666498 5.35
4.696969 5.35
4.712969 5.35
4.737969 5.35
4.748861 5.35
4.784348 5.35
4.800347 5.35
4.825862 5.35
4.841862 5.35
4.866971 5.35
4.882861 5.35
4.908096 5.35
4.918861 5.35
4.954347 5.35
4.970347 5.35
4.995863 5.35
5.011865 5.35
5.037097 5.35
5.047865 5.35
5.083351 5.00
5.099352 5.35
5.124625 5.35
5.135500 5.35
5.165973 5.35
5.181865 5.00
5.206973 5.35
5.217848 5.35
5.247974 5.35
5.258866 5.35
5.288974 5.35
5.299865 5.35
5.330099 5.35
5.340974 5.35
5.376351 5.35
5.392362 5.35
5.417630 5.35
5.428503 5.35
5.458975 5.35
5.474865 5.35
5.499993 5.35
5.510869 5.35
5.541101 5.35
5.551976 5.35
5.587353 5.35
5.603352 5.35
5.628868 5.35
5.644866 5.35
5.669852 5.35
5.685870 5.35
5.710852 5.35
5.726977 5.35
5.751852 5.35
5.767867 5.35
5.792852 5.35
5.808869 5.35
5.833871 5.35
5.849868 5.35
5.874978 5.35
5.890978 5.35
5.915978 5.35
5.926854 5.35
5.957104 5.35
5.967979 5.35
6.003356 5.35
6.019356 5.35
6.044632 5.35
6.055506 5.35
6.085872 5.35
6.101871 5.35
6.126855 5.35
6.142872 5.35
6.167856 5.35
6.183873 5.35
6.208856 5.35
6.224871 5.35
6.249856 5.35
6.265981 5.35
6.290856 5.35
6.306873 5.35
6.331857 5.35
6.347872 5.35
6.372874 5.35
6.388872 5.35
6.413857 5.35
6.429874 5.35
6.454983 5.35
6.465875 5.35
6.501233 5.35
6.512108 5.35
6.542512 5.35
6.553359 5.35
6.583983 5.35
6.594873 5.35
6.624984 5.35
6.635875 5.35
6.665984 5.35
6.676859 5.35
6.706985 5.35
6.717860 5.35
6.753388 5.35
6.769375 5.35
6.794877 5.35
6.810860 5.35
6.835985 5.35
6.846878 5.35
6.876986 5.35
6.887878 5.35
6.917986 5.35
6.928861 5.35
6.958987 5.35
6.969862 5.35
6.999987 5.35
7.010862 5.35
7.040987 5.35
7.051862 5.35
7.081987 5.35
7.092862 5.35
7.122987 5.35
7.133862 5.35
7.164113 5.35
7.174989 5.35
7.210364 5.35
7.226368 5.35
7.251878 5.35
7.267880 5.35
7.292988 5.35
7.303864 5.35
7.333989 5.35
7.344864 5.35
7.374989 5.35
7.385864 5.35
7.421366 5.35
7.437366 5.35
7.462882 5.35
7.478882 5.35
7.503882 5.35
7.514757 5.35
7.544990 5.35
7.555866 5.35
7.585991 5.35
7.596866 5.35
7.626991 5.35
7.637866 5.35
7.667992 5.35
7.678867 5.35
7.708992 5.35
7.719867 5.35
7.750117 5.35
7.760992 5.35
7.796368 5.35
7.812369 5.35
7.837886 5.35
7.853886 5.35
7.878993 5.35
7.889868 5.35
7.920119 5.35
7.930869 5.35
7.966369 5.00
7.982373 5.35
8.007648 5.35
8.018370 5.35
8.048886 5.35
8.059638 5.35
8.089995 5.35
8.100870 5.35
8.130995 5.35
8.141870 5.35
8.173746 5.35
8.184526 5.35
8.214888 5.35
8.225636 5.35
8.255996 5.35
8.266872 5.35
8.298747 5.35
8.309653 5.35
8.339997 5.35
8.350889 5.35
8.380997 5.35
8.391873 5.35
8.421997 5.35
8.432872 5.35
8.464748 5.35
8.475651 5.35
8.505998 5.35
8.516892 5.35
8.548750 5.35
8.559653 5.35
8.589999 5.35
8.600889 5.35
8.632750 5.35
8.643653 5.35
8.674000 5.35
8.684891 5.35
8.716751 5.35
8.727653 5.35
8.758000 5.35
8.768893 5.35
8.800752 5.35
8.811653 5.35
8.842000 5.35
8.852892 5.35
8.883251 5.35
8.894126 5.35
8.924528 5.35
8.935251 5.35
8.965894 5.35
8.976644 5.35
9.012252 5.35
9.024753 5.35
9.053654 5.35
9.069657 5.35
9.094892 5.35
9.105644 5.35
9.137754 5.35
9.148655 5.35
9.178895 5.35
9.189647 5.35
9.225128 5.35
9.236004 5.35
9.266380 5.35
9.277254 5.35
9.307895 5.35
9.318647 5.35
9.348880 5.35
9.359647 5.35
9.389880 5.35
9.400772 5.35
9.430880 5.35
9.441649 5.35
9.471881 5.35
9.482773 5.35
9.512881 5.35
9.523660 5.35
9.553882 5.35
9.564649 5.35
9.594881 5.35
9.605649 5.35
9.635881 5.35
9.646647 5.35
9.676882 5.35
9.687649 5.35
9.717882 5.35
9.728650 5.35
9.758883 5.35
9.769648 5.35
9.799883 5.35
9.810651 5.35
9.840883 5.35
9.851648 5.35
9.881884 5.35
9.892651 5.35
9.922884 5.35
9.933651 5.35
9.963884 5.35
9.974651 5.35
10.004884 5.35
10.015662 5.35
10.045885 5.35
10.056650 5.35
10.086885 5.35
10.097652 5.35
10.127885 5.35
10.138650 5.35
10.168885 5.35
10.179650 5.35
10.209886 5.35
10.220653 5.35
10.250886 5.35
10.261654 5.35
10.291887 5.35
10.302654 5.35
10.332887 5.35
10.343653 5.35
10.373887 5.35
10.384657 5.35
10.414888 5.35
10.425655 5.35
10.455888 5.35
10.466653 5.35
10.496888 5.35
10.507653 5.35
10.537888 5.35
10.548656 5.35
10.578889 5.35
10.589655 5.35
10.619889 5.35
10.630654 5.35
10.660890 5.35
10.671654 5.35
10.701890 5.35
10.712656 5.35
10.742890 5.00
10.753655 5.35
10.783890 5.35
10.794657 5.35
10.824908 5.35
10.835658 5.35
10.871140 5.35
10.881891 5.35
10.912393 5.35
10.923266 5.35
10.953671 5.35
10.970017 5.35
10.994906 5.35
11.005659 5.35
11.035892 5.35
11.046658 5.35
11.076892 5.35
11.087661 5.35
11.117893 5.35
11.128659 5.35
11.158893 5.35
11.169669 5.35
11.199894 5.35
11.210658 5.35
11.240894 5.35
11.251661 5.35
11.281894 5.35
11.292663 5.35
11.324646 5.35
11.335396 5.35
11.367646 5.35
11.378413 5.35
11.410646 5.35
11.421520 5.35
11.453647 5.35
11.464397 5.35
11.496646 5.35
11.507521 5.35
11.539677 5.35
11.550427 5.35
11.582676 5.35
11.593425 5.35
11.625678 5.35
11.636522 5.35
11.668676 5.35
11.679426 5.35
11.711675 5.35
11.722428 5.35
11.758148 5.35
11.770677 5.35
11.802523 5.35
11.815023 5.35
11.843916 5.35
11.854790 5.35
11.885149 5.35
11.897665 5.35
11.926429 5.35
11.937274 5.35
11.967916 5.35
11.978666 5.35
12.014149 5.35
12.026650 5.35
12.055401 5.35
12.066275 5.35
12.096677 5.35
12.112542 5.35
12.143150 5.35
12.159026 5.35
12.187556 5.35
12.199901 5.35
12.234151 5.35
12.250026 5.35
12.278558 5.35
12.291027 5.35
12.319917 5.35
12.330794 5.35
12.361152 5.35
12.377027 5.35
12.402403 5.35
12.413278 5.35
12.443796 5.35
12.454545 5.35
12.484919 5.35
12.495796 5.35
12.531153 5.35
12.547029 5.35
12.572436 5.35
12.583279 5.35
12.613796 5.35
12.624547 5.35
12.660279 5.35
12.671154 5.35
12.701795 5.35
12.712797 5.35
12.748280 5.35
12.759030 5.35
12.789686 5.35
12.800549 5.35
12.836281 5.35
12.847031 5.35
12.877549 5.35
12.893408 5.35
12.924281 5.35
12.935157 5.35
12.965686 5.35
12.976408 5.35
13.012282 5.35
13.023032 5.35
13.053687 5.35
13.064409 5.35
13.100033 5.35
13.110924 5.35
13.141158 5.35
13.157033 5.35
13.182410 5.35
13.193283 5.35
13.223688 5.35
13.234563 5.35
13.270159 5.35
13.286284 5.35
13.314561 5.35
13.330549 5.35
13.355927 5.35
13.366677 5.35
13.397160 5.35
13.413160 5.35
13.438439 5.35
13.449285 5.35
13.479927 5.35
13.490801 5.35
13.526036 5.00
13.536926 5.35
13.567161 5.35
13.583037 5.35
13.608440 5.35
13.619287 5.35
13.649802 5.35
13.660552 5.35
13.696162 5.35
13.712162 5.35
13.737428 5.35
13.748287 5.35
13.778553 5.35
13.794554 5.35
13.819929 5.35
13.830681 5.35
13.861163 5.35
13.877039 5.35
13.902415 5.35
13.913289 5.35
13.943933 5.35
13.954680 5.35
13.985164 5.35
14.001040 5.35
14.026415 5.35
14.037290 5.35
14.067694 5.35
14.078416 5.35
14.114291 5.35
14.125165 5.35
14.155693 5.35
14.166417 5.35
14.202291 5.35
14.213041 5.35
14.243694 5.35
14.254570 5.35
14.290167 5.35
14.306167 5.35
14.331418 5.35
14.342292 5.35
14.372696 5.35
14.383418 5.35
14.419293 5.35
14.430168 5.35
14.460810 5.35
14.471560 5.35
14.507293 5.35
14.518168 5.35
14.548698 5.35
14.559419 5.35
14.595294 5.35
14.606044 5.35
14.636699 5.35
14.647572 5.35
14.683295 5.35
14.694045 5.35
14.724813 5.35
14.735812 5.35
14.771296 5.35
14.782045 5.35
14.812813 5.35
14.823700 5.35
14.854171 5.35
14.870046 5.35
14.895296 5.35
14.906047 5.35
14.936814 5.35
14.947814 5.35
14.983172 5.35
14.999297 5.35
15.024424 5.35
15.036940 5.35
15.065700 5.35
15.076577 5.35
15.112173 5.35
15.128298 5.35
15.153425 5.35
15.165924 5.35
15.194703 5.35
15.205578 5.35
15.241299 5.35
15.252049 5.35
15.282703 5.35
15.293579 5.35
15.329300 5.35
15.340049 5.35
15.370704 5.35
15.381579 5.35
15.411926 5.35
15.422690 5.35
15.452926 5.35
15.463693 5.35
15.493925 5.35
15.504693 5.35
15.534926 5.35
15.545692 5.35
15.575926 5.35
15.586694 5.35
15.617052 5.35
15.629427 5.35
15.658177 5.35
15.668927 5.35
15.699428 5.35
15.711928 5.35
15.740707 5.35
15.751428 5.35
15.782053 5.35
15.798178 5.35
15.823178 5.35
15.833928 5.35
15.864304 5.35
15.875054 5.35
15.905708 5.35
15.916584 5.35
15.947054 5.35
15.963054 5.35
15.988179 5.35
15.998929 5.35
16.029305 5.35
16.040055 5.35
16.070710 5.35
16.081582 5.35
16.111931 5.35
16.122698 5.35
16.152931 5.35
16.163699 5.35
16.194056 5.35
16.210056 5.35
16.235181 5.35
16.246057 5.35
16.276432 5.35
16.292585 5.00
16.317712 5.35
16.328433 5.35
16.358933 5.35
16.369699 5.35
16.399933 5.35
16.410697 5.35
16.441058 5.35
16.457183 5.35
16.482183 5.35
16.493059 5.35
16.523435 5.35
16.539588 5.35
16.570184 5.35
16.581059 5.35
16.611436 5.35
16.627588 5.35
16.652715 5.35
16.663590 5.35
16.694060 5.35
16.710060 5.35
16.735185 5.35
16.746060 5.35
16.776437 5.35
16.792590 5.35
16.823186 5.35
16.834061 5.35
16.864438 5.35
16.880594 5.35
16.905714 5.35
16.916591 5.35
16.947062 5.35
16.963187 5.35
16.988187 5.35
16.999063 5.35
17.029437 5.35
17.045592 5.35
17.070591 5.35
17.081440 5.35
17.117188 5.35
17.128064 5.35
17.158440 5.35
17.174592 5.35
17.199717 5.35
17.210591 5.35
17.241064 5.35
17.257064 5.35
17.282189 5.35
17.293064 5.35
17.323440 5.35
17.339594 5.35
17.364717 5.35
17.375442 5.35
17.406066 5.35
17.422191 5.35
17.447190 5.35
17.458065 5.35
17.488468 5.35
17.504441 5.35
17.535191 5.35
17.545942 5.35
17.576317 5.35
17.587067 5.35
17.619446 5.35
17.630317 5.35
17.662446 5.35
17.673317 5.35
17.703596 5.35
17.714443 5.35
17.750068 5.35
17.766068 5.35
17.791194 5.35
17.801943 5.35
17.832444 5.35
17.848597 5.35
17.879194 5.35
17.889944 5.35
17.920445 5.35
17.936445 5.35
17.967195 5.35
17.978070 5.35
18.008446 5.35
18.024446 5.35
18.051324 5.35
18.062070 5.35
18.097962 5.35
18.110324 5.35
18.139196 5.35
18.149946 5.35
18.180447 5.35
18.191321 5.35
18.221599 5.35
18.232321 5.35
18.262964 5.35
18.275325 5.35
18.304197 5.35
18.314947 5.35
18.345448 5.35
18.356198 5.35
18.391966 5.35
18.407965 5.35
18.433198 5.35
18.443948 5.35
18.474449 5.35
18.485198 5.35
18.521074 5.35
18.531842 5.35
18.562199 5.35
18.572948 5.35
18.603450 5.35
18.614199 5.35
18.649967 5.35
18.665967 5.35
18.691200 5.35
18.702075 5.35
18.732451 5.35
18.743200 5.35
18.779076 5.35
18.789843 5.35
18.820201 5.35
18.830951 5.35
18.861451 5.35
18.872201 5.35
18.907967 5.35
18.923968 5.35
18.949202 5.35
18.960077 5.35
18.995452 5.35
19.006203 5.35
19.036606 5.35
19.047453 5.35
19.077843 5.35
19.088595 5.35
19.119328 5.35
19.135328 5.35
19.165972 5.35
19.181969 5.35
19.207204 5.35
19.218079 5.35
19.248607 5.35
19.259329 5.35
19.289846 5.35
19.300598 5.35
19.330847 5.35
19.341595 5.35
19.371955 5.35
19.387956 5.35
19.413081 5.35
19.423845 5.35
19.454206 5.35
19.465081 5.35
19.495611 5.35
19.506456 5.35
19.537082 5.35
19.547849 5.35
19.578206 5.35
19.589082 5.35
19.619609 5.35
19.630339 5.35
19.660851 5.35
19.671611 5.35
19.701958 5.35
19.717958 5.35
19.743083 5.35
19.753848 5.35
19.784208 5.35
19.795083 5.35
19.825613 5.35
19.836488 5.35
19.866959 5.35
19.882959 5.35
19.907959 5.35
19.923959 5.35
19.948960 5.35
19.964960 5.35
19.990085 5.35
20.000960 5.35
20.031210 5.35
20.041960 5.35
20.072614 5.35
20.083490 5.35
20.113961 5.35
20.130086 5.35
20.155086 5.35
20.165961 5.35
20.196211 5.35
20.207087 5.35
20.239342 5.35
20.269087 5.35
20.279962 5.35
20.310212 5.35
20.321087 5.35
20.353343 5.35
20.364213 5.35
20.400088 5.35
20.410963 5.35
20.441213 5.35
20.453855 5.35
20.482492 5.35
20.493343 5.35
20.523979 5.35
20.540089 5.35
20.565214 5.35
20.577856 5.35
20.606492 5.35
20.617344 5.35
20.647965 5.35
20.664090 5.35
20.688965 5.35
20.705090 5.35
20.729966 5.35
20.746091 5.35
20.770966 5.35
20.787091 5.35
20.811966 5.35
20.828092 5.35
20.853092 5.35
20.863966 5.35
20.894217 5.35
20.906622 5.35
20.940857 5.35
20.953248 5.35
20.981967 5.35
20.998093 5.35
21.023093 5.35
21.033968 5.35
21.064218 5.35
21.080218 5.35
21.105499 5.35
21.116347 5.35
21.146844 5.35
21.159250 5.35
21.188094 5.35
21.198969 5.35
21.229219 5.35
21.241623 5.35
21.278860 5.35
21.294862 5.35
21.320095 5.35
21.330863 5.35
21.361220 5.35
21.377220 5.35
21.402498 5.35
21.413347 5.35
21.443861 5.35
21.459861 5.35
21.485097 5.35
21.495972 5.35
21.526346 5.35
21.542500 5.35
21.573097 5.35
21.583864 5.35
21.614222 5.35
21.630222 5.35
21.663863 5.35
21.679863 5.35
21.704973 5.35
21.715863 5.35
21.746099 5.35
21.756863 5.35
21.787224 5.35
21.803223 5.35
21.828500 5.35
21.839224 5.00
21.869865 5.35
21.885867 5.35
21.911099 5.35
21.921867 5.35
21.952224 5.35
21.968224 5.35
21.993351 5.35
22.004225 5.35
22.040100 5.35
22.050865 5.35
22.081226 5.35
22.097226 5.35
22.122503 5.35
22.133226 5.35
22.163866 5.35
22.179867 5.35
22.205102 5.35
22.215852 5.35
22.246227 5.35
22.262227 5.35
22.287353 5.35
22.298227 5.35
22.334103 5.35
22.344977 5.35
22.375228 5.35
22.391227 5.35
22.416507 5.35
22.427358 5.35
22.457979 5.35
22.468869 5.35
22.498978 5.35
22.509854 5.35
22.539979 5.35
22.550869 5.35
22.580979 5.35
22.591854 5.35
22.622104 5.35
22.632855 5.35
22.663230 5.35
22.679230 5.35
22.704508 5.35
22.715230 5.35
22.750875 5.35
22.766747 5.35
22.792106 5.35
22.802981 5.35
22.833231 5.35
22.849106 5.35
22.874511 5.35
22.885358 5.35
22.915982 5.35
22.926873 5.35
22.956982 5.35
22.967858 5.35
22.998107 5.35
23.010625 5.35
23.039232 5.35
23.055233 5.35
23.082238 5.35
23.092983 5.35
23.128874 5.35
23.144749 5.35
23.169984 5.35
23.180875 5.35
23.210984 5.35
23.221859 5.35
23.251985 5.35
23.262860 5.35
23.292985 5.35
23.303860 5.35
23.334111 5.35
23.344985 5.35
23.375235 5.35
23.391235 5.35
23.418115 5.35
23.428986 5.35
23.459236 5.35
23.475236 5.35
23.502115 5.35
23.512877 5.35
23.543236 5.35
23.559237 5.35
23.586116 5.35
23.596862 5.35
23.627237 5.35
23.643237 5.35
23.670117 5.35
23.680863 5.35
23.711238 5.35
23.727238 5.35
23.757629 5.35
23.770118 5.35
23.798989 5.35
23.809879 5.35
23.839989 5.35
23.850864 5.35
23.880989 5.35
23.891864 5.35
23.921990 5.35
23.932887 5.35
23.962990 5.35
23.973865 5.35
24.003990 5.35
24.014865 5.35
24.045115 5.35
24.060991 5.35
24.086241 5.35
24.096991 5.35
24.132645 5.35
24.143366 5.35
24.173991 5.35
24.184881 5.35
24.214992 5.35
24.225867 5.35
24.255992 5.35
24.266867 5.35
24.296992 5.35
24.307868 5.35
24.337993 5.35
24.348868 5.35
24.378993 5.35
24.389868 5.35
24.419993 5.35
24.430869 5.35
24.461118 5.35
24.477119 5.35
24.502244 5.35
24.513119 5.35
24.548884 5.35
24.559634 5.35
24.589994 5.35
24.600870 5.35
24.630995 5.35
24.641871 5.35
24.671995 5.35
24.682870 5.35
24.713120 5.35
24.728995 5.35
24.754246 5.35
24.765121 5.35
24.800638 5.35
24.816638 5.35
24.841997 5.35
24.852872 5.35
24.882996 5.35
24.893872 5.35
24.923997 5.35
24.934872 5.35
24.965123 5.35
24.980997 5.35
25.006247 5.35
25.016997 5.35
25.052890 5.35
25.063639 5.35
25.093998 5.35
25.104874 5.35
25.134998 5.35
25.145874 5.35
25.175999 5.35
25.186874 5.35
25.216999 5.35
25.227874 5.35
25.258124 5.35
25.274000 5.35
25.299250 5.35
25.310000 5.35
25.345893 5.35
25.356642 5.35
25.387125 5.35
25.403125 5.35
25.428251 5.35
25.439001 5.35
25.474892 5.35
25.485768 5.35
25.516002 5.35
25.526894 5.35
25.557001 5.35
25.567877 5.35
25.598002 5.35
25.608877 5.35
25.639002 5.35
25.649878 5.35
25.680127 5.35
25.696003 5.35
25.721252 5.35
25.732128 5.35
25.767643 5.35
25.778379 5.35
25.808879 5.35
25.819645 5.35
25.850004 5.35
25.860879 5.35
25.891129 5.35
25.907005 5.35
25.932255 5.35
25.943005 5.35
25.978647 5.35
25.991139 5.35
26.019896 5.35
26.030645 5.35
26.061005 5.35
26.073539 5.35
26.102006 5.35
26.114534 5.35
26.143006 5.35
26.153882 5.35
26.184007 5.35
26.196534 5.35
26.225007 5.35
26.237383 5.35
26.266007 5.35
26.278383 5.35
26.307007 5.35
26.319384 5.35
26.348008 5.35
26.360384 5.35
26.389008 5.35
26.401384 5.35
26.430008 5.35
26.442384 5.35
26.471009 5.35
26.483384 5.35
26.512009 5.35
26.524401 5.35
26.553009 5.35
26.565385 5.35
26.594010 5.35
26.606386 5.35
26.635010 5.35
26.647386 5.35
26.676010 5.35
26.691886 5.35
26.717011 5.35
26.729404 5.35
26.758011 5.35
26.770387 5.35
26.799011 5.35
26.814886 5.35
26.840011 5.35
26.855887 5.35
26.881012 5.35
26.893406 5.35
26.922012 5.35
26.937887 5.35
26.963012 5.35
26.978888 5.35
27.004013 5.35
27.019888 5.35
27.045013 5.35
27.060888 5.35
27.086014 5.35
27.101889 5.35
27.127014 5.35
27.142889 5.35
27.168013 5.35
27.183889 5.35
27.209014 5.35
27.224890 5.35
27.250014 5.35
27.265890 5.35
27.291015 5.35
27.306890 5.35
27.332015 5.35
27.347890 5.35
27.373016 5.35
27.388891 5.00
27.414016 5.35
27.429891 5.35
27.455016 5.35
27.470891 5.35
27.496016 5.35
27.511892 5.35
27.537016 5.35
27.552892 5.35
27.578017 5.35
27.593893 5.35
27.619017 5.35
27.634893 5.35
27.660018 5.35
27.675893 5.35
27.701018 5.35
27.716893 5.35
27.742018 5.35
27.757893 5.35
27.783018 5.35
27.798894 5.35
27.824019 5.35
27.839894 5.35
27.865019 5.35
27.880895 5.35
27.906019 5.35
27.921895 5.35
27.947145 5.35
27.957895 5.35
27.993537 5.35
28.004270 5.35
28.034913 5.35
28.045665 5.35
28.076145 5.35
28.086896 5.35
28.122536 5.35
28.133271 5.35
28.163911 5.35
28.174663 5.35
28.205147 5.35
28.215897 5.35
28.251541 5.35
28.267540 5.35
28.292915 5.35
28.303665 5.35
28.334148 5.35
28.344898 5.35
28.380540 5.35
28.391273 5.35
28.421916 5.35
28.434428 5.35
28.463149 5.35
28.473899 5.35
28.509552 5.35
28.525553 5.35
28.550899 5.35
28.561667 5.35
28.592025 5.35
28.607900 5.35
28.633150 5.35
28.643899 5.35
28.679543 5.35
28.695543 5.35
28.720917 5.35
28.733402 5.35
28.762151 5.35
28.772901 5.35
28.808544 5.35
28.824544 5.35
28.849917 5.35
28.862403 5.35
28.891027 5.35
28.907027 5.35
28.932152 5.35
28.942903 5.35
28.978545 5.35
28.994544 5.35
29.020028 5.35
29.035903 5.35
29.061153 5.35
29.071903 5.35
29.107545 5.35
29.123546 5.35
29.148919 5.35
29.161279 5.35
29.190154 5.35
29.201030 5.35
29.232906 5.35
29.243795 5.35
29.274030 5.35
29.289905 5.35
29.315155 5.35
29.326030 5.35
29.356558 5.35
29.372548 5.35
29.397924 5.35
29.410281 5.35
29.439156 5.35
29.450031 5.35
29.485561 5.35
29.501559 5.35
29.526907 5.35
29.542924 5.35
29.567907 5.35
29.580282 5.35
29.608908 5.35
29.621282 5.35
29.650033 5.35
29.665908 5.35
29.691158 5.35
29.701908 5.35
29.737561 5.35
29.753426 5.35
29.778909 5.35
29.794924 5.35
29.819909 5.35
29.835927 5.35
29.860910 5.35
29.873284 5.35
29.901910 5.35
29.917926 5.35
29.943035 5.35
29.958910 5.35
29.984160 5.35
29.994911 5.35
30.030554 5.35
30.046563 5.35
30.071911 5.35
30.087927 5.35
30.113036 5.35
30.128911 5.35
30.154161 5.35
30.164911 5.00
30.200555 5.35
30.216555 5.35
30.241927 5.35
30.257929 5.35
30.283037 5.35
30.298913 5.35
30.324162 5.35
30.334913 5.35
30.370415 5.35
30.386445 5.35
30.411930 5.35
30.427931 5.35
30.453164 5.35
30.463914 5.35
30.499557 5.35
30.515448 5.35
30.540931 5.35
30.556932 5.35
30.582040 5.35
30.597915 5.35
30.623165 5.35
30.633915 5.35
30.669558 5.35
30.685558 5.35
30.710933 5.35
30.726931 5.35
30.751917 5.35
30.767916 5.35
30.792916 5.35
30.808934 5.35
30.833917 5.35
30.850042 5.35
30.874917 5.35
30.890940 5.35
30.916043 5.35
30.932042 5.35
30.957167 5.35
30.968042 5.35
31.003570 5.35
31.019422 5.35
31.044934 5.35
31.060934 5.35
31.086044 5.35
31.101919 5.35
31.127169 5.35
31.138044 5.35
31.173561 5.35
31.189421 5.35
31.215045 5.35
31.230919 5.35
31.257921 5.35
31.268687 5.35
31.299045 5.35
31.314921 5.35
31.341922 5.35
31.352813 5.35
31.382929 5.35
31.398921 5.35
31.424047 5.35
31.439921 5.35
31.466923 5.35
31.477813 5.35
31.507923 5.35
31.523938 5.35
31.548922 5.35
31.564937 5.35
31.590047 5.35
31.600922 5.35
31.632951 5.35
31.643814 5.35
31.675952 5.35
31.686813 5.35
31.722298 5.35
31.734954 5.35
31.763814 5.35
31.776299 5.35
31.804924 5.35
31.820941 5.35
31.845924 5.35
31.861942 5.35
31.887050 5.35
31.897925 5.35
31.929800 5.35
31.940567 5.35
31.970944 5.35
31.986942 5.35
32.011926 5.35
32.027926 5.35
32.052926 5.35
32.068926 5.35
32.094051 5.35
32.104926 5.35
32.140301 5.35
32.151052 5.35
32.181704 5.35
32.192428 5.35
32.223052 5.35
32.233928 5.35
32.269302 5.35
32.280052 5.35
32.310704 5.35
32.321582 5.35
32.351929 5.35
32.362695 5.35
32.393054 5.35
32.403929 5.35
32.439304 5.35
32.455304 5.35
32.480821 5.35
32.496948 5.35
32.521945 5.35
32.537948 5.35
32.562930 5.35
32.573695 5.35
32.603930 5.35
32.614698 5.35
32.645056 5.35
32.655931 5.35
32.691306 5.35
32.702056 5.35
32.732709 5.35
32.743586 5.35
32.773931 5.35
32.784699 5.35
32.815057 5.35
32.825932 5.35
32.861307 5.35
32.872057 5.35
32.902712 5.35
32.913585 5.35
32.943933 5.35
32.954701 5.35
32.985059 5.35
32.995933 5.35
33.031308 5.35
33.042058 5.35
33.072711 5.35
33.083435 5.35
33.113934 5.35
33.124699 5.35
33.155059 5.35
33.165934 5.35
33.201309 5.35
33.212185 5.35
33.242712 5.35
33.253436 5.35
33.283935 5.35
33.294701 5.35
33.324936 5.35
33.335702 5.35
33.365936 5.35
33.376703 5.35
33.407061 5.35
33.417936 5.35
33.453311 5.35
33.469312 5.35
33.494591 5.35
33.505438 5.35
33.536062 5.35
33.546938 5.35
33.582312 5.35
33.593063 5.35
33.623714 5.35
33.634439 5.35
33.664938 5.35
33.675704 5.35
33.705938 5.35
33.716704 5.35
33.746939 5.35
33.757704 5.35
33.788064 5.35
33.798939 5.35
33.834314 5.35
33.845064 5.35
33.875582 5.35
33.886441 5.35
33.916957 5.35
33.932956 5.35
33.957940 5.35
33.968706 5.35
33.998941 5.35
34.009708 5.35
34.040066 5.35
34.050941 5.35
34.086316 5.35
34.097066 5.35
34.127720 5.35
34.140191 5.35
34.168942 5.35
34.179708 5.35
34.209942 5.35
34.220708 5.35
34.251067 5.35
34.261943 5.35
34.297318 5.35
34.313318 5.35
34.338596 5.35
34.349318 5.35
34.379959 5.35
34.390711 5.35
34.426319 5.35
34.438848 5.35
34.467835 5.35
34.483960 5.35
34.508963 5.35
34.519838 5.35
34.555320 5.35
34.567821 5.35
34.596725 5.35
34.609195 5.35
34.638070 5.35
34.648946 5.35
34.684321 5.35
34.696822 5.35
34.725838 5.35
34.741836 5.35
34.766963 5.35
34.777711 5.35
34.807947 5.35
34.818838 5.35
34.848947 5.35
34.859840 5.35
34.889948 5.35
34.900840 5.35
34.930948 5.35
34.941716 5.35
34.971948 5.35
34.982715 5.35
35.012948 5.35
35.023714 5.35
35.053949 5.35
35.064840 5.35
35.095074 5.35
35.105840 5.35
35.141324 5.35
35.157199 5.35
35.182727 5.35
35.198716 5.35
35.224075 5.35
35.234842 5.35
35.270325 5.35
35.286200 5.35
35.311716 5.35
35.327592 5.35
35.352951 5.35
35.363718 5.35
35.393951 5.35
35.404718 5.35
35.435077 5.35
35.445843 5.35
35.481327 5.35
35.497202 5.35
35.522729 5.35
35.538606 5.35
35.564078 5.35
35.574845 5.35
35.610328 5.35
35.626203 5.35
35.651730 5.35
35.667608 5.35
35.693078 5.35
35.703845 5.35
35.739329 5.35
35.755204 5.35
35.780719 5.35
35.796609 5.35
35.821954 5.35
35.832721 5.35
35.863080 5.35
35.873845 5.35
35.909329 5.35
35.925337 5.35
35.950735 5.35
35.966609 5.35
35.992081 5.35
36.002848 5.35
36.038338 5.35
36.062733 5.35
36.078610 5.35
36.104082 5.35
36.114849 5.35
36.150339 5.35
36.174736 5.35
36.204339 5.35
36.220339 5.35
36.245736 5.35
36.261612 5.35
36.286958 5.35
36.297725 5.35
36.327958 5.35
36.338724 5.35
36.370724 5.35
36.381486 5.35
36.413726 5.35
36.424488 5.35
36.455085 5.35
36.465851 5.35
36.501344 5.35
36.517209 5.35
36.542737 5.35
36.558612 5.35
36.585741 5.35
36.596613 5.35
36.628742 5.35
36.639490 5.35
36.670086 5.35
36.680851 5.35
36.716340 5.35
36.732340 5.35
36.757852 5.35
36.773854 5.35
36.798962 5.35
36.809853 5.35
36.839962 5.35
36.850852 5.35
36.882744 5.35
36.893614 5.35
36.925741 5.35
36.936492 5.35
36.968743 5.35
36.979491 5.35
37.011744 5.35
37.022615 5.35
37.054745 5.35
37.065493 5.35
37.097743 5.35
37.108494 5.35
37.140743 5.35
37.151494 5.35
37.183746 5.35
37.194617 5.35
37.226746 5.35
37.237496 5.35
37.269747 5.35
37.280617 5.35
37.316216 5.35
37.328745 5.35
37.357621 5.35
37.387496 5.35
37.398348 5.35
37.428983 5.35
37.439860 5.35
37.470216 5.35
37.486346 5.35
37.511619 5.35
37.524092 5.35
37.552967 5.35
37.563861 5.35
37.599349 5.35
37.623860 5.35
37.634623 5.35
37.670347 5.35
37.681218 5.35
37.711621 5.35
37.727862 5.35
37.752969 5.35
37.763860 5.35
37.799347 5.35
37.810219 5.35
37.840859 5.35
37.851625 5.35
37.887347 5.35
37.898220 5.35
37.928861 5.35
37.939624 5.35
37.975347 5.35
37.986221 5.35
38.016863 5.35
38.027625 5.35
38.063222 5.35
38.079347 5.35
38.104500 5.35
38.115351 5.35
38.145864 5.35
38.156625 5.35
38.192351 5.35
38.203222 5.35
38.233864 5.35
38.244624 5.35
38.280349 5.35
38.291223 5.35
38.321866 5.35
38.332615 5.35
38.362974 5.35
38.373864 5.35
38.409357 5.35
38.420224 5.35
38.450866 5.35
38.461625 5.35
38.497350 5.00
38.508225 5.35
38.538867 5.35
38.549615 5.35
38.579975 5.35
38.596101 5.35
38.626352 5.35
38.637226 5.35
38.667630 5.35
38.683630 5.35
38.708869 5.35
38.719616 5.35
38.755227 5.35
38.771227 5.35
38.796505 5.35
38.807358 5.35
38.837977 5.35
38.848870 5.35
38.884103 5.35
38.894853 5.35
38.925228 5.35
38.941228 5.35
38.969631 5.35
38.985633 5.35
39.010870 5.35
39.021621 5.35
39.057103 5.35
39.067854 5.35
39.098229 5.35
39.114229 5.35
39.139508 5.35
39.150229 5.35
39.180869 5.35
39.191620 5.35
39.227105 5.35
39.237855 5.35
39.268231 5.35
39.284231 5.35
39.312511 5.35
39.325106 5.35
39.353871 5.35
39.364624 5.35
39.400106 5.35
39.410857 5.35
39.441231 5.35
39.457107 5.35
39.482512 5.35
39.493232 5.35
39.523875 5.35
39.534750 5.35
39.570232 5.35
39.586232 5.35
39.611510 5.35
39.623983 5.35
39.652984 5.35
39.663876 5.35
39.699109 5.35
39.711610 5.35
39.740234 5.35
39.756109 5.35
39.781511 5.35
39.793985 5.35
39.824611 5.35
39.835362 5.35
39.867612 5.35
39.878514 5.35
39.910612 5.35
39.921362 5.35
39.953612 5.35
39.964513 5.35
39.996613 5.35
40.007362 5.35
40.039613 5.35
40.050362 5.35
40.080878 5.35
40.091627 5.35
40.127237 5.35
40.143237 5.35
40.168515 5.35
40.184641 5.35
40.211614 5.35
40.222364 5.35
40.254614 5.35
40.265516 5.35
40.301238 5.35
40.317238 5.35
40.342524 5.35
40.358642 5.35
40.389239 5.35
40.405239 5.35
40.430519 5.35
40.442989 5.35
40.477239 5.35
40.488114 5.35
40.518757 5.35
40.529641 5.35
40.559990 5.35
40.570883 5.35
40.600990 5.35
40.611865 5.35
40.641991 5.35
40.652866 5.35
40.682991 5.35
40.693866 5.35
40.723992 5.35
40.734867 5.35
40.764992 5.35
40.775867 5.35
40.805992 5.35
40.816867 5.35
40.846992 5.35
40.857868 5.35
40.887992 5.35
40.898868 5.35
40.928993 5.35
40.939868 5.35
40.969993 5.35
40.980868 5.35
41.010994 5.35
41.021869 5.35
41.051994 5.35
41.062869 5.35
41.093119 5.35
41.109244 5.35
41.134244 5.35
41.145119 5.35
41.175649 5.35
41.186371 5.35
41.222245 5.35
41.233120 5.35
41.263523 5.35
41.279647 5.35
41.310121 5.35
41.326246 5.35
41.351246 5.35
41.362121 5.35
41.392525 5.35
41.408649 5.35
41.439246 5.35
41.449997 5.35
41.480762 5.35
41.491527 5.35
41.522123 5.35
41.538123 5.35
41.563248 5.35
41.574123 5.35
41.604527 5.35
41.620652 5.35
41.645891 5.35
41.656641 5.35
41.687124 5.35
41.703123 5.35
41.728249 5.35
41.738999 5.35
41.769526 5.35
41.785529 5.35
41.810892 5.35
41.821642 5.35
41.852000 5.35
41.862875 5.35
41.893000 5.35
41.903875 5.35
41.934000 5.35
41.944876 5.35
41.975001 5.35
41.985876 5.35
42.016001 5.35
42.026876 5.35
42.057002 5.35
42.067877 5.35
42.098002 5.35
42.108877 5.35
42.139002 5.35
42.149878 5.35
42.180002 5.35
42.196003 5.35
42.221003 5.35
42.231878 5.35
42.262003 5.35
42.272878 5.35
42.303128 5.35
42.319128 5.35
42.344379 5.35
42.355254 5.35
42.385894 5.35
42.396647 5.35
42.427129 5.35
42.443005 5.35
42.468254 5.35
42.479005 5.35
42.509534 5.35
42.525381 5.35
42.552506 5.35
42.563381 5.35
42.595506 5.35
42.606381 5.35
42.636896 5.35
42.647649 5.35
42.678007 5.35
42.688882 5.35
42.719006 5.35
42.729882 5.35
42.760006 5.35
42.770882 5.35
42.801007 5.35
42.813535 5.35
42.842007 5.69
42.852882 5.35
42.883008 5.35
42.895509 5.35
42.924008 5.35
42.934883 5.35
42.965008 5.35
42.977510 5.35
43.006008 5.35
43.018510 5.35
43.047009 5.35
43.057884 5.35
43.088009 5.35
43.100511 5.35
43.129135 5.35
43.145134 5.35
43.170260 5.35
43.181010 5.35
43.211510 5.35
43.227510 5.35
43.254387 5.35
43.265261 5.35
43.295665 5.35
43.306511 5.35
43.342136 5.35
43.358136 5.35
43.386388 5.35
43.398904 5.35
43.433137 5.35
43.449136 5.35
43.477417 5.35
43.493512 5.35
43.518778 5.35
43.529512 5.35
43.559888 5.35
43.570781 5.35
43.600888 5.35
43.611781 5.35
43.641889 5.35
43.652780 5.35
43.682903 5.35
43.693780 5.35
43.724014 5.35
43.740015 5.35
43.765015 5.35
43.781015 5.35
43.806014 5.35
43.822140 5.35
43.847015 5.35
43.863015 5.35
43.888015 5.35
43.904141 5.35
43.929016 5.35
43.945016 5.35
43.970016 5.35
43.982391 5.35
44.011016 5.35
44.027141 5.35
44.052017 5.00
44.068142 5.35
44.093017 5.35
44.109017 5.35
44.134018 5.35
44.150142 5.35
44.175017 5.35
44.191143 5.35
44.216018 5.35
44.232142 5.35
44.257018 5.35
44.273143 5.35
44.298019 5.35
44.314143 5.35
44.339019 5.35
44.355144 5.35
44.380018 5.35
44.396144 5.35
44.421019 5.35
44.437019 5.35
44.462020 5.35
44.478145 5.35
44.503145 5.35
44.513895 5.35
44.544397 5.35
44.560520 5.35
44.591146 5.35
44.601896 5.35
44.632397 5.35
44.648521 5.35
44.673675 5.35
44.684521 5.35
44.715021 5.35
44.731147 5.35
44.756147 5.35
44.766897 5.35
44.797399 5.35
44.813522 5.35
44.844147 5.35
44.854898 5.35
44.885399 5.35
44.901523 5.35
44.926677 5.35
44.937523 5.35
44.968024 5.35
44.984148 5.35
45.009149 5.35
45.019898 5.35
45.050401 5.35
45.066540 5.35
45.091666 5.35
45.102541 5.35
45.138150 5.35
45.148899 5.35
45.179401 5.35
45.195543 5.35
45.226150 5.35
45.236900 5.35
45.267402 5.35
45.283543 5.35
45.314151 5.35
45.324901 5.35
45.355403 5.35
45.371544 5.35
45.402151 5.35
45.412901 5.35
45.443277 5.35
45.454153 5.35
45.484795 5.35
45.495795 5.35
45.526153 5.35
45.537028 5.35
45.567404 5.35
45.583405 5.35
45.614153 5.35
45.624902 5.35
45.655405 5.35
45.671546 5.35
45.698409 5.35
45.709279 5.35
45.739547 5.35
45.750406 5.35
45.786155 5.35
45.796904 5.35
45.827406 5.35
45.843545 5.35
45.874155 5.35
45.884905 5.35
45.915407 5.35
45.931548 5.35
45.958411 5.35
45.969281 5.35
46.005156 5.35
46.015906 5.35
46.046408 5.35
46.062547 5.35
46.093157 5.35
46.103906 5.35
46.134409 5.35
46.150560 5.35
46.181158 5.35
46.191907 5.35
46.222410 5.35
46.238562 5.35
46.265288 5.35
46.276034 5.35
46.308288 5.35
46.319034 5.35
46.354924 5.35
46.367288 5.35
46.396159 5.35
46.406910 5.35
46.437284 5.35
46.453411 5.35
46.480313 5.35
46.491159 5.35
46.527160 5.35
46.537910 5.35
46.568428 5.35
46.579285 5.35
46.615161 5.35
46.625911 5.35
46.656412 5.35
46.667287 5.35
46.702927 5.35
46.718927 5.35
46.744162 5.35
46.754912 5.35
46.785287 5.35
46.801287 5.35
46.826564 5.00
46.837431 5.35
46.867913 5.35
46.883931 5.35
46.908913 5.35
46.924931 5.35
46.950039 5.35
46.960914 5.35
46.991164 5.35
47.002039 5.35
47.032289 5.35
47.048289 5.35
47.078929 5.35
47.094932 5.35
47.120165 5.35
47.131040 5.35
47.161417 5.35
47.172290 5.35
47.207932 5.35
47.223932 5.35
47.249165 5.35
47.259916 5.35
47.290417 5.35
47.301291 5.35
47.336933 5.35
47.352931 5.35
47.378166 5.35
47.389042 5.35
47.419434 5.35
47.430292 5.35
47.460932 5.35
47.476934 5.35
47.502168 5.35
47.513043 5.35
47.543293 5.35
47.559293 5.35
47.589933 5.35
47.605936 5.35
47.631168 5.35
47.641919 5.35
47.672419 5.35
47.683294 5.35
47.718937 5.35
47.734936 5.35
47.760169 5.35
47.770920 5.35
47.801420 5.35
47.812295 5.35
47.842572 5.35
47.853295 5.35
47.883937 5.35
47.899937 5.35
47.925171 5.35
47.935921 5.35
47.966422 5.35
47.977296 5.35
48.012938 5.35
48.028939 5.35
48.054172 5.35
48.065047 5.35
48.095423 5.35
48.106297 5.35
48.141937 5.35
48.157940 5.35
48.183172 5.35
48.193923 5.35
48.224424 5.35
48.235298 5.35
48.270938 5.35
48.286940 5.35
48.312174 5.35
48.322924 5.35
48.353425 5.35
48.364299 5.35
48.400174 5.35
48.412692 5.35
48.441440 5.35
48.452300 5.35
48.482943 5.35
48.498941 5.35
48.524175 5.35
48.534925 5.35
48.565301 5.35
48.581456 5.35
48.612051 5.35
48.622943 5.35
48.653176 5.35
48.665693 5.35
48.696306 5.35
48.707052 5.35
48.742942 5.35
48.758942 5.35
48.784177 5.35
48.794928 5.35
48.825429 5.35
48.836303 5.35
48.866945 5.35
48.882944 5.35
48.908178 5.35
48.920571 5.35
48.949430 5.35
48.960304 5.35
48.995944 5.35
49.011944 5.35
49.037179 5.35
49.049571 5.35
49.078431 5.35
49.089304 5.35
49.119709 5.35
49.132185 5.35
49.160930 5.35
49.176947 5.35
49.201931 5.35
49.217948 5.35
49.243056 5.35
49.253931 5.35
49.284181 5.35
49.296574 5.35
49.325433 5.35
49.336306 5.35
49.366710 5.35
49.379187 5.35
49.408057 5.35
49.418932 5.35
49.449182 5.35
49.465182 5.35
49.490433 5.35
49.501308 5.35
49.537058 5.35
49.547951 5.35
49.578183 5.35
49.594184 5.35
49.619464 5.35
49.630308 5.35
49.660825 5.35
49.676824 5.35
49.702059 5.35
49.712934 5.35
49.743185 5.35
49.759184 5.35
49.784454 5.35
49.795310 5.35
49.825936 5.35
49.836714 5.35
49.866935 5.35
49.877704 5.35
49.908061 5.35
49.918936 5.35
49.949186 5.35
49.965186 5.35
49.990438 5.35
50.001311 5.35
50.031717 5.35
50.047828 5.35
50.073062 5.35
50.083937 5.35
50.114187 5.35
50.130187 5.35
50.155439 5.35
50.166313 5.35
50.196956 5.35
50.207705 5.35
50.238188 5.35
50.254063 5.35
50.279439 5.35
50.290314 5.35
50.320718 5.35
50.336831 5.35
50.362065 5.35
50.372939 5.35
50.403189 5.35
50.419190 5.35
50.444441 5.35
50.455315 5.35
50.485832 5.35
50.501830 5.35
50.526940 5.35
50.537708 5.35
50.568066 5.35
50.578941 5.35
50.609191 5.35
50.625066 5.35
50.650442 5.35
50.661316 5.35
50.691720 5.35
50.707835 5.35
50.732942 5.35
50.743709 5.35
50.774067 5.35
50.784943 5.35
50.815192 5.35
50.831192 5.35
50.856445 5.35
50.867318 5.35
50.897722 5.35
50.908445 5.35
50.938944 5.35
50.949711 5.35
50.979944 5.35
50.990711 5.35
51.021070 5.35
51.031945 5.35
51.062195 5.35
51.078195 5.35
51.103446 5.35
51.114319 5.35
51.144724 5.35
51.160836 5.35
51.185946 5.35
51.196710 5.35
51.227071 5.35
51.237946 5.35
51.268196 5.35
51.284196 5.35
51.309321 5.35
51.320196 5.35
51.350726 5.35
51.366837 5.35
51.392072 5.35
51.402837 5.35
51.433197 5.35
51.449197 5.35
51.476227 5.35
51.486948 5.35
51.522727 5.35
51.535199 5.35
51.564073 5.35
51.576602 5.35
51.605198 5.35
51.621198 5.35
51.648199 5.35
51.659074 5.35
51.691200 5.35
51.702075 5.35
51.734075 5.35
51.744841 5.35
51.775199 5.35
51.791200 5.35
51.818093 5.35
51.828840 5.35
51.859200 5.35
51.875076 5.35
51.902077 5.35
51.912843 5.35
51.943201 5.35
51.959201 5.35
51.989593 5.35
52.000327 5.35
52.030843 5.35
52.046845 5.35
52.071952 5.35
52.082717 5.35
52.113077 5.35
52.125453 5.35
52.154203 5.35
52.164953 5.35
52.200845 5.35
52.211594 5.35
52.242079 5.35
52.257953 5.35
52.283204 5.35
52.293954 5.35
52.329845 5.35
52.340596 5.35
52.370847 5.35
52.381597 5.35
52.412080 5.35
52.428080 5.35
52.453205 5.35
52.464080 5.35
52.499846 5.35
52.510609 5.35
52.541205 5.35
52.551956 5.35
52.587846 5.35
52.598610 5.35
52.628956 5.35
52.639723 5.35
52.670082 5.35
52.686082 5.35
52.711207 5.35
52.722082 5.35
52.757850 5.35
52.768612 5.35
52.799083 5.35
52.815083 5.35
52.840208 5.35
52.851083 5.35
52.886852 5.35
52.897612 5.35
52.928084 5.35
52.943959 5.35
52.969209 5.35
52.980084 5.35
53.015611 5.35
53.026343 5.35
53.056960 5.35
53.067725 5.35
53.098085 5.35
53.114085 5.35
53.139210 5.35
53.150086 5.35
53.185853 5.35
53.196612 5.35
53.226961 5.35
53.237853 5.35
53.267961 5.35
53.278852 5.35
53.308962 5.35
53.319855 5.35
53.349962 5.35
53.360854 5.35
53.391087 5.35
53.406962 5.35
53.432212 5.35
53.442963 5.35
53.478853 5.35
53.489617 5.35
53.519979 5.35
53.530855 5.35
53.560964 5.35
53.571855 5.35
53.602089 5.35
53.617964 5.35
53.643214 5.35
53.653964 5.35
53.689857 5.35
53.700616 5.35
53.730965 5.35
53.741856 5.35
53.771965 5.35
53.782858 5.35
53.812966 5.35
53.823857 5.35
53.854091 5.35
53.870091 5.35
53.895216 5.35
53.906091 5.35
53.941858 5.35
53.952621 5.35
53.982967 5.35
53.993856 5.35
54.024092 5.35
54.039967 5.35
54.065217 5.35
54.075967 5.35
54.111860 5.35
54.122619 5.35
54.152968 5.35
54.163860 5.35
54.193968 5.35
54.204859 5.35
54.235093 5.35
54.251094 5.35
54.276218 5.35
54.286969 5.35
54.322623 5.35
54.338621 5.35
54.363969 5.35
54.374860 5.35
54.405095 5.35
54.420970 5.35
54.446220 5.35
54.456970 5.35
54.489104 5.35
54.499970 5.35
54.530220 5.35
54.540971 5.35
54.572993 5.35
54.583863 5.35
54.614221 5.35
54.624971 5.35
54.656981 5.35
54.667864 5.35
54.698097 5.35
54.714097 5.35
54.739222 5.35
54.749973 5.35
54.785627 5.35
54.797982 5.35
54.826973 5.35
54.839350 5.35
54.868098 5.35
54.884098 5.35
54.909223 5.35
54.920098 5.35
54.955627 5.35
54.971629 5.35
54.996974 5.35
55.012864 5.35
55.037975 5.35
55.050351 5.35
55.079100 5.35
55.095100 5.35
55.120225 5.35
55.130975 5.35
55.161629 5.00
55.177629 5.35
55.202976 5.35
55.218851 5.35
55.243976 5.35
55.259976 5.35
55.284976 5.35
55.300852 5.35
55.326101 5.35
55.341977 5.35
55.367227 5.35
55.378102 5.35
55.408506 5.35
55.424506 5.35
55.449978 5.35
55.465978 5.35
55.491103 5.35
55.506978 5.35
55.532228 5.35
55.542978 5.35
55.578632 5.35
55.594508 5.35
55.619979 5.35
55.635855 5.35
55.660979 5.35
55.676854 5.35
55.701980 5.35
55.717855 5.35
55.742980 5.35
55.758855 5.35
55.783980 5.35
55.799980 5.35
55.824980 5.35
55.840856 5.35
55.865981 5.35
55.881856 5.35
55.906981 5.35
55.922856 5.35
55.947981 5.35
55.963857 5.35
55.988982 5.35
56.004857 5.35
56.029982 5.35
56.045857 5.35
56.070982 5.35
56.086857 5.35
56.111982 5.35
56.127858 5.35
56.152983 5.35
56.168983 5.35
56.193983 5.35
56.209859 5.35
56.234984 5.35
56.250984 5.35
56.275984 5.35
56.291859 5.35
56.316984 5.35
56.332859 5.35
56.357984 5.35
56.373985 5.35
56.398984 5.35
56.414860 5.35
56.440110 5.35
56.450860 5.35
56.481235 5.35
56.491985 5.35
56.527639 5.35
56.543515 5.35
56.568876 5.35
56.579628 5.35
56.610112 5.35
56.625987 5.35
56.651237 5.35
56.662112 5.35
56.697627 5.35
56.713516 5.35
56.738988 5.35
56.754987 5.35
56.779988 5.35
56.795988 5.35
56.820987 5.35
56.836988 5.35
56.861988 5.35
56.877864 5.35
56.902988 5.35
56.918989 5.35
56.943989 5.35
56.959864 5.35
56.984989 5.35
57.000989 5.35
57.025990 5.35
57.041990 5.35
57.066990 5.35
57.082990 5.35
57.107990 5.35
57.123990 5.35
57.148990 5.35
57.164866 5.35
57.189990 5.35
57.205866 5.35
57.230991 5.35
57.246867 5.35
57.271991 5.35
57.287992 5.35
57.312992 5.35
57.328867 5.35
57.353992 5.35
57.369992 5.35
57.394992 5.35
57.410993 5.35
57.435992 5.35
57.451993 5.35
57.476993 5.35
57.487868 5.35
57.517993 5.35
57.528884 5.35
57.558993 5.35
57.569869 5.35
57.599994 5.35
57.610869 5.35
57.641119 5.35
57.651870 5.35
57.687371 5.35
57.699871 5.35
57.728649 5.35
57.739525 5.35
57.769995 5.35
57.785995 5.35
57.810995 5.35
57.821871 5.35
57.851995 5.35
57.862871 5.35
57.892996 5.35
57.903872 5.35
57.933996 5.00
57.944872 5.35
57.974997 5.35
57.985872 5.35
58.015997 5.35
58.026872 5.35
58.056997 5.35
58.067872 5.35
58.097998 5.35
58.108888 5.35
58.138998 5.35
58.149873 5.35
58.180123 5.35
58.196248 5.35
58.226374 5.35
58.242378 5.35
58.267889 5.35
58.283890 5.35
58.308874 5.35
58.324999 5.35
58.349875 5.35
58.365890 5.35
58.396125 5.35
58.407000 5.35
58.442376 5.35
58.458376 5.35
58.483892 5.35
58.500001 5.35
58.525001 5.35
58.540876 5.35
58.566001 5.35
58.576877 5.35
58.607127 5.35
58.618002 5.35
58.653378 5.35
58.669381 5.35
58.694655 5.35
58.705378 5.35
58.735878 5.35
58.751878 5.35
58.776878 5.35
58.792895 5.35
58.817896 5.35
58.833895 5.35
58.859129 5.35
58.870004 5.35
58.905380 5.35
58.921384 5.35
58.946898 5.35
58.962896 5.35
58.987880 5.35
59.004005 5.35
59.028880 5.35
59.044880 5.35
59.069880 5.35
59.085880 5.35
59.110880 5.35
59.126898 5.35
59.151881 5.35
59.167881 5.35
59.192881 5.35
59.208881 5.35
59.233882 5.35
59.249899 5.35
59.274882 5.35
59.291007 5.35
59.315882 5.35
59.331882 5.35
59.356882 5.35
59.372882 5.35
59.397883 5.35
59.413883 5.35
59.438883 5.35
59.454883 5.35
59.479883 5.35
59.495901 5.35
59.520902 5.35
59.536899 5.35
59.561884 5.35
59.578009 5.35
59.602884 5.35
59.618884 5.35
59.643884 5.35
59.659884 5.35
59.684885 5.35
59.700885 5.35
59.725885 5.35
59.741885 5.35
59.766886 5.35
59.782886 5.35
59.807886 5.35
59.823903 5.35
59.848886 5.35
59.865011 5.35
59.889886 5.35
59.905886 5.35
59.930886 5.35
59.946887 5.35
59.971887 5.35
59.987887 5.35
60.012887 5.35
60.028887 5.35
60.053888 5.35
60.069888 5.35
60.094888 5.35
60.110906 5.35
60.135888 5.35
60.152013 5.35
60.176888 5.35
60.192889 5.35
60.217888 5.35
60.233889 5.35
60.258889 5.35
60.274889 5.35
60.299889 5.35
60.315890 5.35
60.340890 5.35
60.356890 5.35
60.381890 5.35
60.397907 5.35
60.422890 5.35
60.439015 5.35
60.463891 5.35
60.479891 5.35
60.504891 5.35
60.520908 5.35
60.545891 5.35
60.561891 5.35
60.586891 5.35
60.602892 5.35
60.627892 5.35
60.643892 5.35
60.668892 5.35
60.679660 5.35
60.709892 5.00
60.720657 5.35
60.750893 5.35
60.761661 5.35
60.791893 5.35
60.802660 5.35
60.832893 5.35
60.843661 5.35
60.873894 5.35
60.884661 5.35
60.914894 5.35
60.925659 5.35
60.955894 5.35
60.966662 5.35
60.997019 5.35
61.007895 5.35
61.043270 5.35
61.054020 5.35
61.084674 5.35
61.095520 5.35
61.126020 5.35
61.136896 5.35
61.172271 5.35
61.183021 5.35
61.213675 5.35
61.224521 5.35
61.255022 5.35
61.265897 5.35
61.301272 5.35
61.312021 5.35
61.342677 5.35
61.353522 5.35
61.383898 5.35
61.394662 5.35
61.425023 5.35
61.435898 5.35
61.471273 5.35
61.482023 5.35
61.512675 5.35
61.523430 5.35
61.553899 5.35
61.564666 5.35
61.594899 5.35
61.605667 5.35
61.636024 5.35
61.646900 5.35
61.682275 5.35
61.693025 5.35
61.723678 5.35
61.734540 5.35
61.765025 5.35
61.775900 5.35
61.811275 5.35
61.822026 5.35
61.852680 5.35
61.863402 5.35
61.894026 5.35
61.904902 5.35
61.940277 5.35
61.951026 5.35
61.981679 5.35
61.992403 5.35
62.023027 5.35
62.033903 5.35
62.069278 5.35
62.080027 5.35
62.110668 5.35
62.123153 5.35
62.151904 5.35
62.162671 5.35
62.192904 5.35
62.203672 5.35
62.234029 5.35
62.244904 5.35
62.280279 5.35
62.291030 5.35
62.321683 5.35
62.332406 5.35
62.362905 5.35
62.373673 5.35
62.404030 5.35
62.414905 5.35
62.450281 5.35
62.462781 5.35
62.491684 5.35
62.504156 5.35
62.533031 5.35
62.543924 5.35
62.579281 5.35
62.591782 5.35
62.620686 5.35
62.633282 5.35
62.661907 5.35
62.672673 5.35
62.702907 5.35
62.713673 5.35
62.744033 5.35
62.754908 5.35
62.790283 5.35
62.806283 5.35
62.831798 5.35
62.847800 5.35
62.872925 5.35
62.883675 5.35
62.919284 5.35
62.931786 5.35
62.960689 5.35
62.973160 5.35
63.001910 5.35
63.012675 5.35
63.043035 5.35
63.053910 5.35
63.089285 5.35
63.101662 5.35
63.130691 5.35
63.146688 5.35
63.172036 5.35
63.182911 5.35
63.218286 5.35
63.234162 5.35
63.259688 5.35
63.275554 5.35
63.300912 5.35
63.311679 5.35
63.342037 5.35
63.352912 5.35
63.388287 5.35
63.404288 5.35
63.429803 5.35
63.445930 5.35
63.470928 5.35
63.481805 5.00
63.517443 5.35
63.528288 5.35
63.558932 5.35
63.569681 5.35
63.605289 5.35
63.621165 5.35
63.646694 5.35
63.662681 5.35
63.687915 5.35
63.698682 5.35
63.728915 5.35
63.739680 5.35
63.769916 5.35
63.780683 5.35
63.811041 5.35
63.821916 5.35
63.857291 5.35
63.873291 5.35
63.898693 5.35
63.914559 5.35
63.940042 5.35
63.950917 5.35
63.986292 5.35
64.002167 5.35
64.027696 5.35
64.043572 5.35
64.069043 5.35
64.079918 5.35
64.115293 5.35
64.131293 5.35
64.156559 5.35
64.167293 5.35
64.197936 5.35
64.208686 5.35
64.244294 5.35
64.260169 5.35
64.285699 5.35
64.301696 5.35
64.327044 5.35
64.337920 5.35
64.373295 5.35
64.389171 5.35
64.414697 5.35
64.430562 5.35
64.456046 5.35
64.466921 5.35
64.502296 5.35
64.518171 5.35
64.543700 5.35
64.559698 5.35
64.584922 5.35
64.595689 5.35
64.626047 5.35
64.636922 5.35
64.672297 5.35
64.688298 5.35
64.713576 5.35
64.724424 5.35
64.755048 5.35
64.765923 5.35
64.801298 5.35
64.817174 5.35
64.842702 5.35
64.858702 5.35
64.884049 5.35
64.894924 5.35
64.930299 5.35
64.946174 5.35
64.971703 5.35
64.987579 5.35
65.014676 5.35
65.025578 5.35
65.057676 5.35
65.068427 5.35
65.100677 5.35
65.111444 5.35
65.143677 5.35
65.154442 5.35
65.186678 5.35
65.197578 5.35
65.227943 5.35
65.238819 5.35
65.274301 5.35
65.290177 5.35
65.315706 5.35
65.331582 5.35
65.358679 5.35
65.369582 5.35
65.399943 5.35
65.410818 5.35
65.441178 5.35
65.453679 5.35
65.485583 5.35
65.498053 5.35
65.528708 5.35
65.539581 5.35
65.575304 5.35
65.586179 5.35
65.616820 5.35
65.627822 5.35
65.663055 5.35
65.673946 5.35
65.704180 5.35
65.716711 5.35
65.745458 5.35
65.756305 5.35
65.786949 5.35
65.797824 5.35
65.828181 5.35
65.840699 5.35
65.869306 5.35
65.880182 5.35
65.910712 5.35
65.926710 5.35
65.957182 5.35
65.973182 5.35
65.998433 5.35
66.009307 5.35
66.039709 5.35
66.055587 5.35
66.086183 5.35
66.102308 5.35
66.127434 5.35
66.138308 5.35
66.168588 5.35
66.184700 5.35
66.209934 5.35
66.220699 5.35
66.256309 5.35
66.272184 5.35
66.297714 5.35
66.313589 5.35
66.344185 5.35
66.360185 5.35
66.388588 5.35
66.404704 5.35
66.429953 5.35
66.440827 5.35
66.471186 5.35
66.487186 5.35
66.512464 5.35
66.523311 5.35
66.553953 5.35
66.564705 5.35
66.600312 5.35
66.611062 5.35
66.641591 5.35
66.657705 5.35
66.682952 5.35
66.693705 5.35
66.724188 5.35
66.740063 5.35
66.765313 5.35
66.776188 5.35
66.806717 5.35
66.817590 5.35
66.853189 5.35
66.869314 5.35
66.894456 5.35
66.905314 5.35
66.935957 5.35
66.946707 5.35
66.977190 5.35
66.993190 5.35
67.018441 5.35
67.029315 5.35
67.059957 5.35
67.070706 5.35
67.101190 5.35
67.117191 5.35
67.142442 5.35
67.153316 5.35
67.183720 5.35
67.194443 5.35
67.230192 5.35
67.246192 5.35
67.271443 5.35
67.282317 5.35
67.312595 5.35
67.328710 5.35
67.353958 5.35
67.364710 5.35
67.395193 5.35
67.411068 5.35
67.436474 5.35
67.447318 5.35
67.477961 5.35
67.488835 5.35
67.524069 5.35
67.534961 5.35
67.565194 5.35
67.581069 5.35
67.606445 5.35
67.617320 5.35
67.647963 5.35
67.658710 5.35
67.689195 5.35
67.705195 5.35
67.730445 5.35
67.741320 5.35
67.771725 5.35
67.782597 5.35
67.818321 5.35
67.829071 5.35
67.859725 5.35
67.870600 5.35
67.906322 5.35
67.917072 5.35
67.947723 5.35
67.958448 5.35
67.994198 5.35
68.010198 5.35
68.035448 5.35
68.046198 5.35
68.076600 5.35
68.092603 5.35
68.119575 5.35
68.130323 5.35
68.160841 5.35
68.171592 5.35
68.207199 5.35
68.223199 5.35
68.248479 5.35
68.261074 5.35
68.289842 5.35
68.300591 5.35
68.336325 5.35
68.360728 5.35
68.371606 5.35
68.407201 5.35
68.423075 5.35
68.448451 5.35
68.461076 5.35
68.489718 5.35
68.500452 5.35
68.536326 5.35
68.547077 5.35
68.577730 5.35
68.588605 5.35
68.624202 5.35
68.640327 5.35
68.665453 5.35
68.678078 5.35
68.706721 5.35
68.717606 5.35
68.753328 5.35
68.764078 5.35
68.794732 5.35
68.805607 5.35
68.836078 5.35
68.848455 5.35
68.877204 5.35
68.893329 5.35
68.918454 5.35
68.930954 5.35
68.959735 5.35
68.970607 5.35
69.001080 5.35
69.013484 5.35
69.042205 5.00
69.058205 5.35
69.083456 5.35
69.095956 5.35
69.124724 5.35
69.135610 5.35
69.165956 5.35
69.176724 5.35
69.207081 5.35
69.219487 5.35
69.248207 5.35
69.259082 5.35
69.289611 5.35
69.300458 5.35
69.336082 5.35
69.352208 5.35
69.377208 5.35
69.388083 5.35
69.418610 5.35
69.429485 5.35
69.465084 5.35
69.481084 5.35
69.506209 5.35
69.517085 5.35
69.547613 5.35
69.558487 5.35
69.594209 5.35
69.605085 5.35
69.635343 5.35
69.646085 5.35
69.676739 5.35
69.687614 5.35
69.718085 5.35
69.734086 5.35
69.759211 5.35
69.770086 5.35
69.800490 5.35
69.816615 5.35
69.847211 5.35
69.858087 5.35
69.888613 5.35
69.899492 5.35
69.935212 5.35
69.946087 5.35
69.976492 5.35
69.992614 5.35
70.023212 5.35
70.034088 5.35
70.064617 5.35
70.075493 5.35
70.111213 5.35
70.121964 5.35
70.152616 5.35
70.163342 5.35
70.199214 5.35
70.210090 5.35
70.240619 5.35
70.251494 5.35
70.287215 5.35
70.297964 5.35
70.328494 5.35
70.344617 5.35
70.375215 5.35
70.386090 5.35
70.416619 5.35
70.427493 5.35
70.463216 5.35
70.474091 5.35
70.504620 5.35
70.515347 5.35
70.551092 5.35
70.567217 5.35
70.592217 5.35
70.603092 5.35
70.633622 5.35
70.644497 5.35
70.680218 5.35
70.691093 5.35
70.721622 5.35
70.732495 5.35
70.768218 5.35
70.778968 5.35
70.809499 5.35
70.825496 5.35
70.856219 5.35
70.867094 5.35
70.897623 5.35
70.908499 5.35
70.944095 5.35
70.960094 5.35
70.985220 5.35
70.995970 5.35
71.026497 5.35
71.042500 5.35
71.073221 5.35
71.084096 5.35
71.114625 5.35
71.125347 5.35
71.161222 5.35
71.172097 5.35
71.202501 5.35
71.218624 5.35
71.249222 5.35
71.260097 5.35
71.290626 5.35
71.301501 5.35
71.337222 5.35
71.348098 5.35
71.378627 5.35
71.389500 5.35
71.425223 5.35
71.435973 5.35
71.466501 5.35
71.482626 5.35
71.513224 5.35
71.523991 5.35
71.554503 5.35
71.570629 5.35
71.601100 5.35
71.617100 5.35
71.642225 5.35
71.652975 5.35
71.683503 5.35
71.699505 5.35
71.730226 5.35
71.741101 5.35
71.771503 5.35
71.787629 5.35
71.818226 5.00
71.828976 5.35
71.859505 5.35
71.875507 5.35
71.906227 5.35
71.917102 5.35
71.947507 5.35
71.963631 5.35
71.988978 5.35
72.001354 5.35
72.029978 5.35
72.046103 5.35
72.070978 5.35
72.083354 5.35
72.112103 5.35
72.122868 5.35
72.153229 5.35
72.164104 5.35
72.194508 5.35
72.205230 5.35
72.235622 5.35
72.246509 5.35
72.276870 5.35
72.287622 5.35
72.318106 5.35
72.328855 5.35
72.359230 5.35
72.369980 5.35
72.400357 5.35
72.416510 5.35
72.447106 5.35
72.457981 5.35
72.488231 5.35
72.498982 5.35
72.529635 5.35
72.540510 5.35
72.570874 5.35
72.581622 5.35
72.612107 5.35
72.622982 5.35
72.653233 5.35
72.663983 5.35
72.694637 5.35
72.705512 5.35
72.735984 5.35
72.752108 5.35
72.776984 5.35
72.793109 5.35
72.818109 5.35
72.828984 5.35
72.859234 5.35
72.870109 5.35
72.900638 5.35
72.911512 5.35
72.941985 5.35
72.957985 5.35
72.982985 5.35
72.999110 5.35
73.023986 5.35
73.040110 5.35
73.064986 5.35
73.080986 5.35
73.105986 5.35
73.122111 5.35
73.147111 5.35
73.157987 5.35
73.188237 5.35
73.198987 5.35
73.229639 5.35
73.240363 5.35
73.270987 5.35
73.287112 5.35
73.312113 5.35
73.322863 5.35
73.353238 5.35
73.363988 5.35
73.394639 5.35
73.405365 5.35
73.435989 5.35
73.452114 5.35
73.477114 5.35
73.487989 5.35
73.518239 5.35
73.529114 5.35
73.559519 5.35
73.570366 5.35
73.600990 5.35
73.617115 5.35
73.641990 5.35
73.658115 5.35
73.683115 5.35
73.693991 5.35
73.724241 5.35
73.734991 5.35
73.765519 5.35
73.776368 5.35
73.806992 5.35
73.823116 5.35
73.848117 5.35
73.858992 5.35
73.889242 5.35
73.899992 5.35
73.930520 5.35
73.941368 5.35
73.971993 5.35
73.988118 5.35
74.013118 5.35
74.023868 5.35
74.054243 5.35
74.064993 5.35
74.097373 5.35
74.108244 5.35
74.144119 5.35
74.154994 5.35
74.185244 5.35
74.197887 5.35
74.226523 5.35
74.237371 5.35
74.267995 5.35
74.284120 5.35
74.308995 5.35
74.324995 5.35
74.349996 5.35
74.366120 5.35
74.391003 5.35
74.407121 5.35
74.431996 5.35
74.447996 5.35
74.473121 5.35
74.483996 5.35
74.514247 5.35
74.526649 5.35
74.555524 5.35
74.566373 5.35
74.596998 5.00
74.613123 5.35
74.637998 5.35
74.654123 5.35
74.678998 5.35
74.695123 5.35
74.719998 5.35
74.736124 5.35
74.760999 5.35
74.777123 5.35
74.802125 5.35
74.812874 5.35
74.843249 5.35
74.859249 5.35
74.889891 5.35
74.905890 5.35
74.931000 5.35
74.941891 5.35
74.972000 5.35
74.982875 5.35
75.013001 5.35
75.023876 5.35
75.054001 5.35
75.064876 5.35
75.095000 5.35
75.105876 5.35
75.136001 5.35
75.146876 5.35
75.177126 5.35
75.188002 5.35
75.218252 5.35
75.234252 5.35
75.259533 5.35
75.270252 5.35
75.300892 5.35
75.316892 5.35
75.342003 5.35
75.352878 5.35
75.383003 5.35
75.393879 5.35
75.424003 5.35
75.434879 5.35
75.465129 5.35
75.476004 5.35
75.506254 5.35
75.522254 5.35
75.547533 5.35
75.558380 5.35
75.588898 5.35
75.604896 5.35
75.630005 5.35
75.640880 5.35
75.671005 5.35
75.681881 5.35
75.712006 5.35
75.722881 5.35
75.753006 5.35
75.763881 5.35
75.794006 5.35
75.804882 5.35
75.835006 5.35
75.845882 5.35
75.876007 5.35
75.886882 5.35
75.917007 5.35
75.927882 5.35
75.958008 5.35
75.968883 5.35
75.999008 5.35
76.009883 5.35
76.040008 5.35
76.050884 5.35
76.081009 5.35
76.091884 5.35
76.122008 5.35
76.132884 5.35
76.163009 5.35
76.173885 5.35
76.204009 5.35
76.214885 5.35
76.245010 5.35
76.255885 5.35
76.286010 5.35
76.296885 5.35
76.327010 5.35
76.337886 5.35
76.368011 5.35
76.378886 5.35
76.409011 5.35
76.419886 5.35
76.450011 5.35
76.460886 5.35
76.491011 5.35
76.501887 5.35
76.532012 5.35
76.542887 5.35
76.573012 5.35
76.583887 5.35
76.614013 5.35
76.624888 5.35
76.655013 5.35
76.665888 5.35
76.696013 5.35
76.706888 5.35
76.737013 5.35
76.747888 5.35
76.778013 5.35
76.788889 5.35
76.819014 5.35
76.829889 5.35
76.860014 5.35
76.870889 5.35
76.901015 5.35
76.911890 5.35
76.942015 5.35
76.952890 5.35
76.983015 5.35
76.993891 5.35
77.024016 5.35
77.034891 5.35
77.065016 5.35
77.075891 5.35
77.106016 5.35
77.116891 5.35
77.147016 5.35
77.157892 5.35
77.188017 5.35
77.198892 5.35
77.229017 5.35
77.239892 5.35
77.270018 5.35
77.280893 5.35
77.311018 5.35
77.321893 5.35
77.352018 5.35
77.362893 5.00
77.393018 5.35
77.403894 5.35
77.434019 5.35
77.444894 5.35
77.475019 5.35
77.485787 5.35
77.516019 5.35
77.526912 5.35
77.557020 5.35
77.567895 5.35
77.598145 5.35
77.610520 5.35
77.639396 5.35
77.650270 5.35
77.680912 5.35
77.691662 5.35
77.722146 5.35
77.734521 5.35
77.763397 5.35
77.774272 5.35
77.804912 5.35
77.815661 5.35
77.846147 5.35
77.858522 5.35
77.887398 5.35
77.898272 5.35
77.928915 5.35
77.939663 5.35
77.969898 5.35
77.980665 5.35
78.011023 5.35
78.021899 5.35
78.052148 5.35
78.068149 5.35
78.093400 5.35
78.104274 5.35
78.134917 5.35
78.145667 5.35
78.176149 5.35
78.192149 5.35
78.217275 5.35
78.228025 5.35
78.263917 5.35
78.274665 5.35
78.304900 5.35
78.315669 5.35
78.345901 5.35
78.356667 5.35
78.386901 5.35
78.397669 5.35
78.427901 5.35
78.438669 5.35
78.469027 5.35
78.479902 5.35
78.510152 5.35
78.526276 5.35
78.559795 5.35
78.575793 5.35
78.600902 5.35
78.611668 5.35
78.641903 5.35
78.652670 5.35
78.683028 5.35
78.693903 5.35
78.724153 5.35
78.740153 5.35
78.765404 5.35
78.776279 5.35
78.806682 5.35
78.822683 5.35
78.848030 5.35
78.858905 5.35
78.889154 5.35
78.905030 5.35
78.930407 5.35
78.941280 5.35
78.971685 5.35
78.987797 5.35
79.013031 5.35
79.023906 5.35
79.054156 5.35
79.070156 5.35
79.095408 5.35
79.106281 5.35
79.136685 5.35
79.147408 5.35
79.178032 5.35
79.188925 5.35
79.219157 5.35
79.235158 5.35
79.260282 5.35
79.271032 5.35
79.306926 5.35
79.317676 5.35
79.347908 5.35
79.358676 5.35
79.389034 5.35
79.399908 5.35
79.430159 5.35
79.446159 5.35
79.473188 5.35
79.483925 5.35
79.519802 5.35
79.535804 5.35
79.561035 5.35
79.571910 5.35
79.602160 5.35
79.618160 5.35
79.648170 5.35
79.658911 5.35
79.691171 5.35
79.702036 5.35
79.732413 5.35
79.743286 5.35
79.773689 5.35
79.784413 5.35
79.814912 5.35
79.825680 5.35
79.855912 5.35
79.866677 5.35
79.897038 5.35
79.907913 5.35
79.938163 5.35
79.954163 5.35
79.987804 5.35
80.003806 5.35
80.028914 5.35
80.039679 5.35
80.069914 5.35
80.080680 5.35
80.111039 5.35
80.123416 5.35
80.152164 5.35
80.168164 5.35
80.195049 5.35
80.205932 5.35
80.236165 5.35
80.252165 5.35
80.279050 5.35
80.289933 5.35
80.320165 5.35
80.336166 5.35
80.366570 5.35
80.377291 5.35
80.407933 5.35
80.418682 5.35
80.449166 5.35
80.465167 5.35
80.498809 5.35
80.509560 5.35
80.539917 5.35
80.550809 5.35
80.580918 5.35
80.591684 5.35
80.621918 5.35
80.632683 5.35
80.663044 5.35
80.675420 5.35
80.704168 5.35
80.715044 5.35
80.750574 5.35
80.766562 5.35
80.791919 5.35
80.802684 5.35
80.833044 5.35
80.849045 5.35
80.874170 5.35
80.884919 5.35
80.920560 5.35
80.931295 5.35
80.961938 5.35
80.972688 5.35
81.003171 5.35
81.013921 5.35
81.049573 5.35
81.065564 5.35
81.090940 5.35
81.101688 5.35
81.132172 5.35
81.143047 5.35
81.178564 5.35
81.189297 5.35
81.219937 5.35
81.230690 5.35
81.261173 5.35
81.272048 5.35
81.307578 5.35
81.323565 5.35
81.348940 5.35
81.359691 5.35
81.390174 5.35
81.400924 5.35
81.436579 5.35
81.452567 5.35
81.477941 5.35
81.488702 5.35
81.518925 5.35
81.529692 5.35
81.559925 5.35
81.570691 5.35
81.600925 5.35
81.611692 5.35
81.641925 5.35
81.652694 5.35
81.683051 5.35
81.698926 5.35
81.724176 5.35
81.735051 5.35
81.770579 5.35
81.786568 5.35
81.811943 5.35
81.822695 5.35
81.853177 5.35
81.863928 5.35
81.899585 5.35
81.915552 5.35
81.940677 5.35
81.956552 5.35
81.981677 5.35
81.997552 5.35
82.022677 5.35
82.038552 5.35
82.063677 5.35
82.079553 5.35
82.104678 5.35
82.120553 5.35
82.145678 5.35
82.161554 5.35
82.186679 5.35
82.202554 5.35
82.227679 5.35
82.243554 5.35
82.268679 5.35
82.284554 5.35
82.309679 5.35
82.325555 5.35
82.350680 5.35
82.366555 5.35
82.391680 5.35
82.407555 5.35
82.432680 5.35
82.448556 5.35
82.473681 5.35
82.489556 5.35
82.514681 5.35
82.530556 5.35
82.555681 5.35
82.571556 5.35
82.596682 5.35
82.612557 5.35
82.637681 5.35
82.653557 5.35
82.678682 5.35
82.694558 5.35
82.719682 5.35
82.735558 5.35
82.760683 5.35
82.776558 5.35
82.801683 5.35
82.817559 5.35
82.842684 5.35
82.858559 5.35
82.883684 5.35
82.899559 5.35
82.924685 5.00
82.940559 5.35
82.965684 5.35
82.981560 5.35
83.006684 5.35
83.022560 5.35
83.047685 5.35
83.063560 5.35
83.088685 5.35
83.104560 5.35
83.129686 5.35
83.145560 5.35
83.170686 5.35
83.186561 5.35
83.211686 5.35
83.227561 5.35
83.252687 5.35
83.268562 5.35
83.293687 5.35
83.304438 5.35
83.334687 5.35
83.345439 5.35
83.375687 5.35
83.386439 5.35
83.416688 5.35
83.427439 5.35
83.457688 5.35
83.468439 5.35
83.498689 5.35
83.509440 5.35
83.539689 5.35
83.550440 5.35
83.580689 5.35
83.591440 5.35
83.621689 5.35
83.632441 5.35
83.662690 5.35
83.673441 5.35
83.703690 5.35
83.714442 5.35
83.744690 5.35
83.755442 5.35
83.785691 5.35
83.801566 5.35
83.826691 5.35
83.837442 5.35
83.867691 5.35
83.878442 5.35
83.908691 5.35
83.919443 5.35
83.949692 5.35
83.960443 5.35
83.990692 5.35
84.001443 5.35
84.031693 5.35
84.042443 5.35
84.072693 5.35
84.083444 5.35
84.113693 5.35
84.124444 5.35
84.154694 5.35
84.165444 5.35
84.195693 5.35
84.206445 5.35
84.236694 5.35
84.247445 5.35
84.277694 5.35
84.288446 5.35
84.318695 5.35
84.329446 5.35
84.359695 5.35
84.370446 5.35
84.400695 5.35
84.411446 5.35
84.441696 5.35
84.452447 5.35
84.482695 5.35
84.493447 5.35
84.523697 5.35
84.534447 5.35
84.564696 5.35
84.575448 5.35
84.605697 5.35
84.616448 5.35
84.646697 5.35
84.657448 5.35
84.687698 5.35
84.698448 5.35
84.728698 5.35
84.739449 5.35
84.769698 5.35
84.780449 5.35
84.810698 5.35
84.821450 5.35
84.851698 5.35
84.862450 5.35
84.892699 5.35
84.903450 5.35
84.933699 5.35
84.944451 5.35
84.974700 5.35
84.985451 5.35
85.015700 5.35
85.026451 5.35
85.056701 5.35
85.067450 5.35
85.097700 5.35
85.108451 5.35
85.138701 5.35
85.149451 5.35
85.179717 5.35
85.190453 5.35
85.221078 5.35
85.236953 5.35
85.263954 5.35
85.274719 5.35
85.305078 5.35
85.315846 5.35
85.347955 5.35
85.358718 5.35
85.388954 5.35
85.404847 5.35
85.429954 5.35
85.445845 5.35
85.470955 5.35
85.486846 5.35
85.512080 5.35
85.522846 5.35
85.554987 5.35
85.565722 5.35
85.601337 5.35
85.612080 5.35
85.642723 5.35
85.653456 5.35
85.683874 5.35
85.699851 4.68
85.725081 4.68
85.735862 4.68
85.766458 4.34
85.778864 4.34
85.807723 4.34
85.818611 4.34
85.849083 4.68
85.859850 4.34
85.895342 4.34
85.906082 4.68
85.936613 4.34
85.947341 4.68
85.977850 4.34
85.993724 4.34
86.019223 4.34
86.030216 4.34
86.060858 4.34
86.076964 4.34
86.107498 4.34
86.123496 4.34
86.148962 4.34
86.164962 4.34
86.190086 4.34
86.200962 4.68
86.236338 4.34
86.252338 4.34
86.277853 4.34
86.293853 4.34
86.318961 4.34
86.334852 4.68
86.359961 4.68
86.370852 4.34
86.406339 4.34
86.422339 4.34
86.447854 4.34
86.463855 4.34
86.488962 4.34
86.504853 4.34
86.530226 4.34
