0.000000 0.000000
0.041841 4.34
0.057839 4.34
0.083219 4.34
0.094219 2.66
0.125001 2.34
0.141231 2.34
0.166657 2.66
0.177717 2.66
0.209879 2.66
0.220852 2.34
0.256741 2.66
0.267617 2.66
0.298083 2.66
0.308974 2.66
0.344461 2.66
0.360462 2.34
0.385972 2.34
0.401969 2.66
0.427081 2.66
0.437970 2.66
0.468081 2.66
0.478970 2.66
0.510857 2.66
0.521606 2.66
0.552082 2.34
0.562971 2.34
0.594859 2.66
0.605606 2.34
0.637859 2.66
0.648606 2.66
0.680860 2.66
0.691610 2.34
0.722083 2.34
0.732974 2.34
0.763483 2.34
0.774478 2.66
0.805219 2.66
0.817883 2.66
0.849874 2.66
0.866237 2.66
0.891487 2.66
0.902484 2.66
0.933225 2.34
0.944226 2.34
0.975007 3.67
0.996501 4.34
1.021110 4.34
1.032094 4.34
1.062751 4.34
1.075341 4.34
1.104090 4.02
1.114977 4.02
1.145469 4.34
1.161468 4.34
1.186977 4.34
1.197739 4.34
1.228087 4.34
1.238977 4.34
1.274212 4.34
1.284975 4.34
1.315337 4.34
1.327862 4.34
1.356613 4.34
1.367472 4.34
1.398104 4.34
1.408977 4.02
1.439659 4.02
1.450657 4.34
1.486497 4.34
1.497517 4.34
1.527889 4.34
1.544103 4.34
1.572099 4.34
1.583098 4.34
1.613638 4.34
1.624474 4.34
1.660480 4.34
1.671478 4.34
1.702098 4.34
1.713097 4.34
1.743472 4.34
1.754345 4.34
1.784988 4.34
1.795735 4.34
1.826342 4.34
1.842470 4.34
1.867621 4.34
1.878469 4.34
1.909092 4.34
1.919982 4.34
1.955469 4.34
1.966342 4.34
1.996985 4.34
2.007733 4.34
2.038093 4.34
2.048983 4.34
2.084470 4.34
2.095343 4.34
2.125985 4.34
2.136736 4.34
2.167343 4.34
2.183344 4.34
2.208478 4.34
2.219344 4.34
2.249736 4.34
2.265736 4.34
2.291095 4.34
2.301984 4.34
2.337344 4.34
2.353220 4.34
2.378625 4.34
2.389471 4.34
2.419988 4.34
2.430739 4.34
2.466476 4.34
2.477346 4.34
2.507987 4.34
2.518748 4.34
2.548988 4.34
2.559863 4.34
2.589987 4.34
2.600739 4.34
2.636474 4.34
2.647347 4.34
2.677751 4.34
2.693751 4.34
2.718989 4.34
2.729740 4.34
2.765348 4.34
2.781475 4.34
2.806627 4.34
2.817475 4.34
2.848099 4.34
2.858992 4.34
2.894491 4.34
2.905490 4.34
2.937731 4.34
2.948640 4.34
2.979361 4.34
2.995738 4.34
3.021006 4.68
3.032001 4.68
3.062483 4.68
3.073356 4.34
3.105731 4.68
3.116640 4.34
3.148730 4.34
3.159636 4.68
3.190102 4.68
3.200994 4.34
3.236352 4.34
3.252351 4.68
3.277630 4.68
3.288504 4.34
3.320758 4.68
3.331631 4.68
3.361992 5.00
3.372870 4.68
3.408352 4.68
3.424353 4.68
3.449628 4.68
3.460479 4.68
3.492729 5.00
3.503479 5.00
3.535759 4.68
3.546634 4.68
3.577104 4.68
3.587995 4.68
3.623354 4.68
3.639355 4.68
3.664871 5.00
3.680746 5.00
3.705995 4.68
3.716745 4.68
3.752230 4.68
3.764731 4.68
3.793356 4.68
3.809230 4.68
3.834634 4.68
3.847231 4.68
3.875996 4.68
3.886750 4.68
3.922356 4.68
3.938357 5.00
3.963636 4.68
3.976107 4.68
4.006733 4.68
4.017483 4.68
4.049733 4.68
4.060483 4.68
4.090999 5.00
4.101750 4.68
4.137233 4.68
4.149734 4.68
4.178358 4.68
4.194233 4.68
4.219639 5.00
4.235762 5.00
4.262734 5.00
4.273638 4.68
4.309359 4.68
4.325234 4.68
4.350638 4.68
4.363110 5.00
4.397360 5.00
4.413360 4.68
4.438877 4.68
4.449878 4.68
4.485235 4.68
4.501360 4.68
4.526517 5.00
4.537361 5.00
4.567879 5.00
4.578640 4.68
4.614237 4.68
4.626613 4.68
4.655362 4.68
4.671362 4.68
4.696642 5.00
4.712767 5.00
4.743362 4.68
4.759237 4.68
4.784642 4.68
4.800768 4.68
4.826005 4.68
4.836755 5.00
4.867113 4.68
4.877988 4.68
4.908113 4.68
4.924377 5.00
4.949749 4.34
4.965892 4.34
4.991371 4.34
5.002246 4.34
5.033009 4.34
5.043885 4.34
5.074367 4.34
5.085242 4.34
5.115772 4.34
5.126646 4.34
5.162241 4.34
5.178240 4.34
5.203365 4.34
5.214240 4.34
5.244806 4.34
5.255777 4.34
5.286374 4.34
5.297374 4.34
5.327997 4.34
5.339016 4.34
5.369370 4.34
5.380245 4.34
5.410776 4.34
5.421651 4.34
5.457368 4.34
5.468243 4.34
5.498771 4.34
5.509521 4.34
5.540381 4.34
