0.000000 0.000000
0.041704 4.34
0.052720 4.34
0.083507 4.34
0.099711 2.66
0.125090 2.66
0.136216 2.66
0.166857 2.66
0.177847 2.66
0.208484 2.66
0.224713 2.34
0.255318 2.34
0.267959 2.66
0.302191 2.66
0.313191 2.66
0.343565 2.34
0.354315 2.66
0.390065 2.34
0.406065 2.66
0.431064 2.34
0.447189 2.34
0.472189 2.34
0.482940 2.66
0.513465 2.34
0.529467 2.66
0.560191 2.34
0.570940 2.66
0.601466 2.66
0.617469 2.66
0.648191 2.34
0.658941 2.66
0.689467 2.34
0.705470 2.66
0.732468 2.34
0.743464 2.34
0.774083 2.66
0.785208 2.66
0.815715 2.66
0.826715 2.66
0.857526 2.34
0.875528 2.34
0.895502 2.66
0.919347 2.66
0.935771 2.34
0.964081 3.01
0.980206 4.02
1.005721 4.02
1.016719 4.02
1.047325 4.34
1.059838 4.02
1.094073 4.34
1.104961 4.34
1.135479 4.34
1.151598 4.34
1.182195 4.34
1.192945 4.34
1.223320 4.34
1.235834 4.34
1.264596 4.34
1.275321 4.34
1.311071 4.34
1.327071 4.02
1.352196 4.02
1.362946 4.34
1.393473 4.34
1.409597 4.02
1.435088 4.34
1.445834 4.34
1.476587 4.34
1.487463 4.34
1.518206 4.34
1.529205 4.34
1.565078 4.34
1.575969 4.34
1.606612 4.34
1.617474 4.34
1.648210 4.34
1.659208 4.34
1.695090 4.34
1.706088 4.34
1.736737 4.34
1.747731 4.34
1.778331 4.34
1.794457 4.34
1.825212 4.68
1.836212 4.68
1.872084 4.68
1.883083 4.68
1.913600 4.68
1.924496 4.68
1.955080 4.68
1.965973 4.68
1.996485 4.68
2.007327 4.68
2.037970 4.68
2.053976 4.68
2.079202 4.68
2.089951 4.68
2.120609 4.68
2.131486 4.68
2.162079 4.68
2.172970 4.68
2.203482 4.68
2.214327 4.68
2.244968 4.68
2.261077 4.68
2.286202 4.68
2.296952 4.68
2.327478 4.68
2.338328 4.68
2.368970 4.68
2.385078 4.68
2.410352 4.68
2.426598 4.68
2.451590 4.68
2.462339 5.00
2.492838 4.68
2.503588 5.00
2.533837 4.68
2.544585 4.68
2.574959 4.68
2.590835 4.68
2.615959 4.68
2.631832 4.68
2.656958 4.68
2.672834 4.68
2.697959 4.68
2.714100 4.68
2.739514 4.68
2.755748 4.68
2.781093 4.68
2.792092 4.68
2.822732 4.68
2.833732 4.68
2.864212 4.68
2.875087 4.68
2.911086 4.68
2.921978 5.00
2.952489 5.00
2.963334 5.00
2.993976 4.68
3.010084 5.00
3.035209 4.68
3.046107 5.00
3.076490 5.00
3.087334 4.68
3.118091 5.00
3.129090 5.00
3.159609 5.00
3.170500 5.00
3.200978 5.00
3.217087 5.35
3.242212 5.00
3.253086 5.00
3.283336 5.35
3.299491 5.00
3.324489 5.00
3.335336 5.00
3.370978 5.00
3.387086 5.00
3.412211 5.00
3.424729 5.00
3.456492 5.00
3.467336 5.00
3.497980 5.00
3.514087 5.00
3.539212 5.00
3.551729 5.00
3.580464 5.00
3.591337 5.00
3.626981 5.00
3.642979 5.00
3.668213 5.00
3.680731 5.00
3.709465 5.00
3.720338 5.00
3.755980 5.00
3.771978 5.00
3.797214 5.00
3.808089 5.00
3.838466 5.00
3.849339 5.00
3.884983 5.00
3.900981 5.00
3.926215 5.00
3.938607 5.00
3.967484 5.00
3.978340 5.00
4.008984 5.00
4.024983 5.00
4.050216 5.00
4.062609 5.00
4.091466 5.00
4.102341 5.00
4.137982 5.00
4.153983 5.00
4.179216 5.00
4.191610 5.00
4.220341 5.00
4.236497 5.00
4.266985 5.00
4.282984 5.00
4.308217 5.00
4.320611 5.00
4.352486 5.00
4.363343 4.68
4.393746 5.00
4.404469 5.00
4.434969 4.68
4.445859 4.34
4.476658 4.34
4.487655 4.34
4.518227 4.34
4.534518 4.34
4.559993 4.34
4.570869 4.34
4.601511 4.34
4.612348 4.34
4.642989 4.34
4.653865 4.34
4.684221 4.34
4.700221 4.34
4.725471 4.34
4.736345 4.34
4.766751 4.34
4.782863 4.34
4.807971 4.34
4.818738 4.34
4.849486 4.34
4.860497 4.34
4.891106 4.34
4.902104 4.34
4.937869 4.34
4.953869 4.34
4.979101 4.34
4.989975 4.34
5.020348 4.34
5.031224 4.34
5.066990 4.34
5.077741 4.34
5.108099 4.34
5.118974 4.34
5.149224 4.34
5.165224 4.34
5.190475 4.34
5.201348 4.34
5.231753 4.34
5.247740 4.34
5.272974 4.34
5.283742 4.34
5.314100 4.34
5.324975 4.34
5.355225 4.34
5.371225 4.34
5.399476 4.34
5.410350 4.34
5.445991 4.34
5.456867 4.34
5.486976 4.34
5.497743 4.34
5.528491 4.34
