0.000000 0.000000
0.041613 4.34
0.057723 4.34
0.082719 4.34
0.093728 4.34
0.124667 2.34
0.142674 2.34
0.162638 2.34
0.186364 2.34
0.197349 2.34
0.229635 2.34
0.240633 2.34
0.276477 2.34
0.289093 2.34
0.319624 2.34
0.330518 2.34
0.366341 2.34
0.377215 2.34
0.407856 2.34
0.418616 2.34
0.449215 2.34
0.465215 2.34
0.490496 2.34
0.503090 2.34
0.533615 2.34
0.544493 2.34
0.580216 2.34
0.596091 2.34
0.621497 2.34
0.634091 2.34
0.662857 2.34
0.673619 2.34
0.709217 2.34
0.725216 2.34
0.750498 2.34
0.766806 2.34
0.797357 2.34
0.808354 2.34
0.840647 2.34
0.851790 2.34
0.882232 2.34
0.893245 2.34
0.923918 2.34
0.936668 2.34
0.965678 2.34
0.987235 3.67
0.998233 4.02
1.028870 4.02
1.039870 4.02
1.070350 4.02
1.081349 4.02
1.117223 4.02
1.133348 4.02
1.158626 4.02
1.174863 4.02
1.200097 4.02
1.212501 4.02
1.241221 4.02
1.257221 4.02
1.282498 4.02
1.298621 4.02
1.323863 4.02
1.334863 4.02
1.370347 4.02
1.381222 4.02
1.411621 4.02
1.427624 4.02
1.453238 4.02
1.464238 4.02
1.494877 4.34
1.505876 4.34
1.536518 4.34
1.552642 4.34
1.583356 4.34
1.594355 4.34
1.630228 4.34
1.641104 4.34
1.671636 4.34
1.682513 4.34
1.713102 4.02
1.729225 4.34
1.754226 4.34
1.765100 4.34
1.795505 4.34
1.811507 4.34
1.836869 4.34
1.847867 4.34
1.878226 4.34
1.888976 4.34
1.919351 4.34
1.930226 4.34
1.960632 4.34
1.971506 4.34
2.007227 4.34
2.017994 4.34
2.048506 4.34
2.064507 4.34
2.089871 4.34
2.100869 4.34
2.131228 4.34
2.141978 4.34
2.172353 4.34
2.183228 4.34
2.213633 4.34
2.224354 4.34
2.260228 4.34
2.271104 4.34
2.301509 4.02
2.317510 4.34
2.342872 4.02
2.353872 4.34
2.384230 4.34
2.395105 4.34
2.425355 4.34
2.436230 4.34
2.466510 4.34
2.482510 4.34
2.507873 4.34
2.518634 4.34
2.549231 4.34
2.559981 4.34
2.590509 4.34
2.606634 4.34
2.637232 4.34
2.647982 4.34
2.678357 4.34
2.689232 4.34
2.719514 4.34
2.735514 4.34
2.760875 4.34
2.771638 4.34
2.802233 4.34
2.812983 4.34
2.843358 4.34
2.854233 4.34
2.884513 4.34
2.900514 4.34
2.925874 4.34
2.936636 4.02
2.967234 4.34
2.977984 4.34
3.008360 4.34
3.019235 4.02
3.049513 4.34
3.065515 4.34
3.090877 4.34
3.101876 4.34
3.132236 4.34
3.142985 4.34
3.173361 4.34
3.184236 4.34
3.214516 4.34
3.230514 4.34
3.257517 4.34
3.268361 4.34
3.304236 4.34
3.315112 4.34
3.345362 4.34
3.356237 4.34
3.386641 4.34
3.397517 4.34
3.433238 4.34
3.444113 4.34
3.474519 4.34
3.490517 4.34
3.517517 4.34
3.528363 4.34
3.564239 4.34
3.574989 4.34
3.605364 4.34
3.616239 4.34
3.646364 4.34
3.657239 4.34
3.687643 4.34
3.698365 4.34
3.734240 4.34
3.745008 4.34
3.775365 4.34
3.788005 4.34
3.819643 4.34
3.830521 4.34
3.861116 4.34
3.877241 4.34
3.902116 4.34
3.918117 4.34
3.943117 4.34
3.959242 4.34
3.984117 4.34
4.000117 4.34
4.025117 4.34
4.041243 4.34
4.066117 4.34
4.082243 4.34
4.107118 4.34
4.123243 4.34
4.148118 4.34
4.164118 4.34
4.189119 4.34
4.205243 4.34
4.230119 4.34
4.246244 4.34
4.271119 4.34
4.287244 4.34
4.312119 4.34
4.328245 4.34
4.353120 4.34
4.363994 4.34
4.394120 4.34
4.404995 4.34
4.435120 4.34
4.445995 4.34
4.476121 4.34
4.486996 4.34
4.517121 4.34
4.527889 4.34
4.558121 4.34
4.568997 4.34
4.599121 4.34
4.609997 4.34
4.640121 4.34
4.650997 4.34
4.681122 4.34
4.691997 4.34
4.722122 4.34
4.732997 4.34
4.763123 4.34
4.773998 4.34
4.804123 4.34
4.814998 4.34
4.845124 4.34
4.855999 4.34
4.886123 4.34
4.896999 4.34
4.927124 4.34
4.937999 4.34
4.968124 4.34
4.979000 4.34
5.009124 4.34
5.020000 4.34
5.050125 4.34
5.060890 4.34
5.091125 4.34
5.102000 4.34
5.132126 4.34
5.143001 4.34
5.173126 4.34
5.184001 4.34
5.214126 4.34
5.225001 4.34
5.255127 4.34
5.266002 4.34
5.296127 4.34
5.307002 4.34
5.337127 4.34
5.348002 4.34
5.378127 4.34
5.389003 4.34
5.419128 4.34
5.430003 4.34
5.460128 4.34
5.471003 4.34
5.501128 4.34
5.512004 4.34
5.542128 4.34
5.553004 4.34
5.583129 4.34
5.594004 4.34
5.624129 4.34
5.635004 4.34
5.665130 4.34
5.676005 4.34
5.706130 4.34
5.717005 4.34
5.747130 4.34
5.757880 4.34
5.788131 4.34
5.799006 4.34
5.829256 4.34
5.840006 4.34
5.870507 4.34
5.881381 4.34
5.911632 4.34
5.922381 4.34
5.953022 4.34
5.969024 4.34
5.994257 4.34
6.005007 4.34
6.035508 4.34
6.046382 4.34
6.082023 4.34
6.098026 4.34
6.123258 4.34
6.134008 4.34
6.164509 4.34
6.175383 4.34
6.211024 4.34
6.227027 4.34
6.252259 4.34
6.263008 4.34
6.299145 4.34
6.310010 4.34
6.340511 4.34
6.351385 4.34
6.382027 4.34
6.398025 4.34
6.423700 4.34
6.434694 4.34
6.465272 4.34
6.481393 4.68
6.512144 4.68
6.523143 4.68
6.553517 4.68
6.564391 4.34
6.600033 4.68
6.616031 4.68
6.641264 4.68
6.653779 4.68
6.684267 4.34
6.695012 4.68
6.725514 4.68
6.736388 4.68
6.767274 4.68
6.779796 4.68
6.814146 4.68
6.825145 4.68
6.861018 4.68
6.871786 4.68
6.902391 4.68
6.913266 4.68
6.949031 4.68
6.965033 4.68
6.990265 4.68
7.002657 4.68
7.031516 4.68
7.042390 4.68
7.078040 4.68
7.089040 4.68
7.119521 5.00
7.130394 5.00
7.161035 4.68
7.171787 5.00
7.202392 5.00
7.213267 5.00
7.249033 5.00
7.259783 4.68
7.290267 5.00
7.302658 4.68
7.331392 5.00
7.342267 5.00
7.378035 5.00
7.388793 5.00
7.419703 4.68
7.432325 5.00
7.461276 5.00
7.477399 5.00
7.508148 5.00
7.519039 5.00
7.554913 5.00
7.571021 5.00
7.596395 5.00
7.607270 5.00
7.643145 5.00
7.654035 5.00
7.684269 5.00
7.700270 5.00
7.726067 5.00
7.737054 4.68
7.767706 5.00
7.778699 5.00
7.809275 5.00
7.825399 5.00
7.850525 5.00
7.861399 5.00
7.891791 5.00
7.907914 5.00
7.933147 5.00
7.944022 5.00
7.974272 5.00
7.990272 5.00
8.015397 5.00
8.026147 5.00
8.062158 5.00
8.073157 5.00
8.109030 5.00
8.119798 5.00
8.150529 5.00
8.161402 5.00
8.192043 5.00
8.202792 5.00
8.233400 5.00
8.244275 5.00
8.279918 5.00
8.295918 5.00
8.321149 5.00
8.332025 5.00
8.362274 5.00
8.378607 5.00
8.403923 5.00
8.420162 5.00
8.445535 5.00
8.456534 5.00
8.487157 5.00
8.498156 5.00
8.533921 4.68
8.549919 5.00
8.575279 4.68
8.591403 5.00
8.621921 5.00
8.637920 5.00
8.663152 5.00
8.674028 5.00
8.704532 5.00
8.715568 5.00
8.746071 4.68
8.757071 4.68
8.787714 4.68
8.798696 4.68
8.829283 4.68
8.845282 4.68
8.870532 4.68
8.881406 4.68
8.912047 4.68
8.922799 4.68
8.953280 4.68
8.969154 4.68
8.996289 4.68
9.007030 4.68
9.037411 4.68
9.048286 4.68
9.079067 4.68
9.090044 4.34
9.122294 4.68
9.133289 4.68
9.163932 4.68
9.174929 4.68
9.205410 4.68
9.216285 4.68
9.246801 4.68
9.262927 4.68
9.288158 4.68
9.300686 4.68
9.329282 4.68
9.345282 4.68
9.372292 4.34
9.383157 4.68
9.415292 4.68
9.426158 4.68
9.458293 4.68
9.469158 4.68
9.499409 4.68
9.510158 4.68
9.540811 4.68
9.556926 4.68
9.582159 4.68
9.594536 4.68
9.623409 4.68
9.634160 4.68
9.664813 4.68
9.680925 4.34
9.706160 4.34
9.718537 4.68
9.747410 4.68
9.758285 4.68
9.788814 4.68
9.801170 4.68
9.830161 4.68
9.846161 4.68
9.871286 4.68
9.887286 4.68
9.912412 4.68
9.923161 4.68
9.953814 4.68
9.969690 4.68
9.995037 4.68
10.005802 4.68
10.036163 4.68
10.048538 4.68
10.077288 4.68
10.088163 4.68
10.123680 4.68
10.139678 4.68
10.165055 4.68
10.175806 4.68
10.206289 4.68
10.217164 4.68
10.252694 4.34
10.268680 4.68
10.294057 4.34
10.304807 4.34
10.335290 4.68
10.346040 4.34
10.381682 4.68
10.397681 4.34
10.423055 4.68
10.433808 4.68
10.464291 4.34
10.475040 4.68
10.510683 4.68
10.521416 4.68
10.552058 4.68
10.562807 4.68
10.593292 4.68
10.604042 4.68
10.639695 4.68
10.650417 4.68
10.681060 4.68
10.691809 4.68
10.722043 4.68
10.732808 4.68
10.763043 4.68
10.773810 4.68
10.804043 4.68
10.814812 4.34
10.845169 4.68
10.861044 4.68
10.886294 4.68
10.897044 4.34
10.927419 4.68
10.938169 4.68
10.968822 4.68
10.984699 4.68
11.010045 4.34
11.020813 4.68
11.051045 4.68
11.061936 4.68
11.092045 4.68
11.102936 4.68
11.133046 4.68
11.143938 4.34
11.174046 4.68
11.184814 4.68
11.215171 4.68
11.231046 4.68
11.256297 4.34
11.267172 4.68
11.302701 4.68
11.318689 4.68
11.344062 4.68
11.354812 4.68
11.385298 4.68
11.396173 4.68
11.431688 4.68
11.447691 4.68
11.473066 4.68
11.483815 4.34
11.514298 4.34
11.525049 4.68
11.555424 4.68
11.566299 4.68
11.596827 4.68
11.612703 4.68
11.638175 4.68
11.654049 4.68
11.679300 4.68
11.690175 4.68
11.722206 4.68
11.733068 4.68
11.768705 4.68
11.784693 4.68
11.810068 4.68
11.822552 4.68
11.851301 4.68
11.862176 4.68
11.897706 4.68
11.913695 4.68
11.939069 4.68
11.951553 4.68
11.980177 4.68
11.996177 4.68
12.021302 4.68
12.032052 4.68
12.067708 4.68
12.078428 4.34
12.109071 4.34
12.121554 4.68
12.150304 4.68
12.161054 4.68
12.196696 4.34
12.212696 4.68
12.238072 4.68
12.250555 4.68
12.279304 4.68
12.290179 4.68
12.322055 4.68
12.332822 4.68
12.363180 4.34
12.379055 4.68
12.404305 4.68
12.415055 4.68
12.450708 4.68
12.463057 4.68
12.492073 4.68
12.504431 4.68
12.533181 4.68
12.549056 4.68
12.574306 4.68
12.585182 4.68
12.620710 4.68
12.636697 4.68
12.662074 4.68
12.678058 4.68
12.703307 4.34
12.714058 4.68
12.749701 4.68
12.765698 4.68
12.791058 4.68
12.803434 4.68
12.832184 4.68
12.848059 4.68
12.873309 4.68
12.884059 4.68
12.919701 4.68
12.935702 4.68
12.960950 4.68
12.971701 4.68
13.002060 4.68
13.014435 4.68
13.043060 4.68
13.058951 4.68
13.084186 4.68
13.100060 4.68
13.125311 4.68
13.136061 4.68
13.171715 4.68
13.187704 4.68
13.212953 4.68
13.223705 4.68
13.254187 4.68
13.270187 4.68
13.295312 4.68
13.306063 4.34
13.341716 4.68
13.357714 4.68
13.383188 4.68
13.399063 4.68
13.424313 4.68
13.435188 4.68
13.470719 4.68
13.486718 4.68
13.511956 4.68
13.522707 4.68
13.553064 4.68
13.568954 4.68
13.594190 4.68
13.610064 4.68
13.635315 4.68
13.646190 4.68
13.679721 4.68
13.695719 4.68
13.720958 4.68
13.731719 4.68
13.762066 4.68
13.778065 4.68
13.803066 4.68
13.818958 4.68
13.844066 4.68
13.859957 4.68
13.885067 4.68
13.900957 4.34
13.926192 4.68
13.942067 4.68
13.967317 4.68
13.978067 4.68
14.008723 4.68
14.024720 4.34
14.049959 4.68
14.060722 4.68
14.091193 4.68
14.107194 4.68
14.132318 4.68
14.143069 4.68
14.173725 4.68
14.189721 4.68
14.214962 4.68
14.225721 4.68
14.256194 4.68
14.272194 4.68
14.297320 4.68
14.308070 4.68
14.338723 4.68
14.354725 4.68
14.380071 4.68
14.396071 4.68
14.421071 4.68
14.437071 4.68
14.462070 4.68
14.478071 4.68
14.503196 4.34
14.519071 4.34
14.546102 4.68
14.556964 4.68
14.589100 4.68
14.599963 4.68
14.635450 4.34
14.646322 4.68
14.676965 4.68
14.689450 4.68
14.718198 4.68
14.734198 4.68
14.761102 4.68
14.771965 4.34
14.804104 4.68
14.814966 4.68
14.847104 4.34
14.857965 4.68
14.890107 4.34
14.900965 4.34
14.933106 4.68
14.943966 4.68
14.976106 4.68
14.986966 4.34
15.019107 4.68
15.029967 4.68
15.062107 4.68
15.072966 4.68
15.108454 4.34
15.121093 4.34
15.149968 4.34
15.165969 4.34
15.191076 4.34
15.207077 4.68
15.232077 4.34
15.248077 4.34
15.273202 4.34
15.284077 4.68
15.319461 4.68
15.343968 4.34
15.373458 4.68
15.385983 4.68
15.414969 4.68
15.430971 4.34
15.456078 4.34
15.472204 4.68
15.497204 4.68
15.508079 4.68
15.539984 4.68
15.550733 4.68
15.581205 4.68
15.591971 4.68
15.627460 4.68
15.651973 4.68
15.667972 4.68
15.693080 4.34
15.709080 4.34
15.734081 4.34
15.744971 4.34
15.775206 4.34
15.785971 4.68
15.821458 4.68
15.837459 4.68
15.862974 4.68
15.878971 4.68
15.904082 4.68
15.920082 4.34
15.945207 4.68
15.956082 4.68
15.991461 4.68
16.007610 4.68
16.032976 4.68
16.048975 4.68
16.074083 4.68
16.089974 4.68
16.115084 4.68
16.125975 4.68
16.156084 4.34
16.166959 4.34
16.197084 4.34
16.207976 4.68
16.238084 4.34
16.248974 4.68
16.279085 4.68
16.289978 4.34
16.320085 4.34
16.330976 4.68
16.361210 4.68
16.372086 4.68
16.407461 4.68
16.423461 4.68
16.448976 4.68
16.464976 4.68
16.490086 4.68
16.500977 4.68
16.531087 4.34
16.541980 4.68
16.572212 4.34
16.583087 4.68
16.618463 4.34
16.634463 4.68
16.659978 4.34
16.676087 4.68
16.701088 4.34
16.717088 4.68
16.742088 4.68
16.752963 4.34
16.783089 4.68
16.793979 4.68
16.824089 4.68
16.834964 4.68
16.865088 4.34
16.875964 4.68
16.906089 4.34
16.916983 4.34
16.947215 4.34
16.957965 4.68
16.993503 4.68
17.009504 4.68
17.034980 4.68
17.050980 4.68
17.075965 4.68
17.091981 4.68
17.116966 4.68
17.132981 4.68
17.157966 4.68
17.173982 4.68
17.198967 4.68
17.215092 4.34
17.239983 4.68
17.255982 4.68
17.281218 4.68
17.291967 4.68
17.327469 4.68
17.343469 4.68
17.368986 4.68
17.384983 4.68
17.409968 4.68
17.425984 4.68
17.451093 4.68
17.466969 4.68
17.492218 4.68
17.503094 4.34
17.538474 4.68
17.554623 4.34
17.579985 4.68
17.595986 4.68
17.621094 4.68
17.631970 4.68
17.663999 4.68
17.674862 4.68
17.706974 4.68
17.717738 4.68
17.747971 4.68
17.763863 4.68
17.789096 4.68
17.799986 4.68
17.835221 4.68
17.846096 4.68
17.881476 4.68
17.892473 4.68
17.922751 4.68
17.933626 4.68
17.963989 4.68
17.979990 4.34
18.005098 4.68
18.015990 4.68
18.046098 4.34
18.056973 4.68
18.087098 4.68
18.097974 4.34
18.128098 4.68
18.138974 4.68
18.169099 4.68
18.179974 4.68
18.210099 4.68
18.220974 4.68
18.251099 4.68
18.261975 4.68
18.292225 4.68
18.302975 4.68
18.338477 4.68
18.354477 4.68
18.379993 4.68
18.395994 4.68
18.421101 4.68
18.431993 4.68
18.462101 4.68
18.472976 4.68
18.503101 4.68
18.513977 4.68
18.544102 4.68
18.554977 4.68
18.585102 4.68
18.595978 4.68
18.626103 4.68
18.636978 4.68
18.672353 4.68
18.688353 4.34
18.713757 4.34
18.724510 4.68
18.755103 4.68
18.765994 4.68
18.796229 4.68
18.806979 4.68
18.842480 4.68
18.858480 4.68
18.883996 4.68
18.899995 4.68
18.925105 4.68
18.935998 4.68
18.966105 4.68
18.976980 4.68
19.007105 4.68
19.017981 4.68
19.048105 4.68
19.058998 4.34
19.094356 4.34
19.105106 4.68
19.135633 4.68
19.146356 4.34
19.176998 4.68
19.193000 4.68
19.218107 4.34
19.228982 4.68
19.259106 4.68
19.269982 4.34
19.300107 4.68
19.310982 4.34
19.341107 4.68
19.351983 4.68
19.382108 4.34
19.392983 4.68
19.423108 4.34
19.433983 4.68
19.464233 4.68
19.475108 4.68
19.510485 4.68
19.526489 4.68
19.552000 4.68
19.567999 4.68
19.593109 4.68
19.603985 4.68
19.634110 4.34
19.644985 4.68
19.675110 4.68
19.685985 4.68
19.717862 4.68
19.728878 4.68
19.759111 4.68
19.769986 4.68
19.800111 4.34
19.810987 4.68
19.841111 4.68
19.851987 4.34
19.882112 4.68
19.892986 4.34
19.924863 4.34
19.935764 4.68
19.966003 4.68
19.976755 4.68
20.008863 4.68
20.019639 4.68
20.049988 4.68
20.060754 4.68
20.090988 4.34
20.101757 4.68
20.132113 4.68
20.142989 4.68
20.178364 4.68
20.190865 4.68
20.219769 4.68
20.230490 4.68
20.261005 4.68
20.271757 4.68
20.303866 4.68
20.314642 4.68
20.345006 4.68
20.361007 4.68
20.385991 4.68
20.396758 4.34
20.426991 4.68
20.437757 4.68
20.467991 4.68
20.478756 4.68
20.508991 4.34
20.519760 4.68
20.549992 4.68
20.560757 4.68
20.590992 4.68
20.601760 4.68
20.631992 4.68
20.642759 4.68
20.672993 4.68
20.683758 4.68
20.713993 4.68
20.724761 4.68
20.754994 4.68
20.765761 4.68
20.795994 4.68
20.806759 4.68
20.836994 4.68
20.847761 4.68
20.877994 4.68
20.888763 4.68
20.918994 4.68
20.929762 4.68
20.959995 4.68
20.970887 4.68
21.000995 4.68
21.011887 4.68
21.041996 4.68
21.052762 4.68
21.082996 4.68
21.093764 4.68
21.123996 4.34
21.134761 4.68
21.164996 4.68
21.175765 4.68
21.205997 4.68
21.216764 4.68
21.246997 4.68
21.257765 4.68
21.287997 4.68
21.298766 4.68
21.328998 4.68
21.339764 4.68
21.369998 4.68
21.380766 4.68
21.410998 4.68
21.421765 4.68
21.451999 4.68
21.462765 4.68
21.492999 4.68
21.503767 4.68
21.533999 4.68
21.544765 4.68
21.575000 4.68
21.585768 4.68
21.616000 4.68
21.626766 4.68
21.657000 4.68
21.667892 4.68
21.698000 4.68
21.708891 4.34
21.739019 4.68
21.749768 4.68
21.785251 4.68
21.796001 4.68
21.826376 4.68
21.842377 4.68
21.867627 4.68
21.878377 4.68
21.909017 4.68
21.919770 4.68
21.950002 4.68
21.960894 4.68
21.991003 4.68
22.001896 4.68
22.032003 4.68
22.042770 4.68
22.073003 4.68
22.083770 4.68
22.114004 4.68
22.124770 4.34
22.155004 4.68
22.165769 4.68
22.196005 4.68
22.206770 4.68
22.237005 4.68
22.247774 4.68
22.278004 4.68
22.288773 4.68
22.319005 4.34
22.329772 4.68
22.360005 4.68
22.370773 4.34
22.401131 4.68
22.412006 4.68
22.447381 4.68
22.463256 4.68
22.488786 4.68
22.504785 4.68
22.531758 4.68
22.542632 4.68
22.573132 4.68
22.584007 4.68
22.619382 4.68
22.635383 4.68
22.660786 4.68
22.676633 4.68
22.703760 4.68
22.714633 4.68
22.746760 4.68
22.757510 4.68
22.789760 4.68
22.800510 4.68
22.832761 4.34
22.843634 4.68
22.874024 4.68
22.884777 4.68
22.916761 4.34
22.927652 4.68
22.958028 4.68
22.968778 4.68
23.000762 4.68
23.011511 4.68
23.043762 4.68
23.054653 4.68
23.086762 4.68
23.097513 4.68
23.129763 4.68
23.140654 4.68
23.171027 4.68
23.181778 4.68
23.217387 4.68
23.233387 4.68
23.258789 4.68
23.274656 4.68
23.301764 4.68
23.312668 4.68
23.343028 4.68
23.353780 4.68
23.385765 4.68
23.396656 4.68
23.427031 4.68
23.437778 4.68
23.473388 4.68
23.489264 4.68
23.514794 4.68
23.530656 4.68
23.561264 4.68
23.573766 4.68
23.605669 4.68
23.621655 4.68
23.647032 4.68
23.657905 4.68
23.688265 4.68
23.700642 4.68
23.729547 4.68
23.740266 4.68
23.771033 4.68
23.781908 4.68
23.817267 4.68
23.829671 4.68
23.858392 4.68
23.869267 4.68
23.899908 4.68
23.910909 4.68
23.941267 4.68
23.957393 4.68
23.982393 4.68
23.993142 4.68
24.023797 4.68
24.039795 4.68
24.070269 4.68
24.086143 4.68
24.111519 4.34
24.122393 4.68
24.152800 4.68
24.163549 4.68
24.199269 4.68
24.215269 4.68
24.240520 4.68
24.251395 4.68
24.282037 4.68
24.292913 4.68
24.328270 4.68
24.344396 4.68
24.369522 4.68
24.380396 4.68
24.410798 4.68
24.421522 4.68
24.457396 4.68
24.468271 4.68
24.498799 4.68
24.509523 4.68
24.545396 4.68
24.556147 4.68
24.586801 4.68
24.597666 4.68
24.633273 4.68
24.649398 4.68
24.674524 4.68
24.685398 4.68
24.715666 4.34
24.731789 4.68
24.757041 4.68
24.767789 4.68
24.803274 4.68
24.819149 4.68
24.844525 4.68
24.855399 4.68
24.886042 4.68
24.896790 4.68
24.927275 4.68
24.943150 4.68
24.968556 4.68
24.979400 4.68
25.010049 4.68
25.020916 4.68
25.051276 4.68
25.067276 4.68
25.092527 4.68
25.103401 4.68
25.133807 4.68
25.144680 4.68
25.180152 4.68
25.191027 4.68
25.221278 4.68
25.237277 4.68
25.262529 4.68
25.273402 4.68
25.303805 4.68
25.314529 4.68
25.350403 4.68
25.361153 4.68
25.391807 4.68
25.402682 4.68
25.438404 4.68
25.449154 4.68
25.479806 4.68
25.490531 4.68
25.526154 4.68
25.537045 4.68
25.567279 4.68
25.583279 4.68
25.608531 4.68
25.619405 4.68
25.649922 4.68
25.660673 4.68
25.696281 4.68
25.712406 4.68
25.740683 4.68
25.756683 4.68
25.783673 4.68
25.794548 4.68
25.830407 4.68
25.841282 4.68
25.871924 4.68
25.882812 4.68
25.918282 4.68
25.934407 4.68
25.959549 4.68
25.970408 4.68
26.000924 4.68
26.011675 4.68
26.047408 4.68
26.058159 4.68
26.088811 4.68
26.099686 4.68
26.135284 4.68
26.151284 4.68
26.176535 4.68
26.187410 4.68
26.217814 4.68
26.228535 4.68
26.264285 4.68
26.280160 4.68
26.305536 4.68
26.318160 4.68
26.346812 4.68
26.357537 4.68
26.393411 4.68
26.404161 4.68
26.434815 4.68
26.445690 4.68
26.481162 4.68
26.493538 4.68
26.522287 4.68
26.538412 4.68
26.566689 4.68
26.582680 4.68
26.609538 4.68
26.620413 4.68
26.650692 4.68
26.666680 4.68
26.697288 4.68
26.713288 4.68
26.741692 4.68
26.757803 4.68
26.788289 4.68
26.804414 4.68
26.832691 4.68
26.848558 4.68
26.879414 4.68
26.890165 4.68
26.920816 4.68
26.931559 4.68
26.962040 4.68
26.972806 4.68
27.003040 4.68
27.013808 4.68
27.044041 4.68
27.054934 4.68
27.085166 4.68
27.101291 4.68
27.126292 4.34
27.137166 4.68
27.167417 4.68
27.178292 4.68
27.208821 4.68
27.219696 4.68
27.250168 4.68
27.266292 4.68
27.291293 4.68
27.302168 4.68
27.332544 4.68
27.348698 4.68
27.379293 4.68
27.390168 4.68
27.420545 4.68
27.436696 4.68
27.467294 4.68
27.478169 4.68
27.508546 4.68
27.524698 4.68
27.555295 4.68
27.566045 4.68
27.596547 4.68
27.612700 4.68
27.637937 4.68
27.648687 4.68
27.679171 4.68
27.695296 4.68
27.720296 4.34
27.731062 4.68
27.761548 4.68
27.777700 4.68
27.802824 4.68
27.813548 4.68
27.844172 4.68
27.860297 4.68
27.885297 4.68
27.896172 4.68
27.926549 4.68
27.942549 4.68
27.967701 4.68
27.978550 4.68
28.014298 4.68
28.025048 4.68
28.055549 4.68
28.071701 4.68
28.096827 4.68
28.107702 4.68
28.138174 4.68
28.154299 4.68
28.179299 4.68
28.190050 4.68
28.220551 4.68
28.236701 4.68
28.261829 4.68
28.272704 4.68
28.303092 4.68
28.319312 4.34
28.344721 4.34
28.360950 4.34
28.386317 4.34
28.397181 4.34
28.427836 4.34
28.438708 4.34
28.469303 4.34
28.480179 4.34
28.510582 4.34
28.526705 4.34
28.557302 4.34
28.568052 4.34
28.598578 4.34
28.614580 4.34
28.641581 4.34
28.652428 4.34
28.688302 4.34
28.699053 4.34
28.731613 4.34
28.742562 4.34
28.778433 4.34
28.791058 4.34
28.821562 4.34
28.832432 4.34
28.864561 4.34
28.875431 4.34
28.907559 4.34
28.918430 4.34
28.948834 4.34
28.959710 4.34
28.990180 4.34
29.006306 4.34
29.031306 4.34
29.042056 4.34
29.072585 4.34
29.088708 4.34
29.119307 4.34
29.130182 4.34
29.160587 4.34
29.176558 4.34
29.207307 4.34
29.218057 4.34
29.248585 4.34
29.264577 4.34
29.295308 4.34
29.306183 4.34
29.336433 4.34
29.348825 4.34
29.379438 4.34
29.390308 4.34
29.426308 4.34
29.437059 4.34
29.467559 4.34
29.483559 4.34
29.514077 4.34
29.526439 4.34
29.555729 4.34
