0.000000 0.000000
0.041865 4.02
0.052836 4.02
0.083082 4.02
0.098954 4.02
0.124905 3.01
0.136152 2.34
0.172152 2.34
0.190160 2.34
0.213709 2.34
0.224708 2.34
0.255347 2.34
0.266221 2.34
0.296862 2.34
0.307704 2.34
0.338342 2.34
0.349218 2.34
0.379854 2.34
0.390700 2.34
0.421339 2.34
0.432213 2.34
0.462326 2.34
0.473217 2.34
0.503326 2.34
0.514216 2.34
0.546103 2.34
0.556852 2.34
0.589104 2.34
0.599951 2.34
0.630327 2.34
0.641218 2.34
0.673103 2.34
0.683855 2.34
0.716103 2.34
0.726852 2.34
0.759105 2.34
0.769856 2.34
0.800895 2.34
0.811900 2.34
0.847711 2.34
0.858710 2.34
0.889470 2.34
0.905909 2.34
0.931106 2.34
0.947359 2.34
0.972909 2.34
0.983995 3.01
1.019717 4.02
1.030714 4.02
1.061353 4.02
1.072350 4.02
1.102867 4.02
1.113709 4.02
1.144349 4.02
1.155224 4.02
1.185861 4.02
1.196707 4.02
1.227348 4.02
1.238221 4.02
1.269983 4.02
1.280856 4.02
1.311346 4.02
1.322221 4.02
1.357457 4.02
1.368346 4.02
1.398457 4.02
1.409348 4.02
1.439457 4.02
1.455722 4.02
1.481123 4.34
1.497473 4.02
1.522876 4.02
1.533896 4.34
1.569716 4.34
1.580716 4.34
1.611358 4.02
1.622232 4.34
1.652875 4.34
1.663712 4.34
1.694227 4.34
1.705228 4.34
1.735585 4.34
1.751460 4.34
1.776866 4.34
1.787710 4.02
1.818225 4.34
1.828960 4.34
1.864586 4.34
1.880586 4.34
1.905868 4.34
1.916586 4.34
1.947230 4.34
1.957961 4.34
1.993461 4.02
2.004351 4.34
2.034587 4.34
2.050587 4.34
2.075865 4.34
2.086712 4.34
2.122724 4.34
2.133722 4.34
2.166014 4.34
2.176888 4.34
2.212904 4.34
2.229245 4.68
2.259720 4.34
2.270720 4.68
2.301360 4.68
2.312234 4.68
2.342876 4.34
2.353716 4.34
2.384233 4.68
2.395234 4.68
2.430715 4.68
2.441715 4.68
2.472230 4.68
2.483255 4.68
2.513902 4.68
2.526475 4.68
2.560722 4.68
2.571722 4.68
2.602240 4.68
2.613236 4.68
2.643718 4.68
2.654593 4.68
2.685233 4.68
2.696236 4.68
2.726592 4.68
2.742717 4.68
2.767870 4.68
2.780467 4.68
2.814997 4.68
2.831249 4.68
2.856725 4.68
2.867724 4.68
2.900010 4.68
2.910887 4.68
2.946721 4.68
2.957596 4.68
2.988234 4.68
2.999237 4.68
3.029594 4.68
3.045719 4.68
3.070873 4.68
3.083344 4.68
3.117733 4.68
3.128733 4.68
3.164603 4.68
3.180727 4.68
3.206244 4.68
3.217243 4.68
3.247598 4.68
3.263598 4.68
3.288989 4.68
3.304988 4.68
3.330239 4.68
3.341003 4.68
3.376721 4.68
3.387596 4.68
3.418248 4.68
3.429256 4.68
3.459601 4.34
3.475726 4.34
3.506610 4.34
3.517608 4.34
3.548250 4.34
3.559248 4.34
3.589727 4.34
3.600602 4.34
3.631245 4.34
3.641992 4.34
3.672600 4.34
3.688725 4.34
3.713879 4.34
3.726474 4.34
3.760599 4.34
3.776474 4.34
3.801877 4.34
3.814364 4.34
3.846005 4.34
3.862243 4.34
3.892600 4.34
3.908475 4.34
3.937002 4.34
3.952993 4.34
3.983601 4.34
3.999475 4.34
4.028009 4.34
4.044117 4.34
4.074601 4.34
4.090476 4.34
4.119004 4.34
4.134995 4.34
4.165602 4.34
4.181477 4.34
4.210006 4.34
4.226243 4.34
4.251353 4.34
4.262243 4.34
4.292478 4.34
4.308602 4.34
4.333603 4.34
4.344478 4.34
4.374854 4.34
4.387370 4.34
4.421604 4.34
4.432353 4.34
4.462883 4.34
4.479006 4.34
4.509604 4.34
4.520479 4.34
4.550884 4.34
4.567009 4.34
4.597604 4.34
4.608480 4.34
4.638883 4.34
4.655009 4.34
4.680247 4.34
4.690997 4.34
4.721481 4.34
4.737481 4.34
4.762606 4.34
4.773356 4.34
4.803731 4.34
4.814606 4.02
4.845138 4.34
4.856010 4.34
4.886482 4.34
4.902607 4.34
4.927607 4.34
4.938482 4.34
4.968858 4.34
4.985011 4.34
5.009999 4.34
5.020860 4.34
5.056608 4.34
5.067483 4.34
5.097733 4.34
5.108483 4.34
5.139138 4.34
5.150012 4.34
5.180359 4.34
5.191127 4.34
5.221359 4.34
5.232124 4.34
5.262359 4.34
5.273127 4.34
5.303485 4.34
5.319610 4.34
5.344610 4.34
5.355360 4.34
5.385861 4.34
5.402014 4.34
5.432611 4.34
5.443361 4.34
5.473889 4.34
5.490015 4.34
5.515128 4.34
5.525862 4.34
5.556486 4.34
5.572612 4.34
5.597611 4.34
5.608486 4.34
5.638864 4.34
5.654864 4.34
5.685612 4.34
5.696363 4.34
5.726864 4.34
5.743017 4.34
5.768142 4.34
5.779017 4.34
5.809488 4.34
5.825613 4.34
5.850613 4.34
5.861489 4.34
5.891865 4.34
5.908016 4.34
5.938614 4.34
5.949490 4.34
5.979739 4.34
5.990490 4.34
6.022869 4.34
6.033740 4.34
6.064144 4.34
6.075019 4.34
6.105491 4.34
6.121615 4.34
6.146616 4.34
6.157366 4.34
6.187867 4.34
6.204020 4.34
6.234616 4.34
6.245492 4.34
6.275867 4.34
6.292019 4.34
6.317019 4.34
6.327742 4.34
6.363617 4.34
6.374368 4.34
6.404868 4.34
6.420868 4.34
6.451618 4.34
6.462493 4.34
6.492885 4.34
6.509022 4.34
6.535873 4.34
6.546743 4.34
6.582619 4.34
6.593494 4.34
6.623744 4.34
6.636370 4.34
6.665022 4.34
6.675871 4.34
6.706370 4.34
6.718749 4.34
6.747495 4.34
6.763620 4.34
6.788620 4.34
6.799495 4.34
6.829900 4.34
6.846022 4.34
6.871386 4.34
6.883764 4.34
6.912621 4.34
6.923496 4.34
6.953872 4.34
6.970026 4.34
7.000389 4.34
7.012751 4.34
7.041622 4.34
7.052497 4.34
7.082873 4.34
7.093747 4.34
7.129391 4.34
7.141787 4.34
7.170622 4.34
7.181373 4.34
7.211748 4.34
7.227874 4.34
7.258391 4.34
7.274389 4.34
7.299624 4.34
7.310374 4.34
7.340875 4.34
7.351749 4.34
7.387393 4.34
7.403392 4.34
7.428625 4.34
7.439375 4.34
7.469905 4.34
7.480750 4.34
7.511390 4.34
7.527500 4.34
7.552625 4.34
7.563500 4.34
7.593878 4.34
7.604751 4.34
7.640393 4.34
7.656394 4.34
7.681627 4.34
7.692376 4.34
7.722752 4.34
7.738752 4.34
7.769394 4.34
7.785395 4.34
7.810627 4.34
7.821503 4.02
7.851906 4.34
7.862753 4.02
7.893394 4.34
7.909503 4.34
7.934628 4.34
7.945503 4.34
7.975897 4.02
7.986753 4.34
8.022397 4.34
8.038395 4.34
8.063629 4.34
8.074504 4.34
8.104897 4.34
8.115754 4.34
8.151505 4.34
8.162397 4.34
8.192630 4.02
8.203505 4.02
8.233755 4.34
8.249756 4.34
8.280399 4.34
8.296397 4.34
8.321631 4.34
8.332381 4.34
8.362883 4.34
8.373756 4.34
8.409399 4.34
8.425397 4.34
8.450632 4.34
8.461506 4.34
8.491883 4.34
8.502757 4.34
8.538399 4.34
8.554399 4.34
8.579633 4.34
8.590508 4.34
8.620885 4.34
8.631758 4.34
8.667401 4.34
8.683401 4.34
8.708634 4.34
8.719384 4.34
8.749886 4.34
8.760758 4.34
8.796401 4.34
8.812402 4.34
8.837634 4.02
8.848509 4.34
8.878887 4.34
8.889760 4.34
8.925635 4.34
8.938151 4.34
8.971766 4.02
9.001404 4.34
9.017401 4.02
9.042636 4.34
9.053511 4.02
9.083916 4.02
9.094636 4.34
9.125387 4.34
9.141404 4.34
9.166386 4.34
9.182387 4.34
9.207512 4.34
9.218280 4.34
9.248638 4.02
9.261155 4.34
9.289888 4.34
9.300762 4.34
9.336404 4.34
9.352406 4.34
9.377638 4.34
9.388389 4.34
9.418889 4.34
9.429638 4.34
9.465407 4.34
9.481514 4.34
9.506639 4.34
9.519029 4.34
9.552673 4.02
9.563652 4.02
9.599523 4.02
9.610397 4.34
9.642653 4.34
9.653520 4.02
9.689409 4.02
9.700185 4.02
9.730768 4.34
9.746767 4.02
9.772158 4.02
9.782891 4.02
9.813281 4.02
9.825670 4.02
9.854395 4.02
9.865528 4.02
9.895898 4.34
9.906777 4.02
9.937290 4.02
9.949681 4.02
9.978769 4.02
9.989644 4.34
10.020161 4.02
10.032674 4.02
10.061393 4.02
10.072158 4.02
10.102519 4.02
10.113285 4.02
10.143643 4.02
10.159519 4.34
10.190287 4.02
10.206286 4.02
10.231394 4.02
10.242159 4.34
10.272395 4.34
10.288286 4.34
10.313395 4.34
10.324163 4.34
10.354395 4.02
10.365162 4.02
10.395395 4.34
10.406160 4.34
10.436396 4.34
10.447163 4.34
10.477396 4.02
10.488162 4.02
10.518521 4.02
10.529288 4.34
10.559830 4.34
