0.000000 0.000000
0.041959 4.34
0.053000 4.34
0.083600 4.34
0.096272 2.66
0.125368 2.66
0.143284 2.66
0.166974 2.66
0.177961 2.66
0.213830 2.34
0.230116 2.34
0.255453 2.66
0.266216 2.66
0.296981 2.66
0.307826 2.66
0.338216 2.34
0.354089 2.66
0.379449 2.34
0.390213 2.34
0.425699 2.34
0.436448 2.34
0.466973 2.34
0.477698 2.34
0.513449 2.66
0.524339 2.34
0.559700 2.34
0.584214 2.34
0.600214 2.34
0.625324 2.66
0.641325 2.66
0.666326 2.34
0.677215 2.34
0.707325 2.34
0.718218 2.34
0.748326 2.34
0.759489 2.34
0.789851 2.34
0.800841 2.34
0.831461 2.34
0.842467 2.34
0.873108 2.34
0.885742 2.34
0.920001 2.34
0.930979 2.34
0.966908 2.34
0.977981 4.02
1.013838 4.02
1.024837 4.02
1.055350 4.02
1.066097 4.34
1.096832 4.02
1.112718 4.34
1.138345 4.34
1.149224 4.34
1.179831 4.02
1.195715 4.02
1.221218 4.02
1.237096 4.34
1.262221 4.34
1.278093 4.34
1.303220 4.02
1.319096 4.34
1.344221 4.34
1.363221 4.02
1.380107 4.02
1.405455 4.02
1.416219 4.02
1.447121 4.02
1.463347 4.34
1.491471 4.02
1.502482 4.34
1.533017 4.34
1.544013 4.34
1.579882 4.34
1.590876 4.02
1.621462 4.34
1.632343 4.34
1.662839 4.34
1.673879 4.34
1.704354 4.34
1.715107 4.34
1.745836 4.34
1.756587 4.34
1.787103 4.34
1.803129 4.34
1.828460 4.34
1.839223 4.34
1.874717 4.34
1.890584 4.34
1.918987 4.34
1.929862 4.34
1.960335 4.34
1.971100 4.34
2.001335 4.34
2.012101 4.34
2.042460 4.34
2.053229 4.34
2.088719 4.02
2.113116 4.34
2.128988 4.34
2.154337 4.34
2.165228 4.34
2.195461 4.34
2.206229 4.34
2.241715 4.34
2.257715 4.34
2.283227 4.34
2.299230 4.34
2.324337 4.34
2.335230 4.34
2.365338 4.34
2.376231 4.34
2.406338 4.34
2.417228 4.34
2.447463 4.34
2.458338 4.34
2.493716 4.34
2.509716 4.34
2.535230 4.34
2.551230 4.34
2.576339 4.34
2.587232 4.34
2.617340 4.34
2.628233 4.34
2.658465 4.34
2.669340 4.34
2.704719 4.34
2.729234 4.34
2.758720 4.34
2.774719 4.34
2.800231 4.34
2.816233 4.34
2.841341 4.34
2.852234 4.34
2.882341 4.34
2.893234 4.34
2.928980 4.34
2.941480 4.34
2.975902 4.34
2.986896 4.34
3.019131 4.34
3.030004 4.68
3.065979 4.68
3.076909 4.68
3.112890 4.68
3.123730 4.68
3.156117 4.68
3.167005 4.68
3.202726 4.68
3.218726 4.68
3.244235 4.68
3.260236 4.68
3.285345 4.68
3.296236 4.68
3.328125 4.68
3.339127 4.68
3.374980 4.68
3.385907 4.68
3.421893 4.68
3.432730 4.68
3.468727 4.68
3.479599 4.68
3.510240 4.68
3.526240 4.68
3.551348 4.68
3.562240 4.68
3.594128 4.68
3.604876 4.68
3.640916 4.68
3.651918 4.68
3.684151 4.68
3.695124 4.68
3.725603 4.68
3.738137 4.68
3.767244 4.68
3.777990 4.68
3.808600 4.68
3.821132 4.68
3.849728 4.68
3.860599 4.68
3.891241 4.68
3.902003 4.68
3.937898 4.68
3.948893 4.68
3.984732 5.00
3.995604 5.35
4.026244 5.35
4.036996 5.35
4.067602 5.35
4.083727 5.35
4.108601 5.35
4.120977 5.35
4.149877 5.35
4.160727 5.35
4.191351 5.35
4.202244 5.35
4.237601 5.35
4.253727 5.35
4.279128 5.35
4.295245 5.35
4.320743 5.69
4.331742 5.69
4.362361 5.35
4.373360 5.35
4.403895 5.35
4.414734 5.35
4.445356 5.35
4.456231 5.35
4.486605 5.35
4.502605 5.35
4.527885 5.35
4.538730 5.35
4.569354 5.35
4.580246 5.35
4.615479 5.35
4.626229 5.35
4.656604 5.35
4.672612 5.00
4.698254 4.34
4.709252 4.34
4.739891 4.34
4.750736 4.34
4.781357 4.34
4.792247 4.34
4.822606 4.34
4.838606 4.34
4.863883 4.34
4.874606 4.34
4.905248 4.34
4.915996 4.34
4.946357 4.34
4.957231 4.34
4.992481 4.34
5.003232 4.34
5.034008 4.34
5.050009 4.34
5.075362 4.34
5.086237 4.34
5.116738 4.34
5.127610 4.34
5.158253 4.34
5.169002 4.34
5.199609 4.34
5.215609 4.34
5.244013 4.34
5.260017 4.34
5.285359 4.34
5.296250 4.34
5.331484 4.34
5.342359 4.34
5.372609 4.34
5.388484 4.34
5.413889 4.34
5.424755 4.34
5.455251 4.34
5.466002 4.34
5.501611 4.34
5.517611 4.34
5.543000 4.34
