0.000000 0.000000
0.041976 4.34
0.052947 4.34
0.083525 4.34
0.096276 2.66
0.125092 2.66
0.137833 2.66
0.171954 2.66
0.182952 2.66
0.215240 2.34
0.226197 2.66
0.256837 2.66
0.267836 2.34
0.298353 2.34
0.309194 2.66
0.339833 2.66
0.355942 2.34
0.381067 2.66
0.391942 2.66
0.422341 2.66
0.433192 2.66
0.463831 2.66
0.479942 2.66
0.505067 2.66
0.517581 2.66
0.546346 2.34
0.557193 2.66
0.592943 2.34
0.603832 2.66
0.634068 2.66
0.646460 2.34
0.675345 2.34
0.686193 2.66
0.721944 2.34
0.732834 2.34
0.763519 2.66
0.774513 2.34
0.805079 2.66
0.821329 2.66
0.851960 2.34
0.862972 2.66
0.898955 2.66
0.909953 2.34
0.945838 2.34
0.956837 3.33
0.987508 4.02
0.998503 4.34
1.029078 4.02
1.045328 4.02
1.075950 4.02
1.086950 4.02
1.117327 4.34
1.128199 4.02
1.158715 4.34
1.171100 4.34
1.199948 4.02
1.210823 4.02
1.241072 4.02
1.253463 4.02
1.282349 4.02
1.293198 4.02
1.323714 4.34
1.339587 4.34
1.364824 4.34
1.375712 4.34
1.405949 4.02
1.416867 4.02
1.452868 4.34
1.463840 4.34
1.494480 4.34
1.505513 4.34
1.536086 4.34
1.552348 4.34
1.582958 4.34
1.593958 4.34
1.629841 4.34
1.640839 4.34
1.671510 4.34
1.682506 4.34
1.713082 4.34
1.729081 4.34
1.759847 4.34
1.770597 4.34
1.801204 4.34
1.812078 4.34
1.847844 4.34
1.858622 4.34
1.889202 4.34
1.899953 4.34
1.935845 4.34
1.946718 4.34
1.977078 4.34
1.992954 4.34
2.018329 4.34
2.029204 4.34
2.059596 4.34
2.075722 4.34
2.100829 4.34
2.111596 4.34
2.141955 4.34
2.152722 4.34
2.183080 4.34
2.199080 4.34
2.224330 4.34
2.235080 4.34
2.265597 4.34
2.281598 4.34
2.306831 4.34
2.317598 4.34
2.347956 4.34
2.358723 4.34
2.389081 4.34
2.405081 4.34
2.438722 4.34
2.454725 4.34
2.479832 4.34
2.490600 4.34
2.520957 4.34
2.531723 4.34
2.562082 4.34
2.578082 4.34
2.603333 4.34
2.614083 4.34
2.644600 4.34
2.655333 4.34
2.685833 4.34
2.696598 4.34
2.726959 4.34
2.737726 4.34
2.768084 4.34
2.783959 4.34
2.814725 4.34
2.830726 4.34
2.855960 4.34
2.866726 4.34
2.897085 4.34
2.913085 4.34
2.938335 4.34
2.949085 4.34
2.979603 4.34
2.995600 4.34
3.020961 4.34
3.033494 4.34
3.062085 4.34
3.077961 4.34
3.108726 4.34
3.124730 4.34
3.149962 4.34
3.160730 4.34
3.191087 4.34
3.207087 4.34
3.234088 4.34
3.244837 4.34
3.280730 4.34
3.296606 4.34
3.321963 4.34
3.334492 4.34
3.363222 4.34
3.373963 4.34
3.404617 4.34
3.415338 4.34
3.445838 4.34
3.456605 4.34
3.486839 4.34
3.497604 4.34
3.527964 4.34
3.540366 4.34
3.569090 4.34
3.585090 4.34
3.611997 4.34
3.622840 4.34
3.658734 4.34
3.674606 4.34
3.699840 4.34
3.710732 4.34
3.740841 4.34
3.751733 4.34
3.781966 4.34
3.794370 4.34
3.823091 4.34
3.839091 4.34
3.869494 4.34
3.880221 4.34
3.910842 4.34
3.921732 4.34
3.951967 4.34
3.967968 4.34
3.993092 4.34
4.003842 4.34
4.039736 4.34
4.050736 4.34
4.080843 4.34
4.091736 4.34
4.121844 4.34
4.132736 4.34
4.162844 4.34
4.173737 4.34
4.203969 4.34
4.219970 4.34
4.245094 4.02
4.255844 4.34
4.291739 4.34
4.302736 4.34
4.332845 4.34
4.343738 4.34
4.373971 4.34
4.389970 4.34
4.415096 4.34
4.425971 4.34
4.461738 4.34
4.472500 4.34
4.502846 4.34
4.513736 4.34
4.543846 4.34
4.554737 4.34
4.584972 4.34
4.600847 4.34
4.626097 4.34
4.636847 4.34
4.672738 4.34
4.683499 4.34
4.714098 4.34
4.724848 4.34
4.760740 4.34
4.771502 4.34
4.801849 4.34
4.812741 4.34
4.842974 4.34
4.858849 4.34
4.884099 4.34
4.894974 4.34
4.930740 4.34
4.941504 4.34
4.971850 4.34
4.982740 4.34
5.012850 4.34
5.023743 4.34
5.053850 4.34
5.064747 4.34
5.094850 4.34
5.105742 4.34
5.135851 4.34
5.146743 4.34
5.176976 4.34
5.192976 4.34
5.218101 4.34
5.228976 4.34
5.264504 4.34
5.275228 4.34
5.305852 4.34
5.316744 4.34
5.346977 4.34
5.362852 4.34
5.387977 4.34
5.403978 4.34
5.429103 4.34
5.439853 4.34
5.475745 4.34
5.486496 4.34
5.516872 4.34
5.527746 4.34
5.557854 4.34
5.568746 4.34
5.598854 4.34
5.609746 4.34
5.639854 4.34
5.650730 4.34
5.680855 4.34
5.691746 4.34
5.721855 4.34
5.732730 4.02
5.762981 4.34
5.778855 4.34
5.804106 4.34
5.814980 4.34
5.850508 4.34
5.861232 4.34
5.891746 4.34
5.902498 4.34
5.932857 4.34
5.943746 4.34
5.973857 4.34
5.984732 4.34
6.014857 4.34
6.027388 4.34
6.055982 4.34
6.071874 4.34
6.097108 4.34
6.107858 4.34
6.138512 4.02
6.154513 4.34
6.179750 4.34
6.190501 4.34
6.220984 4.34
6.236859 4.34
6.262109 4.34
6.272859 4.34
6.303514 4.34
6.319626 4.34
6.344859 4.34
6.357255 4.34
6.385984 4.34
6.401860 4.34
6.427110 4.34
6.437985 4.34
6.473515 4.34
6.489503 4.34
6.514860 4.34
6.530861 4.34
6.555986 4.34
6.571861 4.34
6.597111 4.34
6.607861 4.34
6.643504 4.34
6.659504 4.34
6.684862 4.34
6.700862 4.34
6.725862 4.34
6.738239 4.34
6.766988 4.34
6.782863 4.34
6.808113 4.34
6.818863 4.34
6.849515 4.34
6.865505 4.34
6.890864 4.34
6.903240 4.34
6.931989 4.34
6.947864 4.34
6.973114 4.34
6.983989 4.34
7.019518 4.34
7.035517 4.34
7.060757 4.34
7.071506 4.34
7.101865 4.34
7.117865 4.02
7.142865 4.34
7.158866 4.34
7.183866 4.34
7.199866 4.34
7.224866 4.34
7.240866 4.34
7.265991 4.34
7.281866 4.34
7.307116 4.34
7.317992 4.34
7.348521 4.34
7.364520 4.34
7.389867 4.34
7.405867 4.34
7.430867 4.02
7.446742 4.34
7.471868 4.34
7.487867 4.34
7.512868 4.34
7.528868 4.34
7.553868 4.34
7.569760 4.34
7.594868 4.34
7.610744 4.02
7.635869 4.34
7.651869 4.34
7.676869 4.34
7.692869 4.34
7.717869 4.34
7.733744 4.34
7.758870 4.34
7.774869 4.34
7.799870 4.34
7.815745 4.34
7.840870 4.34
7.856870 4.34
7.881871 4.34
7.897746 4.34
7.922871 4.34
7.938871 4.34
7.963871 4.34
7.979746 4.34
8.004872 4.34
8.020747 4.34
8.045871 4.34
8.061747 4.34
8.086872 4.34
8.102872 4.34
8.127872 4.34
8.143748 4.34
8.168873 4.34
8.184748 4.34
8.209873 4.34
8.225873 4.34
8.250873 4.02
8.266873 4.34
8.291873 4.34
8.307874 4.34
8.332873 4.34
8.348874 4.34
8.373874 4.34
8.389750 4.34
8.414999 4.02
8.425874 4.34
8.456125 4.34
8.466875 4.02
8.497530 4.34
8.513642 4.34
8.538876 4.02
8.554875 4.34
8.579875 4.34
8.595876 4.34
8.620875 4.34
8.636876 4.34
8.661876 4.34
8.677752 4.34
8.702876 4.34
8.718752 4.34
8.744001 4.34
8.754877 4.34
8.786878 4.34
8.797767 4.34
8.827877 4.34
8.843878 4.34
8.868877 4.34
8.884878 4.34
8.909878 4.34
8.925878 4.34
8.950878 4.34
8.966753 4.34
8.991878 4.34
9.007878 4.34
9.032879 4.02
9.048879 4.34
9.073878 4.34
9.089897 4.34
9.114880 4.34
9.130754 4.34
9.155880 4.34
9.171880 4.34
9.196879 4.34
9.212755 4.34
9.237880 4.34
9.248756 4.34
9.278880 4.34
9.289756 4.34
9.320006 4.34
9.330756 4.34
9.366258 4.34
9.378758 4.34
9.407772 4.34
9.423775 4.34
9.448757 4.34
9.461132 4.34
9.489882 4.34
9.505758 4.34
9.531132 4.34
9.541882 4.34
9.572409 4.34
9.588382 4.34
9.613776 4.34
9.629883 4.34
9.654758 4.34
9.670774 4.34
9.695758 4.34
9.708134 4.34
9.736759 4.34
9.752776 4.34
9.777759 4.34
9.793760 4.34
9.818760 4.34
9.831135 4.34
9.859760 4.34
9.875777 4.34
9.900760 4.34
9.916885 4.34
9.941760 4.34
9.957760 4.34
9.982761 4.34
9.998761 4.34
10.023761 4.34
10.039761 4.34
10.064761 4.34
10.080762 4.34
10.105761 4.34
10.121762 4.34
10.146762 4.34
10.162777 4.34
10.187762 4.34
10.203888 4.34
10.228762 4.34
10.244762 4.34
10.269763 4.34
10.285763 4.34
10.310763 4.34
10.326780 4.34
10.351764 4.34
10.367780 4.34
10.392764 4.34
10.408654 4.34
10.433764 4.34
10.449780 4.34
10.474764 4.34
10.490890 4.34
10.515765 4.34
10.531765 4.34
10.556765 4.34
10.572765 4.34
10.597782 4.34
10.613780 4.34
10.638766 4.34
10.654765 4.34
10.679766 4.34
10.695765 4.02
10.720766 4.34
10.736783 4.34
10.761766 4.34
10.777891 4.34
10.802766 4.34
10.818767 4.34
10.843767 4.34
10.859767 4.34
10.884767 4.34
10.900767 4.34
10.925767 4.34
10.941768 4.34
10.966768 4.34
10.982767 4.34
11.007768 4.34
11.023785 4.34
11.048768 4.34
11.064893 4.34
11.089769 4.34
11.105769 4.34
11.130769 4.34
11.146769 4.34
11.171769 4.34
11.187769 4.34
11.212769 4.34
11.228770 4.34
11.253769 4.34
11.269770 4.34
11.294770 4.34
11.310787 4.34
11.335770 4.34
11.351896 4.34
11.376771 4.34
11.392771 4.34
11.417771 4.34
11.433661 4.34
11.458772 4.34
11.474771 4.34
11.499772 4.34
11.515771 4.34
11.540772 4.34
11.556772 4.34
11.581772 4.34
11.597772 4.34
11.622772 4.34
11.638897 4.34
11.663773 4.34
11.679773 4.34
11.704773 4.34
11.720773 4.34
11.745898 4.34
11.756773 4.34
11.788775 4.34
11.799540 4.34
11.829899 4.34
11.840774 4.34
11.872776 4.34
11.883541 4.34
11.913775 4.34
11.929774 4.34
11.954900 4.34
11.965775 4.34
12.001150 4.34
12.011900 4.34
12.042554 4.34
12.053401 4.34
12.083900 4.34
12.094794 4.34
12.130151 4.34
12.141026 4.34
12.171556 4.34
12.182401 4.34
12.212901 4.34
12.223777 4.34
12.255653 4.34
12.266555 4.34
12.296902 4.34
12.307777 4.34
12.343152 4.34
12.359153 4.34
12.384556 4.34
12.395422 4.34
12.425795 4.34
12.436546 4.34
12.466779 4.34
12.477545 4.34
12.507904 4.34
12.518797 4.34
12.554154 4.34
12.570154 4.34
12.595670 4.34
12.611671 4.34
12.636797 4.34
12.652796 4.34
12.683155 4.34
12.693905 4.34
12.724559 4.34
12.735422 4.34
12.765781 4.34
12.776548 4.34
12.806906 4.34
12.817781 4.34
12.853156 4.34
12.863906 4.34
12.894560 4.34
12.905422 4.34
12.935907 4.34
12.946782 4.34
12.982157 4.34
12.992907 4.34
13.023560 4.34
13.034425 4.34
13.064783 4.34
13.075551 4.34
13.105908 4.34
13.116783 4.34
13.152158 4.34
13.162908 4.34
13.193561 4.34
13.204284 4.34
13.234909 4.34
13.245784 4.34
13.281159 4.34
13.291909 4.34
13.322564 4.34
13.333285 4.34
13.363909 4.34
13.374803 4.34
13.410160 4.34
13.420910 4.34
13.451563 4.34
13.462286 4.34
13.492786 4.34
13.503554 4.34
13.533786 4.34
13.544554 4.34
13.574786 4.34
13.585554 4.34
13.615787 4.34
13.626553 4.34
13.656787 4.34
13.667552 4.34
13.697912 4.34
13.708788 4.34
13.744162 4.34
13.755038 4.34
13.785568 4.34
13.798163 4.34
13.826913 4.34
13.837805 4.34
13.873163 4.34
13.883914 4.34
13.914567 4.34
13.927164 4.34
13.955789 4.34
13.966556 4.34
13.996914 4.34
14.007789 4.34
14.043164 4.34
14.053915 4.34
14.084568 4.34
14.097040 4.34
14.125916 4.34
14.136808 4.34
14.172165 4.34
14.184667 4.34
14.213570 4.34
14.226166 4.34
14.254791 4.34
14.265685 4.34
14.295916 4.34
14.306792 4.34
14.342167 4.34
14.354668 4.34
14.383569 4.34
14.396042 4.34
14.424918 4.34
14.435810 4.34
14.471168 4.34
14.487168 4.34
14.512687 4.34
14.528572 4.34
14.559168 4.34
14.571669 4.34
14.600573 4.34
14.613044 4.34
14.641794 4.34
14.652693 4.34
14.682794 4.34
14.693685 4.34
14.723919 4.34
14.734795 4.34
14.770169 4.34
14.786170 4.34
14.811686 4.34
14.827812 4.34
14.852810 4.34
14.863686 4.34
14.899171 4.34
14.915171 4.34
14.940454 4.34
14.951312 4.02
14.981815 4.34
14.992565 4.02
15.022922 4.34
15.033797 4.34
15.069172 4.34
15.085047 4.34
15.110577 4.34
15.126576 4.34
15.151923 4.34
15.162798 4.34
15.198173 4.34
15.214048 4.34
15.239576 4.34
15.255575 4.34
15.280923 4.34
15.291799 4.34
15.327174 4.34
15.343049 4.34
15.368578 4.34
15.384452 4.34
15.409925 4.34
15.420800 4.34
15.456175 4.34
15.472175 4.34
15.497690 4.34
15.513817 4.34
15.538800 4.34
15.549569 4.34
15.579801 4.34
15.590569 4.34
15.620801 4.34
15.631569 4.34
15.661926 4.34
15.672801 4.34
15.708176 4.34
15.724176 4.02
15.749581 4.02
15.765455 4.02
15.790802 4.02
15.801568 4.34
15.831927 4.34
15.842802 4.34
15.878178 4.34
15.894053 4.34
15.919580 4.34
15.935443 4.34
15.960928 4.34
15.971804 4.34
16.007179 4.34
16.023054 4.34
16.048582 4.34
16.064584 4.34
16.089930 4.34
16.100805 4.34
16.136180 4.34
16.152055 4.34
16.177585 4.34
16.193585 4.34
16.218930 4.34
16.229805 4.34
16.265180 4.34
16.281055 4.34
16.306584 4.34
16.322461 4.34
16.347931 4.34
16.358806 4.34
16.389308 4.34
16.400181 4.34
16.430825 4.34
16.441700 4.34
16.471807 4.34
16.482574 4.34
16.514588 4.34
16.525463 4.34
16.557559 4.34
16.568309 4.34
16.598825 4.34
16.609700 4.34
16.639933 4.34
16.650809 4.34
16.686184 4.34
16.702059 4.34
16.727587 4.34
16.743461 4.34
16.770561 4.34
16.781463 4.34
16.811827 4.34
16.822577 4.34
16.858184 4.34
16.874060 4.34
16.899590 4.34
16.915465 4.34
16.942562 4.34
16.953464 4.34
16.985562 4.34
16.996463 4.34
17.026827 4.34
17.037579 4.34
17.073187 4.34
17.089061 4.34
17.114466 4.34
17.126936 4.34
17.155830 4.34
17.166579 4.34
17.197062 4.34
17.209564 4.34
17.238314 4.02
17.249188 4.34
17.279829 4.34
17.290579 4.34
17.321063 4.34
17.333580 4.34
17.362332 4.34
17.373189 4.34
17.403706 4.34
17.414469 4.34
17.444832 4.34
17.455580 4.34
17.487565 4.34
17.498315 4.34
17.528830 4.34
17.539580 4.34
17.575065 4.34
17.587566 4.34
17.616316 4.34
17.627190 4.34
17.657709 4.34
17.668459 4.34
17.704191 4.34
17.720066 4.34
17.745709 4.34
17.756458 4.34
17.792192 4.34
17.803067 4.34
17.833710 4.34
17.844710 4.34
17.880192 4.34
17.890942 4.34
17.921596 4.34
17.937597 4.34
17.968193 4.34
17.984068 4.34
18.009598 4.34
18.025473 4.34
18.056069 4.34
18.072194 4.34
18.097319 4.34
18.108193 4.34
18.138837 4.34
18.149587 4.34
18.185069 4.34
18.201194 4.34
18.226321 4.34
18.237195 4.34
18.267600 4.34
18.278474 4.34
18.314195 4.34
18.325070 4.34
18.355599 4.34
18.366476 4.34
18.402071 4.34
18.418196 4.34
18.443349 4.34
18.454196 4.34
18.484837 4.34
18.495589 4.34
18.526072 4.34
18.542072 4.34
18.567197 4.34
18.577947 4.34
18.608603 4.34
18.619323 4.34
18.655072 4.34
18.671198 4.34
18.696324 4.34
18.707198 4.34
18.737602 4.34
18.748324 4.34
18.784198 4.34
18.794949 4.34
18.825603 4.34
18.836325 4.34
18.872074 4.34
18.888074 4.34
18.913326 4.34
18.924200 4.34
18.954604 4.34
18.965481 4.34
19.001075 4.34
19.017200 4.34
19.042325 4.34
19.053201 4.34
19.083604 4.34
19.094480 4.34
19.129951 4.34
19.140701 4.34
19.170950 4.34
19.181701 4.34
19.211951 4.34
19.222701 4.34
19.252951 4.34
19.263701 4.34
19.293952 4.34
19.304701 4.34
19.334951 4.34
19.345702 4.34
19.375951 4.34
19.386702 4.34
19.416952 4.34
19.427702 4.34
19.457952 4.34
19.468703 4.34
19.498953 4.34
19.509703 4.34
19.539953 4.34
19.550703 4.34
19.580953 4.34
19.591703 4.34
19.621953 4.34
19.632704 4.34
19.662954 4.34
19.673704 4.34
19.703954 4.34
19.714705 4.34
19.744954 4.34
19.755705 4.34
19.785955 4.34
19.796704 4.34
19.826955 4.34
19.837706 4.34
19.867955 4.34
19.878706 4.34
19.908955 4.34
19.919706 4.34
19.949956 4.34
19.960706 4.34
19.990956 4.34
20.001707 4.34
20.031956 4.34
20.042707 4.34
20.072957 4.34
20.083707 4.34
20.113957 4.34
20.124707 4.02
20.154957 4.02
20.165707 4.34
20.195957 4.34
20.206708 4.34
20.236958 4.34
20.247708 4.34
20.277958 4.34
20.288709 4.34
20.318959 4.34
20.329709 4.34
20.359958 4.34
20.370710 4.34
20.400959 4.34
20.413460 4.34
20.441959 4.34
20.452710 4.34
20.482959 4.34
20.495336 4.34
20.523960 4.34
20.536336 4.34
20.564960 4.34
20.577337 4.34
20.605960 4.34
20.616711 4.34
20.646960 4.34
20.659338 4.34
20.687961 4.34
20.700338 4.34
20.728961 4.34
20.744837 4.34
20.769962 4.34
20.782338 4.34
20.810962 4.34
20.823339 4.34
20.851962 4.34
20.864339 4.34
20.892963 4.34
20.908838 4.34
20.933963 4.34
20.945713 4.34
20.974963 4.34
20.990838 4.34
21.015963 4.34
21.031839 4.34
21.056964 4.34
21.069340 4.34
21.097964 4.34
21.110341 4.34
21.138964 4.34
21.154839 4.34
21.179965 4.34
21.192342 4.34
21.220964 4.34
21.236840 4.34
21.261965 4.34
21.277840 4.34
21.302965 4.34
21.318840 4.34
21.343966 4.34
21.359841 4.34
21.384966 4.34
21.400841 4.34
21.425967 4.34
21.441841 4.34
21.466967 4.34
21.482842 4.34
21.507967 4.34
21.523843 4.34
21.548967 4.34
21.564843 4.34
21.589967 4.34
21.605843 4.34
21.630968 4.34
21.646843 4.34
21.671968 4.34
21.687843 4.34
21.712968 4.34
21.728843 4.34
21.754095 4.34
21.764845 4.34
21.795374 4.34
21.811500 4.34
21.842230 4.34
21.853099 4.34
21.883740 4.34
21.894617 4.34
21.925227 4.34
21.936097 4.34
21.966738 4.34
21.977501 4.34
22.013097 4.34
22.023972 4.34
22.054498 4.34
22.065226 4.34
22.101097 4.34
22.111972 4.34
22.142500 4.34
22.153226 4.34
22.189232 4.34
22.219101 4.34
22.230101 4.34
22.260509 4.34
22.271383 4.68
22.307099 4.34
22.317975 4.34
22.348504 4.68
22.359376 4.68
22.395100 4.34
22.405975 4.34
22.436380 4.68
22.452503 4.68
22.483100 4.68
22.493975 4.68
22.524380 4.34
22.540631 4.68
22.571231 4.68
22.583855 4.68
22.612761 4.34
22.623769 4.68
22.654228 4.34
22.665103 4.34
22.695742 4.34
22.706529 4.68
22.736977 4.68
22.752977 4.34
22.778102 4.68
22.788977 4.68
22.819507 4.34
22.830381 4.68
22.861114 4.34
22.872113 5.35
22.904380 5.00
22.915237 5.35
22.945982 5.00
22.962107 5.35
22.987106 5.00
22.997981 5.35
23.028511 5.35
23.039385 5.35
23.075105 5.35
23.085979 5.00
23.116509 5.35
23.127382 5.00
23.163105 5.35
23.173980 5.35
23.204386 5.35
23.220509 5.35
23.250981 5.35
23.267106 5.35
23.292106 5.00
23.302981 5.35
23.333511 5.00
23.344383 5.35
23.380106 5.00
23.390982 5.35
23.421357 5.35
23.437386 5.35
23.468107 5.35
23.478857 5.00
23.509387 5.35
23.525512 5.00
23.556108 5.35
23.566983 5.35
23.597388 5.35
23.613512 5.35
23.638858 5.35
23.654984 5.35
23.679984 5.35
23.695984 5.35
23.721109 5.00
23.731984 5.35
23.762389 5.00
23.773235 5.35
23.803860 5.00
23.819985 5.69
23.844985 5.35
23.855735 5.69
23.886111 5.35
23.896860 5.35
23.927390 5.35
23.938110 5.35
23.973861 5.35
23.989861 5.00
24.014986 5.69
24.025861 5.00
24.056111 5.35
24.066862 5.35
24.097390 5.35
24.108112 5.35
24.143987 5.69
24.154862 5.35
24.185112 5.35
24.195862 5.35
24.226389 5.00
24.237113 5.35
24.272988 5.00
24.283864 5.35
24.314113 5.35
24.324989 5.69
24.355394 5.35
24.366240 5.35
24.396864 5.35
24.412989 5.35
24.437864 5.35
24.453989 5.35
24.478865 5.35
24.494990 5.00
24.519990 5.35
24.530739 5.00
24.561115 5.35
24.571865 5.00
24.602393 5.35
24.613115 5.35
24.648991 5.35
24.659866 5.35
24.690116 5.35
24.700866 5.35
24.731395 5.35
24.742242 5.35
24.772867 5.00
24.788992 5.35
24.813867 5.00
24.829992 5.35
24.854867 5.00
24.870992 5.35
24.895993 5.35
24.906743 5.35
24.937118 5.35
24.947868 5.35
24.978399 5.35
24.989244 5.35
25.019868 5.35
25.035994 5.35
25.060994 5.35
25.071869 5.00
25.102119 5.35
25.112869 5.00
25.143398 5.35
25.154245 5.00
25.184869 5.35
25.200995 5.00
25.225995 5.35
25.236745 5.35
25.267120 5.35
25.277870 5.35
25.308398 5.35
25.319246 5.35
25.354996 5.35
25.365871 5.35
25.396121 5.00
25.406872 5.35
25.437400 5.00
25.448121 5.35
25.483997 5.00
25.494872 5.35
25.525248 5.35
25.541400 5.35
25.571997 5.35
25.582872 5.00
25.613122 5.35
25.625765 5.00
25.654400 5.35
25.665123 5.35
25.700999 5.35
25.711873 5.35
25.742124 5.35
25.753124 5.35
25.785268 5.35
25.796124 5.35
25.831999 5.00
25.842874 5.35
25.873124 5.35
25.883875 5.35
25.914404 5.35
25.925124 5.69
25.961000 5.35
25.971750 5.00
26.002125 5.35
26.014768 5.00
26.045256 5.35
26.056126 5.35
26.092001 5.35
26.102751 5.35
26.133126 5.35
26.145520 5.35
26.176132 5.00
26.187002 5.35
26.217405 5.00
26.228253 5.35
26.258878 5.00
26.275002 5.35
26.300002 5.35
26.310877 5.35
26.341128 5.35
26.353519 5.35
26.382407 5.35
26.393255 5.35
26.423879 5.35
26.440004 5.35
26.464879 5.35
26.480879 5.00
26.505879 5.35
26.521879 5.00
26.546879 5.35
26.563004 5.00
26.587880 5.35
26.603880 5.00
26.628880 5.35
26.639755 5.35
26.669880 5.35
26.680756 5.35
26.710880 5.35
26.721756 5.35
26.752006 5.35
26.762756 5.35
26.793258 5.35
26.804131 5.35
26.840006 5.35
26.850757 5.35
26.881258 5.00
26.892132 5.35
26.928007 5.35
26.938883 5.35
26.969132 5.35
26.985133 5.35
27.010411 5.35
27.021259 5.00
27.051775 5.35
27.067775 5.00
27.093008 5.35
27.103883 5.00
27.134133 5.35
27.150134 5.35
27.175411 5.35
27.186134 5.35
27.216776 5.35
27.232774 5.35
27.257884 5.35
27.268760 5.35
27.298885 5.35
27.309760 5.35
27.339885 5.35
27.350760 5.35
27.380885 5.00
27.391761 5.35
27.421886 5.00
27.432761 5.35
27.462886 5.00
27.473761 5.35
27.503886 5.00
27.514761 5.35
27.544886 5.35
27.555762 5.35
27.585887 5.35
27.596762 5.69
27.626887 5.35
27.637762 5.35
27.667888 5.35
27.678763 5.35
27.708888 5.35
27.719763 5.35
27.749887 5.35
27.760763 5.00
27.790888 5.35
27.801763 5.00
27.831889 5.35
27.842763 5.00
27.872889 5.35
27.883764 5.35
27.913889 5.35
27.924764 5.35
27.954889 5.69
27.965765 5.35
27.995890 5.35
28.006765 5.35
28.036890 5.35
28.047765 5.35
28.078015 5.35
28.088766 5.35
28.119267 5.35
28.130140 5.35
28.166016 5.00
28.176766 5.35
28.207267 5.35
28.218141 5.35
28.254017 5.35
28.264767 5.35
28.295268 5.35
28.306142 5.00
28.342017 5.35
28.352767 5.35
28.383269 5.35
28.394142 5.35
28.424393 5.35
28.435143 5.35
28.465786 5.35
28.481784 5.35
28.506893 5.35
28.517789 5.35
28.547894 5.00
28.558769 5.35
28.588894 5.00
28.599769 5.35
28.629894 5.00
28.640769 5.35
28.670894 5.00
28.681770 5.35
28.711895 5.00
28.722770 5.35
28.752895 5.35
28.763770 5.35
28.793895 5.35
28.804771 5.35
28.834896 5.35
28.845771 5.35
28.875896 5.35
28.886771 5.35
28.916896 5.35
28.927772 5.00
28.957897 5.35
28.968771 5.00
28.998897 5.35
29.009772 5.00
29.039897 5.35
29.050773 5.00
29.081023 5.35
29.093398 5.00
29.122274 5.35
29.133148 5.35
29.163790 5.35
29.179790 5.35
29.204899 5.35
29.215773 5.35
29.246024 5.35
29.258399 5.35
29.287275 5.35
29.298149 5.35
29.328789 5.00
29.344792 5.35
29.370024 5.00
29.385900 5.35
29.411276 5.00
29.422150 5.35
29.452791 5.35
29.463540 5.35
29.494025 5.35
29.506401 5.35
29.535151 5.35
29.546025 5.35
29.581793 5.35
29.592544 5.00
29.622777 5.35
29.633543 5.00
29.663777 5.35
29.674668 5.00
29.704902 5.35
29.715777 5.35
29.746027 5.35
29.762027 5.35
29.787153 5.35
29.798027 5.35
29.833793 5.35
29.844544 5.35
29.874903 5.00
29.885778 5.35
29.916028 5.00
29.932029 5.35
29.957280 5.00
29.968029 5.35
29.998904 5.35
30.009780 5.35
30.040029 5.35
30.056029 5.35
30.081155 5.35
30.092030 5.69
30.127799 5.35
30.138548 5.00
30.168906 5.69
30.179781 5.00
30.210031 5.35
30.226031 5.35
30.251282 5.35
30.262156 5.35
30.292796 5.35
30.303548 5.35
30.334031 5.35
30.350031 5.35
30.375157 5.35
30.386032 5.35
30.421797 5.35
30.432673 5.35
30.462783 5.00
30.473551 5.35
30.503908 5.35
30.514783 5.35
30.545033 5.35
30.561033 5.35
30.586284 5.35
30.597158 5.35
30.627801 5.35
30.638549 5.35
30.669034 5.35
30.684909 5.00
30.710285 5.35
30.721159 5.00
30.751801 5.35
30.762553 5.00
30.792785 5.35
30.803552 5.00
30.833910 5.35
30.844785 5.35
30.875035 5.35
30.891036 5.35
30.916286 5.35
30.927161 5.35
30.957565 5.35
30.973553 5.35
30.998911 5.35
31.009787 5.35
31.040036 5.35
31.055912 5.35
31.081287 5.00
31.092162 5.35
31.127554 5.00
31.138288 5.35
31.168913 5.35
31.179788 5.35
31.210038 5.35
31.226038 5.35
31.251289 5.35
31.262163 5.35
31.292805 5.35
31.303557 5.00
31.334039 5.35
31.349913 5.00
31.375289 5.35
31.386164 5.00
31.416566 5.35
31.427309 5.35
31.457914 5.69
31.468808 5.35
31.499039 5.35
31.515040 5.35
31.542050 5.35
31.552915 5.35
31.585050 5.35
31.595916 5.35
31.628051 5.00
31.638916 5.35
31.674683 5.00
31.690681 5.69
31.715917 5.35
31.728444 5.35
31.757042 5.35
31.773042 5.35
31.799927 5.35
31.810810 5.00
31.842927 5.35
31.853810 5.00
31.884043 5.35
31.900043 5.35
31.926928 5.35
31.937810 5.35
31.968043 5.35
31.984043 5.35
32.010928 5.35
32.021808 5.35
32.052044 5.35
32.068044 5.35
32.098449 5.00
32.110929 5.35
32.139920 5.00
32.152296 5.35
32.181045 5.35
32.196920 5.35
32.223930 5.35
32.234813 5.35
32.265045 5.35
32.280920 5.35
32.307931 5.35
32.318811 5.00
32.349046 5.35
32.359921 5.00
32.395450 5.35
32.411451 5.35
32.436922 5.35
32.449297 5.35
32.478047 5.35
32.488922 5.35
32.524439 5.35
32.540440 5.35
32.565816 5.00
32.576565 5.35
32.607048 5.00
32.617798 5.35
32.653440 5.35
32.664173 5.35
32.694813 5.35
32.705564 5.00
32.736049 5.35
32.746924 5.00
32.782453 5.35
32.798441 5.35
32.823799 5.35
32.834565 5.35
32.864799 5.35
32.875567 5.35
32.905925 5.35
32.921800 5.35
32.947050 5.35
32.957925 5.35
32.993452 5.00
33.004176 5.35
33.034816 5.35
33.045569 5.35
33.076051 5.35
33.086926 5.35
33.122442 5.35
33.133177 5.35
33.163817 5.35
33.174570 5.00
33.205052 5.35
33.215927 5.00
33.251457 5.35
33.262177 5.35
33.292820 5.69
33.303569 5.35
33.333928 5.69
33.349803 5.35
33.375053 5.35
33.385804 5.35
33.421445 5.35
33.437444 5.69
33.462822 5.35
33.473572 5.69
33.504054 5.35
33.514804 5.69
33.550458 5.35
33.561180 5.35
33.591822 5.69
33.602570 5.00
33.633055 5.35
33.643805 5.00
33.679447 5.35
33.695447 5.35
33.720823 5.35
33.731573 5.35
33.762056 5.35
33.772931 5.35
33.808448 5.35
33.819181 5.35
33.849822 5.00
33.860575 5.35
33.891057 5.35
33.901932 5.35
33.937459 5.35
33.948183 5.35
33.978826 5.35
33.989575 5.35
34.019933 5.35
34.035933 5.00
34.061058 5.35
34.071809 5.00
34.107451 5.35
34.123451 5.35
34.148825 5.35
34.159575 5.35
34.190059 5.35
34.200809 5.35
34.236461 5.35
34.247184 5.35
34.277826 5.00
34.290312 5.35
34.318936 5.35
34.334810 5.35
34.360060 5.35
34.370810 5.35
34.406462 5.35
34.417186 5.35
34.447829 5.35
34.460330 5.00
34.489061 5.35
34.499811 5.00
34.535466 5.35
34.551452 5.35
34.576828 5.35
34.589340 5.35
34.618062 5.69
34.628812 5.35
34.660841 5.35
34.671704 5.35
34.702063 5.35
34.712813 5.35
34.744841 5.00
34.755706 5.69
34.786063 5.00
34.796938 5.35
34.828843 5.35
34.839707 5.35
34.870064 5.35
34.880814 5.69
34.911064 5.35
34.921814 5.35
34.957468 5.35
34.973458 5.00
34.998832 5.35
35.011190 5.35
35.039940 5.35
35.055941 5.35
35.081065 5.69
35.091941 5.35
35.127470 5.69
35.143458 5.35
35.168833 5.35
35.184834 5.35
35.210066 5.00
35.220817 5.35
35.256461 5.00
35.272458 5.35
35.297834 5.35
35.313834 5.35
35.338942 5.35
35.354818 5.69
35.380067 5.35
35.390942 5.35
35.426470 5.35
35.442458 5.00
35.467836 5.69
35.483836 5.35
35.508944 5.35
35.524944 5.35
35.550069 5.69
35.560944 5.35
35.596471 5.35
35.612321 5.35
35.637819 5.00
35.653820 5.35
35.678945 5.00
35.694945 5.69
35.720070 5.35
35.730946 5.69
35.766460 5.35
35.782461 5.35
35.807838 5.35
35.823821 5.35
35.848947 5.35
35.864821 5.35
35.890071 5.35
35.900821 5.00
35.936462 5.69
35.952323 5.35
35.977601 5.35
35.988324 5.35
36.018822 5.35
36.034823 5.35
36.059948 5.35
36.075823 5.35
36.101073 5.35
36.111824 5.35
36.147477 5.35
36.163463 5.35
36.188841 5.35
36.204823 5.69
36.229949 5.35
36.245824 5.69
36.271074 5.35
36.281949 5.69
36.317478 5.35
36.333465 5.00
36.358841 5.69
36.374824 5.00
36.400075 5.69
36.410950 5.00
36.446480 5.69
36.462466 5.35
36.487844 5.69
36.503719 5.35
36.528826 5.69
36.544826 5.69
36.569951 5.35
36.585826 5.69
36.611076 5.00
36.621827 5.69
36.657468 5.00
36.673327 5.35
36.698606 5.35
36.709479 5.69
36.739953 5.35
36.755827 5.69
36.781078 5.35
36.791828 5.35
36.827329 5.35
36.838078 5.00
36.868720 5.69
36.879472 5.35
36.909954 5.35
36.925954 5.35
36.951079 5.69
36.961954 5.35
36.997469 5.35
37.013330 5.35
37.038719 5.35
37.051204 5.35
37.081831 5.00
37.092597 5.35
37.122955 5.35
37.133721 5.69
37.165832 5.35
37.176597 5.35
37.206956 5.35
37.217722 5.69
37.249850 5.35
37.260599 5.35
37.292863 5.35
37.303610 5.00
37.335833 5.35
37.346598 5.35
37.376832 5.69
37.392724 5.35
37.417957 5.69
37.428725 5.35
37.460848 5.35
37.471600 5.35
37.503708 5.35
37.514600 5.35
37.544958 5.00
37.555725 5.35
37.587737 5.00
37.598489 5.69
37.628959 5.35
37.639725 5.35
37.671739 5.35
37.682607 5.35
37.712959 5.35
37.723727 5.35
37.759217 5.35
37.770085 5.00
37.800600 5.35
37.811335 5.00
37.841725 5.35
37.857603 5.35
37.882961 5.35
37.893725 5.35
37.929218 5.35
37.939961 5.35
37.970615 5.35
37.981491 5.35
38.011962 5.35
38.022836 5.35
38.058220 5.00
38.069086 5.35
38.099603 5.35
38.110365 5.35
38.140963 5.35
38.151729 5.35
38.182367 5.35
38.198367 5.35
38.223838 5.35
38.239838 5.35
38.264838 5.35
38.275606 5.00
38.305839 5.35
38.316604 5.00
38.346964 5.35
38.357732 5.35
38.393217 5.69
38.417856 5.35
38.433965 5.35
38.458965 5.69
38.469730 5.00
38.505218 5.35
38.529857 5.35
38.545965 5.35
38.570840 5.35
38.581734 5.69
38.611841 5.35
38.622731 5.35
38.652841 5.35
38.663732 5.35
38.693841 5.69
38.704733 5.00
38.734842 5.35
38.745734 5.00
38.775967 5.69
38.786734 5.35
38.822220 5.69
38.838221 5.35
38.863735 5.69
38.879733 5.35
38.904968 5.35
38.915735 5.35
38.951222 5.35
38.967221 5.69
38.992734 5.35
39.008734 5.69
39.033844 5.35
39.049844 5.69
39.074844 5.35
39.085735 5.69
39.115845 5.35
39.126736 5.69
39.156970 5.35
39.167734 5.35
39.203226 5.69
39.219228 5.00
39.244735 5.35
39.260738 5.35
39.285846 5.35
39.301846 5.35
39.326846 5.69
39.337739 5.35
39.367846 5.35
39.378738 5.35
39.408846 5.69
39.419740 5.35
39.449972 5.35
39.460739 5.69
39.496225 5.35
39.512225 5.69
39.537737 5.35
39.567226 5.69
39.583228 5.35
39.608739 5.35
39.624741 5.35
39.649849 5.00
39.665848 5.35
39.690974 5.00
39.701849 5.35
39.737228 5.35
39.761739 5.35
39.791226 5.35
39.807228 5.35
39.832503 5.35
39.843377 5.35
39.873850 5.35
39.889743 5.35
39.914850 5.69
39.925742 5.35
39.955975 5.35
39.966851 5.35
40.002229 5.35
40.018229 5.35
40.043749 5.35
40.059741 5.35
40.084852 5.35
40.095743 5.35
40.125852 5.35
40.136742 5.69
40.166977 5.35
40.177744 5.69
40.213231 5.35
40.229229 5.00
40.254745 5.35
40.270745 5.00
40.295853 5.69
40.306745 5.35
40.336978 5.69
40.347853 5.35
40.383238 5.69
40.399238 5.35
40.424749 5.35
40.440745 5.35
40.465854 5.00
40.476746 5.69
40.506979 5.00
40.517854 5.35
40.553231 5.00
40.569231 5.69
40.594747 5.35
40.610856 5.69
40.635745 5.35
40.646497 5.35
40.676731 5.35
40.687496 5.35
40.717748 5.69
40.728496 5.00
40.758981 5.69
40.769856 5.00
40.805233 5.69
40.821233 5.35
40.846747 5.69
40.862858 5.35
40.887747 5.69
40.898499 5.35
40.928733 5.69
40.939497 5.35
40.969749 5.35
40.980500 5.69
41.010858 5.00
41.021750 5.69
41.051983 5.00
41.062734 5.69
41.098235 5.00
41.114235 5.69
41.144984 5.35
41.155734 5.35
41.191235 5.35
41.207238 5.35
41.232751 5.35
41.248753 5.35
41.273735 5.69
41.284501 5.35
41.314735 5.69
41.325501 5.35
41.355735 5.69
41.366504 5.35
41.396736 5.35
41.407503 5.35
41.437736 5.35
41.448628 5.69
41.478861 5.00
41.489737 5.35
41.525111 5.00
41.535987 5.69
41.566392 5.35
41.577238 5.69
41.607862 5.35
41.618754 5.69
41.654113 5.35
41.670112 5.00
41.695392 5.69
41.706239 5.00
41.736756 5.69
41.752756 5.35
41.777864 5.69
41.788739 5.35
41.818864 5.69
41.829739 5.35
41.859864 5.69
41.870739 5.35
41.900989 5.69
41.911864 5.35
41.947241 5.35
41.963244 5.69
41.988517 5.00
41.999241 5.69
42.029758 5.35
42.040506 5.35
42.070866 5.35
42.081758 5.69
42.111866 5.35
42.122741 5.35
42.154618 5.35
42.165519 5.35
42.195867 5.35
42.206759 5.35
42.236992 5.35
42.247742 5.00
42.278243 5.35
42.294244 5.00
42.319758 5.35
42.335758 5.35
42.360868 5.35
42.371743 5.35
42.403648 5.69
42.414636 5.35
42.446619 5.69
42.457398 5.35
42.487869 5.35
42.498760 5.35
42.530620 5.35
42.541523 5.35
42.571869 5.00
42.582761 5.69
42.614620 5.35
42.625524 5.69
42.655870 5.35
42.666760 5.69
42.698621 5.35
42.709399 5.69
42.744996 5.35
42.755870 5.00
42.786127 5.35
42.802415 4.68
42.827774 4.34
42.838768 4.34
42.869250 4.34
42.880123 4.34
42.910539 4.34
42.926539 4.34
42.951747 4.34
42.962515 4.34
42.992748 4.34
43.003512 4.34
43.033873 4.34
43.044748 4.34
43.079998 4.34
43.090873 4.34
43.121276 4.34
43.132262 4.34
43.162882 4.34
43.175507 4.34
43.204379 4.34
43.215261 4.34
43.245878 4.34
43.256878 4.34
43.287252 4.34
43.298126 4.34
43.328768 4.34
43.340505 4.34
43.375125 4.34
43.387500 4.34
43.416402 4.34
43.427125 4.34
43.457765 4.34
43.468517 4.34
43.504126 4.34
43.520140 4.34
43.545786 4.34
