0.000000 0.000000
0.041893 4.34
0.052969 4.34
0.086457 4.34
0.097203 3.33
0.127830 2.34
0.143841 2.34
0.174343 2.66
0.190455 2.66
0.215576 2.34
0.226326 2.34
0.256573 2.34
0.267323 2.34
0.297572 2.34
0.308322 2.34
0.338570 2.34
0.349321 2.34
0.379570 2.34
0.390320 2.34
0.420569 2.34
0.431320 2.34
0.461569 2.66
0.472319 2.34
0.502569 2.34
0.513320 2.34
0.543569 2.34
0.554320 2.66
0.584570 2.34
0.595320 2.34
0.625570 2.34
0.636321 2.34
0.666571 2.34
0.677321 2.34
0.707570 2.34
0.718321 2.34
0.748571 2.34
0.759351 2.34
0.789846 2.34
0.800846 2.34
0.830949 2.34
0.841699 2.34
0.877349 2.34
0.893460 2.66
0.918582 2.34
0.931080 2.66
0.959585 2.34
0.972096 3.33
1.005711 4.02
1.016457 4.02
1.046831 4.34
1.057579 4.34
1.087828 4.02
1.098578 4.02
1.128827 4.34
1.139576 4.02
1.169826 4.34
1.180576 4.02
1.210825 4.34
1.221575 4.34
1.251825 4.02
1.262574 4.34
1.292825 4.02
1.303575 4.02
1.333825 4.02
1.344575 4.34
1.374825 4.02
1.385575 4.02
1.415826 4.02
1.426576 4.02
1.458717 4.34
1.469588 4.34
1.500347 4.34
1.511346 4.34
1.541964 4.34
1.552961 4.34
1.583585 4.34
1.599727 4.34
1.630333 4.34
1.641357 4.34
1.671963 4.34
1.682963 4.34
1.713585 4.34
1.726084 4.34
1.760334 4.34
1.771207 4.34
1.801850 4.34
1.812599 4.34
1.843206 4.34
1.855582 4.34
1.884484 4.34
1.895205 4.34
1.925847 4.34
1.936597 4.34
1.972206 4.34
1.988206 4.34
2.013485 4.34
2.024332 4.34
2.054849 4.34
2.065597 4.34
2.101206 4.34
2.117082 4.34
2.142483 4.34
2.153207 4.34
2.183848 4.34
2.194598 4.34
2.230082 4.34
2.240833 4.34
2.271334 4.34
2.282208 4.34
2.312612 4.34
2.328610 4.34
2.353849 4.34
2.364601 4.34
2.400084 4.34
2.410834 4.34
2.441209 4.34
2.457084 4.34
2.482611 4.34
2.498614 4.34
2.523851 4.34
2.534601 4.34
2.564835 4.34
2.575600 4.34
2.605835 4.34
2.616603 4.34
2.652350 4.34
2.663349 4.34
2.695595 4.34
2.706594 4.34
2.742503 4.34
2.755090 4.68
2.783858 4.68
2.794604 4.68
2.824854 5.00
2.835603 5.00
2.866347 5.00
2.877220 5.35
2.907613 5.35
2.923862 5.35
2.954505 5.35
2.965343 5.35
3.001215 5.35
3.017341 5.35
3.042858 5.35
3.053606 5.35
3.083839 5.35
3.094604 5.35
3.124855 5.35
3.135606 5.35
3.166367 5.35
3.177215 5.35
3.207729 5.35
3.223855 5.35
3.248855 5.35
3.259728 5.35
3.295089 5.35
3.305840 5.35
3.336215 5.35
3.352215 5.35
3.377731 5.00
3.393731 5.00
3.418840 5.35
3.429736 5.35
3.460542 5.00
3.476743 5.35
3.502222 5.35
3.513222 5.35
3.543868 5.35
3.554744 5.35
3.585376 5.35
3.596219 5.35
3.626737 5.35
3.642857 5.35
3.667858 5.35
3.678733 5.35
3.714093 5.35
3.724843 5.35
3.755743 5.35
3.771732 5.35
3.796857 5.35
3.807733 5.35
3.839621 5.35
3.850372 5.35
3.880859 5.35
3.891735 5.35
3.921844 5.35
3.932735 5.35
3.964622 5.35
3.975372 5.35
4.007621 5.35
4.018550 5.35
4.049229 5.35
4.060227 5.35
4.090869 5.35
4.101745 5.35
4.132385 5.35
4.143224 5.35
4.173739 5.35
4.184473 5.35
4.220222 5.35
4.231097 5.35
4.261739 5.35
4.272472 5.35
4.304505 5.35
4.315378 5.35
4.345864 5.35
4.356740 5.35
4.387098 5.35
4.399505 5.35
4.428379 5.35
4.439223 5.35
4.469740 5.35
4.480473 5.35
4.515974 5.35
4.526867 5.35
4.562099 5.35
4.574504 5.35
4.603560 5.35
4.619898 5.35
4.650358 5.35
4.661231 5.35
4.697229 5.35
4.708229 5.35
4.738746 5.35
4.749627 5.35
4.780102 5.35
4.795977 5.35
4.824352 5.35
4.835226 5.35
4.865628 5.35
4.876352 5.35
4.912226 5.35
4.923227 5.35
4.953629 5.35
4.964353 5.35
5.000103 5.35
5.016103 5.35
5.041353 5.35
5.052228 5.35
5.082867 5.35
5.093756 5.35
5.124103 5.35
5.140103 5.35
5.165354 5.35
5.176229 5.35
5.206870 5.35
5.217619 5.35
5.248551 5.35
5.264756 5.35
5.295364 5.35
5.306363 5.35
5.342234 5.35
5.353108 5.35
5.383895 5.35
5.394865 5.35
5.425536 5.35
5.441629 5.35
5.466878 5.35
5.477859 5.35
5.508233 5.35
5.519108 5.35
5.549875 5.35
5.560645 5.35
5.591106 5.35
5.607106 5.35
5.635510 5.35
5.651359 5.35
5.682232 5.35
5.692982 5.35
5.723637 5.35
5.734359 5.35
5.770108 5.35
5.786107 5.35
5.811376 5.35
5.822233 5.35
5.852873 5.35
5.863623 5.35
5.894108 5.35
5.910234 5.35
5.935234 5.35
5.946109 5.35
5.976513 5.35
5.992501 5.35
6.022984 5.35
6.033877 5.35
6.064109 5.35
6.080110 5.35
6.105361 5.35
6.116235 5.35
6.146628 5.35
6.157504 5.35
6.193236 5.35
6.203986 5.35
6.234504 5.35
6.250362 5.35
6.281236 5.35
6.291987 5.35
6.322641 5.35
6.333363 5.35
6.369112 5.35
6.385112 5.35
6.410363 5.35
6.421237 5.35
6.451642 5.35
6.462518 5.35
6.498238 5.35
6.508988 5.35
6.539517 5.35
6.555364 5.35
6.586113 5.35
6.602238 5.35
6.627365 5.35
6.638239 5.35
6.668643 5.35
6.679365 5.35
6.715239 5.35
6.726115 5.35
6.756642 5.35
6.767519 5.35
6.803115 5.35
6.819240 5.35
6.844366 5.35
6.856991 5.35
6.885631 5.35
6.896367 5.35
6.932116 5.35
6.948116 5.35
6.973367 5.35
6.984241 5.35
7.014645 5.35
7.025507 5.35
7.061117 5.35
7.077242 5.35
7.105523 5.35
7.121522 5.35
7.148369 5.35
7.159243 5.35
7.189645 5.35
7.200369 5.35
7.236118 5.35
7.252243 5.35
7.280520 5.35
7.296512 5.35
7.323370 5.35
7.334244 5.35
7.364650 5.35
7.375521 5.35
7.411120 5.35
7.427120 5.35
7.455525 5.35
7.471763 5.35
7.501995 5.35
7.518120 5.35
7.543120 5.35
7.559120 5.35
7.584372 5.35
7.596871 5.35
7.625648 5.35
7.636523 5.35
7.666871 5.35
7.677638 5.35
7.707872 5.35
7.718762 5.35
7.748997 5.35
7.765121 5.35
7.790122 5.35
7.800872 5.35
7.831400 5.35
7.847524 5.35
7.878123 5.35
7.888998 5.35
7.919405 5.35
7.935392 5.35
7.966123 5.35
7.976874 5.35
8.007248 5.35
8.017999 5.35
8.048529 5.35
8.059249 5.35
8.095124 5.35
8.105874 5.35
8.136375 5.35
8.152376 5.35
8.183125 5.35
8.193875 5.35
8.224125 5.35
8.235000 5.35
8.265376 5.35
8.281531 5.35
8.306644 5.35
8.317518 5.35
8.347642 5.35
8.358377 5.35
8.389002 5.35
8.405002 5.35
8.430127 5.35
8.440877 5.35
8.471408 5.35
8.487530 5.35
8.518127 5.35
8.528878 5.35
8.559379 5.35
8.575532 5.35
8.600656 5.35
8.611534 5.35
8.641878 5.35
8.652646 5.35
8.682878 5.35
8.693770 5.35
8.723879 5.35
8.734769 5.35
8.764879 5.35
8.775772 5.35
8.806004 5.35
8.822129 5.35
8.847130 5.35
8.857880 5.35
8.888381 5.35
8.904532 5.35
8.929658 5.35
8.940381 5.35
8.970881 5.35
8.981646 5.35
9.012006 5.35
9.028131 5.35
9.053131 5.35
9.063881 5.35
9.094383 5.35
9.110382 5.35
9.141132 5.35
9.152007 5.35
9.182383 5.35
9.198537 5.35
9.223537 5.35
9.234258 5.35
9.270133 5.35
9.280883 5.35
9.311384 5.35
9.327384 5.35
9.358133 5.35
9.368884 5.35
9.399384 5.35
9.415536 5.35
9.440538 5.35
9.451403 5.35
9.487134 5.35
9.497885 5.35
9.528415 5.35
9.544540 5.35
9.575135 5.35
9.586010 5.35
9.616387 5.35
9.632539 5.35
9.659390 5.35
9.670260 5.35
9.702390 5.35
9.713261 5.35
9.749136 5.35
9.760011 5.35
9.790540 5.35
9.801414 5.35
9.837137 5.35
9.847887 5.35
9.878418 5.35
9.894541 5.35
9.925137 5.35
9.935887 5.35
9.966403 5.35
9.982388 5.35
10.013138 5.35
10.023888 5.35
10.054389 5.35
10.070542 5.35
10.100906 5.35
10.113267 5.35
10.142139 5.35
10.153014 5.35
10.183390 5.69
10.199544 5.35
10.224542 5.35
10.235265 5.69
10.265907 5.35
10.281907 5.35
10.307140 5.69
10.318015 5.35
10.348391 5.35
10.364544 5.69
10.391270 5.69
10.402016 5.35
10.437907 5.69
10.453909 5.69
10.479142 5.35
10.495141 5.69
10.520267 5.69
10.536423 5.35
10.563297 5.35
10.574017 5.69
10.610017 5.35
10.620909 5.35
10.651142 5.69
10.662017 5.35
10.692394 5.35
10.703268 5.69
10.733547 5.35
10.744394 5.35
10.774910 6.01
10.790912 5.69
10.816143 5.35
10.826894 5.69
10.857395 5.69
10.868269 5.35
10.903911 5.35
10.919912 5.69
10.945144 5.69
10.955895 5.69
10.986413 5.69
10.997270 5.69
11.032911 5.35
11.048912 5.69
11.074146 5.69
11.084895 5.35
11.115271 5.69
11.131271 5.69
11.156549 5.35
11.167271 6.01
11.197913 5.69
11.213913 5.69
11.239146 5.69
11.249897 5.69
11.280398 5.69
11.291272 5.69
11.326915 5.69
11.342915 5.69
11.368148 5.69
11.379023 5.69
11.409273 5.35
11.425273 5.35
11.455916 5.69
11.471915 5.69
11.497149 5.35
11.508024 5.69
11.538400 5.35
11.549274 5.35
11.584916 6.01
11.600917 5.69
11.626149 5.35
11.636899 6.01
11.667275 5.69
11.683275 5.35
11.713916 6.01
11.729916 5.35
11.755150 5.35
11.766025 6.01
11.796401 5.35
11.807276 5.35
11.837555 5.69
11.848276 5.69
11.878795 5.69
11.889543 5.69
11.920027 5.69
11.930794 5.69
11.961152 5.35
11.971902 5.69
12.002402 5.69
12.013152 5.35
12.048918 6.01
12.064919 5.69
12.090153 5.35
12.101028 6.01
12.131404 5.35
12.142153 5.35
12.178029 5.69
12.188796 5.69
12.219154 5.35
12.229904 5.69
12.260404 5.69
12.271154 5.69
12.301546 5.35
12.312279 4.34
12.342798 4.34
12.353545 4.34
12.383905 4.34
12.399905 4.34
12.424905 4.34
12.440906 4.68
12.465906 4.34
12.481905 4.34
12.506906 4.34
12.522906 4.34
12.548031 4.34
12.558798 4.34
12.589156 4.34
12.601675 4.34
12.630407 4.34
12.641157 4.34
12.676926 4.34
12.692925 4.34
12.718157 4.34
12.728908 4.34
12.761294 4.34
12.772033 4.34
12.807924 4.34
12.823924 4.34
12.849158 4.34
12.861562 4.34
12.890409 4.34
12.901158 4.34
12.933163 4.34
12.943909 4.34
12.976163 4.34
12.986909 4.34
13.023044 4.34
13.034043 4.34
13.069932 4.34
13.080810 4.34
13.111584 4.34
13.122583 4.34
13.152913 4.34
13.163681 4.34
13.194161 4.34
13.206590 4.34
13.240804 4.34
13.256926 4.34
13.281911 4.34
13.292680 4.34
13.322912 4.34
13.333683 4.34
13.363912 4.34
13.374680 4.34
13.404913 4.34
13.415680 4.34
13.446297 4.34
13.457037 4.34
13.492932 4.34
13.503704 4.34
13.534324 4.34
