0.000000 0.000000
0.041734 4.34
0.054364 4.34
0.088664 4.34
0.099756 3.33
0.131919 2.34
0.143100 2.66
0.173615 2.34
0.184615 2.66
0.215286 2.34
0.227882 2.66
0.256841 2.34
0.272966 2.34
0.306606 2.34
0.317354 2.66
0.347964 2.66
0.358839 2.66
0.394602 2.34
0.405353 2.34
0.435837 2.66
0.451713 2.66
0.476962 2.66
0.487713 2.66
0.523364 2.66
0.534089 2.66
0.564727 2.66
0.577242 2.66
0.605964 2.34
0.616714 2.66
0.652364 2.34
0.664867 2.66
0.693728 2.66
0.706240 2.34
0.734965 2.34
0.745715 2.66
0.776510 2.66
0.787500 2.66
0.818100 2.34
0.829099 2.34
0.859620 2.34
0.870635 2.66
0.906395 2.66
0.922619 2.34
0.948134 2.34
0.959133 2.34
0.989871 4.02
1.006104 4.02
1.031492 4.34
1.042492 4.02
1.073098 4.02
1.083973 4.34
1.114612 4.02
1.125611 4.34
1.155970 4.02
1.166845 4.34
1.197372 4.34
1.213359 4.34
1.238612 4.02
1.249361 4.34
1.279719 4.34
1.295738 4.34
1.320844 4.34
1.336719 4.34
1.361969 4.34
1.372719 4.34
1.404746 4.34
1.415612 4.02
1.451634 4.34
1.462642 4.34
1.498647 4.34
1.509624 4.34
1.545401 4.34
1.561630 4.34
1.586980 4.34
1.597979 4.34
1.628389 4.34
1.644493 4.34
1.669745 4.34
1.685726 4.34
1.710974 4.34
1.721849 4.34
1.752377 4.34
1.768366 4.34
1.793742 4.34
1.809723 4.34
1.834849 4.34
1.850724 4.34
1.875974 4.34
1.886849 4.34
1.922377 4.34
1.938253 4.34
1.963849 4.34
1.979725 4.34
2.004975 4.34
2.015725 4.34
2.051367 4.34
2.067226 4.34
2.092740 4.34
2.108851 4.34
2.133851 4.34
2.149851 4.34
2.174976 4.34
2.185726 4.34
2.221369 4.34
2.237227 4.34
2.262742 4.34
2.278727 4.34
2.303727 4.34
2.319727 4.34
2.344727 4.34
2.360852 4.34
2.385728 4.34
2.401728 4.34
2.426853 4.34
2.442728 4.34
2.467978 4.34
2.478745 4.34
2.514383 4.34
2.530382 4.34
2.555747 4.34
2.571729 4.34
2.596729 4.34
2.612730 4.34
2.637730 4.34
2.653622 4.34
2.678855 4.34
2.694730 4.34
2.719980 4.34
2.730730 4.34
2.766371 4.34
2.782234 4.34
2.807621 4.34
2.818371 4.34
2.848731 4.34
2.864732 4.34
2.889857 4.34
2.905731 4.34
2.930982 4.34
2.941732 4.34
2.977374 4.34
2.993373 4.34
3.018625 4.34
3.031107 4.34
3.059983 4.34
3.070733 4.34
3.106233 4.34
3.118734 4.34
3.147510 4.34
3.158234 4.34
3.188859 4.34
3.204734 4.34
3.229984 4.34
3.240734 4.34
3.271389 4.34
3.287389 4.34
3.312626 4.34
3.325109 4.34
3.353985 4.34
3.364860 4.34
3.395389 4.34
3.411235 4.34
3.436628 4.34
3.449111 4.34
3.479765 4.34
3.490505 4.34
3.522765 4.34
3.533503 4.34
3.565766 4.34
3.576504 4.34
3.608767 4.34
3.619505 4.34
3.651767 4.34
3.662506 4.34
3.698119 4.34
3.708988 4.34
3.739392 4.34
3.755240 4.34
3.780629 4.34
3.793121 4.34
3.827121 4.34
3.837864 4.34
3.868506 4.34
3.879392 4.34
3.909864 4.34
3.920631 4.34
3.956121 4.34
3.966865 4.34
3.997518 4.34
4.008269 4.34
4.038865 4.34
4.049632 4.34
4.085125 4.34
4.095866 4.34
4.126395 4.34
4.137270 4.34
4.167741 4.34
4.183741 4.34
4.208867 4.34
4.219632 4.34
4.255125 4.34
4.265867 4.34
4.296507 4.34
4.307271 4.34
4.337743 4.34
4.353743 4.34
4.378868 4.34
4.389633 4.34
4.425122 4.34
4.441122 4.34
4.466635 4.34
4.482633 4.34
4.507744 4.34
4.523744 4.34
4.548744 4.34
4.559637 4.34
4.589745 4.34
4.600635 4.34
4.630870 4.34
4.641638 4.34
4.677123 4.34
4.693123 4.34
4.718400 4.34
4.729272 4.34
4.759746 4.34
4.775871 4.34
4.800871 4.34
4.811746 4.34
4.847124 4.34
4.871400 4.34
4.882276 4.34
4.912747 4.34
4.928747 4.34
4.953747 4.34
4.964638 4.34
4.994873 4.34
5.005640 4.34
5.041129 4.34
5.057131 4.34
5.082641 4.34
5.098642 4.34
5.123749 4.34
5.139749 4.34
5.164749 4.34
5.175639 4.34
5.205874 4.34
5.216642 4.34
5.252128 4.34
5.268128 4.34
5.293642 4.34
5.309639 4.34
5.334750 4.34
5.350750 4.34
5.375750 4.34
5.386642 4.34
5.416751 4.34
5.427641 4.34
5.457751 4.34
5.468645 4.34
5.498876 4.34
5.509644 4.34
5.545129 4.34
5.561131 4.34
5.586645 4.34
5.602645 4.34
5.627752 4.34
5.643752 4.34
5.668753 4.34
5.679644 4.34
5.709878 4.34
5.720645 4.34
5.756129 4.34
5.772133 4.34
5.797645 4.34
5.813643 4.34
5.838754 4.34
5.854644 4.34
5.879754 4.34
5.890646 4.34
5.920754 4.34
5.931646 4.34
5.961755 4.34
5.972646 4.34
6.002880 4.34
6.013645 4.34
6.049131 4.34
6.065134 4.34
6.090649 4.34
6.106648 4.34
6.131881 4.34
6.142649 4.34
6.178140 4.34
6.194141 4.34
6.219649 4.34
6.235650 4.34
6.260882 4.34
6.271655 4.34
6.307137 4.34
6.323297 4.34
6.348650 4.34
6.364760 4.34
6.389888 4.34
6.400763 4.34
6.431306 4.34
6.442456 4.34
6.472892 4.68
6.483764 4.68
6.514309 4.68
6.525153 4.68
6.555887 4.68
6.566762 4.68
6.597138 4.68
6.613138 4.68
6.638654 4.68
6.654653 4.68
6.679635 4.68
6.695651 4.68
6.720636 4.68
6.736651 4.68
6.762333 4.68
6.773399 4.68
6.803908 4.68
6.814769 4.68
6.845430 4.68
6.856305 4.68
6.892151 4.68
6.908149 4.68
6.933655 4.68
6.949656 4.68
6.974763 4.68
6.985638 4.68
7.015762 4.68
7.026638 4.68
7.062328 4.68
7.073398 4.68
7.103896 4.68
7.114770 4.68
7.145538 4.68
7.161660 4.68
7.186767 4.68
7.197642 4.68
7.233142 4.68
7.249141 4.68
7.274655 4.68
7.290655 4.68
7.315640 4.68
7.326406 4.68
7.362335 4.68
7.373332 4.68
7.403898 4.68
7.414770 4.68
7.445539 4.68
7.461770 4.68
7.492177 4.68
7.508144 4.68
7.533537 4.68
7.549660 4.68
7.574767 4.68
7.585643 4.68
7.615767 4.68
7.626642 4.68
7.656767 4.68
7.667774 4.68
7.698302 4.68
7.709149 4.68
7.739904 4.34
7.750778 4.34
7.781543 4.34
7.797775 4.34
7.828307 4.34
7.839149 4.34
7.869772 4.34
7.880664 4.34
7.916147 4.34
7.932179 4.34
7.957662 4.34
7.973661 4.34
7.998770 4.34
8.009661 4.34
8.045020 4.34
8.055896 4.34
8.086300 4.34
8.097146 4.34
8.127771 4.34
8.138664 4.34
8.168771 4.34
8.179647 4.34
8.209772 4.34
8.220647 4.34
8.250772 4.34
8.261647 4.34
8.291773 4.68
8.302664 4.34
8.332773 4.34
8.343648 4.34
8.373773 4.34
8.384648 4.34
8.414773 4.34
8.425648 4.34
8.461024 4.34
8.471898 4.34
8.502302 4.34
8.513024 4.34
8.543666 4.34
8.559664 4.34
8.584774 4.34
8.595650 4.34
8.627525 4.34
8.638304 4.34
8.668666 4.34
8.684667 4.34
8.709651 4.34
8.720417 4.34
8.750776 4.34
8.761651 4.34
8.793527 4.68
8.804430 4.68
8.834776 4.34
8.845668 4.34
8.877527 4.34
8.888431 4.34
8.918670 4.34
8.929419 4.34
8.961528 4.34
8.972305 4.34
9.002669 4.34
9.018670 4.34
9.043653 4.34
9.054421 4.34
9.084653 4.34
9.095420 4.34
9.125779 4.34
9.136654 4.34
9.168529 4.34
9.179547 4.34
9.209672 4.34
9.220423 4.34
9.250655 4.34
9.261420 4.34
9.291672 4.34
9.302423 4.34
9.337905 4.34
9.348780 4.34
9.379030 4.34
9.391531 4.34
9.420434 4.34
9.432906 4.34
9.461674 4.34
9.472424 4.34
9.502782 4.34
9.513656 4.34
9.549031 4.34
9.565031 4.34
9.590550 4.34
9.606674 4.34
9.631674 4.34
9.642550 4.34
9.678033 4.34
9.690409 4.34
9.719550 4.34
9.735675 4.34
9.760783 4.34
9.771659 4.34
9.807034 4.34
9.822909 4.34
9.848313 4.34
9.859160 4.34
9.889677 4.34
9.900426 4.34
9.930785 4.34
9.941659 4.34
9.977035 4.34
9.992910 4.34
10.018313 4.34
10.029035 4.34
10.059677 4.34
10.070426 4.34
10.105911 4.34
10.116786 4.34
10.147162 4.34
10.158037 4.34
10.188679 4.34
10.199429 4.34
10.234911 4.34
10.245788 4.34
10.276037 4.34
10.292037 4.34
10.317317 4.34
10.328163 4.34
10.358679 4.34
10.369428 4.34
10.399663 4.34
10.410431 4.34
10.440664 4.34
10.451431 4.34
10.481664 4.34
10.492430 4.34
10.522664 4.34
10.533431 4.34
10.563665 4.34
10.574431 4.34
10.604665 4.34
10.615432 4.68
10.645665 4.68
10.656431 4.34
10.686665 4.34
10.697432 4.34
10.727665 4.34
10.738431 4.34
10.768666 4.34
10.779431 4.68
10.809666 4.68
10.820434 4.34
10.850667 4.34
10.861432 4.34
10.891667 4.34
10.902434 4.34
10.932668 4.34
10.943434 4.34
10.973668 4.34
10.984436 4.34
11.014686 4.34
11.025435 4.34
11.060918 4.68
11.071668 4.34
11.102169 4.68
11.113043 4.34
11.143686 4.68
11.154437 4.34
11.189919 4.68
11.200669 4.34
11.231170 4.68
11.242044 4.68
11.272687 4.34
11.283435 4.34
11.318920 4.34
11.329671 4.34
11.360172 4.34
11.371045 4.34
11.401447 4.68
11.417449 4.34
11.442686 4.68
11.453438 4.68
11.483671 4.34
11.494437 4.34
11.524672 4.34
11.535450 4.34
11.565672 4.34
11.576440 4.34
11.608423 4.34
11.619174 4.34
11.651425 4.34
11.662174 4.34
11.692691 4.34
11.703441 4.68
11.738923 4.68
11.749673 4.34
11.780175 4.34
11.791048 4.34
11.821691 4.34
11.832442 4.68
11.862674 4.34
11.873440 4.34
11.905426 4.34
11.916299 4.34
11.948457 4.34
11.959176 4.68
11.989690 4.34
12.000443 4.68
12.032426 4.34
12.043176 4.34
12.073693 4.34
12.084441 4.34
12.116427 4.34
12.127177 4.34
12.162926 4.68
12.175427 4.34
12.204178 4.68
12.215052 4.34
12.245694 4.68
12.256442 4.34
12.286927 4.34
12.299304 4.34
12.328179 4.34
12.339053 4.68
12.369455 4.34
12.385570 4.34
12.416053 4.68
12.432053 4.68
12.457458 4.34
12.473303 4.68
12.504054 4.68
12.520054 4.68
12.545305 4.68
12.557805 4.34
12.586697 4.34
12.597445 4.34
12.627930 4.68
12.640323 4.34
12.669198 4.68
12.680055 4.68
12.710457 4.34
12.721181 4.34
12.756931 4.34
12.772806 4.34
12.798182 4.34
12.809056 4.34
12.844931 4.34
12.860807 4.68
12.886183 4.68
12.897057 4.34
12.927697 4.34
12.938450 4.34
12.974058 4.34
12.984807 4.68
13.015461 4.68
13.026325 4.34
13.061808 4.68
13.072683 4.34
13.102933 4.34
13.118809 4.34
13.147338 4.34
13.163326 4.34
13.188701 4.68
13.199451 4.34
13.229935 4.34
13.245934 4.34
13.271214 4.34
13.282060 4.34
13.312703 4.34
13.323575 4.34
13.358811 4.34
13.369686 4.68
13.399936 4.34
13.415936 4.34
13.441187 4.34
13.452061 4.68
13.482465 4.68
13.493328 4.68
13.528936 4.34
13.545062 4.68
13.570205 4.68
13.581062 4.68
13.611577 4.34
13.622331 4.34
13.658063 4.34
13.668813 4.68
13.699465 4.34
13.710331 4.34
13.745938 4.68
13.762063 4.34
13.787190 4.34
13.798064 4.34
13.828466 4.34
13.839190 4.34
13.874940 4.34
13.891064 4.34
13.916064 4.34
13.926815 4.34
13.957344 4.34
13.973469 4.34
14.004065 4.34
14.014940 4.34
14.045471 4.34
14.056192 4.34
14.091941 4.34
14.108066 4.34
14.133066 4.34
14.143942 4.34
14.174472 4.34
14.185193 4.34
14.220942 4.34
14.237067 4.34
14.262193 4.34
14.273067 4.34
14.303473 4.34
14.314346 4.34
14.350068 4.34
14.360818 4.34
14.391473 4.34
14.402347 4.34
14.437943 4.34
14.453944 4.34
14.479195 4.34
14.490069 4.68
14.520471 4.34
14.531195 4.34
14.567070 4.34
14.577945 4.34
14.608472 4.34
14.619347 4.34
14.655070 4.34
14.665820 4.34
14.696474 4.34
14.707350 4.34
14.742946 4.34
14.758946 4.34
14.784071 4.34
14.794946 4.34
14.825476 4.34
14.836197 4.34
14.871947 4.34
14.888072 4.34
14.913198 4.34
14.924072 4.34
14.954475 4.34
14.965340 4.34
15.000948 4.34
15.017073 4.34
15.042199 4.34
15.054823 4.34
15.083478 4.34
15.094199 4.34
15.129949 4.34
15.146074 4.34
15.171200 4.34
15.183699 4.34
15.212476 4.34
15.223200 4.34
15.259075 4.34
15.269950 4.34
15.300479 4.34
15.311355 4.34
15.346826 4.34
15.359201 4.34
15.387951 4.34
15.403951 4.34
15.429202 4.34
15.441718 4.34
15.472203 4.34
15.483076 4.34
15.513478 4.34
15.524230 4.34
15.554827 4.34
15.570952 4.34
15.595952 4.34
15.606828 4.34
15.637204 4.34
15.653205 4.34
15.678483 4.34
15.689357 4.34
15.719828 4.34
15.735953 4.34
15.760953 4.34
15.771829 4.34
15.802205 4.34
15.818358 4.34
15.843481 4.34
15.854221 4.34
15.884830 4.34
15.897206 4.34
15.925955 4.34
15.936830 4.34
15.967080 4.34
15.977830 4.34
16.008484 4.34
16.019360 4.34
16.049706 4.34
16.060473 4.34
16.090831 4.34
16.106956 4.34
16.131956 4.34
16.142707 4.34
16.173081 4.34
16.183956 4.34
16.214484 4.34
16.225208 4.34
16.255707 4.34
16.266474 4.34
16.296833 4.34
16.312832 4.34
16.337958 4.34
16.348708 4.34
16.379209 4.34
16.395362 4.34
16.420487 4.34
16.431361 4.34
16.461834 4.34
16.477959 4.34
16.502959 4.34
16.513710 4.34
16.544211 4.34
16.560363 4.34
16.585362 4.34
16.596085 4.34
16.631960 4.34
16.642710 4.34
16.673212 4.34
16.689364 4.34
16.714364 4.34
16.725213 4.34
16.760961 4.34
16.771836 4.68
16.802213 4.34
16.818365 4.68
16.843490 4.34
16.854364 4.34
16.884837 4.34
16.900962 4.34
16.925962 4.34
16.936837 4.34
16.967214 4.34
16.983367 4.34
17.008491 4.34
17.019366 4.34
17.049714 4.34
17.060481 4.34
17.090839 4.34
17.106964 4.34
17.131964 4.34
17.142714 4.34
17.173367 4.34
17.184242 4.34
17.219964 4.34
17.230839 4.34
17.261216 4.34
17.277367 4.34
17.304219 4.34
17.315090 4.34
17.347219 4.34
17.358091 4.34
17.388493 4.34
17.399217 4.34
17.429716 4.34
17.440607 4.34
17.470842 4.34
17.486842 4.34
17.511967 4.34
17.522716 4.34
17.553235 4.34
17.569371 4.34
17.599968 4.34
17.610718 4.34
17.641219 4.34
17.657373 4.34
17.687968 4.34
17.698718 4.34
17.729220 4.34
17.745371 4.34
17.775969 4.34
17.786844 4.34
17.817220 4.34
17.833374 4.34
17.860224 4.34
17.871095 4.34
17.903225 4.34
17.914095 4.34
17.946129 4.34
17.956845 4.34
17.989099 4.34
17.999971 4.34
18.032100 4.34
18.042846 4.34
18.073373 4.34
18.084096 4.34
18.119846 4.34
18.135972 4.34
18.160972 4.34
18.171722 4.34
18.202222 4.34
18.218223 4.34
18.248973 4.34
18.259848 4.34
18.290224 4.34
18.306376 4.34
18.333102 4.34
18.343848 4.34
18.379741 4.34
18.392102 4.34
18.420724 4.34
18.433129 4.34
18.461724 4.34
18.477849 4.34
18.502725 4.34
18.518740 4.34
18.543725 4.34
18.556130 4.34
18.584725 4.34
18.600850 4.34
18.625850 4.34
18.636726 4.34
18.666976 4.34
18.677725 4.34
18.708256 4.34
18.719100 4.34
18.754851 4.34
18.765744 4.34
18.795976 4.34
18.806726 4.34
18.837102 4.34
18.853102 4.34
18.878381 4.34
18.889228 4.34
18.919853 4.34
18.930728 4.34
18.960978 4.34
18.971728 4.34
19.002258 4.34
19.013103 4.34
19.048747 4.34
19.064745 4.34
19.089979 4.34
19.100854 4.34
19.131104 4.34
19.147104 4.68
19.177745 4.34
19.193620 4.68
19.218979 4.34
19.229854 4.34
19.260231 4.34
19.270980 4.34
19.306745 4.34
19.322747 4.34
19.347981 4.34
19.358730 4.34
19.389106 4.34
19.405106 4.34
19.435856 4.34
19.446624 4.34
19.476982 4.34
19.487732 4.34
19.518107 4.34
19.534107 4.34
19.564749 4.34
19.580748 4.34
19.605982 4.34
19.616857 4.34
19.647233 4.34
19.657982 4.34
19.693750 4.34
19.709748 4.34
19.734984 4.34
19.745859 4.34
19.776234 4.34
19.786984 4.34
19.822752 4.34
19.838751 4.34
19.863985 4.34
19.874860 4.34
19.905235 4.34
19.915985 4.34
19.946389 4.34
19.957110 4.34
19.987626 4.34
19.998377 4.34
20.028736 4.34
20.044736 4.34
20.069861 4.34
20.080628 4.34
20.110986 4.34
20.121737 4.34
20.152389 4.34
20.163120 4.34
20.193629 4.34
20.204379 4.34
20.234629 4.34
20.245379 4.34
20.275738 4.34
20.291738 4.34
20.316738 4.34
20.332738 4.34
20.357863 4.34
20.368629 4.34
20.398989 4.34
20.411505 4.68
20.442144 4.34
20.452989 4.34
20.483394 4.34
20.494123 4.34
20.524629 4.34
20.535393 4.34
20.565865 4.34
20.576632 4.34
20.606990 4.34
20.617740 4.34
20.650144 4.34
20.660991 4.34
20.696758 4.34
20.712758 4.34
20.737991 4.34
20.750632 4.34
20.779268 4.34
20.789992 4.34
20.820742 4.34
20.836742 4.34
20.861742 4.34
20.877867 4.34
20.902867 4.34
20.913632 4.34
20.943993 4.34
20.956397 4.34
20.990635 4.34
21.003012 4.34
21.031869 4.34
21.042634 4.34
21.072993 4.34
21.085398 4.34
21.119637 4.34
21.135637 4.34
21.160869 4.34
21.171619 4.34
21.201994 4.34
21.217995 4.34
21.251634 4.34
21.263999 4.34
21.292870 4.34
21.303637 4.34
21.333995 4.34
21.346401 4.34
21.375273 4.34
21.386124 4.34
21.416640 4.34
21.432636 4.34
21.457747 4.34
21.468639 4.34
21.498872 4.34
21.509639 4.34
21.539997 4.34
21.555997 4.34
21.586640 4.34
21.602638 4.68
21.627873 4.34
21.638748 4.34
21.668998 4.68
21.684998 4.34
21.710278 4.34
21.721130 4.34
21.751749 4.34
21.762641 4.34
21.792874 4.34
21.803641 4.34
21.834000 4.34
21.849999 4.34
21.880643 4.68
21.896641 4.68
21.921875 4.68
21.932641 4.34
21.963000 4.34
21.979001 4.68
22.004278 4.68
22.015128 4.68
22.045751 4.68
22.056644 4.68
22.086751 4.34
22.097644 4.68
22.127877 4.34
22.138642 4.34
22.169002 4.68
22.184877 4.68
22.210279 4.68
22.221002 4.68
22.251753 4.68
22.262644 4.34
22.292878 4.34
22.303753 4.34
22.334003 4.68
22.350003 4.68
22.375283 4.34
22.386133 4.68
22.416754 4.68
22.427647 4.34
22.457754 4.68
22.468646 4.68
22.498879 4.68
22.509754 4.68
22.540005 4.68
22.555880 4.34
22.581283 4.68
22.592005 4.68
22.622756 4.34
22.633645 4.34
22.663881 4.34
22.674756 4.68
22.705006 4.34
22.721006 4.34
22.746287 4.68
22.757133 4.68
22.787756 4.68
22.798647 4.34
22.828757 4.68
22.839648 4.34
22.869882 4.34
22.880649 4.68
22.911007 4.34
22.926883 4.68
22.952288 4.68
22.963008 4.68
22.993650 4.68
23.009651 4.68
23.034884 4.68
23.045648 4.68
23.076009 4.34
23.092009 4.68
23.117287 4.68
23.128135 4.68
23.158759 4.34
23.169651 4.68
23.199760 4.34
23.210635 4.34
23.240760 4.34
23.251652 4.68
23.281760 4.68
23.292528 4.34
23.322886 4.34
23.335413 4.34
23.364011 4.34
23.380011 4.34
23.407016 4.68
23.417886 4.34
23.453529 4.68
23.464292 4.34
23.494762 4.34
23.505652 4.68
23.535762 4.34
23.546637 4.34
23.576888 4.68
23.589290 4.34
23.618012 4.34
23.633888 4.34
23.660893 4.34
23.671763 4.34
23.702013 4.34
23.717889 4.68
23.744894 4.68
23.755764 4.34
23.786014 4.34
23.801889 4.68
23.832406 4.34
23.844921 4.34
23.873765 4.34
23.884657 4.34
23.914765 4.34
23.925640 4.34
23.955891 4.34
23.968294 4.34
23.997015 4.34
24.013016 4.34
24.038141 4.34
24.049016 4.34
24.079659 4.34
24.090408 4.34
24.120892 4.68
24.136767 4.34
24.162017 4.34
24.172767 4.34
24.208411 4.34
24.219143 4.34
24.249661 4.34
24.260408 4.34
24.290768 4.34
24.301658 4.34
24.331768 4.68
24.342643 4.34
24.372768 4.34
24.383643 4.34
24.413769 4.34
24.424644 4.34
24.454769 4.34
24.465659 4.34
24.495770 4.34
24.506645 4.34
24.536770 4.68
24.547645 4.34
24.577770 4.68
24.588646 4.68
24.618770 4.34
24.629645 4.34
24.659770 4.34
24.670646 4.34
24.700771 4.34
24.711646 4.34
24.741771 4.34
24.752646 4.34
24.782772 4.34
24.793647 4.34
24.823772 4.34
24.834647 4.34
24.864897 4.34
24.880772 4.34
24.906022 4.34
24.916897 4.34
24.952427 4.34
24.963149 4.34
24.993773 4.34
25.004663 4.34
25.034773 4.34
25.047302 4.34
25.075774 4.34
25.086649 4.34
25.116899 4.34
25.132774 4.34
25.158024 4.34
25.168775 4.34
25.204790 4.34
25.215666 4.34
25.245775 4.34
25.256650 4.34
25.286776 4.34
25.297650 4.34
25.327775 4.68
25.338543 4.34
25.369026 4.34
25.379901 4.34
25.415430 4.34
25.426153 4.34
25.456777 4.34
25.467669 4.34
25.497902 4.34
25.513777 4.34
25.539027 4.34
25.549778 4.34
25.585669 4.34
25.596419 4.34
25.626778 4.34
25.637653 4.34
25.667778 4.34
25.678654 4.34
25.708779 4.34
25.719654 4.34
25.749779 4.34
25.760654 4.34
25.790779 4.34
25.801655 4.34
25.831779 4.34
25.842655 4.34
25.872780 4.34
25.883655 4.34
25.913780 4.34
25.924655 4.34
25.954906 4.34
25.970781 4.34
25.996031 4.34
26.006905 4.34
26.042421 4.34
26.053157 4.34
26.083674 4.68
26.094424 4.34
26.124907 4.34
26.140782 4.68
26.166032 4.34
26.176907 4.68
26.212435 4.68
26.224917 4.34
26.253783 4.34
26.264673 4.34
26.294908 4.34
26.310783 4.34
26.336033 4.34
26.346908 4.34
26.382425 4.34
26.394918 4.34
26.423675 4.34
26.434426 4.34
26.464660 4.34
26.475425 4.34
26.505660 4.34
26.516426 4.34
26.546785 4.34
26.559161 4.34
26.587785 4.34
26.600162 4.34
26.628786 4.34
26.641162 4.34
26.669786 4.34
26.682163 4.34
26.710786 4.34
26.723163 4.34
26.751786 4.34
26.767662 4.34
26.792786 4.34
26.805163 4.34
26.833787 4.34
26.849662 4.34
26.874787 4.34
26.890663 4.34
26.915788 4.34
26.928164 4.34
26.956788 4.34
26.972664 4.68
26.997788 4.34
27.013663 4.34
27.038789 4.34
27.051166 4.34
27.079789 4.34
27.095664 4.34
27.120789 4.34
27.136665 4.34
27.161789 4.34
27.174166 4.34
27.202914 4.34
27.218790 4.68
27.244040 4.34
27.254915 4.68
27.290445 4.34
27.306291 4.34
27.331666 4.34
27.342433 4.34
27.372666 4.34
27.383557 4.34
27.413667 4.34
27.424557 4.68
27.454667 4.34
27.465559 4.34
27.495667 4.34
27.506560 4.34
27.536667 4.68
27.547433 4.34
27.577668 4.34
27.588436 4.34
27.618668 4.68
27.629435 4.68
27.659668 4.34
27.670433 4.34
27.700668 4.34
27.711433 4.68
27.741668 4.68
27.752436 4.68
27.782669 4.34
27.793436 4.68
27.823670 4.68
27.834438 4.68
27.864670 4.34
27.875562 4.68
27.905670 4.68
27.916436 4.68
27.946687 4.34
27.957436 4.34
27.987796 4.68
28.003671 4.68
28.028796 4.34
28.044671 4.68
28.069797 4.68
28.085672 4.34
28.110797 4.34
28.126672 4.34
28.151797 4.34
28.167672 4.34
28.192797 4.34
28.208672 4.34
28.233798 4.34
28.249673 4.34
28.274798 4.34
28.290673 4.34
28.315798 4.34
28.331673 4.68
28.356799 4.34
28.372674 4.34
28.397799 4.34
28.413674 4.34
28.438799 4.34
28.454674 4.34
28.479799 4.34
28.495675 4.34
28.520800 4.34
28.536675 4.34
28.561800 4.68
28.577675 4.34
28.602800 4.34
28.618676 4.34
28.643801 4.34
28.659676 4.34
28.684801 4.34
28.700676 4.34
28.725926 4.34
28.736677 4.34
28.772317 4.34
28.783052 4.34
28.813693 4.34
28.826178 4.34
28.854927 4.34
28.865677 4.34
28.897804 4.34
28.908695 4.34
28.938928 4.34
28.949678 4.34
28.980054 4.34
28.990803 4.34
29.021455 4.34
29.037319 4.34
29.062804 4.34
29.078679 4.34
29.103929 4.34
29.114680 4.34
29.150322 4.34
29.166322 4.34
29.191696 4.34
29.204198 4.34
29.232930 4.34
29.243680 4.34
29.273930 4.34
29.284806 4.34
29.320335 4.34
29.336322 4.34
29.361698 4.34
29.374056 4.34
29.402806 4.34
29.418682 4.68
29.443807 4.34
29.454682 4.68
29.484932 4.34
29.495682 4.34
29.531184 4.34
29.543684 4.34
29.572701 4.34
29.588699 4.34
29.613933 4.34
29.624808 4.34
29.660324 4.34
29.676324 4.34
29.701701 4.34
29.714059 4.34
29.742934 4.34
29.753684 4.34
29.789325 4.34
29.805324 4.34
29.830702 4.34
29.846699 4.34
29.871810 4.34
29.887685 4.34
29.912935 4.34
29.923811 4.34
29.959327 4.34
29.975327 4.34
30.000811 4.34
30.016811 4.34
30.041936 4.34
30.052811 4.34
30.088327 4.34
30.104217 4.34
30.129705 4.34
30.145703 4.34
30.170687 4.34
30.186704 4.34
30.211813 4.34
30.227688 4.34
30.252938 4.34
30.263813 4.34
30.299341 4.34
30.315330 4.34
30.340707 4.34
30.356704 4.34
30.381814 4.34
30.397689 4.34
30.422939 4.34
30.433814 4.34
30.469191 4.34
30.485192 4.34
30.510708 4.34
30.526706 4.34
30.551940 4.34
30.562815 4.34
30.598343 4.34
30.614331 4.34
30.639707 4.34
30.655708 4.34
30.680816 4.34
30.696816 4.34
30.721941 4.34
30.732817 4.34
30.768344 4.34
30.784334 4.34
30.809709 4.34
30.825711 4.34
30.850693 4.34
30.866692 4.34
30.891693 4.34
30.907710 4.34
30.932818 4.34
30.948693 4.68
30.973943 4.34
30.984693 4.34
31.020335 4.34
31.036335 4.34
31.061711 4.34
31.077712 4.34
31.102819 4.34
31.118694 4.34
31.143945 4.34
31.154820 4.34
31.190197 4.34
31.206197 4.34
31.231712 4.34
31.247712 4.34
31.274697 4.68
31.285472 4.68
31.315821 4.34
31.331821 4.34
31.356946 4.34
31.367821 4.68
31.403357 4.34
31.419338 4.34
31.444715 4.34
31.460713 4.68
31.485822 4.68
31.501697 4.34
31.528699 4.68
31.539464 4.68
31.569698 4.34
31.585823 4.68
31.610823 4.68
31.626823 4.34
31.653700 4.34
31.664467 4.68
31.694824 4.34
31.705699 4.34
31.737700 4.34
31.748592 4.34
31.778699 4.34
31.794700 4.34
31.819825 4.34
31.830700 4.34
31.862719 4.34
31.873592 4.34
31.903826 4.34
31.914701 4.34
31.946732 4.34
31.957593 4.34
31.989716 4.34
32.000595 4.34
32.032719 4.34
32.043594 4.34
32.079076 4.34
32.089827 4.34
32.120592 4.34
32.132953 4.34
32.161702 4.34
32.177717 4.34
32.202703 4.34
32.218718 4.34
32.243828 4.34
32.254703 4.34
32.286579 4.34
32.297345 4.34
32.327722 4.34
32.343720 4.34
32.368704 4.34
32.379594 4.34
32.409830 4.34
32.420704 4.34
32.456079 4.34
32.466829 4.34
32.497484 4.34
32.508360 4.34
32.538723 4.34
32.549598 4.34
32.585080 4.34
32.601081 4.34
32.626361 4.34
32.637236 4.68
32.667831 4.34
32.678721 4.34
32.714081 4.34
32.724831 4.34
32.755485 4.34
32.766208 4.34
32.796832 4.34
32.807707 4.34
32.843082 4.34
32.853832 4.34
32.884487 4.34
32.895208 4.34
32.925833 4.34
32.936708 4.34
32.972083 4.34
32.982834 4.34
33.013485 4.34
33.024210 4.34
33.054834 4.34
33.065709 4.34
33.101084 4.34
33.111834 4.34
33.142490 4.34
33.153364 4.34
33.183710 4.34
33.194475 4.34
33.224710 4.34
33.235479 4.34
33.265836 4.34
33.276726 4.34
33.312086 4.68
33.322836 4.34
33.353491 4.34
33.364364 4.34
33.394837 4.34
33.405712 4.34
33.441087 4.34
33.451837 4.34
33.482490 4.34
33.493366 4.34
33.523712 4.34
33.534478 4.34
33.564838 4.34
33.575713 4.34
33.611088 4.34
33.621838 4.34
33.652493 4.34
33.663366 4.34
33.693839 4.68
33.704714 4.68
33.740089 4.34
33.750964 4.34
33.781491 4.34
33.792216 4.34
33.822840 4.34
33.833715 4.34
33.869090 4.34
33.879840 4.34
33.910492 4.34
33.922965 4.34
33.951841 4.34
33.962733 4.34
33.998091 4.34
34.014091 4.34
34.039493 4.68
34.050234 4.34
34.080842 4.68
34.091717 4.34
34.127092 4.34
34.143092 4.34
34.168609 4.34
34.184733 4.34
34.209733 4.34
34.225733 4.34
34.250843 4.34
34.261718 4.34
34.297093 4.68
34.307843 4.34
34.338498 4.68
34.351094 4.34
34.379844 4.34
34.390720 4.34
34.426094 4.34
34.436844 4.34
34.467498 4.34
34.480095 4.68
34.508720 4.68
34.519486 4.34
34.549846 4.34
34.560721 4.34
34.596096 4.34
34.608597 4.34
34.637500 4.68
34.650096 4.68
34.678846 4.34
34.689721 4.34
34.725096 4.68
34.737598 4.68
34.766499 4.68
34.782374 4.34
34.807847 4.68
34.818723 4.68
34.854098 4.34
34.866599 4.68
34.895500 4.68
34.907848 4.68
34.936848 4.68
34.947724 4.34
34.983099 4.68
34.995475 4.34
35.024501 4.34
35.036848 4.34
35.065849 4.34
35.076724 4.34
35.112099 4.34
35.124476 4.34
35.153506 4.34
35.169502 4.34
35.194725 4.34
35.205493 4.34
35.235850 4.34
35.246726 4.34
35.282100 4.68
35.294477 4.34
35.323505 4.34
35.339506 4.68
35.364726 4.34
35.375495 4.34
35.405727 4.34
35.416494 4.34
35.446853 4.34
35.457727 4.34
35.493103 4.34
35.508978 4.34
35.534507 4.34
35.550507 4.68
35.575728 4.34
35.586493 4.34
35.616853 4.34
35.627729 4.34
35.663103 4.34
35.679104 4.34
35.704508 4.34
35.720382 4.34
35.745855 4.34
35.756629 4.68
35.792105 4.34
35.807979 4.34
35.833509 4.34
35.849507 4.68
35.874855 4.68
35.885622 4.34
35.921105 4.34
35.936980 4.34
35.962510 4.34
35.978625 4.34
36.003856 4.34
36.014625 4.34
36.050106 4.68
36.065982 4.34
36.091512 4.34
36.107497 4.34
36.132858 4.34
36.143623 4.34
36.179107 4.34
36.203510 4.34
36.219500 4.68
36.244858 4.68
36.255625 4.68
36.291108 4.68
36.315512 4.68
36.331502 4.68
36.356859 4.68
36.367625 4.68
36.403109 4.34
36.427514 4.34
36.443388 4.34
36.470486 4.68
36.481387 4.34
36.511625 4.34
36.522376 4.34
36.552860 4.34
36.563629 4.34
36.599111 4.34
36.623388 4.34
36.634111 4.34
36.664629 4.34
36.675380 4.34
36.705628 4.34
36.716379 4.68
36.746737 4.68
36.757505 4.68
36.789489 4.68
36.800237 4.68
36.830629 4.68
36.841389 4.68
36.871863 4.68
36.882629 4.34
36.918120 4.68
36.934120 4.68
36.959518 4.68
36.975392 4.34
37.002519 4.34
37.013391 4.34
37.045520 4.34
37.056239 4.68
37.088520 4.68
37.099392 4.68
37.131519 4.68
37.142240 4.68
37.174506 4.68
37.185270 4.68
37.217520 4.34
37.228395 4.68
37.260491 4.68
37.271270 4.34
37.301741 4.68
37.312509 4.34
37.347991 4.34
37.360523 4.34
37.389395 4.68
37.401992 4.68
37.430742 4.68
37.441510 4.34
37.473523 4.68
37.484269 4.68
37.516521 4.34
37.527396 4.34
37.563122 4.68
37.573993 4.68
37.604636 4.68
37.615396 4.68
37.647522 4.34
37.658396 4.34
37.693994 4.68
37.710122 4.34
37.738397 4.68
37.750869 4.68
37.779745 4.68
37.790638 4.68
37.825870 4.34
37.836635 4.68
37.866996 4.34
37.882995 4.68
37.908275 4.68
37.919124 4.68
37.949761 4.34
37.960638 4.34
37.990996 4.68
38.006996 4.34
38.032275 4.34
38.043126 4.34
38.073761 4.34
38.084648 4.68
38.114997 4.34
38.131127 4.34
38.156277 4.34
38.167129 4.34
38.197766 4.34
38.208640 4.34
38.244132 4.68
38.268640 4.68
38.279403 4.68
38.315129 4.34
38.325999 4.68
38.356641 4.68
38.367412 4.34
38.403129 4.68
38.413999 4.34
38.444640 4.68
38.455403 4.34
38.490875 4.34
38.501642 4.34
38.532000 4.34
38.547875 4.68
38.573277 4.68
38.584001 4.68
38.614751 4.34
38.625643 4.34
38.661129 4.34
38.672001 4.68
38.702644 4.68
38.713406 4.34
38.749129 4.34
38.760002 4.34
38.790645 4.34
38.801406 4.68
38.837129 4.34
38.848003 4.34
38.878643 4.34
38.889407 4.34
38.925003 4.34
38.941129 4.34
38.966282 4.34
38.977133 4.34
39.007645 4.34
39.018407 4.34
39.054133 4.34
39.065004 4.34
39.095647 4.34
39.106407 4.34
39.142134 4.34
39.153006 4.34
39.183648 4.34
39.194407 4.34
39.224755 4.34
39.235646 4.34
39.271006 4.34
39.287135 4.34
39.312133 4.34
39.323006 4.34
39.353649 4.34
39.364398 4.34
39.400007 4.68
39.416133 4.34
39.441286 4.34
39.453757 4.34
39.482758 4.34
39.493650 4.34
39.529135 4.34
39.540008 4.34
39.570649 4.68
39.581399 4.34
39.617008 4.34
39.633135 4.34
39.658286 4.34
39.670759 4.34
39.701386 4.34
39.712135 4.34
39.744386 4.34
39.755135 4.34
39.787386 4.34
39.798289 4.34
39.830386 4.34
39.841161 4.34
39.873417 4.34
39.884290 4.34
39.916418 4.34
39.927291 4.34
39.959415 4.34
39.970289 4.34
40.002415 4.34
40.013173 4.34
40.045417 4.34
40.056291 4.34
40.088418 4.34
40.099175 4.34
40.131389 4.34
40.142292 4.34
40.174389 4.34
40.185293 4.68
40.221013 4.34
40.237139 4.34
40.265419 4.34
40.281653 4.34
40.312014 4.34
40.328014 4.34
40.356292 4.34
40.372418 4.34
40.397656 4.34
40.408407 4.34
40.443890 4.34
40.460014 4.34
40.485015 4.34
40.500890 4.34
40.526292 4.34
40.542295 4.34
40.573015 4.34
40.589145 4.34
40.614142 4.34
40.625016 4.34
40.655658 4.34
40.666406 4.34
40.702017 4.34
40.717892 4.34
40.743297 4.34
40.759419 4.34
40.790017 4.34
40.806018 4.34
40.831297 4.34
40.847419 4.34
40.878018 4.34
40.889018 4.34
40.919297 4.34
40.935422 4.34
40.960659 4.34
40.971411 4.34
41.001769 4.34
41.012659 4.34
41.042769 4.34
41.053645 4.34
41.083895 4.34
41.099895 4.34
41.125020 4.34
41.135770 4.34
41.166300 4.34
41.182173 4.34
41.213021 4.34
41.223896 4.34
41.254423 4.34
41.265175 4.34
41.301021 4.34
41.311897 4.34
41.342423 4.34
41.353301 4.34
41.388897 4.34
41.405022 4.34
41.430022 4.34
41.440897 4.34
41.471424 4.34
41.482299 4.34
41.517898 4.34
41.533898 4.34
41.559023 4.34
41.569773 4.34
41.600426 4.34
41.611303 4.34
41.647024 4.34
41.657774 4.34
41.688427 4.34
41.699305 4.34
41.734775 4.68
41.745650 4.34
41.775775 4.68
41.786650 4.68
41.816774 4.34
41.827650 4.34
41.857900 4.34
41.873775 4.34
41.899026 4.34
41.909776 4.68
41.940542 4.34
41.951544 4.34
41.981902 4.34
41.997901 4.34
42.023027 4.34
42.033902 4.34
42.064304 4.34
42.080307 4.34
42.105669 4.34
42.116417 4.34
42.146777 4.34
42.157653 4.34
42.187778 4.34
42.198653 4.34
42.228778 4.34
42.239545 4.34
42.269778 4.34
42.280654 4.34
42.310779 4.34
42.321654 4.34
42.351779 4.34
42.362654 4.34
42.392779 4.34
42.403655 4.34
42.433780 4.34
42.444655 4.34
42.474795 4.34
42.485558 4.34
42.515780 4.34
42.526656 4.34
42.556906 4.34
42.573031 4.34
42.598031 4.34
42.608906 4.34
42.639435 4.34
42.650158 4.34
42.686031 4.34
42.696907 4.34
42.727310 4.34
42.743310 4.68
42.768675 4.34
42.779424 4.34
42.814908 4.68
42.831032 4.34
42.856033 4.34
42.866783 4.34
42.897311 4.34
42.913313 4.34
42.938676 4.34
42.949424 4.34
42.979909 4.34
42.995909 4.34
43.021034 4.34
43.031909 4.34
43.062313 4.34
43.078436 4.34
43.108910 4.34
43.124910 4.34
43.150161 4.34
43.162785 4.34
43.193287 4.34
43.204162 4.34
43.236287 4.34
43.247162 4.34
43.279288 4.34
43.290163 4.34
43.322288 4.34
43.333163 4.34
43.365289 4.34
43.376163 4.34
43.408164 4.34
43.419037 4.34
43.449442 4.34
43.460316 4.34
43.495913 4.34
43.511787 4.34
43.537038 4.34
43.547913 4.34
43.578443 4.34
43.589306 4.34
43.624914 4.34
43.640913 4.34
43.666039 4.34
43.676789 4.34
43.707289 4.34
43.723311 4.34
43.753915 4.34
43.769915 4.34
43.795040 4.34
43.805790 4.34
43.836290 4.34
43.847040 4.34
43.879167 4.34
43.890040 4.34
43.925916 4.34
43.936666 4.34
43.967167 4.34
43.983291 4.34
44.013917 4.34
44.024667 4.34
44.055042 4.34
44.065792 4.34
44.096293 4.34
44.107042 4.34
44.142918 4.34
44.153668 4.34
44.184169 4.34
44.200169 4.34
44.230919 4.34
44.241668 4.34
44.272170 4.34
44.288169 4.34
44.318919 4.34
44.329669 4.34
44.360170 4.68
44.376295 4.34
44.406919 4.68
44.417670 4.68
44.448171 4.68
44.464171 4.68
44.494921 4.34
44.505670 4.68
44.536172 4.34
44.552296 4.34
44.582921 4.34
44.593671 4.34
44.624172 4.34
44.640172 4.34
44.670922 4.68
44.681672 4.34
44.712173 4.34
44.728297 4.34
44.753449 4.34
44.764173 4.34
44.794687 4.34
44.805440 4.68
44.835798 4.34
44.851923 4.34
44.876798 4.34
44.892923 4.34
44.917799 4.34
44.933799 4.34
44.958799 4.34
44.974923 4.34
44.999799 4.34
45.015924 4.68
45.040799 4.34
45.056925 4.34
45.081800 4.34
45.097800 4.34
45.122800 4.34
45.138925 4.34
45.163800 4.34
45.179925 4.34
45.204801 4.34
45.220926 4.34
45.245801 4.34
45.261926 4.34
45.286801 4.34
45.302926 4.34
45.327926 4.34
45.338677 4.34
45.371191 4.34
45.382189 4.34
45.418059 4.02
45.429058 4.34
45.464932 4.34
45.475680 4.34
45.506463 4.34
45.517322 4.34
45.547680 4.34
45.558447 4.34
45.588929 4.34
45.599679 4.34
45.630181 4.34
45.646304 4.34
45.676940 4.34
45.687940 4.34
45.718584 4.34
45.729583 4.34
45.760186 4.34
45.776328 4.34
45.806933 4.34
45.817808 4.34
45.848326 4.34
45.859057 4.34
45.894931 4.34
45.905681 4.34
45.936211 4.34
45.952333 4.34
45.982931 4.34
45.993681 4.34
46.024185 4.34
46.042186 4.34
46.060333 4.34
46.090932 4.34
46.101682 4.34
46.132186 4.34
46.148326 4.34
46.178933 4.34
46.189682 4.34
46.220185 4.34
46.236185 4.34
46.263065 4.34
46.273809 4.34
46.306063 4.34
46.316809 4.34
46.352699 4.34
46.365063 4.34
46.393935 4.34
46.404684 4.34
46.435186 4.34
46.451327 4.34
46.478088 4.34
46.488935 4.34
46.524936 4.34
46.535824 4.34
