0.000000 0.000000
0.042012 4.34
0.053012 4.34
0.083643 4.34
0.096251 3.01
0.128642 2.66
0.141251 2.66
0.175664 2.66
0.188268 2.34
0.216868 2.66
0.227619 2.66
0.257865 2.34
0.268628 2.66
0.298864 2.34
0.309615 2.34
0.339863 2.34
0.350613 2.34
0.380862 2.34
0.391613 2.34
0.422003 2.34
0.432764 2.34
0.468238 2.34
0.480765 2.34
0.509363 2.34
0.525238 2.66
0.550638 2.66
0.563238 2.66
0.592005 2.66
0.602765 2.66
0.634766 2.34
0.645639 2.34
0.677764 2.66
0.688640 2.34
0.724365 2.34
0.740239 2.34
0.765809 2.34
0.782028 2.34
0.807379 2.34
0.818376 2.34
0.850776 2.34
0.861765 2.34
0.897502 2.34
0.908500 2.34
0.944381 2.66
0.955381 2.34
0.986164 4.02
1.002379 4.34
1.027789 4.02
1.044014 4.34
1.069248 4.34
1.085371 4.02
1.110651 4.34
1.126776 4.02
1.157370 4.34
1.173494 4.02
1.198649 4.34
1.211134 4.34
1.245369 4.02
1.261368 4.02
1.286649 4.02
1.302769 4.34
1.333369 4.02
1.349244 4.02
1.374494 4.34
1.385369 4.02
1.415769 4.02
1.431885 4.02
1.457396 4.34
1.468397 4.34
1.499061 4.34
1.510073 4.34
1.540683 4.34
1.556879 4.34
1.587501 4.34
1.598501 4.34
1.634386 4.34
1.645257 4.34
1.676027 4.34
1.687026 4.34
1.717674 4.34
1.733752 4.34
1.764501 4.34
1.775501 4.34
1.806019 4.34
1.817018 4.34
1.847499 4.34
1.858374 4.34
1.889014 4.34
1.899777 4.34
1.930249 4.34
1.946374 4.34
1.971886 4.34
1.982884 4.34
2.013690 4.34
2.029880 4.34
2.060511 4.34
2.071511 4.68
2.107383 4.68
2.118255 4.68
2.149024 4.68
2.160023 4.68
2.190378 4.68
2.201254 4.68
2.231718 4.68
2.247770 4.68
2.273018 4.68
2.283780 4.34
2.314376 4.68
2.325251 4.34
2.356056 4.68
2.367027 4.68
2.397674 4.68
2.413883 4.68
2.444506 4.68
2.455506 4.68
2.486022 4.68
2.497019 4.68
2.527378 4.68
2.538129 4.68
2.568780 4.68
2.579503 4.68
2.615378 4.68
2.626128 4.68
2.657019 4.68
2.667778 4.68
2.698513 4.68
2.709512 4.68
2.745385 4.68
2.756259 4.68
2.787026 4.68
2.798024 5.00
2.828382 4.68
2.839132 5.00
2.869661 5.00
2.885807 5.00
2.911023 5.00
2.922023 4.68
2.952381 4.68
2.963131 4.68
2.993506 4.68
3.004381 4.68
3.034507 4.68
3.045381 4.68
3.075785 4.68
3.086663 4.68
3.122382 4.68
3.133132 4.68
3.163508 5.00
3.174383 4.68
3.204662 5.00
3.220662 4.68
3.246026 4.68
3.256786 4.68
3.287258 4.68
3.303259 4.68
3.328383 4.68
3.339134 4.68
3.369508 4.68
3.380384 4.68
3.410509 4.68
3.421384 4.68
3.451786 4.68
3.462509 5.00
3.498385 4.68
3.509134 4.68
3.539663 4.68
3.555663 5.00
3.581028 5.00
3.591790 4.68
3.622260 4.68
3.638261 4.68
3.663261 4.68
3.679261 5.00
3.704261 4.68
3.720261 5.00
3.745261 4.68
3.761262 4.68
3.786262 4.68
3.802262 4.68
3.827262 4.68
3.843263 4.68
3.868262 4.68
3.884263 4.68
3.909262 4.68
3.925263 4.68
3.950263 4.68
3.966264 4.68
3.991263 4.68
4.007264 4.68
4.032264 4.68
4.048264 4.68
4.073264 4.68
4.089264 4.68
4.114263 4.68
4.130265 4.68
4.155264 4.68
4.171265 4.68
4.196265 4.68
4.212265 4.68
4.237265 4.68
4.253265 4.68
4.278265 4.68
4.294266 4.68
4.319266 4.68
4.335266 4.68
4.360266 4.68
4.371141 4.68
4.401266 4.68
4.412034 4.68
4.442266 4.68
4.453142 4.68
4.483266 4.68
4.494034 4.68
4.524267 4.68
4.535142 4.68
4.565267 4.68
4.576032 4.68
4.606268 4.68
4.617034 4.68
4.647268 4.68
4.658036 4.68
4.688268 4.68
4.699143 4.68
4.729268 4.68
4.740037 4.68
4.770269 4.68
4.781037 4.68
4.811269 4.68
4.822036 4.68
4.852269 4.68
4.863036 4.68
4.893270 4.68
4.904038 4.68
4.934395 4.68
4.945145 4.68
4.975675 4.68
4.986521 4.68
5.022271 4.68
5.033163 4.68
5.063271 4.68
5.074163 4.68
5.104271 4.68
5.115162 4.68
5.145271 4.68
5.156163 4.68
5.186272 5.00
5.197164 4.68
5.227272 4.68
5.238164 4.68
5.268272 5.00
5.279162 4.68
5.309273 4.68
5.320165 4.68
5.350273 4.68
5.361166 4.68
5.391273 4.68
5.402166 4.68
5.432273 4.68
5.443163 4.68
5.473273 4.68
5.484166 4.68
5.514399 4.68
5.525149 4.68
5.555524 4.68
5.571525 4.68
5.602275 4.68
5.613165 4.68
5.643400 4.68
5.654150 5.00
5.684680 5.00
5.695525 4.68
5.726168 4.68
5.742276 4.68
5.767400 4.68
5.778151 4.68
5.808682 5.00
5.819526 4.68
5.850167 5.00
5.866277 4.68
5.891402 5.00
5.902151 5.00
5.932682 5.00
5.943527 5.00
5.974168 4.68
5.990278 5.00
6.017807 4.68
6.028528 5.00
6.059168 4.68
6.075279 4.68
6.100403 4.68
6.111153 4.68
6.141684 4.68
6.152528 4.68
6.183169 4.68
6.199279 4.68
6.224404 4.68
6.237044 4.68
6.265683 4.68
6.276529 5.00
6.312280 4.68
6.323172 4.68
6.353405 4.68
6.366047 4.68
6.394530 4.68
6.410686 4.68
6.441281 4.68
6.452172 4.68
6.482406 4.68
6.493281 4.68
6.523658 4.68
6.534531 4.68
6.570172 4.68
6.586171 4.68
6.611407 4.68
6.622282 4.68
6.652658 4.68
6.663532 4.68
6.694175 4.68
6.710174 4.68
6.735408 4.68
6.747801 4.68
6.776660 4.68
6.787533 4.68
6.823283 4.68
6.834175 4.68
6.864409 4.68
6.876799 4.68
6.905534 4.68
6.921534 4.68
6.952175 4.68
6.968176 4.68
6.993410 4.68
7.005800 4.68
7.034661 5.00
7.045535 4.68
7.081053 5.00
7.093440 4.68
7.122161 4.68
7.138285 4.68
7.163286 4.68
7.174161 4.68
7.204411 4.68
7.216803 4.68
7.245690 4.68
7.256537 4.68
7.286940 4.68
7.303052 4.68
7.328287 4.68
7.339163 4.68
7.369412 4.68
7.385413 4.68
7.410664 4.68
7.421538 4.68
7.452180 4.68
7.462930 4.68
7.493413 4.68
7.505806 4.68
7.534665 4.68
7.545538 4.68
7.575931 4.68
7.592056 4.68
7.617289 4.68
7.628164 4.68
7.658414 4.68
7.674415 4.68
7.699666 4.68
7.710540 4.68
7.740945 4.68
7.757057 4.68
7.782290 4.68
7.793166 4.68
7.823416 4.68
7.839416 4.68
7.864541 4.68
7.875416 4.68
7.911184 4.68
7.921934 4.68
7.952292 4.68
7.963167 4.68
7.993417 4.68
8.009417 4.68
8.034669 4.68
8.045542 4.68
8.075946 4.68
8.091933 4.68
8.117293 4.68
8.128168 4.68
8.158418 4.68
8.174293 4.68
8.199669 4.68
8.210544 4.68
8.240948 4.68
8.257060 4.68
8.282294 4.68
8.293169 4.68
8.323419 4.68
8.339419 4.68
8.364671 4.68
8.375544 4.68
8.405949 4.68
8.422060 4.68
8.447295 4.68
8.458170 4.68
8.488420 4.68
8.504420 4.68
8.529546 4.68
8.540421 4.68
8.576061 4.68
8.592064 4.68
8.617172 4.68
8.627940 4.68
8.658297 4.68
8.669172 4.68
8.699422 4.68
8.715422 4.68
8.740673 4.68
8.751547 4.68
8.782195 4.68
8.792940 4.68
8.823423 4.68
8.839297 4.68
8.864675 4.68
8.875548 4.68
8.905953 4.68
8.922067 4.68
8.947298 4.68
8.958174 4.68
8.988424 4.68
9.004424 4.68
9.031433 4.68
9.042299 4.68
9.072675 4.68
9.083550 4.68
9.113954 4.68
9.130065 4.68
9.155175 4.68
9.165944 4.68
9.196175 4.68
9.206941 4.68
9.237301 4.68
9.248176 4.68
9.278426 4.68
9.294301 4.68
9.321436 4.68
9.332302 4.68
9.362552 4.68
9.373301 4.68
9.403954 4.68
9.416436 4.68
9.445302 4.68
9.457829 4.68
9.486427 4.68
9.502427 4.68
9.529437 4.68
9.540178 4.68
9.572312 4.68
9.583195 4.68
9.613428 4.68
9.629304 4.68
9.663072 4.68
9.679071 4.68
9.704179 4.68
9.714946 4.68
9.745305 4.68
9.757680 4.68
9.786430 4.68
9.802430 4.68
9.829314 4.68
9.840195 4.68
9.870431 4.68
9.886431 4.68
9.916834 4.68
9.929315 4.68
9.958306 4.68
9.970682 4.68
9.999431 4.68
10.010306 4.68
10.042316 4.68
10.053199 4.68
10.083432 4.68
10.094307 4.68
10.129835 4.68
10.140557 4.68
10.171200 4.68
10.182074 4.68
10.212433 4.68
10.223183 4.68
10.258835 4.68
10.269558 4.68
10.300200 4.68
10.310951 4.68
10.341433 4.68
10.352308 4.68
10.387827 4.68
10.403826 4.68
10.429201 4.68
10.439950 4.68
10.470435 4.68
10.481309 4.68
10.516837 4.68
10.527560 4.68
10.558203 4.68
10.568952 4.68
10.599185 4.68
10.609952 4.68
10.640311 4.68
10.656311 4.68
10.681436 4.68
10.692311 4.68
10.727828 4.68
10.743829 4.68
10.769201 4.68
10.779952 4.68
10.810437 4.68
10.821312 4.68
10.856831 4.68
10.872830 4.68
10.898202 4.68
10.909079 4.68
10.939563 4.68
10.950313 4.68
10.980966 4.68
10.996841 4.68
11.022313 4.68
11.038189 4.68
11.063439 4.68
11.074314 4.68
11.109841 4.68
11.120564 4.68
11.151207 4.68
11.161955 4.68
11.192440 4.68
11.203315 4.68
11.238832 4.68
11.254834 4.68
11.280208 4.68
11.290958 4.68
11.321440 4.68
11.332191 4.68
11.367831 4.68
11.378566 4.68
11.409208 4.68
11.419957 4.68
11.450441 4.68
11.461192 4.68
11.496847 4.68
11.512834 4.68
11.538209 4.68
11.548961 4.68
11.579317 4.68
11.595317 4.68
11.620443 4.68
11.631193 4.68
11.666833 4.68
11.677568 4.68
11.708210 4.68
11.718962 4.68
11.749444 4.68
11.760194 4.68
11.795847 4.68
11.811834 4.68
11.837209 4.68
11.849713 4.68
11.878320 4.68
11.894320 4.68
11.919445 4.68
11.930320 4.68
11.965849 4.68
11.981837 4.68
12.007212 4.68
12.019697 4.68
12.048446 4.68
12.059321 4.68
12.094839 4.68
12.110836 4.68
12.136214 4.68
12.148698 4.68
12.177446 4.68
12.188322 4.68
12.220323 4.68
12.231215 4.68
12.261447 4.68
12.272197 4.68
12.304324 4.68
12.315216 4.68
12.345448 4.68
12.356198 4.68
12.388200 4.68
12.398966 4.68
12.429324 4.68
12.445199 4.68
12.470449 4.68
12.481324 4.68
12.516854 4.68
12.532840 4.68
12.558216 4.68
12.574199 4.68
12.599200 4.68
12.611575 4.68
12.640325 4.68
12.656325 4.68
12.681450 4.68
12.692325 4.68
12.724202 4.68
12.735091 4.68
12.765326 4.68
12.781201 4.68
12.811576 4.68
12.822326 4.68
12.852981 4.68
12.863854 4.68
12.894327 4.68
12.910327 4.68
12.935452 4.68
12.946327 4.68
12.981845 4.68
12.997845 4.68
13.023096 4.68
13.033846 4.68
13.064328 4.68
13.080203 4.68
13.105453 4.68
13.116328 4.68
13.151844 4.68
13.167704 4.68
13.193096 4.68
13.203846 4.68
13.234205 4.68
13.250096 4.68
13.275205 4.68
13.291205 4.68
13.316330 4.68
13.332330 4.68
13.357455 4.68
13.368330 4.68
13.403861 4.68
13.419847 4.68
13.445097 4.68
13.455847 4.68
13.486331 4.68
13.502207 4.68
13.527456 4.68
13.538207 4.68
13.568860 4.68
13.584859 4.68
13.610332 4.68
13.626207 4.68
13.651457 4.68
13.662332 4.68
13.692861 4.68
13.708862 4.68
13.733973 4.68
13.744708 4.68
13.775208 4.68
13.791100 4.68
13.816209 4.68
13.832098 4.68
13.857334 4.68
13.873209 4.68
13.898459 4.68
13.909334 4.68
13.939864 4.68
13.955864 4.68
13.981102 4.68
13.991863 4.68
14.022101 4.68
14.032864 4.68
14.063335 4.68
14.079335 4.68
14.104460 4.68
14.115335 4.68
14.145862 4.68
14.161711 4.68
14.187104 4.68
14.197866 4.68
14.228337 4.68
14.244337 4.68
14.269462 4.68
14.280337 4.68
14.310865 4.68
14.326741 4.68
14.352212 4.68
14.368104 4.68
14.393338 4.68
14.409338 4.68
14.436243 4.68
14.446981 4.68
14.477463 4.68
14.488213 4.68
14.523865 4.68
14.539866 4.68
14.565214 4.68
14.581214 4.68
14.606214 4.68
14.622106 4.68
14.647215 4.68
14.663215 4.68
14.688340 4.68
14.704340 4.68
14.731231 4.68
14.742105 4.68
14.774233 4.68
14.785106 4.68
14.817245 4.68
14.828108 4.68
14.860234 4.68
14.871106 4.68
14.903245 4.68
14.914108 4.68
14.946248 4.68
14.957109 4.68
14.989256 4.68
15.000110 4.68
15.032249 4.68
15.043110 4.68
15.075249 4.68
15.086110 4.68
15.118248 4.68
15.129110 4.68
15.161248 4.68
15.172111 4.68
15.207597 4.68
15.220249 4.68
15.249111 4.68
15.261469 4.68
15.290344 4.68
15.301219 4.68
15.333125 4.68
15.343871 4.68
15.374220 4.68
15.390109 4.68
15.415345 4.68
15.426112 4.68
15.458127 4.68
15.468875 4.68
15.499221 4.68
15.510112 4.68
15.540346 4.68
15.551112 4.68
15.583127 4.68
15.593874 4.68
15.624222 4.68
15.635114 4.68
15.665221 4.68
15.676112 4.68
15.706222 4.68
15.717114 4.68
15.747347 4.68
15.758222 4.68
15.793752 4.68
15.809752 4.68
15.835223 4.68
15.851223 4.68
15.876348 4.68
15.887223 4.68
15.922601 4.68
15.938603 4.68
15.963878 4.68
15.974753 4.68
16.005224 4.68
16.021224 4.68
16.046350 4.68
16.057224 4.68
16.092604 4.68
16.108753 4.68
16.134118 4.68
16.150115 4.68
16.175225 4.68
16.191225 4.68
16.216351 4.68
16.227115 4.68
16.262605 4.68
16.278605 4.68
16.304118 4.68
16.320116 4.68
16.345351 4.68
16.356116 4.68
16.391604 4.68
16.407607 4.68
16.432881 4.68
16.443604 4.68
16.474228 4.68
16.490228 4.68
16.515353 4.68
16.526228 4.68
16.561608 4.68
16.577756 4.68
16.603121 4.68
16.619121 4.68
16.644229 4.68
16.660229 4.68
16.685229 4.68
16.696122 4.68
16.726354 4.68
16.737104 4.68
16.772606 4.68
16.788605 4.68
16.814120 4.68
16.830122 4.68
16.855105 4.68
16.871122 4.68
16.896106 4.68
16.912123 4.68
16.937105 4.68
16.953124 4.68
16.978106 4.68
16.994231 4.68
17.019106 4.68
17.035124 4.68
17.060107 4.68
17.076125 4.34
17.101121 4.34
17.117123 4.34
17.142107 4.34
17.158125 4.34
17.183108 4.34
17.199122 4.34
17.224108 4.34
17.240372 4.34
17.265794 4.34
17.276790 4.34
17.307366 4.34
17.318364 4.34
17.348901 4.34
17.359816 4.34
17.390237 4.34
17.406236 4.34
17.431361 4.34
17.442235 4.34
17.477611 4.34
17.493610 4.34
17.519128 4.34
17.535125 4.34
17.560110 4.34
17.576248 4.34
17.606876 4.34
17.617788 4.34
17.653778 4.34
17.664616 4.34
17.695364 4.34
17.706240 4.34
17.736614 4.34
17.752614 4.34
17.778130 4.34
17.794130 4.34
17.819112 4.34
17.835127 4.34
17.860113 4.34
17.876238 4.34
17.901112 4.34
17.917130 4.34
17.942238 4.34
17.953113 4.34
17.983363 4.34
17.994113 4.34
18.029614 4.34
18.045617 4.34
18.071131 4.34
18.087129 4.34
18.112115 4.34
18.128239 4.34
18.153239 4.34
18.164131 4.34
18.199489 4.34
18.210240 4.34
18.240767 4.34
18.251616 4.34
18.282130 4.34
18.298131 4.34
18.323115 4.34
18.333882 4.34
18.364116 4.34
18.374882 4.34
18.405241 4.34
18.416116 4.34
18.446241 4.34
18.457117 4.34
18.487242 4.34
18.498134 4.34
18.528381 4.34
18.539381 4.34
