0.000000 0.000000
0.043626 4.34
0.054579 4.34
0.090586 4.34
0.107024 2.66
0.132337 2.34
0.143335 2.34
0.179331 2.34
0.190331 2.34
0.222615 2.34
0.247219 2.34
0.263325 2.34
0.288730 2.34
0.299574 2.34
0.330211 2.34
0.346323 2.34
0.371573 2.34
0.387725 2.34
0.414472 2.34
0.425196 2.34
0.461321 2.34
0.472212 2.34
0.502446 2.34
0.514836 2.34
0.543724 2.34
0.554571 2.34
0.590323 2.34
0.601213 2.34
0.631447 2.34
0.643837 2.34
0.677475 2.34
0.688199 2.66
0.720472 2.34
0.731198 2.34
0.767359 2.34
0.778339 2.34
0.814101 2.34
0.830331 2.34
0.855726 2.34
0.866715 2.34
0.897336 2.34
0.908335 2.34
0.944215 2.34
0.955216 2.34
0.986036 4.02
1.002358 4.02
1.027584 4.02
1.043879 4.02
1.074332 4.02
1.085226 4.02
1.121205 4.02
1.132098 4.02
1.162454 4.02
1.174859 4.02
1.206703 4.02
1.217578 4.02
1.248219 4.02
1.258970 4.34
1.289453 4.34
1.305328 4.02
1.330704 4.02
1.341578 4.34
1.371980 4.02
1.382704 4.02
1.413329 4.02
1.424219 4.02
1.460221 4.02
1.471220 4.02
1.501873 4.02
1.512842 4.34
1.543468 4.34
1.559729 4.34
1.590339 4.34
1.601338 4.02
1.637102 4.34
1.653344 4.34
1.678716 4.34
1.689715 4.34
1.720337 4.34
1.731212 4.34
1.767100 4.34
1.782978 4.34
1.808334 4.34
1.824333 4.34
1.849582 4.34
1.860458 4.34
1.896225 4.34
1.906976 4.34
1.937207 4.34
1.947976 4.34
1.978208 4.34
1.988975 4.34
2.019333 4.34
2.030208 4.34
2.060458 4.34
2.076459 4.34
2.101583 4.34
2.112459 4.34
2.148225 4.34
2.158976 4.34
2.189334 4.34
2.200210 4.34
2.230459 4.34
2.246460 4.34
2.271710 4.34
2.282584 4.34
2.312990 4.34
2.323711 4.34
2.354335 4.34
2.365210 4.34
2.395460 4.34
2.411336 4.34
2.436712 4.34
2.447586 4.34
2.477987 4.34
2.488712 4.34
2.519212 4.34
2.529990 4.34
2.560212 4.34
2.570980 4.34
2.601212 4.34
2.611981 4.34
2.642338 4.34
2.653212 4.34
2.683463 4.34
2.699462 4.34
2.724588 4.34
2.735463 4.34
2.771229 4.34
2.781979 4.34
2.812339 4.34
2.823214 4.34
2.853464 4.34
2.869464 4.02
2.896474 4.34
2.907214 4.34
2.939475 4.34
2.950340 4.34
2.982474 4.34
2.993340 4.34
3.025474 4.34
3.036340 4.34
3.068474 4.34
3.079216 4.34
3.109590 4.34
3.120341 4.34
3.150993 4.34
3.161717 4.34
3.192216 4.34
3.203110 4.34
3.233217 4.34
3.243984 4.34
3.274217 4.34
3.284982 4.34
3.315342 4.34
3.327718 4.34
3.356592 4.34
3.367343 4.34
3.397996 4.34
3.413986 4.34
3.439344 4.34
3.451737 4.34
3.480469 4.34
3.496343 4.34
3.523373 4.34
3.534234 4.34
3.564594 4.34
3.575344 4.34
3.605999 4.34
3.622113 4.34
3.647345 4.34
3.659721 4.34
3.688595 4.34
3.699345 4.34
3.729874 4.34
3.745862 4.34
3.771236 4.34
3.781988 4.34
3.812471 4.34
3.823221 4.34
3.858863 4.34
3.874864 4.34
3.900238 4.34
3.910988 4.34
3.941472 4.34
3.952347 4.34
3.987874 4.34
3.998597 4.34
4.029239 4.34
4.039989 4.34
4.070473 4.34
4.081223 4.34
4.116877 4.34
4.132866 4.34
4.158241 4.34
4.168991 4.34
4.199223 4.34
4.209991 4.34
4.240224 4.34
4.250992 4.34
4.281224 4.34
4.291991 4.34
4.322225 4.34
4.332991 4.34
4.363350 4.34
4.379225 4.34
4.404475 4.34
4.415225 4.34
4.450879 4.34
4.466866 4.34
4.492243 4.34
4.502993 4.34
4.533476 4.34
4.544351 4.34
4.579869 4.34
4.595867 4.34
4.621245 4.34
4.631992 4.34
4.662477 4.34
4.673351 4.34
4.712121 4.34
4.722870 4.34
4.753353 4.34
4.769353 4.34
4.794478 4.34
4.805353 4.34
4.840870 4.34
4.856869 4.34
4.882246 4.34
4.892996 4.34
4.923479 4.34
4.934354 4.34
4.964604 4.34
4.975479 4.34
5.006119 4.34
5.016870 4.34
5.047355 4.34
5.063355 4.34
5.088480 4.34
5.099230 4.34
5.134873 4.34
5.150874 4.34
5.176249 4.34
5.186997 4.34
5.217481 4.34
5.228231 4.34
5.258606 4.34
5.269356 4.34
5.300009 4.34
5.315886 4.34
5.341357 4.34
5.357357 4.34
5.382482 4.34
5.393357 4.34
5.428874 4.34
5.444873 4.34
5.470247 4.34
5.480998 4.34
5.511483 4.34
5.522232 4.34
5.554377 4.34
5.565124 4.34
5.600888 4.34
5.616874 4.34
5.642124 4.34
5.652877 4.34
5.683127 4.34
5.693878 4.34
5.724235 4.34
5.735126 4.34
5.765360 4.34
5.781235 4.34
5.806485 4.34
5.817235 4.34
5.852888 4.34
5.863610 4.34
5.894129 4.34
5.904879 4.34
5.935128 4.34
5.945878 4.34
5.976236 4.34
5.988737 4.34
6.017236 4.34
6.029737 4.34
6.058237 4.34
6.070612 4.34
6.099362 4.34
6.115362 4.34
6.140488 4.34
6.151238 4.34
6.186891 4.34
6.199239 4.34
6.228130 4.34
6.238881 4.34
6.269488 4.34
6.280238 4.34
6.310893 4.34
6.326892 4.34
6.352132 4.34
6.362882 4.34
6.393364 4.34
6.409240 4.34
6.434489 4.34
6.445365 4.34
6.475895 4.34
6.491892 4.34
6.517132 4.34
6.527893 4.34
6.558131 4.34
6.568883 4.34
6.599366 4.34
6.615367 4.34
6.640491 4.34
6.651367 4.34
6.681867 4.34
6.694243 4.34
6.723260 4.34
6.739132 4.34
6.764367 4.34
6.780367 4.34
6.805492 4.34
6.816243 4.34
6.846897 4.34
6.862895 4.34
6.888134 4.34
6.898897 4.34
6.929243 4.34
6.945137 4.34
6.970369 4.34
6.986261 4.34
7.011494 4.34
7.022369 4.34
7.057898 4.34
7.073773 4.34
7.099244 4.34
7.115370 4.34
7.140245 4.34
7.156245 4.34
7.181245 4.34
7.197245 4.34
7.222371 4.34
7.238245 4.34
7.263495 4.34
7.274371 4.34
7.304901 4.34
7.320902 4.34
7.346246 4.34
7.362246 4.34
7.387372 4.34
7.403372 4.34
7.428497 4.34
7.439372 4.34
7.474902 4.34
7.490901 4.34
7.516248 4.34
7.532248 4.34
7.557248 4.34
7.573140 4.34
7.598373 4.34
7.614248 4.34
7.639498 4.34
7.650248 4.34
7.680777 4.34
7.696776 4.34
7.722249 4.34
7.738374 4.34
7.763374 4.34
7.779374 4.34
7.804500 4.34
7.815250 4.34
7.845902 4.34
7.861779 4.34
7.887250 4.34
7.903250 4.34
7.928250 4.34
7.944142 4.34
7.969251 4.34
7.985251 4.34
8.010376 4.34
8.026251 4.34
8.051501 4.34
8.062251 4.34
8.092907 4.34
8.108905 4.34
8.134252 4.34
8.150252 4.34
8.175377 4.34
8.191378 4.34
8.216502 4.34
8.227253 4.34
8.257913 4.34
8.273782 4.34
8.299145 4.34
8.311632 4.34
8.340503 4.34
8.351253 4.34
8.381908 4.34
8.397909 4.34
8.423254 4.34
8.439147 4.34
8.464254 4.34
8.480254 4.34
8.505380 4.34
8.516255 4.34
8.548285 4.34
8.559146 4.34
8.591284 4.34
8.602149 4.34
8.634286 4.34
8.645147 4.34
8.677288 4.34
8.688147 4.34
8.720288 4.34
8.731131 4.34
8.763285 4.34
8.774148 4.34
8.809633 4.34
8.822289 4.34
8.851149 4.34
8.863633 4.34
8.892383 4.34
8.903258 4.34
8.935134 4.34
8.946148 4.34
8.976276 4.34
8.992258 4.34
9.017258 4.34
9.033151 4.34
9.058259 4.34
9.069151 4.34
9.099384 4.34
9.110259 4.34
9.142165 4.34
9.152914 4.34
9.183260 4.34
9.194152 4.34
9.224385 4.34
9.235260 4.34
9.270636 4.34
9.286639 4.34
9.312153 4.34
9.328151 4.34
9.353261 4.34
9.369153 4.34
9.394386 4.34
9.405261 4.34
9.440648 4.34
9.456790 4.34
9.482154 4.34
9.498157 4.34
9.523137 4.34
9.539152 4.34
9.564137 4.34
9.576512 4.34
9.605137 4.34
9.621263 4.34
9.646138 4.34
9.662154 4.34
9.687138 4.34
9.703155 4.34
9.728156 4.34
9.744156 4.34
9.769139 4.34
9.785156 4.34
9.810139 4.34
9.826157 4.34
9.851139 4.34
9.867154 4.34
9.892139 4.34
9.908265 4.34
9.933140 4.34
9.949158 4.34
9.974140 4.34
9.990157 4.34
10.015157 4.34
10.031157 4.34
10.056141 4.34
10.072158 4.34
10.097142 4.34
10.113159 4.34
10.138141 4.34
10.154156 4.34
10.179142 4.34
10.195267 4.34
10.220159 4.34
10.236157 4.34
10.261392 4.34
10.272268 4.34
10.307644 4.34
10.323643 4.34
10.349161 4.34
10.365161 4.34
10.390268 4.34
10.406144 4.34
10.431268 4.34
10.442144 4.34
10.472268 4.34
10.483144 4.34
10.513269 4.34
10.524144 4.34
10.554394 4.34
10.565270 4.34
10.600646 4.34
10.616649 4.34
10.641924 4.34
10.652647 4.34
10.683270 4.34
10.699146 4.34
10.724270 4.34
10.735146 4.34
10.765271 4.34
10.776146 4.34
10.806271 4.34
10.817163 4.34
10.847271 4.34
10.858147 4.34
10.888272 4.34
10.899146 4.34
10.929272 4.34
10.940147 4.34
10.970272 4.34
10.981163 4.34
11.011273 4.34
11.022148 4.34
11.052273 4.34
11.063148 4.34
11.093273 4.34
11.104149 4.34
11.134273 4.34
11.145149 4.34
11.175273 4.34
11.186149 4.34
11.216399 4.34
11.227274 4.34
11.262650 4.34
11.278650 4.34
11.304166 4.34
11.320167 4.34
11.345275 4.34
11.356168 4.34
11.386275 4.34
11.397150 4.34
11.427275 4.34
11.438151 4.34
11.468276 4.34
11.479151 4.34
11.509276 4.34
11.520151 4.34
11.550277 4.34
11.561152 4.34
11.591276 4.34
11.602152 4.34
11.632277 4.34
11.643152 4.34
11.673277 4.34
11.684152 4.34
11.714277 4.34
11.725153 4.34
11.755278 4.34
11.766153 4.34
11.796278 4.34
11.807154 4.34
11.837278 4.34
11.848154 4.34
11.878279 4.34
11.889154 4.34
11.919404 4.34
11.930279 4.34
11.965655 4.34
11.981658 4.34
12.006932 4.34
12.017656 4.34
12.048280 4.34
12.059171 4.34
12.089281 4.34
12.100155 4.34
12.130280 4.34
12.141155 4.34
12.171406 4.34
12.182156 4.34
12.217657 4.34
12.233661 4.34
12.258935 4.34
12.269810 4.34
12.300157 4.34
12.310922 4.34
12.341282 4.34
12.352157 4.34
12.382282 4.34
12.393157 4.34
12.423407 4.34
12.434283 4.34
12.469658 4.34
12.485662 4.34
12.511176 4.34
12.527177 4.34
12.552284 4.34
12.563159 4.34
12.593284 4.34
12.604159 4.34
12.634284 4.34
12.645159 4.34
12.675409 4.34
12.686160 4.34
12.721661 4.34
12.737665 4.34
12.763178 4.34
12.779177 4.34
12.804161 4.34
12.814928 4.34
12.845410 4.34
12.856286 4.34
12.891666 4.34
12.902663 4.34
12.933178 4.34
12.949178 4.34
12.974179 4.34
12.984929 4.34
13.015287 4.34
13.026162 4.34
13.056287 4.34
13.067163 4.34
13.097287 4.34
13.108163 4.34
13.138288 4.34
13.149163 4.34
13.179289 4.34
13.190163 4.34
13.220289 4.34
13.231163 4.34
13.261289 4.34
13.272164 4.34
13.302289 4.34
13.313164 4.34
13.348539 4.34
13.359290 4.34
13.389819 4.34
13.400540 4.34
13.431180 4.34
13.447181 4.34
13.472166 4.34
13.482933 4.34
13.513166 4.34
13.524056 4.34
13.554184 4.34
13.564931 4.34
13.595291 4.34
13.606167 4.34
13.636291 4.34
13.647167 4.34
13.679043 4.34
13.689946 4.34
13.720182 4.34
13.730934 4.34
13.761167 4.34
13.771936 4.34
13.802168 4.34
13.812935 4.34
13.843168 4.34
13.853933 4.34
13.884168 4.34
13.894936 4.34
13.925169 4.34
13.935936 4.34
13.966169 4.34
13.977060 4.34
14.007169 4.34
14.017937 4.34
14.048170 4.34
14.058939 4.34
14.089170 4.34
14.099938 4.34
14.130170 4.34
14.140937 4.34
14.171170 4.34
14.181935 4.34
14.212170 4.34
14.222938 4.34
14.253171 4.34
14.263938 4.34
14.294171 4.34
14.305063 4.34
14.335172 4.34
14.345937 4.34
14.376172 4.34
14.386939 4.34
14.417172 4.34
14.427939 4.34
14.458173 4.34
14.468939 4.34
14.499172 4.34
14.509938 4.34
14.540189 4.34
14.550938 4.34
14.582925 4.34
14.593674 4.34
14.624191 4.34
14.634939 4.34
14.666925 4.34
14.677675 4.34
14.708191 4.34
14.718941 4.34
14.750926 4.34
14.761676 4.34
14.792190 4.34
14.802942 4.34
14.838425 4.34
14.849176 4.34
14.879550 4.34
14.891927 4.34
14.920801 4.34
14.931550 4.34
14.962194 4.34
14.973069 4.34
15.008426 4.34
15.019177 4.34
15.049551 4.34
15.065552 4.34
15.090802 4.34
15.101552 4.34
15.132194 4.34
15.142943 4.34
15.178427 4.34
15.189178 4.34
15.219679 4.34
15.230553 4.34
15.261196 4.34
15.271945 4.34
15.307428 4.34
15.318178 4.34
15.348680 4.34
15.359554 4.34
15.390196 4.34
15.400947 4.34
15.436430 4.34
15.447180 4.34
15.477680 4.34
15.488554 4.34
15.518959 4.34
15.534959 4.34
15.560181 4.34
15.570946 4.34
15.601181 4.34
15.611946 4.34
15.642306 4.34
15.653181 4.34
15.688556 4.34
15.704431 4.34
15.729960 4.34
15.746306 4.34
15.771182 4.34
15.781949 4.34
15.812182 4.34
15.822949 4.34
15.853183 4.34
15.863949 4.34
15.894308 4.34
15.905183 4.34
15.940558 4.34
15.956433 4.34
15.981960 4.34
15.997963 4.34
16.023184 4.34
16.033951 4.34
16.064184 4.34
16.074952 4.34
16.106935 4.34
16.117685 4.34
16.148310 4.34
16.159185 4.34
16.194560 4.34
16.210435 4.34
16.235962 4.34
16.251962 4.34
16.278936 4.34
16.289826 4.34
16.320203 4.34
16.330954 4.34
16.366561 4.34
16.382436 4.34
16.407966 4.34
16.423965 4.34
16.450937 4.34
16.461705 4.34
16.492203 4.34
16.502956 4.34
16.534939 4.34
16.545689 4.34
16.577939 4.34
16.588841 4.34
16.619203 4.34
16.629953 4.34
16.665564 4.34
16.681438 4.34
16.706966 4.34
16.722832 4.34
16.749940 4.34
16.760831 4.34
16.792940 4.34
16.803708 4.34
16.835941 4.34
16.846833 4.34
16.878958 4.34
16.889708 4.34
16.921946 4.34
16.932692 4.34
16.964971 4.34
16.975845 4.34
17.007970 4.34
17.018720 4.34
17.054441 4.34
17.066971 4.34
17.095566 4.34
17.106441 4.34
17.137083 4.34
17.148081 4.34
17.183567 4.34
17.199442 4.34
17.225084 4.34
17.235835 4.34
17.271567 4.34
17.287443 4.34
17.312970 4.34
17.328847 4.34
17.355944 4.34
17.366848 4.34
17.397210 4.34
17.407962 4.34
17.438444 4.34
17.450837 4.34
17.479695 4.34
17.490569 4.34
17.521084 4.34
17.531849 4.34
17.562212 4.34
17.573085 4.34
17.608445 4.34
17.620838 4.34
17.649713 4.34
17.660570 4.34
17.691213 4.34
17.701963 4.34
17.732445 4.34
17.744822 4.34
17.773698 4.34
17.784571 4.34
17.814973 4.34
17.830836 4.34
17.861447 4.34
17.877572 4.34
17.902714 4.34
17.913572 4.34
17.943964 4.34
17.954716 4.34
17.990572 4.34
18.001323 4.34
18.031977 4.34
18.042840 4.34
18.078573 4.34
18.089323 4.34
18.119976 4.34
18.130699 4.34
18.166574 4.34
18.177449 4.34
18.207976 4.34
18.218716 4.34
18.254574 4.34
18.265449 4.34
18.295977 4.34
18.306853 4.34
18.342325 4.34
18.353217 4.34
18.383450 4.34
18.399326 4.34
18.424702 4.34
18.435576 4.34
18.465978 4.34
18.476702 4.34
18.512451 4.34
18.528452 4.34
18.553703 4.34
18.564577 4.34
18.594981 4.34
18.605857 4.34
18.641452 4.34
18.657453 4.34
18.685855 4.34
18.701846 4.34
18.727220 4.34
18.737969 4.34
18.768453 4.34
18.784328 4.34
18.809705 4.34
18.820578 4.34
18.850984 4.34
18.861858 4.34
18.897579 4.34
18.908329 4.34
18.938982 4.34
18.949706 4.34
18.985455 4.34
19.001330 4.34
19.026706 4.34
19.037580 4.34
19.067847 4.34
19.083974 4.34
19.109223 4.34
19.119973 4.34
19.155581 4.34
19.166331 4.34
19.196983 4.34
19.207707 4.34
19.243581 4.34
19.254457 4.34
19.284986 4.34
19.295861 4.34
19.331582 4.34
19.342332 4.34
19.372985 4.34
19.383708 4.34
19.419458 4.34
19.435583 4.34
19.460709 4.34
19.471583 4.34
19.501987 4.34
19.512860 4.34
19.548584 4.34
19.559334 4.34
19.589988 4.34
19.600710 4.34
19.636460 4.34
19.652459 4.34
19.677711 4.34
19.688585 4.34
19.718988 4.34
19.729864 4.34
19.765585 4.34
19.776336 4.34
19.806987 4.34
19.817712 4.34
19.853461 4.34
19.869586 4.34
19.894712 4.34
19.907336 4.34
19.935990 4.34
19.946865 4.34
19.982587 4.34
19.993337 4.34
20.023989 4.34
20.034713 4.34
20.070463 4.34
20.086338 4.34
20.111714 4.34
20.124338 4.34
20.152993 4.34
20.163866 4.34
20.199464 4.34
20.215588 4.34
20.240715 4.34
20.253229 4.34
20.281869 4.34
20.297857 4.34
20.324716 4.34
20.335590 4.34
20.365993 4.34
20.376869 4.34
20.412590 4.34
20.423340 4.34
20.453994 4.34
20.464716 4.34
20.500466 4.34
20.516466 4.34
20.541718 4.34
20.554216 4.34
20.582993 4.34
20.593718 4.34
20.629467 4.34
20.645591 4.34
20.673870 4.34
20.684737 4.34
20.720467 4.34
20.731217 4.34
20.761719 4.34
20.774218 4.34
20.808468 4.34
20.824468 4.34
20.849720 4.34
20.865872 4.34
20.890997 4.34
20.901872 4.34
20.932344 4.34
20.944720 4.34
20.973469 4.34
20.984219 4.34
21.014737 4.34
21.030735 4.34
21.061470 4.34
21.072220 4.34
21.102721 4.34
21.118874 4.34
21.144000 4.34
21.154721 4.34
21.185346 4.34
21.201346 4.34
21.226471 4.34
21.237346 4.34
21.267596 4.34
21.278347 4.34
21.308999 4.34
21.319723 4.34
21.350222 4.34
21.360988 4.34
21.391347 4.34
21.407472 4.34
21.432472 4.34
21.443223 4.34
21.473741 4.34
21.489878 4.34
21.514876 4.34
21.525724 4.34
21.556223 4.34
21.566991 4.34
21.597348 4.34
21.613349 4.34
21.638474 4.34
21.649349 4.34
21.679725 4.34
21.695878 4.34
21.721002 4.34
21.731725 4.34
21.762225 4.34
21.772993 4.34
21.803350 4.34
21.819475 4.34
21.844476 4.34
21.855225 4.34
21.885726 4.34
21.901884 4.34
21.927005 4.34
21.937880 4.34
21.968227 4.34
21.978995 4.34
22.009352 4.34
22.025476 4.34
22.050477 4.34
22.061352 4.34
22.091728 4.34
22.107728 4.34
22.138488 4.34
22.149487 4.34
22.180130 4.34
22.191129 4.34
22.221483 4.34
22.232357 4.68
22.263016 4.68
22.273889 4.68
22.304355 5.00
22.320480 5.00
22.345906 5.00
22.363782 5.35
22.387485 5.35
22.398360 5.35
22.430767 5.35
22.441608 5.00
22.477607 5.00
22.493607 5.35
22.519121 5.35
22.529883 5.35
22.565356 5.00
22.581355 5.35
22.606481 5.35
22.617230 5.00
22.649742 5.00
22.660739 5.00
22.691362 5.35
22.702362 5.35
22.732893 5.35
22.743735 5.00
22.779484 5.35
22.790484 5.35
22.820733 5.00
22.836734 5.00
22.863738 5.00
22.874608 5.00
22.904887 5.35
22.915932 5.00
22.946493 5.35
22.957492 5.35
22.993365 5.00
23.004364 5.00
23.035005 5.35
23.045881 5.35
23.076236 5.35
23.088646 5.35
23.117611 5.35
23.130126 5.00
23.160641 5.35
23.171485 5.35
23.203641 5.00
23.214491 5.35
23.250365 5.00
23.261239 5.00
23.292005 5.35
23.302882 5.35
23.333362 5.35
23.344129 5.35
23.374487 5.35
23.385236 5.35
23.415737 5.35
23.431737 5.35
23.462254 5.00
23.478238 5.00
23.503647 5.35
23.519934 5.35
23.550368 5.35
23.561368 5.35
23.592027 5.35
23.602926 5.35
23.633615 5.35
23.649615 5.35
23.680365 5.35
23.691130 5.35
23.721489 5.35
23.732364 5.35
23.762894 5.35
23.773614 5.35
23.804132 5.35
23.814882 5.00
23.845240 5.35
23.861240 5.35
23.886365 5.35
23.897134 5.35
23.927490 5.35
23.938240 5.35
23.968895 5.00
23.979741 5.35
24.010134 5.35
24.020885 5.35
24.051366 5.35
24.062134 5.35
24.092820 5.35
24.109027 5.00
24.134373 5.35
24.145372 5.35
24.176011 5.35
24.187014 5.00
24.217629 5.35
24.233629 5.35
24.264260 5.35
24.280244 5.00
24.305493 5.35
24.316368 5.00
24.346897 5.35
24.357744 5.00
24.388493 5.35
24.399387 5.35
24.429896 5.35
24.440627 5.35
24.471138 5.35
24.481898 5.35
24.512245 5.69
24.528245 5.69
24.553370 5.69
24.564135 5.69
24.594495 5.69
24.605370 5.69
24.635900 5.69
24.646775 5.69
24.677246 5.69
24.693385 5.69
24.718784 5.69
24.729629 5.69
24.760378 6.01
24.771377 6.36
24.801887 6.36
24.812821 6.68
24.843507 7.02
24.854511 7.02
24.890383 7.37
24.901382 7.37
24.932022 7.37
24.943024 7.37
24.973630 7.37
24.989784 7.37
25.020376 7.37
25.031250 7.37
25.061627 7.37
25.077781 7.37
25.102903 7.37
25.113626 7.37
25.144249 7.37
25.160374 7.37
25.185375 7.37
25.196250 7.37
25.226500 7.37
25.237375 7.37
25.267903 7.37
25.278780 7.37
25.309250 7.37
25.325375 7.37
25.350251 7.37
25.366376 7.37
25.391251 7.37
25.407376 7.37
25.432251 7.37
25.448376 7.37
25.473251 7.37
25.489377 7.37
25.514252 7.37
25.530377 7.37
25.555252 7.37
25.571377 7.37
25.596252 7.37
25.612378 7.37
25.637253 7.37
25.653378 7.37
25.678253 7.37
25.694378 7.37
25.719253 7.37
25.735379 7.37
25.760253 7.37
25.776379 7.37
25.801254 7.37
25.817379 7.37
25.842380 7.37
25.853147 7.37
25.883504 7.37
25.896147 7.37
25.926509 7.37
25.937255 7.37
25.969509 7.69
25.980380 7.69
26.010784 7.69
26.021632 7.69
26.057381 7.37
26.068256 7.69
26.098506 7.37
26.110908 7.37
26.139632 7.37
26.155786 7.37
26.186381 7.69
26.197257 7.37
26.227507 7.37
26.239911 7.69
26.274149 7.69
26.286511 7.37
26.315383 7.37
26.326150 7.37
26.356507 7.37
26.368901 7.37
26.403150 7.37
26.419148 7.37
26.444384 7.37
26.455259 7.37
26.485509 7.37
26.501509 7.37
26.526789 7.37
26.537636 7.37
26.568152 7.69
26.584024 7.69
26.609384 7.69
26.620153 7.69
26.650510 7.69
26.662914 7.37
26.691787 7.37
26.702510 7.37
26.733261 7.37
26.744153 7.37
26.774261 7.69
26.785151 7.37
26.815386 7.37
26.826154 7.37
26.856511 7.37
26.872512 7.37
26.897788 7.37
26.908512 7.37
26.939152 7.69
26.955027 7.37
26.980387 7.37
26.991262 7.37
27.021512 7.37
27.037387 7.37
27.068156 7.37
27.084154 7.37
27.109263 7.37
27.120155 7.37
27.150389 7.37
27.161154 7.37
27.191794 7.37
27.202667 7.69
27.233265 7.37
27.244154 7.69
27.274264 7.37
27.285156 7.37
27.315390 7.37
27.326140 7.37
27.356642 7.37
27.367515 7.02
27.403390 7.02
27.414265 7.02
27.444515 7.02
27.460516 7.02
27.485796 7.02
27.496642 7.02
27.527266 7.02
27.538157 7.02
27.568392 7.02
27.579267 7.02
27.609517 7.02
27.625392 7.02
27.650796 7.02
27.661644 7.02
27.692268 7.02
27.703160 6.68
27.733267 0.05
27.744143 6.01
27.774393 5.69
27.785143 5.35
27.815906 5.00
27.826834 4.34
27.857526 4.34
27.873816 4.34
27.904399 4.34
27.915274 4.34
27.951164 4.34
27.967163 4.34
27.992396 4.34
28.003271 4.34
28.033647 4.34
28.044521 4.34
28.075163 4.34
28.091163 4.34
28.116396 4.34
28.127271 4.34
28.157521 4.34
28.173521 4.34
28.198798 4.34
28.209648 4.34
28.240164 4.34
28.256165 4.34
28.281397 4.34
28.292272 4.34
28.324535 4.34
28.335531 4.34
28.366173 4.34
28.377172 4.34
28.407653 4.34
28.418526 4.34
28.449167 4.34
28.465166 4.34
28.490399 4.34
28.502918 4.34
28.531842 4.34
