0.000000 0.000000
0.041707 4.34
0.057951 4.34
0.088518 4.34
0.099483 3.01
0.135345 2.34
0.146345 2.34
0.176971 2.34
0.193330 2.34
0.218602 2.34
0.234825 2.34
0.265368 2.34
0.276357 2.34
0.306947 2.34
0.317946 2.34
0.348477 2.34
0.359347 2.34
0.389820 2.34
0.400587 2.34
0.436078 2.34
0.446819 2.34
0.477469 2.34
0.488195 2.34
0.518820 2.34
0.529586 2.34
0.565078 2.34
0.589472 2.34
0.600196 2.34
0.630821 2.34
0.641587 2.34
0.677078 2.34
0.701471 2.34
0.712220 2.34
0.742696 2.34
0.753585 2.34
0.784210 2.34
0.800102 2.34
0.825834 2.34
0.836708 2.34
0.867651 2.34
0.889350 2.34
0.900336 2.34
0.932635 2.34
0.943732 2.34
0.974278 2.34
0.985351 4.02
1.017629 4.02
1.028601 4.02
1.064365 4.02
1.075238 4.02
1.105704 4.02
1.121703 4.02
1.152082 4.02
1.168081 4.02
1.193352 4.02
1.204229 4.02
1.234700 4.02
1.250701 4.02
1.275701 4.02
1.286592 4.02
1.316701 4.02
1.327590 4.34
1.357701 4.02
1.368591 4.02
1.398701 4.02
1.409593 4.02
1.445273 4.02
1.461494 4.34
1.486842 4.02
1.497871 4.34
1.528464 4.34
1.539753 4.34
1.575337 4.34
1.586380 4.34
1.622246 4.34
1.638477 4.34
1.663839 4.34
1.674837 4.34
1.705479 4.34
1.718089 4.34
1.748621 4.34
1.759368 4.34
1.795239 4.34
1.811239 4.34
1.836598 4.34
1.852596 4.34
1.877705 4.34
1.893580 4.34
1.918706 4.34
1.929617 4.34
1.965488 4.34
1.981715 4.34
2.007250 4.34
2.018089 4.34
2.048836 4.34
2.059710 4.34
2.090365 4.34
2.101242 4.34
2.131708 4.34
2.147583 4.34
2.172833 4.34
2.183598 4.34
2.219082 4.34
2.235252 4.34
2.263368 4.34
2.274348 4.34
2.310269 4.34
2.321360 4.34
2.351840 4.34
2.362714 4.34
2.393247 4.34
2.404094 4.34
2.434711 4.34
2.445605 4.34
2.481087 4.34
2.497089 4.34
2.522602 4.34
2.538602 4.34
2.563710 4.34
2.574602 4.34
2.604710 4.34
2.615585 4.34
2.645836 4.34
2.656603 4.34
2.692098 4.34
2.703093 4.34
2.733603 4.34
2.749601 4.34
2.774602 4.34
2.785353 4.34
2.815712 4.34
2.826604 4.34
2.856838 4.34
2.867587 4.34
2.903093 4.34
2.919089 4.34
2.944605 4.34
2.960603 4.34
2.985588 4.34
2.996356 4.34
3.026714 4.34
3.037588 4.34
3.067839 4.34
3.078589 4.34
3.114091 4.02
3.130091 4.34
3.155608 4.34
3.171606 4.34
3.196840 4.34
3.207590 4.34
3.243091 4.34
3.259095 4.34
3.284608 4.34
3.300608 4.34
3.325590 4.34
3.336358 4.02
3.366591 4.34
3.377356 4.34
3.407591 4.34
3.418356 4.34
3.448591 4.34
3.459357 4.34
3.489592 4.34
3.500486 4.34
3.530607 4.34
3.541360 4.34
3.571842 4.34
3.582592 4.34
3.618093 4.34
3.634093 4.34
3.659610 4.34
3.675610 4.34
3.705968 4.34
3.722128 4.34
3.747373 4.02
3.758248 4.34
3.788719 4.34
3.799610 4.34
3.829719 4.02
3.840594 4.34
3.870720 4.34
3.881594 4.34
3.911719 4.34
3.922594 4.34
3.952845 4.34
3.963595 4.34
3.999096 4.34
4.015100 4.34
4.040375 4.34
4.051097 4.34
4.081721 4.34
4.092611 4.34
4.122721 4.34
4.133596 4.34
4.163721 4.34
4.174596 4.34
4.204722 4.34
4.215615 4.34
4.245722 4.34
4.256597 4.34
4.286722 4.34
4.297597 4.34
4.327723 4.34
4.338598 4.34
4.368848 4.34
4.379598 4.34
4.415099 4.34
4.431125 4.34
4.456613 4.34
4.472616 4.34
4.497724 4.34
4.508599 4.34
4.543974 4.34
4.554724 4.34
4.585252 4.34
4.595975 4.34
4.626617 4.34
4.642614 4.34
4.669476 4.34
4.680379 4.34
4.710726 4.34
4.721616 4.34
4.751726 4.34
4.762601 4.34
4.797976 4.34
4.813976 4.34
4.839492 4.34
4.855617 4.34
4.880727 4.34
4.891616 4.34
4.921727 4.34
4.932602 4.34
4.964479 4.34
4.975380 4.34
5.005728 4.34
5.016620 4.34
5.048479 4.34
5.059381 4.02
5.089728 4.34
5.100619 4.34
5.132480 4.34
5.143382 4.34
5.173729 4.34
5.184621 4.34
5.216480 4.34
5.227383 4.34
5.257729 4.34
5.268623 4.34
5.300481 4.34
5.311384 4.34
5.341729 4.34
5.352620 4.34
5.384481 4.34
5.395260 4.34
5.425620 4.34
5.436373 4.34
5.472107 4.34
5.482981 4.34
5.513356 4.34
5.525749 4.34
5.554623 4.34
5.565498 4.34
5.601107 4.34
5.611982 4.34
5.642375 4.34
5.654732 4.34
5.683732 4.34
5.694624 4.34
5.726358 4.34
5.737260 4.34
5.767733 4.34
5.778625 4.34
5.813983 4.34
5.829983 4.34
5.855500 4.34
5.871624 4.34
5.896624 4.34
5.907502 4.34
5.942984 4.34
5.958859 4.34
5.984388 4.34
6.000388 4.34
6.025627 4.34
6.036376 4.34
6.066610 4.34
6.077375 4.34
6.107611 4.34
6.118375 4.34
6.148611 4.34
6.159376 4.34
6.189611 4.34
6.200378 4.34
6.230611 4.34
6.241379 4.34
6.276861 4.34
6.287612 4.34
6.317987 4.34
6.333862 4.34
6.359388 4.34
6.375391 4.34
6.400612 4.34
6.411381 4.34
6.441738 4.34
6.452612 4.34
6.487863 4.34
6.498738 4.34
6.528988 4.34
6.544863 4.34
6.570265 4.34
6.580988 4.34
6.611631 4.34
6.622381 4.34
6.657864 4.34
6.668739 4.34
6.698989 4.34
6.714990 4.34
6.740395 4.34
6.756393 4.34
6.781632 4.34
6.792382 4.34
6.822615 4.34
6.833511 4.34
6.863616 4.34
6.874384 4.34
6.904616 4.34
6.915384 4.34
6.945617 4.34
6.956386 4.34
6.986617 4.34
6.997384 4.34
7.027616 4.34
7.038384 4.34
7.068617 4.34
7.079383 4.34
7.109617 4.34
7.120383 4.34
7.150618 4.34
7.161385 4.34
7.191618 4.34
7.202385 4.34
7.232618 4.34
7.243387 4.34
7.273619 4.34
7.284384 4.34
7.314619 4.34
7.325386 4.34
7.355619 4.34
7.366386 4.34
7.396619 4.34
7.407387 4.34
7.437620 4.34
7.448387 4.34
7.478620 4.34
7.489388 4.34
7.519621 4.34
7.530512 4.34
7.560621 4.34
7.571389 4.34
7.603372 4.34
7.614122 4.34
7.644637 4.34
7.655388 4.34
7.690871 4.34
7.701622 4.34
7.732123 4.34
7.742997 4.34
7.773639 4.34
7.784515 4.34
7.819872 4.34
7.830623 4.34
7.861140 4.34
7.871998 4.34
7.902402 4.34
7.918401 4.34
7.945374 4.34
7.956124 4.34
7.986641 4.34
7.997391 4.34
8.029375 4.02
8.040124 4.34
8.072375 4.34
8.083249 4.02
8.113641 4.34
8.124390 4.34
8.159875 4.02
8.172376 4.34
8.201126 4.34
8.212000 4.34
8.242641 4.34
8.253393 4.34
8.288876 4.34
8.301252 4.34
8.330127 4.34
8.341001 4.34
8.371406 4.34
8.387393 4.34
8.414253 4.34
8.425128 4.34
8.455627 4.34
8.466395 4.34
8.498253 4.34
8.509002 4.34
8.539645 4.34
8.550521 4.34
8.582283 4.34
8.593158 4.34
8.625283 4.34
8.636158 4.34
8.671878 4.34
8.684271 4.34
8.713004 4.34
8.723879 4.34
8.754254 4.34
8.766754 4.34
8.795647 4.34
8.806395 4.34
8.836754 4.34
8.847630 4.34
8.877755 4.34
8.888630 4.34
8.918755 4.34
8.929630 4.34
8.959755 4.34
8.970631 4.34
9.000880 4.34
9.016881 4.34
9.042006 4.34
9.052756 4.34
9.083411 4.34
9.094132 4.34
9.130007 4.34
9.140882 4.34
9.171409 4.34
9.182134 4.34
9.217882 4.34
9.233758 4.34
9.259151 4.34
9.270007 4.34
9.300413 4.34
9.311258 4.34
9.346883 4.34
9.362883 4.34
9.388009 4.34
9.398884 4.34
9.429527 4.34
9.440259 4.34
9.475759 4.34
9.486634 4.34
9.516884 4.34
9.532884 4.34
9.558137 4.34
9.569010 4.34
9.599414 4.34
9.610290 4.34
9.646010 4.34
9.656761 4.34
9.692651 4.34
9.703401 4.34
9.733886 4.34
9.749886 4.34
9.775138 4.34
9.786011 4.34
9.816654 4.34
9.827402 4.34
9.857887 4.34
9.873886 4.34
9.899012 4.34
9.909762 4.34
9.940416 4.34
9.951278 4.34
9.986888 4.34
10.002888 4.34
10.028140 4.34
10.039013 4.34
10.069653 4.34
10.080406 4.34
10.110889 4.34
10.127014 4.34
10.152141 4.34
10.163014 4.34
10.193658 4.34
10.204404 4.34
10.234889 4.34
10.250890 4.34
10.276142 4.34
10.287015 4.34
10.317656 4.34
10.328408 4.34
10.364016 4.34
10.374765 4.34
10.405534 4.34
10.416283 4.34
10.452016 4.34
10.462766 4.34
10.493420 4.34
10.504283 4.34
10.534535 4.34
10.545420 4.34
10.575892 4.02
10.592017 4.34
10.617143 4.34
10.628017 4.34
10.658420 4.34
10.669143 4.34
10.705018 4.34
10.715768 4.34
10.746420 4.34
10.757144 4.34
10.793018 4.34
10.803893 4.34
10.834423 4.34
10.845145 4.34
10.881019 4.34
10.891894 4.34
10.922422 4.34
10.933299 4.34
10.968895 4.34
10.985020 4.34
11.013300 4.34
11.029413 4.34
11.056272 4.34
11.067147 4.34
11.099272 4.34
11.110147 4.34
11.142148 4.34
11.153021 4.34
11.185148 4.34
11.196022 4.34
11.228149 4.34
11.239021 4.34
11.269426 4.34
11.280301 4.34
11.316022 4.34
11.326772 4.34
11.357426 4.34
11.368302 4.34
11.404023 4.34
11.414773 4.34
11.445425 4.34
11.456292 4.34
11.492023 4.34
11.502898 4.34
11.533553 4.34
11.544301 4.34
11.574774 4.34
11.590899 4.34
11.615899 4.34
11.631775 4.34
11.657166 4.34
11.673303 4.34
11.703900 4.34
11.714650 4.34
11.745151 4.34
11.761303 4.34
11.786429 4.34
11.797305 4.34
11.827776 4.34
11.843776 4.34
11.868901 4.34
11.879776 4.34
11.910152 4.34
11.926306 4.34
11.956902 4.34
11.967652 4.34
11.998153 4.34
12.014307 4.34
12.039429 4.34
12.050154 4.34
12.080778 4.34
12.096902 4.34
12.121903 4.34
12.132778 4.34
12.163154 4.34
12.179308 4.34
12.204430 4.34
12.215155 4.34
12.245654 4.34
12.256421 4.34
12.286654 4.34
12.297422 4.34
12.327655 4.34
12.338424 4.34
12.368780 4.34
12.384904 4.34
12.409905 4.34
12.420655 4.34
12.451156 4.34
12.467307 4.34
12.497906 4.34
12.508656 4.34
12.539158 4.34
12.555296 4.34
12.585906 4.34
12.596781 4.34
12.627158 4.34
12.643310 4.34
12.673907 4.34
12.684657 4.34
12.715159 4.34
12.731312 4.34
12.761908 4.34
12.772783 4.34
12.803159 4.34
12.819312 4.02
12.844438 4.34
12.855313 4.34
12.885783 4.34
12.901909 4.34
12.926909 4.34
12.937659 4.34
12.968161 4.34
12.984314 4.34
13.009438 4.02
13.020311 4.34
13.050785 4.34
13.066910 4.02
13.091910 4.34
13.102660 4.34
13.133035 4.34
13.143910 4.34
13.174438 4.34
13.185162 4.34
13.215786 4.34
13.231911 4.34
13.256911 4.34
13.267786 4.34
13.298163 4.34
13.314313 4.34
13.344912 4.34
13.355787 4.02
13.386163 4.02
13.402316 4.34
13.432912 4.34
13.443663 4.34
13.474164 4.34
13.490317 4.34
13.520913 4.34
13.531788 4.34
13.562164 4.34
13.578318 4.34
13.603444 4.34
13.614318 4.34
13.644789 4.34
13.660789 4.34
13.685914 4.34
13.696664 4.34
13.727166 4.34
13.743318 4.34
13.770169 4.34
13.781040 4.34
13.811445 4.34
13.822166 4.34
13.852665 4.34
13.863435 4.34
13.893791 4.34
13.909790 4.34
13.934916 4.34
13.945666 4.34
13.976041 4.34
13.988434 4.34
14.019046 4.34
14.029792 4.34
14.062046 4.34
14.072792 4.34
14.105046 4.34
14.115793 4.34
14.148046 4.34
14.158917 4.34
14.194684 4.34
14.207047 4.34
14.235668 4.34
14.248047 4.34
14.276794 4.34
14.292918 4.34
14.317919 4.34
14.328669 4.34
14.359169 4.34
14.375323 4.34
14.405919 4.34
14.416794 4.34
14.447171 4.34
14.463321 4.34
14.493920 4.34
14.504795 4.34
14.535171 4.34
14.546045 4.34
14.576322 4.34
14.587045 4.34
14.617687 4.34
14.633688 4.34
14.658921 4.34
14.669796 4.34
14.700171 4.34
14.711047 4.34
14.746689 4.34
14.762688 4.34
14.787921 4.34
14.798672 4.34
14.829174 4.34
14.840047 4.34
14.870326 4.34
14.881174 4.34
14.911687 4.34
14.927688 4.34
14.952923 4.34
14.963673 4.34
14.994175 4.34
15.005048 4.34
15.040691 4.34
15.056689 4.34
15.081924 4.34
15.097924 4.34
15.123175 4.34
15.134050 4.34
15.169693 4.34
15.185692 4.34
15.210924 4.34
15.221800 4.34
15.252177 4.34
15.263050 4.34
15.298693 4.34
15.314695 4.34
15.339926 4.34
15.350801 4.34
15.381178 4.34
15.392051 4.34
15.427926 4.34
15.438802 4.34
15.469178 4.34
15.480052 4.34
15.515927 4.34
15.526802 4.34
15.557178 4.34
15.568052 4.34
15.603695 4.34
15.619693 4.34
15.644928 4.34
15.655678 4.34
15.686179 4.34
15.697053 4.34
15.732695 4.34
15.748696 4.34
15.773929 4.34
15.784804 4.34
15.815181 4.34
15.826054 4.34
15.861930 4.34
15.872680 4.34
15.903181 4.34
15.914055 4.34
15.949696 4.34
15.965697 4.34
15.990931 4.34
16.001681 4.34
16.032181 4.34
16.043056 4.34
16.078696 4.34
16.094697 4.34
16.119931 4.34
16.130682 4.34
16.161183 4.34
16.172057 4.34
16.207699 4.34
16.223700 4.34
16.248932 4.34
16.259683 4.34
16.290057 4.34
16.306057 4.34
16.336698 4.34
16.352698 4.34
16.377933 4.34
16.390451 4.34
16.419184 4.34
16.429934 4.34
16.465703 4.34
16.481699 4.34
16.506934 4.34
16.517684 4.34
16.548215 4.34
16.559060 4.34
16.589577 4.34
16.600328 4.34
16.630579 4.34
16.643094 4.34
16.671686 4.34
16.687811 4.34
16.712811 4.34
16.723579 4.34
16.753936 4.34
16.766576 4.34
16.795187 4.34
16.805936 4.34
16.841702 4.34
16.857702 4.34
16.882937 4.34
16.895330 4.34
16.924187 4.34
16.934937 4.34
16.970703 4.34
16.986703 4.34
17.011937 4.34
17.024342 4.34
17.053188 4.34
17.063938 4.34
17.094456 4.34
17.106957 4.34
17.135689 4.34
17.151689 4.34
17.176689 4.34
17.192689 4.34
17.217814 4.34
17.228581 4.34
17.258940 4.34
17.271343 4.34
17.300191 4.34
17.310940 4.34
17.341458 4.34
17.352191 4.34
17.382690 4.34
17.393457 4.34
17.423816 4.34
17.434584 4.34
17.464941 4.34
17.477346 4.34
17.511566 4.34
17.527459 4.34
17.552817 4.34
17.563581 4.34
17.593942 4.34
17.609942 4.34
17.635192 4.34
17.645942 4.34
17.681583 4.34
17.697585 4.34
17.722693 4.34
17.733462 4.34
17.763818 4.34
17.774585 4.34
17.804943 4.34
17.820943 4.34
17.846194 4.34
17.856943 4.34
17.887462 4.34
17.903584 4.34
17.928694 4.34
17.939460 4.34
17.969819 4.34
17.980586 4.34
18.010945 4.34
18.026945 4.34
18.057587 4.34
18.073586 4.34
18.098821 4.34
18.109588 4.34
18.139946 4.34
18.155946 4.34
18.181225 4.34
18.192080 4.34
18.222713 4.34
18.233589 4.34
18.263946 4.34
18.279946 4.34
18.305226 4.34
18.316075 4.34
18.346712 4.34
18.357587 4.34
18.387947 4.34
18.403823 4.34
18.429227 4.34
18.439948 4.34
18.470698 4.34
18.481591 4.34
18.511698 4.34
18.522599 4.34
18.552824 4.34
18.563589 4.34
18.593949 4.34
18.609950 4.34
18.635228 4.34
18.646077 4.34
18.676700 4.34
18.687591 4.34
18.717700 4.34
18.728593 4.34
18.758826 4.34
18.769575 4.34
18.799951 4.34
18.815951 4.34
18.849593 4.34
18.865594 4.34
18.890826 4.34
18.901596 4.34
18.931951 4.34
18.947951 4.34
18.974980 4.34
18.985826 4.34
19.021827 4.34
19.032702 4.34
19.062952 4.34
19.078953 4.34
19.104230 4.34
19.115083 4.34
19.145703 4.34
19.156595 4.34
19.186828 4.34
19.199360 4.34
19.227953 4.34
19.243829 4.34
19.274595 4.34
19.285596 4.34
19.315704 4.34
19.326596 4.34
19.356829 4.34
19.369356 4.34
19.397955 4.34
19.413955 4.34
19.440980 4.34
19.451830 4.34
19.482596 4.34
19.498596 4.34
19.523831 4.34
19.536360 4.34
19.564956 4.34
19.580956 4.34
19.606084 4.34
19.616956 4.34
19.647597 4.34
19.663599 4.34
19.688832 4.34
19.701237 4.34
19.729957 4.34
19.745957 4.34
19.772861 4.34
19.783707 4.34
19.819474 4.34
19.831850 4.34
19.860833 4.34
19.873238 4.34
19.901958 4.34
19.917958 4.34
19.944844 4.34
19.955709 4.34
19.991599 4.34
20.007602 4.34
20.032834 4.34
20.045239 4.34
20.073959 4.34
20.089959 4.34
20.123603 4.34
20.139602 4.34
20.164710 4.34
20.175601 4.34
20.205710 4.34
20.216602 4.34
20.246836 4.34
20.262836 4.34
20.287961 4.34
20.298836 4.34
20.334601 4.34
20.345355 4.34
20.375837 4.34
20.388241 4.34
20.416962 4.34
20.427837 4.34
20.463478 4.34
20.479366 4.34
20.504713 4.34
20.515605 4.34
20.545712 4.34
20.556605 4.34
20.586839 4.34
20.602839 4.34
20.627964 4.34
20.638839 4.34
20.674606 4.34
20.685369 4.34
20.715604 4.34
20.726357 4.34
20.756840 4.34
20.772840 4.34
20.797965 4.34
20.808840 4.34
20.844367 4.34
20.855092 4.34
20.885716 4.34
20.896607 4.34
20.926965 4.34
20.937841 4.34
20.973606 4.34
20.984358 4.34
21.014841 4.34
21.030717 4.34
21.055967 4.34
21.066842 4.34
21.102609 4.34
21.113363 4.34
21.143592 4.34
21.154357 4.34
21.184717 4.34
21.195611 4.34
21.225718 4.34
21.236593 4.34
21.266844 4.34
21.282718 4.34
21.307968 4.34
21.318843 4.34
21.354611 4.34
21.365360 4.34
21.395719 4.34
21.406594 4.34
21.436719 4.34
21.447611 4.34
21.477719 4.34
21.488595 4.34
21.518845 4.34
21.534845 4.34
21.559970 4.34
21.570845 4.34
21.606374 4.34
21.622364 4.34
21.647611 4.34
21.658361 4.34
21.688596 4.34
21.699361 4.34
21.729721 4.34
21.740597 4.34
21.770721 4.34
21.781597 4.34
21.811722 4.02
21.822615 4.34
21.852722 4.34
21.863597 4.34
21.893723 4.34
21.904598 4.34
21.934723 4.02
21.945598 4.02
21.975848 4.34
21.991723 4.34
22.016973 4.34
22.027724 4.34
22.063366 4.34
22.074100 4.34
22.104724 4.34
22.115614 4.34
22.145724 4.34
22.156600 4.34
22.186724 4.34
22.197600 4.34
22.227850 4.34
22.243725 4.34
22.268975 4.34
22.279725 4.34
22.315368 4.34
22.327860 4.34
22.356726 4.34
22.369253 4.34
22.397726 4.34
22.410255 4.34
22.438726 4.34
22.451254 4.34
22.479727 4.34
22.492254 4.34
22.520727 4.34
22.533103 4.34
22.561852 4.34
22.577728 4.34
22.602977 4.34
22.613852 4.34
22.649372 4.34
22.661737 4.34
22.690728 4.34
22.703104 4.34
22.731854 4.34
22.747729 4.34
22.772979 4.34
22.783729 4.34
22.814384 4.34
22.830496 4.34
22.855730 4.34
22.868106 4.34
22.896730 4.34
22.909106 4.34
22.937730 4.34
22.950106 4.34
22.978730 4.02
22.991107 4.34
23.019731 4.34
23.035731 4.34
23.060731 4.34
23.073108 4.34
23.101856 4.34
23.117731 4.34
23.142982 4.34
23.153856 4.02
23.184385 4.34
23.200372 4.34
23.225732 4.34
23.241732 4.34
23.266732 4.34
23.282733 4.34
23.307733 4.34
23.323733 4.34
23.348733 4.34
23.364733 4.02
23.389733 4.34
23.405734 4.02
23.430733 4.34
23.446734 4.34
23.471733 4.02
23.487734 4.02
23.512984 4.34
23.523734 4.34
23.559389 4.34
23.575264 4.34
23.600735 4.34
23.616610 4.34
23.641735 4.34
23.657735 4.34
23.682735 4.34
23.698736 4.34
23.723735 4.34
23.739611 4.34
23.764736 4.34
23.780736 4.34
23.805736 4.34
23.821736 4.34
23.846736 4.34
23.862737 4.34
23.887736 4.34
23.903612 4.34
23.928737 4.34
23.944737 4.34
23.969737 4.34
23.985613 4.34
24.010737 4.34
24.026613 4.34
24.051738 4.34
24.067738 4.34
24.092738 4.34
24.108739 4.34
24.133738 4.34
24.149613 4.34
24.174864 4.34
24.185739 4.34
24.221254 4.34
24.231989 4.34
24.262632 4.34
24.273382 4.34
24.303865 4.34
24.314740 4.34
24.344990 4.34
24.355740 4.34
24.391394 4.34
24.407241 4.34
24.432616 4.34
24.443384 4.34
24.473616 4.34
24.484383 4.34
24.514616 4.34
24.525383 4.34
24.555617 4.34
24.566382 4.34
24.596617 4.34
24.607384 4.34
24.637617 4.34
24.648385 4.34
24.678618 4.34
24.689384 4.34
24.719618 4.34
24.730386 4.34
24.760619 4.34
24.771385 4.34
24.801618 4.34
24.812386 4.34
24.842618 4.34
24.855120 4.34
24.883619 4.34
24.896120 4.34
24.924620 4.34
24.935386 4.34
24.965619 4.34
24.976384 4.34
25.006620 4.34
25.019121 4.34
25.047620 4.34
25.058387 4.34
25.088620 4.34
25.101122 4.34
25.129621 4.34
25.142140 4.34
25.170621 4.34
25.181389 4.34
25.211621 4.34
25.224141 4.34
25.252622 4.34
25.263388 4.34
25.293622 4.34
25.306140 4.34
25.336643 4.34
25.347516 4.02
25.383374 4.02
25.399374 4.34
25.424641 4.34
25.436998 4.34
25.471124 4.34
25.483624 4.34
25.512638 4.34
25.524998 4.34
25.553749 4.34
25.564623 4.34
25.600424 4.34
25.611408 4.02
25.642007 4.34
25.658399 4.34
25.683649 4.02
25.699754 4.34
25.730286 4.34
25.746271 4.34
25.771752 4.02
25.782627 4.02
25.818251 4.34
25.830627 4.34
25.859643 4.02
25.875644 4.02
25.900626 4.02
25.916626 4.02
25.941626 4.34
25.954001 4.34
25.982627 4.34
25.998752 4.34
26.023627 4.34
26.039627 4.02
26.064627 4.34
26.077002 4.34
26.105627 4.34
26.121627 4.02
26.146628 4.34
26.162628 4.02
26.187628 4.34
26.203628 4.34
26.228628 4.34
26.244629 4.34
26.269629 4.34
26.285754 4.34
26.310629 4.34
26.326629 4.34
26.351630 4.34
26.367629 4.34
26.392629 4.34
26.408629 4.34
26.433630 4.34
26.449646 4.34
26.474630 4.34
26.490645 4.34
26.515631 4.34
26.531632 4.34
26.557323 4.34
