0.000000 0.000000
0.041844 4.34
0.052839 4.34
0.083495 4.34
0.094497 2.66
0.125165 2.34
0.141502 2.66
0.166982 2.34
0.178144 2.66
0.213841 2.66
0.224838 2.66
0.255478 2.66
0.266475 2.66
0.296960 2.66
0.307960 2.66
0.338473 2.34
0.349208 2.66
0.379708 2.34
0.395708 2.66
0.421109 2.34
0.437107 2.66
0.467832 2.34
0.478583 2.66
0.508957 2.66
0.519833 2.66
0.550108 2.66
0.566110 2.66
0.591473 2.66
0.602208 2.66
0.632584 2.66
0.643474 2.34
0.673583 2.66
0.684472 2.66
0.714585 2.66
0.725476 2.34
0.755850 2.66
0.766850 2.66
0.799125 2.66
0.809964 2.66
0.845975 2.66
0.858600 2.66
0.887395 2.34
0.898389 2.66
0.928987 2.66
0.941631 2.66
0.975987 3.67
0.988612 4.34
1.022845 4.34
1.033843 4.34
1.064482 4.34
1.075481 4.34
1.105965 4.34
1.116839 4.02
1.147480 4.34
1.160118 4.34
1.188838 4.34
1.199588 4.34
1.230113 4.02
1.246115 4.02
1.273116 4.34
1.283963 4.34
1.316116 4.34
1.326965 4.34
1.359116 4.34
1.369964 4.34
1.402116 4.34
1.412964 4.34
1.443731 4.02
1.454865 4.34
1.485393 4.34
1.496354 4.34
1.526976 4.34
1.539519 4.34
1.568221 4.34
1.578969 4.34
1.609218 4.34
1.619968 4.34
1.650223 4.34
1.660971 4.34
1.691220 4.34
1.701969 4.34
1.732219 4.34
1.742968 4.34
1.773218 4.34
1.783967 4.34
1.814217 4.34
1.824967 4.34
1.855217 4.68
1.865967 4.34
1.896217 4.34
1.906967 4.34
1.937217 4.34
1.947967 4.34
1.978217 4.34
1.988967 4.34
2.019218 4.34
2.029967 4.34
2.060218 4.68
2.070968 4.68
2.101218 4.68
2.111968 4.34
2.142219 4.34
2.152969 4.34
2.183220 4.34
2.193969 4.34
2.224219 4.68
2.234970 4.34
2.265220 4.34
2.275970 4.34
2.306220 4.34
2.316970 4.34
2.347220 4.34
2.357970 4.34
2.388221 4.34
2.398970 4.34
2.429221 4.34
2.439971 4.34
2.470221 4.34
2.480971 4.34
2.511221 4.34
2.521971 4.34
2.552222 4.34
2.562971 4.34
2.593222 4.34
2.603972 4.34
2.634223 4.34
2.644972 4.34
2.675223 4.34
2.685973 4.34
2.716223 4.34
2.726973 4.34
2.757223 4.34
2.767973 4.34
2.798223 4.34
2.808973 4.34
2.839224 4.34
2.849974 4.34
2.880224 4.34
2.890974 4.34
2.921225 4.34
2.931974 4.34
2.962225 4.34
2.972975 4.34
3.003225 4.34
3.013975 4.34
3.044225 4.34
3.054975 4.34
3.085225 4.34
3.095975 4.34
3.126226 4.34
3.136975 4.34
3.167226 4.34
3.177976 4.34
3.208227 4.34
3.218976 4.34
3.249227 4.34
3.259976 4.34
3.290227 4.34
3.300977 4.34
3.331227 4.34
3.341977 4.34
3.372228 4.34
3.382977 4.34
3.413228 4.34
3.423978 4.34
3.454228 4.34
3.464978 4.34
3.495228 4.34
3.505978 4.34
3.536229 4.34
3.546978 4.34
3.577229 4.34
3.587979 4.34
3.618229 4.34
3.628979 4.34
3.664490 4.34
3.675239 4.34
3.705611 4.34
3.721491 4.34
3.746614 4.34
3.762487 4.34
3.787611 4.34
3.803485 4.34
3.828609 4.34
3.844484 4.34
3.869608 4.34
3.885483 4.34
3.910608 4.34
3.926482 4.34
3.951607 4.34
3.967482 4.34
3.992606 4.34
4.008482 4.34
4.033619 4.34
4.049493 4.34
4.074615 4.34
4.090489 4.34
4.115613 4.34
4.131487 4.34
4.156611 4.34
4.172486 4.34
4.197610 4.34
4.213485 4.34
4.238609 4.34
4.254485 4.34
4.279609 4.34
4.295484 4.34
4.320609 4.34
4.336485 4.34
4.361609 4.34
4.377488 4.34
4.402610 4.34
4.418485 4.34
4.443610 4.34
4.459485 4.34
4.484610 4.34
4.500485 4.34
4.525611 4.34
4.541486 4.34
4.566611 4.34
4.582486 4.34
4.607611 4.34
4.623487 4.34
4.648612 4.34
4.664487 4.34
4.689612 4.34
4.705487 4.34
4.730612 4.34
4.746487 4.34
4.771612 4.34
4.787488 4.68
4.812612 4.34
4.828488 4.68
4.853613 4.34
4.869488 4.34
4.894613 4.34
4.910489 4.34
4.935614 4.68
4.951489 4.68
4.976614 4.68
4.992489 4.68
5.017614 4.68
5.033489 4.34
5.058615 4.34
5.074490 4.34
5.099614 4.34
5.110365 4.34
5.140615 4.68
5.151365 4.34
5.181615 4.34
5.192366 4.34
5.222616 4.68
5.233366 4.34
5.263616 4.34
5.274366 4.34
5.304616 4.34
5.315366 4.68
5.345616 4.34
5.356367 4.34
5.386617 4.68
5.397367 4.68
5.427617 4.34
5.438367 4.34
5.468617 4.34
5.479367 4.34
5.509618 4.34
5.520368 4.68
5.550618 4.34
5.561368 4.34
5.591618 4.68
5.602368 4.68
5.632618 4.68
5.643369 4.34
5.673619 4.34
5.684369 4.68
5.714619 4.34
5.725370 4.34
5.755620 4.34
5.766370 4.34
5.796620 4.34
5.807370 4.34
5.837619 4.34
5.848371 4.68
5.878620 4.34
5.889370 4.68
5.919621 4.68
5.930371 4.34
5.960621 4.68
5.971371 4.34
6.001621 4.34
6.012371 4.34
6.042622 4.34
6.053372 4.68
6.083622 4.68
6.094372 4.34
6.124623 4.68
6.135372 4.68
6.165622 4.68
6.176373 4.68
6.206622 4.34
6.217373 4.34
6.247623 4.68
6.258373 4.34
6.288623 4.34
6.299373 4.34
6.329624 4.68
6.340374 4.34
6.370623 4.68
6.381374 4.68
6.411624 4.34
6.422374 4.68
6.452624 4.34
6.463375 4.68
6.493625 4.34
6.504375 4.68
6.534625 4.34
6.545376 4.68
6.575625 4.34
6.586375 4.68
6.616626 4.68
6.627375 4.34
6.657625 4.68
6.668376 4.68
6.698626 4.68
6.709376 4.68
6.739626 4.34
6.750377 4.34
6.780627 4.68
6.791377 4.34
6.821627 4.68
6.832377 4.34
6.862628 4.68
6.873377 4.34
6.903628 4.34
6.914378 4.68
6.944627 4.68
6.955378 4.68
6.985628 4.68
6.996378 4.68
7.026628 4.34
7.037379 4.68
7.067629 4.68
7.078379 4.68
7.108629 4.34
7.119379 4.68
7.149629 4.68
7.160379 4.68
7.190630 4.68
7.201380 4.34
7.231630 4.68
7.242380 4.68
7.272630 4.68
7.283381 4.68
7.313630 4.34
7.324381 4.34
7.354631 4.68
7.365381 4.68
7.395631 4.68
7.406381 4.34
7.436632 4.68
7.447381 4.68
7.477631 4.68
7.488382 4.68
7.518632 4.34
7.529382 4.34
7.559632 4.68
7.570383 4.34
7.600633 4.68
7.611383 4.34
7.641633 4.68
7.652383 4.68
7.682633 4.68
7.693383 4.34
7.723633 4.34
7.734383 4.34
7.764634 4.68
7.775384 4.34
7.805634 4.68
7.816384 4.34
7.846634 4.68
7.857385 4.34
7.887635 4.68
7.898385 4.68
7.928635 4.68
7.939385 4.34
7.969635 4.34
7.980385 4.34
8.010635 4.34
8.021386 4.68
8.051635 4.34
8.062386 4.68
8.092636 4.34
8.103386 4.68
8.133636 4.34
8.144387 4.34
8.174637 4.34
8.185387 4.34
8.215637 4.68
8.226387 4.34
8.256637 4.34
8.267387 4.34
8.297637 4.68
8.308388 4.34
8.338638 4.68
8.349388 4.68
8.379638 4.68
8.390389 4.34
8.420638 4.68
8.431389 4.68
8.461639 4.34
8.472388 4.68
8.502639 4.34
8.513389 4.68
8.543639 4.68
8.554389 4.34
8.584640 4.34
8.595390 4.34
8.625640 4.34
8.636390 4.68
8.666640 4.34
8.677391 4.68
8.707641 4.34
8.718390 4.34
8.748641 4.34
8.759391 4.34
8.789641 4.34
8.800391 4.34
8.830643 4.68
8.841534 4.68
8.871643 4.68
8.882411 4.34
8.912644 4.34
8.923411 4.34
8.953643 4.68
8.969535 4.34
8.994644 4.68
9.005411 4.68
9.035644 4.68
9.046409 4.68
9.076769 4.34
9.092645 4.68
9.117894 4.68
9.128645 4.68
9.164299 4.34
9.180297 4.34
9.205537 4.68
9.216288 4.34
9.246771 4.68
9.262771 4.34
9.287896 4.68
9.298771 4.68
9.334537 4.34
9.345298 4.34
9.375772 4.68
9.391772 4.68
9.416897 4.68
9.427647 4.68
9.463539 4.68
9.474290 4.34
9.504648 4.68
9.515413 4.34
9.545773 4.68
9.561773 4.34
9.586898 4.68
9.597773 4.68
9.628302 4.68
9.644303 4.68
9.669540 4.68
9.680301 4.68
9.710774 4.34
9.726774 4.34
9.751899 4.34
9.762774 4.68
9.793303 4.34
9.809301 4.34
9.834542 4.34
9.845302 4.68
9.875650 4.68
9.888150 4.68
9.916776 4.34
9.932776 4.34
9.957901 4.68
9.968776 4.68
9.999307 4.34
10.015304 4.68
10.040544 4.68
10.051306 4.68
10.081652 4.68
10.094031 4.34
10.122777 4.68
10.138777 4.68
10.163902 4.68
10.174653 4.34
10.205304 4.34
10.217653 4.34
10.246653 4.68
10.259033 4.68
10.287653 4.34
10.300031 4.68
10.328653 4.34
10.341031 4.34
10.369654 4.34
10.382031 4.34
10.410779 4.34
10.426654 4.68
10.451779 4.34
10.462529 4.68
10.492904 4.68
10.503655 4.34
10.534310 4.34
10.550309 4.34
10.575655 4.68
10.588033 4.68
10.616781 4.68
10.632781 4.34
10.657906 4.68
10.668781 4.34
10.699310 4.34
10.715309 4.34
10.740656 4.68
10.756656 4.34
10.781657 4.68
10.797657 4.34
10.822657 4.34
10.835036 4.68
10.863783 4.34
10.879783 4.34
10.904908 4.68
10.915657 4.68
10.946310 4.34
10.962188 4.68
10.987658 4.68
11.003658 4.68
11.028783 4.68
11.044784 4.68
11.069908 4.68
11.080784 4.68
11.111313 4.34
11.127311 4.34
11.152659 4.68
11.168660 4.34
11.193660 4.34
11.209660 4.34
11.234784 4.68
11.250660 4.34
11.275909 4.68
11.286786 4.34
11.317315 4.34
11.333189 4.34
11.358661 4.34
11.374661 4.34
11.399786 4.34
11.415661 4.34
11.440911 4.34
11.451661 4.34
11.482315 4.34
11.498317 4.34
11.523555 4.34
11.534314 4.34
11.564662 4.34
11.580553 4.34
11.605663 4.34
11.621555 4.68
11.646663 4.34
11.662663 4.34
11.687788 4.34
11.703788 4.34
11.728913 4.68
11.739663 4.34
11.775316 4.68
11.791192 4.34
11.816664 4.34
11.832557 4.34
11.857665 4.34
11.873556 4.34
11.898790 4.34
11.914665 4.34
11.939915 4.34
11.950790 4.34
11.986318 4.34
12.002194 4.34
12.027666 4.34
12.043666 4.34
12.068791 4.34
12.084791 4.34
12.109916 4.34
12.120666 4.34
12.156196 4.34
12.172195 4.34
12.197667 4.34
12.213667 4.34
12.238792 4.34
12.254667 4.34
12.281668 4.34
12.292560 4.34
12.322793 4.34
12.338668 4.34
12.365668 4.34
12.376559 4.34
12.406669 4.34
12.422668 4.34
12.447794 4.34
12.458561 4.34
12.488794 4.34
12.499544 4.34
12.531670 4.34
12.542562 4.34
12.572669 4.34
12.588545 4.34
12.613670 4.68
12.629545 4.34
12.654670 4.34
12.670670 4.34
12.695670 4.34
12.711545 4.34
12.736670 4.34
12.752671 4.34
12.777671 4.34
12.793546 4.34
12.818671 4.34
12.834671 4.34
12.859672 4.34
12.875547 4.34
12.900672 4.34
12.916547 4.34
12.941672 4.34
12.957547 4.34
12.982672 4.34
12.993548 4.34
13.023673 4.34
13.034548 4.34
13.064798 4.34
13.075548 4.34
13.111049 4.34
13.123549 4.34
13.152563 4.34
13.168567 4.34
13.193549 4.34
13.205924 4.34
13.234674 4.34
13.250549 4.34
13.275674 4.34
13.286549 4.34
13.316800 4.34
13.327675 4.34
13.363051 4.34
13.379054 4.34
13.404569 4.68
13.420565 4.34
13.445551 4.34
13.461551 4.34
13.486551 4.34
13.502568 4.34
13.527677 4.34
13.543676 4.34
13.568676 4.68
13.579570 4.34
13.609677 4.34
13.620552 4.34
13.650677 4.34
13.661552 4.34
13.691678 4.34
13.702570 4.68
13.732677 4.68
13.743553 4.34
13.773678 4.34
13.784553 4.34
13.814678 4.34
13.825553 4.34
13.855679 4.68
13.866572 4.34
13.896679 4.34
13.907554 4.34
13.937679 4.34
13.948555 4.34
13.978680 4.34
13.989571 4.34
14.019680 4.34
14.030555 4.34
14.060680 4.68
14.071555 4.34
14.101680 4.34
14.112555 4.34
14.142805 4.34
14.153556 4.34
14.189211 4.34
14.205211 4.34
14.230681 4.34
14.246557 4.34
14.271682 4.34
14.282557 4.68
14.312682 4.34
14.323557 4.34
14.353682 4.34
14.364557 4.34
14.394683 4.68
14.405557 4.34
14.435683 4.68
14.446558 4.34
14.476683 4.34
14.487558 4.34
14.517683 4.34
14.528576 4.34
14.564060 4.34
14.580060 4.34
14.605578 4.34
14.621577 4.34
14.646684 4.34
14.657577 4.34
14.687685 4.34
14.698559 4.34
14.728685 4.68
14.739560 4.34
14.769685 4.68
14.780560 4.34
14.810685 4.34
14.821561 4.34
14.851811 4.34
14.862561 4.34
14.898066 4.34
14.914215 4.34
14.939577 4.34
14.955578 4.34
14.980562 4.68
14.996579 4.34
15.021687 4.34
15.037687 4.34
15.062687 4.68
15.073563 4.34
15.103687 4.34
15.114563 4.34
15.144687 4.34
15.155563 4.34
15.185688 4.34
15.196563 4.34
15.226688 4.34
15.237563 4.34
15.267689 4.34
15.278564 4.34
15.308689 4.34
15.319564 4.34
15.349689 4.68
15.360565 4.68
15.390689 4.34
15.401565 4.68
15.431689 4.34
15.442565 4.34
15.472690 4.34
15.483565 4.34
15.513690 4.34
15.524584 4.34
15.554691 4.34
15.565581 4.34
15.595691 4.34
15.606566 4.68
15.636691 4.34
15.647566 4.68
15.677691 4.34
15.688567 4.68
15.718692 4.34
15.729567 4.34
15.759817 4.68
15.770567 4.34
15.806068 4.34
15.822071 4.34
15.847586 4.34
15.863585 4.34
15.888568 4.68
15.899336 4.34
15.929569 4.34
15.940334 4.68
15.970569 4.34
15.981334 4.34
16.011569 4.34
16.022334 4.34
16.052569 4.34
16.063334 4.68
16.093695 4.68
16.104570 4.68
16.134694 4.34
16.145571 4.34
16.175695 4.34
16.186570 4.34
16.221946 4.68
16.232695 4.34
16.263351 4.68
16.274222 4.34
16.304571 4.68
16.315336 4.68
16.345571 4.68
16.356338 4.34
16.386696 4.34
16.397572 4.34
16.432947 4.34
16.443697 4.34
16.474225 4.68
16.485073 4.34
16.515589 4.34
16.526340 4.34
16.556697 4.34
16.567573 4.34
16.597698 4.34
16.608574 4.34
16.638698 4.34
16.649574 4.34
16.679699 4.34
16.690574 4.34
16.720699 4.34
16.731574 4.34
16.761699 4.34
16.772575 4.68
16.802699 4.34
16.813575 4.34
16.843699 4.34
16.854592 4.34
16.884700 4.34
16.895575 4.68
16.925700 4.68
16.936576 4.34
16.966701 4.34
16.977576 4.34
17.007701 4.68
17.018577 4.34
17.048701 4.34
17.059576 4.34
17.089701 4.34
17.100577 4.34
17.130702 4.68
17.141577 4.34
17.171702 4.68
17.182577 4.34
17.212703 4.34
17.223578 4.68
17.253703 4.34
17.264578 4.34
17.294703 4.68
17.305579 4.68
17.335703 4.68
17.346579 4.34
17.376704 4.34
17.387579 4.34
17.417704 4.34
17.428579 4.34
17.458704 4.34
17.469579 4.34
17.499705 4.34
17.510580 4.68
17.540705 4.34
17.551580 4.34
17.581705 4.34
17.592581 4.34
17.622705 4.34
17.633581 4.34
17.665457 4.34
17.676206 4.34
17.706598 4.34
17.722596 4.34
17.747706 4.34
17.758581 4.34
17.790458 4.34
17.801358 4.68
17.831599 4.34
17.842348 4.68
17.872707 4.34
17.883582 4.34
17.915458 4.34
17.926207 4.68
17.956599 4.68
17.972601 4.68
17.997583 4.34
18.008350 4.34
18.038583 4.34
18.049348 4.68
18.079584 4.68
18.090351 4.34
18.120584 4.34
18.131352 4.68
18.161585 4.68
18.172478 4.68
18.202585 4.34
18.213350 4.34
18.243585 4.68
18.254351 4.68
18.284585 4.68
18.295353 4.68
18.325585 4.34
18.336352 4.34
18.366586 4.34
18.377351 4.34
18.407586 4.34
18.418358 4.34
18.448587 4.68
18.459354 4.68
18.489587 4.68
18.500355 4.68
18.530605 4.68
18.541355 4.68
18.576837 4.68
18.587587 4.34
18.618089 4.68
18.628962 4.34
18.659213 4.68
18.669963 4.34
18.700605 4.34
18.711353 4.34
18.741588 4.68
18.752356 4.34
18.782714 4.68
18.793589 4.34
18.828964 4.34
18.844839 4.68
18.870369 4.68
18.886715 4.34
18.911590 4.34
18.922355 4.34
18.952715 4.34
18.963590 4.68
18.998965 4.34
19.014840 4.34
19.040369 4.34
19.056369 4.34
19.081716 4.68
19.092591 4.68
19.127966 4.68
19.143966 4.68
19.169370 4.68
19.185370 4.34
19.210592 4.68
19.221357 4.68
19.251717 4.68
19.262592 4.68
19.297967 4.68
19.313967 4.68
19.339372 4.68
19.355372 4.68
19.380718 4.68
19.391593 4.68
19.426968 4.68
19.442968 4.68
19.468372 4.68
19.484370 4.34
19.509594 4.34
19.520469 4.34
19.550719 4.68
19.561594 4.68
19.596969 4.34
19.612845 4.34
19.638373 4.34
19.654371 4.34
19.679720 4.68
19.690596 4.68
19.725971 4.68
19.741845 4.34
19.767376 4.68
19.783611 4.68
19.808721 4.68
19.819596 4.34
19.854971 4.34
19.870846 4.34
19.896376 4.68
19.912377 4.68
19.937722 4.34
19.948597 4.34
19.983972 4.68
19.999848 4.68
20.025376 4.34
20.041723 4.34
20.066598 4.34
20.077363 4.68
20.109349 4.68
20.120099 4.34
20.150618 4.34
20.161366 4.34
20.191599 4.34
20.202367 4.34
20.234350 4.68
20.245100 4.34
20.275615 4.34
20.286366 4.68
20.318351 4.68
20.329100 4.34
20.359617 4.68
20.370365 4.68
20.402351 4.68
20.413101 4.34
20.443601 4.68
20.454369 4.68
20.486352 4.68
20.497102 4.68
20.527618 4.68
20.538494 4.68
20.568601 4.68
20.579493 4.68
20.611353 4.68
20.622243 4.34
20.654370 4.68
20.665120 4.34
20.697369 4.34
20.708256 4.34
20.740375 4.34
20.751134 4.34
20.783370 4.34
20.794122 4.34
20.826355 4.34
20.837245 4.68
20.869383 4.34
20.880134 4.34
20.912385 4.68
20.923258 4.68
20.955385 4.68
20.966132 4.34
20.998382 4.34
21.009134 4.34
21.044980 4.68
21.055980 4.68
21.086497 4.34
21.097496 4.34
21.129393 4.34
21.140135 4.34
21.172372 4.68
21.183135 4.68
21.218856 4.68
21.231374 4.34
21.260134 4.34
21.270981 4.68
21.301625 4.68
21.312372 4.68
21.342857 4.34
21.355358 4.34
21.383982 4.68
21.399857 4.34
21.425261 4.68
21.441499 4.68
21.471983 4.34
21.482858 4.68
21.513389 4.68
21.529251 4.68
21.559858 4.34
21.575984 4.68
21.600984 4.68
21.611858 4.68
21.642499 4.34
21.653250 4.34
21.688735 4.34
21.699626 4.34
21.729859 4.68
21.742252 4.34
21.771126 4.68
21.781985 4.34
21.812626 4.34
21.823375 4.68
21.853861 4.34
21.869736 4.68
21.894986 4.68
21.905861 4.34
21.936391 4.34
21.947112 4.34
21.982737 4.68
21.993629 4.68
22.023862 4.68
22.039862 4.34
22.065141 4.68
22.075987 4.68
22.106505 4.68
22.117255 4.68
22.152988 4.68
22.163737 4.68
22.194392 4.68
22.205268 4.68
22.240738 4.68
22.251614 4.68
22.281864 4.34
22.297864 4.34
22.323115 4.68
22.333989 4.34
22.364633 4.68
22.375379 4.68
22.405865 4.34
22.421740 4.68
22.447146 4.34
22.457990 4.34
22.488633 4.34
22.499383 4.34
22.534865 4.68
22.550991 4.68
22.576118 4.34
22.586991 4.34
22.617396 4.34
22.628271 4.34
22.663991 4.68
22.674742 4.68
22.705395 4.68
22.716260 4.68
22.746635 4.34
22.757507 4.68
22.792992 4.68
22.803867 4.34
22.834397 4.68
22.845271 4.68
22.880868 4.68
22.896993 4.68
22.925272 4.68
22.941260 4.68
22.966635 4.68
22.977384 4.68
23.007869 4.34
23.023744 4.68
23.049120 4.34
23.059994 4.68
23.090273 4.68
23.106388 4.68
23.131638 4.34
23.142386 4.68
23.177745 4.68
23.188620 4.68
23.218870 4.68
23.234870 4.68
23.259996 4.68
23.270871 4.68
23.301401 4.68
23.312122 4.68
23.347996 4.68
23.358746 4.68
23.389400 4.68
23.400274 4.34
23.435747 4.68
23.446622 4.68
23.476872 4.68
23.492872 4.34
23.518153 4.68
23.530748 4.68
23.559641 4.68
23.570390 4.68
23.605748 4.68
23.616623 4.68
23.646874 4.68
23.662874 4.68
23.688125 4.68
23.698999 4.68
23.729403 4.68
23.740279 4.68
23.775999 4.34
23.786749 4.68
23.817409 4.34
23.828279 4.34
23.864000 4.34
23.874750 4.34
23.905404 4.68
23.916279 4.34
23.952000 4.34
23.962751 4.34
23.993405 4.68
24.004281 4.68
24.039876 4.68
24.056001 4.68
24.081127 4.34
24.093752 4.34
24.122406 4.34
24.133281 4.68
24.168877 4.68
24.184877 4.68
24.213282 4.34
24.229280 4.34
24.256129 4.34
24.267003 4.68
24.297408 4.34
24.308280 4.34
24.344003 4.34
24.354753 4.34
24.385282 4.68
24.401394 4.34
24.431879 4.34
24.447879 4.34
24.473130 4.34
24.485630 4.68
24.514409 4.68
24.525131 4.34
24.561005 4.34
24.571880 4.68
24.602409 4.34
24.613286 4.68
24.643756 4.68
24.656132 4.68
24.684881 4.34
24.695631 4.34
24.726133 4.34
24.738631 4.34
24.767522 4.34
24.778271 4.68
24.808757 4.68
24.824882 4.68
24.849882 4.68
24.860632 4.34
24.891007 4.34
24.901883 4.34
24.932525 4.34
24.943275 4.34
24.973633 4.68
24.984523 4.34
25.014634 4.34
25.025526 4.34
25.055758 4.34
25.071883 4.68
25.096883 4.68
25.107634 4.68
25.138152 4.68
25.154135 4.68
25.184884 4.68
25.195635 4.68
25.226135 4.34
25.242288 4.34
25.267415 4.68
25.278287 4.68
25.308635 4.68
25.319404 4.34
25.349760 4.68
25.365761 4.34
25.390886 4.34
25.401636 4.34
25.432137 4.34
25.448289 4.68
25.473414 4.34
25.484137 4.34
25.514762 4.34
25.530887 4.34
25.555887 4.34
25.566762 4.34
25.597137 4.34
25.613138 4.34
25.638415 4.34
25.649138 4.34
25.679763 4.34
25.695888 4.34
25.720888 4.34
25.731763 4.34
25.762168 4.34
25.778292 4.34
25.808889 4.34
25.819764 4.68
25.850014 4.34
25.860765 4.34
25.891419 4.68
25.902293 4.34
25.932640 4.34
25.943408 4.34
25.973641 4.34
25.984408 4.34
26.014766 4.34
26.030766 4.34
26.055891 4.34
26.066766 4.34
26.097141 4.34
26.113142 4.34
26.138419 4.34
26.149143 4.34
26.179767 4.34
26.195766 4.34
26.220892 4.68
26.231766 4.34
26.262142 4.34
26.278143 4.68
26.303296 4.34
26.314143 4.68
26.349768 4.34
26.365768 4.34
26.390893 4.34
26.401643 4.34
26.432144 4.68
26.448144 4.34
26.473422 4.34
26.484144 4.34
26.514644 4.34
26.525423 4.34
26.555769 4.68
26.571770 4.34
26.596895 4.34
26.607770 4.34
26.638145 4.34
26.654145 4.34
26.684770 4.34
26.700770 4.34
26.725895 4.34
26.736646 4.34
26.767300 4.34
26.778146 4.34
26.813772 4.68
26.829771 4.34
26.854896 4.34
26.865772 4.34
26.896300 4.34
26.907147 4.68
26.942772 4.34
26.958773 4.34
26.983898 4.34
26.994647 4.34
27.025300 4.68
27.036030 4.68
27.071773 4.34
27.087648 4.34
27.112898 4.68
27.123649 4.68
27.154303 4.34
27.165149 4.34
27.200774 4.34
27.216774 4.34
27.241899 4.34
27.252649 4.34
27.283304 4.34
27.294150 4.34
27.329775 4.34
27.345775 4.34
27.370901 4.68
27.381650 4.68
27.412305 4.34
27.423033 4.68
27.458775 4.34
27.474775 4.68
27.499901 4.68
27.510651 4.34
27.541305 4.34
27.552152 4.34
27.582545 4.68
27.593307 4.34
27.623777 4.34
27.634542 4.34
27.664902 4.34
27.675777 4.34
27.706307 4.34
27.717181 4.34
27.747653 4.34
27.763653 4.34
27.788653 4.34
27.804653 4.68
27.829778 4.34
27.840543 4.34
27.870903 4.34
27.881654 4.34
27.912183 4.68
27.923032 4.68
27.958779 4.34
27.969654 4.34
27.999905 4.34
28.010654 4.34
28.041307 4.68
28.052183 4.34
28.082655 4.68
28.098780 4.34
28.123656 4.34
28.139780 4.68
28.164656 4.34
28.180781 4.68
28.205781 4.34
28.216548 4.34
28.246906 4.68
28.257657 4.34
28.288183 4.34
28.298907 4.68
28.329657 4.68
28.345782 4.68
28.370657 4.68
28.386783 4.68
28.411658 4.68
28.427782 4.34
28.452783 4.34
28.463658 4.68
28.493908 4.68
28.504783 4.68
28.535310 4.68
28.546039 4.68
28.576659 4.68
28.592784 4.34
28.617784 4.68
28.628659 4.68
28.658909 4.34
28.669659 4.68
28.700313 4.34
28.711040 4.68
28.741660 4.68
28.757785 4.34
28.782660 4.34
28.798785 4.68
28.823660 4.34
28.839786 4.68
28.864661 4.34
28.880786 4.68
28.905661 4.34
28.921786 4.68
28.946661 4.68
28.962786 4.68
28.987662 4.68
29.003786 4.34
29.028787 4.68
29.039553 4.34
29.069912 4.68
29.080787 4.34
29.111191 4.34
29.122039 4.34
29.152681 4.34
29.168788 4.68
29.193913 4.68
29.204788 4.68
29.235191 4.34
29.245914 4.34
29.281789 4.68
29.292664 4.34
29.322914 4.34
29.333664 4.34
29.364042 4.34
29.380193 4.34
29.405317 4.68
29.416192 4.34
29.446665 4.34
29.462790 4.34
29.487665 4.34
29.503790 4.34
29.528790 4.68
29.539666 4.34
29.569916 4.68
29.580791 4.68
29.613046 4.34
29.623916 4.68
29.659792 4.68
29.670667 4.34
29.700917 4.68
29.711792 4.68
29.744047 4.68
29.754917 4.68
29.790792 4.34
29.801667 4.34
29.831917 4.34
29.844560 4.68
29.876197 4.68
29.887050 4.34
29.917668 4.34
29.933793 4.68
29.958668 4.68
29.974794 4.34
29.999794 4.68
30.010559 4.68
30.040919 4.34
30.053324 4.34
30.082198 4.34
30.092919 4.68
30.128794 4.34
30.139562 4.34
30.169920 4.34
30.182325 4.34
30.211046 4.68
30.227200 4.34
30.257796 4.34
30.268671 4.34
30.298921 4.34
30.314921 4.34
30.340200 4.34
30.351047 4.68
30.381672 4.68
30.392563 4.34
30.422672 4.68
30.433547 4.68
30.463797 4.68
30.474547 4.68
30.504922 4.34
30.520797 4.34
30.546201 4.34
30.557049 4.68
30.587673 4.68
30.598563 4.68
30.628673 4.68
30.639548 4.68
30.669798 4.68
30.680549 4.68
30.710923 4.68
30.726924 4.34
30.752204 4.34
30.762924 4.34
30.793564 4.68
30.809440 4.68
30.834800 4.68
30.845567 4.68
30.875925 4.34
30.891800 4.34
30.917204 4.68
30.927925 4.68
30.958567 4.34
30.974568 4.34
30.999676 4.68
31.010567 4.34
31.040801 4.68
31.051677 4.34
31.081926 4.34
31.097926 4.34
31.123053 4.34
31.133926 4.34
31.169802 4.34
31.180677 4.34
31.210927 4.34
31.226927 4.34
31.257570 4.68
31.273569 4.34
31.298679 4.68
31.309570 4.34
31.339678 4.34
31.350553 4.68
31.380679 4.68
31.391554 4.68
31.421679 4.34
31.432554 4.34
31.462680 4.68
31.473555 4.68
31.503679 4.34
31.514555 4.68
31.544680 4.34
31.555571 4.34
31.585680 4.34
31.596555 4.68
31.626680 4.34
31.637556 4.34
31.667681 4.68
31.678572 4.34
31.708681 4.68
31.719556 4.68
31.749681 4.68
31.760556 4.68
31.790682 4.68
31.801557 4.68
31.831807 4.68
31.842682 4.68
31.872932 4.68
31.888932 4.68
31.914211 4.68
31.924933 4.68
31.955575 4.68
31.971574 4.68
31.996808 4.34
32.007683 4.68
32.037934 4.34
32.053933 4.68
32.079212 4.34
32.089934 4.34
32.120576 4.34
32.136577 4.34
32.161684 4.34
32.172576 4.34
32.202684 4.34
32.213560 4.34
32.243685 4.34
32.254560 4.68
32.284685 4.34
32.295560 4.68
32.325685 4.34
32.336561 4.34
32.366686 4.68
32.377561 4.34
32.407686 4.34
32.418561 4.34
32.448686 4.34
32.459561 4.34
32.489812 4.68
32.502328 4.68
32.531063 4.68
32.541937 4.34
32.577578 4.34
32.593578 4.34
32.618687 4.68
32.629563 4.34
32.659688 4.34
32.670563 4.34
32.700688 4.34
32.711563 4.34
32.741813 4.68
32.754216 4.68
32.783065 4.34
32.793940 4.34
32.824581 4.34
32.840580 4.34
32.865814 4.34
32.878219 4.34
32.906939 4.34
32.922940 4.34
32.949819 4.34
32.960565 4.68
32.991066 4.68
33.001941 4.34
33.032581 4.68
33.048581 4.34
33.073691 4.68
33.084566 4.34
33.114691 4.34
33.125566 4.68
33.155692 4.34
33.166567 4.34
33.196691 4.68
33.207567 4.68
33.237691 4.34
33.248567 4.34
33.278692 4.68
33.289567 4.68
33.319692 4.34
33.330567 4.68
33.360693 4.68
33.371568 4.34
33.401693 4.34
33.412568 4.68
33.442694 4.68
33.453569 4.68
33.483819 4.34
33.499819 4.34
33.524944 4.68
33.535695 4.68
33.571336 4.68
33.582070 4.34
33.612570 4.68
33.623337 4.34
33.653695 4.34
33.664570 4.68
33.694695 4.34
33.705571 4.34
33.735821 4.34
33.751821 4.68
33.776946 4.68
33.787821 4.68
33.823337 4.34
33.834072 4.34
33.864571 4.34
33.875338 4.34
33.905572 4.34
33.916339 4.68
33.946572 4.68
33.957339 4.34
33.987572 4.34
33.998339 4.34
34.028573 4.68
34.039340 4.68
34.069573 4.34
34.080340 4.34
34.110573 4.34
34.121340 4.34
34.151574 4.68
34.162339 4.68
34.192592 4.34
34.203341 4.34
34.233574 4.34
34.244342 4.68
34.274575 4.68
34.285342 4.68
34.315575 4.34
34.326343 4.68
34.356575 4.34
34.367342 4.68
34.397575 4.68
34.408343 4.68
34.438576 4.68
34.449343 4.68
34.479576 4.68
34.490342 4.68
34.520576 4.34
34.531357 4.68
34.561577 4.34
34.572344 4.34
34.602577 4.68
34.613345 4.68
34.643578 4.34
34.654344 4.34
34.684577 4.34
34.695345 4.34
34.725577 4.68
34.736344 4.34
34.766578 4.34
34.777345 4.34
34.807578 4.34
34.818345 4.34
34.848593 4.34
34.859470 4.34
34.889704 4.34
34.900579 4.34
34.930704 4.34
34.941579 4.68
34.971704 4.34
34.982580 4.34
35.012830 4.34
35.028704 4.34
35.054080 4.34
35.064955 4.34
35.095348 4.34
35.111345 4.34
35.136580 4.34
35.147348 4.34
35.177581 4.34
35.188348 4.68
35.218581 4.34
35.229348 4.68
35.259581 4.34
35.270349 4.68
35.300582 4.68
35.311348 4.68
35.341582 4.34
35.352357 4.68
35.382582 4.68
35.393349 4.68
35.423583 4.68
35.434349 4.68
35.464583 4.68
35.475351 4.68
35.505583 4.68
35.516348 4.68
35.546583 4.68
35.557349 4.68
35.587584 4.68
35.598351 4.34
35.628584 4.68
35.639352 4.68
35.669585 4.68
35.680352 4.68
35.710585 4.68
35.721350 4.68
35.751584 4.68
35.762350 4.68
35.792585 4.68
35.803352 4.68
35.833586 4.68
35.844351 4.68
35.874586 4.68
35.885353 4.68
35.915586 4.34
35.926354 4.34
35.956587 4.34
35.967353 4.68
35.997587 4.68
36.008352 4.68
36.038587 4.68
36.049354 4.68
36.079587 4.68
36.090355 4.68
36.120587 4.68
36.131356 4.34
36.161588 4.68
36.172354 4.34
36.202588 4.68
36.213355 4.68
36.243589 4.68
36.254355 4.68
36.284589 4.68
36.295356 4.68
36.325589 4.68
36.336354 4.68
36.366589 4.68
36.377358 4.68
36.407715 4.68
36.423590 4.68
36.448840 4.68
36.459590 4.68
36.489965 4.34
36.500715 4.68
36.531368 4.34
36.547232 4.68
36.572716 4.68
36.588716 4.68
36.613841 4.68
36.624590 4.68
36.660233 4.68
36.676234 4.68
36.701610 4.68
36.712356 4.34
36.742842 4.68
36.753592 4.34
36.783967 4.68
36.794717 4.68
36.825373 4.68
36.841484 4.68
36.866593 4.34
36.877361 4.68
36.907719 4.68
36.923718 4.68
36.948844 4.34
36.959719 4.34
36.995236 4.34
37.005969 4.68
37.036611 4.34
37.047361 4.34
37.077844 4.34
37.088720 4.34
37.124247 4.68
37.134970 4.34
37.165612 4.34
37.176363 4.34
37.206845 4.68
37.217596 4.68
37.253236 4.68
37.263971 4.68
37.294611 4.34
37.305365 4.34
37.335846 4.68
37.346721 4.68
37.382238 4.34
37.398239 4.68
37.423615 4.34
37.434364 4.34
37.464847 4.68
37.475597 4.34
37.511252 4.34
37.527239 4.34
37.552723 4.34
37.568598 4.68
37.593848 4.34
37.604598 4.34
37.640253 4.34
37.650973 4.34
37.681614 4.34
37.692365 4.34
37.722849 4.68
37.733724 4.68
37.765725 4.68
37.776616 4.34
37.806849 4.68
37.817600 4.34
37.847974 4.34
37.858725 4.34
37.889377 4.34
37.905493 4.34
37.930601 4.34
37.941366 4.34
37.971725 4.34
37.987726 4.34
38.012851 4.34
38.023602 4.68
38.059254 4.34
38.075243 4.34
38.100619 4.34
38.113103 4.34
38.141852 4.34
38.152602 4.68
38.188258 4.34
38.198977 4.34
38.229621 4.34
38.242118 4.68
38.270603 4.68
38.281370 4.34
38.311729 4.34
38.327603 4.34
38.352854 4.34
38.363729 4.34
38.395729 4.68
38.406620 4.34
38.436854 4.34
38.447729 4.34
38.479605 4.34
38.490498 4.68
38.520605 4.34
38.532980 4.34
38.561730 4.34
38.577605 4.34
38.602855 4.34
38.613730 4.68
38.649248 4.34
38.665247 4.34
38.690622 4.34
38.702980 4.34
38.731857 4.34
38.742731 4.68
38.778260 4.34
38.794249 4.34
38.819732 4.34
38.835732 4.34
38.860857 4.34
38.871732 4.34
38.907262 4.34
38.923250 4.34
38.948624 4.34
38.964625 4.68
38.989608 4.68
39.005626 4.34
39.030734 4.34
39.046608 4.34
39.071858 4.34
39.082734 4.68
39.114640 4.34
39.125502 4.34
39.155859 4.34
39.166610 4.34
39.202141 4.34
39.218251 4.34
39.243627 4.34
39.259625 4.34
39.284610 4.34
39.300610 4.34
39.325611 4.68
39.341611 4.34
39.366611 4.34
39.382612 4.34
39.407736 4.34
39.423611 4.68
39.448861 4.34
39.459611 4.34
39.495266 4.34
39.511252 4.34
39.536627 4.34
39.552629 4.68
39.577612 4.34
39.593613 4.34
39.618613 4.68
39.634738 4.34
39.659738 4.68
39.675738 4.68
39.700863 4.34
39.711738 4.68
39.747267 4.34
39.763145 4.34
39.788739 4.68
39.804739 4.34
39.829864 4.34
39.840614 4.34
39.876115 4.34
39.892115 4.34
39.917630 4.34
39.933632 4.34
39.963990 4.34
39.974740 4.34
40.005396 4.34
40.016269 4.68
40.046616 4.34
40.062615 4.34
40.087741 4.34
40.103616 4.34
40.128866 4.68
40.139616 4.34
40.175259 4.34
40.191118 4.34
40.216617 4.34
40.232617 4.34
40.257742 4.68
40.273617 4.34
40.298867 4.34
40.309617 4.34
40.345119 4.34
40.361119 4.68
40.386395 4.34
40.397119 4.34
40.427618 4.34
40.443636 4.68
40.468744 4.34
40.484619 4.68
40.511620 4.34
40.522509 4.34
40.552744 4.34
40.568619 4.34
40.595621 4.68
40.606386 4.34
40.636745 4.34
40.652620 4.34
40.679622 4.34
40.690511 4.34
40.720621 4.68
40.736621 4.68
40.761621 4.34
40.777621 4.34
40.802621 4.34
40.818621 4.68
40.843745 4.34
40.854639 4.34
40.886651 4.68
40.897514 4.68
40.929653 4.34
40.940514 4.68
40.972652 4.34
40.983515 4.34
41.015653 4.34
41.026515 4.34
41.058651 4.34
41.069515 4.34
41.101653 4.34
41.112513 4.34
41.144523 4.34
41.155264 4.68
41.185749 4.34
41.196623 4.34
41.228654 4.34
41.239515 4.34
41.271530 4.68
41.282278 4.34
41.312750 4.68
41.323625 4.68
41.355518 4.34
41.366515 4.34
41.396750 4.68
41.407625 4.68
41.443000 4.34
41.455531 4.68
41.484518 4.68
41.500519 4.68
41.525643 4.34
41.541643 4.68
41.566752 4.34
41.577627 4.34
41.613001 4.34
41.625533 4.34
41.654520 4.34
41.670517 4.34
41.695627 4.34
41.706520 4.34
41.736753 4.68
41.747628 4.34
41.783003 4.34
41.799002 4.34
41.824406 4.34
41.835129 4.34
41.865754 4.68
41.876629 4.68
41.912004 4.34
41.922753 4.34
41.953407 4.68
41.964284 4.68
41.994754 4.34
42.005630 4.68
42.041005 4.34
42.057005 4.68
42.082521 4.68
42.098755 4.68
42.123647 4.34
42.139646 4.34
42.170005 4.34
42.186005 4.34
42.211005 4.68
42.221755 4.34
42.252133 4.68
42.268135 4.34
42.293649 4.34
42.309648 4.68
42.334632 4.34
42.345397 4.34
42.375757 4.34
42.386632 4.68
42.422007 4.34
42.432758 4.34
42.463524 4.34
42.479401 4.34
42.504650 4.34
42.520649 4.34
42.545634 4.34
42.556401 4.68
42.586634 4.34
42.597402 4.34
42.627759 4.34
42.638634 4.68
42.674009 4.34
42.684759 4.34
42.715419 4.34
42.726289 4.34
42.756635 4.34
42.767528 4.68
42.797636 4.34
42.808403 4.34
42.838636 4.34
42.849527 4.34
42.879635 4.34
42.890401 4.34
42.920762 4.34
42.931636 4.34
42.967012 4.34
42.977887 4.34
43.008416 4.34
43.019291 4.34
43.049762 4.34
43.060637 4.34
43.096012 4.34
43.106762 4.34
43.137417 4.34
43.149888 4.34
43.178763 4.34
43.189638 4.34
43.225013 4.34
43.237514 4.34
43.266415 4.34
43.277139 4.34
43.307639 4.34
43.318405 4.34
43.348639 4.34
43.359406 4.34
43.389640 4.34
43.400408 4.34
43.430640 4.34
43.441532 4.34
43.471765 4.34
43.482533 4.34
43.518015 4.34
43.530517 4.34
43.559421 4.34
43.571891 4.34
43.600766 4.34
43.611534 4.34
43.647017 4.34
43.671543 4.34
43.687421 4.34
43.718016 4.68
43.730518 4.68
43.759532 4.34
43.775534 4.34
43.800534 4.34
43.816407 4.34
43.841534 4.34
43.857408 4.34
43.882535 4.34
43.898411 4.34
43.923536 4.34
43.939408 4.34
43.964535 4.34
43.980411 4.34
44.005769 4.34
44.016537 4.34
44.052019 4.34
44.064549 4.34
44.093423 4.34
44.105770 4.34
44.134770 4.34
44.145537 4.34
44.181020 4.34
44.193426 4.34
44.222422 4.34
44.238301 4.34
44.263771 4.34
44.274538 4.34
44.310021 4.34
44.322426 4.34
44.351425 4.34
44.367414 4.34
44.392647 4.34
44.403415 4.34
44.434217 4.34
44.445215 4.34
44.475779 4.34
44.486545 4.34
44.517152 4.34
44.527901 4.34
44.558417 4.34
44.574459 4.34
44.599774 4.34
44.610542 4.34
44.641149 4.34
44.651898 4.34
44.682540 4.34
44.693292 4.34
44.723774 4.34
44.734660 4.34
44.765444 4.34
44.781657 4.34
44.812313 4.34
44.823154 4.34
44.853777 4.34
44.864543 4.34
44.895152 4.34
44.905901 4.34
44.936419 4.34
44.952302 4.34
44.977776 4.34
44.988543 4.34
45.024034 4.34
45.040034 4.34
45.065305 4.34
45.076033 4.34
45.106652 4.34
45.117417 4.34
45.147652 4.34
45.158419 4.34
45.188652 4.34
45.199417 4.34
45.229778 4.34
45.240545 4.34
45.271182 4.34
45.282035 4.34
45.312670 4.34
45.323418 4.34
45.359031 4.34
45.375031 4.34
45.400546 4.34
45.430033 4.34
45.446031 4.34
45.471546 4.34
45.487545 4.34
45.512655 4.34
45.523543 4.34
45.554304 4.34
