0.000000 0.000000
0.042002 4.34
0.058329 4.34
0.083239 4.34
0.094361 3.01
0.124830 2.66
0.135830 2.34
0.171718 2.66
0.182830 2.66
0.214991 2.66
0.225985 2.34
0.261856 2.34
0.272695 2.34
0.303333 2.66
0.314210 2.66
0.344848 2.66
0.355692 2.34
0.386206 2.34
0.396955 2.34
0.427333 2.66
0.438205 2.66
0.473442 2.66
0.484330 2.66
0.514567 2.66
0.530567 2.66
0.555692 2.66
0.566567 2.34
0.596969 2.34
0.612845 2.66
0.638333 2.34
0.649209 2.66
0.684443 2.34
0.695332 2.66
0.725569 2.66
0.741444 2.66
0.767025 2.66
0.783232 2.66
0.808579 2.66
0.824867 2.34
0.850277 2.34
0.861361 2.34
0.891835 2.66
0.904456 2.34
0.938834 2.66
0.951461 2.34
0.985781 4.02
0.996877 4.34
1.032579 4.34
1.048865 4.34
1.074215 4.02
1.085216 4.34
1.115700 4.34
1.126699 4.34
1.157212 4.34
1.167961 4.02
1.198573 4.02
1.214572 4.34
1.239850 4.34
1.252322 4.02
1.281214 4.34
1.291962 4.34
1.327447 4.34
1.339974 4.02
1.368573 4.34
1.384448 4.34
1.409852 4.34
1.422475 4.02
1.456735 4.34
1.467736 4.34
1.503742 4.34
1.514710 4.34
1.547021 4.34
1.558002 4.34
1.588581 4.34
1.604706 4.34
1.629703 4.34
1.640452 4.34
1.670701 4.34
1.681451 4.34
1.711701 4.34
1.722450 4.34
1.752700 4.34
1.763450 4.34
1.793701 4.34
1.804450 4.34
1.834701 4.34
1.845451 4.34
1.875701 4.34
1.886451 4.34
1.916701 4.34
1.927452 4.34
1.957701 4.34
1.968452 4.34
1.998702 4.34
2.009451 4.34
2.039702 4.34
2.050452 4.34
2.080702 4.34
2.091453 4.34
2.121703 4.34
2.132453 4.34
2.162703 4.34
2.173453 4.34
2.203703 4.34
2.214454 4.34
2.244704 4.34
2.255454 4.34
2.285704 4.34
2.296454 4.34
2.326704 4.34
2.337454 4.34
2.367705 4.34
2.378454 4.34
2.408705 4.34
2.419455 4.34
2.449705 4.34
2.460455 4.34
2.490706 4.34
2.501455 4.34
2.531706 4.34
2.542456 4.34
2.572706 4.34
2.583456 4.34
2.613707 4.34
2.624456 4.34
2.654707 4.34
2.665457 4.34
2.695707 4.34
2.706457 4.34
2.736707 4.34
2.747457 4.34
2.777707 4.34
2.788458 4.34
2.818708 4.34
2.829458 4.34
2.859708 4.34
2.870458 4.34
2.900709 4.34
2.911458 4.34
2.941709 4.34
2.952459 4.34
2.982709 4.34
2.993459 4.34
3.023709 4.34
3.034460 4.34
3.064709 4.34
3.075460 4.34
3.105710 4.34
3.116459 4.34
3.146710 4.34
3.157460 4.34
3.187711 4.34
3.198460 4.34
3.228711 4.34
3.239461 4.34
3.269711 4.34
3.280461 4.34
3.310711 4.34
3.321462 4.34
3.351712 4.34
3.362462 4.34
3.392712 4.34
3.403462 4.34
3.433712 4.34
3.444463 4.34
3.474712 4.34
3.485462 4.34
3.515713 4.34
3.526463 4.34
3.556713 4.34
3.567463 4.34
3.597713 4.34
3.608464 4.34
3.638714 4.34
3.649464 4.34
3.679714 4.34
3.690464 4.34
3.720715 4.34
3.731464 4.34
3.761714 4.34
3.772465 4.34
3.802714 4.34
3.813465 4.34
3.843715 4.34
3.854465 4.34
3.884715 4.34
3.895465 4.34
3.925716 4.34
3.936466 4.34
3.966716 4.34
3.977466 4.34
4.007716 4.34
4.018466 4.34
4.048717 4.34
4.059467 4.34
4.089717 4.34
4.100467 4.34
4.130717 4.34
4.141468 4.34
4.171717 4.34
4.182468 4.34
4.212718 4.34
4.225218 4.34
4.253843 4.34
4.269718 4.34
4.297718 4.34
4.308469 4.34
4.338719 4.34
4.349468 4.34
4.379719 4.34
4.392219 4.34
4.420844 4.34
4.436720 4.34
4.461845 4.34
4.477719 4.34
4.502971 4.34
4.513719 4.34
4.543971 4.34
4.554720 4.34
4.584972 4.34
4.595720 4.34
4.625971 4.34
4.636728 4.34
4.666972 4.34
4.677727 4.34
4.707972 4.34
4.718728 4.34
4.748973 4.34
4.759727 4.34
4.789973 4.34
4.800728 4.34
4.830973 4.34
4.841728 4.34
4.871973 4.34
4.882729 4.34
4.912974 4.34
4.923729 4.34
4.953974 4.34
4.964730 4.34
4.994974 4.34
5.005729 4.34
5.035975 4.34
5.046730 4.34
5.076975 4.34
5.087730 4.34
5.117976 4.34
5.128729 4.34
5.158975 4.34
5.169728 4.34
5.199975 4.34
5.210731 4.34
5.240976 4.34
5.251732 4.34
5.281976 4.34
5.292728 4.34
5.322977 4.34
5.333729 4.34
5.363977 4.34
5.374729 4.34
5.404977 4.34
5.415729 4.34
5.445977 4.34
5.456729 4.34
5.486978 4.34
5.497729 4.34
5.527978 4.34
5.538731 4.34
5.568978 4.34
5.579731 4.34
5.609978 4.34
5.620731 4.34
5.650978 4.34
5.661731 4.34
5.691979 4.34
5.702731 4.34
5.732979 4.34
5.743733 4.34
5.773980 4.34
5.784732 4.34
5.814980 4.34
5.825733 4.34
5.855981 4.34
5.866733 4.34
5.896981 4.34
5.907734 4.34
5.937981 4.34
5.948734 4.34
5.978981 4.34
5.989733 4.34
6.019981 4.34
6.030735 4.34
6.060982 4.34
6.071736 4.34
6.101982 4.34
6.112736 4.34
6.142983 4.34
6.153735 4.34
6.189483 4.34
6.200358 4.34
6.230608 4.34
6.241484 4.34
6.272014 4.34
6.282888 4.34
6.313359 4.34
6.329484 4.34
6.354359 4.34
6.370485 4.34
6.395359 4.34
6.411485 4.34
6.436486 4.34
6.447250 4.34
6.477611 4.34
6.488360 4.34
6.519016 4.34
6.529738 4.34
6.560361 4.34
6.576486 4.34
6.601361 4.34
6.617486 4.34
6.642487 4.34
6.653362 4.34
6.683612 4.34
6.694362 4.34
6.724891 4.34
6.735741 4.34
6.766362 4.34
6.782488 4.34
6.807363 4.34
6.823488 4.34
6.848488 4.34
6.859363 4.34
6.889613 4.34
6.900363 4.34
6.930892 4.34
6.941740 4.34
6.972364 4.34
6.988489 4.34
7.013364 4.34
7.029490 4.34
7.054490 4.34
7.065239 4.34
7.095615 4.34
7.106364 4.34
7.136892 4.34
7.147741 4.34
7.178365 4.34
7.194491 4.34
7.219491 4.34
7.230256 4.34
7.260616 4.34
7.271366 4.34
7.301896 4.34
7.312742 4.34
7.343366 4.34
7.359492 4.34
7.384367 4.34
7.400492 4.34
7.425367 4.34
7.441493 4.34
7.466367 4.34
7.482493 4.34
7.507368 4.34
7.523493 4.34
7.548493 4.34
7.559260 4.34
7.589618 4.34
7.602010 4.34
7.630898 4.34
7.641619 4.34
7.672262 4.34
7.684623 4.34
7.713369 4.34
7.729495 4.34
7.754494 4.34
7.765245 4.34
7.795620 4.34
7.808025 4.34
7.841625 4.34
7.852495 4.34
7.884625 4.34
7.895495 4.34
7.931388 4.34
7.942263 4.34
7.972773 4.34
7.983621 4.34
8.019261 4.34
8.031626 4.34
8.060497 4.34
8.071247 4.34
8.101622 4.34
8.117622 4.34
8.142899 4.34
8.153622 4.34
8.184265 4.34
8.200263 4.34
8.225373 4.34
8.236264 4.34
8.266373 4.34
8.277266 4.34
8.307373 4.02
8.318249 4.34
8.348373 4.34
8.359249 4.34
8.389374 4.34
8.400249 4.34
8.430499 4.34
8.441374 4.34
8.471625 4.34
8.487625 4.34
8.512904 4.34
8.523625 4.34
8.554267 4.34
8.570141 4.34
8.595501 4.34
8.606251 4.34
8.636626 4.34
8.652626 4.34
8.677904 4.34
8.688753 4.34
8.719376 4.34
8.730267 4.34
8.760501 4.34
8.771252 4.34
8.801754 4.34
8.812627 4.34
8.848503 4.34
8.859378 4.34
8.889628 4.34
8.905628 4.34
8.930906 4.34
8.941628 4.34
8.972269 4.34
8.988270 4.34
9.013379 4.34
9.024268 4.34
9.054379 4.34
9.065254 4.34
9.095504 4.34
9.106379 4.34
9.136629 4.34
9.152629 4.34
9.177908 4.34
9.188629 4.34
9.219272 4.34
9.235270 4.34
9.260380 4.34
9.271270 4.34
9.301381 4.34
9.312256 4.34
9.342381 4.34
9.353256 4.34
9.383381 4.34
9.394257 4.34
9.424381 4.34
9.435257 4.34
9.465382 4.34
9.476257 4.34
9.506382 4.02
9.517257 4.34
9.547382 4.34
9.558257 4.34
9.588383 4.34
9.599258 4.34
9.629383 4.34
9.640258 4.34
9.670383 4.34
9.681259 4.34
9.711384 4.34
9.722259 4.34
9.752383 4.34
9.763259 4.34
9.793384 4.34
9.804259 4.34
9.834384 4.34
9.845260 4.34
9.875385 4.34
9.886260 4.34
9.916385 4.34
9.927260 4.34
9.957385 4.34
9.968261 4.34
9.998386 4.34
10.009261 4.34
10.039386 4.34
10.050261 4.34
10.080511 4.34
10.091386 4.34
10.121637 4.34
10.137636 4.34
10.164666 4.34
10.175512 4.34
10.206279 4.34
10.222279 4.34
10.247513 4.34
10.258263 4.34
10.288638 4.34
10.304637 4.34
10.331518 4.34
10.342388 4.34
10.372638 4.34
10.388638 4.34
10.415518 4.34
10.426264 4.02
10.456638 4.34
10.472639 4.34
10.503282 4.34
10.519280 4.34
10.544389 4.34
10.555282 4.34
10.585390 4.34
10.596265 4.34
10.626390 4.34
10.637266 4.34
10.667390 4.34
10.678266 4.34
10.708390 4.34
10.719266 4.34
10.749391 4.34
10.760266 4.34
10.790516 4.34
10.802920 4.34
10.831642 4.34
10.842517 4.34
10.878035 4.34
10.888769 4.34
10.919392 4.34
10.930267 4.34
10.960518 4.34
10.976392 4.34
11.001643 4.34
11.012392 4.34
11.048035 4.34
11.058770 4.34
11.089286 4.34
11.100037 4.34
11.130393 4.34
11.141269 4.34
11.171394 4.34
11.182269 4.34
11.212394 4.34
11.223269 4.34
11.253519 4.34
11.269520 4.34
11.294645 4.34
11.305520 4.34
11.341037 4.34
11.351772 4.34
11.382288 4.34
11.393038 4.34
11.423396 4.34
11.434271 4.34
11.464396 4.34
11.475271 4.34
11.505397 4.34
11.516272 4.34
11.546647 4.34
11.557397 4.34
11.593040 4.34
11.603774 4.34
11.634289 4.34
11.645040 4.34
11.675398 4.34
11.686273 4.34
11.716398 4.34
11.727273 4.02
11.757398 4.34
11.768273 4.34
11.798398 4.34
11.809274 4.34
11.839399 4.34
11.850274 4.34
11.880399 4.34
11.891274 4.34
11.921399 4.34
11.932275 4.34
11.962400 4.34
11.973275 4.34
12.003400 4.34
12.014275 4.34
12.044400 4.34
12.055276 4.34
12.085401 4.34
12.096276 4.34
12.126401 4.34
12.137276 4.34
12.167401 4.34
12.178276 4.34
12.208402 4.34
12.219277 4.34
12.249402 4.34
12.260277 4.34
12.290401 4.34
12.301278 4.34
12.331402 4.34
12.342278 4.34
12.372402 4.34
12.383278 4.34
12.413403 4.34
12.424278 4.34
12.454403 4.34
12.465278 4.34
12.495404 4.34
12.506279 4.34
12.536404 4.34
12.547279 4.34
12.577404 4.34
12.588279 4.34
12.618405 4.34
12.629280 4.34
12.659404 4.34
12.671905 4.34
12.700405 4.34
12.711280 4.34
12.741405 4.34
12.752281 4.34
12.782406 4.34
12.793281 4.34
12.823406 4.34
12.834173 4.34
12.864406 4.34
12.876906 4.34
12.905407 4.34
12.917906 4.34
12.946407 4.34
12.957282 4.34
12.987407 4.34
12.999907 4.34
13.028407 4.34
13.039283 4.34
13.069408 4.34
13.085283 4.34
13.110408 4.34
13.122908 4.34
13.151408 4.34
13.163908 4.34
13.192408 4.34
13.204784 4.34
13.233409 4.34
13.245785 4.34
13.274409 4.34
13.286785 4.34
13.315410 4.34
13.327785 4.34
13.356410 4.34
13.368786 4.34
13.397410 4.34
13.409786 4.34
13.438536 4.34
13.454410 4.34
13.481420 4.34
13.492304 4.34
13.522536 4.34
13.538411 4.34
13.568911 4.34
13.579661 4.34
13.610304 4.34
13.621055 4.34
13.651537 4.34
13.662287 4.34
13.697930 4.34
13.713929 4.34
13.739303 4.34
13.750055 4.34
13.780538 4.34
13.791288 4.34
13.826931 4.34
13.842931 4.34
13.868304 4.34
13.879056 4.34
13.909539 4.34
13.920289 4.34
13.955929 4.34
13.966664 4.34
13.997306 4.34
14.008057 4.34
14.038290 4.34
14.049058 4.34
14.079290 4.34
14.090057 4.34
14.120415 4.34
14.136415 4.34
14.161540 4.34
14.172416 4.34
14.207943 4.34
14.218665 4.34
14.249309 4.34
14.260058 4.34
14.290416 4.34
14.306416 4.34
14.331542 4.34
14.342291 4.34
14.377932 4.34
14.388667 4.34
14.419309 4.34
14.430059 4.34
14.460543 4.34
14.471418 4.34
14.506947 4.34
14.522936 4.34
14.548308 4.34
14.559062 4.34
14.589544 4.34
14.600294 4.34
14.635934 4.34
14.651937 4.34
14.677311 4.34
14.688061 4.34
14.718544 4.34
14.729294 4.34
14.764935 4.34
14.780936 4.34
14.806312 4.34
14.817060 4.34
14.847545 4.34
14.858296 4.34
14.893949 4.34
14.909937 4.34
14.935296 4.34
14.946062 4.34
14.976421 4.34
14.992297 4.34
15.017547 4.34
15.028297 4.34
15.063937 4.34
15.079801 4.34
15.105423 4.34
15.121422 4.34
15.146548 4.34
15.157297 4.34
15.192950 4.34
15.203673 4.34
15.234316 4.34
15.245063 4.34
15.275548 4.34
15.286299 4.34
15.321941 4.34
15.337940 4.34
15.363314 4.34
15.375801 4.34
15.404549 4.34
15.415424 4.34
15.450955 4.34
15.466942 4.34
15.492315 4.34
15.504801 4.34
15.533550 4.34
15.544425 4.34
15.579954 4.34
15.595942 4.34
15.621426 4.34
15.637301 4.34
15.662551 4.34
15.673301 4.34
15.708956 4.34
15.724942 4.34
15.750317 4.34
15.762821 4.34
15.791552 4.34
15.802303 4.34
15.834460 4.34
15.845303 4.34
15.880955 4.34
15.891678 4.34
15.922321 4.34
15.934822 4.34
15.963553 4.34
15.974304 4.34
16.009959 4.34
16.025946 4.34
16.051321 4.34
16.063679 4.34
16.092555 4.34
16.103304 4.34
16.135306 4.34
16.146195 4.34
16.176305 4.34
16.188680 4.34
16.217306 4.34
16.229680 4.34
16.258431 4.34
16.274431 4.34
16.299556 4.34
16.310431 4.34
16.345961 4.34
16.361948 4.34
16.387323 4.34
16.403322 4.34
16.428432 4.34
16.444307 4.34
16.469557 4.34
16.480432 4.34
16.515961 4.34
16.531950 4.34
16.557324 4.34
16.573323 4.34
16.598308 4.34
16.614308 4.34
16.639309 4.34
16.651683 4.34
16.680309 4.34
16.696309 4.34
16.721434 4.34
16.737309 4.34
16.762559 4.34
16.773434 4.34
16.808952 4.34
16.824952 4.34
16.850325 4.34
16.866327 4.34
16.891311 4.34
16.907326 4.34
16.932436 4.34
16.948310 4.34
16.973561 4.34
16.984311 4.34
17.019962 4.34
17.035841 4.34
17.061312 4.34
17.077326 4.34
17.102437 4.34
17.118311 4.34
17.143562 4.34
17.154312 4.34
17.189965 4.34
17.205814 4.34
17.231437 4.34
17.247313 4.34
17.272563 4.34
17.283313 4.34
17.318954 4.34
17.334954 4.34
17.360328 4.34
17.376328 4.34
17.401314 4.34
17.417314 4.34
17.442439 4.34
17.458315 4.34
17.483565 4.34
17.494315 4.34
17.529955 4.34
17.545957 4.34
17.571329 4.34
17.587330 4.34
17.612440 4.34
17.628441 4.34
17.653565 4.34
17.664316 4.34
17.699817 4.34
17.715818 4.34
17.741096 4.34
17.751848 4.34
17.782317 4.34
17.798334 4.34
17.823317 4.34
17.839317 4.34
17.864317 4.34
17.880318 4.34
17.905318 4.34
17.921318 4.34
17.946318 4.34
17.962443 4.34
17.987443 4.34
18.003318 4.34
18.028568 4.34
18.039318 4.34
18.074962 4.34
18.090849 4.34
18.116319 4.34
18.132338 4.34
18.157319 4.34
18.173335 4.34
18.198445 4.34
18.214320 4.34
18.241321 4.34
18.252088 4.34
18.282445 4.34
18.298320 4.34
18.325322 4.34
18.336089 4.34
18.366446 4.34
18.382321 4.34
18.409322 4.34
18.420089 4.34
18.450321 4.34
18.466446 4.34
18.491322 4.34
18.507322 4.34
18.532447 4.34
18.543322 4.34
18.575324 4.34
18.586089 4.34
18.616323 4.34
18.632323 4.34
18.657448 4.34
18.668323 4.34
18.700325 4.34
18.711090 4.34
18.741449 4.34
18.752324 4.34
18.784340 4.34
18.795215 4.34
18.825324 4.34
18.841324 4.34
18.866325 4.34
18.882324 4.34
18.907450 4.34
18.918324 4.34
18.950201 4.34
18.961104 4.34
18.991450 4.34
19.002325 4.34
19.037701 4.34
19.050229 4.34
19.079216 4.34
19.091576 4.34
19.120451 4.34
19.131326 4.34
19.166702 4.34
19.182702 4.34
19.208220 4.34
19.220577 4.34
19.249327 4.34
19.260218 4.34
19.290327 4.34
19.301220 4.34
19.336703 4.34
19.352703 4.34
19.378218 4.34
19.394343 4.34
19.419344 4.34
19.435346 4.34
19.460454 4.34
19.471329 4.34
19.506704 4.34
19.517453 4.34
19.548109 4.34
19.558831 4.34
19.589454 4.34
19.600330 4.34
19.635705 4.34
19.646455 4.34
19.677107 4.34
19.687831 4.34
19.718456 4.34
19.729331 4.34
19.764706 4.34
19.775456 4.34
19.806110 4.34
19.816985 4.34
19.847331 4.34
19.858098 4.34
19.888457 4.34
19.899332 4.34
19.934707 4.34
19.945457 4.34
19.976112 4.34
19.986988 4.34
20.017458 4.34
20.028333 4.34
20.063708 4.34
20.074583 4.34
20.105113 4.34
20.115985 4.34
20.146334 4.34
20.157100 4.34
20.187459 4.34
20.198334 4.34
20.233709 4.34
20.249709 4.34
20.275118 4.34
20.285989 4.34
20.316460 4.34
20.327335 4.34
20.362710 4.34
20.373585 4.34
20.404115 4.34
20.414989 4.34
20.445336 4.34
20.456101 4.34
20.486336 4.34
20.497101 4.34
20.527461 4.34
20.538336 4.34
20.573711 4.34
20.584462 4.34
20.615117 4.34
20.625989 4.34
20.656462 4.34
20.667337 4.34
20.702712 4.34
20.713587 4.34
20.743992 4.34
20.754838 4.34
20.785338 4.34
20.801232 4.34
20.826338 4.34
20.837118 4.34
20.869214 4.34
20.879979 4.34
20.910229 4.34
20.926107 4.34
20.951232 4.34
20.967105 4.34
20.992229 4.34
21.008233 4.34
21.033230 4.34
21.049106 4.34
21.074232 4.34
21.090238 4.34
21.115341 4.34
21.126109 4.34
21.156466 4.34
21.167234 4.34
21.202716 4.34
21.215217 4.34
21.244120 4.34
21.256591 4.34
21.285467 4.34
21.296234 4.34
21.331717 4.34
21.342467 4.34
21.373107 4.34
21.385593 4.34
21.414234 4.34
21.430110 4.34
21.455234 4.34
21.471110 4.34
21.496236 4.34
21.512109 4.34
21.537234 4.34
21.556120 4.34
21.573469 4.34
21.598344 4.34
21.609110 4.34
21.639344 4.34
21.650111 4.34
21.680346 4.34
21.691110 4.34
21.721345 4.34
21.732112 4.34
21.762345 4.34
21.773110 4.34
21.803346 4.34
21.814112 4.34
21.844346 4.34
21.855111 4.34
21.885471 4.34
21.896239 4.34
21.931729 4.34
21.944097 4.34
21.973124 4.34
21.989000 4.34
22.014347 4.34
22.025113 4.34
22.055472 4.34
22.066239 4.34
22.101730 4.34
22.126266 4.34
22.142481 4.34
22.167904 4.34
22.178904 4.34
22.209477 4.34
22.220244 4.34
22.250882 4.68
22.261733 4.68
22.292367 4.68
22.303119 5.00
22.333914 5.00
22.344909 5.00
22.375483 5.00
22.386482 5.00
22.417016 5.00
22.427893 5.00
22.458353 5.00
22.469122 5.00
22.504735 5.00
22.520735 5.35
22.546143 5.35
22.575732 5.00
22.591601 5.00
22.617134 5.00
22.633369 5.00
22.658478 5.00
22.669243 5.00
22.699878 5.00
22.710731 5.00
22.741243 5.00
22.752024 5.00
22.782353 5.00
22.793240 5.35
22.823477 5.00
22.834352 5.35
22.869733 5.35
22.885730 5.00
22.911394 5.35
22.922354 5.35
22.952914 5.35
22.963911 5.00
22.994484 5.35
23.005358 5.35
23.036018 5.00
23.046887 5.35
23.077356 5.35
23.088248 5.00
23.123734 5.35
23.139734 5.35
23.168009 5.00
23.178885 5.35
23.209495 5.35
23.220363 5.00
23.251127 5.00
23.267361 5.35
23.297892 5.35
23.308741 5.35
23.339359 5.35
23.350247 5.35
23.380884 5.35
23.391737 5.35
23.422373 5.35
23.433246 5.00
23.468738 5.00
23.484744 5.35
23.510391 5.35
23.521372 5.35
23.552048 5.35
23.568261 5.35
23.593363 5.35
23.604255 5.35
23.634611 5.35
23.645486 5.00
23.675739 5.35
23.691738 5.35
23.716889 5.35
23.727737 5.35
23.758252 5.35
23.774252 5.35
23.804929 5.35
23.815925 5.35
23.846493 5.35
23.859162 5.35
23.888135 5.35
23.904257 5.35
23.934741 5.35
23.950741 5.35
23.976021 5.35
23.988612 5.35
24.017362 5.00
24.028251 5.35
24.060141 5.35
24.070892 5.35
24.101773 5.35
24.112753 5.35
24.143369 5.35
24.154369 5.35
24.184899 5.35
24.195756 5.35
24.226366 5.35
24.237256 5.35
24.267614 5.35
24.280142 5.35
24.309016 5.35
24.325364 5.35
24.350364 5.35
24.361252 5.35
24.391745 5.35
24.402748 5.35
24.433257 5.69
24.444024 5.69
24.479616 5.69
24.495742 6.01
24.520894 6.01
24.531749 5.69
24.562365 5.69
24.573257 5.69
24.608615 5.69
24.624750 6.01
24.649895 5.69
24.660750 5.69
24.691366 5.69
24.702256 6.01
24.733003 5.69
24.749395 5.69
24.779941 12.32
24.790914 6.36
24.826774 6.68
24.837947 6.68
24.868506 7.37
24.884773 7.37
24.910144 7.37
24.926375 7.37
24.951623 7.37
24.967751 7.37
24.993265 7.37
25.004138 7.37
25.034765 7.37
25.045620 7.37
25.076262 7.37
25.087011 7.37
25.122619 7.37
25.138620 7.37
25.163897 7.37
25.174620 7.37
25.205261 7.37
25.216012 7.37
25.251747 7.37
25.262620 7.37
25.293263 7.37
25.304011 7.37
25.339496 7.37
25.350246 7.37
25.380621 7.37
25.396621 7.37
25.421899 7.37
25.432621 7.69
25.463264 7.37
25.474015 7.69
25.509749 7.69
25.520622 7.37
25.551266 7.37
25.562014 7.37
25.597749 7.37
25.608623 7.69
25.639263 7.37
25.650015 7.37
25.685624 7.37
25.701754 7.37
25.726750 7.37
25.737624 7.37
25.768264 7.37
25.779139 7.37
25.814624 7.37
25.830624 7.37
25.856029 7.69
25.872266 7.37
25.897266 7.37
25.908015 7.37
25.943751 7.37
25.954625 7.37
25.985268 7.37
25.996016 7.37
26.031501 7.37
26.042251 7.37
26.072626 7.37
26.088626 7.37
26.114030 7.37
26.130031 7.37
26.155377 7.37
26.166267 7.37
26.201502 7.37
26.212252 7.37
26.242627 7.37
26.258502 7.37
26.283908 7.37
26.294754 7.37
26.325378 7.37
26.336268 7.37
26.371503 7.37
26.382378 7.37
26.412628 7.37
26.428629 7.37
26.454033 7.37
26.470032 7.37
26.497005 7.37
26.507756 7.37
26.538380 7.37
26.549271 7.37
26.584505 7.37
26.597006 7.37
26.625630 7.37
26.641505 7.37
26.666910 7.37
26.679506 7.37
26.710007 7.69
26.720909 7.69
26.753024 7.69
26.763775 7.69
26.796008 7.37
26.806911 7.37
26.839037 7.37
26.849787 7.37
26.882038 7.37
26.892909 7.37
26.925038 7.37
26.935787 7.37
26.971633 7.37
26.982633 7.37
27.013148 7.37
27.023912 7.37
27.056025 7.37
27.066776 7.37
27.099036 7.37
27.109913 7.37
27.145509 7.37
27.158011 7.69
27.186634 7.37
27.202509 7.37
27.227912 7.37
27.243913 7.37
27.274635 7.37
27.290764 7.37
27.315915 7.37
27.328386 7.37
27.362635 7.37
27.378636 7.37
27.403913 6.68
27.419916 6.68
27.450511 6.68
27.466636 6.68
27.491636 6.68
27.507637 7.02
27.532916 7.02
27.545387 7.02
27.579637 7.02
27.595637 7.02
27.620916 6.68
27.637042 7.02
27.667638 6.68
27.683513 7.02
27.708917 6.68
27.725042 6.36
27.755638 6.01
27.771638 5.35
27.797040 5.00
27.826777 5.00
27.837776 4.34
27.873646 4.34
27.884520 4.34
27.915287 4.34
27.926036 4.34
27.956769 4.34
27.967642 4.34
27.998284 4.34
28.009032 4.34
28.044516 4.34
28.060640 4.34
28.085640 4.34
28.096515 4.34
28.126919 4.34
28.143046 4.34
28.173641 4.34
28.184391 4.34
28.214922 4.34
28.231045 4.34
28.261642 4.34
28.272392 4.34
28.303029 4.34
28.319295 4.34
28.344776 4.34
28.355776 4.34
28.391647 4.34
28.402521 4.34
28.433287 4.34
28.444036 4.34
28.474645 4.34
28.485520 4.34
28.516049 4.34
28.527033 4.34
28.557543 4.34
