0.000000 0.000000
0.041987 4.68
0.058214 4.68
0.089004 4.68
0.105322 3.01
0.130758 2.66
0.141761 2.66
0.172323 2.66
0.183321 2.66
0.213958 2.66
0.230190 2.66
0.260846 2.66
0.271720 2.66
0.302186 2.66
0.313075 2.66
0.343713 2.66
0.354568 2.66
0.385199 2.66
0.396077 2.66
0.426184 2.66
0.437073 3.01
0.467184 2.66
0.478074 2.66
0.508184 2.66
0.519076 2.66
0.549184 2.66
0.560076 3.01
0.590185 2.66
0.601060 2.66
0.631185 2.66
0.642076 2.66
0.672186 2.66
0.683077 2.66
0.713186 2.66
0.724077 2.66
0.754325 2.66
0.765328 2.66
0.795959 2.66
0.812197 2.66
0.842899 2.66
0.855451 2.66
0.889451 2.66
0.905741 2.66
0.931103 2.66
0.947329 2.66
0.972767 3.01
0.983840 4.34
1.019740 4.34
1.030733 4.34
1.061319 4.34
1.072194 4.34
1.102721 4.34
1.113571 4.34
1.144192 4.34
1.155083 4.34
1.190576 4.68
1.206576 4.34
1.231842 4.34
1.242715 4.34
1.273190 4.68
1.284079 4.34
1.314190 4.34
1.325081 4.34
1.355191 4.34
1.366082 4.34
1.396207 4.34
1.407082 4.34
1.437584 4.34
1.448597 4.34
1.479333 4.68
1.490358 4.68
1.520885 4.68
1.533451 4.68
1.567736 4.68
1.578579 4.68
1.610983 4.68
1.621856 4.68
1.657829 4.68
1.670453 4.68
1.704770 4.68
1.715831 4.68
1.748024 4.68
1.759108 4.68
1.789581 4.68
1.805842 4.68
1.831200 4.68
1.842092 4.68
1.872586 5.00
1.888585 5.00
1.914091 5.35
1.930090 5.35
1.958091 5.35
1.974198 5.35
1.999197 5.35
2.010072 5.35
2.040197 5.35
2.051072 5.35
2.082965 5.35
2.093964 5.35
2.124197 5.35
2.135089 5.35
2.166948 5.35
2.177851 5.35
2.208213 5.35
2.219212 5.35
2.249831 5.35
2.262457 5.35
2.296750 5.35
2.309454 5.35
2.338203 5.35
2.349077 5.35
2.379451 5.35
2.391952 5.35
2.420857 5.35
2.437093 5.35
2.462092 5.35
2.472843 5.35
2.504979 5.35
2.515991 5.35
2.546604 5.35
2.557598 5.35
2.588208 5.69
2.599206 5.35
2.629739 5.35
2.640581 5.35
2.671204 5.35
2.682079 5.35
2.713954 5.35
2.724856 5.35
2.755094 5.35
2.765844 5.35
2.796203 5.69
2.812612 5.35
2.837836 5.69
2.853973 5.69
2.884739 5.69
2.895617 5.69
2.926206 5.35
2.937095 5.69
2.967611 5.69
2.978456 5.35
3.008967 5.35
3.024969 5.35
3.050203 5.69
3.061094 5.35
3.096473 5.35
3.112872 5.69
3.140780 5.35
3.153332 5.35
3.182106 5.69
3.193099 5.35
3.223457 5.35
3.239582 5.69
3.264883 5.69
3.280858 5.69
3.306206 5.69
3.317100 5.35
3.352331 5.69
3.363082 5.69
3.393624 5.69
3.404462 5.35
3.435102 5.35
3.445975 5.35
3.476612 5.35
3.487459 5.35
3.518101 5.35
3.528973 5.35
3.564457 5.69
3.580458 5.35
3.605733 5.35
3.616459 5.35
3.647100 5.69
3.657974 5.69
3.688782 5.35
3.701346 5.35
3.735642 5.35
3.746646 5.35
3.777214 5.35
3.788104 5.35
3.818746 5.35
3.829621 5.35
3.860212 5.35
3.871102 5.69
3.901461 5.35
3.917461 5.69
3.942741 5.69
3.953588 5.35
3.984212 5.35
3.995110 5.69
4.025781 5.69
4.038350 5.35
4.072598 5.35
4.083608 5.35
4.115844 5.35
4.126717 5.35
4.157091 5.35
4.168091 5.35
4.198750 5.69
4.209591 5.35
4.240214 5.35
4.251107 5.69
4.286464 5.69
4.302339 5.35
4.327742 5.69
4.338595 5.35
4.374601 5.35
4.385612 5.35
4.417846 5.35
4.428721 5.35
4.464605 11.65
4.475604 8.03
4.511472 8.35
4.527772 8.35
4.553115 8.35
4.564124 8.35
4.594596 8.35
4.605469 8.35
4.636109 8.35
4.646860 8.35
4.677467 8.03
4.693467 8.35
4.718870 8.35
4.734872 8.35
4.760218 8.35
4.771108 8.35
4.806343 8.35
4.818845 8.35
4.847468 8.35
4.863468 8.35
4.888873 8.03
4.904873 8.03
4.931845 8.35
4.942595 8.35
4.974846 8.35
4.985750 8.35
5.017846 8.35
5.028749 8.35
5.060846 8.35
5.071597 8.03
5.107470 8.35
5.123597 8.35
5.148750 8.35
5.161345 8.35
5.190096 8.35
5.200861 8.35
5.232848 8.35
5.243598 8.35
5.274113 8.35
5.284861 8.35
5.320347 8.35
5.332848 8.35
5.361472 8.35
5.377472 8.03
5.402750 8.35
5.418749 8.03
5.445849 8.03
5.456599 8.35
5.488880 8.35
5.499752 8.35
5.531868 8.35
5.542618 8.35
5.574879 8.35
5.585630 8.35
5.617754 8.35
5.628474 8.35
5.659114 8.35
5.669991 8.35
5.705350 8.35
5.717754 8.35
5.746475 8.35
5.757350 8.35
5.787756 8.35
5.803601 8.35
5.830727 8.35
5.841602 8.03
5.872117 7.69
5.882868 8.35
5.918351 8.35
5.930728 8.35
5.959476 8.35
5.975352 8.35
6.000603 8.35
6.011477 8.35
6.041881 8.35
6.057880 8.35
6.088228 8.35
6.099103 8.35
6.129228 8.35
6.140103 8.35
6.170228 8.35
6.181103 8.35
6.211228 8.35
6.222104 8.35
6.252229 8.35
6.263104 8.35
6.293229 8.35
6.304104 8.35
6.334229 8.35
6.345105 8.35
6.375230 8.35
6.386105 8.35
6.416230 8.35
6.427105 8.35
6.457230 8.35
6.468105 8.35
6.498230 8.35
6.509106 8.35
6.539231 8.35
6.550106 8.35
6.580231 8.35
6.591107 8.35
6.621232 8.35
6.632107 8.35
6.662232 8.35
6.673107 8.35
6.703232 8.35
6.714108 8.35
6.744233 8.35
6.755108 8.35
6.785233 8.35
6.796108 8.35
6.826233 8.35
6.837108 8.35
6.867234 8.35
6.878108 8.35
6.908234 8.35
6.919126 8.35
6.949234 8.35
6.960109 8.35
6.990235 8.35
7.001110 8.35
7.031235 8.35
7.042110 8.35
7.072235 8.35
7.083111 8.35
7.113235 8.35
7.124111 8.35
7.154235 8.35
7.165111 8.35
7.195236 8.35
7.206111 8.35
7.236361 8.35
7.252361 6.36
7.280613 8.35
7.291487 8.35
7.322128 8.35
7.332879 8.35
7.363237 8.35
7.374112 8.35
7.404238 8.35
7.415113 8.35
7.445238 8.35
7.456113 8.35
7.486238 8.35
7.498770 8.35
7.527364 8.35
7.543364 8.35
7.568489 8.35
7.579363 8.35
7.609892 8.35
7.620739 8.35
7.656364 8.35
7.672364 8.35
7.700740 8.35
7.716740 8.35
7.742008 8.35
7.752740 8.35
7.788366 8.35
7.804366 8.35
7.829634 8.35
7.840491 8.35
7.871132 8.35
7.881884 8.35
7.912366 8.35
7.928367 8.35
7.953618 8.35
7.964492 8.35
7.996744 8.35
8.007618 8.35
8.039744 8.35
8.050619 8.35
8.081133 8.35
8.091884 8.35
8.122368 8.35
8.138368 8.35
8.163620 8.35
8.176244 8.35
8.206746 8.35
8.217620 8.35
8.249746 8.35
8.260621 8.35
8.292746 8.35
8.303621 8.35
8.335747 8.35
8.346622 8.35
8.378747 8.35
8.389622 8.35
8.421747 8.35
8.432622 8.35
8.464623 8.35
8.475496 8.35
8.507623 8.35
8.518496 8.35
8.550623 8.35
8.561496 8.35
8.593624 8.35
8.604496 8.35
8.640372 8.35
8.656247 8.03
8.681624 8.35
8.694138 8.35
8.724625 8.35
8.735498 8.35
8.767625 8.35
8.778498 8.35
8.814374 8.35
8.830249 8.35
8.855625 8.35
8.868141 8.35
8.898626 8.35
8.909499 8.35
8.945374 8.35
8.956124 8.35
8.986626 8.35
8.999142 8.35
9.027905 8.35
9.038627 8.35
9.069126 8.35
9.079893 8.35
9.110251 8.35
9.122628 8.35
9.151376 8.35
9.162251 8.35
9.192628 8.35
9.208779 8.35
9.239377 8.35
9.250126 8.35
9.280629 8.35
9.296781 8.35
9.321908 8.35
9.332781 8.35
9.363253 8.35
9.379378 8.35
9.404378 8.35
9.415128 8.35
9.445630 8.35
9.461783 8.35
9.492379 8.35
9.503128 8.35
9.533504 8.35
9.544379 8.35
9.575020 8.35
9.585784 8.35
9.616255 8.35
9.632380 8.35
9.657380 8.35
9.668255 8.35
9.698632 8.35
9.714784 8.35
9.745381 8.35
9.756130 8.35
9.786633 8.35
9.802785 8.35
9.833381 8.35
9.844131 8.35
9.874633 8.35
9.890786 8.35
9.915910 8.35
9.926786 8.35
9.957257 8.35
9.973382 8.35
9.998382 8.35
10.009258 8.35
10.039634 7.37
10.055635 8.03
10.086383 8.35
10.097133 8.35
10.127635 8.35
10.143788 8.35
10.174384 8.35
10.185135 8.35
10.215636 8.35
10.231636 8.35
10.262385 8.35
10.273135 8.35
10.303510 8.35
10.314260 8.35
10.344913 8.35
10.355637 8.35
10.386261 8.35
10.402386 8.35
10.427385 8.35
10.438261 8.35
10.468511 8.35
10.479386 8.35
10.510028 8.35
10.520780 8.35
10.551262 8.35
10.567387 8.35
10.592387 8.35
10.603138 8.35
10.633638 8.35
10.649791 8.35
10.674792 8.35
10.685513 8.35
10.721388 8.35
10.732263 8.35
10.762639 8.35
10.778790 8.35
10.809389 8.35
10.820264 8.35
10.850657 8.35
10.866640 8.35
10.897390 8.35
10.908140 8.35
10.938641 8.35
10.954794 8.35
10.981645 8.35
10.992515 8.35
11.022919 8.35
11.033796 8.35
11.064266 8.35
11.080391 8.35
11.105391 8.35
11.116266 8.35
11.146643 8.35
11.162795 8.35
11.187785 8.35
11.198517 8.35
11.234392 8.35
11.245267 8.35
11.275644 8.35
11.291645 8.35
11.322393 8.35
11.333268 8.35
11.363645 8.35
11.379797 8.35
11.406523 8.35
11.417269 8.35
11.449523 7.69
11.460269 8.35
11.492524 8.35
11.503394 8.35
11.539161 8.35
11.551524 8.35
11.580394 8.35
11.591270 8.35
11.621675 8.35
11.637800 8.35
11.663161 8.35
11.675558 8.35
11.704395 8.35
11.715271 8.35
11.745520 8.35
11.766800 8.35
11.777678 8.35
11.808163 8.35
11.820540 8.35
11.849396 8.35
11.860272 8.35
11.890649 8.35
11.901522 8.35
11.937398 8.35
11.948273 8.35
11.978649 8.35
11.989523 8.35
12.019802 8.35
12.030649 8.35
12.061171 8.35
12.077165 8.35
12.102398 8.35
12.113274 8.35
12.143651 8.35
12.154524 8.35
12.190166 8.35
12.206166 8.35
12.231399 8.35
12.242149 8.35
12.272525 8.35
12.288525 8.35
12.319169 8.35
12.335165 8.35
12.360401 8.35
12.371151 8.35
12.401652 8.35
12.412526 8.35
12.448167 8.35
12.464170 8.35
12.489401 8.35
12.500277 8.35
12.530653 8.35
12.541527 8.35
12.577402 8.35
12.588278 8.35
12.618654 8.35
12.629528 8.35
12.665403 8.35
12.676278 8.35
12.706655 8.35
12.717528 8.35
12.753170 8.35
12.769170 8.35
12.794404 8.35
12.805154 8.35
12.835656 7.02
12.846529 8.35
12.882172 8.35
12.898170 8.35
12.923405 8.35
12.934280 8.35
12.964657 8.35
12.975530 8.35
13.011406 8.35
13.022281 8.35
13.052658 8.35
13.063531 8.35
13.099173 8.35
13.115173 8.35
13.140407 8.35
13.151282 8.35
13.181659 8.35
13.192532 8.35
13.228176 8.35
13.244175 8.35
13.269408 8.35
13.280283 8.35
13.310659 8.35
13.321533 8.35
13.357174 8.35
13.373159 8.35
13.398409 8.35
13.409283 8.35
13.439409 8.35
13.450284 8.35
13.480689 8.35
13.491534 8.35
13.522177 8.35
13.538285 8.35
13.563410 8.35
13.574285 8.35
13.604688 8.35
13.615535 8.35
13.651285 8.35
13.662178 8.35
13.692411 8.35
13.703161 8.35
13.733536 8.35
13.749691 8.35
13.780286 8.35
13.791179 8.35
13.821412 8.35
13.834054 8.35
13.862693 8.35
13.873537 8.35
13.904180 8.35
13.920288 8.35
13.945412 8.35
13.957931 8.35
13.986664 8.35
13.997538 8.35
14.028181 8.35
14.044181 8.35
14.069414 8.35
14.082053 8.35
14.110664 8.35
14.121539 8.35
14.153418 8.35
14.164289 8.35
14.194665 8.35
14.205540 8.35
14.241183 8.03
14.257184 8.35
14.282415 8.35
14.294806 8.35
14.323541 8.35
14.339541 8.35
14.370183 8.35
14.386185 8.35
14.411416 8.35
14.423807 8.35
14.457421 8.35
14.468292 8.35
14.498667 8.35
14.509417 8.35
14.539947 8.35
14.550667 8.35
14.581293 8.35
14.592061 8.35
14.622418 8.35
14.634815 8.35
14.663669 8.35
14.674543 8.35
14.709936 8.35
14.720669 8.35
14.751294 8.35
14.762060 8.35
14.792419 8.35
14.808420 8.35
14.833670 8.35
14.844420 8.35
14.880186 8.35
14.890935 8.35
14.921295 8.35
14.932062 8.35
14.962420 8.35
14.978421 8.35
15.003671 8.35
15.014421 8.35
15.044937 8.35
15.055671 8.35
15.086296 8.35
15.097065 8.35
15.127421 8.35
15.143422 8.35
15.168547 8.35
15.179422 8.35
15.215190 8.35
15.225941 8.35
15.256298 8.35
15.267065 8.35
15.297423 8.35
15.313423 8.35
15.338674 8.35
15.349423 8.35
15.379939 8.35
15.390674 8.35
15.421175 8.35
15.431942 8.35
15.462175 8.35
15.472942 8.35
15.503300 8.35
15.514068 8.35
15.544425 8.35
15.560425 8.35
15.585675 8.35
15.596425 8.35
15.626942 7.69
15.643068 8.35
15.668176 8.35
15.678941 8.35
15.709301 8.35
15.720069 8.35
15.750426 8.35
15.766427 8.35
15.797069 8.35
15.813067 8.35
15.838302 8.35
15.849178 8.35
15.879428 8.35
15.895428 8.35
15.920708 8.35
15.931561 8.35
15.962195 8.35
15.972945 8.35
16.003428 8.35
16.019429 8.35
16.044708 8.35
16.055560 8.35
16.086071 8.35
16.102070 8.35
16.127180 8.35
16.138072 8.35
16.168305 8.35
16.179072 8.35
16.209430 8.35
16.225430 8.35
16.250710 8.35
16.261559 8.35
16.292073 8.35
16.308072 8.35
16.333306 8.35
16.344181 8.35
16.374432 8.35
16.390431 8.35
16.417465 8.35
16.428307 8.35
16.464307 8.35
16.475182 8.35
16.505433 8.35
16.521308 8.35
16.552075 8.35
16.563073 8.35
16.593183 8.35
16.604075 8.35
16.634308 8.35
16.645074 8.35
16.675434 8.35
16.691433 8.35
16.718444 8.35
16.729184 8.35
16.765077 8.35
16.781074 8.35
16.806184 8.35
16.817076 8.35
16.847185 8.35
16.858077 8.35
16.888185 8.35
16.899079 8.35
16.929310 8.35
16.941715 8.35
16.970436 8.35
16.986436 8.35
17.016841 6.68
17.029316 8.35
17.058186 8.35
17.069078 8.35
17.099312 8.35
17.111717 8.35
17.140437 8.35
17.156437 8.35
17.186843 8.35
17.199318 8.35
17.228188 8.35
17.239081 8.35
17.269188 8.35
17.280080 8.35
17.310188 8.35
17.321079 8.35
17.351314 8.35
17.367315 8.35
17.392439 8.35
17.403189 8.35
17.438844 8.35
17.451319 8.35
17.480082 8.35
17.490843 8.35
17.521315 8.35
17.537190 8.35
17.562441 8.35
17.573190 8.35
17.608842 8.35
17.619570 8.35
17.650191 8.35
17.661082 8.35
17.691191 8.35
17.702084 8.35
17.732191 8.35
17.743085 8.35
17.773317 8.35
17.789192 8.35
17.814443 8.35
17.825192 8.35
17.860846 8.35
17.871569 8.35
17.902194 8.35
17.913085 8.35
17.943193 8.35
17.954086 8.35
17.984194 8.35
17.995086 8.35
18.025194 8.35
18.036086 8.35
18.066194 8.35
18.077069 8.35
18.107195 8.35
18.118087 8.35
18.148195 8.35
18.159070 8.35
18.189320 8.35
18.205320 8.35
18.230445 8.35
18.241195 8.35
18.276850 8.35
18.292848 8.35
18.318196 8.35
18.329087 8.35
18.359197 8.35
18.370072 8.35
18.400197 7.69
18.411072 8.03
18.441322 8.35
18.457197 8.35
18.482447 8.35
18.493322 8.35
18.528851 8.35
18.544853 8.35
18.570198 8.35
18.581088 8.35
18.611198 8.35
18.622074 8.35
18.652324 8.35
18.668199 8.35
18.693449 8.35
18.704324 8.35
18.739843 8.35
18.750575 8.35
18.781090 8.35
18.791842 8.35
18.822200 8.35
18.833090 8.35
18.863200 8.35
18.874076 8.35
18.904200 8.35
18.915092 8.35
18.945201 8.35
18.956091 8.35
18.986201 8.35
18.997076 8.35
19.027202 8.35
19.038077 8.35
19.068327 8.35
19.084202 8.35
19.109452 8.35
19.120202 8.35
19.155856 8.35
19.171845 8.35
19.197095 8.35
19.207847 8.35
19.238328 8.35
19.254203 8.35
19.279454 8.35
19.290328 8.35
19.325858 8.35
19.341844 8.35
19.367205 8.35
19.379733 8.35
19.408204 8.35
19.419097 8.35
19.449205 8.35
19.461734 8.35
19.490330 8.35
19.506205 8.35
19.531456 8.35
19.542205 8.35
19.572860 8.35
19.588861 8.35
19.614206 8.35
19.626735 8.35
19.655206 8.35
19.667736 8.35
19.696207 8.35
19.707082 8.35
19.737332 8.35
19.753207 8.35
19.778457 8.35
19.789207 6.36
19.819863 8.35
19.835851 8.35
19.861208 8.35
19.873584 8.35
19.902208 8.35
19.914585 8.35
19.943334 8.35
19.959209 8.35
19.984458 8.35
19.995334 8.35
20.030864 8.35
20.043220 8.35
20.072209 8.35
20.084586 8.35
20.113210 8.35
20.125586 8.35
20.154210 8.35
20.166587 8.35
20.195335 8.35
20.211211 8.35
20.236460 8.35
20.247336 8.35
20.282865 8.35
20.298740 8.35
20.324211 8.35
20.336588 8.35
20.365337 8.35
20.381212 8.35
20.406463 8.35
20.417337 8.35
20.447867 8.35
20.463857 8.35
20.489087 8.35
20.499855 8.35
20.530214 8.35
20.546213 8.35
20.571213 8.35
20.587214 8.35
20.612214 8.35
20.628214 8.35
20.653214 8.35
20.669089 8.35
20.694214 8.35
20.710215 8.35
20.735215 8.35
20.751215 8.35
20.776215 8.35
20.792090 8.35
20.817216 8.35
20.833216 8.35
20.858216 8.35
20.874091 8.35
20.899216 8.35
20.915217 8.35
20.940216 8.35
20.956216 8.35
20.981216 8.35
20.997217 8.35
21.022217 8.35
21.038217 8.35
21.063217 8.35
21.079218 8.35
21.104218 8.35
21.120218 8.35
21.145218 8.35
21.161218 8.35
21.186218 8.03
21.202218 8.03
21.227218 8.35
21.243094 8.35
21.268219 8.35
21.284220 8.35
21.309219 8.35
21.325219 8.35
21.350219 8.35
21.366220 8.35
21.391220 8.35
21.407220 8.35
21.432220 8.35
21.448096 8.35
21.473220 8.35
21.489221 8.35
21.514221 8.35
21.530221 8.35
21.555221 8.35
21.571221 8.35
21.596221 8.35
21.612222 8.35
21.637222 8.35
21.653097 8.35
21.678347 8.35
21.689097 8.35
21.724739 8.35
21.735472 8.35
21.766113 8.35
21.776865 8.35
21.807223 8.35
21.823098 8.35
21.848223 8.35
21.864099 8.35
21.889224 8.35
21.905099 8.35
21.930224 8.35
21.946099 8.35
21.971224 8.35
21.987100 8.35
22.012225 8.35
22.028099 8.35
22.053225 8.35
22.069101 8.35
22.094225 8.35
22.110100 8.35
22.135225 8.35
22.151101 8.35
22.176226 8.35
22.192101 8.35
22.217226 8.35
22.233102 8.35
22.258227 8.35
22.274102 8.35
22.299227 8.35
22.315103 8.35
22.340227 8.35
22.356102 8.35
22.381227 8.35
22.397102 8.35
22.422228 8.35
22.438103 8.35
22.463228 8.35
22.479103 8.35
22.504228 8.35
22.520103 8.35
22.545229 8.35
22.561104 8.35
22.586229 6.68
22.602105 8.35
22.627229 8.35
22.643104 8.35
22.668230 8.35
22.684105 8.35
22.709229 8.35
22.720105 8.35
22.750230 8.35
22.761106 8.35
22.791230 8.35
22.802105 8.35
22.832231 8.35
22.843106 8.35
22.873231 8.35
22.884106 8.35
22.914232 8.35
22.925124 8.35
22.955232 8.35
22.966107 8.35
22.996232 8.35
23.007108 8.35
23.037233 8.35
23.048107 8.35
23.078232 8.35
23.089108 8.35
23.119233 8.35
23.130108 8.35
23.160233 8.35
23.171108 8.35
23.201234 8.35
23.212109 8.35
23.242359 8.35
23.253109 8.35
23.288735 8.35
23.301111 8.35
23.330125 8.35
23.346235 8.35
23.371110 8.35
23.387110 8.35
23.412111 8.35
23.428110 8.35
23.453111 8.35
23.469111 8.35
23.494112 8.35
23.510111 8.35
23.535111 8.35
23.551111 8.35
23.576111 8.35
23.592130 8.35
23.617112 8.35
23.633112 8.35
23.658112 8.35
23.674129 8.35
23.699113 8.35
23.715131 8.35
23.740113 8.35
23.756128 8.35
23.781113 8.35
23.797130 8.35
23.822114 8.35
23.838128 8.35
23.863239 8.35
23.879114 8.35
23.904364 8.35
23.915114 8.35
23.950758 8.35
23.966755 8.35
23.992131 8.03
24.008115 8.35
24.033240 8.35
24.049115 8.35
24.074365 8.35
24.085115 8.35
24.120758 8.35
24.136756 8.35
24.163117 8.35
24.173885 8.35
24.204241 8.35
24.220242 8.35
24.245366 8.35
24.256117 8.35
24.291760 8.35
24.307759 8.35
24.333133 8.35
24.349118 8.35
24.374118 8.35
24.390118 8.35
24.415243 8.35
24.431118 8.35
24.458120 8.35
24.468886 8.35
24.499244 8.35
24.515119 8.35
24.540369 8.35
24.551118 8.35
24.586763 8.35
24.602760 8.35
24.628138 8.35
24.644120 8.35
24.669245 8.35
24.685120 8.35
24.710370 8.35
24.721245 8.35
24.756622 8.35
24.772622 8.35
24.798140 8.35
24.814137 8.35
24.841123 8.35
24.851888 8.35
24.882121 8.35
24.898137 8.35
24.923247 8.35
24.939122 8.35
24.966124 8.35
24.976888 8.35
25.007248 8.35
25.018123 8.35
25.050124 8.35
25.060890 8.35
25.091248 8.35
25.102123 8.35
25.134125 8.35
25.144891 8.35
25.175249 8.35
25.186124 8.35
25.218126 8.35
25.228892 8.35
25.259249 8.35
25.270124 8.35
25.305500 8.35
25.316250 8.35
25.346905 8.35
25.357778 8.03
25.388251 8.03
25.399126 8.35
25.431002 8.35
25.441905 8.35
25.472127 8.35
25.488252 8.35
25.513252 8.35
25.524127 8.35
25.559502 8.35
25.570252 8.35
25.601144 8.35
25.617145 8.35
25.642127 8.35
25.653018 8.35
25.683253 8.35
25.694128 8.35
25.729503 8.35
25.745503 8.35
25.771018 8.35
25.783503 8.35
25.812129 8.35
25.822897 8.35
25.853254 8.35
25.864130 8.35
25.899504 8.35
25.910379 8.35
25.940909 8.35
25.951770 8.35
25.982130 8.35
25.992896 8.35
26.023255 8.35
26.034130 8.35
26.069505 8.35
26.080256 8.35
26.110912 8.35
26.121774 8.35
26.152256 8.35
26.163131 8.35
26.198507 8.35
26.209382 8.35
26.239911 8.35
26.250772 8.35
26.281133 8.35
26.291897 8.35
26.322258 8.35
26.333133 8.35
26.368508 8.35
26.379258 8.35
26.409912 8.35
26.420634 8.35
26.451259 8.35
26.462151 8.35
26.497509 8.35
26.508259 8.35
26.538913 8.35
26.549787 8.35
26.580259 8.35
26.591134 8.35
26.626510 8.35
26.637260 8.35
26.667915 8.35
26.678788 8.35
26.709261 8.35
26.720136 8.35
26.755511 8.35
26.766261 7.69
26.796779 8.35
26.807511 8.35
26.838153 8.35
26.854151 8.35
26.879262 8.35
26.890137 8.35
26.925512 8.35
26.936262 8.35
26.966917 8.35
26.977791 8.35
27.008263 8.35
27.019138 8.35
27.054513 8.35
27.065263 8.35
27.095918 8.35
27.106791 8.35
27.137139 8.35
27.147906 8.35
27.178264 8.35
27.189139 8.35
27.224515 8.35
27.235265 8.35
27.265918 8.35
27.278390 8.35
27.307140 8.35
27.317907 8.35
27.348265 8.35
27.359141 8.35
27.394516 8.35
27.405266 8.35
27.435920 8.35
27.448391 8.35
27.477267 8.35
27.488142 8.35
27.523517 8.35
27.536018 8.35
27.564795 8.35
27.575517 8.35
27.606159 8.35
27.622160 8.35
27.652517 8.35
27.668518 8.35
27.694036 8.35
27.710143 8.35
27.735269 8.35
27.746160 8.35
27.781519 8.35
27.797519 8.35
27.823034 8.35
27.839037 8.35
27.864145 8.35
27.874913 8.35
27.905270 8.35
27.916145 8.35
27.951520 8.35
27.967520 8.35
27.992923 8.35
28.005396 8.35
28.034146 8.35
28.044913 8.35
28.075271 8.35
28.086146 8.35
28.121521 8.35
28.134023 8.35
28.162925 6.36
28.178801 8.35
28.204272 8.35
28.215147 8.35
28.250522 8.35
28.266398 8.35
28.291927 8.35
28.307924 8.35
28.333148 8.35
28.343913 8.35
28.374273 8.35
28.385148 8.35
28.420524 8.35
28.436399 8.35
28.461929 8.35
28.477802 8.35
28.503275 8.35
28.514150 8.35
28.549525 8.35
28.561901 8.35
28.590929 8.35
28.606930 8.35
28.632275 8.35
28.643151 8.35
28.678525 8.35
28.694401 8.35
28.719929 8.35
28.735928 8.35
28.761151 8.35
28.771918 8.35
28.802276 8.35
28.813152 8.35
28.848527 8.35
28.864527 8.35
28.889929 8.35
28.905805 8.35
28.931152 8.35
28.941918 8.35
28.972153 8.35
28.982918 8.35
29.013278 8.70
29.024154 8.70
29.059528 8.35
29.075404 8.35
29.100933 8.35
29.116806 8.35
29.142154 8.35
29.152920 8.35
29.183280 8.35
29.194155 8.35
29.229529 8.35
29.245405 8.35
29.270932 8.35
29.286807 8.35
29.312281 8.35
29.323156 8.35
29.358531 8.35
29.374406 8.35
29.399933 8.35
29.415935 8.35
29.441281 8.35
29.452157 8.35
29.487532 8.35
29.503407 8.35
29.529050 8.35
29.544924 7.69
29.570172 8.03
29.581048 8.35
29.616533 8.35
29.632408 8.35
29.657936 8.35
29.673937 8.35
29.699284 8.35
29.710159 8.35
29.745534 8.35
29.761409 8.35
29.786937 8.35
29.802813 8.35
29.828160 8.35
29.838928 8.35
29.870912 8.35
29.881661 8.35
29.912176 8.35
29.922927 8.35
29.958535 8.35
29.974411 8.35
29.999939 8.35
30.015941 8.35
30.042913 8.35
30.053814 8.35
30.085913 8.35
30.096815 8.35
30.127177 8.35
30.137930 8.35
30.173537 8.35
30.189537 8.35
30.214941 8.35
30.230817 8.35
30.257914 8.35
30.268664 8.35
30.300915 8.35
30.311817 8.35
30.342181 8.35
30.352930 8.35
30.384915 8.35
30.395816 8.35
30.426180 8.35
30.436933 8.35
30.468916 8.35
30.479820 8.35
30.510165 8.35
30.521058 8.35
30.552916 8.35
30.563817 8.35
30.594182 8.35
30.604932 8.35
30.636944 8.35
30.647666 8.35
30.679946 8.35
30.690819 8.35
30.726541 8.35
30.742416 8.35
30.767946 8.35
30.783945 8.35
30.810935 8.35
30.821820 8.35
30.853946 8.35
30.864668 8.35
30.900543 8.35
30.925061 8.35
30.936058 7.37
30.971543 8.35
30.987543 8.35
31.012949 8.35
31.028822 8.35
31.059544 8.35
31.075418 8.35
31.100946 8.35
31.116823 8.35
31.147544 8.35
31.163545 8.35
31.188935 8.35
31.204813 8.35
31.235545 8.35
31.251546 8.35
31.276948 8.35
31.292825 8.35
31.323546 8.35
31.339546 8.35
31.364938 8.35
31.380812 8.35
31.411421 8.70
31.427547 8.35
31.452672 8.35
31.463422 8.35
31.493939 8.35
31.504825 8.35
31.540423 8.35
31.556548 8.35
31.584826 8.35
31.600827 8.35
31.626066 8.70
31.636816 8.35
31.672557 8.35
31.683298 8.35
31.713942 8.35
31.724827 8.35
31.760557 8.35
31.771300 8.35
31.801943 8.35
31.812675 8.35
31.848425 8.35
31.864557 8.35
31.892830 8.35
31.908953 8.35
31.934067 8.35
31.944828 8.35
31.980426 8.35
31.996426 8.35
32.021677 8.35
32.032426 8.35
32.062944 8.35
32.073677 8.35
32.109427 8.70
32.125560 8.35
32.150831 8.35
32.166831 8.35
32.192178 8.35
32.202945 8.35
32.238428 8.35
32.254561 8.35
32.279705 8.35
32.290561 8.35
32.321194 8.35
32.331944 6.68
32.362428 8.35
32.378563 8.35
32.403709 8.35
32.414561 8.35
32.445194 8.35
32.456071 8.35
32.486430 8.35
32.502559 8.35
32.527709 8.35
32.538559 8.35
32.569198 8.35
32.580072 8.35
32.615559 8.35
32.640074 8.35
32.650833 8.35
32.686307 8.35
32.697181 8.35
32.727431 8.35
32.743560 8.35
32.768713 8.35
32.779561 8.35
32.810200 8.35
32.821073 8.35
32.851433 8.35
32.867562 8.35
32.892712 8.35
32.903433 8.35
32.935837 8.35
32.946562 8.35
32.978839 8.35
32.989562 8.35
33.021839 8.35
33.032713 8.35
33.063184 8.35
33.074077 8.35
33.109565 8.35
33.120434 8.35
33.151077 8.35
33.161838 8.35
33.197567 8.35
33.208435 8.35
33.239076 8.35
33.249838 8.35
33.285567 8.35
33.296436 8.35
33.326839 8.35
33.343079 8.35
33.369841 8.35
33.380715 8.35
33.412842 8.35
33.423716 8.35
33.455829 8.35
33.466716 8.35
33.498841 8.35
33.509716 8.35
33.541845 8.35
33.552567 8.35
33.588438 8.35
33.604438 8.35
33.629718 8.35
33.645717 8.35
33.671081 8.35
33.681842 8.35
33.717566 8.35
33.728440 6.36
33.759083 8.35
33.769845 8.35
33.801845 8.35
33.812719 8.35
33.848317 8.35
33.860845 8.35
33.889719 8.35
33.905846 8.35
33.932721 8.35
33.943570 8.35
33.973843 8.35
33.990082 8.35
34.020441 8.35
34.036317 8.35
34.061570 8.35
34.072442 8.35
34.103084 8.35
34.113846 8.35
34.149442 8.35
34.165443 8.35
34.190722 8.35
34.206848 8.35
34.232086 8.35
34.242835 8.35
34.273194 8.35
34.284083 8.35
34.319444 8.35
34.330194 8.35
34.360723 8.35
34.376723 8.35
34.407444 8.35
34.418319 8.35
34.448723 8.35
34.464721 8.35
34.495445 8.35
34.506195 8.35
34.536725 8.35
34.552724 8.35
34.583321 8.35
34.599446 8.35
34.624446 8.35
34.635196 8.35
34.665725 8.35
34.681725 8.35
34.707089 8.35
34.717838 8.35
34.748197 8.35
34.759087 8.35
34.789322 8.35
34.805322 8.35
34.830578 8.35
34.841448 8.35
34.872091 8.35
34.882963 8.35
34.918324 8.35
34.934324 8.35
34.959449 8.35
34.970324 8.35
35.000727 8.35
35.016851 8.35
35.042092 8.35
35.052840 8.35
35.083200 8.35
35.094075 8.35
35.124200 8.03
35.135075 8.03
35.165200 8.35
35.176075 8.35
35.206326 8.35
35.222326 8.35
35.247451 8.35
35.258326 8.35
35.288730 8.35
35.304853 8.35
35.335452 8.35
35.346327 8.35
35.376854 8.35
35.387729 8.35
35.423452 8.35
35.434328 8.35
35.464857 8.35
35.475579 8.35
35.511453 8.35
35.522453 8.35
35.552968 8.35
35.563971 8.35
35.594329 8.35
35.610454 8.35
35.635599 8.35
35.648204 8.35
35.677094 8.35
35.687969 8.35
35.723205 8.35
35.734096 8.35
35.764330 8.35
35.780330 8.35
35.805600 8.35
35.818205 8.35
35.846973 8.35
35.857971 8.35
35.888205 8.35
35.899081 8.35
35.929206 8.35
35.940081 8.35
35.970206 8.35
35.981082 8.35
36.011207 8.35
36.022097 8.35
36.052207 8.35
36.063082 8.35
36.093207 8.35
36.104083 8.35
36.134208 8.35
36.145083 8.35
36.175208 8.35
36.186083 8.35
36.216208 8.35
36.227083 8.35
36.257208 8.35
36.268084 8.35
36.298334 8.35
36.314335 8.35
36.339459 8.35
36.350334 8.35
36.380739 8.35
36.396861 8.35
36.427460 8.35
36.438335 8.35
36.468865 8.35
36.479740 8.35
36.515335 8.35
36.531336 8.03
36.556460 8.35
36.567336 8.35
36.597741 8.35
36.613738 8.35
36.644337 8.35
36.660337 8.35
36.685462 8.35
36.696337 8.35
36.726864 8.35
36.737742 8.35
36.773213 8.35
36.785590 8.35
36.814213 8.35
36.826590 8.35
36.855213 8.35
36.867590 8.35
36.896213 8.35
36.908590 8.35
36.937214 8.35
36.949591 8.35
36.978214 8.35
36.990591 8.35
37.019215 8.35
37.035340 8.35
37.060215 8.35
37.072592 8.35
37.101215 8.35
37.113592 8.35
37.142215 8.35
37.154592 8.35
37.183216 8.35
37.195592 8.35
37.224216 8.35
37.240341 8.35
37.265342 8.35
37.281466 8.35
37.306467 8.35
37.317342 8.35
37.347871 8.35
37.358746 8.35
37.389092 8.35
37.399858 8.35
37.430218 8.35
37.446343 8.35
37.471218 8.35
37.487218 8.35
37.512344 8.35
37.523219 8.35
37.553595 8.35
37.569749 8.35
37.600344 8.35
37.611094 8.35
37.641469 8.35
37.652219 8.35
37.682747 8.35
37.693470 8.35
37.729345 8.35
37.740095 8.35
37.770470 8.35
37.781220 8.35
37.811750 8.35
37.822596 8.35
37.853096 8.35
37.863862 8.35
37.894096 8.35
37.904862 7.02
37.935097 8.35
37.945861 8.35
37.976221 8.35
37.992222 8.35
38.017222 8.35
38.033348 8.35
38.058348 8.35
38.069223 8.35
38.099599 8.35
38.115599 8.35
38.146348 8.35
38.157223 8.35
38.187474 8.35
38.198223 8.35
38.228750 8.35
38.239473 8.35
38.275349 8.35
38.286099 8.35
38.316474 8.35
38.327224 8.35
38.357752 8.35
38.368475 8.35
38.404350 8.35
38.415225 8.35
38.445476 8.35
38.456225 8.35
38.486741 8.35
38.497476 8.35
38.533351 8.35
38.544101 8.35
38.574476 8.35
38.585227 8.35
38.615742 8.35
38.626476 8.35
38.662352 8.35
38.673102 8.35
38.703477 8.35
38.714227 8.35
38.744728 8.35
38.755478 8.35
38.791353 8.35
38.802103 8.35
38.832479 8.35
38.843353 8.35
38.873995 8.35
38.884870 8.35
38.915229 8.35
38.931354 8.35
38.956230 8.35
38.972354 8.35
38.997230 8.35
39.013355 8.35
39.038480 8.35
39.051121 8.35
39.079730 8.35
39.090480 8.35
39.126356 8.35
39.137106 8.35
39.167607 8.35
39.183731 8.35
39.214357 8.35
39.225106 8.35
39.255608 8.35
39.271608 8.35
39.302357 8.35
39.313107 8.03
39.343609 8.35
39.359732 8.35
39.390358 8.35
39.401108 8.35
39.431611 8.35
39.447610 8.35
39.478358 8.35
39.489109 8.35
39.519625 8.35
39.535734 8.35
39.566359 8.35
39.577109 8.35
39.607611 8.35
39.623734 8.35
39.650490 8.35
39.661235 8.35
39.693490 8.35
39.704235 8.35
39.736490 8.35
39.747236 8.35
39.777736 8.35
39.788486 8.35
39.819128 8.35
39.831491 8.35
39.860236 8.35
39.876361 8.35
39.901237 8.35
39.917361 8.35
39.942237 8.35
39.958237 8.35
39.983237 8.35
39.999237 8.35
40.024237 8.35
40.040363 8.35
40.065237 8.35
40.076114 8.35
40.106363 8.35
40.117113 8.35
40.147615 8.35
40.158488 8.35
40.194364 8.35
40.205114 8.35
40.235489 8.35
40.247881 8.35
40.282130 8.35
40.298130 8.35
40.323365 8.35
40.334115 8.35
40.364617 8.35
40.375490 8.35
40.411366 8.35
40.422116 8.35
40.452741 8.35
40.463491 8.35
40.494133 8.35
40.510241 8.35
40.535366 8.35
40.546117 8.35
40.576647 8.35
40.587492 8.35
40.618132 8.35
40.634135 8.35
40.659367 8.35
40.670117 8.35
40.700620 7.69
40.711493 8.03
40.747368 8.35
40.758118 8.35
40.788493 8.35
40.804493 8.35
40.835137 8.35
40.851135 8.35
40.876369 8.35
40.887118 8.35
40.917744 8.35
40.928495 8.35
40.959144 8.35
40.975137 8.35
41.000370 8.35
41.011245 8.35
41.041622 8.35
41.052495 8.35
41.088138 8.35
41.104138 8.35
41.129371 8.35
41.140121 8.35
41.170622 8.35
41.181497 8.35
41.217372 8.35
41.228122 8.35
41.258624 8.35
41.269497 8.35
41.305140 8.35
41.321139 8.35
41.346373 8.35
41.357248 8.35
41.387624 8.35
41.398497 8.35
41.434374 8.35
41.445122 8.35
41.475626 8.35
41.486499 8.35
41.522374 8.35
41.533124 8.35
41.563626 8.35
41.574499 8.35
41.610375 8.35
41.621124 8.35
41.651626 8.35
41.662500 8.35
41.692769 8.35
41.703626 8.35
41.734126 8.35
41.750141 8.35
41.775126 8.35
41.791141 8.35
41.816251 8.35
41.827127 8.35
41.857376 8.35
41.868127 8.35
41.898628 8.35
41.909502 8.35
41.945144 8.35
41.961142 8.35
41.986378 8.35
41.998894 8.35
42.027503 8.35
42.043503 8.35
42.070507 8.35
42.081378 8.03
42.117145 8.03
42.133147 8.35
42.158379 8.35
42.169129 8.35
42.199630 8.35
42.210504 8.35
42.246148 8.35
42.262147 8.35
42.287380 8.35
42.299895 8.35
42.328380 8.35
42.340899 8.35
42.369631 8.35
42.380505 8.35
42.416146 8.35
42.432148 8.35
42.457381 8.35
42.469774 8.35
42.498632 8.35
42.509507 8.35
42.545147 8.35
42.561148 8.35
42.586382 8.35
42.598775 8.35
42.632401 8.35
42.643133 8.35
42.679150 8.35
42.695150 8.35
42.720383 8.35
42.732780 8.35
42.761634 8.35
42.772509 8.35
42.808149 8.35
42.818902 8.35
42.849384 8.35
42.861777 8.35
42.890635 8.35
42.901509 8.35
42.932027 8.35
42.944416 8.35
42.973260 8.35
42.984135 8.35
43.014385 8.35
43.030260 8.35
43.055654 8.35
43.066511 8.35
43.096915 8.35
43.113026 8.35
43.138136 8.35
43.148902 8.35
43.179262 8.35
43.190137 8.35
43.220387 8.35
43.236387 8.35
43.261639 8.35
43.272512 8.35
43.302915 8.35
43.313639 8.35
43.344263 8.35
43.355139 8.35
43.385388 8.35
43.401264 8.35
43.426640 8.35
43.437514 8.35
43.467917 8.35
43.484029 7.69
43.509265 8.35
43.520139 8.35
43.550390 8.35
43.566390 8.35
43.591658 8.35
43.602515 8.35
43.633155 8.35
43.644032 8.35
43.674390 8.35
43.690390 8.35
43.715658 8.35
43.726516 8.35
43.757159 8.35
43.768032 8.35
43.798391 8.35
43.814267 8.35
43.839661 8.35
43.850517 8.35
43.880920 8.35
43.891644 8.35
43.922268 8.35
43.933143 8.35
43.963393 8.35
43.979393 8.35
44.004645 8.35
44.015518 8.35
44.045920 8.35
44.056645 8.35
44.087144 8.35
44.097910 8.35
44.128269 8.35
44.139144 8.35
44.169394 8.35
44.185270 8.35
44.210646 8.35
44.221520 8.35
44.251923 8.35
44.268037 8.35
44.293145 8.35
44.303914 8.35
44.334145 8.35
44.344911 8.35
44.375146 8.35
44.385911 8.35
44.416271 8.35
44.427146 8.35
44.457397 8.35
44.473396 8.35
44.498522 8.35
44.509272 8.35
44.545165 8.35
44.555913 8.35
44.586273 8.35
44.597148 8.35
44.627398 8.35
44.643398 8.35
44.668650 8.35
44.679523 8.35
44.715039 8.35
44.731040 8.35
44.756274 8.35
44.768803 8.35
44.797399 8.35
44.813399 8.35
44.840409 8.35
44.851275 8.35
44.883410 7.69
44.894275 8.35
44.924652 8.35
44.935525 8.35
44.965927 8.35
44.976652 8.35
45.007151 8.35
45.017918 8.35
45.048276 8.35
45.060805 8.35
45.089401 8.35
45.105402 8.35
45.132412 8.35
45.143277 8.35
45.175412 8.35
45.186277 8.35
45.218287 8.35
45.229170 8.35
45.259403 8.35
45.275403 8.35
45.302287 8.35
45.313170 8.35
45.343404 8.35
45.359403 8.35
45.386288 8.35
45.397169 8.35
45.427404 8.35
45.443404 8.35
45.470289 8.35
45.481172 8.35
45.511405 8.35
45.527405 8.35
45.557808 8.35
45.570311 8.35
45.599173 8.35
45.610045 8.35
45.640406 8.35
45.651155 8.35
45.681531 8.35
45.692406 8.35
45.723048 8.35
45.733936 8.35
45.764281 8.35
45.776658 8.35
45.805407 8.35
45.816157 8.35
45.851799 8.35
45.867799 8.35
45.893172 8.35
45.903923 8.35
45.934408 8.35
45.945283 8.35
45.975533 8.35
45.986283 8.35
46.016937 8.35
46.033052 8.35
46.058283 8.35
46.074159 8.35
46.099409 8.35
46.110285 8.35
46.145799 8.35
46.156535 8.35
46.187175 8.35
46.197927 8.35
46.228410 8.35
46.239160 8.35
46.269535 8.35
46.280285 7.69
46.310940 8.35
46.326815 8.35
46.352286 8.35
46.368286 8.35
46.393411 8.35
46.404286 8.35
46.439816 8.35
46.450537 8.35
46.481178 8.35
46.492054 8.35
46.522413 8.35
46.533288 8.35
46.563538 8.35
46.574288 8.35
46.604943 8.35
46.621057 8.35
46.646164 8.35
46.656931 8.35
46.687164 8.35
46.697929 8.35
46.728289 8.35
46.744289 8.35
46.769414 8.35
46.780289 8.35
46.815806 8.35
46.826540 8.35
46.857181 8.35
46.867931 8.35
46.898415 8.35
46.909165 8.35
46.944820 8.35
46.960807 8.35
46.986181 8.35
46.996931 8.35
47.027416 8.35
47.038166 8.35
47.073820 8.35
47.089809 8.35
47.115059 8.35
47.125808 8.35
47.156060 8.35
47.166810 8.35
47.197167 8.35
47.207933 8.35
47.238293 8.35
47.254294 8.35
47.279418 8.35
47.290168 8.35
47.325820 8.35
47.341811 8.35
47.367062 8.35
47.377810 8.35
47.408061 8.35
47.418809 8.35
47.449294 8.35
47.465294 8.35
47.490420 8.35
47.501295 8.35
47.531545 8.35
47.542295 8.35
47.572936 8.35
47.588939 8.35
47.614296 8.35
47.630171 8.35
47.655421 8.35
47.666171 6.36
47.701823 8.35
47.717826 8.35
47.743062 8.35
47.753814 8.35
47.784298 8.35
47.800172 8.35
47.825422 8.35
47.836297 8.35
47.866826 8.35
47.882827 8.35
47.908066 8.35
47.918815 8.35
47.949298 8.35
47.965174 8.35
47.990423 8.35
48.001299 8.35
48.031829 8.35
48.047829 8.35
48.073066 8.35
48.083815 8.35
48.114299 8.35
48.130175 8.35
48.155425 8.35
48.166300 8.35
48.196828 8.35
48.212829 8.35
48.238066 8.35
48.248828 8.35
48.279301 8.35
48.295176 8.35
48.320426 8.35
48.331301 8.35
48.361831 8.35
48.377830 8.35
48.403069 8.35
48.413830 8.35
48.444177 8.35
48.456558 8.35
48.485303 8.35
48.501303 8.35
48.526428 8.35
48.537177 8.35
48.567830 8.35
48.583831 8.35
48.609178 8.35
48.625179 8.35
48.650179 8.35
48.662560 8.35
48.691304 8.35
48.707304 8.35
48.732429 8.35
48.743304 8.35
48.773833 8.35
48.789834 8.35
48.815180 8.35
48.831180 8.35
48.856306 8.35
48.872306 8.35
48.897431 8.35
48.908306 8.35
48.938835 8.35
48.954709 8.35
48.980182 8.35
48.996181 8.35
49.021306 8.35
49.037306 8.35
49.062432 7.69
49.073182 8.35
49.103834 8.35
49.119711 8.70
49.145182 8.35
49.161183 8.35
49.186308 8.35
49.202183 8.35
49.227433 8.35
49.238308 8.35
49.268838 8.35
49.284839 8.35
49.310184 8.35
49.326184 8.35
49.351310 8.35
49.367309 8.35
49.392434 8.35
49.403184 8.35
49.433839 8.35
49.449839 8.35
49.475185 8.35
49.491311 8.35
49.516310 8.35
49.532185 8.35
49.557435 8.35
49.568310 8.35
49.598840 8.35
49.614716 8.35
49.640187 8.35
49.656186 8.35
49.681311 8.35
49.697312 8.35
49.722437 8.35
49.733187 8.35
49.763839 8.35
49.779842 8.35
49.805188 8.35
49.821080 8.35
49.846313 8.35
49.862313 8.35
49.887438 8.35
49.898313 8.35
49.928843 8.35
49.944840 8.35
49.970189 8.35
49.986081 8.35
50.011314 8.35
50.027189 8.35
50.054191 8.35
50.065080 8.35
50.095315 8.35
50.111315 8.35
50.136440 8.35
50.147315 8.35
50.182845 8.35
50.198842 8.35
50.224191 8.35
50.240066 8.35
50.265316 8.35
50.281316 8.35
50.308193 8.35
50.319082 8.35
50.349317 8.35
50.365192 8.35
50.392193 8.35
50.403082 8.35
50.433317 8.35
50.449318 8.03
50.476194 8.03
50.487083 8.35
50.517193 8.35
50.533193 8.35
50.558318 8.35
50.569086 8.35
50.601224 8.35
50.612086 8.35
50.644224 8.35
50.655084 8.35
50.687213 8.35
50.698087 8.35
50.730210 8.35
50.741087 8.35
50.773213 8.35
50.784088 8.35
50.819571 8.35
50.832196 8.35
50.861088 8.35
50.873446 8.35
50.902196 8.35
50.918071 8.35
50.943321 8.35
50.954071 8.35
50.989578 8.35
51.002102 8.35
51.031087 8.35
51.047090 8.35
51.072072 8.35
51.084447 8.35
51.113073 8.35
51.125447 8.35
51.154073 8.35
51.166448 8.35
51.195198 8.35
51.211074 8.35
51.236323 8.35
51.247074 8.35
51.282575 8.35
51.295075 8.35
51.323851 8.35
51.334575 8.35
51.365091 8.35
51.381200 8.35
51.406075 8.35
51.418450 8.35
51.447200 8.35
51.463075 8.35
51.488325 8.35
51.499076 8.35
51.534730 8.35
51.550731 8.35
51.576201 8.35
51.592201 8.35
51.617201 8.35
51.628077 8.35
51.658327 8.35
51.669077 8.35
51.704580 8.35
51.720729 8.35
51.745856 8.35
51.756729 8.35
51.787095 8.35
51.803093 8.35
51.828203 8.35
51.844203 7.69
51.869203 8.03
51.880078 8.35
51.910204 8.35
51.921079 8.35
51.951204 8.35
51.962079 8.35
51.992205 8.35
52.003080 8.35
52.033204 8.35
52.044080 8.35
52.074204 8.35
52.085081 8.35
52.115205 8.35
52.126099 8.35
52.156205 8.35
52.167080 8.35
52.197206 8.35
52.208081 8.35
52.238206 8.35
52.249081 8.35
52.279207 8.35
52.289971 8.35
52.325583 8.35
52.341587 8.35
52.367100 8.35
52.383097 8.35
52.408207 8.35
52.424208 8.35
52.449208 8.35
52.460083 8.35
52.490208 8.35
52.501083 8.35
52.531333 8.35
52.542208 8.35
52.577615 8.35
52.593589 8.35
52.619100 8.35
52.635102 8.35
52.660209 8.35
52.676085 8.35
52.701210 8.35
52.712085 8.35
52.742210 8.35
52.753085 8.35
52.783211 8.35
52.794086 8.35
52.824211 8.35
52.835086 8.35
52.865211 8.35
52.876087 8.35
52.906211 8.35
52.917087 8.35
52.947211 8.35
52.958087 8.35
52.988212 8.35
52.999087 8.35
53.029212 8.35
53.040087 8.35
53.070213 8.35
53.081088 8.35
53.111213 8.35
53.122088 8.35
53.152213 8.35
53.163089 8.35
53.193213 8.35
53.204088 8.35
53.234214 8.35
53.245089 7.37
53.275214 8.35
53.286089 8.35
53.316214 8.35
53.327090 8.35
53.357339 8.35
53.368215 8.35
53.403592 8.35
53.419595 8.35
53.445107 8.35
53.461108 8.35
53.486091 8.35
53.502216 8.35
53.527091 8.35
53.543091 8.35
53.568091 8.35
53.583984 8.35
53.609092 8.35
53.625109 8.35
53.650217 8.35
53.661092 8.35
53.691217 8.35
53.702092 8.35
53.732217 8.35
53.743093 8.35
53.773218 8.35
53.784093 8.35
53.814218 8.35
53.825093 8.35
53.855219 8.35
53.866094 8.35
53.896219 8.35
53.907094 8.35
53.937219 8.35
53.948095 8.35
53.978219 8.35
53.989095 8.35
54.019220 8.35
54.030094 8.35
54.060220 8.35
54.071095 8.35
54.106596 8.35
54.122596 8.35
54.148114 8.35
54.164114 8.35
54.189221 8.35
54.200097 8.35
54.235472 8.35
54.246222 8.35
54.276751 8.35
54.287472 8.35
54.318112 8.35
54.334097 8.35
54.364472 8.35
54.375222 8.35
54.405751 8.35
54.416472 8.35
54.447114 8.35
54.463114 8.35
54.488099 8.35
54.498866 8.35
54.529099 8.35
54.539867 8.35
54.570099 8.35
54.580867 8.35
54.611099 8.35
54.621867 8.35
54.652100 7.69
54.662868 8.35
54.693100 8.35
54.703866 8.35
54.734100 8.35
54.744868 8.35
54.775101 8.35
54.785869 8.35
54.816101 8.35
54.826868 8.35
54.857102 8.35
54.867869 8.35
54.898102 8.35
54.908994 8.35
54.939101 8.35
54.949867 8.35
54.980102 8.35
54.990869 8.35
55.021102 8.35
55.031868 8.35
55.062103 8.35
55.072868 8.35
55.103103 8.35
55.113870 8.35
55.144104 8.35
55.154872 8.35
55.185104 8.35
55.195871 8.35
55.226104 8.35
55.236871 8.35
55.267104 8.35
55.277870 8.35
55.308104 8.35
55.318872 8.35
55.349105 8.35
55.359872 8.35
55.390105 8.35
55.400874 8.35
55.431106 8.35
55.441873 8.35
55.472106 8.35
55.482874 8.35
55.513106 8.35
55.523875 8.35
55.554107 8.35
55.564874 8.35
55.595122 8.35
55.606000 8.35
55.636232 8.35
55.647108 8.35
55.679002 8.35
55.689999 8.35
55.722001 8.35
55.732733 8.35
55.763108 8.35
55.774000 8.35
55.804108 8.35
55.814874 8.35
55.845109 8.35
55.856003 8.35
55.886109 8.35
55.896877 8.35
55.927110 8.35
55.937874 8.35
55.968110 8.35
55.978878 8.35
56.009110 8.35
56.019877 8.03
56.050110 8.03
56.060878 8.35
56.091110 8.35
56.101878 8.35
56.132111 8.35
56.142876 8.35
56.173111 8.35
56.183878 8.35
56.214112 8.35
56.224880 8.35
56.255112 8.35
56.265881 8.35
56.296113 8.35
56.306880 8.35
56.337113 8.35
56.347878 8.35
56.378113 8.35
56.388881 8.35
56.419114 8.35
56.429881 8.35
56.460239 8.35
56.471114 8.35
56.506489 8.35
56.522364 8.35
56.547892 8.35
56.563893 8.35
56.589240 8.35
56.600115 8.35
56.635490 8.35
56.647866 8.35
56.676892 8.35
56.689241 8.35
56.718240 8.35
56.729116 8.35
56.764491 8.35
56.776867 8.35
56.805896 8.35
56.822134 8.35
56.847242 8.35
56.858117 8.35
56.893492 8.35
56.909367 8.35
56.934896 8.35
56.950895 8.35
56.976243 8.35
56.987118 8.35
57.022493 8.35
57.038367 8.35
57.063898 8.35
57.079885 8.35
57.105243 8.35
57.116119 8.35
57.151494 8.35
57.167369 8.35
57.192897 8.35
57.208760 8.35
57.234245 8.35
57.245120 8.35
57.280495 8.35
57.296370 8.35
57.321899 8.35
57.338246 8.35
57.363246 8.35
57.374121 8.35
57.409496 8.35
57.425370 6.36
57.450900 8.35
57.466898 8.35
57.492247 8.35
57.503122 8.35
57.538497 8.35
57.554372 8.35
57.580014 8.35
57.596137 8.35
57.621247 8.35
57.632123 8.35
57.667498 8.35
57.683373 8.35
57.708902 8.35
57.724902 8.35
57.750249 8.35
57.761124 8.35
57.796499 8.35
57.812373 8.35
57.837901 8.35
57.853903 8.35
57.879250 8.35
57.890140 8.35
57.925500 8.35
57.941375 8.35
57.966903 8.35
57.982892 8.35
58.008125 8.35
58.018893 8.35
58.049126 8.35
58.059893 8.35
58.090126 8.35
58.100892 8.35
58.131251 8.35
58.142127 8.35
58.177502 8.35
58.193502 8.35
58.218906 8.35
58.234779 8.35
58.261878 8.35
58.272628 8.35
58.303128 8.35
58.313895 8.35
58.345879 8.35
58.356629 8.35
58.388879 8.35
58.399629 8.35
58.430128 8.35
58.440897 8.35
58.472880 8.35
58.483629 8.35
58.514147 8.35
58.524897 8.35
58.560504 8.35
58.576505 8.35
58.601909 8.35
58.617773 8.35
58.644881 8.35
58.655783 8.35
58.687882 8.35
58.698631 8.35
58.730882 8.35
58.741646 8.35
58.773882 8.35
58.784785 8.35
58.815149 8.35
58.825899 8.03
58.861507 8.35
58.877382 8.35
58.902772 8.35
58.915383 8.35
58.945914 8.35
58.956786 8.35
58.988912 8.35
58.999662 8.35
59.031912 8.35
59.042663 8.70
59.078508 8.35
59.089384 8.35
59.119786 8.35
59.135665 8.35
59.161152 8.35
59.172027 8.35
59.207509 8.35
59.218385 8.35
59.248913 8.35
59.265153 8.35
59.295385 8.35
59.307887 8.35
59.339790 8.35
59.355903 8.35
59.381151 8.35
59.391902 8.35
59.422386 8.35
59.434763 8.35
59.463638 8.35
59.474511 8.35
59.504916 8.35
59.520914 8.35
59.551512 8.35
59.567387 8.35
59.593031 8.35
59.603780 8.35
59.639513 8.35
59.650388 8.35
59.681031 8.35
59.691916 8.35
59.727389 8.35
59.743388 8.70
59.768640 8.35
59.779514 8.70
59.809918 8.35
59.825919 8.35
59.856514 8.35
59.867389 8.35
59.897918 8.35
59.908641 8.35
59.944265 8.35
59.955158 8.35
59.985390 8.35
60.001266 8.35
60.026642 8.35
60.037516 8.35
60.067919 8.70
60.078642 8.70
60.114516 8.35
60.125391 8.70
60.155919 8.35
60.166643 8.35
60.202517 8.35
60.213392 7.37
60.243919 8.35
60.254644 8.35
60.290518 8.35
60.301393 8.35
60.331923 8.35
60.342797 8.35
60.378393 8.35
60.394394 8.35
60.419645 8.35
60.430519 8.35
60.460925 8.35
60.471674 8.35
60.507520 8.35
60.518394 8.35
60.548924 8.35
60.559800 8.35
60.595395 8.35
60.611520 8.35
60.636674 8.35
60.647520 8.35
60.678161 8.35
60.689038 8.35
60.719396 8.35
60.735396 8.35
60.760676 8.35
60.771521 8.35
60.802165 8.35
60.813039 8.35
60.843397 8.35
60.859397 8.35
60.884678 8.35
60.895523 8.35
60.926166 8.35
60.937039 8.35
60.972523 8.35
60.983398 8.35
61.014041 8.35
61.024790 8.35
61.060524 8.35
61.071399 8.35
61.102039 8.35
61.112791 8.35
61.148400 8.35
61.164525 8.35
61.189678 8.35
61.202275 8.35
61.232793 8.35
61.243681 8.35
61.279525 8.35
61.290400 8.35
61.320930 8.35
61.331805 8.35
61.367526 8.70
61.378276 8.35
61.408930 8.35
61.419805 8.35
61.455526 8.35
61.466277 8.35
61.496929 8.35
61.507654 8.35
61.543528 8.35
61.554403 8.35
61.585044 8.35
61.596045 7.69
61.631403 8.35
61.647403 8.35
61.672654 8.35
61.683528 8.35
61.713930 8.35
61.724655 8.35
61.760404 8.35
61.776529 8.35
61.801655 8.35
61.814279 8.35
61.842809 8.35
61.858656 8.35
61.885781 8.35
61.896656 8.35
61.927170 8.35
61.937923 8.35
61.973531 8.35
61.984406 8.35
62.014935 8.35
62.025810 8.35
62.061532 8.35
62.072282 8.35
62.102933 8.35
62.113658 8.35
62.149407 8.35
62.165407 8.35
62.190658 8.35
62.203158 8.35
62.231935 8.35
62.242659 8.35
62.278408 8.35
62.294408 8.35
62.319659 8.35
62.332159 8.35
62.360937 8.35
62.371814 8.35
62.407534 8.35
62.418284 8.35
62.448814 8.35
62.464801 8.35
62.495409 8.35
62.511535 8.35
62.536661 8.35
62.552814 8.35
62.577812 8.35
62.593815 8.35
62.624411 8.35
62.635286 8.35
62.665662 8.35
62.681815 8.35
62.706938 8.35
62.717662 8.35
62.748162 8.35
62.758927 8.35
62.789287 8.35
62.805412 8.35
62.830412 8.35
62.841162 8.35
62.871664 8.35
62.884163 8.35
62.912819 8.35
62.923664 8.35
62.959289 8.35
62.975414 8.35
63.000414 7.69
63.011164 8.35
63.041539 8.35
63.052414 8.35
63.082943 8.35
63.093818 8.35
63.124290 8.35
63.140415 8.35
63.165415 8.35
63.176290 8.35
63.206667 8.35
63.222817 8.35
63.253415 8.35
63.264165 8.35
63.294667 8.35
63.310695 8.35
63.335946 8.35
63.346820 8.35
63.377167 8.35
63.387932 8.35
63.418292 8.35
63.434292 8.35
63.459417 8.35
63.470167 8.35
63.500668 8.35
63.516668 8.35
63.547293 8.35
63.563293 8.35
63.588543 8.35
63.599293 8.35
63.630060 8.35
63.640812 8.35
63.671294 8.35
63.687294 8.35
63.712419 8.35
63.723294 8.35
63.753670 8.35
63.769670 8.35
63.794936 8.35
63.805821 8.35
63.836295 8.35
63.852296 8.35
63.877421 8.35
63.888170 8.35
63.918671 8.35
63.934671 8.35
63.959939 8.35
63.970671 8.35
64.001296 8.35
64.017296 8.35
64.042422 8.35
64.053296 8.35
64.083824 8.35
64.094547 8.35
64.130187 8.35
64.140940 8.35
64.171548 8.35
64.182298 8.35
64.212940 8.35
64.223827 8.35
64.254298 8.35
64.270191 8.35
64.295423 8.35
64.306174 8.35
64.336827 8.35
64.347675 8.35
64.383299 8.35
64.399300 7.02
64.424425 8.35
64.435175 8.35
64.465830 8.35
64.476675 8.35
64.512300 8.35
64.528301 8.35
64.553425 8.35
64.564301 8.35
64.594675 8.35
64.610676 8.35
64.637681 8.35
64.648559 8.35
64.680681 8.35
64.691559 8.35
64.727302 8.35
64.743302 8.35
64.768427 8.35
64.779303 8.35
64.809829 8.35
64.820560 8.35
64.856428 8.35
64.867303 8.35
64.897832 8.35
64.908708 8.35
64.944429 8.35
64.955179 8.35
64.985832 8.35
64.996706 8.35
65.032429 8.35
65.043304 8.35
65.073834 8.35
65.084557 8.35
65.120429 8.35
65.131180 8.35
65.161834 8.35
65.172710 8.35
65.208431 8.35
65.219306 8.35
65.249709 8.35
65.265710 8.35
65.296431 8.35
65.307307 8.35
65.337835 8.35
65.348711 8.35
65.384432 8.35
65.395182 8.35
65.425834 8.35
65.436561 8.35
65.467183 8.35
65.483308 8.35
65.508308 8.35
65.519183 8.35
65.549433 8.35
65.560309 8.35
65.590834 8.35
65.601562 8.70
65.632184 8.70
65.644560 8.35
65.673184 8.70
65.689310 8.35
65.714310 8.70
65.725076 8.35
65.755435 8.35
65.766310 8.35
65.796713 7.02
65.807435 8.35
65.843311 8.35
65.854186 8.35
65.884436 8.35
65.895311 8.35
65.925840 8.35
65.936715 8.35
65.967186 8.35
65.983312 8.35
66.008312 8.35
66.019079 8.35
66.049437 8.35
66.060187 8.35
66.090716 8.35
66.101566 8.35
66.137313 8.35
66.148188 8.35
66.178438 8.35
66.189313 8.35
66.219566 8.35
66.235718 8.35
66.266314 8.35
66.277189 8.35
66.307439 8.35
66.318190 8.35
66.348844 8.35
66.359716 8.35
66.390190 8.35
66.406190 8.35
66.431190 8.35
66.447315 8.35
66.472191 8.35
66.488315 8.70
66.513190 8.35
66.529316 8.35
66.554191 8.35
66.570316 8.35
66.595316 8.35
66.606084 8.35
66.636441 8.35
66.647192 8.35
66.677720 8.35
66.688442 8.35
66.719192 8.35
66.735317 8.35
66.760318 8.70
66.771084 8.35
66.801443 8.35
66.812318 8.35
66.842576 8.35
66.858569 8.35
66.889318 8.70
66.900193 8.35
66.930444 8.35
66.941320 8.70
66.971847 8.35
66.982721 8.70
67.013195 8.35
67.029320 8.35
67.054195 8.70
67.070195 8.70
67.095320 8.70
67.106195 8.35
67.136445 8.35
67.147321 8.35
67.177726 8.35
67.188573 8.03
67.219196 8.35
67.235321 8.35
67.260196 8.35
67.276321 8.35
67.301322 8.35
67.312089 8.35
67.342447 8.35
67.353197 8.35
67.383852 8.35
67.394724 8.70
67.425197 8.70
67.441323 8.35
67.466323 8.35
67.477091 8.35
67.507448 8.70
67.518323 8.35
67.548728 8.35
67.559575 8.35
67.590199 8.35
67.606324 8.35
67.631324 8.70
67.642199 8.35
67.672598 8.70
67.688728 8.70
67.722325 8.35
67.733092 8.70
67.763597 8.35
67.779729 8.35
67.813326 8.35
67.824076 8.70
67.854599 8.35
67.870728 8.35
67.904327 8.35
67.915076 8.70
67.945452 8.70
67.957843 8.70
67.988457 8.70
67.999327 8.35
68.029732 8.35
68.040579 8.35
68.076327 8.35
68.087203 8.35
68.117452 8.35
68.129853 8.35
68.158733 8.35
68.169580 8.35
68.200204 8.35
68.216329 8.70
68.241329 8.35
68.252204 8.70
68.282454 8.35
68.298455 8.35
68.323734 8.35
68.334581 8.35
68.365095 8.70
68.377459 8.35
68.406330 8.35
68.417206 8.35
68.447456 8.35
68.459845 8.35
68.488732 8.35
68.499582 8.35
68.530206 8.35
68.541098 8.35
68.571206 8.35
68.582082 8.03
68.612206 8.35
68.623082 8.35
68.653207 8.35
68.663975 8.35
68.694613 8.35
68.705457 8.35
68.741208 8.35
68.752099 8.35
68.782208 8.35
68.793083 8.35
68.823208 8.35
68.834083 8.35
68.864208 8.35
68.875084 8.35
68.905209 8.35
68.916084 8.35
68.946210 8.35
68.957084 8.35
68.987210 8.35
68.998085 8.35
69.028210 8.35
69.039085 8.35
69.069210 8.35
69.080086 8.35
69.110211 8.35
69.121086 8.35
69.151211 8.35
69.162086 8.35
69.192211 8.35
69.203086 8.35
69.233211 8.35
69.244087 8.35
69.274212 8.35
69.285087 8.35
69.315212 8.35
69.326087 8.35
69.356213 8.35
69.367088 8.35
69.397212 8.35
69.408088 8.35
69.438212 8.35
69.449088 8.35
69.479213 8.35
69.490088 8.35
69.520339 8.35
69.531214 8.35
69.561464 8.35
69.577464 8.35
69.602742 8.35
69.613464 8.35
69.644107 8.35
69.660106 8.35
69.685215 8.35
69.696107 8.35
69.726215 8.35
69.737091 8.35
69.767216 8.35
69.778091 8.35
69.808216 8.35
69.819091 8.35
69.849216 8.35
69.860091 8.35
69.890216 8.35
69.901091 8.35
69.931217 8.35
69.942092 8.35
69.972217 6.68
69.983092 8.35
70.013218 8.35
70.024093 8.35
70.054218 8.35
70.065093 8.35
70.095217 8.35
70.106093 8.35
70.136343 8.35
70.147219 8.35
70.177469 8.35
70.193469 8.35
70.218747 8.35
70.229595 8.35
70.260219 8.35
70.271110 8.35
70.301220 8.35
70.312095 8.35
70.342220 8.35
70.353095 8.35
70.383220 8.35
70.394096 8.35
70.424220 8.35
70.435096 8.35
70.465346 8.35
70.476096 8.35
70.506598 8.35
70.517471 8.35
70.548114 8.35
70.564114 8.35
70.589222 8.35
70.600097 8.35
70.630222 8.35
70.641097 8.35
70.671347 8.35
70.683752 8.35
70.712599 8.35
70.723473 8.35
70.759114 8.35
70.775114 8.35
70.800223 8.35
70.811099 8.35
70.841224 8.35
70.852099 8.35
70.882224 8.35
70.893099 8.35
70.923224 8.35
70.934100 8.35
70.964225 8.35
70.975100 8.35
71.005475 8.35
71.021475 8.35
71.051993 8.70
71.064354 8.70
71.093101 8.35
71.103866 8.35
71.134101 8.35
71.150119 8.35
71.175101 8.35
71.185866 8.35
71.216102 8.35
71.226868 8.35
71.257102 8.35
71.267869 8.35
71.298103 8.35
71.308870 8.35
71.339103 8.35
71.349870 8.03
71.380103 8.03
71.390871 8.35
71.421103 8.35
71.431869 8.35
71.462104 8.35
71.472872 8.35
71.503103 8.35
71.513871 8.35
71.544104 8.35
71.554870 8.35
71.585121 8.35
71.595870 8.35
71.626229 8.35
71.637105 8.35
71.667230 8.35
71.678105 8.35
71.708230 8.35
71.719105 8.35
71.749231 8.35
71.760106 8.35
71.790231 8.35
71.801106 8.35
71.831231 8.35
71.842107 8.35
71.872231 8.35
71.883107 8.35
71.913231 8.35
71.924107 8.35
71.954232 8.35
71.965107 8.35
71.995232 8.35
72.006108 8.35
72.036233 8.35
72.047108 8.35
72.077233 8.35
72.088108 8.35
72.118234 8.35
72.129109 8.35
72.159234 8.35
72.170109 8.35
72.200234 8.35
72.211109 8.35
72.241234 8.35
72.252109 8.35
72.282234 8.35
72.293110 8.35
72.323235 8.35
72.334110 8.35
72.364235 8.35
72.375111 8.35
72.405236 8.35
72.416111 8.35
72.446236 8.35
72.457111 8.35
72.487236 8.35
72.498112 8.35
72.528236 8.35
72.539112 8.35
72.569237 8.35
72.580112 8.35
72.610237 8.35
72.621112 8.35
72.651237 8.35
72.662113 8.35
72.692238 8.35
72.703113 8.35
72.733238 8.35
72.744114 7.69
72.774363 8.03
72.790238 8.35
72.815488 8.35
72.826364 8.35
72.862130 8.35
72.872882 8.35
72.903239 8.35
72.914115 8.35
72.944365 8.35
72.960365 8.35
72.985616 8.35
72.996490 8.35
73.027133 8.35
73.037883 8.35
73.068366 8.35
73.084241 8.35
73.111376 8.35
73.122241 8.35
73.154376 8.35
73.165241 8.35
73.197376 8.35
73.208242 8.35
73.240377 8.35
73.251242 8.35
73.283378 8.35
73.294117 8.35
73.324896 8.35
73.341008 8.35
73.366244 8.35
73.378770 8.35
73.407368 8.35
73.423368 8.35
73.457011 8.35
73.473012 8.35
73.498244 8.35
73.510621 8.35
73.539494 8.35
73.550245 8.35
73.581024 8.35
73.592012 8.35
73.622370 8.35
73.633245 8.35
73.665275 8.35
73.676137 8.35
73.708275 8.35
73.719138 8.35
73.754775 8.35
73.767275 8.35
73.796246 8.35
73.808623 8.35
73.837372 8.35
73.848247 8.35
73.880256 8.35
73.891137 8.35
73.921372 8.35
73.937372 8.35
73.967776 8.35
73.980257 8.35
74.009138 8.35
74.019891 8.35
74.050248 8.35
74.066124 8.35
74.091374 8.35
74.102249 8.35
74.137766 8.35
74.150258 7.02
74.179124 8.35
74.189890 8.35
74.220250 8.35
74.236125 8.35
74.261375 8.35
74.272125 8.35
74.307769 8.35
74.318500 8.35
74.349143 8.35
74.359891 8.35
74.390376 8.35
74.401126 8.35
74.436780 8.35
74.452769 8.35
74.478127 8.35
74.488891 8.35
74.519127 8.35
74.529894 8.35
74.560252 8.35
74.576127 8.35
74.601377 8.35
74.612128 8.35
74.647768 8.35
74.658503 8.35
74.689143 8.35
74.699898 8.35
74.730379 8.35
74.741129 8.35
74.776769 8.35
74.787504 8.35
74.818129 8.35
74.828897 8.35
74.859255 8.35
74.875255 8.35
74.900380 8.35
74.911255 8.35
74.941505 8.35
74.952380 8.35
74.982910 8.35
74.999022 8.35
75.024256 8.35
75.040131 8.35
75.065381 8.35
75.076256 8.35
75.111787 8.35
75.127775 8.35
75.153147 8.35
75.163900 8.35
75.194382 8.35
75.205132 8.35
75.235508 8.35
75.246258 8.35
75.276910 8.35
75.292786 8.35
75.318258 8.35
75.334258 8.35
75.359383 8.35
75.370258 8.35
75.405787 8.35
75.421774 8.35
75.447151 8.35
75.457900 8.35
75.488384 8.35
75.499134 8.35
75.529510 8.35
75.540259 6.36
75.570915 8.35
75.587027 8.35
75.612260 8.70
75.628136 8.70
75.653386 8.35
75.664136 8.35
75.699779 8.35
75.715778 8.35
75.741154 8.35
75.753654 8.35
75.782386 8.35
75.793137 8.35
75.825280 8.35
75.836154 8.35
75.871791 8.35
75.887779 8.35
75.913137 8.35
75.925639 8.35
75.954263 8.35
75.970138 8.35
75.995388 8.35
76.006138 8.35
76.041781 8.35
76.057782 8.35
76.083154 8.35
76.095641 8.35
76.124389 8.35
76.135264 8.35
76.170793 8.35
76.186782 8.35
76.212155 8.35
76.224641 8.35
76.253141 8.35
76.265642 8.35
76.294266 8.35
76.310141 8.35
76.335391 8.35
76.346266 8.35
76.378143 8.35
76.388908 8.35
76.419267 8.35
76.435141 8.35
76.460392 8.35
76.471267 8.35
76.506797 8.35
76.522784 8.35
76.548159 8.35
76.560517 8.35
76.589143 8.35
76.601518 8.35
76.630268 8.35
76.646143 8.35
76.671393 8.35
76.682269 8.35
76.717646 8.35
76.733645 8.35
76.759160 8.35
76.775162 8.35
76.800394 8.35
76.811145 8.35
76.846787 8.35
76.862648 8.35
76.888163 8.35
76.904163 8.35
76.929146 8.35
76.945271 7.69
76.970271 8.35
76.986271 8.35
77.011396 8.35
77.022146 8.35
77.057789 8.35
77.073789 8.35
77.099163 8.35
77.115165 8.35
77.140147 8.35
77.156147 8.35
77.181272 8.35
77.197148 8.35
77.222397 8.35
77.233272 8.35
77.268790 8.35
77.284788 8.35
77.310163 8.35
77.326165 8.35
77.351274 8.35
77.367149 8.35
77.392399 8.35
77.403274 8.35
77.438650 8.35
77.454651 8.35
77.480165 8.35
77.496165 8.35
77.521400 8.35
77.532275 8.35
77.567791 8.35
77.583654 8.35
77.609167 8.35
77.625165 8.35
77.650151 8.35
77.666276 8.35
77.691151 8.35
77.707151 8.35
77.732152 8.35
77.748152 8.35
77.773277 8.35
77.789152 8.35
77.814402 8.35
77.825278 8.35
77.860796 8.35
77.876795 8.35
77.902168 8.35
77.918278 8.35
77.943278 8.35
77.959153 8.35
77.984404 8.35
77.995153 8.35
78.030794 8.35
78.046655 8.35
78.072279 8.35
78.088155 8.35
78.113405 8.35
78.124155 8.35
78.159655 8.35
78.175656 8.35
78.201172 8.35
78.217172 8.35
78.242405 8.35
78.253155 8.35
78.288798 8.35
78.304660 8.35
78.330174 7.69
78.346174 8.35
78.371156 8.35
78.387282 8.35
78.412157 8.35
78.428157 8.35
78.453157 8.35
78.469157 8.35
78.494282 8.35
78.510158 8.35
78.537159 8.35
78.547924 8.35
78.578158 8.35
78.594158 8.35
78.619283 8.35
78.635158 8.35
78.662159 8.35
78.672926 8.35
78.703284 8.35
78.719159 8.35
78.746160 8.35
78.756927 8.35
78.787160 8.35
78.803160 8.35
78.828285 8.35
78.839160 8.35
78.871162 8.35
78.881927 8.35
78.912160 8.35
78.928177 8.35
78.953286 8.35
78.964161 8.35
78.996190 8.35
79.007054 8.35
79.039193 8.35
79.050055 8.35
79.082193 8.35
79.093052 8.35
79.128537 8.35
79.139412 8.35
79.170055 8.35
79.182412 8.35
79.211288 8.35
79.222163 8.35
79.254057 8.35
79.265056 8.35
79.295288 8.35
79.306163 8.35
79.341539 8.35
79.352414 8.35
79.383054 8.35
79.398931 8.35
79.424179 8.35
79.440165 8.35
79.465290 8.35
79.476165 8.35
79.511540 8.35
79.522415 8.35
79.552944 8.35
79.563817 8.35
79.594291 8.35
79.605059 8.35
79.640541 8.35
79.651291 8.35
79.681945 8.35
79.692667 8.35
79.723292 7.69
79.734057 8.35
79.769542 8.35
79.780292 8.35
79.811058 8.35
79.827061 8.35
79.852168 8.35
79.862935 8.35
79.893168 8.35
79.904059 8.35
79.934294 8.35
79.945061 8.35
79.980543 8.35
79.991294 8.35
80.021938 8.35
80.032669 8.35
80.063062 8.35
80.078937 8.35
80.104170 8.35
80.114937 8.35
80.145295 8.35
80.156063 8.35
80.191545 8.35
80.202420 8.35
80.232947 8.35
80.243671 8.35
80.274296 8.35
80.285064 8.35
80.320547 8.35
80.344951 8.35
80.355826 8.35
80.386172 8.35
80.396937 8.35
80.427297 8.35
80.438065 8.35
80.473548 8.35
80.484298 8.35
80.514941 8.35
80.525828 8.35
80.556298 8.35
80.567065 8.35
80.602548 8.35
80.613299 8.35
80.643942 8.35
80.654829 8.35
80.685299 8.35
80.696066 8.35
80.731557 8.35
80.742425 8.35
80.772953 8.35
80.783828 8.35
80.814300 8.35
80.825067 8.35
80.860557 8.35
80.871300 8.35
80.901941 8.35
80.912676 8.35
80.943301 8.35
80.954052 8.35
80.984676 8.35
81.000560 8.35
81.025953 8.35
81.036677 8.35
81.067177 8.35
81.077944 8.35
81.108302 8.35
81.119178 7.69
81.154561 8.35
81.165428 8.35
81.195832 8.35
81.206707 8.35
81.237178 8.35
81.253179 8.35
81.278304 8.35
81.289071 8.35
81.324563 8.35
81.337055 8.35
81.366070 8.35
81.382070 8.35
81.407180 8.35
81.418071 8.35
81.448305 8.35
81.459180 8.35
81.494559 8.35
81.510560 8.35
81.536073 8.35
81.552073 8.35
81.577181 8.35
81.588074 8.35
81.618182 8.35
81.629073 8.35
81.659307 8.35
81.670072 8.35
81.705559 8.35
81.721559 8.35
81.747074 8.35
81.763075 8.35
81.788183 8.35
81.799076 8.35
81.829183 8.35
81.840074 8.35
81.870308 8.35
81.881075 8.35
81.916562 8.35
81.941075 8.35
81.970562 8.35
81.986562 8.35
82.011836 8.35
82.022713 8.35
82.053185 8.35
82.064076 8.35
82.094310 8.35
82.105076 8.35
82.140568 8.35
82.165077 8.35
82.194565 8.35
82.210568 8.35
82.236078 8.35
82.252078 8.35
82.277187 8.35
82.288077 8.35
82.318312 8.35
82.329077 8.35
82.364568 8.35
82.389079 8.35
82.418566 8.35
82.434567 8.35
82.459841 8.35
82.470565 8.35
82.501188 8.35
82.512081 7.37
82.542313 8.35
82.553189 8.35
82.588567 8.35
82.613082 8.35
82.642566 8.35
82.658567 8.35
82.684081 8.35
82.700083 8.35
82.725190 8.35
82.736082 8.35
82.766315 8.35
82.777082 8.35
82.812573 8.35
82.823566 8.35
82.854083 8.35
82.870084 8.35
82.895192 8.35
82.906083 8.35
82.936317 8.35
82.947192 8.35
82.982571 8.35
82.998571 8.35
83.024085 8.35
83.040084 8.35
83.065317 8.35
83.076085 8.35
83.111569 8.35
83.127573 8.35
83.152845 8.35
83.163720 8.35
83.194194 8.35
83.205085 8.35
83.235319 8.35
83.246194 8.35
83.281574 8.35
83.292570 8.35
83.323086 8.35
83.339085 8.35
83.364070 8.35
83.374835 8.35
83.405195 8.35
83.416086 8.35
83.446320 8.35
83.457071 8.35
83.492572 8.35
83.508572 8.35
83.534089 8.35
83.550088 8.35
83.575071 8.35
83.585836 8.35
83.616197 8.35
83.627087 8.35
83.662447 8.35
83.678447 8.35
83.706726 8.35
83.717601 8.35
83.748089 8.35
83.764090 8.35
83.789088 8.35
83.799965 8.35
83.835448 8.35
83.851449 8.35
83.876727 8.35
83.887575 8.35
83.918199 7.69
83.929092 8.35
83.959199 8.35
83.970075 8.35
84.001951 8.35
84.012852 8.35
84.043200 8.35
84.054093 8.35
84.085952 8.35
84.096854 8.35
84.127201 8.35
84.138094 8.35
84.169952 8.35
84.180854 8.35
84.211201 8.35
84.222092 8.35
84.253953 8.35
84.264856 8.35
84.295202 8.35
84.306094 8.35
84.337954 8.35
84.348856 8.35
84.379203 8.35
84.390093 8.35
84.421954 8.35
84.432730 8.35
84.463095 8.35
84.473846 8.35
84.505955 8.35
84.516856 8.35
84.547096 8.35
84.557846 8.35
84.593329 8.35
84.604204 8.35
84.634455 8.35
84.646956 8.35
84.675734 8.35
84.686581 8.35
84.717205 8.35
84.728098 8.35
84.763331 8.35
84.774206 8.35
84.804456 8.35
84.816832 8.35
84.845735 8.35
84.856583 8.35
84.887206 8.35
84.898099 8.35
84.933332 8.35
84.944207 8.35
84.974457 8.35
84.986833 8.35
85.015737 8.35
85.026584 8.35
85.057083 8.35
85.067862 8.35
85.098208 8.35
85.109083 8.35
85.144333 8.35
85.155083 8.35
85.185458 8.35
85.201334 8.35
85.226738 8.35
85.237585 8.35
85.268209 8.35
85.279102 8.35
85.314460 7.37
85.330459 8.35
85.355863 8.35
85.371852 8.35
85.397211 8.35
85.408103 8.35
85.443587 8.35
85.454461 8.35
85.485104 8.35
85.495854 8.35
85.531336 8.35
85.542086 8.35
85.572461 8.35
85.588462 8.35
85.613741 8.35
85.624588 8.35
85.655212 8.35
85.666104 8.35
85.701337 8.35
85.712088 8.35
85.742463 8.35
85.758338 8.35
85.783744 8.35
85.794590 8.35
85.825213 8.35
85.836106 8.35
85.871339 8.35
85.882214 8.35
85.912464 8.35
85.928464 8.35
85.953741 8.35
85.964464 8.35
85.995107 8.35
86.005858 8.35
86.041340 8.35
86.052215 8.35
86.082466 8.35
86.098466 8.35
86.123743 8.35
86.134466 8.35
86.165109 8.35
86.175858 8.35
86.211466 8.35
86.227341 8.35
86.252870 8.35
86.269217 8.35
86.294217 8.35
86.305109 8.35
86.340342 8.35
86.351093 8.35
86.381468 8.35
86.397343 8.35
86.422872 8.35
86.438870 8.35
86.464219 8.35
86.475094 8.35
86.510344 8.35
86.521219 8.35
86.551469 8.35
86.567469 8.35
86.592747 8.35
86.603595 8.35
86.635846 8.35
86.646750 8.35
86.677220 8.35
86.688112 6.36
86.723345 8.35
86.734096 8.35
86.764471 8.35
86.780346 8.35
86.805749 8.35
86.818221 8.35
86.847222 8.35
86.858112 8.35
86.893472 8.35
86.909472 8.35
86.934752 8.35
86.947347 8.35
86.976116 8.35
86.986989 8.35
87.022348 8.35
87.034879 8.35
87.063473 8.35
87.079473 8.35
87.104750 8.35
87.117223 8.35
87.147867 8.35
87.158752 8.35
87.190850 8.35
87.201617 8.35
87.232116 8.35
87.242867 8.35
87.278349 8.35
87.290851 8.35
87.319475 8.35
87.330350 8.35
87.360743 8.35
87.373225 8.35
87.403870 8.35
87.414619 8.35
87.446867 8.35
87.457726 8.35
87.489853 8.35
87.500603 8.35
87.532853 8.35
87.543727 8.35
87.575882 8.35
87.586633 8.35
87.618883 8.35
87.629727 8.35
87.661759 8.35
87.672634 8.35
87.703120 8.35
87.713995 8.35
87.749353 8.35
87.761759 8.35
87.790478 8.35
87.801353 8.35
87.831995 8.35
87.842997 8.35
87.878479 8.35
87.889479 8.35
87.919729 8.35
87.932105 8.35
87.961121 8.35
87.971873 8.35
88.002230 8.35
88.013105 8.35
88.048356 8.35
88.060732 8.35
88.089607 6.68
88.100481 8.35
88.130885 8.35
88.141731 8.35
88.177232 8.35
88.188107 8.35
88.218232 8.35
88.229107 8.35
88.259233 8.35
88.270107 8.35
88.300232 8.35
88.311108 8.35
88.341233 8.35
88.352108 8.35
88.382233 8.35
88.393108 8.35
88.423233 8.35
88.434109 8.35
88.464234 8.35
88.475109 8.35
88.505234 8.35
88.516109 8.35
88.546234 8.35
88.557109 8.35
88.587235 8.35
88.598110 8.35
88.628235 8.35
88.639110 8.35
88.669235 8.35
88.680111 8.35
88.710236 8.35
88.721111 8.35
88.751236 8.35
88.762111 8.35
88.792236 8.35
88.803112 8.35
88.833236 8.35
88.844112 8.35
88.874237 8.35
88.885112 8.35
88.915237 8.35
88.926112 8.35
88.956237 8.35
88.967113 8.35
88.997238 8.35
89.008113 8.35
89.038238 8.35
89.049113 8.35
89.079239 8.35
89.090114 8.35
89.120364 8.35
89.136364 8.35
89.161617 8.35
89.172489 8.35
89.203131 8.35
89.213881 8.35
89.244365 8.35
89.260365 8.35
89.285616 8.35
89.296490 8.35
89.327130 8.35
89.337881 8.35
89.368366 8.35
89.384366 8.35
89.409618 8.35
89.420491 8.35
89.451133 8.35
89.461883 8.35
89.497491 7.69
89.508366 8.35
89.538896 8.35
89.549742 8.35
89.585367 8.35
89.601367 8.35
89.626619 8.35
89.637493 8.35
89.667896 8.35
89.678769 8.35
89.714493 8.35
89.725243 8.35
89.755898 8.35
89.766759 8.35
89.802244 8.35
89.813119 8.35
89.843369 8.35
89.859245 8.35
89.887621 8.35
89.898495 8.35
89.930746 8.35
89.941622 8.35
89.973747 8.35
89.984622 8.35
90.016747 8.35
90.027622 8.35
90.058138 8.35
90.068887 8.35
90.099371 8.35
90.115497 8.35
90.140623 8.35
90.153247 8.35
90.183749 8.35
90.194623 8.35
90.226750 8.35
90.237624 8.35
90.269749 8.35
90.280624 8.35
90.312750 8.35
90.323624 8.35
90.355750 8.35
90.366624 8.35
90.398750 8.35
90.409625 8.35
90.441751 8.35
90.452625 8.35
90.484766 8.35
90.495653 8.35
90.531499 8.35
90.542375 8.35
90.572904 8.35
90.583750 8.35
90.619375 8.35
90.635501 8.35
90.660642 8.35
90.673143 8.35
90.701904 8.35
90.712770 8.35
90.748376 8.35
90.764502 8.35
90.789502 8.35
90.800377 8.35
90.830904 8.35
90.841769 8.35
90.872513 1.38
90.883510 4.68
90.914036 4.68
90.925038 4.68
90.955680 4.68
90.971805 4.68
91.002381 4.68
91.013255 4.68
91.043794 4.68
91.054647 4.68
91.090379 4.68
91.101254 4.68
91.131781 4.68
91.142505 4.68
91.178380 4.68
91.189129 4.68
91.219632 4.68
91.235770 4.68
91.260908 4.34
91.271772 4.68
91.302131 4.68
91.312897 4.68
91.343397 4.34
91.354392 4.34
91.385041 4.68
91.396037 4.34
91.426385 4.68
91.437260 4.68
91.467945 4.68
91.478803 4.68
91.509259 4.68
91.525398 4.68
91.553832 4.68
