0.000000 0.000000
0.042104 4.34
0.058337 4.34
0.089033 4.34
0.105342 2.66
0.133854 2.34
0.144854 2.66
0.175469 2.66
0.188146 2.66
0.217106 2.66
0.233335 2.34
0.263992 2.66
0.276594 2.66
0.305456 2.66
0.316456 2.66
0.346856 2.66
0.357704 2.66
0.388093 2.66
0.403969 2.66
0.429095 2.66
0.444970 2.66
0.470094 2.66
0.485970 2.66
0.511093 2.66
0.526970 2.66
0.552095 2.66
0.581587 2.66
0.592330 2.66
0.622981 2.66
0.633705 2.66
0.664331 2.66
0.675096 2.66
0.710584 2.66
0.726588 2.34
0.752024 2.66
0.764601 2.34
0.798858 2.66
0.809883 2.66
0.842154 2.66
0.853109 2.66
0.883787 2.66
0.894890 2.66
0.925361 2.66
0.936348 2.66
0.967131 2.66
0.983473 4.02
1.008769 4.02
1.019754 4.34
1.050339 4.02
1.061213 4.34
1.091868 4.34
1.102743 4.34
1.133211 4.02
1.149210 4.34
1.174209 4.02
1.185099 4.34
1.215210 4.34
1.226099 4.34
1.256210 4.02
1.267100 4.34
1.297210 4.02
1.308100 4.34
1.338210 4.34
1.349100 4.34
1.379210 4.34
1.390101 4.34
1.420360 4.02
1.431352 4.34
1.461992 4.34
1.478352 4.34
1.508888 4.34
1.519888 4.34
1.552162 4.34
1.563131 4.34
1.598886 4.34
1.609886 4.34
1.645788 4.34
1.656850 4.34
1.687346 4.34
1.698347 4.34
1.728987 4.34
1.745218 4.34
1.773595 4.34
1.789595 4.34
1.815109 4.34
1.831106 4.34
1.856340 4.34
1.867106 4.34
1.902592 4.34
1.918592 4.34
1.943870 4.34
1.954742 4.34
1.985215 4.34
1.996107 4.34
2.026340 4.34
2.037116 4.34
2.072592 4.34
2.088591 4.34
2.116872 4.68
2.127746 4.34
2.163775 4.34
2.174774 4.34
2.205348 4.34
2.216348 4.34
2.246884 4.68
2.263113 4.68
2.288220 4.68
2.299109 5.00
2.334596 5.00
2.346970 5.00
2.375601 5.35
2.387976 5.35
2.416723 5.35
2.427472 5.35
2.457721 5.35
2.468470 5.35
2.498720 5.35
2.509469 5.35
2.539719 5.35
2.555595 5.35
2.580718 5.35
2.596595 5.35
2.621718 5.35
2.632468 5.35
2.663001 5.35
2.679231 5.35
2.709854 5.35
2.720773 5.69
2.756755 5.35
2.767610 5.35
2.798224 5.35
2.809113 5.69
2.844604 5.69
2.860634 5.35
2.885988 5.35
2.901987 5.35
2.927221 5.35
2.938110 5.35
2.968783 5.35
2.979773 5.69
3.009976 5.69
3.025852 5.69
3.050975 5.69
3.066849 6.01
3.091974 5.69
3.107849 5.69
3.132973 6.01
3.148848 6.01
3.173973 5.69
3.189847 5.69
3.214973 5.69
3.230848 6.01
3.255973 6.01
3.271848 5.69
3.296973 6.01
3.313145 6.01
3.343860 6.01
3.354768 5.69
3.390763 6.01
3.401612 6.01
3.432229 6.01
3.443119 6.01
3.473636 6.01
3.489639 5.69
3.515119 6.01
3.531116 6.01
3.556116 5.69
3.566992 6.01
3.602637 6.01
3.613618 6.01
3.644237 6.01
3.655234 6.01
3.685768 6.01
3.696616 5.69
3.727122 6.01
3.743122 5.69
3.773641 6.01
3.789658 5.69
3.814996 6.01
3.830996 5.69
3.856104 6.01
3.866995 6.01
3.897244 5.69
3.908240 6.01
3.938781 5.69
3.949779 6.01
3.982041 6.01
3.993013 12.32
4.028860 6.01
4.041485 6.01
4.075655 12.32
4.091644 6.01
4.117124 6.36
4.133123 6.01
4.163633 12.32
4.179636 0.05
4.204994 6.01
4.220994 6.01
4.246230 6.01
4.257251 6.01
4.287791 6.36
4.298670 12.32
4.329237 6.36
4.340111 0.05
4.370769 0.05
4.381648 6.01
4.412124 6.01
4.423002 6.01
4.458483 12.32
4.474483 12.32
4.500000 0.05
4.516001 6.01
4.541125 6.36
4.552123 0.05
4.582643 12.32
4.593641 12.32
4.624135 6.36
4.635131 6.01
4.665653 6.01
4.676487 6.01
4.707001 6.01
4.723131 0.05
4.748127 12.32
4.759003 6.01
4.794485 6.01
4.810485 6.01
4.835762 6.01
4.846812 12.32
4.882912 6.01
4.899135 6.36
4.929768 12.32
4.940670 6.36
4.976490 6.36
4.992650 6.36
5.017770 6.36
5.028631 6.36
5.059238 6.36
5.070129 6.36
5.105362 6.36
5.116237 6.36
5.146488 6.36
5.162487 6.36
5.187766 6.36
5.198614 6.36
5.234629 6.36
5.245627 6.36
5.276247 6.36
5.287246 6.36
5.317622 6.36
5.328494 6.36
5.359243 6.36
5.370117 6.36
5.400629 6.36
5.411491 6.36
5.442131 6.36
5.452879 6.36
5.483115 6.36
5.493881 6.36
5.529641 6.36
5.540628 6.36
5.572876 6.36
5.583872 6.36
5.619781 6.36
5.630622 6.36
5.661136 6.36
5.671886 6.36
5.702493 6.36
5.718493 6.36
5.743773 6.36
5.754492 6.36
5.785133 6.36
5.795885 6.36
5.826242 6.36
5.837286 6.36
5.867878 6.36
5.884042 6.36
5.914784 6.36
5.927374 6.36
5.961497 6.36
5.977653 6.36
6.003136 6.36
6.014009 6.36
6.044649 6.36
6.055494 6.36
6.086133 6.36
6.097007 6.36
6.127245 6.36
6.138135 6.36
6.173496 6.36
6.189495 6.36
6.214774 6.36
6.225495 6.36
6.256138 6.36
6.267013 6.36
6.302496 6.36
6.318496 6.36
6.343651 6.36
6.354496 6.36
6.385012 6.36
6.401013 6.36
6.426138 6.36
6.437014 6.36
6.472670 6.36
6.483502 6.36
6.514251 6.36
6.525145 6.36
6.555656 6.36
6.566499 6.36
6.597014 6.36
6.613015 6.36
6.638140 6.36
6.649014 6.36
6.684374 6.36
6.695124 6.36
6.725499 6.36
6.741499 6.36
6.766914 6.36
6.783155 6.36
6.813678 6.36
6.824502 6.36
6.856918 6.36
6.867880 6.36
6.903503 6.36
6.914503 6.36
6.945142 6.36
6.956020 6.36
6.991501 6.36
7.007501 6.36
7.032778 6.36
7.045251 6.36
7.077516 6.36
7.088514 6.36
7.119263 6.36
7.135714 6.36
7.160877 6.36
7.177031 6.36
7.207675 6.36
7.218508 6.36
7.249148 6.36
7.260024 6.36
7.290666 6.36
7.301505 6.36
7.332022 6.36
7.342754 6.36
7.378504 6.36
7.389378 6.36
7.419895 6.36
7.436161 6.36
7.461729 6.36
7.472682 6.36
7.508734 6.36
7.519681 6.36
7.555510 6.36
7.566507 6.36
7.597154 6.36
7.608030 6.36
7.638670 6.36
7.649509 6.36
7.680149 6.36
7.691024 6.36
7.721507 6.36
7.732382 6.36
7.762662 6.36
7.773506 6.36
7.804025 6.36
7.814757 6.36
7.846786 6.36
7.857662 6.36
7.889786 6.36
7.900661 6.36
7.931149 6.36
7.942023 6.36
7.977258 6.36
7.988151 6.36
8.023383 6.36
8.035759 6.36
8.064634 6.36
8.075508 6.36
8.105910 6.36
8.121759 6.36
8.152384 6.36
8.168259 6.36
8.193509 6.36
8.204259 6.36
8.234759 6.36
8.247260 6.36
8.276152 6.36
8.286903 6.36
8.317260 6.36
8.328135 6.36
8.358260 6.36
8.369136 6.36
8.399260 6.36
8.410136 6.36
8.440261 6.36
8.451026 6.36
8.481261 6.36
8.492137 6.36
8.522262 6.36
8.533137 6.36
8.563262 6.36
8.574137 6.36
8.604262 6.36
8.615027 6.36
8.645262 6.36
8.656137 6.36
8.686263 6.36
8.697153 6.36
8.727263 6.36
8.738138 6.36
8.768263 6.36
8.779139 6.36
8.809264 6.36
8.820139 6.36
8.850264 6.36
8.861139 6.36
8.891389 6.36
8.907264 6.36
8.932514 6.36
8.943265 6.36
8.973918 6.36
8.984765 6.36
9.020390 6.36
9.036390 6.36
9.061516 6.36
9.072390 6.36
9.102919 6.36
9.113642 6.36
9.149516 6.36
9.160391 6.36
9.190918 6.36
9.201643 6.36
9.237517 6.36
9.248392 6.36
9.279035 6.36
9.289767 6.36
9.325517 6.36
9.336268 6.36
9.367036 6.36
9.378035 6.36
9.408393 6.36
9.424268 6.36
9.449519 6.36
9.460393 6.36
9.490797 6.36
9.506669 6.36
9.537518 6.36
9.548393 6.36
9.578923 6.36
9.589788 6.36
9.625394 6.36
9.641395 6.36
9.666520 6.36
9.677269 6.36
9.707924 6.36
9.718788 6.36
9.754520 6.36
9.765271 6.36
9.795924 6.36
9.806786 6.36
9.842396 6.36
9.858521 6.36
9.883521 6.36
9.894271 6.36
9.924924 6.36
9.935648 6.36
9.971522 6.36
9.982397 6.36
10.012925 6.68
10.023790 6.68
10.059398 6.68
10.075398 7.02
10.100523 6.36
10.111398 7.02
10.141927 6.36
10.152788 6.68
10.188274 6.36
10.200775 6.68
10.229399 7.02
10.245524 6.68
10.270650 7.02
10.283274 6.36
10.313776 7.02
10.324650 6.36
10.354926 6.68
10.365789 6.68
10.401525 6.68
10.412400 7.02
10.442929 6.68
10.453791 7.02
10.489401 6.36
10.505275 6.68
10.530653 7.02
10.543168 6.68
10.571928 7.02
10.582653 6.68
10.618526 4.68
10.629401 4.34
10.659931 4.68
10.670796 4.34
10.706402 4.34
10.722277 4.68
10.747654 4.68
10.760170 4.34
10.788930 4.34
10.799654 4.68
10.830278 4.34
10.842655 4.34
10.871403 4.34
10.887529 4.34
10.912528 4.34
10.923404 4.34
10.954066 4.34
10.965063 4.34
10.995665 4.34
11.011928 4.34
11.042534 4.34
11.053534 4.34
11.083941 4.34
11.094802 4.34
11.125282 4.34
11.137658 4.34
11.166531 4.34
11.177406 4.34
11.207934 4.34
11.218921 4.34
11.249281 4.34
11.265281 4.34
11.290406 4.34
11.301156 4.34
11.331658 4.34
11.347810 4.34
11.378407 4.34
11.389157 4.34
11.419676 4.34
11.435810 4.34
11.466408 4.34
11.477282 4.34
11.507659 4.34
11.523810 4.34
11.549052 4.34
11.559925 4.34
11.590159 4.34
11.601085 4.34
11.631841 4.34
11.648187 4.34
11.673415 4.34
11.684415 4.34
11.714807 4.34
11.725665 4.34
11.761412 4.34
11.772287 4.34
11.802815 4.34
11.813663 4.34
11.844286 4.34
11.860411 4.34
11.885411 4.34
11.896286 4.34
11.926662 4.34
11.942663 4.34
11.967940 4.34
11.978814 4.34
12.009162 4.34
12.019929 4.34
12.050162 4.34
12.060928 4.34
12.091287 4.34
12.107412 4.34
12.132412 4.34
12.143287 4.34
12.173664 4.34
12.189816 4.34
12.214943 4.34
12.225816 4.34
12.256288 4.34
12.272414 4.34
12.297413 4.34
12.308289 4.34
12.338666 4.34
12.354788 4.34
12.379816 4.34
12.390539 4.34
12.426290 4.34
12.442415 4.34
12.467415 4.34
12.478290 4.34
12.508540 4.34
12.519290 4.34
12.555428 4.34
