0.000000 0.000000
0.042003 4.02
0.053082 4.34
0.083186 4.02
0.093953 4.34
0.124847 2.66
0.141080 2.34
0.166707 2.34
0.183134 2.34
0.213566 2.34
0.224564 2.34
0.254812 2.34
0.265559 2.34
0.295810 2.34
0.306557 2.34
0.336807 2.34
0.347556 2.34
0.377807 2.34
0.388555 2.34
0.424432 2.34
0.435319 2.34
0.465431 2.34
0.476306 2.34
0.506432 2.34
0.517307 2.34
0.547431 2.34
0.558307 2.34
0.588433 2.34
0.599307 2.34
0.629432 2.34
0.640307 2.34
0.670432 2.34
0.681308 2.34
0.711433 2.34
0.722308 2.34
0.752433 2.34
0.763309 2.34
0.795762 2.34
0.806882 2.34
0.842568 2.34
0.853448 2.34
0.884451 2.34
0.895587 2.34
0.926088 2.34
0.937083 2.34
0.968139 2.34
0.984454 3.33
1.009699 4.02
1.025987 4.02
1.056567 4.02
1.067567 4.02
1.098065 4.02
1.108849 4.02
1.139331 4.02
1.155439 4.02
1.180688 4.02
1.196841 4.02
1.230562 4.02
1.241311 4.02
1.271687 4.02
1.287839 4.02
1.321562 4.02
1.332312 4.02
1.362840 4.02
1.373688 4.02
1.409204 4.02
1.419937 4.02
1.450579 4.02
1.463223 4.34
1.492454 4.34
1.503576 4.02
1.533948 4.02
1.546775 4.02
1.575575 4.02
1.591885 4.02
1.622447 4.34
1.633446 4.34
1.665730 4.34
1.676717 4.34
1.707358 4.68
1.718343 4.34
1.748987 4.68
1.759862 4.68
1.790570 4.68
1.803211 4.68
1.833604 4.34
1.844318 4.68
1.880443 4.68
1.891331 4.34
1.921442 4.34
1.932317 4.34
1.962567 4.68
1.975102 4.68
2.009452 4.68
2.020451 4.68
2.052583 4.68
2.063323 4.68
2.099447 4.68
2.110340 4.68
2.140853 4.68
2.151695 4.68
2.182337 4.68
2.198445 4.68
2.223570 4.68
2.235944 4.68
2.264820 4.68
2.275694 4.68
2.306459 4.68
2.317457 4.68
2.353329 5.00
2.364328 5.00
2.394827 4.68
2.405700 4.68
2.436092 4.68
2.448579 5.00
2.477448 5.00
2.488323 5.00
2.518697 4.68
2.529447 5.00
2.565339 4.68
2.576089 4.68
2.607019 5.00
2.617830 5.00
2.648576 4.68
2.664576 5.00
2.695450 4.68
2.706342 4.68
2.736699 5.00
2.747574 4.68
2.783339 5.00
2.794091 5.00
2.824573 5.00
2.840573 5.00
2.865825 5.00
2.876699 5.00
2.907339 5.00
2.918092 5.00
2.948574 5.00
2.964457 4.68
2.995224 5.00
3.011222 5.00
3.036453 5.00
3.047328 5.00
3.077701 5.00
3.088576 5.00
3.124343 4.68
3.135216 5.00
3.165576 5.00
3.181450 5.00
3.206827 5.00
3.217701 5.00
3.248341 5.00
3.259102 5.00
3.289833 5.00
3.300843 4.68
3.331463 5.00
3.342462 4.68
3.378352 5.00
3.389352 5.00
3.419833 5.00
3.430706 5.00
3.461348 5.00
3.472098 5.00
3.502704 5.00
3.513579 4.68
3.544347 5.00
3.555096 5.00
3.585579 5.00
3.601578 5.00
3.632354 5.00
3.643353 5.00
3.673834 5.00
3.684708 4.68
3.715097 5.00
3.731224 5.00
3.756457 5.00
3.767331 5.00
3.797581 5.00
3.813580 5.00
3.838831 5.00
3.849705 5.00
3.880108 5.00
3.890832 5.00
3.921331 5.00
3.932232 5.00
3.962954 5.00
3.973836 5.00
4.004116 5.00
4.020225 5.00
4.045458 5.00
4.056333 5.00
4.086707 5.00
4.097458 5.00
4.133350 5.00
4.144101 5.00
4.174583 5.00
4.190583 5.00
4.217592 5.00
4.228333 5.00
4.260610 5.00
4.271609 5.00
4.302281 5.00
4.313243 5.00
4.343843 5.00
4.354842 4.68
4.385357 5.00
4.396109 5.00
4.428600 5.00
4.439462 5.00
4.475228 5.00
4.491229 5.00
4.516336 5.00
4.527101 5.00
4.557461 5.00
4.569990 5.00
4.598907 5.00
4.609887 5.00
4.640601 4.68
4.656848 5.00
4.682237 5.00
4.693237 5.00
4.723716 5.00
4.734592 5.00
4.765124 5.00
4.781233 5.00
4.806464 5.00
4.818839 5.00
4.847714 5.00
4.858463 5.00
4.889229 5.00
4.905230 5.00
4.930478 5.00
4.946727 5.00
4.977362 5.00
4.988111 5.00
5.018717 5.00
5.029591 5.00
5.060121 5.00
5.076231 5.00
5.101465 5.00
5.113840 5.00
5.142589 5.00
5.153340 5.00
5.185474 5.00
5.196355 5.00
5.226590 5.00
5.237465 5.00
5.272995 5.00
5.285486 5.00
5.314594 5.00
5.330594 4.68
5.361005 5.00
5.376985 4.68
5.402361 4.68
5.413114 4.68
5.443467 4.68
5.459342 4.68
5.484592 5.00
5.495467 5.00
5.530997 4.68
5.541717 4.68
5.572478 4.68
5.588731 5.00
5.613732 5.00
5.624726 5.00
5.655372 4.68
5.666349 5.00
5.702041 4.68
5.718241 5.00
5.743364 5.00
5.754363 5.00
5.784720 5.00
5.795595 4.68
5.826145 4.68
5.842236 5.00
5.867470 5.00
5.883470 5.00
5.908735 5.00
5.919732 5.00
5.950395 5.00
5.961358 5.00
5.997250 4.68
6.008248 5.00
6.038853 5.00
6.049727 5.00
6.080365 5.00
6.091115 5.00
6.121724 5.00
6.132598 5.00
6.163129 5.00
6.179003 5.00
6.204348 5.00
6.215114 5.00
6.245473 5.00
6.261348 5.35
6.286750 5.00
6.297736 5.00
6.328360 5.00
6.341045 5.00
6.375248 5.00
6.386249 5.00
6.416728 5.00
6.427603 5.00
6.458136 5.00
6.474242 5.00
6.499476 5.00
6.515475 5.00
6.540600 5.00
6.551475 5.00
6.587004 5.00
6.602991 5.00
6.628605 5.00
6.644729 5.00
6.675247 5.00
6.685994 5.00
6.716602 5.00
6.727477 5.00
6.763006 5.00
6.773726 5.00
6.804366 5.00
6.815118 5.00
6.845602 5.00
6.856352 5.00
6.892005 5.00
6.902727 5.00
6.935483 5.00
6.946373 5.00
6.977140 5.00
6.993363 4.68
7.018735 4.68
7.029734 5.00
7.060376 5.00
7.073021 5.00
7.103483 5.00
7.114374 4.68
7.145119 4.68
7.155995 5.00
7.186479 5.00
7.202480 4.68
7.227605 4.68
7.238354 4.68
7.274009 5.00
7.286480 5.00
7.315372 5.00
7.327885 4.68
7.356605 4.68
7.367480 4.68
7.402995 4.68
7.415481 5.00
7.444373 4.68
7.456871 4.68
7.485606 5.00
7.496481 4.68
7.532000 4.68
7.548011 4.68
7.573373 4.68
7.589372 4.68
7.614482 5.00
7.630357 5.00
7.655607 5.00
7.666357 5.00
7.702000 4.68
7.714388 4.68
7.743376 4.68
7.759373 4.68
7.784483 4.68
7.800358 4.68
7.825608 4.68
7.836483 4.68
7.871859 4.68
7.884388 4.68
7.913377 4.68
7.929376 5.00
7.954609 4.68
7.965359 4.68
8.000999 4.68
8.017003 4.68
8.042375 4.68
8.058360 5.00
8.083485 4.68
8.099360 5.00
8.124610 4.68
8.135485 4.68
8.171003 5.00
8.187003 4.68
8.212376 5.00
8.228378 4.68
8.253486 5.00
8.269362 4.68
8.294611 4.68
8.305362 4.68
8.340879 4.68
8.356879 4.68
8.382380 4.68
8.398380 4.68
8.423613 4.68
8.434362 4.68
8.470006 4.68
8.486006 4.68
8.511382 5.00
8.527363 4.68
8.552489 4.68
8.568363 5.00
8.593614 4.68
8.604489 4.68
8.640007 4.68
8.656007 4.68
8.681381 4.68
8.697364 4.68
8.722490 4.68
8.738364 4.68
8.763615 4.34
8.774490 4.68
8.809866 4.34
8.825866 4.34
8.851383 4.68
8.867380 4.68
8.892616 4.68
8.903366 4.68
8.939009 4.68
8.954899 4.68
8.980383 4.68
8.996382 4.68
9.021367 4.34
9.037492 4.68
9.062367 4.68
9.078367 4.68
9.103367 4.34
9.119367 4.68
9.144493 4.68
9.160368 4.68
9.185618 4.34
9.196493 4.34
9.232010 4.34
9.248011 4.34
9.273385 4.68
9.289494 4.34
9.314494 4.34
9.330494 4.34
9.355619 4.68
9.366494 4.34
9.402011 4.68
9.418009 4.68
9.443384 4.34
9.459263 4.68
9.484370 4.68
9.500263 4.68
9.525370 4.68
9.541370 4.68
9.566496 4.68
9.582371 4.34
9.607621 4.68
9.618371 4.34
9.654013 4.34
9.669871 4.34
9.695264 4.34
9.706015 4.68
9.736497 4.68
9.752372 4.68
9.779373 4.68
9.790137 4.68
9.820497 4.68
9.836373 4.68
9.863401 4.68
9.874139 4.68
9.906374 4.68
9.917140 4.68
9.947373 4.68
9.963264 4.68
9.988374 4.68
10.004265 4.68
10.029499 4.68
10.040264 4.68
10.072375 4.68
10.083142 4.68
10.113375 4.68
10.129374 4.68
10.154375 4.68
10.170267 4.68
10.195375 4.68
10.211266 4.68
10.236376 4.68
10.252267 4.68
10.277501 4.68
10.288266 4.68
10.323751 4.68
10.334501 4.68
10.365155 4.68
10.375876 4.68
10.406502 4.68
10.417267 4.68
10.452752 4.68
10.477157 4.68
10.488029 4.68
10.518377 4.68
10.529142 5.00
10.559377 5.00
10.570143 4.68
10.600378 4.68
10.611145 4.68
10.641378 5.00
10.652145 4.68
10.682503 4.68
10.693270 4.68
10.728760 4.68
10.739504 4.68
10.770147 4.68
10.781033 4.68
10.811269 4.68
10.827144 4.68
10.852504 4.68
10.863271 4.68
10.898762 4.68
10.909505 4.68
10.940032 4.68
10.950880 4.68
10.981270 4.68
11.010763 4.68
11.021631 4.68
11.052161 4.68
11.062910 4.68
11.093381 4.68
11.104148 4.68
11.134506 4.68
11.145382 4.68
11.180764 4.68
11.205160 4.68
11.215910 4.68
11.246382 4.68
11.257149 4.68
11.287508 4.68
11.298383 4.68
11.333766 4.68
11.344633 4.68
11.375150 4.68
11.385913 5.00
11.416508 5.00
11.427275 4.68
11.462763 4.68
11.478763 4.68
11.504275 4.68
11.520276 4.68
11.545509 4.68
11.556384 4.68
11.591762 4.68
11.607762 4.68
11.633038 4.68
11.643762 4.68
11.674385 4.68
11.690510 4.68
11.715386 5.00
11.726277 4.68
11.756386 4.68
11.767276 4.68
11.797386 4.68
11.808279 4.68
11.838386 4.68
11.849279 4.68
11.879386 4.68
11.890280 4.68
11.920512 4.68
11.931277 4.68
11.966766 4.68
11.982766 4.68
12.008279 4.68
12.024281 4.68
12.049388 4.68
12.060280 4.68
12.090388 4.68
12.101280 4.68
12.131514 4.68
12.142281 4.68
12.177768 4.68
12.193768 4.68
12.219281 4.68
12.235282 4.68
12.260389 4.68
12.271282 4.68
12.301389 4.68
12.312282 4.68
12.342515 4.68
12.353280 4.68
12.388770 4.68
12.404769 4.68
12.430282 4.68
12.459641 4.68
12.470391 4.68
12.501044 4.68
12.511770 4.68
12.542409 4.68
12.558517 4.68
12.583517 4.68
12.594392 4.68
12.629772 4.68
12.654283 4.68
12.683770 4.68
12.699772 4.68
12.725285 4.68
12.741284 4.68
12.766393 4.68
12.777285 4.68
12.807518 4.68
12.818283 4.68
12.853772 4.68
12.878286 4.68
12.894394 4.68
12.919394 4.68
12.930286 4.68
12.960394 4.68
12.971286 4.68
13.001519 4.68
13.012287 4.68
13.047770 4.68
13.063778 4.68
13.089285 4.68
13.105287 4.68
13.130395 4.68
13.141288 4.68
13.171396 4.68
13.182287 4.68
13.212396 4.68
13.223286 4.68
13.253521 4.68
13.264397 4.68
13.299772 4.68
13.315776 4.68
13.341052 4.68
13.351924 4.68
13.382397 4.68
13.393287 4.68
13.423522 4.68
13.434398 4.68
13.469784 4.68
13.480774 4.68
13.511290 4.68
13.527292 4.68
13.552399 4.68
13.563291 4.68
13.593399 4.68
13.604290 4.68
13.634399 4.68
13.645274 5.00
13.675524 4.68
13.686274 5.00
13.721779 4.68
13.732775 4.68
13.763291 4.68
13.779293 4.68
13.804275 4.68
13.815042 5.00
13.845275 4.68
13.856042 4.68
13.886291 4.68
13.897042 4.68
13.927526 4.68
13.938401 4.68
13.973780 4.68
13.984777 4.68
14.015053 4.68
14.025778 4.68
14.056293 4.68
14.067044 4.68
14.097528 4.68
14.108277 4.68
14.143779 4.68
14.159778 4.68
14.185295 5.00
14.201293 4.68
14.226403 4.68
14.237293 4.68
14.267404 4.68
14.278278 4.68
14.308529 4.68
14.319279 5.00
14.354780 5.00
14.370780 5.00
14.396297 5.00
14.412295 4.68
14.437405 4.68
14.448297 4.68
14.478530 5.00
14.489405 4.68
14.524781 4.68
14.540784 4.68
14.566297 4.68
14.582297 5.00
14.607406 4.68
14.618280 5.00
14.648406 4.68
14.659281 5.00
14.689531 4.68
14.700281 4.68
14.735783 4.68
14.751782 5.00
14.777299 5.00
14.793299 5.00
14.818407 4.68
14.829282 5.00
14.859407 5.00
14.870282 5.00
14.900408 5.00
14.911283 4.68
14.941408 5.00
14.952283 5.00
14.984159 4.68
14.995063 5.00
15.025409 4.68
15.036302 5.00
15.068160 5.00
15.078938 5.00
15.114659 4.68
15.127160 5.00
15.155937 5.00
15.166659 5.00
15.197303 5.00
15.213301 4.68
15.238410 4.68
15.249285 5.00
15.281161 4.68
15.292063 5.00
15.322411 5.00
15.333301 5.00
15.363411 4.68
15.374286 5.00
15.406162 5.00
15.416941 4.68
15.447304 5.00
15.463412 4.68
15.488412 4.68
15.499287 4.68
15.531193 4.68
15.541942 4.68
15.577816 4.68
15.593818 5.00
15.619303 4.68
15.630180 5.00
15.665790 4.68
15.676663 4.68
15.707305 4.68
15.718054 5.00
15.750165 4.68
15.761066 4.68
15.791306 4.68
15.802057 4.68
15.834166 4.68
15.845067 4.68
15.875308 4.68
15.886056 4.68
15.918167 4.68
15.929068 5.00
15.959415 4.68
15.970308 4.68
16.005541 4.68
16.016416 4.68
16.046666 4.68
16.062666 4.68
16.087945 4.68
16.098792 4.68
16.129416 4.68
16.140309 5.00
16.175542 5.00
16.186417 5.00
16.216667 5.00
16.232542 5.00
16.257946 5.00
16.268794 5.00
16.299417 5.00
16.310309 4.68
16.345668 4.68
16.361668 4.68
16.386948 4.68
16.397669 4.68
16.428311 5.00
16.439061 5.00
16.474543 5.00
16.485294 4.68
16.515669 5.00
16.531669 5.00
16.556948 5.00
16.567823 5.00
16.598420 4.68
16.609312 5.00
16.644545 4.68
16.655420 4.68
16.685670 4.68
16.701671 5.00
16.727075 5.00
16.743072 4.68
16.768421 5.00
16.779312 5.00
16.814671 5.00
16.830546 5.00
16.855952 5.00
16.866797 4.68
16.897314 5.00
16.908065 4.68
16.943547 5.00
16.954297 5.00
16.984672 4.68
17.000673 4.68
17.026078 4.68
17.042077 4.68
17.067423 4.68
17.078314 4.68
17.113548 4.68
17.124299 4.68
17.154674 4.68
17.170674 4.68
17.195954 4.68
17.206799 4.68
17.237424 4.68
17.248316 4.68
17.283674 4.68
17.299550 4.68
17.324954 4.68
17.335801 4.68
17.366425 4.68
17.377315 4.68
17.412675 4.68
17.428550 4.68
17.453956 4.68
17.464802 4.68
17.495301 4.68
17.506067 4.68
17.536318 4.68
17.547068 4.68
17.582676 5.00
17.598552 4.68
17.623954 5.00
17.634676 5.00
17.665318 4.68
17.676067 4.68
17.706302 4.68
17.717075 4.68
17.747303 4.68
17.758069 4.68
17.788303 4.68
17.799068 4.68
17.829304 4.68
17.840070 4.68
17.870318 4.68
17.881072 4.68
17.916554 4.68
17.927304 5.00
17.957679 4.68
17.973680 5.00
17.998946 4.68
18.009680 5.00
18.040321 4.68
18.051073 4.68
18.086555 4.68
18.097305 4.68
18.128082 4.68
18.144072 4.68
18.171057 4.68
18.181931 4.68
18.212324 4.68
18.223073 5.00
18.258556 4.68
18.269306 4.68
18.299808 4.68
18.310682 4.68
18.341325 4.68
18.352075 4.68
18.387557 4.68
18.398307 4.68
18.428682 4.68
18.444558 4.68
18.470325 4.68
18.481075 4.68
18.516558 4.68
18.529089 4.68
18.557809 4.68
18.568683 4.68
18.599327 4.68
18.610074 4.68
18.645559 5.00
18.658060 5.00
18.689810 4.68
18.700684 4.68
18.731327 5.00
18.742078 4.68
18.777560 5.00
18.790061 5.00
18.818685 5.00
18.834560 5.00
18.859812 4.68
18.870686 4.68
18.901329 4.68
18.912076 5.00
18.947561 5.00
18.959937 4.68
18.988812 4.68
18.999687 4.68
19.030328 5.00
19.041080 4.68
19.072938 4.68
19.083687 4.68
19.114327 4.68
19.125079 4.68
19.156939 4.68
19.167813 4.68
19.198331 4.68
19.209078 4.68
19.240939 4.68
19.251814 4.68
19.282331 4.68
19.293080 4.68
19.328564 4.68
19.340940 4.68
19.369815 4.68
19.380689 4.68
19.411331 4.68
19.422081 4.68
19.452440 4.68
19.463315 4.68
19.493440 4.68
19.504315 4.68
19.534440 4.68
19.545334 4.68
19.575440 4.68
19.586315 4.68
19.616441 4.68
19.627316 4.68
19.657441 4.68
19.668316 4.68
19.698441 4.68
19.714566 4.68
19.739442 4.68
19.750317 4.68
19.780442 4.68
19.791317 4.68
19.821442 4.68
19.832317 4.68
19.862567 4.68
19.878443 4.68
19.903693 4.68
19.919693 4.68
19.948335 4.68
19.959086 4.68
19.989443 4.68
20.000318 4.68
20.030569 4.68
20.046569 4.68
20.071821 4.68
20.082694 4.68
20.113338 4.68
20.124087 4.68
20.154570 4.68
20.170570 5.00
20.195821 5.00
20.206695 4.68
20.237338 5.00
20.248088 4.68
20.278570 4.68
20.294571 4.68
20.319696 4.68
20.330445 4.68
20.361100 4.68
20.371946 4.68
20.407696 4.68
20.418447 4.68
20.449102 5.00
20.459965 5.00
20.495447 4.68
20.506322 4.68
20.536572 4.68
20.552447 4.68
20.577824 4.68
20.588698 4.68
20.619340 4.68
20.630089 4.68
20.665448 4.68
20.676323 4.68
20.706448 4.68
20.717324 4.68
20.747574 4.68
20.763574 4.68
20.788699 4.68
20.799574 4.68
20.830101 4.68
20.840825 4.68
20.876574 4.68
20.892699 4.68
20.917826 4.68
20.928700 4.68
20.960951 4.68
20.971826 4.68
21.002342 4.68
21.013091 4.68
21.043576 4.68
21.059451 4.68
21.084827 4.68
21.095701 5.00
21.126343 4.68
21.137091 4.68
21.167577 4.68
21.183702 4.68
21.208702 4.68
21.219577 4.68
21.250104 4.68
21.260828 4.68
21.296578 4.68
21.312453 5.00
21.337828 5.00
21.348703 4.68
21.380954 4.68
21.391829 4.68
21.423954 5.00
21.434830 5.00
21.466955 4.68
21.477830 4.68
21.509955 5.00
21.520830 4.68
21.556579 4.68
21.572455 4.68
21.597845 5.00
21.610455 5.00
21.640970 4.68
21.651847 5.00
21.683831 5.00
21.694705 4.68
21.726831 4.68
21.737706 5.00
21.768110 4.68
21.778985 4.68
21.814581 4.68
21.830456 5.00
21.855832 4.68
21.868347 4.68
21.902582 4.68
21.918457 4.68
21.943707 4.68
21.954582 4.68
21.985222 4.68
21.995974 4.68
22.031583 4.68
22.047458 4.68
22.072862 4.68
22.088987 4.68
22.119583 4.68
22.130333 4.68
22.160708 4.68
22.171459 4.68
22.202112 4.68
22.212988 4.68
22.243459 4.68
22.255835 4.68
22.284584 4.68
22.295334 4.68
22.325836 4.68
22.341986 4.68
22.372585 4.68
22.383460 4.68
22.413837 4.68
22.429988 5.00
22.460585 5.00
22.471336 5.00
22.501838 4.68
22.517989 5.00
22.543241 4.68
22.553991 5.00
22.584587 4.68
22.595462 4.68
22.625838 4.68
22.641837 5.00
22.667117 4.68
22.677992 5.00
22.708338 5.00
22.719105 4.68
22.749463 4.68
22.765587 5.00
22.790588 4.68
22.801338 4.68
22.831839 4.68
22.847992 4.68
22.878589 4.68
22.889464 4.68
22.919840 4.68
22.935840 4.68
22.966589 4.68
22.977340 4.68
23.007714 4.68
23.018465 5.00
23.049116 5.00
23.059994 4.68
23.090340 4.68
23.101109 5.00
23.131465 4.68
23.147591 4.68
23.172591 4.68
23.183341 5.00
23.213842 4.68
23.229995 4.68
23.255121 4.68
23.265842 4.68
23.296467 4.68
23.312467 4.68
23.337592 5.00
23.348467 4.68
23.378717 4.68
23.389467 4.68
23.420119 4.68
23.430843 4.68
23.461468 4.68
23.477593 4.68
23.502593 4.68
23.513468 4.68
23.543845 4.68
23.559718 4.68
23.590594 4.68
23.601469 4.68
23.631845 5.00
23.647996 4.68
23.678594 4.68
23.689469 4.68
23.719846 4.68
23.735846 4.68
23.766595 4.68
23.777470 4.68
23.807847 4.68
23.823999 4.68
23.850850 4.68
23.861720 4.68
23.892123 4.68
23.902847 4.68
23.933471 4.68
23.949596 4.68
23.974596 4.68
23.985471 4.68
24.015721 4.68
24.026472 4.68
24.058852 4.68
24.069722 4.68
24.105597 4.68
24.116472 4.68
24.146849 4.68
24.163002 4.68
24.188127 4.68
24.199002 4.68
24.229473 4.68
24.245598 4.68
24.270598 4.68
24.281473 4.68
24.311850 4.68
24.328003 4.68
24.354854 4.68
24.365724 4.68
24.397854 4.68
24.408725 4.68
24.440880 4.68
24.451725 4.68
24.487600 4.68
24.498475 4.68
24.528881 4.68
24.545004 4.68
24.575600 4.68
24.586350 4.68
24.617005 4.68
24.627882 4.68
24.658351 4.68
24.670766 4.68
24.699476 4.68
24.715601 4.68
24.740601 4.68
24.751352 4.68
24.781727 4.68
24.794244 4.68
24.824731 4.68
24.835477 4.68
24.871369 4.68
24.887369 4.68
24.912603 4.68
24.923478 4.68
24.953728 4.68
24.966120 4.68
25.000370 4.68
25.012732 4.68
25.041354 4.68
25.057371 4.68
25.082354 4.68
25.094733 4.68
25.123479 4.68
25.134354 4.68
25.164605 4.68
25.175480 4.68
25.205730 4.68
25.218121 4.68
25.252373 4.68
25.264734 4.68
25.293355 4.68
25.309372 4.68
25.334356 4.68
25.350371 4.68
25.375356 4.68
25.391373 4.68
25.416357 4.68
25.432374 4.68
25.457482 4.68
25.468357 4.68
25.498607 4.68
25.509482 4.68
25.539858 4.68
25.550732 4.68
25.586608 4.68
25.597482 4.68
25.627859 4.68
25.638733 4.68
25.674376 4.68
25.690374 4.68
25.715609 4.68
25.726484 4.68
25.756860 4.68
25.767734 4.68
25.803484 4.68
25.814375 4.68
25.844609 4.68
25.855484 4.68
25.885861 4.68
25.896735 4.68
25.932610 4.68
25.943486 4.68
25.973861 4.68
25.984735 4.68
26.020377 4.68
26.036378 4.68
26.061611 4.68
26.072486 4.68
26.102863 4.68
26.113736 4.68
26.149376 4.68
26.165379 4.68
26.190612 4.68
26.201487 4.68
26.231864 4.68
26.242737 4.68
26.273016 4.68
26.283864 4.68
26.314380 4.68
26.330488 4.68
26.355613 4.68
26.366488 4.68
26.396865 5.00
26.407738 4.68
26.443381 4.68
26.459489 4.68
26.484614 4.68
26.495364 4.68
26.525894 4.68
26.536739 4.68
26.572379 5.00
26.588379 4.68
26.613615 4.68
26.624364 4.68
26.654740 4.68
26.670740 4.68
26.701383 4.68
26.717383 5.00
26.742616 5.00
26.753491 4.68
26.783867 5.00
26.794741 4.68
26.830385 4.68
26.846383 5.00
26.871616 4.68
26.882366 4.68
26.914746 4.68
26.925617 4.68
26.961382 5.00
26.977383 5.00
27.002618 5.00
27.013493 4.68
27.043868 4.68
27.054743 4.68
27.090385 4.68
27.106386 4.68
27.131618 4.68
27.144133 4.68
27.172743 5.00
27.188744 5.00
27.219384 4.68
27.235385 4.68
27.260619 4.68
27.273137 5.00
27.301898 4.68
27.312619 5.00
27.343387 5.00
27.359385 4.68
27.384620 4.68
27.397013 4.68
27.425871 4.68
27.436620 4.68
27.467263 4.68
27.479639 4.68
27.508496 4.68
27.519263 4.68
27.549621 5.00
27.562013 4.68
27.595652 4.68
27.606497 4.68
27.642497 4.68
27.653264 4.68
27.683622 5.00
27.696013 4.68
27.724873 4.68
27.735747 4.68
27.766139 4.68
27.782266 4.68
27.807498 4.68
27.818266 4.68
27.848623 4.68
27.864623 4.68
27.889874 4.68
27.900624 4.68
27.931141 4.68
27.943629 4.68
27.972499 4.68
27.983267 4.68
28.013625 5.00
28.029625 4.68
28.054749 4.68
28.065625 5.00
28.101391 4.68
28.112142 4.68
28.142500 4.68
28.153265 5.00
28.183625 4.68
28.199626 5.00
28.224876 5.00
28.235626 4.68
28.266143 5.00
28.276876 5.00
28.307376 4.68
28.318142 4.68
28.348377 4.68
28.359143 4.68
28.389502 4.68
28.400267 4.68
28.430627 4.68
28.446627 4.68
28.471878 4.68
28.482628 4.68
28.513145 4.68
28.529271 4.68
28.554504 4.68
28.565269 4.68
28.595629 4.68
28.611629 4.68
28.636879 4.68
28.647629 4.34
28.683273 4.68
28.699270 4.68
28.724505 4.68
28.735270 4.68
28.765630 4.68
28.781630 4.68
28.806880 4.68
28.817630 4.68
28.848146 4.68
28.858881 4.68
28.889381 4.68
28.900148 4.68
28.930381 4.68
28.941150 4.68
28.971506 4.68
28.982278 4.68
29.012631 4.68
29.028632 4.68
29.062274 4.68
29.078272 4.68
29.103382 4.68
29.114151 4.68
29.144382 4.68
29.155147 4.68
29.185383 5.00
29.196149 4.68
29.226508 4.68
29.237275 4.68
29.267633 4.68
29.283633 4.68
29.308913 5.00
29.319762 4.68
29.350275 4.68
29.366277 5.00
29.391384 4.68
29.402276 4.68
29.432509 4.68
29.443275 4.68
29.473634 4.68
29.489635 5.00
29.514915 5.00
29.525763 5.00
29.561511 4.68
29.572385 5.00
29.602636 4.68
29.618636 4.68
29.649279 4.68
29.665279 4.68
29.690511 4.68
29.701277 4.68
29.731636 4.68
29.747637 4.68
29.774667 4.68
29.785512 4.68
29.816280 4.68
29.832279 4.68
29.857512 4.68
29.868388 4.68
29.898638 4.68
29.914638 4.68
29.939916 4.68
29.950768 4.68
29.981388 4.68
29.992281 4.68
30.022514 4.68
30.035045 4.68
30.063639 4.68
30.079514 4.68
30.110283 4.68
30.121279 4.68
30.151390 4.68
30.162283 4.68
30.192515 4.68
30.205044 4.68
30.233640 4.68
30.249640 4.68
30.276525 4.68
30.287390 4.68
30.317641 4.68
30.333641 4.68
30.360526 4.68
30.371391 5.00
30.401641 4.68
30.417641 4.68
30.448045 4.68
30.458770 4.68
30.489392 4.68
30.500282 4.68
30.530517 4.68
30.546517 4.68
30.571642 4.68
30.587642 4.68
30.618045 4.68
30.628771 4.68
30.659393 4.68
30.670283 4.68
30.700394 4.68
30.711285 4.68
30.741519 4.68
30.753922 4.68
30.782644 4.68
30.793394 4.68
30.829049 4.68
30.845047 4.68
30.870395 4.68
30.881285 4.68
30.911520 4.68
30.927520 4.68
30.952645 4.68
30.963520 5.00
30.999286 4.68
31.010048 5.00
31.040396 5.00
31.051287 4.68
31.081521 5.00
31.097521 5.00
31.122646 4.68
31.133396 4.68
31.169290 4.68
31.180039 4.68
31.210522 4.68
31.226397 4.68
31.251647 4.68
31.262522 4.68
31.298052 4.68
31.314053 4.68
31.339398 4.68
31.350291 4.68
31.380398 4.68
31.391291 4.68
31.421523 4.68
31.437398 4.68
31.462648 4.68
31.473523 4.68
31.509051 4.68
31.519774 4.68
31.550292 4.68
31.561041 4.68
31.591400 4.68
31.602292 4.68
31.632525 4.68
31.648525 4.68
31.673650 4.68
31.684525 4.68
31.720054 4.68
31.736055 4.68
31.761293 4.68
31.772041 4.68
31.802526 4.68
31.818526 4.68
31.843652 4.68
31.854401 4.68
31.890294 4.68
31.901042 4.68
31.931527 4.68
31.947402 4.68
31.972652 4.68
31.983402 4.68
32.019057 4.68
32.035045 4.68
32.060293 4.68
32.071045 4.68
32.101528 4.68
32.117403 4.68
32.142654 4.68
32.153528 4.68
32.189045 4.68
32.205046 4.68
32.230297 4.68
32.241044 4.68
32.271530 4.68
32.287529 4.68
32.312655 4.68
32.323404 4.68
32.359299 4.68
32.370048 4.68
32.400530 4.68
32.416530 4.68
32.441655 4.68
32.452531 4.68
32.488058 4.68
32.498783 4.68
32.529406 4.68
32.540173 4.68
32.570407 4.68
32.581299 4.68
32.611406 4.68
32.622281 4.68
32.652407 4.68
32.664935 4.68
32.693407 4.68
32.704300 4.68
32.734532 4.68
32.750408 4.68
32.775657 4.68
32.786532 4.68
32.822063 4.68
32.834542 4.68
32.863408 4.68
32.874300 4.68
32.904409 4.68
32.920284 4.68
32.945409 4.68
32.957937 4.68
32.986410 4.68
32.998940 4.68
33.027535 4.68
33.043409 4.68
33.068660 4.68
33.079535 4.68
33.115064 4.68
33.127419 4.68
33.156411 4.68
33.168786 4.68
33.197536 4.68
33.213411 4.68
33.238661 4.68
33.249536 4.68
33.280063 4.68
33.292421 4.68
33.321412 4.68
33.333787 4.68
33.362412 4.68
33.374788 4.68
33.403412 4.68
33.415788 4.68
33.444413 4.68
33.460413 4.68
33.485413 4.68
33.497789 4.68
33.526413 4.68
33.538789 4.68
33.567413 4.68
33.583289 4.68
33.608413 4.68
33.620790 4.68
33.649414 4.68
33.665414 4.68
33.690414 4.68
33.706290 4.68
33.731414 4.68
33.747415 4.68
33.772415 4.68
33.784791 4.68
33.813540 4.68
33.829415 4.68
33.854665 4.68
33.865541 4.68
33.896068 4.68
33.912057 4.68
33.937416 4.68
33.953291 4.68
33.978416 4.68
33.994291 4.68
34.019416 4.68
34.035292 5.00
34.060417 4.68
34.076292 4.68
34.101417 4.68
34.117418 4.68
34.142417 4.68
34.158293 4.68
34.183418 4.68
34.199418 4.68
34.224543 4.68
34.240418 4.68
34.265668 4.68
34.276418 4.68
34.307072 4.68
34.323059 4.68
34.348419 4.68
34.364294 4.68
34.389419 4.68
34.405419 4.68
34.430419 4.68
34.446419 4.68
34.471420 4.68
34.487420 4.68
34.512420 4.68
34.528420 4.68
34.553420 4.68
34.569295 4.68
34.594421 4.68
34.610296 4.68
34.635421 4.68
34.651296 4.68
34.676421 4.68
34.692296 4.68
34.717422 4.68
34.733421 4.68
34.758422 4.68
34.774297 4.68
34.799422 4.68
34.815297 4.68
34.840547 4.68
34.856422 4.68
34.881672 4.68
34.892547 4.68
34.928064 5.00
34.943952 5.00
34.969316 4.68
34.980065 4.68
35.010298 5.00
35.021065 4.68
35.051424 4.68
35.067424 4.68
35.092424 4.68
35.108299 5.00
35.133425 4.68
35.149424 4.68
35.174424 4.68
35.190425 4.68
35.215425 4.68
35.231300 4.68
35.256425 4.68
35.272301 4.68
35.297426 4.68
35.313300 4.68
35.338551 4.68
35.349301 4.68
35.384926 4.68
35.395676 4.68
35.426080 4.68
35.442067 4.68
35.467427 4.68
35.483302 4.68
35.508552 4.68
35.519303 4.68
35.551429 4.68
35.562320 4.68
35.592427 4.68
35.608303 4.68
35.633427 4.68
35.649303 4.68
35.674428 4.68
35.690304 4.68
35.715428 4.68
35.731303 4.68
35.756429 4.68
35.772304 5.00
35.797429 4.68
35.813304 5.00
35.838429 5.00
35.854304 5.00
35.879429 5.00
35.895305 5.00
35.920430 5.00
35.936305 4.68
35.961430 4.68
35.977306 4.68
36.002430 4.68
36.018305 4.68
36.043431 4.68
36.054306 5.00
36.084431 4.68
36.095306 4.68
36.125431 5.00
36.136306 5.00
36.166431 4.68
36.177306 4.68
36.207432 5.00
36.218307 5.00
36.248432 5.00
36.259307 5.00
36.289433 5.00
36.300308 5.00
36.330432 5.00
36.341308 4.68
36.371433 4.68
36.382308 5.00
36.412433 5.00
36.423308 5.00
36.453433 5.00
36.464309 5.00
36.494434 4.68
36.505309 5.00
36.535433 5.00
36.546324 4.68
36.576435 4.68
36.587310 4.68
36.617435 4.68
36.628310 4.68
36.658435 4.68
36.669311 4.68
36.699435 4.68
36.710310 4.68
36.740435 4.68
36.751311 4.68
36.781436 4.68
36.792311 4.68
36.822436 4.68
36.833311 4.68
36.863437 4.68
36.874204 4.68
36.904562 4.68
36.915311 4.68
36.950937 4.68
36.966813 4.68
36.992327 4.68
37.008329 4.68
37.033437 4.68
37.044313 4.68
37.074438 4.68
37.085313 4.68
37.115438 4.68
37.126313 4.68
37.156438 4.68
37.167313 4.68
37.197439 4.68
37.208314 4.68
37.238439 4.68
37.249314 4.68
37.279440 4.68
37.290315 4.68
37.320440 4.68
37.331315 4.68
37.361439 4.68
37.372315 4.68
37.402440 4.68
37.413315 4.68
37.443440 4.68
37.454316 4.68
37.484441 4.68
37.495316 4.68
37.525441 4.68
37.536207 4.68
37.566441 4.68
37.577316 4.68
37.607442 4.68
37.618317 4.68
37.648567 4.68
37.659317 4.68
37.694960 4.68
37.710822 4.68
37.736335 4.68
37.752334 4.68
37.777318 5.00
37.793443 4.68
37.818318 4.68
37.834318 4.68
37.859319 4.68
37.875337 4.68
37.900319 4.68
37.916319 4.68
37.941444 4.68
37.957319 4.68
37.982569 4.68
37.993319 4.68
38.028961 4.68
38.044963 4.68
38.070320 4.68
38.086320 4.68
38.111320 4.68
38.127320 4.68
38.152321 4.68
38.168321 4.68
38.193446 4.68
38.209321 4.68
38.236323 4.68
38.247086 4.68
38.277321 4.68
38.293321 4.68
38.318322 5.00
38.334322 4.68
38.359447 4.68
38.370322 4.68
38.402323 4.68
38.413088 4.68
38.443447 4.68
38.454322 4.68
38.486324 4.68
38.497089 4.68
38.527448 5.00
38.538340 4.68
38.570354 5.00
38.581216 4.68
38.613358 4.68
38.624215 4.68
38.656355 4.68
38.667216 4.68
38.699352 5.00
38.710217 4.68
38.742354 4.68
38.753217 4.68
38.788700 4.68
38.801200 4.68
38.830102 4.68
38.840826 4.68
38.871325 4.68
38.887340 4.68
38.912326 4.68
38.923095 4.68
38.955202 4.68
38.966104 4.68
38.996326 4.68
39.007094 4.68
39.037451 4.68
39.048326 4.68
39.083701 4.68
39.094452 4.68
39.125105 4.68
39.135828 4.68
39.166327 4.68
39.177095 4.68
39.207328 4.68
39.218093 4.68
39.248328 4.68
39.259094 4.68
39.289453 4.68
39.300328 4.68
39.335703 4.68
39.346579 4.68
39.377106 4.68
39.387830 4.68
39.418329 4.68
39.429095 4.68
39.459330 4.68
39.470221 5.00
39.500330 4.34
39.511098 4.68
39.541348 4.68
39.552098 4.68
39.587705 4.68
39.598455 4.68
39.629108 4.68
39.639985 4.68
39.670331 4.68
39.681099 5.00
39.711456 4.68
39.722332 4.68
39.757706 4.68
39.768457 4.68
39.799110 4.68
39.809974 4.68
39.840332 4.68
39.851098 4.68
39.881333 4.68
39.892099 4.68
39.922333 4.68
39.933099 4.68
39.963333 4.68
39.974100 5.00
40.004458 4.68
40.015333 4.68
40.050709 4.68
40.061584 4.68
40.092111 4.68
40.102836 4.68
40.133459 4.68
40.144353 4.68
40.179710 4.68
40.190460 4.68
40.221114 4.68
40.231990 4.68
40.262460 4.68
40.273335 4.68
40.308710 4.68
40.319585 4.68
40.350114 4.68
40.360989 4.68
40.391336 4.68
40.402102 4.68
40.437711 4.68
40.453711 4.68
40.479116 4.68
40.489838 4.68
40.520462 4.68
40.531355 4.68
40.566713 4.68
40.577462 4.68
40.608115 4.68
40.620713 4.68
40.649338 4.68
40.660106 4.68
40.690463 4.68
40.701338 4.68
40.736714 4.68
40.747463 4.68
40.778116 4.68
40.788993 4.68
40.819464 4.68
40.830339 4.68
40.865714 4.68
40.876590 4.68
40.907117 4.68
40.919590 4.68
40.948340 4.68
40.959105 4.68
40.994715 4.68
41.007217 4.68
41.036117 4.68
41.048590 4.68
41.077466 5.00
41.088342 4.68
41.123716 4.68
41.136218 4.68
41.165122 5.00
41.177717 5.00
41.206467 4.68
41.217358 5.00
41.252717 4.68
41.265218 5.00
41.294232 5.00
41.310110 5.00
41.335360 5.00
41.346108 5.00
41.381718 5.00
41.394219 5.00
41.423120 5.00
41.438986 4.68
41.464344 5.00
41.475110 5.00
41.505344 5.00
41.516109 4.68
41.546469 4.68
41.557361 4.68
41.592720 5.00
41.608594 5.00
41.634126 5.00
41.649998 5.00
41.675345 5.00
41.686111 5.00
41.716345 5.00
41.727111 4.68
41.757471 5.00
41.768346 5.00
41.803721 5.00
41.819721 5.00
41.845123 4.68
41.861000 5.00
41.886346 5.00
41.897112 4.68
41.927347 5.00
41.938116 4.68
41.968472 4.68
41.979347 5.00
42.014723 5.00
42.030597 4.68
42.056128 4.68
42.072126 5.00
42.097348 4.68
42.108113 4.68
42.138348 4.68
42.149116 4.68
42.179349 4.68
42.190114 4.68
42.220474 4.68
42.231349 4.68
42.266724 4.68
42.282724 4.68
42.308127 4.68
42.324005 4.68
42.349475 4.68
42.360350 4.68
42.395725 5.00
42.411600 4.68
42.437130 4.68
42.453244 4.68
42.478351 4.68
42.489117 4.68
42.519351 5.00
42.530117 5.00
42.560351 4.68
42.571117 5.00
42.601476 4.68
42.612351 5.00
42.647727 5.00
42.663602 5.00
42.689006 4.68
42.699727 4.68
42.730369 4.68
42.741119 4.68
42.776728 4.68
42.792603 4.68
42.818130 4.68
42.834131 4.68
42.859354 4.68
42.870123 4.68
42.900479 4.68
42.911354 5.00
42.946729 5.00
42.962604 5.00
42.988131 5.00
43.004009 5.00
43.029371 5.00
43.040122 5.00
43.075730 4.68
43.091605 4.68
43.117134 4.68
43.133007 4.68
43.158356 4.68
43.169124 4.68
43.199481 5.00
43.210356 4.68
43.245731 4.68
43.261731 4.68
43.287136 4.68
43.303008 4.68
43.328357 4.68
43.339122 4.68
43.371108 5.00
43.381858 4.68
43.412375 4.68
43.423122 5.00
43.458732 4.68
43.474608 5.00
43.500135 5.00
43.516137 4.68
43.543139 4.68
43.554012 4.68
43.586140 4.68
43.596887 4.68
43.627484 4.68
43.638359 4.68
43.673734 4.68
43.689734 4.68
43.715138 4.68
43.731139 4.68
43.758111 4.68
43.768861 4.68
43.799377 4.68
43.810128 4.68
43.845735 4.68
43.861610 4.68
43.887141 4.68
43.903013 4.68
43.930112 4.68
43.941015 4.68
43.973113 4.68
43.983863 4.68
44.016113 4.68
44.027013 4.68
44.057379 4.68
44.068130 4.68
44.098612 4.68
44.114612 4.68
44.139863 4.68
44.150737 4.68
44.181140 4.68
44.197014 4.68
44.224114 4.68
44.235015 4.68
44.267115 4.68
44.277882 4.68
44.308378 4.68
44.319132 4.68
44.349614 4.68
44.362115 4.68
44.394020 4.68
44.410017 4.68
44.435381 4.68
44.446129 4.68
44.476615 4.68
44.488991 4.68
44.517865 4.68
44.528740 4.68
44.559382 4.68
44.570255 4.68
44.605741 4.68
44.616616 4.68
44.647257 4.68
44.658006 4.68
44.693741 4.68
44.704616 4.68
44.735258 4.68
44.746260 4.68
44.781492 4.68
44.792367 4.68
44.822617 4.68
44.838617 4.68
44.863895 4.68
44.874742 4.68
44.905383 4.68
44.916133 4.68
44.946618 4.68
44.962493 4.68
44.987743 4.68
44.998493 4.68
45.029148 4.68
45.040023 4.68
45.075493 4.68
45.086369 4.68
45.116619 4.68
45.132494 5.00
45.157870 4.68
45.168744 4.68
45.199149 4.68
45.209870 4.68
45.245620 4.68
45.261620 4.68
45.290026 4.68
45.306150 4.68
45.331263 4.68
45.342011 4.68
45.377621 4.68
45.393621 4.68
45.418872 4.68
45.429621 4.68
45.460263 4.68
45.471025 4.68
45.506622 4.68
45.522622 4.68
45.547747 4.68
45.558622 4.68
45.589149 4.68
45.599873 4.68
45.635623 4.68
45.651748 4.68
45.676873 4.68
45.687623 4.68
45.718141 4.68
45.728874 4.68
45.764749 4.68
45.775623 4.68
45.806154 4.68
45.816875 4.68
45.852499 4.68
45.863266 4.68
45.893624 4.68
45.909750 4.68
45.934875 4.68
45.945623 4.68
45.975874 4.68
45.986624 4.68
46.016875 4.68
46.027624 4.68
46.057874 4.68
46.068625 4.68
46.098875 4.68
46.109624 4.68
46.139875 4.68
46.150625 4.68
46.180875 4.68
46.191625 4.68
46.221876 4.68
46.232625 4.68
46.262876 4.68
46.273626 4.68
46.303876 4.68
46.314626 4.68
46.344877 4.68
46.355626 4.68
46.385877 4.68
46.396626 4.68
46.426877 4.68
46.437627 4.68
46.467878 4.68
46.478627 4.68
46.508878 4.68
46.519628 4.68
46.549878 4.68
46.560628 4.68
46.590878 4.68
46.601628 4.68
46.631878 4.68
46.642628 4.68
46.672879 4.68
46.683628 4.68
46.713879 4.68
46.726379 4.68
46.754880 4.68
46.765629 4.68
46.795880 4.68
46.808379 4.68
46.836880 4.68
46.847630 4.68
46.877880 4.68
46.890380 4.68
46.918880 4.68
46.929631 4.68
46.959881 4.68
46.970630 4.68
47.000881 4.68
47.013381 4.68
47.041881 4.68
47.052631 4.68
47.082881 4.68
47.095381 4.68
47.123882 4.68
47.136382 4.68
47.164882 4.68
47.177382 4.68
47.205883 4.68
47.218383 4.68
47.246883 4.68
47.257633 4.68
47.287883 4.68
47.300258 4.68
47.328883 4.68
47.341258 5.00
47.369883 5.00
47.382259 4.68
47.410884 4.68
47.423259 5.00
47.451884 5.00
47.464259 4.68
47.492885 4.68
47.505259 4.68
47.533885 4.68
47.546260 4.68
47.574885 4.68
47.587260 4.68
47.615885 4.68
47.628260 4.68
47.656885 4.68
47.669261 4.68
47.697886 4.68
47.713763 4.68
47.738886 4.68
47.754765 4.68
47.779887 4.68
47.792262 5.00
47.820887 4.68
47.836766 4.68
47.861888 4.68
47.874262 4.68
47.902887 4.68
47.918769 5.00
47.943888 5.00
47.959768 5.00
47.984888 5.00
48.000769 4.68
48.025888 5.00
48.041768 5.00
48.066889 4.68
48.082768 4.68
48.107889 4.68
48.123768 4.68
48.148889 4.68
48.164768 4.68
48.190014 4.68
48.200769 4.68
48.231014 4.68
48.241768 4.68
48.272015 4.68
48.282769 4.68
48.313015 4.68
48.323769 4.68
48.354016 4.68
48.364768 4.68
48.395016 4.68
48.405768 4.68
48.436016 4.68
48.446768 4.68
48.477016 4.68
48.487769 4.68
48.518017 4.68
48.528768 4.68
48.559017 4.68
48.569768 4.68
48.600017 4.68
48.610768 4.68
48.641018 4.68
48.651769 4.68
48.682018 4.68
48.692768 4.68
48.723018 5.00
48.733768 4.68
48.764018 4.68
48.774771 5.00
48.805018 5.00
48.815770 4.68
48.846019 4.68
48.856770 4.68
48.887019 5.00
48.897770 5.00
48.928019 4.68
48.938770 5.00
48.969020 5.00
48.979770 4.68
49.010020 4.68
49.020770 4.68
49.051020 4.68
49.061771 4.68
49.092021 4.68
49.102771 4.68
49.133021 4.68
49.143772 4.68
49.174021 4.68
49.184772 4.68
49.215022 5.00
49.225772 4.68
49.256022 4.68
49.266772 4.68
49.297022 4.68
49.307772 4.68
49.338022 5.00
49.348773 4.68
49.379023 4.68
49.389773 5.00
49.420023 5.00
49.430774 4.68
49.461023 4.68
49.471774 4.68
49.502023 4.68
49.512774 4.68
49.543023 4.68
49.553774 4.68
49.584024 4.68
49.594774 4.68
49.625024 4.68
49.635775 4.68
49.666025 4.68
49.676775 4.68
49.707025 4.68
49.717776 4.68
49.748025 4.68
49.758776 4.68
49.789025 4.68
49.799777 4.68
49.830026 4.68
49.840776 4.68
49.871026 4.68
49.881778 4.68
49.912026 4.68
49.922778 4.68
49.953027 4.68
49.963778 4.68
49.994027 4.68
50.004778 4.68
50.035027 4.68
50.045778 4.68
50.076027 4.68
50.086779 4.68
50.117028 4.68
50.127779 4.68
50.158028 4.68
50.168780 4.68
50.199029 4.68
50.209779 4.68
50.240029 4.68
50.250780 4.68
50.281029 5.00
50.291780 5.00
50.322030 4.68
50.332780 4.68
50.363029 5.00
50.373781 5.00
50.404030 5.00
50.414781 4.68
50.445030 4.68
50.455781 4.68
50.486031 5.00
50.496781 4.68
50.527031 4.68
50.537781 4.68
50.568031 4.68
50.578782 4.68
50.609031 4.68
50.619782 4.68
50.650031 4.68
50.660782 4.68
50.691032 4.68
50.701782 4.68
50.732032 4.68
50.742783 4.68
50.773033 4.68
50.783783 4.68
50.814033 4.68
50.824783 4.68
50.855033 5.00
50.865783 4.68
50.896033 4.68
50.906784 4.68
50.937034 5.00
50.947784 5.00
50.978034 4.68
50.988785 5.00
51.019034 5.00
51.029785 5.00
51.060034 5.00
51.070785 5.00
51.101034 4.68
51.111785 5.00
51.142035 5.00
51.152785 4.68
51.183035 5.00
51.193786 4.68
51.224036 4.68
51.234786 4.68
51.265036 4.68
51.275787 4.68
51.306037 4.68
51.316787 5.00
51.347036 4.68
51.357787 4.68
51.388036 4.68
51.398788 4.68
51.429037 5.00
51.439787 5.00
51.470037 4.68
51.480788 4.68
51.511038 4.68
51.521788 4.68
51.552038 4.68
51.562790 4.68
51.593038 4.68
51.603789 4.68
51.634039 4.68
51.644790 4.68
51.675039 4.68
51.685790 4.68
51.716039 4.68
51.726791 4.68
51.757039 4.68
51.767791 4.68
51.798040 4.68
51.808791 4.68
51.839040 4.68
51.849791 4.68
51.880040 4.68
51.890791 4.68
51.921040 4.68
51.931792 4.68
51.962041 4.68
51.972792 4.68
52.003041 4.68
52.013792 4.68
52.044042 4.68
52.054793 4.68
52.085042 4.68
52.095793 4.68
52.126042 4.68
52.136793 4.68
52.167042 4.68
52.177793 4.68
52.208042 4.68
52.218794 4.68
52.249043 4.68
52.259794 4.68
52.290043 4.68
52.300794 4.68
52.331044 4.68
52.341794 4.68
52.373795 4.68
52.384543 4.68
52.414795 4.68
52.430669 4.68
52.455796 4.68
52.471669 4.68
52.496796 4.68
52.512670 4.68
52.537794 4.68
52.553670 4.68
52.578921 4.68
52.589670 4.68
52.619920 4.68
52.630670 4.68
52.660920 4.68
52.671670 4.68
52.701921 4.68
52.712670 4.68
52.742921 4.68
52.753671 4.68
52.783951 4.68
52.794672 4.68
52.830549 4.68
52.841298 4.68
52.871674 4.68
52.884313 4.68
52.912953 4.68
52.923800 4.68
52.954424 4.68
52.970549 4.68
52.995549 4.68
53.006299 4.68
53.036800 4.68
53.052954 4.68
53.079679 4.68
53.090425 4.68
53.120952 4.68
53.131675 4.68
53.167550 4.68
53.178425 4.68
53.208802 4.68
53.224956 4.68
53.255301 4.68
53.267680 4.68
53.296301 4.68
53.308680 4.68
53.337302 4.68
53.349680 4.68
53.378302 4.68
53.390680 4.68
53.419302 4.68
53.435318 4.68
53.460302 4.68
53.472681 4.68
53.501303 4.68
53.513681 4.68
53.542319 4.68
53.558428 4.68
53.583428 4.68
53.594304 4.68
53.624429 4.68
53.635304 4.68
53.665429 4.68
53.676304 4.68
53.706429 4.68
53.717304 4.68
53.747429 4.68
53.758305 4.68
53.788430 4.68
53.799196 4.68
53.829430 4.68
53.840305 4.68
53.870431 4.68
53.881322 4.68
53.911431 4.68
53.922306 4.68
53.952431 4.68
53.963306 4.68
53.993431 4.68
54.004306 4.68
54.034431 4.68
54.045306 4.68
54.075432 4.68
54.086307 4.68
54.116432 4.68
54.127307 4.68
54.157433 4.68
54.168307 4.68
54.198432 4.68
54.209308 4.68
54.239433 4.68
54.250308 4.68
54.280433 4.68
54.291308 4.68
54.321433 4.68
54.332309 4.68
54.362434 4.68
54.373309 4.68
54.403434 4.68
54.414309 4.68
54.444434 4.68
54.455202 4.68
54.485434 4.68
54.496310 4.68
54.526435 4.68
54.537203 4.68
54.567560 4.68
54.578310 4.68
54.608811 4.68
54.619686 4.68
54.655561 4.68
54.666311 4.68
54.696812 4.68
54.707686 4.68
54.743561 4.68
54.754312 4.68
54.784812 4.68
54.795687 4.68
54.831562 4.68
54.842312 4.68
54.872813 5.00
54.883687 4.68
54.919330 4.68
54.935331 4.68
54.960438 4.68
54.971313 4.68
55.001438 5.00
55.012313 4.68
55.042438 4.68
55.053313 4.68
55.083439 4.68
55.094314 4.68
55.124439 5.00
55.135314 5.00
55.165439 5.00
55.176315 5.00
55.206440 4.68
55.217315 4.68
55.247440 4.68
55.258315 5.00
55.288440 4.68
55.299315 5.00
55.329566 5.00
55.340316 4.68
55.370817 4.68
55.381691 4.68
55.412332 5.00
55.428331 4.68
55.453442 4.68
55.464317 4.68
55.494442 4.68
55.505317 4.68
55.535442 4.68
55.546335 4.68
55.576442 4.68
55.587317 4.68
55.617442 4.68
55.628318 4.68
55.658443 4.68
55.669318 4.68
55.699568 4.68
55.712085 4.68
55.740820 4.68
55.751693 4.68
55.782334 4.68
55.798336 4.68
55.823569 4.68
55.835944 4.68
55.864821 4.68
55.875694 5.00
55.906337 4.68
55.922337 4.68
55.947570 4.68
55.959945 4.68
55.988822 5.00
55.999695 4.68
56.030339 4.68
56.046338 5.00
56.071571 4.68
56.083946 5.00
56.112823 4.68
56.123696 4.68
56.154338 4.68
56.170336 4.68
56.195572 4.68
56.207964 4.68
56.236697 4.68
56.247447 4.68
56.283341 4.68
56.294090 4.68
56.324448 4.68
56.335323 4.68
56.365573 4.68
56.381573 4.68
56.406825 4.68
56.417698 4.68
56.448338 4.68
56.459091 4.68
56.489574 4.68
56.505574 4.68
56.530699 4.68
56.541699 4.68
56.577339 4.68
56.588091 4.68
56.618450 4.68
56.629325 4.68
56.659575 4.68
56.675575 4.68
56.700827 4.68
56.711700 4.68
56.742091 4.68
56.752827 4.68
56.783451 5.00
56.794326 4.68
56.824576 5.00
56.840451 4.68
56.865828 4.68
56.876701 4.68
56.907105 4.68
56.923217 4.68
56.948452 4.68
56.959327 4.68
56.989577 4.68
57.005577 4.68
57.030829 4.68
57.041702 4.68
57.072344 4.68
57.083095 4.68
57.113578 4.68
57.129578 5.00
57.154829 5.00
57.165703 4.68
57.196344 4.68
57.207096 4.68
57.237579 4.68
57.253454 4.68
57.278831 4.68
57.289704 4.68
57.320109 4.68
57.336221 4.68
57.361455 4.68
57.372330 4.68
57.402581 4.68
57.418580 4.68
57.443832 4.68
57.454706 4.68
57.485347 4.68
57.496098 4.68
57.526581 4.68
57.542581 4.68
57.567832 4.68
57.578707 4.68
57.609346 4.68
57.620098 4.68
57.650582 4.68
57.666457 4.68
57.691833 4.68
57.702707 4.68
57.738099 4.68
57.748833 5.00
57.779333 4.68
57.790098 4.68
57.820458 4.68
57.831333 4.68
57.861583 4.68
57.877583 4.68
57.902708 4.68
57.913583 4.68
57.949351 4.68
57.960102 4.68
57.990460 4.68
58.001334 4.68
58.031584 4.68
58.047585 4.68
58.074595 4.68
58.085335 4.68
58.115837 4.68
58.126710 4.68
58.157114 4.68
58.173227 4.68
58.198336 4.68
58.209102 4.68
58.239461 4.68
58.250336 4.68
58.280586 4.68
58.296461 4.68
58.323596 4.68
58.334462 5.00
58.364711 5.00
58.375587 4.68
58.406114 4.68
58.416839 4.68
58.447462 4.68
58.459991 4.34
58.488588 4.68
58.504588 4.68
58.531619 4.68
58.542463 4.68
58.578106 4.68
58.590598 4.68
58.619464 4.68
58.631839 4.68
58.660589 4.68
58.676589 4.68
58.703474 4.68
58.714355 4.68
58.744590 4.68
58.760590 4.68
58.787474 4.68
58.798355 4.68
58.828590 5.00
58.844590 4.68
58.874994 5.00
58.885716 5.00
58.916355 5.00
58.927108 4.68
58.957341 4.68
58.968108 4.68
58.998341 4.68
59.009108 4.68
59.039466 4.68
59.055342 4.68
59.080592 4.68
59.096591 4.68
59.126996 4.68
59.142982 4.68
59.168467 4.68
59.180843 4.68
59.209593 4.68
59.220468 4.68
59.255997 4.68
59.271984 4.68
59.297359 4.68
59.308109 4.68
59.338594 4.68
59.349344 4.68
59.379719 4.68
59.390594 4.68
59.420998 4.68
59.436987 4.68
59.462363 4.68
59.473112 4.68
59.503470 4.68
59.519470 4.68
59.544595 4.68
59.555470 4.68
59.590985 4.68
59.601720 4.68
59.632363 4.68
59.643111 4.68
59.673596 4.68
59.684471 5.00
59.719999 4.68
59.735989 4.68
59.761361 5.00
59.772114 4.68
59.802597 4.68
59.813472 4.68
59.848989 4.68
59.864990 4.68
59.890364 4.68
59.901115 4.68
59.931598 4.68
59.942348 4.68
59.977990 4.68
59.993990 4.68
60.019365 4.68
60.030116 4.68
60.060598 4.68
60.071474 4.68
60.107001 4.68
60.122991 4.68
60.148364 4.68
60.159115 4.68
60.189350 4.68
60.200117 4.68
60.230350 4.68
60.241117 4.68
60.271475 4.68
60.287476 4.68
60.312600 4.68
60.323476 4.68
60.359005 4.68
60.374991 4.68
60.400366 4.68
60.411117 4.68
60.441351 4.68
60.452118 4.68
60.482477 4.68
60.498477 4.68
60.523602 4.68
60.534477 4.68
60.570006 5.00
60.580727 4.68
60.611370 5.00
60.622120 4.68
60.652603 4.68
60.663353 4.68
60.698996 4.68
60.714995 4.68
60.740372 4.68
60.752854 4.68
60.781604 4.68
60.792479 4.68
60.828009 4.68
60.843994 4.68
60.869369 4.68
60.881855 4.68
60.910605 4.68
60.921354 4.68
60.957248 4.68
60.967997 4.68
60.998480 4.68
61.014355 4.68
61.039606 4.68
61.050481 4.68
61.082481 4.68
61.093373 4.68
61.123606 4.68
61.134481 4.68
61.166482 4.68
61.177373 4.68
61.207607 4.68
61.218356 4.68
61.248732 4.68
61.259482 4.68
61.290142 4.68
61.301009 4.68
61.331358 4.68
61.343875 5.00
61.372483 4.68
61.388358 4.68
61.413608 5.00
61.424483 4.68
61.456359 4.68
61.467127 4.68
61.497358 4.68
61.509734 4.68
61.538359 4.68
61.550734 4.68
61.579359 4.68
61.591734 4.68
61.620484 4.68
61.636360 4.68
61.661609 4.68
61.672485 4.68
61.708014 4.68
61.724000 4.68
61.749377 4.68
61.761736 4.68
61.790486 4.68
61.806486 4.68
61.831611 4.68
61.842361 4.68
61.878015 4.68
61.894014 4.68
61.919377 4.68
61.935377 4.68
61.960612 4.68
61.971487 4.68
62.007006 4.68
62.023005 4.68
62.048378 4.68
62.064380 4.68
62.089488 4.68
62.105363 4.68
62.130613 4.68
62.141488 4.68
62.177018 4.68
62.193006 4.68
62.218378 4.68
62.234381 4.68
62.259489 4.68
62.275364 4.68
62.300614 4.68
62.311490 4.68
62.347016 4.68
62.363005 4.68
62.388382 4.68
62.404381 4.68
62.429615 4.68
62.440490 4.68
62.476021 4.68
62.491884 4.68
62.517383 4.68
62.533381 4.68
62.558491 4.68
62.574366 4.68
62.599616 4.68
62.610367 4.68
62.646019 4.68
62.661898 4.68
62.687260 4.68
62.698008 4.68
62.728492 4.68
62.744367 4.68
62.769617 4.68
62.780368 4.68
62.816021 4.68
62.832010 4.68
62.857385 4.68
62.873384 4.68
62.898618 4.68
62.909494 4.68
62.945011 4.68
62.960869 4.68
62.986385 4.68
63.002369 4.68
63.027369 4.68
63.043370 4.68
63.068370 4.68
63.084370 4.68
63.109495 4.68
63.125495 4.68
63.150620 4.68
63.161371 4.68
63.197011 4.68
63.212871 4.68
63.238149 4.68
63.248871 4.68
63.279371 4.68
63.295262 4.68
63.320372 4.68
63.336372 4.68
63.361372 4.68
63.377264 4.68
63.402372 4.68
63.418262 4.68
63.443372 4.68
63.459262 4.68
63.484497 4.68
63.500373 4.68
63.525498 4.68
63.536266 4.68
63.566498 4.68
63.577264 4.68
63.607623 4.68
63.618498 4.68
63.654027 4.68
63.670015 4.68
63.695268 4.68
63.707749 4.68
63.736499 4.68
63.752374 4.68
63.779376 4.68
63.790141 4.68
63.820500 4.68
63.836500 4.68
63.863377 4.68
63.874140 4.34
63.904375 4.68
63.920269 4.68
63.945501 4.68
63.956266 4.68
63.988378 4.68
63.999143 4.68
64.029502 4.68
64.040267 4.68
64.072393 4.68
64.083142 4.68
64.115396 4.68
64.126144 4.68
64.161752 4.68
64.172627 4.68
64.203158 4.68
64.214033 4.68
64.244503 4.68
64.255271 4.68
64.290761 4.68
64.301628 4.68
64.332148 4.68
64.342879 4.68
64.373504 4.68
64.384268 4.68
64.416256 4.68
64.427033 4.68
64.457272 4.68
64.469629 4.68
64.498380 4.68
64.509147 4.68
64.539396 4.68
64.550148 4.68
64.585762 4.68
64.596505 4.68
64.627148 4.68
64.638034 4.68
64.668506 4.68
64.679273 4.68
64.714764 4.68
64.725631 4.68
64.756161 4.68
64.766908 4.68
64.797507 4.68
64.808273 4.68
64.843767 4.68
64.854507 4.68
64.885150 4.68
64.895911 4.68
64.926382 4.68
64.937149 4.68
64.967383 4.68
64.978150 4.68
65.008383 4.68
65.019275 4.68
65.049383 4.68
65.060275 4.68
65.090384 4.68
65.101276 4.68
65.131384 4.68
65.142277 4.68
65.172385 4.68
65.183277 4.68
65.213510 4.68
65.224277 4.68
65.259762 4.68
65.275762 4.68
65.301275 4.68
65.330763 4.68
65.346765 4.68
65.372277 4.68
65.388278 4.68
65.413386 4.68
65.429386 4.68
65.454386 4.68
65.465277 4.68
65.495387 4.68
65.506277 4.68
65.536387 4.68
65.547153 4.68
65.577387 4.68
65.588279 4.68
65.618388 4.68
65.629280 4.68
65.659513 4.68
65.670281 4.68
65.705767 4.68
65.721767 4.68
65.747282 4.68
65.763281 4.68
65.788389 4.68
65.799281 4.68
65.829389 4.68
65.840280 4.68
65.870405 4.68
65.881281 4.68
65.916771 4.68
65.932770 4.68
65.958282 4.68
65.974281 4.68
65.999515 4.68
66.010282 4.68
66.045770 4.68
66.061770 4.68
66.087044 4.68
66.097918 4.68
66.128391 4.68
66.144282 4.68
66.169516 4.68
66.180267 4.68
66.215770 4.68
66.231770 4.68
66.257284 4.68
66.273285 4.68
66.298393 4.68
66.314392 4.68
66.339517 4.68
66.350285 4.68
66.385770 4.68
66.401770 4.68
66.427047 4.68
66.437920 4.68
66.468393 4.68
66.484393 4.68
66.509519 4.68
66.520286 4.68
66.555770 4.68
66.571773 4.68
66.597287 4.34
66.613286 4.68
66.638395 4.68
66.654285 4.68
66.679520 4.68
66.690395 4.68
66.725777 4.68
66.736774 4.68
66.767285 4.68
66.783288 4.68
66.808396 4.68
66.819288 4.68
66.849521 4.68
66.860288 4.68
66.895772 4.68
66.911772 4.68
66.937288 4.68
66.953290 4.68
66.978523 4.68
66.989290 4.68
67.024773 4.68
67.040776 4.68
67.066282 4.68
67.082289 4.68
67.107398 4.68
67.118290 4.68
67.148398 4.68
67.159291 4.68
67.189399 4.68
67.200290 5.00
67.230398 4.68
67.241293 4.68
67.271399 4.68
67.282291 4.68
67.312399 4.68
67.323275 4.68
67.353400 4.68
67.364292 4.68
67.394400 4.68
67.405275 4.68
67.435525 4.68
67.446276 4.68
67.481783 4.68
67.492803 4.68
67.523291 4.68
67.539291 4.68
67.564293 4.68
67.575041 4.68
67.605526 4.68
67.616402 4.68
67.651778 4.68
67.667778 4.68
67.693056 4.68
67.703932 4.68
67.734402 4.68
67.745294 4.68
67.775403 4.68
67.786278 4.68
67.816528 4.68
67.827278 4.68
67.862779 4.68
67.878779 4.68
67.904295 4.68
67.920296 4.68
67.945404 4.68
67.956296 4.68
67.986404 4.68
67.997296 4.68
68.027404 4.68
68.038280 4.68
68.068405 4.68
68.079290 4.68
68.109657 4.68
68.120407 4.68
68.150654 4.68
68.161404 4.68
68.191654 4.68
68.202404 4.68
68.232654 4.68
68.243404 4.68
68.273655 4.68
68.284405 4.68
68.314655 4.68
68.325405 4.68
68.355655 4.68
68.366405 4.68
68.396655 4.68
68.407406 4.68
68.437656 4.68
68.448406 4.68
68.478656 4.68
68.489406 4.68
68.519656 4.68
68.530406 4.68
68.560657 4.68
68.571406 4.68
68.601657 4.68
68.612407 4.68
68.642657 4.68
68.653407 4.68
68.683657 4.68
68.694408 4.68
68.724658 4.68
68.735408 4.68
68.765658 4.68
68.776408 4.68
68.806659 4.68
68.817408 4.68
68.847659 4.68
68.858409 4.68
68.888659 4.68
68.899409 4.68
68.929659 4.68
68.940409 4.68
68.970659 4.68
68.981410 4.68
69.011660 4.68
69.022410 4.68
69.052660 4.68
69.063410 4.68
69.093660 4.68
69.104410 4.68
69.134660 4.68
69.145411 4.68
69.175661 4.68
69.186411 4.68
69.216661 4.68
69.227411 4.68
69.257661 4.68
69.268412 4.68
69.298662 4.34
69.309411 4.68
69.339662 4.68
69.350412 4.68
69.380662 4.68
69.391412 4.68
69.421663 4.68
69.432413 4.68
69.462663 4.68
69.473413 4.68
69.503663 4.68
69.514414 4.68
69.544664 4.68
69.555414 4.68
69.585664 4.68
69.596414 4.68
69.626664 4.68
69.637415 4.68
69.667664 4.68
69.678414 4.68
69.708664 4.68
69.719415 4.68
69.749665 4.68
69.760415 4.68
69.790665 4.68
69.803166 4.68
69.831666 4.68
69.844167 4.68
69.872666 4.68
69.883416 4.68
69.913667 4.68
69.924416 4.68
69.954667 4.68
69.967044 4.68
69.995666 4.68
70.008043 4.68
70.036667 4.68
70.047417 4.68
70.077667 4.68
70.090044 4.68
70.118668 4.68
70.131044 4.68
70.159668 4.68
70.172045 4.68
70.200668 4.68
70.213045 4.68
70.241795 4.68
70.257668 4.68
70.282795 4.68
70.298669 4.68
70.323796 4.68
70.339669 4.68
70.364795 4.68
70.380670 4.68
70.405796 4.68
70.421670 4.68
70.446797 4.68
70.457545 4.68
70.487796 4.68
70.498545 4.68
70.528827 4.68
70.539672 4.68
70.570313 4.68
70.581065 4.68
70.611422 4.68
70.622298 4.68
70.657548 4.68
70.668423 4.68
70.698673 4.68
70.714673 4.68
70.740191 4.68
70.756314 4.68
70.781316 4.68
70.792064 4.68
70.822424 4.68
70.833190 4.68
70.868550 4.68
70.879424 4.68
70.909675 4.68
70.925550 4.68
70.950954 4.68
70.961801 4.68
70.992300 4.68
71.003065 4.68
71.033425 4.68
71.044300 4.68
71.079550 4.68
71.090426 4.68
71.120802 4.68
71.131676 4.68
71.162081 4.68
71.178068 4.68
71.203301 4.68
71.214070 4.68
71.244302 4.68
71.255067 4.68
71.285302 4.68
71.296070 4.68
71.326303 4.68
71.337070 4.68
71.367303 4.68
71.378070 4.68
71.408303 4.68
71.419068 4.68
71.454553 4.68
71.465303 4.68
71.495679 4.68
71.511553 4.68
71.537196 4.68
71.553322 4.68
71.583679 4.68
71.599555 4.68
71.624957 4.68
71.635679 4.68
71.666322 4.68
71.677071 4.68
71.707680 4.68
71.723680 4.68
71.748931 4.68
71.759680 4.68
71.790321 4.68
71.801074 4.68
71.836556 4.68
71.847306 4.68
71.877681 4.68
71.893557 4.68
71.918808 4.68
71.929682 4.68
71.960325 4.68
71.971074 4.68
72.006557 4.68
72.017307 4.68
72.047809 4.68
72.058682 4.68
72.089325 4.68
72.100075 4.68
72.130308 4.68
72.141075 4.68
72.173060 4.68
72.183934 4.68
72.214323 4.68
72.225076 4.68
72.260559 4.68
72.271309 4.68
72.301811 4.68
72.312684 4.68
72.343327 4.68
72.354075 4.68
72.389560 4.68
72.400310 4.68
72.430812 4.68
72.441685 4.68
72.472325 4.68
72.483076 4.68
72.518561 4.68
72.531090 4.68
72.559812 4.68
72.570686 4.68
72.601328 4.68
72.612077 4.68
72.644063 4.68
72.654813 4.68
72.687063 4.68
72.697937 4.68
72.728327 4.68
72.739081 4.68
72.774562 4.68
72.785313 4.68
72.815815 4.68
72.826688 4.68
72.857331 4.68
72.868080 4.68
72.903564 4.68
72.915940 4.68
72.944815 4.68
72.955689 4.68
72.986329 4.68
72.997079 4.68
73.032564 4.68
73.044941 4.68
73.073816 4.68
73.084690 4.68
73.115332 4.68
73.126081 4.68
73.161565 4.68
73.177565 4.68
73.205816 4.68
73.216691 4.68
73.247095 4.68
73.263081 4.68
73.289942 4.68
73.300817 4.68
73.331096 4.68
73.341817 4.68
73.377567 4.68
73.389943 4.68
73.418692 4.68
73.429442 4.68
73.460094 4.68
73.470818 4.68
73.506568 4.68
73.522443 4.68
73.547694 4.68
73.558443 4.68
73.589098 4.68
73.599943 4.68
73.635444 4.68
73.646335 4.68
73.676569 4.68
73.692569 4.68
73.717820 4.68
73.728695 4.68
73.759085 4.68
73.769820 4.68
73.805695 4.68
73.816570 4.68
73.847097 4.68
73.857821 4.68
73.893695 4.68
73.904696 4.68
73.935099 4.68
73.945946 4.68
73.981571 4.68
73.997696 4.68
74.022823 4.68
74.033696 4.68
74.064340 4.68
74.075089 4.68
74.110447 4.68
74.121322 4.68
74.151572 4.68
74.167572 4.68
74.192824 4.68
74.203698 4.68
74.234340 4.68
74.245091 4.68
74.275573 4.68
74.291574 4.68
74.316825 4.68
74.327698 4.68
74.358341 4.68
74.369088 4.68
74.404699 4.68
74.415449 4.68
74.446103 4.68
74.456968 4.68
74.492700 4.68
74.503450 4.68
74.534217 4.68
74.545104 4.68
74.575575 4.68
74.591450 4.68
74.619980 4.68
74.635968 4.68
74.661343 4.68
74.672092 4.68
74.702576 4.68
74.718451 4.34
74.743828 4.68
74.754701 4.68
74.785104 4.68
74.795828 4.68
74.831702 4.68
74.842452 4.68
74.873104 4.68
74.883829 4.68
74.919578 4.68
74.935453 4.68
74.960829 4.68
74.971703 4.68
75.002108 4.68
75.012981 4.68
75.048453 4.68
75.059345 4.68
75.089579 4.68
75.105453 4.68
75.130831 4.68
75.141704 4.68
75.172346 4.68
75.183097 4.68
75.213580 4.68
75.229455 4.68
75.254831 4.68
75.267455 4.68
75.297957 4.68
75.308832 4.68
75.340957 4.68
75.351832 4.68
75.383957 4.68
75.394847 4.68
75.430581 5.00
75.446456 5.00
75.471863 5.00
75.484456 4.68
75.518581 5.00
75.534457 4.68
75.559864 4.68
75.575975 4.68
75.606582 4.68
75.622457 4.68
75.647707 4.68
75.658583 4.68
75.689223 5.00
75.699973 4.68
75.735583 4.68
75.751583 4.68
75.776835 4.68
75.789334 4.68
75.823584 4.68
75.839459 4.68
75.864709 5.00
75.875584 4.68
75.906112 5.00
75.916978 4.68
75.952710 4.68
75.963585 4.68
75.994115 4.68
76.004977 5.00
76.040710 4.68
76.051460 4.68
76.082115 4.68
76.092988 4.68
76.123461 5.00
76.139586 4.68
76.164586 4.68
76.175336 5.00
76.205838 5.00
76.221989 4.68
76.248838 4.68
76.259711 4.68
76.290115 4.68
76.300992 4.68
76.331462 4.68
76.343839 4.68
76.372588 4.68
76.383338 4.68
76.413713 4.68
76.424463 4.68
76.455118 4.68
76.465993 4.68
76.496464 4.68
76.512464 4.68
76.537589 4.68
76.548339 4.68
76.578714 4.68
76.589589 4.68
76.620232 4.68
76.630981 4.68
76.661465 4.68
76.677589 4.68
76.702590 4.68
76.713465 4.68
76.743842 4.68
76.759994 4.68
76.790591 4.68
76.801340 4.68
76.831843 4.68
76.847995 4.68
76.873120 4.68
76.883995 4.68
76.914466 4.68
76.930467 4.68
76.955592 4.68
76.966342 4.68
76.996843 4.68
77.012997 4.68
77.043593 4.68
77.054467 4.68
77.084844 4.68
77.100997 4.68
77.126122 4.68
77.136997 4.68
77.167344 4.68
77.178110 4.68
77.208343 4.68
77.219112 4.68
77.249469 4.68
77.265594 4.68
77.290594 4.68
77.301469 4.68
77.331846 4.68
77.347999 4.68
77.378595 5.00
77.389345 4.68
77.419846 4.68
77.435998 4.68
77.466596 4.68
77.477345 4.68
77.507847 4.68
77.524001 4.68
77.549125 4.68
77.559999 4.68
77.590471 4.68
77.606596 4.68
77.631596 4.68
77.642347 4.68
77.672847 4.68
77.688848 4.68
77.719597 4.68
77.730347 4.68
77.760848 4.68
77.776999 4.68
77.802124 4.68
77.812849 4.68
77.843473 4.68
77.859598 4.68
77.884598 4.68
77.895348 4.68
77.925850 4.68
77.942002 4.68
77.967129 4.68
77.978002 4.68
78.008474 4.68
78.024600 4.68
78.049599 4.68
78.060474 4.68
78.090725 4.68
78.101600 4.68
78.133855 4.68
78.144725 4.68
78.180600 4.68
78.191476 4.68
78.221852 4.68
78.238004 4.68
78.264856 4.68
78.275726 4.68
78.307858 4.68
78.318727 4.68
78.350857 4.68
78.361727 4.68
78.397602 4.68
78.408352 4.68
78.438854 4.68
78.454854 4.68
78.485603 4.68
78.496478 4.68
78.526881 4.68
78.543006 4.68
78.573603 4.68
78.584479 4.68
78.614885 5.00
78.631006 4.68
78.656370 4.68
78.668769 4.68
78.697604 4.68
78.708479 4.68
78.738885 4.68
78.754873 4.68
78.785604 4.68
78.796355 4.68
78.826857 4.68
78.843010 4.68
78.873605 4.68
78.884355 4.68
78.914857 4.68
78.930857 4.68
78.961372 4.68
78.973735 4.68
79.002606 4.68
79.013356 4.68
79.043858 4.68
79.054731 4.68
79.090374 4.68
79.106374 4.68
79.131607 4.68
79.142482 4.68
79.172858 4.68
79.183733 4.68
79.219375 4.68
79.235374 4.68
79.260608 4.68
79.271484 4.68
79.301733 4.68
79.317733 4.68
79.348375 4.68
79.364376 4.68
79.389609 4.68
79.400484 4.68
79.430861 5.00
79.441734 4.68
79.477378 4.68
79.493374 4.68
79.518610 4.68
79.529485 4.68
79.559860 4.68
79.570735 4.68
79.606378 4.68
79.622376 4.68
79.647610 4.68
79.658486 4.68
79.688862 4.68
79.699736 4.68
79.735378 4.68
79.751379 4.68
79.776612 4.68
79.787486 4.68
79.817864 4.68
79.828737 4.68
79.864378 4.68
79.880362 4.68
79.905487 4.68
79.916362 4.68
79.946613 4.68
79.957488 4.68
79.987738 4.68
80.003737 4.68
80.034381 4.68
80.050380 4.68
80.075614 4.68
80.086489 4.68
80.116866 4.68
80.127739 4.68
80.163383 4.68
80.179382 4.68
80.204615 4.68
80.215490 4.68
80.245865 4.68
80.256740 4.68
80.292383 4.68
80.308382 4.68
80.333615 4.68
80.344491 4.68
80.374867 4.68
80.385741 4.68
80.421383 4.68
80.437384 4.68
80.462616 4.68
80.473491 4.68
80.503869 4.68
80.514742 4.68
80.550382 4.68
80.566384 4.68
80.591617 4.68
80.602367 4.68
80.632868 4.68
80.643742 4.68
80.679618 4.68
80.692135 4.68
80.723869 4.68
80.734743 4.68
80.770385 4.68
80.786385 4.68
80.811619 4.68
80.822369 4.68
80.852870 4.68
80.863744 4.68
80.899386 4.68
80.915387 4.68
80.940620 4.68
80.953138 5.00
80.981745 5.00
80.997745 4.68
81.028386 5.00
81.044388 4.68
81.069620 4.68
81.082136 4.68
81.110871 5.00
81.121621 4.68
81.157388 5.00
81.173389 5.00
81.198622 5.00
81.209496 5.00
81.239872 4.68
81.250747 4.68
81.286389 5.00
81.302498 4.68
81.327623 5.00
81.340014 5.00
81.368873 4.68
81.379623 4.68
81.415390 5.00
81.431389 4.68
81.456623 5.00
81.469014 4.68
81.502640 4.68
81.513374 4.68
81.545628 5.00
81.556374 4.68
81.586874 4.68
81.597624 4.68
81.633390 4.68
81.649391 4.68
81.674625 4.68
81.687017 4.68
81.715874 4.68
81.726625 4.68
81.762390 5.00
81.773143 5.00
81.803626 4.68
81.816028 5.00
81.844876 5.00
81.855626 5.00
81.886266 4.68
81.898656 5.00
81.927377 5.00
81.938144 4.68
81.968502 5.00
81.979266 5.00
82.009627 5.00
82.022023 4.68
82.059269 5.00
82.071657 5.00
82.100503 4.68
82.111269 5.00
82.141628 4.68
82.157628 5.00
82.182878 5.00
82.193629 5.00
82.224147 5.00
82.234879 5.00
82.265504 4.68
82.276268 4.68
82.306629 5.00
82.322629 4.68
82.347880 4.68
82.358629 5.00
82.389146 5.00
82.399880 5.00
82.430505 4.68
82.441272 4.68
82.471631 4.68
82.487630 5.00
82.521271 5.00
82.537272 5.00
82.562506 4.68
82.573273 4.68
82.603631 5.00
82.619631 4.68
82.644910 4.68
82.655765 4.68
82.686148 4.68
82.702274 4.68
82.727508 4.68
82.738275 5.00
82.768633 5.00
82.784632 4.68
82.809912 5.00
82.820766 5.00
82.851401 4.68
82.862151 4.68
82.892633 4.68
82.908508 4.68
82.933914 4.68
82.944634 4.68
82.975384 5.00
82.986274 5.00
83.016509 5.00
83.027384 5.00
83.057635 4.68
83.073635 5.00
83.098912 5.00
83.114912 4.68
83.140403 4.68
83.151276 4.68
83.181636 5.00
83.197635 4.68
83.222913 4.68
83.233765 4.68
83.264279 4.68
83.280280 5.00
83.305386 4.68
83.316278 4.68
83.346512 4.68
83.357279 4.68
83.387637 5.00
83.403637 4.68
83.428917 4.68
83.439766 5.00
83.470279 5.00
83.486281 4.68
83.511512 4.68
83.522280 4.68
83.552638 4.68
83.568638 4.68
83.593918 4.68
83.604767 4.68
83.635282 5.00
83.651280 5.00
83.676389 4.68
83.687280 5.00
83.717389 4.68
83.728282 4.68
83.758389 5.00
83.769282 4.68
83.799514 5.00
83.812045 4.68
83.840640 4.68
83.856640 4.68
83.883669 5.00
83.894515 5.00
83.925283 4.68
83.941280 4.68
83.966516 4.68
83.979033 4.68
84.007516 4.68
84.020043 4.68
84.048641 4.68
84.064642 4.68
84.095281 4.68
84.111285 4.68
84.136517 4.68
84.149044 4.68
84.177642 4.68
84.193642 4.68
84.220541 4.68
84.231393 4.68
84.263542 4.68
84.274393 4.68
84.310158 4.68
84.322535 4.68
84.351394 4.68
84.362287 4.68
84.392519 4.68
84.408394 4.68
84.433644 4.68
84.449644 4.68
84.474770 4.68
84.485644 4.68
84.516285 4.68
84.532287 4.68
84.557395 4.68
84.568287 4.68
84.598395 4.68
84.609286 4.68
84.639396 4.68
84.650286 4.68
84.680396 4.68
84.691286 4.68
84.721521 4.68
84.737397 4.68
84.762646 4.68
84.773521 4.68
84.803772 4.68
84.814647 4.68
84.845287 4.68
84.856040 4.68
84.886397 4.68
84.897287 4.68
84.927522 4.68
84.943523 4.68
84.968648 4.68
84.979398 4.68
85.015290 4.68
85.026040 4.68
85.056523 4.68
85.072524 5.00
85.097649 4.68
85.108398 4.68
85.144053 4.68
85.154775 4.68
85.185292 4.68
85.196042 5.00
85.226400 4.68
85.237289 5.00
85.267400 5.00
85.278275 4.68
85.308400 4.68
85.319292 4.68
85.349401 4.68
85.360276 4.68
85.390401 4.68
85.401276 4.68
85.431401 4.68
85.442277 4.68
85.472401 4.68
85.483292 4.68
85.513401 4.68
85.524277 4.68
85.554402 4.68
85.565277 4.68
85.595527 4.68
85.611403 4.68
85.636652 4.68
85.647403 4.68
85.683045 4.68
85.699057 4.68
85.724403 4.68
85.735295 4.68
85.765403 4.68
85.776295 4.68
85.806528 4.68
85.822529 4.68
85.847654 4.68
85.858529 4.68
85.894295 4.68
85.905052 4.68
85.935280 4.68
85.946046 4.68
85.976405 4.68
85.987297 4.68
86.017405 4.68
86.028170 4.68
86.058530 4.68
86.074531 4.68
86.099656 4.68
86.110406 4.68
86.146299 4.68
86.157049 4.68
86.187281 4.68
86.198049 4.68
86.228281 4.68
86.239050 4.68
86.269282 4.68
86.280047 4.68
86.310407 4.68
86.321282 4.68
86.351407 4.68
86.362282 4.68
86.392408 5.00
86.403283 4.68
86.433408 4.68
86.445937 4.68
86.474533 5.00
86.490409 4.68
86.515658 4.68
86.526409 4.68
86.562159 4.68
86.578186 4.68
86.603409 5.00
86.614299 4.68
86.644534 4.68
86.660535 4.68
86.687566 4.68
86.698300 4.68
86.734052 5.00
86.746545 4.68
86.775410 4.68
86.786303 4.68
86.816411 4.68
86.828938 4.68
86.857411 4.68
86.868286 4.68
86.898411 4.68
86.910940 4.68
86.939412 4.68
86.951940 4.68
86.980537 4.68
86.996412 4.68
87.021662 4.68
87.032412 5.00
87.063067 4.68
87.079054 4.68
87.104413 4.68
87.120413 4.68
87.145413 4.68
87.157790 4.68
87.186538 4.68
87.202414 4.68
87.227664 4.68
87.238538 4.68
87.269067 4.68
87.281424 5.00
87.310414 4.68
87.322791 4.68
87.351415 4.68
87.367415 4.68
87.392415 4.68
87.404791 4.68
87.433540 4.68
87.449415 4.68
87.474665 4.68
87.485540 4.68
87.521070 4.68
87.536945 4.68
87.562309 4.68
87.573058 4.68
87.603541 4.68
87.619416 4.68
87.644667 4.68
87.655542 4.68
87.691060 4.68
87.706946 4.68
87.732418 4.68
87.744793 4.68
87.773542 4.68
87.789418 4.68
87.814667 4.68
87.825418 4.68
87.856073 4.68
87.872058 4.68
87.897314 4.68
87.908061 4.68
87.938419 4.68
87.954419 4.68
87.979418 4.68
87.995419 4.68
88.020419 4.68
88.036419 4.68
88.061419 4.68
88.077295 4.68
88.102420 4.68
88.118420 4.68
88.143420 4.68
88.159295 4.68
88.184421 4.68
88.200295 4.68
88.225420 4.68
88.241296 4.68
88.266421 4.68
88.282421 4.68
88.307421 4.68
88.323421 4.68
88.348421 4.68
88.364422 4.68
88.389422 4.68
88.405422 4.68
88.430422 4.68
88.446297 4.68
88.471422 4.68
88.487422 4.68
88.512422 4.68
88.528298 4.68
88.553423 4.68
88.569298 4.68
88.594423 4.68
88.610299 4.68
88.635424 4.68
88.651424 4.68
88.676424 4.68
88.692424 4.68
88.717424 4.68
88.733299 4.68
88.758424 4.68
88.774299 4.68
88.799424 4.68
88.815300 4.68
88.840425 4.68
88.856425 4.68
88.881425 4.68
88.897301 4.68
88.922426 4.68
88.938300 4.68
88.963551 4.68
88.974426 4.68
89.004676 4.68
89.015426 4.68
89.046081 4.68
89.062066 4.68
89.087302 4.68
89.098067 4.68
89.128302 4.68
89.139067 4.68
89.169303 4.68
89.180067 4.68
89.210303 4.68
89.221070 4.68
89.251302 4.68
89.262070 4.68
89.292303 4.68
89.303068 4.68
89.333303 4.68
89.344068 4.68
89.374304 4.68
89.385069 4.68
89.415304 4.68
89.426071 4.68
89.456305 4.68
89.467072 4.68
89.497304 4.68
89.509806 4.68
89.538306 5.00
89.550821 4.68
89.579305 4.68
89.590070 4.68
89.620305 4.68
89.632822 4.68
89.661306 4.68
89.673836 4.68
89.702306 4.68
89.714836 4.68
89.743306 4.68
89.755834 4.68
89.784306 4.68
89.795073 4.68
89.825307 4.68
89.837682 4.68
89.866307 4.68
89.878683 4.68
89.907308 4.68
89.919682 4.68
89.948308 4.68
89.960683 4.68
89.989308 4.68
90.001683 5.00
90.030308 5.00
90.042683 4.68
90.071308 4.68
90.083684 4.68
90.112309 5.00
90.128326 4.68
90.153309 4.68
90.165684 4.68
90.194310 4.68
90.206684 4.68
90.235310 4.68
90.247685 4.68
90.276310 4.68
90.288685 4.68
90.317310 4.68
90.329686 4.68
90.358310 4.68
90.374435 4.68
90.399311 4.68
90.411685 4.68
90.440311 4.68
90.456312 4.68
90.481312 4.68
90.493687 4.68
90.522312 4.68
90.534687 4.68
90.563312 4.68
90.579328 4.68
90.604312 4.68
90.620328 4.68
90.645313 4.68
90.661437 4.68
90.686313 4.68
90.702331 4.68
90.727313 4.68
90.743328 4.68
90.768313 4.68
90.784330 4.68
90.809314 4.68
90.825331 4.68
90.850314 4.68
90.866331 4.68
90.891314 4.68
90.907331 4.68
90.932315 4.68
90.948440 4.68
90.973315 4.68
90.989331 4.68
91.014316 4.68
91.030315 4.68
91.055316 4.68
91.071332 4.68
91.096315 4.68
91.112333 4.68
91.137316 4.68
91.153316 4.68
91.178316 4.68
91.194317 4.68
91.219317 4.68
91.235442 4.68
91.260317 4.68
91.276317 4.68
91.301442 4.68
91.317317 4.68
91.342567 4.68
91.353318 4.68
91.388959 4.68
91.404823 4.68
91.430335 4.68
91.446336 4.68
91.471443 4.68
91.487319 4.68
91.512568 4.68
91.523319 4.68
91.558962 4.68
91.574960 4.68
91.600334 4.68
91.616320 4.68
91.641445 4.68
91.657320 4.68
91.682570 4.68
91.693320 4.68
91.728822 4.68
91.744822 4.68
91.770338 4.68
91.786338 4.68
91.811570 4.68
91.822321 4.68
91.857965 4.68
91.873964 4.68
91.899339 4.68
91.915336 4.68
91.940322 4.68
91.956447 4.68
91.981322 4.68
91.997322 4.68
92.022447 4.68
92.038322 4.68
92.063572 4.68
92.074447 4.68
92.104965 4.68
92.120824 4.68
92.146341 4.68
92.162338 4.68
92.187573 4.68
92.198449 4.68
92.233977 4.68
92.249966 4.68
92.275449 4.68
92.286324 4.68
92.318326 4.68
92.329089 4.68
92.359450 4.68
92.370325 4.68
92.402326 4.68
92.413218 4.68
92.443325 4.68
92.459342 4.68
92.484325 4.68
92.500343 4.68
92.525451 4.68
92.536342 4.68
92.568358 4.68
92.579218 4.68
92.614702 4.68
92.627356 4.68
92.656219 4.68
92.668702 4.68
92.697452 4.68
92.708327 4.68
92.740218 4.68
92.750969 4.68
92.781453 4.68
92.792328 4.68
92.824219 4.68
92.834971 5.00
92.865328 4.68
92.876219 4.68
92.906453 4.68
92.917328 4.68
92.952703 5.00
92.963454 4.68
92.994107 4.68
93.004983 4.68
93.035454 4.68
93.046346 4.68
93.081705 4.68
93.094206 4.68
93.123109 4.68
93.133983 4.68
93.164456 4.68
93.175347 4.68
93.210705 5.00
93.226706 4.68
93.252108 4.68
93.262832 4.68
93.293331 4.68
93.304100 4.68
93.334331 4.68
93.345099 4.68
93.375457 4.68
93.386332 4.68
93.421707 5.00
93.432582 5.00
93.463112 4.68
93.473833 4.68
93.504458 4.68
93.515351 4.68
93.550709 4.68
93.561583 4.68
93.592111 4.68
93.602834 4.68
93.633334 4.68
93.644099 4.68
93.674459 4.68
93.685334 4.34
93.720709 4.68
93.731459 4.68
93.762113 4.68
93.772977 4.68
93.803335 4.68
93.814225 5.00
93.844460 4.68
93.855335 4.68
93.890710 5.00
93.901460 4.68
93.932115 4.68
93.942987 4.68
93.973461 4.68
93.984336 4.68
94.019712 4.68
94.030461 4.68
94.061114 4.68
94.071838 4.68
94.102462 4.68
94.113353 4.68
94.148712 4.68
94.159462 4.68
94.190117 4.68
94.200992 4.68
94.231463 4.68
94.242338 4.68
94.277713 4.68
94.288588 4.68
94.319116 4.68
94.329993 4.68
94.360339 4.68
94.371105 4.68
94.401464 4.68
94.412339 4.68
94.447714 4.68
94.463714 4.68
94.489232 4.68
94.505106 4.68
94.530355 4.68
94.546465 4.68
94.571340 4.68
94.582232 4.68
94.612465 4.68
94.623341 4.68
94.658716 4.68
94.674716 4.68
94.700119 4.68
94.710857 4.68
94.741466 4.68
94.752356 4.68
94.787716 4.68
94.798467 4.68
94.829121 4.68
94.841592 4.68
94.870342 4.68
94.881110 4.68
94.911467 4.68
94.922342 4.68
94.957718 4.68
94.968468 4.68
94.999123 4.68
95.011718 4.68
95.040468 4.68
95.051343 4.68
95.086718 4.68
95.097469 4.68
95.128121 4.68
95.140719 4.68
95.169344 4.68
95.180112 4.68
95.210470 4.68
95.221344 4.68
95.256720 4.68
95.269221 4.68
95.298122 4.68
95.314125 4.68
95.339471 4.68
95.350346 4.68
95.385721 4.68
95.398222 4.68
95.427123 4.68
95.439596 4.68
95.468471 4.68
95.479346 4.68
95.514721 4.68
95.527098 4.68
95.556127 4.68
95.568472 4.68
95.597472 4.68
95.608347 4.68
95.643722 4.68
95.656099 4.68
95.685125 4.68
95.701127 4.68
95.726473 4.68
95.737348 4.68
95.772724 4.68
95.785100 4.68
95.814129 4.68
95.830128 4.68
95.855474 4.68
95.866349 4.68
95.901724 4.68
95.917599 4.68
95.943129 4.68
95.959130 4.68
95.984475 4.68
95.995350 4.68
96.030725 4.68
96.046601 4.68
96.072130 4.68
96.088130 4.68
96.113351 4.68
96.124120 4.68
96.154351 4.68
96.165117 4.68
96.195477 4.68
96.206352 4.68
96.241727 4.68
96.257602 4.68
96.283129 4.68
96.299131 5.00
96.324353 4.68
96.335119 4.68
96.365478 4.68
96.376353 4.68
96.407049 4.68
96.419612 4.34
96.453879 4.02
96.464735 4.34
96.495483 4.34
96.506357 4.34
96.536890 4.34
96.547732 4.34
96.578374 4.02
96.589248 4.34
96.624730 4.34
96.640729 4.02
96.666247 4.34
96.682373 4.02
96.712730 4.34
96.728730 4.34
96.754134 4.34
96.770010 4.34
96.795481 4.34
96.806356 4.34
96.841731 4.34
96.857731 4.34
96.883012 4.02
96.893858 4.02
96.924374 4.34
96.935124 4.02
96.966047 4.34
96.982270 4.34
97.009117 4.34
97.020130 4.02
97.050486 4.02
97.061360 4.34
97.091734 4.34
97.107734 4.34
97.133140 4.34
97.149139 4.34
97.176110 4.34
97.187012 4.02
97.217376 4.02
97.228125 4.34
97.263734 4.34
97.279609 4.02
97.305001 4.34
97.321001 4.02
97.346375 4.02
97.357126 4.34
97.389111 4.34
97.399862 4.34
97.432111 4.02
97.443014 4.34
97.473360 4.02
97.484128 4.02
97.514360 4.34
97.525128 4.02
97.555861 4.02
