0.000000 0.000000
0.041952 4.34
0.058255 4.68
0.089093 4.34
0.105353 2.66
0.130707 2.66
0.141833 2.66
0.172523 2.66
0.188828 2.66
0.214245 2.66
0.225242 2.66
0.255824 2.66
0.266697 2.66
0.298979 2.66
0.309821 2.66
0.345820 2.66
0.356710 2.66
0.387221 2.66
0.397944 2.66
0.428708 2.66
0.444819 2.66
0.469944 2.66
0.482334 2.66
0.511069 2.66
0.527222 2.66
0.553970 2.66
0.564694 2.66
0.600585 2.66
0.616583 2.34
0.641695 2.66
0.652584 2.66
0.682695 2.34
0.693585 2.66
0.723695 2.66
0.734585 2.66
0.765212 2.66
0.776212 2.66
0.806957 2.66
0.823246 2.66
0.853838 2.66
0.864837 2.66
0.900724 2.66
0.911722 2.66
0.942346 2.66
0.953526 2.66
0.983974 4.34
1.000253 4.34
1.030831 4.34
1.041830 4.34
1.077593 4.34
1.093593 4.34
1.118827 4.34
1.129701 4.34
1.160230 4.34
1.171075 4.34
1.201716 4.34
1.212591 4.34
1.242949 4.34
1.258949 4.34
1.284225 4.34
1.295075 4.34
1.325592 4.34
1.341591 4.34
1.366700 4.34
1.377589 4.34
1.407826 4.34
1.418716 4.34
1.454749 4.34
1.465717 4.34
1.496362 4.34
1.507373 4.34
1.538092 4.34
1.554395 4.34
1.582728 4.34
1.593727 4.34
1.624370 4.34
1.635385 4.34
1.665960 4.34
1.682227 4.68
1.712833 4.34
1.723723 4.68
1.754081 4.34
1.764956 4.34
1.800723 4.68
1.811470 4.68
1.842079 4.34
1.852829 4.68
1.888721 4.68
1.899471 4.68
1.929955 4.68
1.945955 4.34
1.971206 4.34
1.982080 4.34
2.012484 4.68
2.028597 4.68
2.053831 4.68
2.064706 4.34
2.094956 4.68
2.110955 4.34
2.136208 4.34
2.147081 4.34
2.177487 4.34
2.188208 4.34
2.218832 4.34
2.229707 4.68
2.259957 4.68
2.275832 4.34
2.301208 4.34
2.312083 4.68
2.342487 4.34
2.353209 4.68
2.383833 4.68
2.394708 4.34
2.424958 4.34
2.440958 4.34
2.466209 4.34
2.477083 4.34
2.507488 4.34
2.523584 4.34
2.548834 4.34
2.559727 4.34
2.589959 4.34
2.605959 4.34
2.631085 4.34
2.641835 4.34
2.677603 4.68
2.693604 4.34
2.718835 4.34
2.729710 4.34
2.759960 4.34
2.775961 4.34
2.802971 4.34
2.813711 4.34
2.845971 4.34
2.856711 4.34
2.888971 4.68
2.899837 4.34
2.931847 4.68
2.942729 4.34
2.972962 4.34
2.988962 4.34
3.022606 4.34
3.038603 4.34
3.063838 4.34
3.076214 4.34
3.104963 4.34
3.120963 4.34
3.147848 4.34
3.158731 4.34
3.188964 4.34
3.204964 4.34
3.231860 4.68
3.242731 4.34
3.272964 4.68
3.288964 4.34
3.315849 4.68
3.326733 4.34
3.356965 4.34
3.372965 4.34
3.403367 4.68
3.414090 4.68
3.444733 4.68
3.455481 4.34
3.485966 4.68
3.496716 4.68
3.527091 4.68
3.537966 4.34
3.568610 4.68
3.579358 4.34
3.609842 4.34
3.622233 4.34
3.650967 4.34
3.661717 4.34
3.697359 4.34
3.708093 4.34
3.738735 4.34
3.749483 4.34
3.779968 4.34
3.790718 4.34
3.821093 4.34
3.831844 4.34
3.862498 4.34
3.878373 4.34
3.903719 4.68
3.914487 4.34
3.944844 4.68
3.960844 4.68
3.985969 4.34
3.996720 4.68
4.032362 4.34
4.048363 4.68
4.073736 4.34
4.084488 4.68
4.114970 4.34
4.125720 4.34
4.161376 4.68
4.177363 4.34
4.202736 4.34
4.213489 4.34
4.243971 4.34
4.254721 4.68
4.290365 4.34
4.306364 4.34
4.331738 4.34
4.342490 4.34
4.372972 4.68
4.383722 4.34
4.419365 4.34
4.435364 4.34
4.460740 4.34
4.471488 4.34
4.501848 4.68
4.517723 4.34
4.542973 4.34
4.553848 4.34
4.584099 4.68
4.594849 4.34
4.625504 4.34
4.641614 4.68
4.666725 4.68
4.677490 4.34
4.707850 4.34
4.723741 4.34
4.748849 4.34
4.764724 4.34
4.789849 4.34
4.805724 4.34
4.830849 4.34
4.846724 4.34
4.871850 4.34
4.887725 4.34
4.912850 4.34
4.928725 4.34
4.953850 4.34
4.969726 4.34
4.994850 4.34
5.010726 4.34
5.035851 4.34
5.051725 4.34
5.076851 4.34
5.092726 4.34
5.117851 4.34
5.133726 4.34
5.158851 4.34
5.174727 4.34
5.199852 4.34
5.215727 4.34
5.240852 4.34
5.256727 4.34
5.281853 4.34
5.297727 4.34
5.322853 4.34
5.338728 4.68
5.363852 4.34
5.379728 4.68
5.404853 4.34
5.420728 4.68
5.445853 4.34
5.461729 4.34
5.486854 4.34
5.502729 4.34
5.527854 4.34
5.543729 4.34
5.568855 4.34
5.584729 4.34
5.609855 4.34
5.625730 4.34
5.650855 4.34
5.666730 4.34
5.691855 4.34
5.707731 4.34
5.732855 4.34
5.748731 4.34
5.773856 4.34
5.789731 4.34
5.814856 4.34
5.830732 4.34
5.855982 4.34
5.866732 4.34
5.902387 4.34
5.914734 4.34
5.943625 4.34
5.954385 4.34
5.984859 4.34
6.000734 4.34
6.025984 4.34
6.036734 4.34
6.067234 4.34
6.077984 4.34
6.108503 4.34
6.119235 4.34
6.149628 4.34
6.160387 4.34
6.190861 4.34
6.206735 4.34
6.231986 4.34
6.242861 4.34
6.273236 4.34
6.283986 4.34
6.314501 4.34
6.325265 4.34
6.355737 4.68
6.371737 4.34
6.396737 4.34
6.412737 4.34
6.437862 4.34
6.453862 4.34
6.478987 4.34
6.489738 4.34
6.520392 4.34
6.536363 4.34
6.561753 4.34
6.577738 4.34
6.602863 4.34
6.618863 4.34
6.643989 4.34
6.654738 4.34
6.685393 4.34
6.701392 4.34
6.726630 4.34
6.737394 4.34
6.767864 4.34
6.783865 4.34
6.808989 4.34
6.819865 4.34
6.850393 4.34
6.866392 4.34
6.891630 4.34
6.902394 4.34
6.932866 4.34
6.948866 4.34
6.973991 4.34
6.984866 4.34
7.015396 4.34
7.031396 4.34
7.056632 4.34
7.067396 4.34
7.097867 4.34
7.113867 4.34
7.138992 4.34
7.149868 4.34
7.180396 4.34
7.196395 4.34
7.221758 4.34
7.237743 4.34
7.262993 4.34
7.273868 4.68
7.309397 4.34
7.325273 4.68
7.350744 4.68
7.366744 4.34
7.391743 4.34
7.407637 4.34
7.432744 4.68
7.448744 4.34
7.473744 4.34
7.489635 4.34
7.514745 4.68
7.530745 4.34
7.555870 4.34
7.571745 4.68
7.596995 4.34
7.607870 4.68
7.638400 4.68
7.654397 4.68
7.679636 4.68
7.690398 4.34
7.720746 4.34
7.736746 4.34
7.761746 4.34
7.777871 4.34
7.802872 4.68
7.818872 4.34
7.843997 4.34
7.854747 4.34
7.890399 4.34
7.906274 4.34
7.931747 4.34
7.947748 4.34
7.972748 4.34
7.988638 4.34
8.013748 4.34
8.029749 4.34
8.054749 4.34
8.070641 4.34
8.095874 4.34
8.111874 4.34
8.138749 4.34
8.149640 4.34
8.179875 4.34
8.195875 4.34
8.222750 4.34
8.233641 4.34
8.263875 4.34
8.274641 4.34
8.306751 4.34
8.317644 4.34
8.347876 4.34
8.358643 4.34
8.390751 4.34
8.401643 4.34
8.431877 4.34
8.442641 4.34
8.474752 4.34
8.485642 4.34
8.515877 4.34
8.526643 4.34
8.558784 4.34
8.569643 4.34
8.601784 4.34
8.612644 4.34
8.644660 4.34
8.655407 4.34
8.685878 4.34
8.696628 4.34
8.732130 4.34
8.744630 4.34
8.773644 4.34
8.786004 4.34
8.814754 4.34
8.830629 4.34
8.855879 4.34
8.866630 4.34
8.902131 4.34
8.914631 4.34
8.943647 4.34
8.959647 4.34
8.984755 4.34
8.995646 4.34
9.025881 4.34
9.036631 4.34
9.072133 4.34
9.088136 4.34
9.113408 4.34
9.124160 4.34
9.154648 4.34
9.170757 4.34
9.195632 4.34
9.211650 4.34
9.236647 4.34
9.252649 4.34
9.277883 4.34
9.288632 4.34
9.324134 4.34
9.340137 4.34
9.365648 4.34
9.381651 4.34
9.406633 4.34
9.419008 4.34
9.447759 4.34
9.463634 4.34
9.488884 4.34
9.499634 4.34
9.535288 4.34
9.551167 4.68
9.576650 4.34
9.592650 4.34
9.617760 4.34
9.633635 4.34
9.658885 4.34
9.669635 4.34
9.700397 4.34
9.711342 4.34
9.743646 4.34
9.754663 4.34
9.790391 4.68
9.801142 4.68
9.831764 4.68
9.847764 4.68
9.872888 4.68
9.883764 4.68
9.919139 4.68
9.935138 4.68
9.960654 4.68
9.976653 4.68
10.001638 4.68
10.017655 4.68
10.042655 4.68
10.058653 4.68
10.083763 4.68
10.094653 4.68
10.124888 4.68
10.135764 4.68
10.171140 4.68
10.187143 4.68
10.212654 4.68
10.228658 4.68
10.253640 4.68
10.269765 4.68
10.294765 4.68
10.310640 4.68
10.335765 4.68
10.346640 4.68
10.377294 4.68
10.393302 4.68
10.418904 4.68
10.429778 4.68
10.460544 4.68
10.473149 4.68
10.507307 4.68
10.523411 4.68
10.548770 4.68
10.564769 4.68
10.595179 4.68
10.611156 4.68
10.636659 4.68
10.652659 4.68
10.677767 4.68
10.688659 4.68
10.718768 4.68
10.729643 4.68
10.759768 4.68
10.770660 4.68
10.800894 4.68
10.811768 4.68
10.847145 4.68
10.863146 4.68
10.888659 4.68
10.904660 4.68
10.929769 4.68
10.940663 4.68
10.970769 4.68
10.981645 4.68
11.011769 4.68
11.022645 4.68
11.052770 4.68
11.063645 4.68
11.093770 4.68
11.104645 4.68
11.134771 4.68
11.145646 4.68
11.175771 4.68
11.186646 4.68
11.218647 4.68
11.229425 4.68
11.259647 4.68
11.275663 4.68
11.300772 4.68
11.311647 4.68
11.341772 4.68
11.352648 4.68
11.382772 4.68
11.393647 4.68
11.423772 4.68
11.434648 4.68
11.464773 4.68
11.475648 4.68
11.505773 4.68
11.516649 4.68
11.546774 4.68
11.557663 4.68
11.587774 4.68
11.598649 4.68
11.628774 4.68
11.639649 4.68
11.669774 4.68
11.680649 4.68
11.710775 4.68
11.721650 4.68
11.751775 4.68
11.762650 4.68
11.792775 4.68
11.803651 4.68
11.833776 4.68
11.844651 4.68
11.874775 4.68
11.885651 4.68
11.915776 4.68
11.926652 4.68
11.956777 4.68
11.967651 4.68
11.997777 4.68
12.008652 4.68
12.038777 4.68
12.049652 4.68
12.079778 4.68
12.090653 4.68
12.120778 4.68
12.131653 4.68
12.161777 4.68
12.172653 4.68
12.202778 4.68
12.213669 4.68
12.243793 4.68
12.254670 4.68
12.290155 4.68
12.306155 4.68
12.331670 4.68
12.347670 4.68
12.372780 4.68
12.383655 4.68
12.419030 4.68
12.429780 4.68
12.460310 4.68
12.471030 4.68
12.501672 4.68
12.517671 4.68
12.542656 4.68
12.553424 4.68
12.583656 4.68
12.594424 4.68
12.624656 4.68
12.635424 4.68
12.665657 4.68
12.676423 4.68
12.706907 4.68
12.717782 4.68
12.753159 4.68
12.769159 4.68
12.794675 4.68
12.810783 4.68
12.835658 4.68
12.846425 4.68
12.876658 4.68
12.887423 4.68
12.917659 4.68
12.928423 4.68
12.958659 4.68
12.969424 4.68
12.999659 4.68
13.010424 4.68
13.040659 4.68
13.051426 4.68
13.081660 4.68
13.092425 4.68
13.122660 4.68
13.133426 4.68
13.163661 4.68
13.174428 4.68
13.204661 4.68
13.215429 4.68
13.245661 4.68
13.256429 4.68
13.286661 4.68
13.297429 4.68
13.327661 4.68
13.338429 4.68
13.368662 4.68
13.379429 4.68
13.409662 4.68
13.420430 4.68
13.450663 4.68
13.461431 4.68
13.491663 4.68
13.502431 4.68
13.532678 4.68
13.543431 4.68
13.575539 4.68
13.586442 4.68
13.616678 4.68
13.627431 4.68
13.659540 4.68
13.670289 4.68
13.700684 4.68
13.716681 4.68
13.741680 4.68
13.752556 4.68
13.784541 4.68
13.795289 4.68
13.825683 4.68
13.841682 4.68
13.866665 4.68
13.877430 4.68
13.907666 4.68
13.918431 4.68
13.948666 4.68
13.959434 4.68
13.989666 4.68
14.000431 4.68
14.030667 4.68
14.041435 4.68
14.071667 4.68
14.082435 4.68
14.112667 4.68
14.123436 4.68
14.153668 4.68
14.164433 4.68
14.194668 4.68
14.205436 4.68
14.235667 4.68
14.246434 4.68
14.276668 4.68
14.287436 4.68
14.317668 4.68
14.328434 4.68
14.358669 4.68
14.369434 4.68
14.399669 4.68
14.410437 4.68
14.440670 4.68
14.451437 4.68
14.481670 4.68
14.492437 4.68
14.522670 4.68
14.533439 4.68
14.563670 4.68
14.574438 4.68
14.604670 4.68
14.615438 4.68
14.645671 4.68
14.656436 4.68
14.686671 4.68
14.697439 4.68
14.727672 4.68
14.738439 4.68
14.768672 4.68
14.779440 4.68
14.809672 4.68
14.820437 4.68
14.850672 4.68
14.861439 4.68
14.891673 4.68
14.902439 4.68
14.932673 4.68
14.943441 4.68
14.973673 4.68
14.984438 4.68
15.014798 4.68
15.025674 4.68
15.061049 4.68
15.076924 4.68
15.102453 4.68
15.118690 4.68
15.143799 4.68
15.154674 4.68
15.190050 4.68
15.205925 4.68
15.231453 4.68
15.247690 4.68
15.272692 4.68
15.283443 4.68
15.319051 4.68
15.334926 4.68
15.360454 4.68
15.376454 4.68
15.401801 4.68
15.412677 4.68
15.448052 4.68
15.463926 4.68
15.489457 4.68
15.505455 4.68
15.530802 4.68
15.541678 4.68
15.577052 4.68
15.592928 4.68
15.618456 4.68
15.634320 4.68
15.659678 4.68
15.670447 4.68
15.700679 4.68
15.711446 4.68
15.741679 4.68
15.752447 4.68
15.782679 4.68
15.793446 4.68
15.823679 4.68
15.834447 4.68
15.864680 4.68
15.875445 4.68
15.905805 4.68
15.916680 4.68
15.952055 4.68
15.967930 4.68
15.993459 4.68
16.009806 4.68
16.036432 4.68
16.047333 4.68
16.077696 4.68
16.088448 4.68
16.124056 4.68
16.140057 4.68
16.165461 4.68
16.181460 4.68
16.208433 4.68
16.219336 4.68
16.251433 4.68
16.262200 4.68
16.292699 4.68
16.303450 4.68
16.335434 4.68
16.346184 4.68
16.378434 4.68
16.389336 4.68
16.421434 4.68
16.432184 4.68
16.464435 4.68
16.475326 4.68
16.505699 4.68
16.516452 4.68
16.552059 4.68
16.568060 4.68
16.593578 4.68
16.609701 4.68
16.640216 4.68
16.651060 4.68
16.681701 4.68
16.692577 4.68
16.722936 4.68
16.735468 4.68
16.764061 4.68
16.774936 4.68
16.805340 4.68
16.821204 4.68
16.848454 4.68
16.859339 4.68
16.894937 4.68
16.907456 4.68
16.936216 4.68
16.947062 4.68
16.977577 4.68
16.988328 4.68
17.024062 4.68
17.039938 4.68
17.065467 4.68
17.081343 4.68
17.111938 4.68
17.124316 4.68
17.153207 4.68
17.164064 4.68
17.194466 4.68
17.210341 4.68
17.241064 4.68
17.256939 4.68
17.282469 4.68
17.298341 4.68
17.328940 4.68
17.345065 4.68
17.370191 4.68
17.381065 4.68
17.411334 4.68
17.423816 4.68
17.452708 4.68
17.463457 4.68
17.493941 4.68
17.509942 4.68
17.535067 4.68
17.546066 4.68
17.576584 4.68
17.587583 4.68
17.623067 4.68
17.633942 4.68
17.664583 4.68
17.675335 4.68
17.711068 4.68
17.721943 4.68
17.752583 4.68
17.763336 4.68
17.798943 4.68
17.814943 4.68
17.843348 4.68
17.859212 4.68
17.884473 4.68
17.895195 4.68
17.931069 4.68
17.941945 4.68
17.972473 4.68
17.983349 4.68
18.018945 4.68
18.034946 4.68
18.060196 4.68
18.071070 4.68
18.101711 4.68
18.112463 4.68
18.142946 4.68
18.158821 4.68
18.184197 4.68
18.195071 4.68
18.225348 4.68
18.241463 4.68
18.266716 4.68
18.277463 4.68
18.313072 4.68
18.323822 4.68
18.354476 4.68
18.365351 4.68
18.400948 4.68
18.417073 4.68
18.445350 4.68
18.461338 4.68
18.486714 4.68
18.497590 4.68
18.527949 4.68
18.544074 4.68
18.569200 4.68
18.580074 4.68
18.610477 4.68
18.621353 4.68
18.657074 4.68
18.667825 4.68
18.698476 4.68
18.709201 4.68
18.745075 4.68
18.755950 4.68
18.786480 4.68
18.797354 4.68
18.832826 4.68
18.843701 4.68
18.873951 4.68
18.889952 4.68
18.915203 4.68
18.926076 4.68
18.956481 4.68
18.967356 4.68
19.002952 4.68
19.019077 4.68
19.047354 4.68
19.063343 4.68
19.088721 4.68
19.099471 4.68
19.129953 4.68
19.145828 4.68
19.171205 4.68
19.182079 4.68
19.212596 4.68
19.223480 4.68
19.259079 4.68
19.269829 4.68
19.300484 4.68
19.311205 4.68
19.347079 4.68
19.357830 4.68
19.388485 4.68
19.399206 4.68
19.434955 4.68
19.450955 4.68
19.476207 4.68
19.487081 4.68
19.517360 4.68
19.533485 4.68
19.563956 4.68
19.580081 4.68
19.605207 4.68
19.616081 4.68
19.646361 4.68
19.662474 4.68
19.689333 4.68
19.700208 4.68
19.732334 4.68
19.743208 4.68
19.778958 4.68
19.794833 4.68
19.820208 4.68
19.831083 4.68
19.861486 4.68
19.872362 4.68
19.908084 4.68
19.918834 4.68
19.949488 4.68
19.960360 4.68
19.996084 4.68
20.006834 4.68
20.037489 4.68
20.048210 4.68
20.084084 4.68
20.094960 4.68
20.125489 4.68
20.136211 4.68
20.171960 4.68
20.187960 4.68
20.216365 4.68
20.232491 4.68
20.259212 4.68
20.270086 4.68
20.300491 4.68
20.311212 4.68
20.346962 4.68
20.357837 4.68
20.388213 4.68
20.404364 4.68
20.434962 4.68
20.445838 4.68
20.476214 4.68
20.492367 4.68
20.517494 4.68
20.528364 4.68
20.558838 4.68
20.571215 4.68
20.599964 4.68
20.610839 4.68
20.641214 4.68
20.657369 4.68
20.682493 4.68
20.693368 4.68
20.723839 4.68
20.739840 4.68
20.764964 4.68
20.775715 4.68
20.806217 4.68
20.822369 4.68
20.847492 4.68
20.858217 4.68
20.888716 4.68
20.899483 4.68
20.929841 4.68
20.945966 4.68
20.970966 4.68
20.981841 4.68
21.012218 4.68
21.028370 4.68
21.053496 4.68
21.064371 4.68
21.094842 4.68
21.110967 4.68
21.135967 4.68
21.146842 4.68
21.177219 4.68
21.193369 4.68
21.218496 4.68
21.229219 4.68
21.259844 4.68
21.275967 4.68
21.300969 4.68
21.311719 4.68
21.342094 4.68
21.352844 4.68
21.383497 4.68
21.399373 4.68
21.424844 4.68
21.440970 4.68
21.465970 4.68
21.476844 4.68
21.507221 4.68
21.523249 4.68
21.553971 4.68
21.564721 4.68
21.595222 4.68
21.611375 4.68
21.641971 4.68
21.652846 4.68
21.683223 4.68
21.699375 4.68
21.724499 4.68
21.735373 4.68
21.765847 4.68
21.781847 4.68
21.806972 4.68
21.817722 4.68
21.848224 4.68
21.864375 4.68
21.889500 4.68
21.900224 4.68
21.930848 4.68
21.946973 4.68
21.971974 4.68
21.982848 4.68
22.013224 4.68
22.029226 4.68
22.054501 4.68
22.065225 4.68
22.095724 4.68
22.106493 4.68
22.136725 4.68
22.147492 4.68
22.177850 4.68
22.193975 4.68
22.218975 4.68
22.229850 4.68
22.260226 4.68
22.276101 4.68
22.306851 4.68
22.322850 4.68
22.347976 4.68
22.358851 4.68
22.389227 4.68
22.405227 4.68
22.435852 4.68
22.451745 4.68
22.476977 4.68
22.487728 4.68
22.518102 4.68
22.530742 4.68
22.561233 4.68
22.572103 4.68
22.602382 4.68
22.613228 4.68
22.648853 4.68
22.664853 4.68
22.689978 4.68
22.700853 4.68
22.731229 4.68
22.747229 4.68
22.774128 4.68
22.784979 4.68
22.817114 4.68
22.827855 4.68
22.860114 4.68
22.870855 4.68
22.906745 4.68
22.919116 4.68
22.948105 4.68
22.960498 4.68
22.991115 4.68
23.001981 4.68
23.034116 4.68
23.044856 4.68
23.075384 4.68
23.086232 4.68
23.116621 4.68
23.127372 4.68
23.157732 4.68
23.170117 4.68
23.198732 4.68
23.211117 4.68
23.239732 4.68
23.255733 4.68
23.280732 4.68
23.293126 4.68
23.321858 4.68
23.332624 4.68
23.362984 4.68
23.373859 4.68
23.404234 4.68
23.414984 4.68
23.450752 4.68
23.463139 4.68
23.491984 4.68
23.502860 4.68
23.533387 4.68
23.544235 4.68
23.574626 4.68
23.585388 4.68
23.615860 4.68
23.626627 4.68
23.657236 4.68
23.667986 4.68
23.703750 4.68
23.719756 4.68
23.744986 4.68
23.755736 4.68
23.786390 4.68
23.797237 4.68
23.827737 4.68
23.843737 4.68
23.868737 4.68
23.884737 4.68
23.909862 4.68
23.920737 4.68
23.950987 4.68
23.961738 4.68
23.992265 4.68
24.003120 4.68
24.033393 4.68
24.044121 4.68
24.074738 4.68
24.090754 4.68
24.115739 4.68
24.131864 4.68
24.156739 4.68
24.172864 4.68
24.197739 4.68
24.213864 4.68
24.238740 4.68
24.254865 4.68
24.279865 4.68
24.290631 4.68
24.320990 4.68
24.331741 4.68
24.362393 4.68
24.373119 4.68
24.403741 4.68
24.419866 4.68
24.444866 4.68
24.455741 4.68
24.485991 4.68
24.496866 4.68
24.527396 4.68
24.538271 4.68
24.568742 4.68
24.584867 4.68
24.609867 4.68
24.620632 4.68
24.650992 4.68
24.661743 4.68
24.692396 4.68
24.703122 4.68
24.733743 4.68
24.749869 4.68
24.774868 4.68
24.785743 4.68
24.815994 4.68
24.826869 4.68
24.857399 4.68
24.868273 4.68
24.898745 4.68
24.914869 4.68
24.939870 4.68
24.950637 4.68
24.980995 4.68
24.991745 4.68
25.024139 4.68
25.034995 4.68
25.070870 4.68
25.081746 4.68
25.111996 4.68
25.124636 4.68
25.153275 4.68
25.163996 4.68
25.194747 4.68
25.210872 4.68
25.235747 4.68
25.251872 4.68
25.276872 4.68
25.287640 4.68
25.317997 4.68
25.330639 4.68
25.359275 4.68
25.369998 4.68
25.400748 4.68
25.416873 4.68
25.441873 4.68
25.452640 4.68
25.482999 4.68
25.495641 4.68
25.526152 4.68
25.536999 4.68
25.569154 4.68
25.579999 4.68
25.615875 4.68
25.626750 4.68
25.657000 4.68
25.669404 4.68
25.700030 4.68
25.710875 4.68
25.743005 4.68
25.753875 4.68
25.784278 4.68
25.795127 4.68
25.825643 4.68
25.838005 4.68
25.866751 4.68
25.882877 4.68
25.907877 4.68
25.918642 4.68
25.949002 4.68
25.961406 4.68
25.990128 4.68
26.001002 4.68
26.036878 4.68
26.047644 4.68
26.078003 4.68
26.094003 4.68
26.119280 4.68
26.130003 4.68
26.160643 4.68
26.176647 4.68
26.201754 4.68
26.212645 4.68
26.242879 4.68
26.253754 4.68
26.284004 4.68
26.299880 4.68
26.325285 4.68
26.336005 4.68
26.366644 4.68
26.382647 4.68
26.407755 4.68
26.418647 4.68
26.448881 4.68
26.459631 4.68
26.490006 4.68
26.506006 4.68
26.531132 4.68
26.542006 4.68
26.577882 4.68
26.588756 4.68
26.619007 4.68
26.635007 4.68
26.663286 4.68
26.674134 4.68
26.704757 4.68
26.715649 4.68
26.745757 4.68
26.756633 4.68
26.786758 4.68
26.797633 4.68
26.827758 4.68
26.838633 4.68
26.868883 4.68
26.879634 4.68
26.910008 4.68
26.926009 4.68
26.951286 4.68
26.962009 4.68
26.992650 4.68
27.008526 4.68
27.033760 4.68
27.044635 4.68
27.074760 4.68
27.085635 4.68
27.115760 4.68
27.126652 4.68
27.156885 4.68
27.167636 4.68
27.198010 4.68
27.214011 4.68
27.244653 4.68
27.260528 4.68
27.285761 4.68
27.296653 4.68
27.326762 4.68
27.337637 4.68
27.367762 4.68
27.378637 4.68
27.408762 4.68
27.419655 4.68
27.449763 4.68
27.460638 4.68
27.490763 4.68
27.501653 4.68
27.531888 4.68
27.542638 4.68
27.573014 4.68
27.589014 4.68
27.614140 4.68
27.625014 4.68
27.660889 4.68
27.671765 4.68
27.702014 4.68
27.718015 4.68
27.743292 4.68
27.754015 4.68
27.784656 4.68
27.800658 4.68
27.825890 4.68
27.836641 4.68
27.867015 4.68
27.883016 4.68
27.908293 4.68
27.919016 4.68
27.949658 4.68
27.965658 4.68
27.990892 4.68
28.001642 4.68
28.032017 4.68
28.048017 4.68
28.073296 4.68
28.084143 4.68
28.114767 4.68
28.125657 4.68
28.155768 4.68
28.166643 4.68
28.196768 4.68
28.207643 4.68
28.237768 4.68
28.248644 4.68
28.278769 4.68
28.289644 4.68
28.319769 4.68
28.330644 4.68
28.360769 4.68
28.371644 4.68
28.401769 4.68
28.412645 4.68
28.442770 4.68
28.453645 4.68
28.483770 4.68
28.494645 4.68
28.524771 4.68
28.535664 4.68
28.565770 4.68
28.576646 4.68
28.606771 4.68
28.617646 4.68
28.647771 4.68
28.658646 4.68
28.688772 4.68
28.699647 4.68
28.729772 4.68
28.740647 4.68
28.770772 4.68
28.781648 4.68
28.811772 4.68
28.822647 4.68
28.852773 4.68
28.863647 4.68
28.893773 4.68
28.904648 4.68
28.934773 4.68
28.945648 4.68
28.975774 4.68
28.986649 4.68
29.016774 4.68
29.027649 4.68
29.057775 4.68
29.068649 4.68
29.099024 4.68
29.109899 4.68
29.145427 4.68
29.156151 4.68
29.186775 4.68
29.197666 4.68
29.227900 4.68
29.243776 4.68
29.269025 4.68
29.279776 4.68
29.315419 4.68
29.326152 4.68
29.356668 4.68
29.367419 4.68
29.397902 4.68
29.413777 4.68
29.439026 4.68
29.449777 4.68
29.485418 4.68
29.496153 4.68
29.526670 4.68
29.537420 4.68
29.567778 4.68
29.578653 4.68
29.608778 4.68
29.619653 4.68
29.649779 4.68
29.660654 4.68
29.690779 4.68
29.701654 4.68
29.731779 4.68
29.742654 4.68
29.772779 4.68
29.783654 4.68
29.813904 4.68
29.829780 4.68
29.855030 4.68
29.865780 4.68
29.901423 4.68
29.912156 4.68
29.942672 4.68
29.953422 4.68
29.983656 4.68
29.994421 4.68
30.024656 4.68
30.035422 4.68
30.065656 4.68
30.076424 4.68
30.106782 4.68
30.117657 4.68
30.147907 4.68
30.163782 4.68
30.189158 4.68
30.200032 4.68
30.230673 4.68
30.241424 4.68
30.271658 4.68
30.282425 4.68
30.312658 4.68
30.323425 4.68
30.353659 4.68
30.364425 4.68
30.394659 4.68
30.405424 4.68
30.435660 4.68
30.446426 4.68
30.476659 4.68
30.487426 4.68
30.517660 4.68
30.528552 4.68
30.558677 4.68
30.569426 4.68
30.599660 4.68
30.610427 4.68
30.640661 4.68
30.651429 4.68
30.681661 4.68
30.692429 4.68
30.722661 4.68
30.733426 4.68
30.763661 4.68
30.774430 4.68
30.804662 4.68
30.815428 4.68
30.845662 4.68
30.856430 4.68
30.886663 4.68
30.897429 4.68
30.927663 4.68
30.938430 4.68
30.968663 4.68
30.979429 4.68
31.009663 4.68
31.020429 4.68
31.050663 4.68
31.061429 4.68
31.091664 4.68
31.102431 4.68
31.132664 4.68
31.143432 4.68
31.173664 4.68
31.184429 4.68
31.214790 4.68
31.227290 4.68
31.255790 4.68
31.268166 4.68
31.296790 4.68
31.309166 4.68
31.337790 4.68
31.350167 4.68
31.378791 4.68
31.391167 4.68
31.419791 4.68
31.432167 4.68
31.460792 4.68
31.473167 4.68
31.501792 4.68
31.514167 4.68
31.542792 4.68
31.555169 4.68
31.583792 4.68
31.596169 4.68
31.624792 4.68
31.640668 4.68
31.665793 4.68
31.678169 4.68
31.706793 4.68
31.722668 4.68
31.747794 4.68
31.763669 4.68
31.788794 4.68
31.804669 4.68
31.829794 4.68
31.845669 4.68
31.870794 4.68
31.886670 4.68
31.911794 4.68
31.924171 4.68
31.952795 4.68
31.968670 4.68
31.993795 4.68
32.009671 4.68
32.034795 4.68
32.050671 4.68
32.075796 4.68
32.091671 4.68
32.116796 4.68
32.129200 4.68
32.157796 4.68
32.173672 4.68
32.198797 4.68
32.214672 4.68
32.239797 4.68
32.255672 4.68
32.280797 4.68
32.296798 4.68
32.321922 4.68
32.332673 4.68
32.368315 4.68
32.379048 4.68
32.409690 4.68
32.420441 4.68
32.450923 4.68
32.461674 4.68
32.497315 4.68
32.513316 4.68
32.538691 4.68
32.549440 4.68
32.579924 4.68
32.590674 4.68
32.626318 4.68
32.642316 4.68
32.667692 4.68
32.678443 4.68
32.708925 4.68
32.719675 4.68
32.755317 4.68
32.771320 4.68
32.796693 4.68
32.807445 4.68
32.837926 4.68
32.848676 4.68
32.884318 4.68
32.900319 4.68
32.925802 4.68
32.941802 4.68
32.966927 4.68
32.977676 4.68
33.013318 4.68
33.024052 4.68
33.054693 4.68
33.065443 4.68
33.095928 4.68
33.106678 4.68
33.137619 4.68
33.148334 4.68
33.178680 4.68
33.189428 4.68
33.219678 4.68
33.230428 4.68
33.260678 4.68
33.271428 4.68
33.301678 4.68
33.312429 4.68
33.342679 4.68
33.353429 4.68
33.383679 4.68
33.394429 4.68
33.424679 4.68
33.435429 4.68
33.465679 4.68
33.476430 4.68
33.506680 4.68
33.517430 4.68
33.547680 4.68
33.558431 4.68
33.588680 4.68
33.604556 4.68
33.629681 4.68
33.642182 4.68
33.670681 4.68
33.681431 4.68
33.711681 4.68
33.722431 4.68
33.752681 4.68
33.765182 4.68
33.793682 4.68
33.804432 4.68
33.834682 4.68
33.845432 4.68
33.875683 4.68
33.888183 4.68
33.916683 4.68
33.929183 4.68
33.957683 4.68
33.970184 4.68
33.998683 4.68
34.011184 4.68
34.039683 4.68
34.052059 4.68
34.080684 4.68
34.093059 4.68
34.121684 4.68
34.134059 4.68
34.162685 4.68
34.175059 4.68
34.203685 4.68
34.216060 4.68
34.244685 4.68
34.257060 4.68
34.285685 4.68
34.298061 4.68
34.326685 4.68
34.339061 4.68
34.367686 4.68
34.380060 4.68
34.408686 4.68
34.421061 4.68
34.449687 4.68
34.462062 4.68
34.490687 4.68
34.506562 4.68
34.531687 4.68
34.544062 4.68
34.572687 4.68
34.585062 4.68
34.613688 4.68
34.629688 4.68
34.654688 4.68
34.670563 4.68
34.695688 4.68
34.708064 4.68
34.736689 4.68
34.752564 4.68
34.777689 4.68
34.790064 4.68
34.818690 4.68
34.834564 4.68
34.859689 4.68
34.875565 4.68
34.900690 4.68
34.916690 4.68
34.941690 4.68
34.957566 4.68
34.982691 4.68
34.998566 4.68
35.023691 4.68
35.039566 4.68
35.064690 4.68
35.080566 4.68
35.105691 4.68
35.121567 4.68
35.146692 4.68
35.162567 4.68
35.187692 4.68
35.203692 4.68
35.228692 4.68
35.244567 4.68
35.269693 4.68
35.285567 4.68
35.310693 4.68
35.326568 4.68
35.351693 4.68
35.367568 4.68
35.392693 4.68
35.408569 4.68
35.433693 4.68
35.449569 4.68
35.474694 4.68
35.490694 4.68
35.515694 4.68
35.531569 4.68
35.556694 4.68
35.572569 4.68
35.597694 4.68
35.613570 4.68
35.638695 4.68
35.654570 4.68
35.679695 4.68
35.695571 4.68
35.720696 4.68
35.736571 4.68
35.761696 4.68
35.777696 4.68
35.802696 4.68
35.818571 4.68
35.843696 4.68
35.859572 4.68
35.884697 4.68
35.900572 4.68
35.925697 4.68
35.941572 4.68
35.966697 4.68
35.982573 4.68
36.007698 4.68
36.023573 4.68
36.048698 4.68
36.064698 4.68
36.089698 4.68
36.105573 4.68
36.130698 4.68
36.146574 4.68
36.171698 4.68
36.187574 4.68
36.212699 4.68
36.228575 4.68
36.253699 4.68
36.269575 4.68
36.294700 4.68
36.310575 4.68
36.335700 4.68
36.351700 4.68
36.376700 4.68
36.392575 4.68
36.417701 4.68
36.433576 4.68
36.458701 4.68
36.474576 4.68
36.499701 4.68
36.515577 4.68
36.540701 4.68
36.556577 4.68
36.581702 4.68
36.597577 4.68
36.622702 4.68
36.638702 4.68
36.663702 4.68
36.679577 4.68
36.704702 4.68
36.720578 4.68
36.745703 4.68
36.761578 4.68
36.786703 4.68
36.802578 4.68
36.827704 4.68
36.843579 4.68
36.868704 4.68
36.884580 4.68
36.909704 4.68
36.925704 4.68
36.950705 4.68
36.966580 4.68
36.991704 4.68
37.007580 4.68
37.032705 4.68
37.048580 4.68
37.073705 4.68
37.089581 4.68
37.114706 4.68
37.130581 4.68
37.155706 4.68
37.171581 4.68
37.196706 4.68
37.212707 4.68
37.237706 4.68
37.253586 4.68
37.278706 4.68
37.294582 4.68
37.319707 4.68
37.335583 4.68
37.360707 4.68
37.376583 4.68
37.401708 4.68
37.417583 4.68
37.442708 4.68
37.453458 4.68
37.483708 4.68
37.499708 4.68
37.524708 4.68
37.540584 4.68
37.565709 4.68
37.581584 4.68
37.606709 4.68
37.622585 4.68
37.647709 4.68
37.663585 4.68
37.688710 4.68
37.699460 4.68
37.729710 4.68
37.740460 4.68
37.770710 4.68
37.781460 4.68
37.811710 4.68
37.822461 4.68
37.852711 4.68
37.863461 4.68
37.893711 4.68
37.904462 4.68
37.934712 4.68
37.945461 4.68
37.975712 4.68
37.986462 4.68
38.016712 4.68
38.027462 4.68
38.057712 4.68
38.068462 4.68
38.098712 4.68
38.109463 4.68
38.139713 4.68
38.150463 4.68
38.180713 4.68
38.191464 4.68
38.221714 4.68
38.232464 4.68
38.262714 4.68
38.273464 4.68
38.303714 4.68
38.314464 4.68
38.344714 4.68
38.355465 4.68
38.385714 4.68
38.396465 4.68
38.426715 4.68
38.437465 4.68
38.467715 4.68
38.478466 4.68
38.508716 4.68
38.519466 4.68
38.549716 4.68
38.560466 4.68
38.590716 4.68
38.601467 4.68
38.631716 4.68
38.642467 4.68
38.672717 4.68
38.683467 4.68
38.713717 4.68
38.724468 4.68
38.754717 4.68
38.765468 4.68
38.795718 4.68
38.806468 4.68
38.836718 4.68
38.847468 4.68
38.877718 4.68
38.888468 4.68
38.918718 4.68
38.929469 4.68
38.959719 4.68
38.970469 4.68
39.000719 4.68
39.011470 4.68
39.041720 4.68
39.052470 4.68
39.082720 4.68
39.093470 4.68
39.123720 4.68
39.134470 4.68
39.164720 4.68
39.175470 4.68
39.205720 4.68
39.216471 4.68
39.246721 4.68
39.257471 4.68
39.287721 4.68
39.298471 4.68
39.328722 4.68
39.339472 4.68
39.369722 4.68
39.380472 4.68
39.410722 4.68
39.421472 4.68
39.451722 4.68
39.462473 4.68
39.492722 4.68
39.503473 4.68
39.533723 4.68
39.544473 4.68
39.574723 4.68
39.585473 4.68
39.615724 4.68
39.626473 4.68
39.656724 4.68
39.667474 4.68
39.697724 4.68
39.708474 4.68
39.738724 4.68
39.749475 4.68
39.779725 4.68
39.790475 4.68
39.820725 4.68
39.831475 4.68
39.861725 4.68
39.872476 4.68
39.902726 4.68
39.913475 4.68
39.943726 4.68
39.954476 4.68
39.984726 4.68
39.995476 4.68
40.025726 4.68
40.036477 4.68
40.066727 4.68
40.077477 4.68
40.107727 4.68
40.118477 4.68
40.148729 4.68
40.159495 4.68
40.189729 4.68
40.200498 4.68
40.230854 4.68
40.241627 4.68
40.277104 4.68
40.292980 4.68
40.318510 4.68
40.334384 4.68
40.359730 4.68
40.370497 4.68
40.400855 4.68
40.411624 4.68
40.447106 4.68
40.462981 4.68
40.488510 4.68
40.504385 4.68
40.529857 4.68
40.540623 4.68
40.576107 4.68
40.591982 4.68
40.617498 4.68
40.633499 4.68
40.658858 4.68
40.669624 4.68
40.705115 4.68
40.720983 4.68
40.746513 4.68
40.762500 4.68
40.787858 4.68
40.798625 4.68
40.834115 4.68
40.849984 4.68
40.875502 4.68
40.891501 4.68
40.916627 4.68
40.927388 4.68
40.957860 4.68
40.968627 4.68
41.004118 4.68
41.020117 4.68
41.045500 4.68
41.061389 4.68
41.086860 4.68
41.097628 4.68
41.133119 4.68
41.149118 4.68
41.174514 4.68
41.190391 4.68
41.215862 4.68
41.226628 4.68
41.262119 4.68
41.277986 4.68
41.303503 4.68
41.319389 4.68
41.346488 4.68
41.357267 4.68
41.387738 4.68
41.398505 4.68
41.428863 4.68
41.439738 4.68
41.475121 4.68
41.490989 4.68
41.516631 4.68
41.532630 4.68
41.557739 4.68
41.568631 4.68
41.598864 4.68
41.609631 4.68
41.645118 4.68
41.669630 4.68
41.699118 4.68
41.715119 4.68
41.740631 4.68
41.756633 4.68
41.781741 4.68
41.792633 4.68
41.824507 4.68
41.835269 4.68
41.867522 4.68
41.878396 4.68
41.910523 4.68
41.921270 4.68
41.953523 4.68
41.964396 4.68
41.996524 4.68
42.007270 4.68
42.039523 4.68
42.050397 4.68
42.082521 4.68
42.093270 4.68
42.125514 4.68
42.136270 4.68
42.168495 4.68
42.179273 4.68
42.209744 4.68
42.220637 4.68
42.252525 4.68
42.263273 4.68
42.295525 4.68
42.306397 4.68
42.338525 4.68
42.349274 4.68
42.385124 4.68
42.395995 4.68
42.426637 4.68
42.437398 4.68
42.472996 4.68
42.485512 4.68
42.514275 4.68
42.525124 4.68
42.555639 4.68
42.566399 4.68
42.601871 4.68
42.612636 4.68
42.642997 4.68
42.655403 4.68
42.684402 4.68
42.714125 4.68
42.724997 4.68
42.755640 4.68
42.766401 4.68
42.798404 4.68
42.809276 4.68
42.839748 4.68
42.850641 4.68
42.885873 4.68
42.896624 4.68
42.926999 4.68
42.942874 4.68
42.968278 4.68
42.978999 4.68
43.009750 4.68
43.020639 4.68
43.056125 4.68
43.067000 4.68
43.097640 4.68
43.108405 4.68
43.144000 4.68
43.160130 4.68
43.185288 4.68
43.196127 4.68
43.226769 4.68
43.237644 4.68
43.268001 4.68
43.283876 4.68
43.309278 4.68
43.320135 4.68
43.350752 4.68
43.361644 4.68
43.396877 4.68
43.407627 4.68
43.438002 4.68
43.453877 4.68
43.479281 4.68
43.490003 4.68
43.520753 4.68
43.531643 4.68
43.567004 4.68
43.583129 4.68
43.608282 4.68
43.619130 4.68
43.649754 4.68
43.660647 4.68
43.695879 4.68
43.706630 4.68
43.737004 4.68
43.752880 4.68
43.778282 4.68
43.789131 4.68
43.819755 4.68
43.830648 4.68
43.865880 4.68
43.876631 4.68
43.907006 4.68
43.922881 4.68
43.948283 4.68
43.959006 4.68
43.989646 4.68
44.000398 4.68
44.035881 4.68
44.046648 4.68
44.077007 4.68
44.092882 4.68
44.121286 4.68
44.132133 4.68
44.162648 4.68
44.173401 4.68
44.208883 4.68
44.219633 4.68
44.250008 4.68
44.265884 4.68
44.291288 4.68
44.302008 4.68
44.332652 4.68
44.343401 4.68
44.379135 4.68
44.390009 4.68
44.420652 4.68
44.431402 4.68
44.467010 4.68
44.483136 4.68
44.508287 4.68
44.519010 4.68
44.549650 4.68
44.560402 4.68
44.595886 4.68
44.606761 4.68
44.637011 4.68
44.652886 4.68
44.678414 4.68
44.694653 4.68
44.721388 4.68
44.732138 4.68
44.764388 4.68
44.775292 4.68
44.807389 4.68
44.818292 4.68
44.850389 4.68
44.861290 4.68
44.893389 4.68
44.904293 4.68
44.936390 4.68
44.947139 4.68
44.979390 4.68
44.990140 4.68
45.022390 4.68
45.033293 4.68
45.065390 4.68
45.076167 4.68
45.112014 4.68
45.128141 4.68
45.153293 4.68
45.169418 4.68
45.200015 4.68
45.210890 4.68
45.241530 4.68
45.252419 4.68
45.288141 4.68
45.299016 4.68
45.329419 4.68
45.345660 4.68
45.372392 4.68
45.383295 4.68
45.418892 4.68
45.435016 4.68
45.460017 4.68
45.476017 4.68
45.501295 4.68
45.517296 4.68
45.542660 4.68
45.553534 4.68
45.583893 4.68
45.599893 4.68
45.625018 4.68
45.641018 4.68
45.666422 4.68
45.682422 4.68
45.713019 4.68
45.729145 4.68
45.754298 4.68
45.770423 4.68
45.801019 4.68
45.817019 4.68
45.842298 4.68
45.858421 4.68
45.889020 4.68
45.899895 4.68
45.930297 4.68
45.946147 4.68
45.977020 4.68
45.987896 4.68
46.018300 4.68
46.034425 4.68
46.065021 4.68
46.075896 4.68
46.106300 4.68
46.122425 4.68
46.153022 4.68
46.163897 4.68
46.199666 4.68
46.210539 4.68
46.240773 4.68
46.251648 4.68
46.281773 4.68
46.292648 4.68
46.322773 4.68
46.333648 4.68
46.363773 4.68
46.374648 4.68
46.404773 4.68
46.415649 4.68
46.445774 4.68
46.456649 4.68
46.486774 4.68
46.497650 4.68
46.527899 4.68
46.544024 4.68
46.569024 4.68
46.579775 4.68
46.610304 4.68
46.626428 4.68
46.657025 4.68
46.667900 4.68
46.698427 4.68
46.709304 4.68
46.744901 4.68
46.761026 4.68
46.786026 4.68
46.796902 4.68
46.827305 4.68
46.843305 4.68
46.868668 4.68
46.879420 4.68
46.915027 4.68
46.925778 4.68
46.956429 4.68
46.967154 4.68
47.003027 4.68
47.013903 4.68
47.044433 4.68
47.055310 4.68
47.091028 4.68
47.101779 4.68
47.132307 4.68
47.148433 4.68
47.173671 4.68
47.184419 4.68
47.214904 4.68
47.231029 4.68
47.256029 4.68
47.266904 4.68
47.297309 4.68
47.313434 4.68
47.338672 4.68
47.349422 4.68
47.384781 4.68
47.395656 4.68
47.425906 4.68
47.441906 4.68
47.467031 4.68
47.477781 4.68
47.508158 4.68
47.519032 4.68
47.549672 4.68
47.560424 4.68
47.590782 4.68
47.601657 4.68
47.631907 4.68
47.647907 4.68
47.673033 4.68
47.683782 4.68
47.714311 4.68
47.730435 4.68
47.760908 4.68
47.776908 4.68
47.802033 4.68
47.812784 4.68
47.843312 4.68
47.859313 4.68
47.889784 4.68
47.900676 4.68
47.930784 4.68
47.943285 4.68
47.971785 4.68
47.982660 4.68
48.012785 4.68
48.023660 4.68
48.053785 4.68
48.066286 4.68
48.094786 4.68
48.105661 4.68
48.135786 4.68
48.148287 4.68
48.176786 4.68
48.189287 4.68
48.217787 4.68
48.230163 4.68
48.258786 4.68
48.271163 4.68
48.299787 4.68
48.312163 4.68
48.340787 4.68
48.353163 4.68
48.381788 4.68
48.394163 4.68
48.422788 4.68
48.435164 4.68
48.463788 4.68
48.476164 4.68
48.504788 4.68
48.520914 4.68
48.545789 4.68
48.561914 4.68
48.586790 4.68
48.602789 4.68
48.627789 4.68
48.643790 4.68
48.668790 4.68
48.684915 4.68
48.709790 4.68
48.725915 4.68
48.750790 4.68
48.766916 4.68
48.791791 4.68
48.807916 4.68
48.832791 4.68
48.848917 5.00
48.873791 4.68
48.889916 4.68
48.914792 4.68
48.930916 4.68
48.955792 4.68
48.971917 4.68
48.996792 4.68
49.012917 4.68
49.037792 4.68
49.053793 4.68
49.078918 4.68
49.089668 4.68
49.120043 4.68
49.130918 4.68
49.161294 4.68
49.172043 4.68
49.202449 4.68
49.213294 4.68
49.243686 4.68
49.254437 4.68
49.284794 4.68
49.300795 4.68
49.325794 5.00
49.341920 5.00
49.366795 4.68
49.382920 4.68
49.407795 4.68
49.423920 4.68
49.448795 4.68
49.464920 4.68
49.489796 4.68
49.505921 4.68
49.530796 4.68
49.546688 4.68
49.571796 5.00
49.587921 4.68
49.612796 4.68
49.628922 4.68
49.653796 4.68
49.669922 4.68
49.694797 4.68
49.710922 4.68
49.735797 4.68
49.751922 4.68
49.776798 4.68
49.792798 4.68
49.817923 5.00
49.828673 4.68
49.859174 4.68
49.875298 4.68
49.905924 4.68
49.916674 4.68
49.947175 4.68
49.963175 4.68
49.993924 4.68
50.004674 4.68
50.035049 4.68
50.045800 4.68
50.076455 4.68
50.087300 4.68
50.117800 4.68
50.133925 4.68
50.158926 4.68
50.169676 4.68
50.200177 4.68
50.216300 4.68
50.246926 4.68
50.257676 4.68
50.288177 4.68
50.304331 4.68
50.329454 4.68
50.340177 4.68
50.370677 4.68
50.381444 4.68
50.411677 4.68
50.422445 4.68
50.452803 4.68
50.468928 4.68
50.493928 4.68
50.504677 4.68
50.535207 5.00
50.551333 4.68
50.581929 4.68
50.592678 4.68
50.623054 4.68
50.633804 4.68
50.666184 4.68
50.677054 4.68
50.712929 4.68
50.723679 4.68
50.754181 4.68
50.770322 5.00
50.800930 4.68
50.811679 4.68
50.842182 4.68
50.858321 4.68
50.888931 4.68
50.899680 4.68
50.930183 4.68
50.946183 4.68
50.976931 4.68
50.987681 4.68
51.018183 5.00
51.034324 4.68
51.061061 4.68
51.071807 4.68
51.104062 4.68
51.114808 4.68
51.150698 4.68
51.163062 4.68
51.191933 4.68
51.202683 4.68
51.233199 4.68
51.249324 5.00
51.274339 4.68
51.285058 4.68
51.315700 4.68
51.328063 4.68
51.356934 4.68
51.367684 4.68
51.398186 4.68
51.414185 4.68
51.444935 4.68
51.455684 4.68
51.486186 4.68
51.502337 5.00
51.532811 4.68
51.543702 4.68
51.573936 4.68
51.584811 4.68
51.615216 4.68
51.626061 4.68
51.656701 4.68
51.672704 4.68
51.698062 4.68
51.710455 4.68
51.744705 5.00
51.757066 4.68
51.785937 4.68
51.796812 4.68
51.827062 4.68
51.839455 4.68
51.873705 4.68
51.889704 4.68
51.914938 4.68
51.925813 4.68
51.956190 4.68
51.967064 4.68
52.002706 4.68
52.018705 4.68
52.043939 4.68
52.054814 4.68
52.085191 4.68
52.096064 4.68
52.126329 4.68
52.137065 4.68
52.167707 4.68
52.183705 4.68
52.208940 4.68
52.219691 5.00
52.250191 4.68
52.261066 4.68
52.296708 4.68
52.312707 4.68
52.337941 4.68
52.348691 4.68
52.379192 4.68
52.390067 4.68
52.425710 4.68
52.441709 4.68
52.466942 4.68
52.477817 4.68
52.508193 4.68
52.519067 4.68
52.554711 4.68
52.570711 4.68
52.595943 4.68
52.606818 4.68
52.637195 4.68
52.648068 4.68
52.683943 4.68
52.694819 5.00
52.725195 5.00
52.736069 4.68
52.771710 4.68
52.787711 4.68
52.812944 4.68
52.823819 4.68
52.854196 4.68
52.865070 4.68
52.900945 4.68
52.911820 4.68
52.942197 4.68
52.953070 4.68
52.983350 4.68
52.994197 4.68
53.024712 4.68
53.040713 4.68
53.065946 4.68
53.076821 4.68
53.107198 4.68
53.118072 4.68
53.153715 4.68
53.169714 4.68
53.194947 4.68
53.205697 4.68
53.236073 4.68
53.252073 4.68
53.282716 4.68
53.298716 4.68
53.323948 4.68
53.334698 4.68
53.365199 4.68
53.376073 4.68
53.411949 4.68
53.422699 4.68
53.453200 4.68
53.464074 4.68
53.499718 4.68
53.515716 4.68
53.541075 4.68
53.557075 4.68
53.587718 4.68
53.603717 4.68
53.628950 4.68
53.641468 4.68
53.670201 5.00
53.681076 4.68
53.716719 4.68
53.732719 4.68
53.757951 4.68
53.770469 4.68
53.802202 4.68
53.813077 4.68
53.848719 4.68
53.864719 4.68
53.889953 4.68
53.902344 5.00
53.931203 4.68
53.942077 4.68
53.977720 4.68
53.993720 4.68
54.018953 4.68
54.031345 4.68
54.060078 4.68
54.076078 4.68
54.106720 4.68
54.122724 4.68
54.147954 4.68
54.160344 4.68
54.189205 4.68
54.200080 4.68
54.235720 4.68
54.251720 4.68
54.276955 4.68
54.289347 4.68
54.318206 4.68
54.329080 4.68
54.359484 4.68
54.375597 4.68
54.400706 4.68
54.411473 4.68
54.441706 4.68
54.452474 4.68
54.482706 4.68
54.493474 4.68
54.523707 4.68
54.534474 4.68
54.564832 4.68
54.575707 4.68
54.605957 4.68
54.621832 4.68
54.647209 5.00
54.658083 4.68
54.688484 4.68
54.699210 4.68
54.729708 4.68
54.740473 4.68
54.770834 4.68
54.781708 4.68
54.811959 4.68
54.827959 4.68
54.853211 4.68
54.864084 4.68
54.894486 4.68
54.905211 4.68
54.935835 4.68
54.946710 4.68
54.976960 4.68
54.992835 4.68
55.018212 4.68
55.029085 4.68
55.064478 4.68
55.075212 4.68
55.105836 4.68
55.116711 5.00
55.146961 4.68
55.162961 4.68
55.188213 4.68
55.199087 4.68
55.229491 4.68
55.240213 4.68
55.270837 4.68
55.281713 4.68
55.311962 4.68
55.327963 4.68
55.361606 4.68
55.377603 5.00
55.402713 4.68
55.413480 4.68
55.443838 4.68
55.454713 4.68
55.484964 4.68
55.500963 4.68
55.526243 4.68
55.536964 4.68
55.567732 4.68
55.578606 4.68
55.608964 5.00
55.624965 4.68
55.650243 4.68
55.661090 4.68
55.691715 4.68
55.702608 4.68
55.732840 4.68
55.743715 4.68
55.773966 4.68
55.789966 4.68
55.818216 4.68
55.829091 4.68
55.859731 4.68
55.870483 4.68
55.900967 4.68
55.916842 4.68
55.942218 4.68
55.953092 4.68
55.988484 4.68
55.999218 4.68
56.029717 4.68
56.040483 4.68
56.070718 4.68
56.081485 5.00
56.111843 5.00
56.122718 4.68
56.152968 4.68
56.168844 4.68
56.194220 4.68
56.205094 4.68
56.235497 4.68
56.251612 4.68
56.276719 4.68
56.287487 4.68
56.317845 4.68
56.328720 5.00
56.358970 4.68
56.374970 4.68
56.401979 4.68
56.412720 4.68
56.444980 4.68
56.455846 4.68
56.487980 4.68
56.498721 4.68
56.531001 4.68
56.541846 4.68
56.572613 4.68
56.588613 4.68
56.613847 4.68
56.626375 4.68
56.654972 4.68
56.670972 4.68
56.697858 4.68
56.708737 4.68
56.738973 4.68
56.754973 4.68
56.781857 4.68
56.792738 4.68
56.822974 5.00
56.838973 4.68
56.865858 4.68
56.876740 4.68
56.906974 4.68
56.922973 4.68
56.949859 4.68
56.960740 4.68
56.990974 4.68
57.006974 4.68
57.033859 4.68
57.044614 4.68
57.074975 4.68
57.090975 4.68
57.117851 4.68
57.128618 4.68
57.158976 4.68
57.174975 4.68
57.205381 4.68
57.217882 4.68
57.246851 4.68
57.262726 4.68
57.287976 4.68
57.298727 5.00
57.329102 4.68
57.339852 4.68
57.370617 4.68
57.381368 4.68
57.411728 4.68
57.422620 4.68
57.452728 4.68
57.463495 4.68
57.493728 4.68
57.504496 4.68
57.534853 4.68
57.550728 5.00
57.575979 5.00
57.586854 4.68
57.622383 4.68
57.638372 4.68
57.663619 4.68
57.674373 4.68
57.704620 4.68
57.715372 4.68
57.745731 4.68
57.756496 4.68
57.786855 5.00
57.802855 4.68
57.827980 4.68
57.838856 4.68
57.874386 4.68
57.890383 4.68
57.915621 4.68
57.926371 4.68
57.956623 4.68
57.967373 4.68
57.997857 4.68
58.013857 4.68
58.038982 5.00
58.049732 5.00
58.085626 4.68
58.096375 4.68
58.126732 4.68
58.137499 4.68
58.167858 4.68
58.183858 4.68
58.208983 4.68
58.219734 4.68
58.255626 4.68
58.266387 5.00
58.296859 4.68
58.312734 4.68
58.337984 4.68
58.348859 4.68
58.384628 4.68
58.395389 4.68
58.425628 4.68
58.436388 4.68
58.466735 4.68
58.477500 4.68
58.507861 4.68
58.523735 5.00
58.548986 4.68
58.559861 4.68
58.595628 4.68
58.606388 4.68
58.636861 4.68
58.652862 4.68
58.677986 4.68
58.688737 4.68
58.724629 4.68
58.735390 4.68
58.765737 5.00
58.776502 4.68
58.806862 4.68
58.822863 4.68
58.847988 4.68
58.858863 4.68
58.894393 4.68
58.910391 4.68
58.935739 4.68
58.946629 4.68
58.976864 4.68
58.992864 4.68
59.017989 4.68
59.028739 4.68
59.064629 4.68
59.075393 4.68
59.105865 4.68
59.121864 4.68
59.146990 4.68
59.157865 4.68
59.188395 4.68
59.204393 4.68
59.229865 4.68
59.245741 5.00
59.270991 5.00
59.281741 4.68
59.312395 4.68
59.324875 4.68
59.353867 4.68
59.369866 4.68
59.394992 4.68
59.405742 4.68
59.436395 4.68
59.452394 4.68
59.477742 4.68
59.488635 5.00
59.518867 4.68
59.534868 4.68
59.559992 4.68
59.570868 4.68
59.606398 4.68
59.622397 4.68
59.647744 4.68
59.660123 4.68
59.688744 4.68
59.701123 4.68
59.729744 4.68
59.742124 4.68
59.770869 4.68
59.786745 4.68
59.811995 4.68
59.822870 4.68
59.853399 4.68
59.865775 4.68
59.894745 4.68
59.907125 4.68
59.935871 4.68
59.951746 4.68
59.976996 4.68
59.987871 4.68
60.023401 4.68
60.035776 4.68
60.064872 4.68
60.080872 4.68
60.105997 4.68
60.116747 4.68
60.152398 4.68
60.168402 4.68
60.193748 4.68
60.206124 5.00
60.234873 4.68
60.250748 4.68
60.275998 4.68
60.286873 4.68
60.322403 4.68
60.338403 4.68
60.363749 4.68
60.379749 4.68
60.404874 4.68
60.420749 4.68
60.445999 5.00
60.456750 4.68
60.492402 4.68
60.508404 4.68
60.533768 4.68
60.549750 4.68
60.575000 4.68
60.585750 4.68
60.621404 4.68
60.637405 4.68
60.662751 4.68
60.678751 4.68
60.703876 5.00
60.719876 4.68
60.745001 4.68
60.755876 4.68
60.791403 4.68
60.807282 4.68
60.832752 4.68
60.848752 4.68
60.873877 4.68
60.889877 4.68
60.915002 4.68
60.925752 5.00
60.956408 4.68
60.972407 4.68
60.997646 4.68
61.008393 4.68
61.038878 4.68
61.054753 4.68
61.080004 4.68
61.090879 4.68
61.121408 4.68
61.137281 4.68
61.162644 4.68
61.173396 5.00
61.203645 5.00
61.214519 4.68
61.244755 4.68
61.260630 4.68
61.285755 4.68
61.301631 4.68
61.326755 4.68
61.342756 4.68
61.367755 4.68
61.383631 4.68
61.408881 4.68
61.424881 4.68
61.450006 4.68
61.460756 4.68
61.496410 4.68
61.512410 4.68
61.537757 4.68
61.553757 4.68
61.578882 4.68
61.594758 4.68
61.621759 4.68
61.632647 4.68
61.662883 5.00
61.678758 5.00
61.704008 4.68
61.714758 4.68
61.750402 4.68
61.766402 4.68
61.791651 4.68
61.802401 4.68
61.832759 4.68
61.848760 4.68
61.873759 4.68
61.889635 5.00
61.914760 4.68
61.930635 4.68
61.955886 4.68
61.966760 4.68
61.998762 4.68
62.009650 4.68
62.039761 4.68
62.055636 4.68
62.080761 4.68
62.096761 4.68
62.121761 4.68
62.137762 5.00
62.162887 4.68
62.173637 4.68
62.205793 4.68
62.216653 4.68
62.252138 4.68
62.264763 4.68
62.293655 4.68
62.306156 4.68
62.334887 4.68
62.345638 4.68
62.381139 4.68
62.393639 4.68
62.422656 4.68
62.435014 4.68
62.463639 4.68
62.476013 4.68
62.504639 4.68
62.517014 4.68
62.545779 4.68
62.561639 4.68
62.586889 4.68
62.597765 4.68
62.633170 5.00
62.649158 4.68
62.674656 4.68
62.687015 4.68
62.715766 4.68
62.731766 4.68
62.756766 4.68
62.767641 4.68
62.797766 4.68
62.808641 4.68
62.838767 4.68
62.849641 4.68
62.879766 4.68
62.890641 4.68
62.920767 4.68
62.931643 4.68
62.961767 4.68
62.972642 4.68
63.002768 4.68
63.013643 4.68
63.043768 4.68
63.054643 4.68
63.084768 4.68
63.095643 4.68
63.125894 4.68
63.136643 4.68
63.166894 4.68
63.177644 4.68
63.213145 4.68
63.229145 4.68
63.254661 4.68
63.270659 4.68
63.295770 4.68
63.311770 4.68
63.336770 4.68
63.347645 4.68
63.377770 4.68
63.388645 4.68
63.418770 4.68
63.429664 4.68
63.459895 4.68
63.470646 4.68
63.506299 4.68
63.522177 4.68
63.547772 4.68
63.563772 4.68
63.588772 5.00
63.599647 4.68
63.629772 4.68
63.640647 4.68
63.670772 4.68
63.681648 4.68
63.711773 4.68
63.722648 4.68
63.752773 4.68
63.763648 4.68
63.793774 4.68
63.804649 4.68
63.834773 5.00
63.845648 4.68
63.875774 4.68
63.886542 4.68
63.922150 4.68
63.938150 4.68
63.963669 4.68
63.979666 4.68
64.004775 4.68
64.015650 4.68
64.045900 4.68
64.056650 4.68
64.092151 4.68
64.108155 4.68
64.133665 4.68
64.149667 4.68
64.174776 4.68
64.190652 4.68
64.215776 4.68
64.226651 4.68
64.256776 4.68
64.267651 4.68
64.297902 4.68
64.308777 4.68
64.344153 4.68
64.360156 4.68
64.385671 4.68
64.401670 4.68
64.426777 4.68
64.442653 4.68
64.467902 4.68
64.478779 4.68
64.514158 4.68
64.530305 4.68
64.555670 5.00
64.571672 4.68
64.596779 4.68
64.612654 4.68
64.637779 4.68
64.648654 4.68
64.678779 4.68
64.689655 4.68
64.721656 4.68
64.732422 4.68
64.762655 4.68
64.778780 4.68
64.803655 4.68
64.819656 4.68
64.844656 4.68
64.860656 4.68
64.885656 4.68
64.901673 4.68
64.928658 4.68
64.939436 4.68
64.969656 4.68
64.985674 4.68
65.010657 4.68
65.026657 5.00
65.051658 4.68
65.067658 4.68
65.092658 4.68
65.108675 4.68
65.133658 4.68
65.149783 4.68
65.174658 4.68
65.190658 4.68
65.215675 4.68
65.231673 4.68
65.256784 4.68
65.267659 5.00
65.297784 4.68
65.308659 4.68
65.338784 4.68
65.349659 4.68
65.379785 4.68
65.390660 4.68
65.426161 4.68
65.442160 4.68
65.467677 4.68
65.483677 4.68
65.508786 4.68
65.519661 4.68
65.549911 4.68
65.560662 4.68
65.596162 4.68
65.612162 4.68
65.637679 4.68
65.653787 4.68
65.678662 4.68
65.689428 4.68
65.719662 4.68
65.730431 4.68
65.760663 5.00
65.771430 4.68
65.801663 4.68
65.812431 4.68
65.842663 4.68
65.853430 4.68
65.883663 4.68
65.894431 4.68
65.924664 4.68
65.935429 4.68
65.965664 4.68
65.976431 4.68
66.006664 5.00
66.017432 4.68
66.047665 4.68
66.058430 4.68
66.088665 4.68
66.099431 4.68
66.129666 4.68
66.140430 4.68
66.170665 4.68
66.181433 4.68
66.211665 4.68
66.222433 4.68
66.252666 5.00
66.263433 4.68
66.293667 4.68
66.304435 4.68
66.334667 4.68
66.345433 4.68
66.375667 4.68
66.386432 4.68
66.416685 4.68
66.427434 4.68
66.457792 4.68
66.468667 4.68
66.498792 4.68
66.509668 4.68
66.539793 4.68
66.550685 4.68
66.580793 4.68
66.591668 4.68
66.621794 4.68
66.632669 4.68
66.662794 4.68
66.673669 4.68
66.703794 4.68
66.714670 5.00
66.744794 5.00
66.755670 5.00
66.785794 4.68
66.796669 4.68
66.826795 4.68
66.837670 4.68
66.867795 4.68
66.878670 4.68
66.908796 4.68
66.919671 4.68
66.949796 4.68
66.960671 4.68
66.990796 4.68
67.001671 4.68
67.033548 4.68
67.044449 4.68
67.074672 4.68
67.085439 4.68
67.115672 4.68
67.126441 4.68
67.156672 4.68
67.167439 4.68
67.197673 4.68
67.208563 5.00
67.238798 5.00
67.249673 4.68
67.285048 4.68
67.295799 4.68
67.326299 4.68
67.337049 4.68
67.367441 4.68
67.378175 4.68
67.408799 4.68
67.419689 4.68
67.455050 4.68
67.465800 4.68
67.496452 4.68
67.509050 4.68
67.537800 4.68
67.548693 4.68
67.584051 4.68
67.600051 4.68
67.625454 4.68
67.637926 4.68
67.666676 4.68
67.677443 5.00
67.707676 4.68
67.718442 4.68
67.748802 4.68
67.759676 4.68
67.795052 4.68
67.807553 4.68
67.836456 4.68
67.849052 4.68
67.877678 4.68
67.888445 4.68
67.918803 4.68
67.929678 5.00
67.965053 4.68
67.977429 4.68
68.006458 4.68
68.018803 4.68
68.047678 4.68
68.058446 4.68
68.088804 4.68
68.099679 4.68
68.135055 4.68
68.147430 4.68
68.176458 4.68
68.192695 4.68
68.217681 4.68
68.228448 4.68
68.258806 4.68
68.269680 4.68
68.305055 4.68
68.317431 4.68
68.346459 4.68
68.362449 4.68
68.387806 4.68
68.398681 5.00
68.434056 4.68
68.450057 4.68
68.475574 4.68
68.491697 4.68
68.516700 4.68
68.527558 4.68
68.563057 4.68
68.578933 4.68
68.604462 4.68
68.620462 4.68
68.645808 5.00
68.656698 5.00
68.692058 5.00
68.708058 4.68
68.733460 4.68
68.749463 4.68
68.774809 4.68
68.785684 4.68
68.821059 4.68
68.836934 4.68
68.862465 4.68
68.878464 5.00
68.903810 4.68
68.914702 4.68
68.950060 4.68
68.966060 4.68
68.991465 4.68
69.007465 4.68
69.032686 4.68
69.043454 4.68
69.073811 4.68
69.084686 4.68
69.120061 4.68
69.136061 4.68
69.161463 4.68
69.177466 4.68
69.202812 4.68
69.213702 4.68
69.249062 4.68
69.264937 4.68
69.290467 4.68
69.306330 4.68
69.331688 4.68
69.342453 4.68
69.372688 5.00
69.383455 4.68
69.413689 4.68
69.424584 4.68
69.454689 4.68
69.465457 4.68
69.495689 4.68
69.506582 4.68
69.536689 4.68
69.547458 4.68
69.577690 4.68
69.588457 4.68
69.618690 5.00
69.629457 5.00
69.661441 4.68
69.672333 4.68
69.702708 4.68
69.713456 4.68
69.743691 4.68
69.754463 4.68
69.786442 4.68
69.797192 4.68
69.827708 4.68
69.838459 5.00
69.874066 4.68
69.890067 4.68
69.915471 4.68
69.931469 4.68
69.958443 4.68
69.969344 4.68
69.999708 4.68
70.010460 4.68
70.041068 4.68
70.056943 4.68
70.082471 4.68
70.098473 5.00
70.123694 5.00
70.134461 4.68
70.166445 4.68
70.177195 4.68
70.209445 4.68
70.220347 4.68
70.250710 4.68
70.261462 4.68
70.297069 4.68
70.313070 4.68
70.338348 5.00
70.350945 5.00
70.385071 4.68
70.400945 4.68
70.426347 4.68
70.438946 4.68
70.469464 4.68
70.480350 4.68
70.512447 4.68
70.523224 4.68
70.555477 4.68
70.566351 5.00
70.598478 5.00
70.609228 5.00
70.644947 5.00
70.657479 4.68
70.686229 4.68
70.697073 4.68
70.727591 4.68
70.738338 4.68
70.773948 4.68
70.786467 4.68
70.815229 4.68
70.826074 5.00
70.856478 5.00
70.872590 4.68
70.903074 4.68
70.919074 4.68
70.944478 4.68
70.960354 4.68
70.991074 4.68
71.007075 4.68
71.032478 4.68
71.048477 4.68
71.079075 5.00
71.095076 4.68
71.120352 4.68
71.136342 4.68
71.161718 4.68
71.172592 4.68
71.202951 4.68
71.218951 4.68
71.244202 4.68
71.255077 4.68
71.285479 4.68
71.301481 4.68
71.331952 4.68
71.347953 4.68
71.373203 4.68
71.384078 4.68
71.414481 4.68
71.425356 4.68
71.460953 4.68
71.477078 4.68
71.505358 4.68
71.521345 4.68
71.552079 4.68
71.562954 4.68
71.593483 4.68
71.604357 4.68
71.640079 4.68
71.650830 4.68
71.681484 4.68
71.692207 4.68
71.728080 4.68
71.738955 4.68
71.769482 4.68
71.780360 5.00
71.815830 4.68
71.826724 4.68
71.856955 4.68
71.872831 4.68
71.898208 4.68
71.909081 4.68
71.939487 4.68
71.950360 4.68
71.985957 4.68
72.002082 4.68
72.030359 5.00
72.046474 4.68
72.071707 4.68
72.082473 4.68
72.118083 4.68
72.128958 4.68
72.159600 4.68
72.170602 4.68
72.206083 4.68
72.217084 4.68
72.247487 4.68
72.258363 5.00
72.293834 4.68
72.304709 4.68
72.334959 4.68
72.350960 4.68
72.376211 4.68
72.387085 4.68
72.417486 4.68
72.428241 4.68
72.463960 4.68
72.480085 4.68
72.505086 4.68
72.515836 4.68
72.546487 4.68
72.557213 4.68
72.592961 4.68
72.609087 4.68
72.634213 4.68
72.645087 4.68
72.675489 4.68
72.686214 4.68
72.722087 4.68
72.732962 4.68
72.763365 5.00
72.779477 4.68
72.809963 4.68
72.825963 4.68
72.851215 4.68
72.862088 4.68
72.892367 4.68
72.908480 4.68
72.935341 4.68
72.946216 4.68
72.976731 4.68
72.987481 5.00
73.017964 4.68
73.033839 4.68
73.059216 4.68
73.070090 4.68
73.100493 4.68
73.111367 4.68
73.147091 4.68
73.157965 4.68
73.188492 4.68
73.199247 4.68
73.235091 4.68
73.245966 5.00
73.276495 4.68
73.287217 4.68
73.323092 4.68
73.333966 4.68
73.364494 4.68
73.375218 4.68
73.410967 4.68
73.426967 4.68
73.452245 4.68
73.468371 4.68
73.495344 4.68
73.506219 4.68
73.538344 4.68
73.549219 4.68
73.581345 4.68
73.592219 4.68
73.624345 4.68
73.635220 4.68
73.667220 4.68
73.678094 4.68
73.708496 4.68
73.719371 5.00
73.755094 4.68
73.765845 4.68
73.796374 4.68
73.812500 4.68
73.839221 4.68
73.850095 4.68
73.880498 4.68
73.891376 4.68
73.927096 4.68
73.937971 4.68
73.968499 4.68
73.979376 4.68
74.015096 4.68
74.025846 4.68
74.056500 4.68
74.067223 4.68
74.102972 4.68
74.113722 4.68
74.144223 4.68
74.156723 4.68
74.185501 4.68
74.196223 5.00
74.226723 4.68
74.237491 4.68
74.267848 4.68
74.280224 4.68
74.308973 4.68
74.319849 4.68
74.350225 4.68
74.366379 4.68
74.396974 4.68
74.407725 4.68
74.438254 5.00
74.454377 4.68
74.484974 4.68
74.495725 4.68
74.526225 4.68
74.542226 4.68
74.572850 4.68
74.588851 4.68
74.613976 4.68
74.624851 4.68
74.655227 4.68
74.671227 4.68
74.696506 5.00
74.707227 4.68
74.737852 4.68
74.753852 4.68
74.778977 4.68
74.789852 4.68
74.820227 4.68
74.836228 4.68
74.861494 4.68
74.872382 4.68
74.902853 4.68
74.918853 4.68
74.943978 4.68
74.954728 4.68
74.985229 4.68
75.001229 4.68
75.026494 4.68
75.037229 4.68
75.067854 4.68
75.083854 4.68
75.108979 4.68
75.119729 4.68
75.150229 4.68
75.166230 5.00
75.191497 5.00
75.202230 4.68
75.237855 4.68
75.253730 5.00
75.278981 4.68
75.289731 4.68
75.320231 4.68
75.336231 4.68
75.361497 4.68
75.372231 4.68
75.402857 5.00
75.418857 5.00
75.443982 5.00
75.454857 5.00
75.485386 4.68
75.496107 4.68
75.531858 4.68
75.547732 4.68
75.572983 4.68
75.583733 4.68
75.614233 4.68
75.630233 4.68
75.655512 5.00
75.666233 4.68
75.696858 4.68
75.712858 4.68
75.737984 4.68
75.748859 4.68
75.779386 4.68
75.790116 4.68
75.825860 4.68
75.841860 4.68
75.866985 4.68
75.877734 5.00
75.908387 4.68
75.919235 4.68
75.954861 4.68
75.970861 4.68
75.995986 4.68
76.006736 4.68
76.037236 4.68
76.053264 4.68
76.083861 4.68
76.099861 4.68
76.124987 4.68
76.135737 4.68
76.166378 4.68
76.177120 4.68
76.212987 4.68
76.223737 4.68
76.254266 4.68
76.270267 4.68
76.300988 4.68
76.311738 4.68
76.342392 4.68
76.353269 5.00
76.388989 4.68
76.399864 4.68
76.430267 4.68
76.446392 4.68
76.476989 4.68
76.487740 4.68
76.518269 4.68
76.534266 4.68
76.564989 4.68
76.575740 4.68
76.606394 5.00
76.617118 5.00
76.652991 5.00
76.663741 5.00
76.694392 4.68
76.705270 4.68
76.740991 4.68
76.751866 4.68
76.782397 4.68
76.793121 4.68
76.828992 4.68
76.839867 5.00
76.870396 5.00
76.881271 4.68
76.916992 4.68
76.927867 5.00
76.958397 4.68
76.969273 4.68
76.999743 4.68
77.012120 4.68
77.040743 4.68
77.053122 4.68
77.081744 4.68
77.097870 5.00
77.122869 4.68
77.133634 4.68
77.163994 4.68
77.174869 4.68
77.205396 4.68
77.216125 4.68
77.246745 4.68
77.259151 4.68
77.287745 4.68
77.303870 4.68
77.328745 5.00
77.344870 5.00
77.369746 4.68
77.385871 4.68
77.410746 4.68
77.426871 4.68
77.451871 4.68
77.462746 4.68
77.492996 4.68
77.503871 4.68
77.534276 4.68
77.545124 4.68
77.575747 5.00
77.591873 4.68
77.616872 4.68
77.627747 4.68
77.657998 4.68
77.668873 4.68
77.699125 4.68
77.715275 4.68
77.740403 4.68
77.751124 4.68
77.781748 4.68
77.797874 4.68
77.822749 4.68
77.838874 4.68
77.863749 4.68
77.879874 4.68
77.904875 4.68
77.915749 4.68
77.946000 4.68
77.956749 4.68
77.987402 4.68
77.998125 4.68
78.028750 4.68
78.044875 5.00
78.069751 4.68
78.085876 5.00
78.110876 4.68
78.121641 4.68
78.152001 4.68
78.162876 4.68
78.193278 4.68
78.204001 4.68
78.239752 4.68
78.255877 4.68
78.280752 4.68
78.296877 5.00
78.321752 4.68
78.337878 4.68
78.362753 4.68
78.378878 4.68
78.403753 4.68
78.419878 4.68
78.444878 4.68
78.455645 4.68
78.486003 4.68
78.496753 4.68
78.527282 4.68
78.538138 4.68
78.568754 4.68
78.584879 4.68
78.609755 4.68
78.625880 4.68
78.650755 4.68
78.666880 4.68
78.691880 4.68
78.702630 4.68
78.733005 4.68
78.743756 4.68
78.774282 4.68
78.785006 4.68
78.820881 4.68
78.831756 4.68
78.862006 4.68
78.872756 4.68
78.903133 4.68
78.919284 4.68
78.946136 4.68
78.957007 4.68
78.989137 4.68
79.000007 5.00
79.035882 5.00
79.046758 4.68
79.077008 4.68
79.089649 4.68
79.123152 4.68
79.134008 4.68
79.169883 4.68
79.180633 4.68
79.211009 5.00
79.223651 4.68
79.254162 5.00
79.265009 4.68
79.297165 4.68
79.308010 4.68
79.343885 4.68
79.354760 4.68
79.385136 4.68
79.401288 4.68
79.431885 4.68
79.442760 4.68
79.473010 4.68
79.485403 5.00
79.514290 4.68
79.525171 4.68
79.555655 4.68
79.568041 4.68
79.596887 4.68
79.607637 4.68
79.638012 4.68
79.650402 4.68
79.679289 4.68
79.690012 4.68
79.725763 4.68
79.741763 5.00
79.766763 4.68
79.782888 4.68
79.807763 4.68
79.818653 4.68
79.848763 4.68
79.859638 4.68
79.889764 4.68
79.900639 4.68
79.930764 4.68
79.941639 4.68
79.971764 4.68
79.982640 5.00
80.012765 4.68
80.023658 4.68
80.053764 4.68
80.064640 4.68
80.094765 4.68
80.105641 4.68
80.135890 4.68
80.146766 4.68
80.177016 4.68
80.193015 4.68
80.218295 4.68
80.229142 4.68
80.259659 4.68
80.275656 4.68
80.300767 4.68
80.311656 4.68
80.341766 4.68
80.352657 4.68
80.382767 4.68
80.393642 4.68
80.423767 4.68
80.434660 4.68
80.464768 5.00
80.475643 4.68
80.505768 4.68
80.516643 4.68
80.546769 4.68
80.557658 4.68
80.587769 4.68
80.598644 4.68
80.628769 4.68
80.639644 4.68
80.669769 4.68
80.680644 4.68
80.710769 5.00
80.721645 4.68
80.751770 4.68
80.762645 4.68
80.792770 4.68
80.803646 4.68
80.833770 4.68
80.844646 4.68
80.874771 4.68
80.885646 4.68
80.915896 4.68
80.926771 4.68
80.957021 4.68
80.973022 4.68
80.998300 4.68
81.009148 4.68
81.039772 4.68
81.050664 4.68
81.081022 4.68
81.097022 4.68
81.122149 4.68
81.133023 4.68
81.168898 4.68
81.179773 5.00
81.210023 4.68
81.226023 4.68
81.251301 4.68
81.262023 4.68
81.292666 4.68
81.308665 4.68
81.333899 4.68
81.344774 4.68
81.375024 4.68
81.391024 4.68
81.416304 4.68
81.427151 4.68
81.457775 4.68
81.468667 4.68
81.498775 4.68
81.509650 4.68
81.539775 4.68
81.550651 4.68
81.580900 4.68
81.591776 4.68
81.622026 4.68
81.638026 4.68
81.663306 5.00
81.674153 4.68
81.704777 5.00
81.715669 4.68
81.745776 5.00
81.756652 4.68
81.786777 4.68
81.797652 4.68
81.827777 4.68
81.838653 4.68
81.868778 4.68
81.879653 4.68
81.909778 5.00
81.920653 4.68
81.950779 4.68
81.961654 4.68
81.991778 4.68
82.002654 4.68
82.032779 4.68
82.043654 4.68
82.073779 4.68
82.084654 4.68
82.114779 4.68
82.125655 4.68
82.155905 5.00
82.168308 4.68
82.197030 4.68
82.213030 4.68
82.243422 4.68
82.254156 4.68
82.284781 4.68
82.295656 4.68
82.325781 4.68
82.336656 4.68
82.366781 4.68
82.377657 5.00
82.407782 5.00
82.418657 4.68
82.448907 5.00
82.461308 4.68
82.490158 5.00
82.501032 4.68
82.531676 4.68
82.547783 4.68
82.572783 4.68
82.583658 4.68
82.613783 4.68
82.624658 5.00
82.654783 4.68
82.665659 4.68
82.695784 4.68
82.706659 4.68
82.736784 4.68
82.747659 4.68
82.777785 4.68
82.788659 4.68
82.818784 4.68
82.829660 4.68
82.860035 4.68
82.870784 5.00
82.906428 4.68
82.917162 4.68
82.947676 4.68
82.958563 4.68
82.988683 4.68
82.999428 4.68
83.029661 4.68
83.040429 4.68
83.070662 4.68
83.081429 4.68
83.111662 5.00
83.122429 5.00
83.152662 4.68
83.163429 4.68
83.193663 4.68
83.204555 4.68
83.234662 4.68
83.245430 4.68
83.275663 4.68
83.286434 4.68
83.316663 4.68
83.327431 4.68
83.357664 5.00
83.368431 4.68
83.398664 4.68
83.409432 4.68
83.439664 4.68
83.450431 4.68
83.480664 4.68
83.491432 4.68
83.521665 4.68
83.532556 4.68
83.562665 4.68
83.573432 4.68
83.603665 4.68
83.614434 4.68
83.644666 4.68
83.655430 4.68
83.685666 4.68
83.696432 4.68
83.726667 4.68
83.737432 4.68
83.767666 4.68
83.778435 4.68
83.808667 4.68
83.819433 5.00
83.849667 4.68
83.860434 4.68
83.890668 4.68
83.901435 4.68
83.931667 4.68
83.942436 4.68
83.972668 4.68
83.983435 4.68
84.013668 4.68
84.024434 4.68
84.054668 4.68
84.065438 5.00
84.095669 4.68
84.106435 4.68
84.136669 4.68
84.147436 4.68
84.177670 4.68
84.188437 4.68
84.218670 4.68
84.229436 4.68
84.259670 4.68
84.270435 4.68
84.300670 4.68
84.311438 4.68
84.341670 4.68
84.352439 4.68
84.382671 4.68
84.393436 4.68
84.423671 4.68
84.434436 4.68
84.464689 4.68
84.475438 4.68
84.505797 4.68
84.516672 4.68
84.546797 5.00
84.557672 4.68
84.587797 4.68
84.600297 4.68
84.628923 4.68
84.644797 4.68
84.671933 4.68
84.682673 4.68
84.713048 4.68
84.723798 4.68
84.754452 4.68
84.770439 4.68
84.795799 5.00
84.806674 4.68
84.836924 4.68
84.852799 4.68
84.879934 4.68
84.890675 4.68
84.922934 4.68
84.933675 4.68
84.965810 4.68
84.976690 4.68
85.006925 4.68
85.022800 4.68
85.049810 5.00
85.060693 4.68
85.090926 4.68
85.106801 4.68
85.133811 4.68
85.144692 4.68
85.175052 4.68
85.185801 4.68
85.216456 4.68
85.232442 4.68
85.257802 4.68
85.270178 5.00
85.298927 5.00
85.314928 4.68
85.341812 4.68
85.352694 4.68
85.382928 4.68
85.398928 4.68
85.425813 4.68
85.436694 4.68
85.466929 4.68
85.477678 4.68
85.513320 4.68
85.525833 4.68
85.554804 4.68
85.570679 4.68
85.595929 4.68
85.606804 4.68
85.637055 4.68
85.647930 4.68
85.678571 4.68
85.689322 4.68
85.719806 4.68
85.732181 4.68
85.760931 5.00
85.771681 4.68
85.807324 4.68
85.818056 4.68
85.848700 4.68
85.859449 4.68
85.889932 4.68
85.900807 4.68
85.931057 4.68
85.941807 4.68
85.972462 4.68
85.988573 4.68
86.013807 5.00
86.029683 4.68
86.054933 4.68
86.065683 4.68
86.101326 4.68
86.117326 4.68
86.142701 4.68
86.153451 4.68
86.183934 4.68
86.194684 4.68
86.225059 4.68
86.235809 4.68
86.266462 4.68
86.282336 4.68
86.307685 4.68
86.318450 4.68
86.348685 4.68
86.359452 4.68
86.389685 4.68
86.405577 4.68
86.430811 4.68
86.446686 4.68
86.471936 4.68
86.482686 5.00
86.518340 4.68
86.529064 4.68
86.559812 4.68
86.575812 4.68
86.600937 4.68
86.611687 4.68
86.647340 4.68
86.663329 4.68
86.688706 4.68
86.699578 4.68
86.729937 5.00
86.740813 4.68
86.771063 4.68
86.781938 4.68
86.812579 4.68
86.823578 4.68
86.853814 4.68
86.869814 4.68
86.894939 4.68
86.905814 4.68
86.941343 4.68
86.957329 4.68
86.982706 5.00
86.993579 4.68
87.023940 4.68
87.034815 4.68
87.065065 4.68
87.075815 4.68
87.106468 4.68
87.122584 4.68
87.147816 4.68
87.163815 4.68
87.188941 4.68
87.199815 5.00
87.235346 4.68
87.251346 4.68
87.276708 4.68
87.287459 4.68
87.317942 4.68
87.328693 4.68
87.359067 4.68
87.369817 4.68
87.400469 4.68
87.416347 4.68
87.441818 4.68
87.457818 4.68
87.482943 5.00
87.493818 4.68
87.529348 4.68
87.545335 4.68
87.570709 4.68
87.583213 4.68
87.611944 4.68
87.622694 4.68
87.654820 4.68
87.665711 4.68
87.695944 5.00
87.706695 5.00
87.738821 4.68
87.749710 4.68
87.779945 4.68
87.790820 4.68
87.822696 4.68
87.833463 4.68
87.863821 4.68
87.879696 4.68
87.904947 4.68
87.915696 5.00
87.951350 4.68
87.967338 4.68
87.992715 4.68
88.005072 4.68
88.033697 4.68
88.046072 4.68
88.074698 4.68
88.087072 4.68
88.115823 4.68
88.131823 4.68
88.156948 4.68
88.167698 5.00
88.203349 4.68
88.215715 4.68
88.244716 4.68
88.260716 4.68
88.285824 4.68
88.301699 4.68
88.326949 4.68
88.337699 4.68
88.373353 4.68
88.389342 4.68
88.414700 4.68
88.430700 4.68
88.455700 4.68
88.471700 4.68
88.496826 4.68
88.512700 4.68
88.537950 4.68
88.548826 4.68
88.584344 4.68
88.600341 4.68
88.625718 4.68
88.641826 5.00
88.666826 5.00
88.682827 4.68
88.707952 4.68
88.718827 4.68
88.754356 4.68
88.770345 4.68
88.795718 4.68
88.811719 4.68
88.836828 4.68
88.852703 4.68
88.877953 4.68
88.888828 5.00
88.924358 5.00
88.940346 4.68
88.965720 4.68
88.981721 4.68
89.006704 4.68
89.022704 4.68
89.047829 4.68
89.063829 4.68
89.088954 4.68
89.099830 4.68
89.135206 4.68
89.151207 4.68
89.176722 4.68
89.192720 4.68
89.217956 4.68
89.228831 4.68
89.264360 4.68
89.280349 4.68
89.305722 4.68
89.321724 4.68
89.346831 4.68
89.362707 4.68
89.387957 5.00
89.398707 5.00
89.434349 4.68
89.450208 4.68
89.475707 4.68
89.491707 4.68
89.516833 4.68
89.532708 4.68
89.557958 4.68
89.568708 4.68
89.604209 4.68
89.620209 5.00
89.645485 4.68
89.656209 4.68
89.686834 4.68
89.702834 4.68
89.727959 4.68
89.738710 4.68
89.774350 4.68
89.790211 4.68
89.815710 4.68
89.831835 4.68
89.856835 4.68
89.872710 4.68
89.899711 4.68
89.910476 4.68
89.940711 4.68
89.956711 4.68
89.981836 4.68
89.997836 4.68
90.022961 4.68
90.033711 4.68
90.069352 4.68
90.085216 4.68
90.110730 5.00
90.126727 4.68
90.151837 4.68
90.167712 4.68
90.194713 4.68
90.205480 4.68
90.235838 4.68
90.246713 4.68
90.278714 4.68
90.289478 4.68
90.319838 4.68
90.330713 5.00
90.362714 4.68
90.373606 4.68
90.403839 4.68
90.414714 4.68
90.446715 4.68
90.457480 4.68
90.487839 4.68
90.498715 4.68
90.530724 4.68
90.541608 4.68
90.571715 4.68
90.587840 5.00
90.612840 4.68
90.623715 4.68
90.655619 4.68
90.666368 4.68
90.696716 4.68
90.712716 4.68
90.737841 4.68
90.748717 4.68
90.780608 4.68
90.791359 4.68
90.821733 5.00
90.837735 5.00
90.868092 4.68
90.880594 4.68
90.909608 4.68
90.925734 4.68
90.950734 4.68
90.966718 4.68
90.991719 4.68
91.002485 4.68
91.032844 4.68
91.043719 4.68
91.079094 5.00
91.089844 4.68
91.120611 4.68
91.133094 4.68
91.167094 4.68
91.177844 4.68
91.208609 4.68
91.224496 4.68
91.249845 4.68
91.260720 4.68
91.296096 4.68
91.312095 5.00
91.337498 5.00
91.348221 4.68
91.378846 4.68
91.389721 4.68
91.425096 4.68
91.441096 4.68
91.466612 4.68
91.482615 4.68
91.507847 4.68
91.518722 4.68
91.554097 4.68
91.564847 4.68
91.595499 4.68
91.606224 4.68
91.636847 4.68
91.647723 4.68
91.683098 4.68
91.693848 4.68
91.724503 4.68
91.735375 4.68
91.765850 4.68
91.776724 5.00
91.812099 4.68
91.822974 4.68
91.853502 4.68
91.864226 4.68
91.894725 4.68
91.905492 4.68
91.935850 4.68
91.946617 4.68
91.982100 4.68
92.006505 4.68
92.017255 5.00
92.047851 5.00
92.058617 5.00
92.094101 4.68
92.118619 4.68
92.134727 4.68
92.159618 4.68
92.175619 4.68
92.200852 4.68
92.211618 4.68
92.247102 4.68
92.257852 5.00
92.288618 5.00
92.304496 4.68
92.329620 4.68
92.345495 4.68
92.370618 4.68
92.386495 4.68
92.411618 4.68
92.427495 4.68
92.452729 4.68
92.463495 4.68
92.493729 4.68
92.504494 5.00
92.540104 4.68
92.550854 4.68
92.581507 4.68
92.592383 4.68
92.622855 4.68
92.633621 4.68
92.669105 4.68
92.679856 4.68
92.710498 4.68
92.723106 4.68
92.751621 5.00
92.767496 4.68
92.792624 4.68
92.808497 4.68
92.833623 4.68
92.849498 4.68
92.874625 4.68
92.893511 4.68
92.910857 4.68
92.935733 4.68
92.946501 4.68
92.976732 4.68
92.987500 5.00
93.017858 5.00
93.028626 4.68
93.064116 4.68
93.076637 4.68
93.105388 4.68
93.116234 4.68
93.146617 4.68
93.162754 4.68
93.187610 4.68
93.203484 4.68
93.228608 4.68
93.244483 4.68
93.269609 4.68
93.285483 4.68
93.310609 4.68
93.326484 4.68
93.351609 4.68
93.380859 4.68
93.391609 4.68
93.423611 4.68
93.434360 4.68
93.464610 4.68
93.480485 5.00
93.505611 5.00
93.534860 4.68
93.545610 4.68
93.577487 4.68
93.588236 4.68
93.618486 4.68
93.630861 4.68
93.659486 4.68
93.671861 4.68
93.700486 4.68
93.712861 5.00
93.741487 4.68
93.757362 4.68
93.782487 4.68
93.794862 4.68
93.823488 4.68
93.835862 4.68
93.864488 4.68
93.880363 4.68
93.905488 4.68
93.917863 4.68
93.946488 4.68
93.962364 4.68
93.987488 4.68
93.999863 4.68
94.028489 4.68
94.040863 4.68
94.069489 4.68
94.085364 4.68
94.110490 4.68
94.126364 4.68
94.151489 4.68
94.167365 4.68
94.192490 5.00
94.208365 5.00
94.233490 4.68
94.249366 4.68
94.274491 4.68
94.290366 4.68
94.315491 4.68
94.331366 4.68
94.356491 4.68
94.372366 4.68
94.397491 4.68
94.413366 4.68
94.438492 5.00
94.454367 4.68
94.479492 4.68
94.495367 4.68
94.520492 4.68
94.536368 4.68
94.561493 4.68
94.577368 4.68
94.602493 4.68
94.618368 4.68
94.643494 4.68
94.659368 4.68
94.684494 5.00
94.700369 5.00
94.725493 5.00
94.741369 4.68
94.766494 4.68
94.782369 4.68
94.807494 4.68
94.823370 4.68
94.848495 4.68
94.864369 4.68
94.889495 4.68
94.905370 4.68
94.930495 5.00
94.946370 4.68
94.971495 4.68
94.987371 4.68
95.012496 4.68
95.028371 4.68
95.053496 4.68
95.069372 4.68
95.094496 4.68
95.110371 4.68
95.135497 4.68
95.151371 4.68
95.176497 4.68
95.192372 4.68
95.217498 4.68
95.233372 4.68
95.258498 4.68
95.274373 4.68
95.299498 4.68
95.315373 4.68
95.340498 4.68
95.356373 4.68
95.381499 4.68
95.397374 5.00
95.422499 5.00
95.438374 4.68
95.463499 4.68
95.479374 4.68
95.504500 4.68
95.520374 4.68
95.545499 4.68
95.561375 4.68
95.586500 4.68
95.602375 4.68
95.627500 4.68
95.643376 5.00
95.668501 4.68
95.684376 4.68
95.709501 4.68
95.725376 4.68
95.750501 4.68
95.766376 4.68
95.791501 4.68
95.807377 4.68
95.832501 4.68
95.848377 4.68
95.873502 4.68
95.889377 5.00
95.914502 4.68
95.930377 4.68
95.955503 4.68
95.971378 4.68
95.996503 4.68
96.012378 4.68
96.037503 4.68
96.053378 4.68
96.078504 4.68
96.094379 4.68
96.119504 4.68
96.135379 5.00
96.160504 5.00
96.176380 4.68
96.201504 4.68
96.217379 4.68
96.242505 4.68
96.258379 4.68
96.283505 4.68
96.299380 4.68
96.324505 4.68
96.340380 4.68
96.365505 4.68
96.381381 5.00
96.406506 4.68
96.422381 4.68
96.447506 4.68
96.463381 4.68
96.488507 4.68
96.504382 4.68
96.529507 4.68
96.545382 4.68
96.570507 4.68
96.586382 4.68
96.611508 5.00
96.627382 5.00
96.652508 4.68
96.668383 4.68
96.693508 4.68
96.709383 4.68
96.734508 4.68
96.750383 4.68
96.775509 4.68
96.791383 4.68
96.816509 4.68
96.832384 4.68
96.857509 5.00
96.873384 5.00
96.898509 4.68
96.914385 4.68
96.939509 5.00
96.955385 4.68
96.980510 4.68
96.996385 4.68
97.021510 4.68
97.032261 4.68
97.062511 4.68
97.073260 4.68
97.103511 5.00
97.114261 5.00
97.144511 5.00
97.155261 4.68
97.185511 5.00
97.196262 4.68
97.226512 4.68
97.237262 4.68
97.267512 4.68
97.278262 4.68
97.308512 4.68
97.319263 4.68
97.349513 5.00
97.360262 5.00
97.390513 4.68
97.401263 4.68
97.431513 4.68
97.442263 4.68
97.472514 4.68
97.483264 4.68
97.513514 4.68
97.524264 4.68
97.554514 4.68
97.565265 4.68
97.595515 5.00
97.606265 4.68
97.636515 5.00
97.647265 5.00
97.677515 4.68
97.688265 4.68
97.718515 4.68
97.729265 4.68
97.759515 4.68
97.770266 4.68
97.800516 4.68
97.811266 5.00
97.841516 5.00
97.852266 4.68
97.882517 4.68
97.893266 4.68
97.923517 4.68
97.934267 4.68
97.964517 4.68
97.975267 4.68
98.005518 4.68
98.016268 4.68
98.046517 4.68
98.057268 5.00
98.087518 4.68
98.098268 4.68
98.128518 4.68
98.139268 4.68
98.169518 4.68
98.180268 4.68
98.210519 4.68
98.221269 4.68
98.251519 4.68
98.262269 4.68
98.292519 4.68
98.303270 5.00
98.333520 5.00
98.344270 5.00
98.374520 5.00
98.385270 4.68
98.415520 5.00
98.426270 4.68
98.456521 4.68
98.467270 4.68
98.497521 4.68
98.508271 4.68
98.538521 4.68
98.549271 4.68
98.579521 5.00
98.590272 4.68
98.620522 4.68
98.631272 4.68
98.661522 4.68
98.672272 4.68
98.702523 4.68
98.713272 4.68
98.743523 4.68
98.754273 4.68
98.784522 4.68
98.795273 5.00
98.825523 5.00
98.836273 5.00
98.866524 5.00
98.877274 4.68
98.907524 4.68
98.918274 4.68
98.948524 4.68
98.959274 4.68
98.989525 4.68
99.000274 4.68
99.030525 5.00
99.041275 4.68
99.071525 4.68
99.082275 4.68
99.112525 4.68
99.123276 4.68
99.153525 4.68
99.164276 4.68
99.194526 4.68
99.205276 4.68
99.235526 4.68
99.246276 4.68
99.276527 5.00
99.287277 4.68
99.317527 4.68
99.328277 4.68
99.358527 4.68
99.369277 4.68
99.399527 4.68
99.410278 4.68
99.440528 4.68
99.451278 4.68
99.481528 4.68
99.492278 4.68
99.522528 5.00
99.533278 5.00
99.563529 4.68
99.574279 4.68
99.604529 4.68
99.615279 4.68
99.645529 4.68
99.656279 4.68
99.686529 4.68
99.697280 4.68
99.727530 4.68
99.738280 5.00
99.768530 5.00
99.779280 5.00
99.809531 4.68
99.820280 4.68
99.850531 4.68
99.861281 4.68
99.891530 4.68
99.902281 4.68
99.932531 4.68
99.943281 4.68
99.973531 4.68
99.984282 5.00
100.014532 5.00
100.025282 4.68
100.055532 4.68
100.066282 5.00
100.096532 4.68
100.107282 4.68
100.137533 4.68
100.148283 4.68
100.178534 4.68
100.189283 4.68
100.219533 4.68
100.230284 5.00
100.260533 5.00
100.271284 4.68
100.301534 5.00
100.312283 4.68
100.342534 4.68
100.353284 4.68
100.383534 4.68
100.394285 4.68
100.424535 4.68
100.435285 4.68
100.465535 5.00
100.476285 4.68
100.506535 4.68
100.517286 4.68
100.547536 4.68
100.558286 4.68
100.588536 4.68
100.599286 4.68
100.629536 4.68
100.640286 4.68
100.670537 4.68
100.681286 4.68
100.711536 5.00
100.722287 5.00
100.752537 4.68
100.763287 4.68
100.793537 4.68
100.804287 4.68
100.834538 4.68
100.845287 4.68
100.875538 4.68
100.886288 4.68
100.916538 4.68
100.927288 4.68
100.957538 5.00
100.968289 4.68
100.998538 5.00
101.009288 4.68
101.039539 4.68
101.050289 4.68
101.080539 4.68
101.091290 4.68
101.121540 4.68
101.132290 4.68
101.162540 4.68
101.173290 4.68
101.203541 5.00
101.214291 4.68
101.244540 5.00
101.255291 4.68
101.287292 4.68
101.298041 5.00
101.328291 4.68
101.344167 4.68
101.369292 4.68
101.385168 4.68
101.410291 4.68
101.426168 5.00
101.451292 5.00
101.467168 4.68
101.492292 4.68
101.508169 4.68
101.533293 4.68
101.549169 4.68
101.574293 4.68
101.590169 4.68
101.615293 4.68
101.631169 4.68
101.656294 4.68
101.672170 5.00
101.697294 5.00
101.713170 4.68
101.738294 4.68
101.754171 4.68
101.779294 4.68
101.795171 4.68
101.820295 4.68
101.836171 4.68
101.861295 4.68
101.877171 4.68
101.902295 4.68
101.918171 4.68
101.943296 4.68
101.959172 4.68
101.984296 4.68
102.000172 4.68
102.025296 4.68
102.041173 4.68
102.066297 4.68
102.082173 4.68
102.107297 4.68
102.123173 4.68
102.148296 5.00
102.164173 4.68
102.189297 4.68
102.205174 4.68
102.230297 4.68
102.246173 4.68
102.271298 4.68
102.287173 4.68
102.312298 4.68
102.328174 4.68
102.353299 4.68
102.369174 4.68
102.394299 5.00
102.410175 4.68
102.435299 4.68
102.451175 4.68
102.476299 4.68
102.492175 4.68
102.517299 4.68
102.528049 4.68
102.558300 4.68
102.569049 4.68
102.599300 4.68
102.610050 4.68
102.640300 4.68
102.651050 4.68
102.681330 4.68
102.692178 4.68
102.722802 4.68
102.738927 4.68
102.763928 4.68
102.774677 4.68
102.805053 4.68
102.815928 4.68
102.846570 4.68
102.857571 4.68
102.887928 4.68
102.898678 4.68
102.929180 4.68
102.945333 4.68
102.970456 4.68
102.981181 4.68
103.011804 4.68
103.027929 4.68
103.052930 4.68
103.063805 4.68
103.094182 4.68
103.110323 5.00
103.140930 4.68
103.151680 4.68
103.182182 4.68
103.198327 4.68
103.228931 4.68
103.239681 4.68
103.270182 4.68
103.286323 4.68
103.316932 4.68
103.327681 4.68
103.358182 5.00
103.374183 4.68
103.404932 4.68
103.415681 4.68
103.446057 4.68
103.456808 4.68
103.487462 4.68
103.498334 4.68
103.528809 4.68
103.544933 4.68
103.573184 4.68
103.589336 5.00
103.619934 5.00
103.630684 5.00
103.661186 5.00
103.677339 4.68
103.707934 4.68
103.718684 4.68
103.749186 4.68
103.765186 4.68
103.795935 4.68
103.806685 4.68
103.837187 5.00
103.853328 4.68
103.883936 4.68
103.894685 4.68
103.925187 4.68
103.941338 4.68
103.966463 4.68
103.977188 4.68
104.007687 4.68
104.018451 4.68
104.048812 4.68
104.064937 4.68
104.089937 4.68
104.100812 4.68
104.131189 4.68
104.147341 4.68
104.174193 4.68
104.185063 4.68
104.220938 4.68
104.231688 4.68
104.262190 4.68
104.278343 4.68
104.308939 5.00
104.319688 4.68
104.350190 4.68
104.366341 4.68
104.396940 4.68
104.407689 4.68
104.438191 4.68
104.454343 4.68
104.484940 4.68
104.495690 4.68
104.526192 4.68
104.542344 4.68
104.569195 4.68
104.580066 4.68
104.610334 4.68
104.621065 4.68
104.656941 4.68
104.667691 4.68
104.698193 4.68
104.714346 4.68
104.744942 4.68
104.755817 4.68
104.786194 4.68
104.802347 5.00
104.829072 5.00
104.839817 4.68
104.872072 4.68
104.882818 4.68
104.918709 4.68
104.931072 4.68
104.959943 4.68
104.970818 4.68
105.001195 4.68
105.017349 4.68
105.044073 5.00
105.054819 4.68
105.090712 4.68
105.103074 4.68
105.131944 4.68
105.142820 4.68
105.173196 4.68
105.189349 4.68
105.216100 4.68
105.226820 4.68
105.262821 4.68
105.273714 5.00
105.303946 4.68
105.314696 4.68
105.345071 4.68
105.361225 4.68
105.391822 4.68
105.402712 4.68
105.432947 4.68
105.443822 4.68
105.474198 4.68
105.485072 4.68
105.520947 5.00
105.531823 4.68
105.562198 4.68
105.573073 4.68
105.608716 4.68
105.624715 4.68
105.649948 4.68
105.660699 4.68
105.691199 4.68
105.702074 4.68
105.737716 4.68
105.753718 4.68
105.778949 4.68
105.789824 4.68
105.820200 4.68
105.831074 4.68
105.866716 4.68
105.882715 4.68
105.907950 4.68
105.918825 4.68
105.949201 4.68
105.960076 4.68
105.995716 5.00
106.011719 4.68
106.036951 4.68
106.047827 4.68
106.078077 4.68
106.094077 4.68
106.124719 4.68
106.140720 4.68
106.165952 4.68
106.176702 4.68
106.207077 4.68
106.223077 5.00
106.253719 4.68
106.269719 4.68
106.294953 4.68
106.305703 4.68
106.336204 4.68
106.347078 4.68
106.382718 4.68
106.398718 4.68
106.423953 4.68
106.434704 4.68
106.465205 5.00
106.476079 5.00
106.511721 4.68
106.527722 4.68
106.552955 4.68
106.563830 4.68
106.594207 4.68
106.605080 4.68
106.640956 4.68
106.651831 4.68
106.682207 4.68
106.693081 4.68
106.728724 4.68
106.744723 4.68
106.769956 4.68
106.780831 4.68
106.811208 4.68
106.822082 4.68
106.857957 4.68
106.868832 4.68
106.899082 4.68
106.915083 4.68
106.945723 4.68
106.961722 4.68
106.986958 4.68
106.997833 4.68
107.028210 4.68
107.039083 4.68
107.074958 4.68
107.085709 4.68
107.116210 4.68
107.127084 4.68
107.162727 4.68
107.178724 4.68
107.203959 5.00
107.214710 4.68
107.245211 4.68
107.256085 4.68
107.286727 4.68
107.302728 4.68
107.327960 4.68
107.340477 4.68
107.369212 4.68
107.380086 4.68
107.415728 4.68
107.431729 5.00
107.456961 4.68
107.469479 4.68
107.498212 4.68
107.509087 4.68
107.544729 4.68
107.560727 4.68
107.585962 4.68
107.598355 4.68
107.627213 4.68
107.638087 4.68
107.673728 4.68
107.689732 5.00
107.714963 4.68
107.727356 4.68
107.759088 4.68
107.775088 4.68
107.805729 4.68
107.821731 4.68
107.846964 4.68
107.859354 4.68
107.888215 4.68
107.899089 4.68
107.934729 5.00
107.950733 4.68
107.975965 4.68
107.988357 4.68
108.017090 4.68
108.033090 4.68
108.063731 4.68
108.074481 4.68
108.104841 4.68
108.115716 4.68
108.145966 4.68
108.158358 5.00
108.187217 4.68
108.198091 4.68
108.228495 4.68
108.244485 4.68
108.269842 4.68
108.280717 4.68
108.310967 4.68
108.326842 4.68
108.352217 4.68
108.363093 4.68
108.398483 4.68
108.409219 4.68
108.439843 4.68
108.450719 4.68
108.480968 4.68
108.496969 4.68
108.522221 4.68
108.533094 4.68
108.563738 4.68
108.574484 4.68
108.604969 4.68
108.620845 4.68
108.646221 5.00
108.657095 4.68
108.687498 4.68
108.698222 4.68
108.728720 4.68
108.739488 4.68
108.769846 4.68
108.780721 4.68
108.810971 4.68
108.826971 4.68
108.852223 4.68
108.863096 4.68
108.893498 5.00
108.904223 5.00
108.934722 4.68
108.945500 4.68
108.975847 4.68
108.986722 4.68
109.016972 4.68
109.032973 4.68
109.063741 4.68
109.074489 4.68
109.104973 4.68
109.120973 5.00
109.146225 5.00
109.157098 4.68
109.187501 4.68
109.198225 4.68
109.228849 4.68
109.239724 5.00
109.269974 4.68
109.285849 4.68
109.311225 4.68
109.322099 4.68
109.352502 4.68
109.363225 4.68
109.393725 4.68
109.404493 4.68
109.434726 4.68
109.445490 4.68
109.475851 4.68
109.486615 4.68
109.516976 4.68
109.532976 4.68
109.558226 4.68
109.568976 4.68
109.604620 4.68
109.620619 5.00
109.645727 5.00
109.656495 4.68
109.686852 5.00
109.697618 4.68
109.727977 4.68
109.743978 4.68
109.769228 4.68
109.779978 4.68
109.815619 4.68
109.831621 4.68
109.856729 5.00
109.867496 5.00
109.897854 5.00
109.908621 5.00
109.938979 5.00
109.954979 4.68
109.981980 4.68
109.992854 4.68
110.024980 4.68
110.035855 4.68
110.067981 4.68
110.078730 4.68
110.109230 5.00
110.119980 4.68
110.150496 5.00
110.161230 4.68
110.191621 4.68
110.207623 4.68
110.232731 4.68
110.243499 4.68
110.273857 4.68
110.284624 4.68
110.314982 4.68
110.330982 5.00
110.357983 5.00
110.368857 5.00
110.404622 4.68
110.420626 4.68
110.445858 4.68
110.458233 4.68
110.486983 4.68
110.502983 4.68
110.536627 4.68
110.552626 4.68
110.577734 5.00
110.588499 4.68
110.618859 4.68
110.631234 4.68
110.659984 4.68
110.670735 4.68
110.706626 4.68
110.722500 4.68
110.747859 4.68
110.763860 4.68
110.788985 4.68
110.804860 4.68
110.835626 4.68
110.846387 4.68
110.876861 4.68
110.889236 4.68
110.917986 4.68
110.928861 4.68
110.964627 4.68
110.975391 4.68
111.005862 4.68
111.021862 4.68
111.046987 4.68
111.057737 4.68
111.093505 4.68
111.109630 4.68
111.134738 4.68
111.145504 4.68
111.175738 4.68
111.186630 4.68
111.216863 4.68
111.229267 4.68
111.257988 4.68
111.268738 4.68
111.304392 5.00
111.320392 5.00
111.345739 5.00
111.356631 4.68
111.386740 4.68
111.397632 4.68
111.427865 4.68
111.443739 4.68
111.468990 4.68
111.479865 4.68
111.515632 4.68
111.526395 5.00
111.556741 5.00
111.567631 5.00
111.597866 4.68
111.613866 4.68
111.638992 4.68
111.649866 4.68
111.685634 4.68
111.696395 4.68
111.726867 4.68
111.742867 4.68
111.767992 4.68
111.778867 5.00
111.814509 4.68
111.830397 4.68
111.855868 4.68
111.871868 4.68
111.896993 4.68
111.907869 4.68
111.943636 4.68
111.954398 4.68
111.984869 4.68
112.000869 4.68
112.025994 5.00
112.036744 4.68
112.072637 4.68
112.083396 4.68
112.113745 4.68
112.124636 4.68
112.154870 4.68
112.170870 4.68
112.195995 4.68
112.206870 4.68
112.242636 4.68
112.253400 5.00
112.283746 5.00
112.294636 4.68
112.324747 4.68
112.335638 4.68
112.365747 4.68
112.376639 4.68
112.406872 4.68
112.422747 4.68
112.447997 4.68
112.458747 4.68
112.494399 4.68
112.505125 4.68
112.535748 4.68
112.546638 4.68
112.576873 4.68
112.592873 4.68
112.617998 4.68
112.628748 4.68
112.664400 4.68
112.675124 4.68
112.705749 4.68
112.716640 4.68
112.746749 4.68
112.757642 4.68
112.787750 4.68
112.798641 4.68
112.828875 4.68
112.844750 4.68
112.870000 4.68
112.880875 4.68
112.911404 4.68
112.922127 4.68
112.952751 4.68
112.965278 4.68
112.993751 5.00
113.006278 5.00
113.034752 4.68
113.047280 4.68
113.075752 5.00
113.088280 4.68
113.116752 4.68
113.127642 4.68
113.157877 4.68
113.173752 4.68
113.199003 4.68
113.209752 4.68
113.240405 4.68
113.256408 4.68
113.281647 4.68
113.292393 4.68
113.322754 4.68
113.335129 4.68
113.363879 4.68
113.379754 4.68
113.405004 4.68
113.415879 4.68
113.451408 4.68
113.467408 5.00
113.492755 5.00
113.505130 4.68
113.533880 4.68
113.549880 4.68
113.575005 4.68
113.585755 4.68
113.621410 4.68
113.637410 4.68
113.662756 4.68
113.675131 4.68
113.703881 5.00
113.719756 5.00
113.745006 5.00
113.755757 4.68
113.791410 5.00
113.803766 4.68
113.832757 4.68
113.845133 4.68
113.873757 4.68
113.886133 4.68
113.914758 4.68
113.930633 4.68
113.955758 5.00
113.971633 5.00
113.996883 4.68
114.012758 5.00
114.038008 4.68
114.048884 4.68
114.084289 4.68
114.095009 5.00
114.125651 4.68
114.136401 4.68
114.166634 4.68
114.177400 4.68
114.207635 4.68
114.218403 4.68
114.248760 4.68
114.264760 4.68
114.289760 4.68
114.305760 4.68
114.330761 4.68
114.346636 4.68
114.371761 5.00
114.387761 4.68
114.412761 4.68
114.428762 5.00
114.453886 5.00
114.464636 4.68
114.495012 5.00
114.505762 5.00
114.541529 4.68
114.552290 5.00
114.582763 4.68
114.598762 4.68
114.623763 5.00
114.639638 4.68
114.664763 5.00
114.680763 5.00
114.705763 5.00
114.721763 5.00
114.746763 5.00
114.762764 5.00
114.787764 4.68
114.803764 4.68
114.828764 4.68
114.844765 5.00
114.869764 4.68
114.885639 4.68
114.910765 5.00
114.926764 4.68
114.951765 5.00
114.967765 4.68
114.992765 4.68
115.008765 4.68
115.033766 4.68
115.049766 4.68
115.074766 4.68
115.090642 4.68
115.115766 4.68
115.131767 4.68
115.156766 5.00
115.172642 4.68
115.197892 4.68
115.213892 4.68
115.240768 4.68
115.251660 4.68
115.281768 4.68
115.297767 4.68
115.322767 4.68
115.338768 4.68
115.363768 4.68
115.379644 5.00
115.404768 5.00
115.420643 5.00
115.445769 4.68
115.461643 4.68
115.486769 4.68
115.502659 4.68
115.527769 4.68
115.543769 4.68
115.568769 4.68
115.584770 4.68
115.609770 4.68
115.625645 5.00
115.650770 5.00
115.666770 4.68
115.691770 4.68
115.707645 4.68
115.732770 4.68
115.748771 4.68
115.773771 4.68
115.789771 4.68
115.814771 4.68
115.830646 4.68
115.855771 4.68
115.871771 5.00
115.896772 4.68
115.912647 4.68
115.937772 4.68
115.953772 4.68
115.978773 4.68
115.994647 4.68
116.019772 4.68
116.035648 4.68
116.060898 4.68
116.071666 4.68
116.103649 5.00
116.114415 5.00
116.144649 4.68
116.157023 4.68
116.185649 5.00
116.198023 4.68
116.226649 4.68
116.239024 4.68
116.267649 4.68
116.280024 4.68
116.308775 4.68
116.324775 4.68
116.349900 5.00
116.360775 5.00
116.396152 4.68
116.408652 4.68
116.437669 5.00
116.453776 4.68
116.478776 4.68
116.494776 5.00
116.519776 4.68
116.530652 4.68
116.560776 4.68
116.571652 4.68
116.601777 5.00
116.612652 5.00
116.642777 4.68
116.653653 4.68
116.683777 4.68
116.694652 4.68
116.724778 4.68
116.735653 4.68
116.765778 4.68
116.776653 4.68
116.806779 4.68
116.817654 5.00
116.847778 5.00
116.858654 5.00
116.888779 4.68
116.899654 4.68
116.929905 4.68
116.940655 4.68
116.976156 4.68
116.992156 4.68
117.017673 4.68
117.033670 4.68
117.058905 4.68
117.069780 4.68
117.105296 5.00
117.121157 4.68
117.146674 4.68
117.162672 4.68
117.187656 4.68
117.203671 4.68
117.228673 4.68
117.244782 4.68
117.269657 4.68
117.285657 4.68
117.310657 5.00
117.326549 5.00
117.351657 5.00
117.367672 4.68
117.392658 5.00
117.408658 4.68
117.433658 4.68
117.449658 4.68
117.474658 4.68
117.490675 4.68
117.515658 4.68
117.531783 4.68
117.556677 5.00
117.572676 4.68
117.597784 5.00
117.608659 4.68
117.638784 4.68
117.649659 4.68
117.679785 4.68
117.690660 4.68
117.720785 4.68
117.731660 4.68
117.761785 4.68
117.772660 4.68
117.802785 5.00
117.813660 5.00
117.843786 4.68
117.854661 5.00
117.884786 4.68
117.895662 4.68
117.925786 4.68
117.936661 4.68
117.966787 4.68
117.977662 4.68
118.007787 4.68
118.018662 4.68
118.048787 5.00
118.059662 5.00
118.089787 4.68
118.100663 5.00
118.130787 4.68
118.141663 4.68
118.171788 4.68
118.182663 4.68
118.212788 4.68
118.223664 4.68
118.253789 4.68
118.264664 5.00
118.294789 4.68
118.305664 5.00
118.335789 4.68
118.346664 4.68
118.376789 4.68
118.387664 4.68
118.417790 4.68
118.428665 4.68
118.458790 4.68
118.469665 4.68
118.499790 4.68
118.510666 5.00
118.540791 5.00
118.551683 4.68
118.581791 4.68
118.592666 4.68
118.622791 4.68
118.633667 4.68
118.663791 4.68
118.674667 4.68
118.704792 4.68
118.715667 4.68
118.745792 4.68
118.756667 4.68
118.786793 4.68
118.797668 4.68
118.827793 4.68
118.838668 4.68
118.868793 4.68
118.879668 4.68
118.909793 4.68
118.920668 4.68
118.950793 4.68
118.961669 4.68
118.991794 5.00
119.002669 5.00
119.032794 5.00
119.043669 5.00
119.073795 4.68
119.084670 4.68
119.114795 4.68
119.125670 4.68
119.155795 4.68
119.166670 4.68
119.202201 4.68
119.218172 4.68
119.243688 5.00
119.259687 5.00
119.284796 4.68
119.295671 4.68
119.325797 4.68
119.336671 4.68
119.366796 4.68
119.377672 4.68
119.407797 4.68
119.418672 4.68
119.448797 4.68
119.459672 4.68
119.489797 5.00
119.500673 5.00
119.536048 4.68
119.546923 4.68
119.577452 4.68
119.588298 4.68
119.618798 4.68
119.629674 4.68
119.665049 4.68
119.675923 4.68
119.706452 4.68
119.717175 5.00
119.747799 5.00
119.758675 4.68
119.794050 4.68
119.804799 4.68
119.835454 4.68
119.846300 4.68
119.876675 4.68
119.887441 4.68
119.917676 4.68
119.928443 4.68
119.958801 5.00
119.969676 4.68
120.005051 4.68
120.015801 4.68
120.046455 4.68
120.057316 4.68
120.087802 4.68
120.098677 4.68
120.134052 4.68
120.144927 4.68
120.175454 4.68
120.186179 4.68
120.216803 5.00
120.227678 4.68
120.263053 4.68
120.273803 4.68
120.304458 4.68
120.315318 4.68
120.345679 4.68
120.356445 4.68
120.386804 4.68
120.397679 4.68
120.433054 4.68
120.443804 4.68
120.474456 4.68
120.485180 4.68
120.515680 4.68
120.526448 4.68
120.556805 4.68
120.567681 4.68
120.603056 4.68
120.613806 4.68
120.644460 4.68
120.656930 4.68
120.685696 5.00
120.696449 5.00
120.726807 4.68
120.737681 4.68
120.773057 4.68
120.789056 4.68
120.814574 4.68
120.830697 4.68
120.855697 4.68
120.871700 4.68
120.896683 4.68
120.907450 4.68
120.937808 4.68
120.948683 4.68
120.984058 4.68
120.994808 4.68
121.025463 4.68
121.038059 4.68
121.066809 4.68
121.077699 4.68
121.113186 4.68
121.129059 4.68
121.154338 4.68
121.165186 5.00
121.195810 5.00
121.206703 4.68
121.242060 4.68
121.258060 4.68
121.283577 4.68
121.299704 4.68
121.324704 4.68
121.335579 4.68
121.371061 4.68
121.383563 4.68
121.412465 5.00
121.425062 5.00
121.453811 4.68
121.464705 4.68
121.500062 4.68
121.512563 4.68
121.541466 4.68
121.554062 4.68
121.582813 4.68
121.593704 4.68
121.629063 4.68
121.641564 5.00
121.670467 4.68
121.683063 4.68
121.711814 4.68
121.722706 4.68
121.758064 4.68
121.770440 4.68
121.799468 4.68
121.815814 4.68
121.840814 4.68
121.851690 4.68
121.887064 4.68
121.899441 4.68
121.928470 4.68
121.944467 4.68
121.969815 4.68
121.980690 4.68
122.016066 4.68
122.031941 4.68
122.057469 4.68
122.073331 4.68
122.098817 4.68
122.109691 4.68
122.145067 5.00
122.160941 4.68
122.186470 4.68
122.202468 4.68
122.227817 4.68
122.238708 4.68
122.274067 4.68
122.289942 4.68
122.315472 4.68
122.331709 4.68
122.356818 4.68
122.367709 4.68
122.403068 4.68
122.418944 4.68
122.444472 4.68
122.460346 4.68
122.485819 4.68
122.496694 4.68
122.532070 4.68
122.548069 4.68
122.573474 4.68
122.589713 4.68
122.614820 5.00
122.625695 4.68
122.661070 5.00
122.676945 4.68
122.702473 4.68
122.718472 4.68
122.743821 4.68
122.754696 4.68
122.790071 4.68
122.805946 4.68
122.831473 4.68
122.847477 4.68
122.872822 4.68
122.883697 4.68
122.919072 4.68
122.934947 4.68
122.960477 4.68
122.976476 4.68
123.001823 4.68
123.012697 4.68
123.048073 4.68
123.063948 4.68
123.089477 4.68
123.105717 5.00
123.130699 5.00
123.141466 4.68
123.171824 4.68
123.182699 4.68
123.218074 4.68
123.234218 4.68
123.259478 4.68
123.275466 4.68
123.300825 4.68
123.311700 4.68
123.347075 5.00
123.363075 5.00
123.388593 4.68
123.404825 4.68
123.429718 4.68
123.440594 4.68
123.470701 4.68
123.481469 4.68
123.513453 4.68
123.524356 4.68
123.554719 4.68
123.565467 4.68
123.597453 4.68
123.608204 4.68
123.640453 4.68
123.651204 4.68
123.683454 4.68
123.694356 4.68
123.724722 4.68
123.735470 4.68
123.771078 4.68
123.787078 4.68
123.812482 4.68
123.828482 5.00
123.853829 4.68
123.864704 4.68
123.900079 4.68
123.915954 4.68
123.941484 4.68
123.957483 4.68
123.984456 4.68
123.995359 4.68
124.025722 4.68
124.036473 4.68
124.072080 5.00
124.088080 4.68
124.113485 4.68
124.129486 4.68
124.156457 4.68
124.167208 4.68
124.199458 4.68
124.210361 4.68
124.240724 4.68
124.251475 4.68
124.283458 4.68
124.294360 5.00
124.324724 4.68
124.335472 4.68
124.367459 4.68
124.378360 4.68
124.408722 4.68
124.419475 4.68
124.454957 4.68
124.467460 4.68
124.496210 4.68
124.507084 4.68
124.537724 5.00
124.548477 5.00
124.578959 4.68
124.591335 4.68
124.620210 4.68
124.631084 4.68
124.661487 4.68
124.677364 4.68
124.708085 4.68
124.723960 4.68
124.749490 4.68
124.765365 4.68
124.796085 4.68
124.811961 4.34
124.837363 4.68
124.853363 4.68
124.878729 4.34
124.889478 4.34
124.925087 4.68
124.940961 4.34
124.966489 4.34
124.982491 4.34
125.012962 4.68
125.028962 4.68
125.054214 4.68
125.065087 4.68
125.095490 4.68
125.106214 4.68
125.142088 4.68
125.152963 4.68
125.183493 4.68
125.194215 4.34
125.230089 4.34
125.240838 4.68
125.271492 4.34
125.282215 4.68
125.317841 4.68
125.328714 4.68
125.359090 4.34
125.369965 4.34
125.400492 4.68
125.411215 4.68
125.446965 4.68
125.463090 4.34
125.488216 4.68
125.499091 4.68
125.529495 4.68
125.540217 4.68
125.576091 4.68
125.586841 4.34
125.617493 4.68
125.628217 4.68
125.664092 4.68
125.674967 4.68
125.705494 4.68
125.716218 4.68
125.751967 4.34
125.767968 4.68
125.793219 4.34
125.804093 4.34
125.834496 4.34
125.845219 4.34
125.880969 4.34
125.896968 4.34
125.922219 4.34
125.933094 4.34
125.963496 4.34
125.974220 4.68
126.009969 4.68
126.026094 4.34
126.051220 4.68
126.062094 4.68
126.092498 4.68
126.103375 4.68
126.138970 4.68
126.154971 4.68
126.183375 4.68
126.199500 4.68
126.224739 4.68
126.235488 4.68
126.265971 4.68
126.281971 4.68
126.307221 4.68
126.318096 4.68
126.348501 4.68
126.359223 4.34
126.395096 4.34
126.405847 4.68
126.436503 4.34
126.447223 4.68
126.482972 4.68
126.499098 4.68
126.524223 4.68
126.535098 4.68
126.565500 4.34
126.576225 4.34
126.612099 4.34
126.622974 4.68
126.653503 4.34
126.664377 4.68
126.700100 4.68
126.710849 4.68
126.741501 4.68
126.752378 4.34
126.788100 4.34
126.798850 4.68
126.829378 4.68
126.845505 4.68
126.872352 4.68
126.883226 4.68
126.915352 4.68
126.926226 4.68
126.956619 4.34
126.967368 4.34
127.003102 4.34
127.013851 4.68
127.044505 4.68
127.055379 4.68
127.091102 4.34
127.101977 4.68
127.132621 4.68
127.143368 4.34
127.175354 4.68
127.186228 4.68
127.218384 4.68
127.229228 4.68
127.261382 4.34
127.272103 4.68
127.304355 4.68
127.315229 4.34
127.347355 4.68
127.358229 4.68
127.388495 4.68
127.399230 4.68
127.434979 4.34
127.450854 4.34
127.476260 4.68
127.492384 4.68
127.522855 4.68
127.535261 4.68
127.563980 4.68
127.580106 4.68
127.605231 4.68
127.617731 4.34
127.646386 4.68
127.662497 4.68
127.689263 4.68
127.700106 4.68
127.732262 4.68
127.743107 4.68
127.778857 4.68
127.791263 4.68
127.819983 4.68
127.835982 4.68
127.861387 4.68
127.872233 4.68
127.907858 4.68
127.923858 4.34
127.948983 4.34
127.959733 4.68
127.990234 4.34
128.006234 4.34
128.031502 4.68
128.042235 4.34
128.072734 4.34
128.083500 4.68
128.113859 4.34
128.129859 4.34
128.154985 4.68
128.165859 4.34
128.196390 4.34
128.207235 4.34
128.242861 4.34
128.258860 4.34
128.283985 4.34
128.294736 4.34
128.325389 4.68
128.336236 4.68
128.371862 4.34
128.387986 4.68
128.412987 4.68
128.423862 4.34
128.454390 4.34
128.465265 4.68
128.500987 4.68
128.511862 4.34
128.542391 4.68
128.553268 4.34
128.588987 4.34
128.599863 4.34
128.630267 4.34
128.646267 4.68
128.676988 4.34
128.687738 4.34
128.718394 4.34
128.729267 4.68
128.764864 4.68
128.780989 4.34
128.805989 4.34
128.816740 4.68
128.847394 4.34
128.858267 4.34
128.893990 4.68
128.904865 4.68
128.935394 4.68
128.946269 4.34
128.981866 4.68
128.997991 4.68
129.022991 4.34
129.033866 4.68
129.064396 4.68
129.075269 4.68
129.110991 4.34
129.121866 4.34
129.152394 4.68
129.163121 4.68
129.198992 4.68
129.209759 4.68
129.240396 4.68
129.251269 4.68
129.286868 4.68
129.302993 4.68
129.327993 4.68
129.338743 4.34
129.369397 4.34
129.380271 4.34
129.415869 4.68
129.431869 4.68
129.456994 4.68
129.467869 4.68
129.501398 4.68
129.512125 4.68
129.547995 4.68
129.558745 4.34
129.589396 4.34
129.600125 4.68
129.630871 4.68
129.646996 4.68
129.671995 4.34
129.682746 4.34
129.713399 4.34
129.724275 4.34
129.759871 4.68
129.775872 4.34
129.800996 4.34
129.811746 4.34
129.842402 4.34
129.853276 4.34
129.888872 4.34
129.904997 4.34
129.929997 4.34
129.940748 4.34
129.971401 4.34
129.982275 4.34
130.017998 4.34
130.028873 4.34
130.059277 4.68
130.075400 4.68
130.105874 4.68
130.121999 4.34
130.146999 4.34
130.157874 4.34
130.188279 4.34
130.204403 4.34
130.234999 4.34
130.245875 4.34
130.276403 4.34
130.287127 4.34
130.322875 4.34
130.339000 4.68
130.364000 4.68
130.374750 4.34
130.405278 4.34
130.421127 4.68
130.452001 4.34
130.462752 4.68
130.493282 4.34
130.509280 4.34
130.540001 4.68
130.550876 4.68
130.581406 4.34
130.592281 4.68
130.628003 4.68
130.638878 4.34
130.669129 4.34
130.685282 4.34
130.712130 4.34
130.723003 4.34
130.753405 4.34
130.764130 4.68
130.794754 4.68
130.807130 4.34
130.835879 4.34
130.846754 4.34
130.877004 4.34
130.887879 4.68
130.918285 4.34
130.929131 4.68
130.964879 4.68
130.975755 4.34
131.006005 4.68
131.016880 4.34
131.047410 4.34
131.058282 4.34
131.088756 4.34
131.104881 4.68
131.129881 4.34
131.140648 4.34
131.171133 4.34
131.187284 4.68
131.217881 4.34
131.228757 4.34
131.259006 4.68
131.269882 4.68
131.300411 4.34
131.311134 4.34
131.341647 4.34
131.352401 4.34
131.382757 4.34
131.398883 4.34
131.423883 4.68
131.434633 4.34
131.465009 4.34
131.475758 4.68
131.506286 4.68
131.517135 4.68
131.552884 4.34
131.563759 4.34
131.594009 4.34
131.604759 4.34
131.635136 4.68
131.651286 4.34
131.681885 4.34
131.692761 4.68
131.723010 4.68
131.733885 4.68
131.764414 4.34
131.775287 4.68
131.805652 4.34
131.816402 4.34
131.846761 4.34
131.862762 4.34
131.887886 4.68
131.898636 4.68
131.929012 4.68
131.939887 4.34
131.970291 4.34
131.981139 4.68
132.011763 4.34
132.027887 4.34
132.052888 4.68
132.063763 4.34
132.094013 4.34
132.104763 4.34
132.135530 4.34
132.146416 4.34
132.176764 4.68
132.192889 4.34
132.217888 4.34
132.228639 4.34
132.259014 4.68
132.269889 4.68
132.300418 4.68
132.311293 4.34
132.341765 4.68
132.357890 4.68
132.382765 4.34
132.398890 4.34
132.423766 4.68
132.439766 4.68
132.464765 4.34
132.480891 4.68
132.505891 4.68
132.516766 4.68
132.547016 4.68
132.557766 4.34
132.588296 4.68
132.599169 4.34
132.629767 4.34
132.645892 4.68
132.670767 4.68
132.686892 4.68
132.711768 4.68
132.727893 4.68
132.752893 4.68
132.763768 4.34
132.794018 4.68
132.804767 4.68
132.837148 4.68
132.848018 4.68
132.883893 4.34
132.894768 4.68
132.925019 4.68
132.937660 4.34
132.966297 4.34
132.977145 4.34
133.007770 4.34
133.023895 4.68
133.048769 4.34
133.064895 4.68
133.089770 4.68
133.105895 4.68
133.131408 4.68
133.142404 4.68
133.173026 4.34
133.185542 4.34
133.219899 4.34
133.230648 4.34
133.263055 4.34
133.274023 4.68
133.309897 4.34
133.320771 4.34
133.351173 4.34
133.367175 4.68
133.394048 4.34
133.404897 4.68
133.440897 4.34
133.451777 4.68
133.482334 4.68
133.493024 4.34
133.523649 4.34
133.536094 4.68
