0.000000 0.000000
0.041939 4.34
0.052936 4.34
0.083572 4.34
0.094508 4.34
0.125261 2.66
0.141567 2.66
0.166829 2.66
0.177954 2.66
0.208477 2.66
0.219454 2.66
0.254682 2.66
0.265431 2.66
0.295679 2.66
0.306429 2.66
0.336679 2.66
0.347427 2.66
0.377678 2.66
0.388427 2.66
0.418678 2.66
0.431202 2.66
0.459803 2.66
0.475678 2.66
0.500928 2.66
0.511803 2.66
0.542444 2.66
0.553195 2.66
0.588803 2.66
0.604804 2.66
0.630081 2.66
0.642554 2.66
0.673207 2.66
0.684080 2.66
0.719929 2.66
0.730805 2.66
0.761446 2.66
0.772378 2.66
0.803082 2.66
0.815696 2.66
0.849938 2.66
0.860958 2.66
0.896833 2.66
0.907946 2.66
0.938457 2.66
0.954958 2.66
0.980083 2.66
0.992696 4.02
1.026941 4.02
1.037940 4.34
1.073813 4.34
1.089937 4.34
1.115450 4.34
1.126452 4.34
1.156810 4.34
1.172935 4.34
1.198090 4.34
1.214211 4.02
1.244809 4.34
1.260683 4.34
1.289207 4.34
1.305087 4.34
1.335809 4.02
1.351810 4.34
1.380209 4.02
1.396087 4.34
1.426810 4.34
1.442953 4.34
1.468478 4.34
1.479605 4.34
1.510078 4.34
1.526198 4.34
1.556945 4.34
1.567945 4.34
1.603694 4.34
1.619817 4.34
1.645228 4.34
1.656102 4.34
1.691689 4.34
1.707814 4.34
1.732813 4.34
1.743688 4.34
1.774092 4.34
1.790214 4.34
1.820813 4.34
1.831563 4.34
1.862092 4.34
1.878215 4.34
1.908814 4.34
1.919689 4.34
1.950094 4.34
1.966217 4.34
1.996814 4.34
2.007565 4.34
2.038094 4.34
2.054095 4.34
2.084815 4.34
2.095689 4.34
2.126066 4.34
2.142217 4.34
2.167345 4.34
2.178219 4.34
2.208566 4.34
2.219334 4.34
2.249691 4.34
2.265816 4.34
2.290816 4.34
2.301566 4.34
2.332067 4.34
2.348220 4.34
2.373344 4.34
2.384068 4.34
2.414567 4.34
2.425334 4.34
2.455567 4.34
2.466334 4.34
2.496693 4.34
2.512818 4.34
2.537818 4.34
2.548567 4.34
2.579070 4.34
2.595221 4.34
2.625819 4.34
2.636694 4.34
2.667070 4.34
2.683223 4.34
2.708348 4.34
2.719224 4.34
2.749569 4.34
2.760337 4.34
2.790694 4.34
2.806820 4.34
2.831820 4.34
2.842570 4.34
2.873072 4.34
2.889072 4.34
2.919821 4.34
2.930696 4.34
2.961072 4.34
2.977223 4.34
3.007822 4.34
3.018696 4.34
3.049073 4.34
3.065225 4.34
3.090350 4.34
3.101226 4.34
3.131572 4.34
3.142339 4.34
3.172572 4.34
3.183338 4.34
3.213573 4.34
3.229588 4.34
3.254698 4.34
3.270823 4.34
3.295823 4.34
3.306573 4.34
3.337074 4.34
3.353228 4.34
3.380078 4.34
3.390949 4.34
3.421352 4.34
3.432228 4.34
3.462575 4.34
3.473341 4.34
3.503700 4.34
3.519825 4.34
3.544825 4.34
3.555575 4.34
3.586077 4.34
3.602094 4.34
3.629080 4.34
3.639951 4.34
3.672077 4.34
3.682951 4.34
3.713356 4.34
3.724230 4.34
3.754701 4.34
3.770827 4.34
3.795827 4.34
3.806577 4.34
3.837107 4.34
3.853077 4.34
3.883703 4.34
3.899828 4.34
3.924828 4.34
3.935703 4.34
3.966078 4.34
3.982078 4.34
4.008958 4.34
4.019828 4.34
4.051955 4.34
4.062704 4.34
4.094984 4.34
4.105829 4.34
4.136232 4.34
4.147079 4.34
4.182704 4.34
4.198705 4.34
4.223830 4.34
4.234705 4.34
4.265080 4.34
4.281080 4.34
4.311599 4.34
4.323959 4.34
4.352830 4.34
4.363581 4.34
4.394110 4.34
4.410235 4.34
4.435474 4.34
4.446236 4.34
4.476707 4.34
4.492707 4.34
4.517832 4.34
4.528581 4.34
4.559083 4.34
4.569832 4.34
4.605600 4.34
4.621601 4.34
4.646833 4.34
4.657708 4.34
4.688082 4.34
4.704083 4.34
4.734599 4.34
4.750600 4.34
4.775833 4.34
4.786709 4.34
4.817237 4.34
4.827959 4.34
4.858476 4.34
4.869227 4.34
4.899710 4.34
4.910476 4.34
4.940959 4.34
4.956968 4.34
4.987600 4.34
5.003603 4.34
5.028835 4.34
5.039710 4.34
5.070239 4.34
5.081086 4.34
5.111476 4.34
5.122238 4.34
5.152712 4.34
5.163478 4.34
5.193837 4.34
5.204587 4.34
5.235087 4.34
5.245837 4.34
5.276242 4.34
5.287088 4.34
5.317480 4.34
5.328243 4.34
5.358588 4.34
5.374588 4.34
5.399713 4.34
5.410478 4.34
5.440838 4.34
5.451713 4.34
5.482243 4.34
5.493118 4.34
5.523589 4.34
5.539589 4.34
5.564589 4.34
5.580590 4.34
5.605590 4.34
5.621590 4.34
5.646715 4.34
5.657590 4.34
5.687840 4.34
5.698715 4.34
5.729117 4.34
5.739968 4.34
5.775715 4.34
5.786591 4.34
5.816841 4.34
5.827716 4.34
5.857969 4.34
5.874118 4.34
5.904717 4.34
5.915592 4.34
5.945842 4.34
5.956717 4.34
5.987122 4.34
5.997842 4.34
6.028731 4.34
6.039605 4.34
6.070372 4.34
6.081372 4.34
6.111976 4.34
6.128133 4.68
6.158721 4.68
6.169596 4.68
6.200126 5.00
6.210973 4.68
6.241594 5.00
6.257720 5.00
6.282595 4.68
6.298719 5.00
6.323720 5.00
6.334487 4.68
6.364845 4.68
6.375720 4.68
6.407974 4.68
6.418994 4.68
6.449613 5.00
6.460605 4.68
6.491268 4.68
6.502267 4.68
6.532850 4.68
6.543725 5.00
6.579724 5.00
6.590599 4.68
6.621129 5.00
6.631979 5.00
6.662597 5.00
6.678722 5.00
6.708003 4.68
6.718997 5.00
6.749609 5.00
6.760607 5.00
6.791271 5.00
6.802145 5.00
6.832853 5.00
6.845261 5.00
6.875871 5.00
6.886726 5.00
6.922725 5.00
6.933600 5.00
6.963978 5.00
6.980129 5.00
7.010724 5.00
7.021599 5.00
7.052164 5.00
7.063165 5.00
7.093730 5.00
7.104729 4.68
7.140610 5.00
7.151609 5.00
7.182272 5.00
7.193146 5.00
7.223855 5.00
7.239854 5.00
7.265134 5.00
7.275979 5.00
7.306603 5.00
7.317496 5.00
7.347727 5.00
7.358494 5.00
7.388852 5.00
7.401389 5.00
7.435738 5.00
7.446610 5.00
7.482609 5.00
7.493503 5.00
7.524143 5.00
7.534982 5.00
7.565606 5.00
7.576498 5.00
7.606983 5.00
7.617855 5.00
7.653729 5.00
7.664496 5.00
7.694854 5.00
7.710993 5.00
7.741497 5.00
7.757498 5.00
7.782605 5.00
7.793495 5.00
7.823730 5.00
7.834605 5.00
7.864855 5.00
7.880731 5.00
7.906134 5.00
7.916982 5.00
7.947606 5.00
7.958497 5.00
7.988606 5.00
7.999481 5.00
8.030236 5.00
8.041149 5.00
8.071859 5.00
8.087859 5.00
8.118748 5.00
8.129628 5.00
8.165616 5.00
8.176615 5.00
8.207150 5.00
8.217989 5.00
8.248612 5.00
8.259486 5.00
8.289860 5.00
8.305860 5.00
8.331138 5.00
8.342137 5.00
8.372609 5.00
8.383500 5.00
8.414029 5.00
8.425018 5.00
8.455615 5.00
8.466617 5.00
8.497142 5.00
8.508029 5.00
8.538612 5.00
8.549502 5.00
8.579736 5.00
8.590611 5.00
8.621013 5.00
8.631861 5.00
8.667610 5.00
8.678500 5.00
8.709012 5.00
8.720017 5.00
8.750626 5.00
8.761624 5.00
8.792165 5.00
8.803021 5.00
8.833617 5.00
8.844492 5.00
8.875150 5.00
8.886032 5.00
8.916507 5.00
8.932503 5.00
8.957739 5.00
8.968614 5.00
8.998863 5.00
9.015021 5.00
9.040186 5.00
9.051252 5.00
9.081751 5.00
9.094391 5.00
9.128626 5.00
9.139625 5.00
9.171927 5.00
9.182872 4.68
9.213513 5.00
9.229619 5.00
9.254868 4.68
9.271028 5.00
9.301617 5.00
9.312509 5.00
9.342741 5.00
9.353616 5.00
9.384019 5.00
9.394866 5.00
9.425757 5.00
9.438413 5.00
9.472626 5.00
9.483625 5.00
9.515913 5.00
9.526872 5.00
9.557513 5.00
9.573620 5.00
9.598869 5.00
9.615024 5.00
9.645637 5.00
9.656507 5.00
9.686743 5.00
9.699145 5.00
9.728185 5.00
9.739191 5.00
9.769757 5.00
9.786058 5.00
9.816626 5.00
9.827626 5.00
9.858034 5.00
9.868873 5.00
9.899512 5.00
9.910389 5.00
9.941025 5.00
9.951871 5.00
9.982511 5.00
9.998621 5.00
10.023744 5.00
10.036145 5.00
10.065205 5.00
10.081557 5.00
10.106756 5.00
10.122880 5.00
10.148522 5.00
10.159520 5.00
10.190036 5.00
10.200875 5.00
10.231514 5.00
10.242392 5.00
10.272749 5.00
10.285153 5.00
10.314027 5.00
10.324873 5.00
10.355515 5.00
10.366389 5.00
10.397198 5.00
10.413578 5.00
10.438755 5.00
10.455058 5.00
10.485629 5.00
10.496517 5.00
10.527033 5.00
10.537877 5.00
10.568516 5.00
10.579390 5.00
10.609625 5.00
10.620514 5.00
10.650750 5.00
10.666750 5.00
10.692027 5.00
10.702875 5.00
10.733641 5.00
10.744514 5.00
10.775391 5.00
10.791391 5.00
10.817077 4.68
10.828060 4.68
10.858632 4.68
10.869525 4.68
10.905273 4.68
10.921397 4.68
10.946504 4.68
10.957393 4.68
10.987628 4.68
10.998503 4.68
11.028753 4.68
11.044753 4.68
11.070033 4.68
11.080878 4.68
11.111640 4.68
11.122639 4.68
11.153179 4.68
11.164177 4.68
11.194634 4.68
11.205509 4.68
11.236043 4.68
11.246882 4.68
11.277399 4.68
11.293397 4.68
11.318755 4.68
11.334880 4.68
11.360034 4.68
11.370879 4.68
11.401636 4.68
11.412522 5.00
11.443078 4.68
11.454200 4.68
11.484640 5.00
11.495639 5.00
11.526052 5.00
11.536886 5.00
11.567528 5.00
11.578404 5.00
11.608884 5.00
11.625038 5.00
11.649883 5.00
11.660758 4.68
11.696398 4.68
11.712400 5.00
11.740008 4.68
11.750883 5.00
11.781524 5.00
11.792275 4.68
11.822759 4.68
11.838633 4.68
11.863884 5.00
11.874633 5.00
11.910276 5.00
11.921009 4.68
11.951525 4.68
11.962275 4.68
11.992634 4.68
12.003509 5.00
12.033760 5.00
12.049635 5.00
12.074885 4.68
12.085635 4.68
12.121289 4.68
12.132011 4.68
12.162529 5.00
12.173278 4.68
12.203636 4.68
12.214511 4.68
12.244636 4.68
12.257164 4.68
12.285886 4.68
12.296636 5.00
12.332402 5.00
12.348404 5.00
12.373512 5.00
12.384279 5.00
12.414513 5.00
12.425280 4.68
12.455513 4.68
12.466403 4.68
12.496513 4.68
12.507280 4.68
12.537513 5.00
12.548278 4.68
12.578514 5.00
12.589279 4.68
12.619514 4.68
12.630282 5.00
12.660639 5.00
12.673015 4.68
12.701639 4.68
12.714016 5.00
12.742640 5.00
12.755016 4.68
12.783640 5.00
12.796017 4.68
12.824765 4.68
12.840641 4.68
12.871141 5.00
12.881891 4.68
12.912530 5.00
12.923283 4.68
12.953516 4.68
12.964283 4.68
12.994517 4.68
13.005410 4.68
13.035517 4.68
13.046284 5.00
13.076517 4.68
13.087285 4.68
13.117517 5.00
13.128284 5.00
13.158518 4.68
13.169285 4.68
13.199518 5.00
13.210285 5.00
13.240518 4.68
13.251285 5.00
13.281518 5.00
13.292287 5.00
13.322519 4.68
13.333285 5.00
13.363519 4.68
13.374288 4.68
13.404520 4.68
13.415284 4.68
13.445520 4.68
13.456288 4.68
13.486520 5.00
13.497287 5.00
13.527520 4.68
13.538285 4.68
13.568520 4.68
13.579289 5.00
13.609521 5.00
13.620288 5.00
13.650521 5.00
13.661289 4.68
13.691522 4.68
13.702288 5.00
13.732522 4.68
13.743290 4.68
13.773522 4.68
13.784289 4.68
13.814522 4.68
13.825290 4.68
13.855522 5.00
13.866290 5.00
13.896523 4.68
13.907289 5.00
13.937523 4.68
13.948291 5.00
13.978524 5.00
13.989290 4.68
14.019523 5.00
14.030291 5.00
14.060524 4.68
14.071292 5.00
14.101524 4.68
14.112291 4.68
14.142525 4.68
14.153290 4.68
14.183650 4.68
14.199525 4.68
14.224650 4.68
14.240525 4.68
14.265775 5.00
14.276526 5.00
14.312151 5.00
14.322900 5.00
14.353544 4.68
14.364292 4.68
14.394776 5.00
14.405526 5.00
14.441168 5.00
14.451902 5.00
14.482542 5.00
14.493295 4.68
14.523776 4.68
14.534527 4.68
14.570171 5.00
14.586168 5.00
14.611543 5.00
14.624030 5.00
14.652778 4.68
14.663528 5.00
14.699171 4.68
14.715170 4.68
14.740546 5.00
14.751294 4.68
14.781654 5.00
14.797654 4.68
14.822779 4.68
14.833529 5.00
14.869173 5.00
14.885170 4.68
14.910545 4.68
14.921297 4.68
14.951780 5.00
14.962655 5.00
14.998183 4.68
15.008906 5.00
15.039549 4.68
15.052047 5.00
15.080656 5.00
15.096656 4.68
15.121781 5.00
15.132532 4.68
15.168186 4.68
15.178907 4.68
15.209550 5.00
15.222033 5.00
15.250783 4.68
15.261657 4.68
15.297175 4.68
15.313174 4.68
15.338548 4.68
15.350908 5.00
15.379783 5.00
15.390533 5.00
15.422534 5.00
15.433302 5.00
15.463534 4.68
15.475909 4.68
15.504659 5.00
15.520534 5.00
15.545784 5.00
15.556534 5.00
15.592175 4.68
15.604535 4.68
15.633552 5.00
15.645910 4.68
15.674785 4.68
15.685535 5.00
15.721190 4.68
15.737178 5.00
15.762536 5.00
15.778552 5.00
15.803661 5.00
15.819661 5.00
15.844787 5.00
15.855662 5.00
15.891190 4.68
15.907180 4.68
15.932554 4.68
15.948554 4.68
15.973537 4.68
15.989662 4.68
16.014538 4.68
16.026913 4.68
16.055538 4.68
16.071538 4.68
16.096663 4.68
16.112664 4.68
16.137788 4.68
16.148663 4.68
16.184193 4.68
16.200039 5.00
16.225664 5.00
16.241664 5.00
16.266790 4.68
16.277539 4.68
16.313180 4.68
16.329040 4.68
16.354665 4.68
16.370540 4.68
16.395790 4.68
16.406540 5.00
16.442200 4.68
16.458193 4.68
16.483666 5.00
16.499666 5.00
16.524791 4.68
16.535666 4.68
16.571193 5.00
16.587043 4.68
16.612560 5.00
16.628559 5.00
16.653543 4.68
16.669559 5.00
16.694542 5.00
16.710668 5.00
16.735668 4.68
16.751543 5.00
16.776793 4.68
16.787668 5.00
16.823198 4.68
16.839186 4.68
16.864560 4.68
16.880560 5.00
16.905545 4.68
16.921544 5.00
16.946670 4.68
16.962544 4.68
16.987795 5.00
16.998670 4.68
17.034198 4.68
17.050188 5.00
17.075561 5.00
17.091562 5.00
17.116545 5.00
17.132560 5.00
17.157671 4.68
17.173546 4.68
17.198796 4.68
17.209671 4.68
17.245199 4.68
17.261186 5.00
17.286563 5.00
17.302562 4.68
17.327547 5.00
17.343547 5.00
17.368672 5.00
17.384547 5.00
17.409797 5.00
17.420672 4.68
17.456049 5.00
17.472049 4.68
17.497566 5.00
17.513566 4.68
17.540550 5.00
17.551327 5.00
17.581805 4.68
17.592804 4.34
17.623214 4.34
17.639321 4.34
17.664569 4.34
17.680551 4.34
17.707552 4.34
17.718330 4.34
17.748550 4.34
17.764550 4.34
17.789675 4.34
17.800550 4.34
17.832552 4.34
17.843317 4.34
17.873551 4.34
17.889551 4.34
17.914676 4.34
17.925551 4.34
17.957552 4.34
17.968318 4.34
17.998552 4.34
18.014552 4.34
18.039677 4.34
18.050552 4.34
18.082553 4.34
18.093319 4.34
18.123678 4.34
18.134553 4.34
18.170222 4.34
18.181058 4.34
18.211575 4.34
18.227556 4.34
18.258056 4.34
18.274055 4.34
18.299574 4.34
18.315569 4.34
18.340554 4.34
18.351319 4.34
18.381555 4.34
18.392447 4.34
18.422680 4.34
18.433555 4.34
18.468930 4.34
18.479680 4.34
18.510334 4.34
18.521206 4.34
18.551820 4.34
