0.000000 0.000000
0.041954 4.34
0.052701 4.34
0.083468 4.34
0.094490 2.66
0.125274 2.34
0.141614 2.34
0.172081 2.66
0.183079 2.34
0.218953 2.34
0.229949 2.34
0.260607 2.34
0.271588 2.34
0.302229 2.34
0.318351 2.66
0.348944 2.66
0.359831 2.34
0.390320 2.34
0.401069 2.34
0.436943 2.66
0.447693 2.66
0.478221 2.34
0.494221 2.34
0.524944 2.66
0.535694 2.34
0.566220 2.34
0.582221 2.66
0.607585 2.34
0.618320 2.34
0.648696 2.34
0.659587 2.34
0.689696 2.66
0.700586 2.34
0.730695 2.34
0.741587 2.66
0.772513 2.66
0.793973 2.66
0.804956 2.66
0.835536 2.34
0.846592 2.34
0.877279 2.66
0.893626 2.66
0.924082 2.34
0.936726 2.34
0.971099 3.01
0.983730 4.02
1.017956 4.02
1.028956 4.02
1.059594 4.02
1.070592 4.34
1.101077 4.02
1.111951 4.34
1.142591 4.34
1.153593 4.34
1.183950 4.02
1.194700 4.34
1.225225 4.34
1.241224 4.02
1.266591 4.02
1.277341 4.02
1.307700 4.02
1.318592 4.34
1.348700 4.02
1.361225 4.02
1.389715 4.34
1.400589 4.34
1.431270 4.34
1.447488 4.34
1.476088 4.34
1.492360 4.34
1.519315 4.34
1.530373 4.34
1.560963 4.02
1.571710 4.34
1.604211 4.34
1.615084 4.34
1.651089 4.34
1.667349 4.34
1.697961 4.34
1.708959 4.34
1.741122 4.34
1.751957 4.34
1.787832 4.34
1.803956 4.34
1.829236 4.34
1.840080 4.34
1.870720 4.34
1.883098 4.34
1.911954 4.34
1.922830 4.34
1.953403 4.34
1.964502 4.34
1.994964 4.34
2.005963 4.34
2.041836 4.34
2.052727 4.34
2.083353 4.68
2.094084 4.68
2.124971 4.68
2.135969 5.00
2.171840 5.00
2.182839 5.00
2.213357 5.00
2.224213 5.00
2.254836 5.00
2.265710 5.00
2.296084 5.00
2.312084 5.00
2.342959 5.00
2.353708 5.00
2.384209 5.00
2.395083 5.00
2.430960 5.00
2.446960 5.00
2.472236 5.00
2.483084 5.00
2.513724 5.00
2.529834 5.00
2.554959 5.00
2.565709 5.00
2.596237 5.00
2.607085 5.00
2.642835 5.00
2.653726 5.00
2.683960 5.00
2.694709 5.00
2.730843 5.00
2.741838 5.00
2.772485 5.00
2.783485 5.35
2.813840 5.00
2.824714 5.35
2.855088 5.35
2.871088 5.00
2.901728 5.35
2.917729 5.35
2.942962 5.00
2.953712 5.00
2.984213 5.35
2.995087 5.00
3.025365 5.35
3.041522 5.35
3.066973 5.35
3.077972 5.35
3.113844 5.00
3.124844 5.35
3.155485 5.35
3.166361 5.00
3.196841 5.35
3.207716 5.00
3.238091 5.00
3.254090 5.35
3.284732 5.00
3.300732 5.35
3.325965 5.35
3.336971 5.35
3.367490 5.00
3.378220 5.35
3.408844 5.35
3.419718 5.35
3.450092 5.35
3.466092 5.35
3.499967 5.35
3.510841 5.35
3.541217 5.35
3.552091 5.35
3.587967 5.35
3.598842 5.35
3.629403 5.35
3.640395 5.35
3.670987 5.35
3.683616 5.69
3.717848 5.69
3.728722 5.35
3.759253 5.35
3.770095 5.35
3.800736 5.35
3.816844 5.35
3.841969 5.35
3.852844 5.35
3.883246 5.35
3.894094 5.35
3.929844 5.35
3.940735 5.35
3.971296 5.35
3.982230 5.35
4.012852 5.35
4.023851 5.35
4.056157 5.35
4.066974 5.35
4.102741 5.35
4.118848 5.35
4.144097 5.35
4.160251 5.35
4.188736 5.35
4.204739 5.35
4.229971 5.35
4.242615 5.35
4.276116 5.35
4.290099 5.35
4.322848 5.35
4.333741 5.35
4.364239 5.35
4.375097 5.35
4.407115 5.35
4.417973 5.35
4.453740 5.35
4.469848 5.35
4.494973 5.35
4.507364 5.00
4.536225 5.35
4.547239 5.35
4.577740 5.35
4.593756 5.69
4.619420 5.69
4.630404 5.69
4.660975 5.69
4.673372 5.69
4.703980 5.69
4.714850 5.35
4.750755 5.00
4.761735 4.34
4.792392 4.34
4.803391 4.34
4.833855 4.34
4.844744 4.34
4.880620 4.34
4.893015 4.34
4.921978 4.34
4.937977 4.34
4.968614 4.34
4.984619 4.34
5.009727 4.34
5.020616 4.34
5.050727 4.34
5.061619 4.34
5.091728 4.34
5.102616 4.34
5.132727 4.34
5.143618 4.34
5.173728 4.34
5.184616 4.34
5.214728 4.34
5.225617 4.34
5.255861 4.34
5.266900 4.34
5.297109 4.34
5.313108 4.34
5.338269 4.34
5.349107 4.34
5.379625 4.34
5.395622 4.34
5.420856 4.34
5.431731 4.34
5.461980 4.34
5.477855 4.34
5.502980 4.34
5.518872 4.34
5.549631 4.34
