0.000000 0.000000
0.041966 4.34
0.052970 4.34
0.085148 4.34
0.096344 2.66
0.126720 2.66
0.137722 2.66
0.170148 2.66
0.181206 2.66
0.211721 2.34
0.227950 2.66
0.253323 2.66
0.264200 2.66
0.294837 2.66
0.305835 2.66
0.336196 2.66
0.347071 2.34
0.382708 2.66
0.398583 2.34
0.423961 2.66
0.436472 2.66
0.465194 2.66
0.475945 2.66
0.511596 2.66
0.527586 2.34
0.552961 2.66
0.563836 2.66
0.594070 2.66
0.609946 2.66
0.635195 2.66
0.645945 2.34
0.676321 2.34
0.687196 2.66
0.717838 2.66
0.728585 2.34
0.764763 2.66
0.775736 2.34
0.808135 2.34
0.819081 2.66
0.849730 2.66
0.860869 2.66
0.896725 2.66
0.907723 2.66
0.938349 2.34
0.949338 2.66
0.979969 4.02
0.992630 4.34
1.026849 4.02
1.037845 4.34
1.069990 4.34
1.080845 4.02
1.116608 4.34
1.132592 4.34
1.157968 4.34
1.170326 4.34
1.199075 4.34
1.215075 4.34
1.240200 4.02
1.250950 4.02
1.282978 4.34
1.293839 4.34
1.324201 4.34
1.334950 4.34
1.370600 4.34
1.382980 4.02
1.411967 4.34
1.424468 4.34
1.458873 4.34
1.469998 4.34
1.505756 4.34
1.516763 4.34
1.547333 4.34
1.558332 4.34
1.588848 4.34
1.599601 4.34
1.630343 4.34
1.641341 4.34
1.671983 4.34
1.688211 4.34
1.718728 4.34
1.729603 4.34
1.760207 4.34
1.771082 4.34
1.801615 4.34
1.817597 4.34
1.842971 4.34
1.858973 4.34
1.884205 4.34
1.894955 4.34
1.930608 4.34
1.946608 4.34
1.971974 4.34
1.987971 4.34
2.013081 4.34
2.029082 4.34
2.054206 4.34
2.064957 4.34
2.100611 4.34
2.116597 4.34
2.141974 4.34
2.157974 4.34
2.182957 4.34
2.198957 4.34
2.223958 4.34
2.239958 4.34
2.265083 4.34
2.280958 4.34
2.306208 4.34
2.316958 4.34
2.352613 4.34
2.368600 4.34
2.393976 4.34
2.409975 4.34
2.435084 4.34
2.450959 4.34
2.476209 4.34
2.486959 4.34
2.522615 4.34
2.538460 4.34
2.563960 4.34
2.579960 4.34
2.605085 4.34
2.621085 4.34
2.646210 4.34
2.656961 4.34
2.692603 4.34
2.708601 4.34
2.733976 4.34
2.749978 4.34
2.775087 4.34
2.791087 4.34
2.816212 4.34
2.826962 4.34
2.862604 4.34
2.878605 4.34
2.903978 4.34
2.919979 4.34
2.945088 4.34
2.960963 4.34
2.986213 4.34
2.996963 4.34
3.032615 4.34
3.048465 4.34
3.073978 4.34
3.089982 4.34
3.114964 4.34
3.130964 4.34
3.155964 4.34
3.171964 4.34
3.196965 4.34
3.212983 4.34
3.237965 4.34
3.253965 4.34
3.280966 4.34
3.291732 4.34
3.322090 4.34
3.337966 4.34
3.364966 4.34
3.375858 4.34
3.405966 4.34
3.421966 4.34
3.449621 4.34
3.465607 4.34
3.490984 4.34
3.506967 4.34
3.531981 4.34
3.547967 4.34
3.572966 4.34
3.588841 4.34
3.613966 4.34
3.629841 4.34
3.654975 4.34
3.670849 4.34
3.695972 4.34
3.711848 4.34
3.736972 4.34
3.752846 4.34
3.777970 4.34
3.793845 4.34
3.818969 4.34
3.834844 4.34
3.859968 4.68
3.875843 4.34
3.900968 4.68
3.916844 4.68
3.941968 4.68
3.957844 4.34
3.982969 4.68
3.998844 4.68
4.023981 4.68
4.039853 4.68
4.064976 4.68
4.080850 4.68
4.105975 4.68
4.121974 4.68
4.146973 4.68
4.162848 4.34
4.187971 4.68
4.203847 4.68
4.228971 4.68
4.244846 4.68
4.269971 4.68
4.285846 4.34
4.310971 4.68
4.326846 4.34
4.351971 4.34
4.367847 4.68
4.392972 4.34
4.408972 4.68
4.433972 4.34
4.449847 4.34
4.474972 4.34
4.490848 4.34
4.515973 4.34
4.531848 4.34
4.556973 4.34
4.572848 4.34
4.597973 4.34
4.613848 4.34
4.638973 4.34
4.654849 4.68
4.679974 4.68
4.695974 4.68
4.720974 4.34
4.731724 4.68
4.761975 4.34
4.772724 4.68
4.802975 4.34
4.813725 4.34
4.843975 4.68
4.854725 4.68
4.884975 4.68
4.895726 4.68
4.925975 4.34
4.936726 4.68
4.966976 4.34
4.977726 4.68
5.007976 4.34
5.018726 4.34
5.048977 4.34
5.059728 4.68
5.090103 4.34
5.100870 4.68
5.136353 4.68
5.147104 4.68
5.177757 4.68
5.188632 4.68
5.218979 4.34
5.229746 4.68
5.260104 4.68
5.270870 4.68
5.306354 4.68
5.330758 4.34
5.341480 4.68
5.372105 4.68
5.382871 4.68
5.418355 4.34
5.442758 4.68
5.453481 4.68
5.484106 4.68
5.494871 4.68
5.530356 4.68
5.554760 4.68
5.565635 4.34
5.596107 4.34
5.606873 4.68
5.642357 4.34
5.666761 4.34
5.677482 4.68
5.708107 4.68
5.718875 4.68
5.754366 4.68
5.778762 4.68
5.789637 4.34
5.820108 4.68
5.830876 4.68
5.866367 4.68
5.890763 4.34
5.901484 4.68
5.932109 4.68
5.942876 4.34
5.978366 4.68
6.002765 4.68
6.015366 4.68
6.044110 4.68
6.054875 4.68
6.090368 4.68
6.114765 4.34
6.127368 4.68
6.156111 4.34
6.166877 4.68
6.202368 4.68
6.226767 4.68
6.256369 4.34
6.268893 4.34
6.297764 4.34
6.310369 4.34
6.338987 4.34
6.349752 4.34
6.379987 4.34
6.390755 4.34
6.421113 4.34
6.431988 4.34
6.467371 4.68
6.479893 4.34
6.508766 4.68
6.521238 4.68
6.549989 4.34
6.560880 4.34
6.590988 4.68
6.601881 4.68
6.632114 4.68
6.642881 4.34
6.678367 4.34
6.702880 4.34
6.732368 4.34
6.748368 4.34
6.773882 4.68
6.789882 4.68
6.814991 4.34
6.825882 4.34
6.855991 4.68
6.866880 4.34
6.896991 4.34
6.907884 4.34
6.937991 4.34
6.948883 4.34
6.979117 4.34
6.989884 4.34
7.025370 4.34
7.041370 4.34
7.066883 4.34
7.096371 4.34
7.112371 4.34
7.137646 4.34
7.148371 4.68
7.178993 4.68
7.189761 4.34
7.225372 4.68
7.241372 4.68
7.266886 4.34
7.282884 4.34
7.307994 4.34
7.318886 4.34
7.348994 4.34
7.359887 4.34
7.390120 4.34
7.400886 4.34
7.436375 4.68
7.452375 4.34
7.477887 4.68
7.493885 4.34
7.518995 4.34
7.529887 4.68
7.560121 4.68
7.570996 4.68
7.606375 4.68
7.622374 4.68
7.647886 4.34
7.677246 4.68
7.687997 4.68
7.718374 4.68
7.734374 4.34
7.759890 4.34
7.789375 4.34
7.805376 4.68
7.830649 4.34
7.841374 4.34
7.871998 4.34
7.882890 4.34
7.912999 4.68
7.923890 4.34
7.953999 4.34
7.964892 4.34
7.995124 4.34
8.005999 4.34
8.041374 4.34
8.057378 4.34
8.082892 4.34
8.098892 4.34
8.124000 4.34
8.134892 4.34
8.165125 4.34
8.175890 4.34
8.211382 4.34
8.222377 4.34
8.252655 4.68
8.263527 4.34
8.294001 4.34
8.304892 4.34
8.336752 4.34
8.347530 4.68
8.378002 4.34
8.388895 4.34
8.419002 4.68
8.429894 4.34
8.460002 4.68
8.470892 4.68
8.501003 4.68
8.511894 4.68
8.543785 4.68
8.554530 4.68
8.586768 4.34
8.597530 4.34
8.628129 4.34
8.638896 4.68
8.674380 4.68
8.690380 4.34
8.715657 4.34
8.726533 4.68
8.757005 4.68
8.767896 4.68
8.799755 4.34
8.810533 4.68
8.840897 4.68
8.851647 4.34
8.883756 4.68
8.894533 4.34
8.925005 4.34
8.935897 4.34
8.967756 4.34
8.978535 4.34
9.008896 4.34
9.019646 4.34
9.051757 4.34
9.062533 4.34
9.092899 4.68
9.103648 4.34
9.135758 4.34
9.146535 4.34
9.176900 4.34
9.187647 4.34
9.223383 4.34
9.234258 4.34
9.264898 4.34
9.275649 4.34
9.311384 4.68
9.322258 4.34
9.352901 4.68
9.363648 4.34
9.395760 4.34
9.406663 4.34
9.437009 4.34
9.447900 4.68
9.483259 4.34
9.499260 4.34
9.524386 4.68
9.535260 4.68
9.565635 4.34
9.578134 4.34
9.606634 4.34
9.619009 4.68
9.647634 4.34
9.660009 4.68
9.688634 4.68
9.701010 4.34
9.729635 4.34
9.742010 4.34
9.770635 4.34
9.783011 4.68
9.811636 4.34
9.824010 4.68
9.852636 4.34
9.865011 4.34
9.893636 4.34
9.906011 4.34
9.934637 4.68
9.947012 4.68
9.975636 4.68
9.988012 4.68
10.016637 4.34
10.029012 4.68
10.057637 4.68
10.070012 4.34
10.098638 4.34
10.111012 4.68
10.139638 4.68
10.152013 4.34
10.180638 4.34
10.196513 4.34
10.221639 4.34
10.234014 4.34
10.262639 4.68
10.278514 4.34
10.303639 4.34
10.319515 4.68
10.344639 4.34
10.357014 4.34
10.385640 4.68
10.401515 4.34
10.426640 4.34
10.442515 4.68
10.467640 4.68
10.483515 4.68
10.508640 4.34
10.524516 4.34
10.549641 4.68
10.565516 4.68
10.590641 4.34
10.606516 4.34
10.631642 4.68
10.647517 4.68
10.672642 4.68
10.688517 4.68
10.713642 4.68
10.729517 4.68
10.754643 4.34
10.770518 4.68
10.795642 4.68
10.811518 4.68
10.836643 4.68
10.852518 4.68
10.877643 4.34
10.893518 4.34
10.918644 4.68
10.934519 4.68
10.959644 4.68
10.975519 4.68
11.000644 4.34
11.016519 4.34
11.041645 4.68
11.057520 4.34
11.082644 4.34
11.098520 4.34
11.123645 4.34
11.139520 4.34
11.164645 4.34
11.180521 4.34
11.205646 4.34
11.221520 4.68
11.246646 4.68
11.262521 4.34
11.287647 4.34
11.303521 4.34
11.328646 4.34
11.344522 4.34
11.369647 4.34
11.385522 4.68
11.410647 4.68
11.426522 4.34
11.451647 4.68
11.467522 4.68
11.492648 4.68
11.508523 4.68
11.533648 4.68
11.549523 4.34
11.574648 4.68
11.590523 4.68
11.615648 4.34
11.631524 4.34
11.656649 4.68
11.672524 4.68
11.697649 4.34
11.713524 4.34
11.738650 4.68
11.754524 4.68
11.779650 4.68
11.795525 4.68
11.820649 4.68
11.836525 4.68
11.861650 4.68
11.877526 4.68
11.902650 4.34
11.918526 4.68
11.943651 4.68
11.959526 4.34
11.984651 4.34
12.000527 4.34
12.025651 4.34
12.041526 4.68
12.066651 4.68
12.082527 4.34
12.107652 4.34
12.123527 4.68
12.148652 4.68
12.164528 4.68
12.189652 4.34
12.205528 4.34
12.230653 4.34
12.246528 4.34
12.271653 4.68
12.287528 4.68
12.312653 4.68
12.328528 4.34
12.353654 4.34
12.369529 4.34
12.394654 4.34
12.410529 4.34
12.435654 4.34
12.451530 4.68
12.476655 4.68
12.492530 4.34
12.517655 4.34
12.533530 4.34
12.558655 4.68
12.574530 4.68
12.599655 4.68
12.615531 4.68
12.640656 4.34
12.656531 4.68
12.681656 4.34
12.697531 4.68
12.722656 4.68
12.738532 4.68
12.763657 4.68
12.779532 4.68
12.804657 4.68
12.820532 4.34
12.845657 4.34
12.861532 4.34
12.886658 4.34
12.902533 4.34
12.927658 4.34
12.938408 4.68
12.968658 4.34
12.979409 4.34
13.009658 4.34
13.020409 4.34
13.050659 4.34
13.061409 4.34
13.091659 4.34
13.102410 4.34
13.132659 4.34
13.143410 4.34
13.173660 4.34
13.189535 4.68
13.214660 4.34
13.225410 4.34
13.255660 4.34
13.266411 4.34
13.296660 4.34
13.307411 4.34
13.337661 4.34
13.348411 4.34
13.378661 4.68
13.389412 4.34
13.419662 4.34
13.430411 4.34
13.460661 4.34
13.471412 4.34
13.501662 4.34
13.512413 4.68
13.542662 4.68
13.553414 4.34
13.583663 4.68
13.594413 4.34
13.624663 4.34
13.635414 4.34
13.665663 4.34
13.676414 4.34
13.706663 4.68
13.717414 4.34
13.747664 4.34
13.758414 4.34
13.788664 4.34
13.799414 4.34
13.829664 4.34
13.840415 4.34
13.870665 4.34
13.881415 4.34
13.911665 4.34
13.922416 4.34
13.952666 4.34
13.963415 4.34
13.993665 4.34
14.004417 4.34
14.034665 4.34
14.045416 4.34
14.075666 4.34
14.086416 4.34
14.116666 4.34
14.127417 4.34
14.157667 4.68
14.168417 4.34
14.198667 4.34
14.209418 4.34
14.239668 4.34
14.250418 4.34
14.280667 4.68
14.291418 4.68
14.321668 4.34
14.332418 4.34
14.362668 4.34
14.373419 4.68
14.403668 4.34
14.414419 4.68
14.444669 4.68
14.455419 4.34
14.485669 4.34
14.496420 4.68
14.526669 4.34
14.537420 4.34
14.567670 4.34
14.578420 4.34
14.608670 4.68
14.619420 4.68
14.649670 4.34
14.660421 4.34
14.690671 4.34
14.701421 4.34
14.731671 4.34
14.742421 4.34
14.772671 4.34
14.783421 4.68
14.813671 4.34
14.824421 4.68
14.854671 4.34
14.865422 4.34
14.895672 4.34
14.906422 4.34
14.936672 4.68
14.947423 4.34
14.977673 4.34
14.988423 4.34
15.018673 4.34
15.029424 4.34
15.059673 4.68
15.070423 4.34
15.100673 4.34
15.111424 4.34
15.141673 4.34
15.152424 4.34
15.182674 4.34
15.193424 4.34
15.223674 4.34
15.234425 4.34
15.264675 4.34
15.275425 4.34
15.305675 4.34
15.316425 4.34
15.346675 4.34
15.357425 4.34
15.387675 4.34
15.398426 4.34
15.428676 4.68
15.439426 4.34
15.469676 4.34
15.480427 4.34
15.510676 4.34
15.521428 4.34
15.551677 4.34
15.562427 4.34
15.592677 4.34
15.603427 4.34
15.633677 4.68
15.644427 4.34
15.674677 4.34
15.685428 4.34
15.715678 4.34
15.726428 4.34
15.756678 4.68
15.767429 4.68
15.797679 4.68
15.808429 4.34
15.838679 4.34
15.849430 4.68
15.879679 4.34
15.890429 4.34
15.920680 4.34
15.931429 4.34
15.961679 4.34
15.972430 4.68
16.002680 4.34
16.013430 4.34
16.043680 4.34
16.054431 4.34
16.084681 4.68
16.095431 4.68
16.125681 4.34
16.136431 4.68
16.166681 4.68
16.177431 4.68
16.207681 4.68
16.218432 4.34
16.248681 4.34
16.259432 4.34
16.289682 4.34
16.300432 4.34
16.330682 4.34
16.341433 4.34
16.371683 4.34
16.382433 4.34
16.412683 4.34
16.423433 4.68
16.453683 4.34
16.464434 4.34
16.494683 4.34
16.505434 4.34
16.535684 4.34
16.546434 4.34
16.576684 4.68
16.587435 4.34
16.617684 4.34
16.628435 4.34
16.658685 4.34
16.669435 4.68
16.699684 4.68
16.710435 4.34
16.740685 4.34
16.751435 4.34
16.781686 4.34
16.792436 4.34
16.822686 4.34
16.833436 4.34
16.863686 4.34
16.874437 4.34
16.904687 4.34
16.915437 4.34
16.945687 4.34
16.956437 4.34
16.986686 4.34
16.997438 4.34
17.027687 4.34
17.038437 4.68
17.068687 4.34
17.079438 4.68
17.109688 4.68
17.120438 4.34
17.150688 4.68
17.161439 4.34
17.191689 4.34
17.202439 4.34
17.232689 4.68
17.243439 4.68
17.273689 4.34
17.284439 4.68
17.314689 4.68
17.325440 4.68
17.355689 4.68
17.366440 4.68
17.398440 4.34
17.409190 4.34
17.439442 4.68
17.455595 4.68
17.480721 4.68
17.491597 4.68
17.522067 4.34
17.538192 4.34
17.563192 4.68
17.574067 4.68
17.604471 4.34
17.620596 4.34
17.651193 4.34
17.661943 4.34
17.692472 4.68
17.708596 4.34
17.739193 4.34
17.750069 4.34
17.780474 4.68
17.796463 4.68
17.827194 4.68
17.837943 4.34
17.868598 4.68
17.879445 4.34
17.909945 4.34
17.920712 4.68
17.950945 4.68
17.963449 4.68
17.992070 4.34
18.008195 4.34
18.033196 4.68
18.044071 4.68
18.074446 4.68
18.090447 4.68
18.121196 4.68
18.131946 4.68
18.162321 4.68
18.174713 4.34
18.208962 4.68
18.221325 4.34
18.249947 4.34
18.262326 4.68
18.291072 4.68
18.307197 4.68
18.332197 4.68
18.343073 4.68
18.373448 4.68
18.389601 4.68
18.420199 4.68
18.431074 4.34
18.461449 4.34
18.477603 4.34
18.507966 4.68
18.524074 4.34
18.549323 4.34
18.561714 4.34
18.595968 4.34
18.608328 4.68
18.637200 4.34
18.647950 4.34
18.678451 4.34
18.689325 4.34
18.725201 4.34
18.735950 4.34
18.766451 4.34
18.777326 4.34
18.807605 4.34
18.818452 4.34
18.848967 4.34
18.864966 4.34
18.890201 4.34
18.900952 4.34
18.931452 4.34
18.942327 4.34
18.977970 4.68
18.993970 4.68
19.019202 4.34
19.030077 4.34
19.060454 4.34
19.071328 4.68
19.106968 4.34
19.122971 4.34
19.148203 4.34
19.158953 4.34
19.189329 4.68
19.205329 4.68
19.230609 4.68
19.241329 4.34
19.271972 4.34
19.287971 4.68
19.313204 4.68
19.323955 4.34
19.354456 4.34
19.365330 4.34
19.400972 4.34
19.416972 4.68
19.442205 4.34
19.452956 4.34
19.483331 4.34
19.499330 4.34
19.529973 4.34
19.546081 4.68
19.571206 4.68
19.582082 4.34
19.612457 4.34
19.623332 4.34
19.659207 4.68
19.670082 4.34
19.700458 4.68
19.711332 4.68
19.747208 4.34
19.758083 4.68
19.788459 4.34
19.799334 4.34
19.834974 4.34
19.850975 4.68
19.876209 4.68
19.886958 4.34
19.917460 4.68
19.928334 4.68
19.963976 4.34
19.979977 4.34
20.005210 4.34
20.015960 4.34
20.046461 4.34
20.057334 4.34
20.092981 4.68
20.108975 4.68
20.134210 4.34
20.144961 4.68
20.175462 4.68
20.186336 4.34
20.216616 4.68
20.227462 4.68
20.257978 4.34
20.273978 4.34
20.299211 4.34
20.309962 4.34
20.340463 4.68
20.351337 4.68
20.387212 4.68
20.399728 4.34
20.431614 4.34
20.442338 4.68
20.472988 4.68
20.488979 4.34
20.514213 4.34
20.525088 4.34
20.555493 4.34
20.566338 4.68
20.596980 4.34
20.613089 4.68
20.638214 4.34
20.650729 4.34
20.679494 4.68
20.690340 4.34
20.726090 4.68
20.736982 4.34
20.767215 4.34
20.779733 4.68
20.808340 4.68
20.824497 4.68
20.855091 4.34
20.865984 4.34
20.896216 4.68
20.908734 4.68
20.937485 4.68
20.948341 4.68
20.978984 4.34
20.994982 4.34
21.020217 4.34
21.032609 4.34
21.066620 4.34
21.077342 4.34
21.107984 4.34
21.123982 4.34
21.149217 4.68
21.161610 4.34
21.190469 4.68
21.201343 4.34
21.236984 4.34
21.252986 4.68
21.278218 4.68
21.290611 4.68
21.319344 4.68
21.335344 4.68
21.365984 4.34
21.376738 4.68
21.407095 4.34
21.417970 4.68
21.448220 4.68
21.464220 4.34
21.489471 4.68
21.500345 4.68
21.530971 4.68
21.541861 4.68
21.572096 4.34
21.582971 4.68
21.613221 4.68
21.629096 4.34
21.654471 4.68
21.665346 4.68
21.695748 4.34
21.706473 4.68
21.736972 4.68
21.747738 4.68
21.777972 4.34
21.788737 4.34
21.818973 4.34
21.829737 4.68
21.859973 4.34
21.870741 4.68
21.901098 4.68
21.911973 4.68
21.942223 4.68
21.958098 4.68
21.983474 4.34
21.994348 4.34
22.024754 4.68
22.035502 4.68
22.066099 4.68
22.076867 4.68
22.107225 4.68
22.123224 4.68
22.148502 4.34
22.159225 4.34
22.189741 4.68
22.205867 4.68
22.230975 4.68
22.241743 4.68
22.271975 4.68
22.282743 4.34
22.313101 4.68
22.323868 4.68
22.354227 4.34
22.370226 4.34
22.403869 4.34
22.419869 4.68
22.445102 4.68
22.455869 4.68
22.486228 4.34
22.502227 4.34
22.527352 4.68
22.538103 4.68
22.573993 4.68
22.584745 4.34
22.615228 4.68
22.631228 4.68
22.656354 4.34
22.667103 4.34
22.702995 4.68
22.713745 4.34
22.743979 4.68
22.754747 4.34
22.785105 4.68
22.795871 4.34
22.826229 4.68
22.842229 4.34
22.867480 4.68
22.878230 4.34
22.908747 4.34
22.919481 4.34
22.949981 4.34
22.960749 4.34
22.991106 4.68
23.001871 4.68
23.032231 4.68
23.048231 4.34
23.073482 4.34
23.084231 4.68
23.114873 4.34
23.130874 4.34
23.155982 4.34
23.166749 4.34
23.196983 4.68
23.207750 4.68
23.238108 4.68
23.248872 4.68
23.279233 4.34
23.295107 4.68
23.325875 4.68
23.341875 4.34
23.366984 4.68
23.377748 4.34
23.407984 4.68
23.418749 4.34
23.448984 4.68
23.459749 4.68
23.489984 4.34
23.500752 4.68
23.530985 4.34
23.541752 4.68
23.572110 4.34
23.584640 4.68
23.613235 4.68
23.629235 4.68
23.656236 4.68
23.666985 4.68
23.702764 4.68
23.713486 4.68
23.743986 4.34
23.754753 4.34
23.784986 4.34
23.795752 4.68
23.826111 4.34
23.838516 4.34
23.867237 4.34
23.883112 4.68
23.913877 4.68
23.924642 4.68
23.955113 4.68
23.967518 4.68
23.996238 4.68
24.012238 4.68
24.039144 4.68
24.049989 4.68
24.085881 4.34
24.101754 4.34
24.126989 4.68
24.137880 4.68
24.167989 4.68
24.178882 4.68
24.209115 4.68
24.221517 4.68
24.250240 4.68
24.261115 4.68
24.296883 4.68
24.307642 4.68
24.338116 4.68
24.353991 4.68
24.379241 4.68
24.389991 4.68
24.425881 4.68
24.436646 4.68
24.466992 4.68
24.477884 4.68
24.508117 4.34
24.524117 4.68
24.549242 4.68
24.560117 4.68
24.595886 4.68
24.606647 4.68
24.636993 4.68
24.647885 4.34
24.678118 4.34
24.693993 4.68
24.719243 4.34
24.729993 4.68
24.765647 4.68
24.781647 4.68
24.806994 4.34
24.817886 4.68
24.848119 4.68
24.863994 4.68
24.889245 4.68
24.900120 4.68
24.935888 4.68
24.946650 4.68
24.976995 4.68
24.987887 4.68
25.017995 4.68
25.028889 4.68
25.058996 4.34
25.069888 4.68
25.100246 4.34
25.110996 4.34
25.146888 4.68
25.157651 4.34
25.187996 4.68
25.198889 4.68
25.229122 4.34
25.245122 4.34
25.270247 4.34
25.280997 4.68
25.316888 4.34
25.327652 4.68
25.358123 4.34
25.374123 4.68
25.399248 4.68
25.409998 4.68
25.445650 4.34
25.456374 4.34
25.486999 4.34
25.497890 4.34
25.528124 4.68
25.544124 4.34
25.569249 4.34
25.580125 4.68
25.615891 4.34
25.626640 4.68
25.657125 4.34
25.673125 4.68
25.698250 4.34
25.709001 4.68
25.744894 4.34
25.755653 4.34
25.786126 4.68
25.802001 4.34
25.827251 4.68
25.838126 4.68
25.873653 4.68
25.884377 4.68
25.915002 4.68
25.925893 4.68
25.956002 4.34
25.966894 4.68
25.997127 4.34
26.013003 4.68
26.038252 4.34
26.049127 4.34
26.079379 4.34
26.090252 4.68
26.120896 4.68
26.131646 4.68
26.162129 4.34
26.178129 4.34
26.203254 4.68
26.214129 4.68
26.249658 4.34
26.265659 4.34
26.290897 4.34
26.301647 4.68
26.332005 4.68
26.342895 4.34
26.373005 4.34
26.385534 4.34
26.414005 4.34
26.424897 4.34
26.455006 4.68
26.467534 4.68
26.496131 4.68
26.512006 4.68
26.537256 4.68
26.548131 4.34
26.583659 4.34
26.596141 4.34
26.625007 4.68
26.637382 4.34
26.666007 4.34
26.678383 4.68
26.707008 4.68
26.719383 4.34
26.748133 4.34
26.764133 4.34
26.789258 4.68
26.800133 4.34
26.835663 4.34
26.851651 4.68
26.876901 4.68
26.887661 4.68
26.918009 4.68
26.930385 4.68
26.959009 4.34
26.971385 4.68
27.000135 4.34
27.016135 4.68
27.041260 4.68
27.052135 4.34
27.087662 4.34
27.103540 4.34
27.128900 4.68
27.139653 4.68
27.170011 4.68
27.186011 4.34
27.211011 4.68
27.223387 4.34
27.252011 4.68
27.268011 4.68
27.293012 4.68
27.309012 4.34
27.334012 4.34
27.349887 4.68
27.375012 4.34
27.390887 4.34
27.416012 4.34
27.432013 4.34
27.457013 4.34
27.472888 4.34
27.498013 4.68
27.513888 4.34
27.539138 4.34
27.555138 4.34
27.580263 4.68
27.591013 4.34
27.626657 4.34
27.642543 4.34
27.667889 4.34
27.678656 4.68
27.709014 4.34
27.724890 4.68
27.750015 4.34
27.766015 4.34
27.791140 4.68
27.807015 4.68
27.832265 4.68
27.843015 4.34
27.878658 4.34
27.894544 4.34
27.920017 4.68
27.936016 4.68
27.961016 4.68
27.977017 4.34
28.002017 4.34
28.017892 4.68
28.043017 4.34
28.059017 4.34
28.084017 4.34
28.100018 4.34
28.125017 4.34
28.141018 4.34
28.166018 4.34
28.182018 4.34
28.207018 4.34
28.222894 4.34
28.248018 4.68
28.264019 4.34
28.289019 4.34
28.305019 4.34
28.330019 4.34
28.345894 4.34
28.371019 4.68
28.387019 4.34
28.412019 4.34
28.427895 4.34
28.453020 4.34
28.468895 4.68
28.494020 4.68
28.510020 4.68
28.535021 4.68
28.551021 4.68
28.576021 4.34
28.592021 4.68
28.617021 4.34
28.633021 4.68
28.658021 4.34
28.674021 4.34
28.699021 4.68
28.714897 4.34
28.740022 4.34
28.756022 4.34
28.781022 4.68
28.796897 4.34
28.822023 4.68
28.838023 4.34
28.863023 4.68
28.879023 4.34
28.904023 4.68
28.919898 4.68
28.945023 4.34
28.961023 4.34
28.986023 4.34
29.001899 4.68
29.027024 4.34
29.042899 4.68
29.068024 4.68
29.084025 4.68
29.109025 4.34
29.124899 4.34
29.150025 4.34
29.166025 4.68
29.191025 4.34
29.207025 4.34
29.232025 4.34
29.247901 4.34
29.273026 4.68
29.289026 4.68
29.314026 4.34
29.330026 4.34
29.355026 4.34
29.370901 4.34
29.396026 4.68
29.412027 4.34
29.437027 4.68
29.453027 4.68
29.478027 4.34
29.493902 4.68
29.519152 4.34
29.529903 4.68
29.565557 4.68
29.577904 4.34
29.607028 4.34
29.622903 4.68
29.648028 4.68
29.658904 4.34
29.689029 4.34
29.699904 4.34
29.730154 4.34
29.740904 4.68
29.772905 4.34
29.783670 4.34
29.814029 4.34
29.829905 4.34
29.855030 4.68
29.865905 4.34
29.896030 4.34
29.906906 4.34
29.937030 4.34
29.947922 4.34
29.978030 4.68
29.988906 4.68
30.019156 4.34
30.030031 4.34
30.065547 4.34
30.081408 4.34
30.106924 4.34
30.122924 4.34
30.147907 4.34
30.163907 4.34
30.188924 4.68
30.204924 4.68
30.229908 4.68
30.246032 4.68
30.270908 4.34
30.286908 4.34
30.311909 4.68
30.327909 4.68
30.352908 4.34
30.368909 4.34
30.393908 4.68
30.409909 4.68
30.434909 4.68
30.450909 4.68
30.475909 4.68
30.491925 4.68
30.516910 4.34
30.533035 4.34
30.557910 4.68
30.573910 4.34
30.598910 4.34
30.614911 4.34
30.639911 4.34
30.655911 4.34
30.680911 4.68
30.696911 4.34
30.721911 4.34
30.737911 4.34
30.762911 4.34
30.778927 4.68
30.803912 4.68
30.820037 4.34
30.844912 4.34
30.860912 4.34
30.885929 4.68
30.901929 4.68
30.927037 4.68
30.937913 4.34
30.968037 4.34
30.978913 4.34
31.009038 4.68
31.019913 4.34
31.050038 4.34
31.060913 4.34
31.091039 4.34
31.101914 4.34
31.132039 4.68
31.142914 4.34
31.173039 4.34
31.183915 4.34
31.214039 4.34
31.224915 4.34
31.255040 4.34
31.265915 4.34
31.296040 4.34
31.306915 4.34
31.337040 4.34
31.347915 4.68
31.378041 4.34
31.388916 4.34
31.419041 4.34
31.429916 4.34
31.460041 4.34
31.470917 4.68
31.501041 4.68
31.511917 4.34
31.542041 4.34
31.552934 4.68
31.583042 4.68
31.593917 4.68
31.624043 4.34
31.634918 4.34
31.665043 4.68
31.675918 4.68
31.706043 4.68
31.716918 4.34
31.747043 4.34
31.757919 4.34
31.788044 4.34
31.798919 4.34
31.829044 4.34
31.839919 4.34
31.870044 4.34
31.880920 4.34
31.911044 4.34
31.921920 4.68
31.952045 4.68
31.962920 4.68
31.993045 4.34
32.003921 4.34
32.034045 4.34
32.044921 4.34
32.075045 4.34
32.085921 4.34
32.116046 4.34
32.126921 4.34
32.157046 4.68
32.167921 4.34
32.198047 4.34
32.208922 4.34
32.239047 4.34
32.249922 4.34
32.280047 4.34
32.290923 4.34
32.321048 4.34
32.331923 4.34
32.362048 4.34
32.372923 4.34
32.408298 4.68
32.419048 4.34
32.449701 4.68
32.460424 4.34
32.490924 4.34
32.501691 4.68
32.532049 4.34
32.542924 4.34
32.578300 4.68
32.589049 4.34
32.619706 4.34
32.630425 4.68
32.660926 4.34
32.671690 4.34
32.701925 4.34
32.712692 4.34
32.743051 4.34
32.753926 4.34
32.789301 4.68
32.800051 4.34
32.830705 4.34
32.841427 4.68
32.872052 4.68
32.882927 4.68
32.918302 4.68
32.929052 4.34
32.959704 4.68
32.970428 4.34
33.001052 4.68
33.011928 4.34
33.047302 4.34
33.058178 4.68
33.088706 4.68
33.099571 4.68
33.130053 4.34
33.140928 4.34
33.176303 4.34
33.187054 4.34
33.217705 4.68
33.228430 4.34
33.259054 4.34
33.269929 4.34
33.305304 4.68
33.316054 4.68
33.346707 4.68
33.357572 4.34
33.388055 4.68
33.398931 4.68
33.434305 4.68
33.445055 4.68
33.475709 4.68
33.486432 4.68
33.517056 4.68
33.527949 4.68
33.563306 4.68
33.574056 4.68
33.604711 4.68
33.615575 4.34
33.646057 4.68
33.656932 4.68
33.692307 4.68
33.703057 4.68
33.733709 4.34
33.744434 4.68
33.774933 4.34
33.785699 4.68
33.815933 4.68
33.826702 4.68
33.857058 4.34
33.867933 4.34
33.903308 4.68
33.914059 4.68
33.944713 4.68
33.955574 4.34
33.986059 4.34
33.996952 4.68
34.032310 4.68
34.043060 4.34
34.073713 4.68
34.084436 4.68
34.115061 4.68
34.125952 4.68
34.161311 4.68
34.172060 4.34
34.202715 4.68
34.213590 4.68
34.243936 4.68
34.254701 4.34
34.285062 4.68
34.295937 4.68
34.331312 4.34
34.342062 4.34
34.372714 4.68
34.383589 4.34
34.413938 4.68
34.424705 4.34
34.455063 4.34
34.465938 4.34
34.501313 4.68
34.512063 4.68
34.542717 4.68
34.555313 4.34
34.584063 4.34
34.594957 4.34
34.630314 4.68
34.641064 4.34
34.671718 4.68
34.684189 4.68
34.713065 4.68
34.723956 4.68
34.759315 4.34
34.770065 4.68
34.800720 4.34
34.813190 4.34
34.842066 4.34
34.852956 4.68
34.884846 4.68
34.895831 4.34
34.926066 4.34
34.936959 4.68
34.972316 4.34
34.988316 4.34
35.013720 4.34
35.026192 4.68
35.054942 4.68
35.065710 4.34
35.095942 4.68
35.106710 4.34
35.136943 4.68
35.147711 4.68
35.177943 4.68
35.188710 4.68
35.219068 4.68
35.229943 4.68
35.265318 4.68
35.281194 4.68
35.306596 4.68
35.317445 4.68
35.347944 4.68
35.358710 4.68
35.389069 4.68
35.399944 4.68
35.435319 4.68
35.447696 4.34
35.476721 4.68
35.492722 4.68
35.517962 4.68
35.528711 4.34
35.564321 4.34
35.580195 4.68
35.605725 4.68
35.621724 4.68
35.647071 4.68
35.657947 4.34
35.693321 4.34
35.709322 4.68
35.734726 4.68
35.750962 4.68
35.776072 4.34
35.786947 4.34
35.822322 4.34
35.838198 4.68
35.863712 4.68
35.879588 4.68
35.905073 4.68
35.915948 4.34
35.951323 4.34
35.967198 4.68
35.992727 4.68
36.008729 4.68
36.033949 4.68
36.044715 4.34
36.075074 4.68
36.085949 4.68
36.121325 4.34
36.137324 4.68
36.162726 4.34
36.178729 4.68
36.203975 4.68
36.214715 4.34
36.250325 4.34
36.266201 4.68
36.291730 4.34
36.307602 4.68
36.333076 4.68
36.343951 4.34
36.379326 4.34
36.395201 4.68
36.420732 4.68
36.436730 4.68
36.462077 4.68
36.472952 4.68
36.508327 4.34
36.524327 4.34
36.549729 4.68
36.565605 4.34
36.590953 4.68
36.601720 4.34
36.632078 4.68
36.642954 4.34
36.678328 4.68
36.694204 4.68
36.719733 4.68
36.735610 4.34
36.760954 4.34
36.771720 4.68
36.801954 4.34
36.812722 4.34
36.842955 4.34
36.853722 4.34
36.885706 4.68
36.896456 4.68
36.927080 4.34
36.937955 4.68
36.973330 4.34
36.989206 4.68
37.014735 4.68
37.030610 4.68
37.057707 4.68
37.068457 4.68
37.100708 4.68
37.111458 4.68
37.141957 4.68
37.152724 4.68
37.184708 4.34
37.195458 4.34
37.227708 4.34
37.238458 4.34
37.270708 4.34
37.281475 4.68
37.313709 4.34
37.324475 4.34
37.356709 4.34
37.367476 4.34
37.399710 4.68
37.410476 4.68
37.442710 4.34
37.453479 4.68
37.483977 4.34
37.494726 4.34
37.530334 4.68
37.546210 4.34
37.571603 4.34
37.582335 4.34
37.612978 4.34
37.623852 4.34
37.655742 4.68
37.666489 4.68
37.698742 4.34
37.709613 4.34
37.741742 4.34
37.752490 4.34
37.788337 4.34
37.799211 4.34
37.829852 4.34
37.840855 4.34
37.876337 4.34
37.887212 4.34
37.917729 4.34
37.933727 4.34
37.958981 4.34
37.969729 4.34
38.000213 4.34
38.012589 4.68
38.041465 4.68
38.052338 4.68
38.082742 4.68
38.098743 4.34
38.129339 4.34
38.145339 4.68
38.170744 4.34
38.186618 4.68
38.217214 4.34
38.233339 4.34
38.258466 4.68
38.269340 4.34
38.299743 4.34
38.315744 4.34
38.346216 4.34
38.362341 4.68
38.387467 4.68
38.398341 4.68
38.428743 4.34
38.439467 4.34
38.475091 4.34
38.485966 4.34
38.516216 4.34
38.532216 4.34
38.557467 4.34
38.568342 4.34
38.598746 4.34
38.609622 4.68
38.645092 4.34
38.655968 4.34
38.686218 4.34
38.702093 4.34
38.727469 4.68
38.738343 4.34
38.768747 4.34
38.779469 4.34
38.815344 4.34
38.826094 4.34
38.856747 4.34
38.867621 4.34
38.903344 4.34
38.914094 4.34
38.944749 4.34
38.955622 4.68
38.991220 4.68
39.007220 4.34
39.032471 4.34
39.043345 4.34
39.073750 4.68
39.084626 4.34
39.120346 4.34
39.131221 4.34
39.161750 4.34
39.172624 4.34
39.208221 4.34
39.224346 4.68
39.249473 4.34
39.260347 4.34
39.290749 4.68
39.301473 4.68
39.337348 4.68
39.348097 4.34
39.378752 4.34
39.389625 4.68
39.425348 4.68
39.436098 4.68
39.466752 4.34
39.477626 4.34
39.513099 4.34
39.523991 4.68
39.554224 4.68
39.570349 4.34
39.595475 4.34
39.606350 4.34
39.636753 4.34
39.647627 4.68
39.683100 4.68
39.693866 4.34
39.724225 4.34
39.740100 4.34
39.765477 4.34
39.776225 4.68
39.806869 4.34
39.817616 4.68
39.853351 4.68
39.864101 4.34
39.894754 4.68
39.905477 4.34
39.941351 4.34
39.952102 4.68
39.982632 4.34
39.998869 4.68
40.023867 4.34
40.034619 4.34
40.070228 4.34
40.086228 4.34
40.111478 4.34
40.122228 4.68
40.152633 4.68
40.168743 4.34
40.193871 4.68
40.204621 4.68
40.240104 4.68
40.250870 4.34
40.281229 4.34
40.297104 4.34
40.325480 4.34
40.338105 4.68
40.366758 4.34
40.377632 4.34
40.413230 4.34
40.429231 4.68
40.454481 4.34
40.467106 4.68
40.495634 4.68
40.511635 4.68
40.542356 4.68
40.553231 4.34
40.583637 4.68
40.599482 4.68
40.626636 4.68
40.637482 4.34
40.669635 4.34
40.680483 4.68
40.712638 4.68
40.723483 4.34
40.755637 4.68
40.766483 4.34
40.798638 4.34
40.809483 4.68
40.841636 4.34
40.852365 4.34
40.884513 4.34
40.895365 4.34
40.927514 4.68
40.938366 4.34
40.970514 4.34
40.981367 4.34
41.017110 4.34
41.029512 4.68
41.058235 4.34
41.069110 4.34
41.099637 4.34
41.110485 4.34
41.142515 4.34
41.153369 4.34
41.185516 4.34
41.196368 4.34
41.232111 4.34
41.244503 4.68
41.273236 4.68
41.283986 4.68
41.314638 4.34
41.325369 4.34
41.361237 4.68
41.371987 4.68
41.402370 4.34
41.413113 4.34
41.443767 4.34
41.454640 4.34
41.484988 4.68
41.495755 4.68
41.526113 4.34
41.542113 4.34
41.567238 4.34
41.577989 4.68
41.608643 4.68
41.619519 4.68
41.655114 4.68
41.671239 4.34
41.696239 4.34
41.707114 4.68
41.737520 4.68
41.753644 4.68
41.784240 4.34
41.795115 4.68
41.825643 4.68
41.836368 4.68
41.872240 4.68
41.883115 4.68
41.913645 4.34
41.924369 4.34
41.960242 4.34
41.971117 4.68
42.001646 4.34
42.012370 4.34
42.048242 4.68
42.059117 4.68
42.089645 4.68
42.100519 4.34
42.136243 4.34
42.147118 4.34
42.177645 4.34
42.188521 4.34
42.224243 4.34
42.235118 4.34
42.265645 4.34
42.276522 4.34
42.312119 4.34
42.328244 4.34
42.353244 4.34
42.364119 4.34
42.394646 4.34
42.405524 4.34
42.441119 4.34
42.457244 4.34
42.482246 4.34
42.492995 4.34
42.523647 4.34
42.534375 4.68
42.570246 4.34
42.580996 4.34
42.611648 4.34
42.622374 4.34
42.658246 4.34
42.669121 4.34
42.699650 4.34
42.710525 4.34
42.746122 4.34
42.762247 4.34
42.787247 4.34
42.798122 4.34
42.828526 4.34
42.844528 4.34
42.875248 4.34
42.885998 4.34
42.916528 4.68
42.932535 4.68
42.963248 4.34
42.974124 4.34
43.004526 4.34
43.020528 4.34
43.051124 4.34
43.067249 4.34
43.092249 4.34
43.102999 4.34
43.133528 4.34
43.149527 4.34
43.180250 4.34
43.191125 4.34
43.221530 4.34
43.237654 4.34
43.268250 4.34
43.279126 4.34
43.309656 4.34
43.320377 4.34
43.356251 4.34
43.367001 4.34
43.397377 4.34
43.408252 4.34
43.440519 4.34
43.451385 4.34
43.483504 4.34
43.494378 4.34
43.526505 4.34
43.537380 4.34
43.569504 4.34
43.580378 4.34
43.612504 4.34
43.623379 4.34
43.655504 4.34
43.666380 4.34
43.696655 4.34
43.707535 4.34
43.743129 4.34
43.759129 4.34
43.784254 4.34
43.795004 4.34
43.825534 4.34
43.841656 4.34
43.872130 4.34
43.888130 4.34
43.913255 4.34
43.924130 4.34
43.954534 4.34
43.970535 4.34
44.001131 4.34
44.017256 4.34
44.042256 4.34
44.053131 4.34
44.083537 4.34
44.099536 4.34
44.125007 4.34
44.141133 4.34
44.166132 4.34
44.177007 4.34
44.207258 4.34
44.218132 4.34
44.248537 4.34
44.259384 4.34
44.289661 4.34
44.300538 4.34
44.330898 4.34
44.341649 4.34
44.372134 4.34
44.382883 4.34
44.413401 4.34
44.429634 4.34
44.460136 4.34
44.471011 4.34
44.501542 4.34
44.512260 4.34
44.543010 4.34
44.559135 4.34
44.584135 4.34
44.594885 4.34
44.625260 4.34
44.636010 4.34
44.666540 4.34
44.677261 4.34
44.713136 4.34
44.724033 4.34
44.754793 4.34
44.765783 4.34
44.796265 4.34
44.807139 4.34
44.837669 4.34
44.848545 4.34
44.879013 4.34
44.895138 4.34
44.920012 4.34
44.936137 4.34
44.961013 4.34
44.977013 4.34
45.002013 4.34
45.018013 4.34
45.043014 4.34
45.059014 4.34
45.084013 4.34
45.100139 4.34
45.125014 4.34
45.141014 4.34
45.166014 4.34
45.182139 4.34
45.207015 4.34
45.223140 4.34
45.248015 4.34
45.264140 4.34
45.289015 4.34
45.305015 4.34
45.330015 4.34
45.346141 4.34
45.371015 4.34
45.387141 4.34
45.412016 4.34
45.428016 4.34
45.453141 4.34
45.463891 4.34
45.494267 4.34
45.505016 4.34
45.537431 4.34
