0.000000 0.000000
0.041982 4.34
0.052964 4.34
0.083212 4.34
0.099375 4.02
0.124860 2.66
0.135859 2.34
0.166629 2.34
0.182858 2.34
0.208271 2.34
0.224465 2.34
0.249336 2.34
0.260087 2.34
0.290334 2.34
0.301086 2.34
0.331334 2.34
0.342085 2.34
0.372333 2.34
0.383084 2.34
0.413472 2.34
0.424224 2.34
0.459708 2.34
0.475708 2.66
0.500833 2.34
0.516708 2.66
0.541958 2.34
0.552833 2.34
0.583236 2.34
0.599112 2.34
0.629834 2.34
0.645710 2.34
0.671113 2.34
0.687112 2.34
0.712476 2.34
0.723224 2.34
0.753585 2.34
0.764508 2.34
0.795404 2.34
0.816846 2.34
0.827845 2.34
0.858541 2.34
0.869512 2.34
0.900141 2.34
0.916365 2.34
0.946989 2.34
0.957988 2.34
0.993989 3.67
1.004973 4.02
1.040845 4.02
1.051844 4.02
1.082484 4.02
1.093485 4.02
1.123966 4.34
1.134965 4.02
1.165479 4.02
1.176476 4.02
1.206589 4.02
1.217480 4.02
1.247589 4.02
1.258478 4.02
1.288589 4.02
1.299480 4.02
1.329589 4.02
1.340480 4.02
1.370590 4.02
1.381478 4.02
1.411715 4.02
1.427840 4.02
1.453533 4.02
1.464502 4.02
1.495146 4.02
1.511380 4.02
1.541857 4.34
1.552855 4.02
1.583492 4.34
1.594493 4.34
1.624971 4.34
1.635846 4.34
1.671845 4.34
1.682719 4.34
1.713236 4.34
1.723969 4.34
1.759843 4.34
1.770718 4.34
1.801123 4.34
1.817123 4.34
1.842486 4.34
1.853247 4.34
1.883719 4.34
1.899718 4.34
1.924844 4.34
1.935719 4.34
1.965969 4.34
1.976844 4.34
2.007122 4.34
2.023126 4.34
2.048487 4.34
2.059250 4.34
2.089720 4.34
2.105720 4.34
2.130845 4.34
2.141720 4.34
2.171970 4.34
2.182846 4.34
2.213125 4.34
2.229127 4.34
2.259721 4.34
2.275846 4.34
2.300846 4.34
2.311722 4.34
2.342127 4.34
2.358124 4.34
2.383489 4.34
2.394249 4.34
2.424847 4.34
2.435598 4.02
2.465847 4.34
2.476598 4.34
2.507129 4.34
2.523126 4.34
2.550129 4.34
2.560973 4.34
2.596849 4.34
2.607724 4.34
2.637974 4.34
2.650616 4.34
2.679130 4.34
2.695130 4.34
2.722128 4.34
2.732974 4.34
2.768849 4.34
2.779725 4.34
2.809975 4.34
2.822618 4.34
2.851131 4.34
2.867131 4.34
2.894132 4.34
2.904976 4.34
2.937131 4.34
2.947976 4.34
2.983726 4.34
2.999852 4.34
3.024851 4.34
3.035602 4.34
3.066132 4.34
3.082226 4.02
3.107257 4.34
3.117977 4.34
3.153853 4.34
3.164602 4.34
3.194978 4.34
3.207493 4.34
3.241619 4.34
3.253982 4.34
3.282603 4.34
3.294982 4.34
3.323604 4.34
3.335982 4.34
3.364729 4.34
3.380729 4.34
3.405854 4.34
3.416604 4.34
3.446980 4.34
3.459372 4.34
3.493730 4.34
3.504624 4.34
3.534855 4.02
3.545605 4.34
3.576133 4.34
3.586980 4.34
3.617621 4.34
3.633731 4.34
3.658996 4.34
3.675307 4.02
3.705864 4.34
3.716863 4.34
3.752735 4.34
3.763610 4.34
3.794128 4.68
3.804984 4.68
3.840626 4.68
3.856624 4.68
3.881858 4.68
3.892733 4.68
3.922983 4.68
3.938983 4.68
3.969626 4.68
3.985626 4.68
4.010858 4.68
4.021734 4.68
4.052296 4.68
4.063431 4.68
4.093869 4.68
4.104868 4.68
4.140741 4.68
4.151740 4.68
4.182273 4.68
4.193114 4.68
4.223627 4.68
4.239630 4.68
4.264986 4.68
4.280986 4.68
4.311629 4.68
4.327627 4.68
4.352860 4.68
4.364001 4.68
4.399746 4.68
4.410744 5.00
4.441262 4.68
4.452157 5.00
4.482866 5.00
4.493740 5.00
4.529633 5.00
4.545632 4.68
4.570863 5.00
4.581738 5.00
4.612268 4.68
4.623114 5.00
4.653631 5.00
4.669628 5.00
4.695115 5.00
4.705988 4.68
4.736748 5.00
4.747747 5.00
4.778263 5.00
4.789292 4.68
4.819868 5.00
4.830867 5.00
4.866634 4.68
4.882632 5.00
4.907866 5.00
4.918740 5.00
4.949116 5.00
4.959990 5.00
4.995740 5.00
5.006633 5.00
5.037122 5.00
5.053293 4.68
5.078744 5.00
5.089619 5.00
5.119993 5.00
5.135993 4.68
5.166635 5.00
5.182630 5.00
5.207866 5.00
5.218617 5.00
5.249118 5.00
5.259992 5.00
5.295635 5.00
5.311635 5.00
5.336868 5.00
5.347742 5.00
5.378122 4.68
5.388996 5.00
5.420008 4.68
5.436404 4.68
5.466877 5.00
5.477876 5.00
5.510005 5.00
5.520874 5.00
5.556641 5.00
5.572639 5.00
5.597871 5.00
5.610387 5.00
5.641001 5.00
5.651745 4.68
5.687635 4.68
5.703635 5.00
5.729313 5.00
5.740309 5.00
5.770879 5.00
5.783523 5.00
5.817626 5.00
5.833641 5.00
5.859000 5.00
5.874999 5.00
5.905640 5.00
5.921640 4.68
5.946873 4.68
5.957747 5.00
5.988153 4.68
5.998997 5.00
6.029748 5.00
6.040623 5.00
6.070873 5.00
6.083277 5.00
6.112123 5.00
6.122998 5.00
6.158641 5.00
6.174642 5.00
6.199873 5.00
6.212264 5.00
6.241125 5.00
6.251999 5.00
6.282642 5.00
6.298642 5.00
6.323874 5.00
6.336266 5.00
6.365325 5.00
6.376317 5.00
6.406881 5.00
6.423132 5.00
6.453754 5.00
6.464520 5.00
6.495159 5.00
6.506003 5.35
6.536643 5.00
6.547406 5.00
6.577752 5.00
6.588627 5.00
6.618877 5.00
6.631270 5.00
6.660322 5.00
6.671318 5.00
6.702040 5.00
6.718294 5.00
6.743647 5.00
6.754670 5.00
6.785318 5.00
6.796315 5.00
6.826884 5.00
6.843008 5.00
6.873758 5.00
6.884524 5.00
6.920523 5.00
6.936521 5.00
6.961755 5.00
6.972520 5.00
7.002879 5.00
7.018879 5.00
7.044157 5.00
7.055037 5.00
7.085774 5.00
7.096765 5.00
7.132530 4.68
7.148761 5.00
7.174135 4.68
7.185135 5.00
7.215524 5.00
7.231526 4.68
7.256882 5.00
7.272882 5.00
7.306523 5.00
7.322524 4.68
7.347757 5.00
7.358524 5.00
7.389325 5.00
7.400318 5.00
7.430887 5.00
7.446888 5.00
7.477652 5.00
7.488531 5.00
7.519010 5.00
7.529884 5.00
7.560402 5.00
7.576524 5.00
7.601759 5.00
7.612525 5.00
7.642884 5.00
7.658758 5.00
7.689771 5.00
7.702408 5.00
7.736670 5.00
7.747533 5.00
7.778138 5.00
7.788888 5.00
7.819405 5.00
7.835526 5.00
7.860761 5.00
7.871530 5.00
7.907526 5.00
7.923528 5.00
7.948636 5.00
7.959402 5.00
7.989637 5.00
8.000402 5.00
8.031219 5.00
8.042315 5.00
8.072766 5.00
8.083533 5.00
8.119659 5.00
8.130408 5.00
8.161023 5.00
8.171889 5.00
8.202406 5.00
8.218529 5.00
8.243638 5.00
8.254405 5.00
8.284763 5.00
8.295529 5.00
8.325888 5.00
8.341888 5.00
8.367139 5.00
8.378221 5.00
8.408774 5.00
8.421416 5.00
8.455663 5.00
8.466414 5.00
8.497030 5.00
8.507893 5.00
8.538425 5.00
8.554534 5.00
8.579766 5.00
8.592318 5.00
8.622892 5.00
8.633766 5.00
8.669569 5.00
8.680550 5.00
8.711032 5.00
8.721896 5.00
8.752413 5.00
8.768664 4.68
8.794028 5.00
8.804894 5.00
8.835411 5.00
8.851536 4.68
8.876767 4.68
8.889173 5.00
8.917893 5.00
8.933892 5.00
8.964535 4.68
8.980535 5.00
9.005775 5.00
9.021774 4.68
9.055663 4.68
9.066656 4.68
9.102545 4.68
9.113545 4.68
9.144027 4.68
9.154898 4.68
9.185539 4.68
9.196303 4.34
9.226896 4.34
9.237771 4.68
9.273537 4.68
9.284300 4.34
9.314646 4.68
9.325539 4.68
9.355646 4.68
9.366536 4.68
9.396646 4.34
9.407538 4.68
9.437771 4.68
9.453646 4.68
9.478897 4.68
9.489772 4.68
9.525540 4.68
9.536301 4.68
9.566772 4.68
9.582647 4.68
9.607898 4.68
9.618773 4.68
9.654303 4.34
9.670302 4.68
9.695540 4.68
9.706301 4.34
9.736649 4.34
9.747538 4.34
9.777774 4.68
9.793774 4.68
9.818899 4.68
9.829649 4.68
9.865542 4.68
9.876303 4.68
9.906542 4.34
9.917305 4.34
9.947651 4.68
9.958542 4.68
9.988650 4.68
9.999543 4.68
10.029650 4.68
10.040544 4.34
10.070776 4.68
10.086651 4.68
10.111901 4.68
10.122651 4.68
10.158542 4.34
10.169306 4.34
10.199652 4.34
10.210542 4.34
10.240652 4.68
10.251544 4.68
10.281652 4.68
10.292545 4.68
10.322653 4.34
10.333543 4.34
10.363778 4.34
10.379653 4.34
10.404903 4.34
10.415778 4.34
10.451308 4.34
10.462030 4.68
10.492654 4.34
10.503545 4.68
10.533779 4.34
10.549779 4.68
10.574904 4.68
10.585779 4.68
10.616030 4.68
10.626904 4.34
10.657546 4.34
10.668307 4.68
10.698780 4.68
10.714655 4.68
10.739905 4.68
10.750780 4.68
10.786309 4.34
10.802309 4.68
10.827656 4.34
10.838549 4.68
10.868781 4.68
10.884782 4.68
10.909907 4.34
10.920782 4.68
10.956312 4.34
10.972310 4.68
10.997657 4.34
11.008548 4.68
11.038657 4.34
11.049547 4.34
11.079783 4.68
11.095658 4.68
11.120908 4.34
11.131658 4.68
11.167310 4.68
11.178034 4.68
11.208552 4.34
11.219299 4.68
11.249659 4.68
11.265659 4.68
11.290659 4.68
11.303188 4.68
11.331660 4.68
11.342551 4.34
11.372785 4.68
11.388660 4.68
11.413910 4.68
11.424660 4.68
11.460315 4.68
11.476315 4.68
11.501553 4.34
11.512301 4.68
11.542786 4.68
11.558786 4.68
11.583911 4.68
11.594786 4.68
11.630316 4.68
11.646316 4.68
11.671662 4.68
11.684037 4.68
11.712787 4.68
11.728663 4.34
11.753912 4.68
11.764663 4.68
11.795317 4.68
11.807672 4.68
11.836663 4.68
11.849039 4.68
11.877663 4.68
11.890039 4.68
11.918789 4.68
11.934664 4.68
11.959789 4.68
11.975789 4.68
12.000914 4.68
12.011789 4.68
12.047318 4.34
12.063307 4.68
12.088557 4.68
12.099308 4.68
12.129665 4.34
12.145666 4.68
12.170666 4.34
12.186540 4.68
12.211666 4.68
12.227666 4.68
12.252666 4.34
12.268541 4.68
12.293666 4.68
12.309667 4.68
12.334666 4.68
12.350542 4.68
12.375667 4.68
12.391542 4.34
12.416667 4.68
12.432667 4.34
12.457792 4.68
12.468667 4.68
12.498917 4.34
12.509668 4.34
12.545322 4.68
12.561198 4.34
12.586668 4.68
12.602544 4.68
12.627669 4.34
12.643544 4.34
12.668669 4.68
12.684544 4.68
12.709669 4.68
12.725670 4.68
12.750669 4.34
12.766670 4.68
12.791670 4.68
12.807670 4.68
12.832670 4.68
12.848545 4.34
12.873670 4.68
12.889546 4.34
12.914795 4.68
12.930671 4.68
12.955921 4.34
12.966671 4.34
12.997324 4.68
13.013314 4.68
13.038672 4.34
13.054672 4.68
13.079672 4.68
13.095547 4.34
13.120672 4.68
13.136547 4.68
13.161672 4.68
13.177673 4.68
13.202673 4.34
13.218547 4.68
13.243673 4.68
13.259548 4.68
13.284673 4.68
13.300673 4.68
13.325674 4.68
13.341549 4.34
13.366674 4.68
13.382549 4.34
13.407674 4.34
13.423674 4.34
13.448675 4.34
13.464550 4.68
13.489675 4.68
13.505675 4.34
13.530674 4.34
13.546675 4.34
13.571675 4.34
13.587675 4.68
13.612675 4.68
13.628551 4.68
13.653676 4.34
13.669676 4.68
13.694676 4.68
13.710676 4.68
13.735676 4.34
13.751676 4.68
13.776676 4.34
13.792552 4.34
13.817677 4.68
13.833552 4.68
13.858677 4.68
13.874677 4.68
13.899677 4.68
13.915678 4.68
13.940678 4.68
13.956678 4.68
13.981678 4.68
13.997553 4.34
14.022803 4.68
14.033554 4.34
14.065679 4.68
14.076570 4.68
14.106679 4.68
14.122554 4.68
14.147679 4.68
14.163679 4.68
14.188679 4.34
14.204555 4.68
14.229680 4.68
14.245680 4.34
14.270680 4.68
14.286680 4.34
14.311681 4.68
14.327555 4.34
14.352681 4.34
14.368681 4.68
14.393681 4.68
14.409681 4.68
14.434681 4.68
14.450681 4.68
14.475681 4.68
14.491682 4.68
14.516682 4.68
14.532557 4.34
14.557807 4.68
14.568682 4.34
14.604059 4.34
14.616559 4.34
14.645575 4.68
14.661574 4.34
14.686683 4.34
14.697575 4.34
14.727683 4.68
14.738559 4.68
14.768684 4.68
14.779559 4.68
14.809684 4.68
14.820559 4.34
14.850684 4.34
14.861559 4.68
14.891685 4.68
14.902559 4.68
14.932685 4.34
14.943560 4.34
14.973685 4.68
14.984560 4.68
15.014686 4.34
15.025561 4.68
15.055686 4.68
15.066453 4.68
15.096685 4.68
15.107561 4.68
15.137811 4.68
15.148687 4.68
15.184202 4.34
15.200203 4.68
15.225576 4.68
15.241577 4.34
15.266562 4.68
15.282562 4.68
15.307562 4.68
15.323579 4.68
15.348563 4.68
15.364580 4.68
15.389563 4.68
15.405563 4.68
15.430564 4.68
15.446563 4.68
15.471564 4.68
15.487564 4.34
15.512564 4.68
15.528581 4.68
15.553580 4.68
15.569580 4.34
15.594564 4.68
15.610565 4.68
15.635565 4.68
15.651580 4.34
15.676565 4.68
15.692690 4.68
15.717565 4.68
15.733566 4.68
15.758566 4.68
15.774565 4.68
15.799566 4.68
15.815566 4.34
15.840566 4.68
15.856566 4.68
15.881567 4.68
15.897567 4.34
15.922567 4.68
15.938582 4.68
15.963567 4.68
15.979692 4.68
16.004567 4.68
16.020568 4.68
16.045567 4.34
16.061568 4.34
16.086583 4.34
16.102568 4.34
16.127568 4.68
16.143568 4.34
16.168569 4.68
16.184569 4.68
16.209569 4.68
16.225584 4.34
16.250569 4.34
16.266694 4.34
16.291570 4.34
16.307569 4.68
16.332569 4.34
16.348570 4.68
16.373570 4.34
16.389570 4.68
16.414570 4.34
16.430571 4.68
16.455571 4.68
16.471570 4.68
16.496571 4.68
16.512587 4.34
16.537586 4.34
16.553696 4.34
16.578571 4.34
16.594571 4.34
16.619572 4.34
16.635572 4.34
16.660572 4.34
16.676572 4.34
16.701572 4.34
16.717573 4.68
16.742573 4.34
16.758573 4.68
16.783573 4.68
16.799588 4.68
16.824574 4.68
16.840698 4.68
16.865573 4.34
16.881573 4.68
16.906574 4.34
16.922574 4.34
16.947574 4.68
16.963574 4.34
16.988575 4.34
17.004574 4.68
17.029575 4.34
17.045575 4.34
17.070592 4.68
17.086592 4.34
17.111575 4.34
17.127575 4.68
17.152575 4.34
17.168576 4.68
17.193576 4.68
17.209576 4.68
17.234576 4.68
17.250575 4.68
17.275576 4.68
17.291576 4.34
17.316577 4.68
17.332576 4.68
17.357577 4.34
17.373594 4.68
17.398702 4.68
17.409577 4.68
17.439702 4.68
17.450577 4.68
17.485952 4.68
17.496703 4.68
17.527357 4.68
17.538203 4.68
17.568578 4.68
17.579346 4.68
17.609579 4.68
17.620344 4.68
17.650579 4.68
17.661346 4.68
17.691704 4.34
17.702579 4.34
17.737954 4.68
17.748705 4.68
17.779356 4.68
17.790081 4.68
17.820580 4.68
17.831347 4.68
17.861581 4.68
17.872348 4.68
17.902706 4.68
17.913581 4.68
17.944082 4.68
17.960082 4.68
17.985599 4.68
18.001598 4.68
18.031957 4.34
18.042706 4.68
18.073361 4.68
18.084223 4.68
18.114582 4.68
18.130582 4.68
18.155708 4.68
18.166583 4.68
18.201958 4.68
18.212707 4.68
18.243361 4.68
18.254225 4.68
18.284708 4.68
18.295583 4.68
18.330958 4.34
18.341708 4.68
18.372364 4.68
18.383225 4.68
18.413709 4.68
18.424584 4.68
18.459959 4.68
18.470834 4.68
18.501365 4.68
18.512225 4.68
18.542711 4.68
18.553585 4.68
18.588960 4.68
18.599836 4.68
18.630364 4.68
18.641087 4.34
18.671711 4.68
18.682586 4.68
18.717961 4.68
18.728711 4.68
18.759365 4.68
18.770230 4.68
18.800712 4.68
18.811587 4.68
18.846962 4.68
18.857837 4.68
18.888364 4.68
18.899242 4.68
18.929713 4.68
18.940588 4.68
18.975963 4.68
18.986838 4.68
19.017366 4.68
19.028090 4.68
19.058714 4.68
19.069606 4.68
19.104964 4.68
19.115714 4.68
19.146369 4.68
19.157232 4.68
19.187589 4.68
19.198357 4.68
19.228715 4.68
19.239590 4.68
19.274965 4.68
19.287466 4.68
19.316370 4.68
19.327231 4.68
19.357716 4.68
19.368591 4.68
19.403966 4.68
19.416467 4.68
19.445371 4.68
19.457966 4.68
19.486717 4.68
19.497609 4.68
19.532967 4.68
19.548967 4.68
19.574483 4.68
19.590486 4.68
19.615593 4.68
19.626486 4.68
19.656593 4.68
19.667485 4.68
19.697718 4.68
19.708593 4.68
19.743968 4.68
19.759969 4.68
19.785486 4.68
19.801719 4.68
19.826609 4.68
19.837362 4.68
19.867594 4.68
19.878359 4.68
19.908595 4.68
19.919360 4.68
19.949720 4.68
19.960595 4.68
19.995970 4.68
20.008471 4.68
20.037374 4.68
20.049970 4.68
20.078721 4.68
20.089612 4.68
20.124971 4.68
20.137346 4.68
20.166375 4.68
20.182374 4.68
20.207597 4.68
20.218362 4.34
20.248597 4.68
20.259364 4.68
20.289597 4.68
20.300362 4.68
20.330598 4.68
20.341363 4.68
20.371723 4.68
20.382597 4.68
20.417973 4.68
20.430349 4.68
20.459378 4.68
20.475378 4.68
20.500724 4.68
20.511599 4.68
20.547130 4.68
20.557974 4.68
20.588615 4.68
20.599490 4.68
20.629725 4.68
20.640600 4.68
20.675975 4.68
20.691975 4.68
20.717379 4.68
20.733252 4.68
20.758726 4.68
20.769600 4.68
20.804976 4.68
20.820851 4.68
20.846378 4.68
20.862378 4.68
20.887602 4.68
20.898368 4.68
20.928726 4.68
20.939602 5.00
20.974977 4.68
20.990977 4.68
21.016381 4.68
21.032245 4.68
21.057617 4.68
21.068381 4.68
21.098603 4.68
21.109369 4.68
21.139728 4.68
21.150604 4.68
21.185978 4.68
21.201854 4.68
21.227382 4.68
21.243383 4.68
21.268604 4.68
21.279370 4.68
21.309604 4.68
21.320373 4.68
21.350730 4.68
21.361605 4.68
21.396980 4.68
21.412855 4.68
21.438382 4.68
21.454258 4.68
21.479731 4.68
21.490606 4.68
21.525981 4.68
21.541856 4.68
21.567386 4.68
21.583386 4.68
21.608606 4.68
21.619373 4.68
21.649607 4.68
21.660372 4.68
21.690607 4.68
21.701374 4.68
21.731608 4.68
21.742373 4.68
21.772608 4.68
21.783376 4.68
21.815359 4.68
21.826109 4.68
21.856626 4.68
21.867374 4.68
21.897608 4.68
21.908376 4.68
21.940360 4.68
21.951260 4.68
21.981627 4.68
21.992376 4.68
22.022609 4.68
22.033376 4.68
22.065360 4.68
22.076110 4.68
22.108360 4.68
22.119263 4.68
22.149627 4.68
22.160379 4.68
22.192361 4.68
22.203128 4.68
22.233628 4.68
22.244378 4.68
22.276362 4.68
22.287111 4.68
22.319362 4.68
22.330266 4.68
22.362362 4.68
22.373113 4.68
22.405363 4.68
22.416130 4.68
22.446628 4.68
22.457504 4.68
22.492988 4.34
22.508863 4.68
22.534505 4.68
22.545265 4.68
22.577394 4.68
22.588144 4.68
22.620395 4.34
22.631266 4.68
22.663395 4.68
22.674145 4.34
22.709989 4.34
22.720865 4.68
22.751506 4.34
22.762255 4.68
22.797865 4.34
22.810384 4.34
22.839133 4.34
22.849990 4.34
22.880632 4.34
22.891382 4.68
22.921866 4.34
22.934242 4.34
22.963145 4.68
22.973991 4.68
23.004634 4.34
23.015383 4.34
23.050991 4.34
23.066866 4.34
23.092118 4.68
23.102866 4.68
23.133509 4.68
23.144260 4.34
23.179993 4.68
23.190868 4.68
23.221510 4.34
23.232261 4.68
23.262636 4.34
23.273509 4.34
23.308993 4.34
23.324993 4.34
23.350396 4.34
23.366272 4.34
23.396993 4.68
23.412869 4.68
23.438396 4.34
23.449136 4.34
23.484869 4.34
23.500745 4.34
23.526121 4.34
23.536995 4.34
23.567397 4.68
23.578121 4.34
23.613745 4.68
23.624620 4.68
23.654871 4.68
23.670871 4.34
23.696122 4.68
23.706996 4.68
23.737401 4.68
23.748273 4.34
23.783872 4.68
23.799872 4.34
23.824997 4.34
23.835872 4.34
23.866401 4.68
23.877275 4.34
23.912872 4.34
23.928873 4.34
23.954124 4.34
23.964998 4.68
23.995402 4.34
24.006124 4.68
24.041873 4.68
24.057998 4.34
24.083124 4.34
24.093999 4.68
24.124402 4.68
24.135276 4.68
24.170874 4.34
24.186874 4.68
24.212125 4.68
24.223000 4.34
24.253280 4.34
24.269518 4.34
24.294642 4.34
24.305519 4.68
24.335875 4.68
24.351751 4.68
24.377126 4.68
24.388001 4.34
24.418406 4.68
24.429279 4.34
24.465001 4.34
24.475751 4.34
24.506407 4.34
24.517279 4.34
24.552877 4.68
24.568878 4.68
24.594159 4.34
24.605002 4.34
24.635644 4.34
24.646519 4.68
24.681878 4.34
24.698003 4.34
24.723130 4.34
24.734003 4.34
24.764406 4.34
24.775130 4.34
24.811004 4.68
24.821878 4.68
24.852409 4.68
24.863282 4.34
24.898880 4.68
24.914879 4.68
24.940131 4.34
24.951005 4.34
24.981521 4.68
24.992282 4.34
25.027881 4.34
25.044005 4.34
25.072285 4.68
25.088410 4.34
25.115257 4.34
25.126131 4.34
25.156524 4.68
25.167272 4.34
25.202882 4.34
25.218881 4.34
25.247285 4.34
25.263523 4.34
25.290258 4.34
25.301007 4.68
25.331524 4.68
25.342276 4.68
25.377758 4.68
25.388526 4.68
25.418883 4.68
25.434883 4.34
25.460335 4.34
25.476538 4.34
25.502042 4.34
25.513040 4.34
25.545304 4.34
25.556139 4.34
25.588298 4.34
25.599138 4.34
25.631295 4.34
25.642137 4.34
25.674293 4.02
25.685136 4.34
25.717289 4.34
25.728010 4.34
25.760292 4.34
25.771011 4.34
25.803167 4.34
25.814011 4.34
25.846166 4.34
25.857011 4.34
25.892762 4.34
25.905154 4.02
25.933887 4.34
25.950012 4.02
25.975137 4.34
25.987637 4.34
26.016557 4.34
26.027538 4.34
26.058203 4.34
26.074413 4.34
26.105029 4.34
26.115893 4.34
26.146410 4.34
26.157312 4.34
26.188023 4.34
26.198890 4.02
26.229405 4.34
26.240139 4.34
26.270639 4.34
26.281406 4.34
26.311764 4.02
26.324156 4.34
26.352889 4.34
26.363640 4.34
26.394292 4.34
26.405021 4.34
26.435766 4.34
26.451766 4.34
26.476891 4.34
26.487641 4.34
26.518169 4.34
26.534141 4.34
26.565051 4.34
