0.000000 0.000000
0.041998 4.34
0.054581 4.34
0.083336 4.34
0.094335 2.66
0.125116 2.66
0.141472 2.66
0.166776 2.66
0.177883 2.66
0.208330 2.66
0.219202 2.66
0.254985 2.66
0.265968 2.66
0.296450 2.66
0.307450 2.34
0.337963 2.66
0.348724 2.66
0.379199 2.34
0.395072 2.66
0.420322 2.66
0.431073 2.66
0.466723 2.66
0.482601 2.66
0.507962 2.66
0.518722 2.66
0.549090 2.66
0.565089 2.66
0.590086 2.34
0.606088 2.66
0.631090 2.66
0.647198 2.34
0.672087 2.66
0.688089 2.66
0.713091 2.66
0.729089 2.66
0.756146 2.34
0.767110 2.34
0.797775 2.66
0.813999 2.66
0.839353 2.66
0.850341 2.66
0.881120 2.66
0.897338 2.34
0.922775 2.66
0.938980 2.66
0.969872 2.34
0.980851 4.02
1.016748 4.34
1.027748 4.34
1.058207 4.34
1.069207 4.02
1.104705 4.34
1.120609 4.34
1.146094 4.34
1.162093 4.34
1.187203 4.34
1.203203 4.34
1.230103 4.34
1.240970 4.34
1.273095 4.34
1.283979 4.34
1.316106 4.34
1.326967 4.34
1.357204 4.34
1.368095 4.34
1.400106 4.34
1.410968 4.34
1.441721 4.34
1.457595 4.34
1.482982 4.34
1.495606 4.34
1.529883 4.34
1.540856 4.34
1.576759 4.34
1.587755 4.34
1.618212 4.34
1.629096 4.34
1.659842 4.34
1.670853 4.34
1.706752 4.34
1.717626 4.34
1.748103 4.34
1.764086 4.34
1.790993 4.34
1.801977 4.34
1.833992 4.34
1.844974 4.34
1.875208 4.34
1.886098 4.34
1.916208 4.34
1.927083 4.34
1.957208 4.34
1.968084 4.34
1.998209 4.34
2.009084 4.34
2.039209 4.34
2.050085 4.34
2.080210 4.34
2.091101 4.34
2.121210 4.34
2.132085 4.34
2.162335 4.34
2.173210 4.34
2.208586 4.34
2.224589 4.34
2.250104 4.34
2.266100 4.34
2.291086 4.34
2.301852 4.34
2.332086 4.34
2.342851 4.34
2.373086 4.34
2.383852 4.34
2.414212 4.34
2.425087 4.34
2.460462 4.34
2.471212 4.34
2.501742 4.34
2.512619 4.34
2.543105 4.34
2.553854 4.34
2.584213 4.34
2.595088 4.34
2.625213 4.34
2.636088 4.34
2.666338 4.34
2.677214 4.34
2.712590 4.34
2.728621 4.34
2.754107 4.34
2.770105 4.34
2.795089 4.34
2.805856 4.34
2.836090 4.34
2.846858 4.34
2.877090 4.34
2.887858 4.34
2.918090 4.34
2.928855 4.34
2.959091 4.34
2.969856 4.34
3.000091 4.34
3.010856 4.34
3.041091 4.34
3.051857 4.34
3.082092 4.34
3.092857 4.34
3.123092 4.34
3.133860 4.34
3.164092 4.34
3.174859 4.34
3.205093 4.34
3.215859 4.34
3.246093 4.34
3.256861 4.34
3.287093 4.34
3.297860 4.34
3.328093 4.34
3.338860 4.34
3.369094 4.34
3.379863 4.34
3.410094 4.34
3.420862 4.34
3.451095 4.34
3.461861 4.34
3.492095 4.34
3.502861 4.34
3.533094 4.34
3.543863 4.34
3.574095 4.34
3.584860 4.34
3.615095 4.34
3.625863 4.34
3.656096 4.34
3.666862 4.34
3.697096 4.34
3.707864 4.34
3.738097 4.34
3.748864 4.34
3.779096 4.34
3.789863 4.34
3.820097 4.34
3.830863 4.34
3.861097 4.34
3.871866 4.34
3.902097 4.34
3.912865 4.34
3.943098 4.34
3.953864 4.34
3.984098 4.34
3.994866 4.34
4.025098 4.34
4.035863 4.34
4.066099 4.34
4.076867 4.34
4.107099 4.34
4.117866 4.34
4.148099 4.34
4.158866 4.34
4.189100 4.34
4.199865 4.34
4.230100 4.34
4.240865 4.34
4.271100 4.34
4.281867 4.34
4.312101 4.34
4.322869 4.34
4.358476 4.34
4.370977 4.34
4.399726 4.34
4.410476 4.34
4.441118 4.34
4.451869 4.34
4.483978 4.34
4.494868 4.34
4.525102 4.34
4.535869 4.34
4.571352 4.34
4.582102 4.34
4.612604 4.34
4.623477 4.34
4.654119 4.34
4.664870 4.34
4.700479 4.34
4.716353 4.34
4.741994 4.34
4.757872 4.34
4.783121 4.34
4.793870 4.34
4.829479 4.34
4.845354 4.34
4.870882 4.34
4.886884 4.34
4.912105 4.34
4.922870 4.34
4.953230 4.34
4.964105 4.34
4.999480 4.34
5.015481 4.34
5.040885 4.34
5.056883 4.34
5.082231 4.34
5.093106 4.34
5.128481 4.34
5.144356 4.34
5.169883 4.34
5.185887 4.34
5.211232 4.34
5.222107 4.34
5.257482 4.34
5.273357 4.34
5.298884 4.34
5.314750 4.34
5.340233 4.34
5.351108 4.34
5.386483 4.34
5.402358 4.34
5.427887 4.34
5.443875 4.34
5.469109 4.34
5.479877 4.34
5.510110 4.34
5.520876 4.34
5.551234 4.34
5.562109 4.34
5.597484 4.34
5.613360 4.34
5.638888 4.34
5.655125 4.34
5.680236 4.34
5.691111 4.34
5.726486 4.34
5.742360 4.34
5.767486 4.34
5.783485 4.34
5.808888 4.34
5.824752 4.34
5.850112 4.34
5.860877 4.34
5.891237 4.34
5.902112 4.34
5.937487 4.34
5.953362 4.34
5.978891 4.34
5.994754 4.34
6.020238 4.34
6.031113 4.34
6.066488 4.34
6.082488 4.34
6.107896 4.34
6.124131 4.34
6.149114 4.34
6.159879 4.34
6.190239 4.34
6.201114 4.34
6.236489 4.34
6.252489 4.34
6.277893 4.34
6.293755 4.34
6.319240 4.34
6.330115 4.34
6.365490 4.34
6.381365 4.34
6.406895 4.34
6.422895 4.34
6.448241 4.34
6.459133 4.34
6.494491 4.34
6.510366 4.34
6.535895 4.34
6.551896 4.34
6.578868 4.34
6.589769 4.34
6.620134 4.34
6.630884 4.34
6.666492 4.34
6.682906 4.34
6.708149 4.34
6.719122 4.34
6.749622 4.34
6.760496 4.34
6.790887 4.34
6.806896 4.34
6.832505 4.34
6.843504 4.34
6.874145 4.34
6.885145 4.68
6.915625 4.68
6.926498 4.34
6.957142 4.34
6.967889 4.34
6.998496 4.34
7.014496 4.34
7.039900 4.34
7.055900 4.34
7.082871 4.34
7.093775 4.34
7.124135 4.34
7.134887 4.34
7.165813 4.34
7.182025 5.00
7.212629 4.68
7.223629 5.00
7.259500 5.00
7.275501 4.68
7.300909 5.00
7.316890 4.68
7.347498 5.00
7.363498 5.00
7.388902 4.68
7.404901 4.68
7.435498 4.68
7.451498 5.00
7.476901 4.68
7.492900 4.68
7.523498 5.00
7.539498 4.68
7.564902 5.00
7.580766 5.00
7.611499 5.00
7.627499 5.00
7.652778 4.68
7.668903 5.00
7.699499 4.68
7.715375 4.68
7.740780 5.00
7.756891 4.68
7.782143 5.00
7.792894 4.68
7.823375 5.00
7.839375 5.00
7.864627 5.00
7.875501 5.00
7.906144 5.00
7.916891 5.00
7.947376 4.68
7.963251 5.00
7.988627 4.68
7.999502 5.00
8.029904 5.00
8.040629 5.00
8.076502 5.00
8.087378 4.68
8.117907 5.00
8.128780 5.00
8.164503 5.00
8.175253 5.00
8.205907 4.68
8.216782 5.00
8.252378 5.00
8.268504 5.00
8.293630 5.00
8.304504 5.00
8.334908 5.00
8.345631 4.68
8.381505 5.00
8.392379 5.00
8.422909 5.00
8.433633 5.00
8.469505 5.00
8.480380 5.00
8.510909 5.00
8.521782 5.00
8.557506 5.00
8.568256 4.68
8.598911 5.00
8.609783 4.68
8.645506 5.00
8.656256 5.00
8.686912 4.68
8.697785 5.00
8.733381 4.68
8.749382 5.00
8.774634 5.00
8.785507 5.00
8.816150 5.00
8.826900 4.68
8.857383 5.00
8.873258 4.68
8.898634 5.00
8.909508 5.00
8.939787 5.00
8.955774 5.00
8.981150 4.68
8.991901 5.00
9.027259 4.68
9.038134 5.00
9.068385 4.68
9.084260 5.00
9.109510 5.00
9.120260 5.00
9.150912 5.00
9.161787 4.68
9.197261 5.00
9.208154 4.68
9.238386 5.00
9.254386 5.00
9.279636 5.00
9.290511 5.00
9.320913 4.68
9.331637 5.00
9.367386 4.68
9.383512 5.00
9.411789 5.00
9.427903 4.68
9.453155 5.00
9.463905 4.68
9.494387 5.00
9.510388 5.00
9.535639 5.00
9.546513 5.00
9.576917 5.00
9.587639 5.00
9.623389 4.68
9.639514 5.00
9.664640 5.00
9.675514 5.00
9.705919 5.00
9.716792 5.00
9.752514 5.00
9.763265 4.68
9.793917 5.00
9.804641 5.00
9.840515 5.00
9.851265 5.00
9.881919 4.68
9.892795 5.00
9.928266 4.68
9.939141 5.00
9.969391 5.00
9.985391 4.68
10.013795 4.68
10.029921 4.68
10.056768 5.00
10.067643 5.00
10.099769 4.68
10.110644 5.00
10.142769 4.68
10.153644 5.00
10.185769 5.00
10.196644 5.00
10.228770 5.00
10.239644 4.68
10.271645 5.00
10.282518 4.68
10.312922 5.00
10.323798 5.00
10.359519 5.00
10.370268 5.00
10.400922 4.68
10.411796 5.00
10.447519 4.68
10.458395 5.00
10.488923 5.00
10.499646 4.68
10.535520 5.00
10.546395 5.00
10.576925 5.00
10.587797 5.00
10.623521 5.00
10.634396 5.00
10.665038 4.68
10.675788 5.00
10.711396 5.00
10.722271 4.68
10.752649 4.68
10.765147 4.68
10.799397 5.00
10.810272 5.00
10.840649 5.00
10.856800 5.00
10.881925 4.68
10.892649 5.00
10.923148 4.68
10.933913 5.00
10.964273 5.00
10.980398 5.00
11.005398 5.00
11.016148 5.00
11.046650 5.00
11.062803 4.68
11.087928 5.00
11.098803 4.68
11.129274 5.00
11.145399 5.00
11.170400 5.00
11.181275 5.00
11.211652 5.00
11.227804 5.00
11.252929 4.68
11.263803 5.00
11.294276 4.68
11.310276 5.00
11.335401 5.00
11.346276 5.00
11.376651 5.00
11.392803 5.00
11.417929 5.00
11.428804 4.68
11.459276 5.00
11.475402 4.68
11.500401 5.00
11.511277 4.68
11.541654 4.68
11.557804 5.00
11.582929 5.00
11.593654 5.00
11.624152 4.68
11.634918 5.00
11.665153 4.68
11.676045 5.00
11.706279 5.00
11.722403 5.00
11.747404 5.00
11.758154 5.00
11.788656 5.00
11.804809 4.68
11.829931 5.00
11.840811 4.68
11.871155 5.00
11.881920 5.00
11.912280 5.00
11.928405 5.00
11.953405 5.00
11.964155 5.00
11.994685 5.00
12.010811 5.00
12.041406 4.68
12.052281 5.00
12.082657 5.00
12.098656 5.00
12.123934 5.00
12.134811 4.68
12.165282 5.00
12.181282 4.68
12.206407 5.00
12.217157 5.00
12.247532 5.00
12.258407 5.00
12.288936 5.00
12.299813 5.00
12.330158 4.68
12.340926 5.00
12.371283 4.68
12.387283 5.00
12.412408 4.68
12.423159 5.00
12.453659 5.00
12.469659 5.00
12.500284 5.00
12.516284 4.68
12.541284 5.00
12.557160 5.00
12.582410 5.00
12.593160 5.00
12.623535 5.00
12.634285 5.00
12.664939 4.68
12.675812 5.00
12.706286 4.68
12.722286 5.00
12.747411 5.00
12.758161 5.00
12.788662 5.00
12.804662 5.00
12.835287 5.00
12.851287 4.68
12.876412 5.00
12.887162 5.00
12.917814 5.00
12.928662 5.00
12.964287 5.00
12.980287 5.00
13.005412 5.00
13.016163 5.00
13.046816 5.00
13.057663 5.00
13.093288 4.68
13.109289 4.68
13.134414 5.00
13.145163 4.68
13.175819 5.00
13.186664 4.68
13.222290 5.00
13.238290 5.00
13.263415 4.68
13.274165 5.00
13.304820 5.00
13.315547 5.00
13.351290 5.00
13.367290 4.68
13.392416 5.00
13.403290 4.68
13.433820 5.00
13.444548 4.68
13.480291 4.68
13.496166 5.00
13.521416 4.68
13.532292 5.00
13.562820 4.68
13.573667 5.00
13.604059 4.68
13.614821 5.00
13.645167 5.00
13.657551 5.00
13.686168 5.00
13.702168 4.68
13.727293 5.00
13.738168 4.68
13.768418 5.00
13.779169 4.68
13.809822 5.00
13.820553 5.00
13.851169 5.00
13.863549 5.00
13.892294 4.68
13.903062 5.00
13.933419 4.68
13.944294 5.00
13.974822 4.68
13.985549 5.00
14.016170 4.68
14.032295 5.00
14.057170 4.68
14.073295 4.68
14.098296 5.00
14.109171 4.68
14.139421 5.00
14.150296 5.00
14.180824 5.00
14.191549 5.00
14.222172 5.00
14.238297 5.00
14.263297 4.68
14.274172 5.00
14.304422 4.68
14.315297 5.00
14.345826 4.68
14.356551 5.00
14.387172 5.00
14.403298 5.00
14.428173 5.00
14.444298 4.68
14.469173 5.00
14.485298 4.68
14.510298 5.00
14.521066 5.00
14.551423 5.00
14.562299 5.00
14.592827 5.00
14.603703 5.00
14.634175 4.68
14.650300 5.00
14.675174 4.68
14.691300 5.00
14.716175 4.68
14.732300 5.00
14.757300 4.68
14.768067 5.00
14.798426 5.00
14.809177 4.68
14.839828 5.00
14.850705 4.68
14.881177 5.00
14.897301 4.68
14.922177 5.00
14.938302 5.00
14.963302 5.00
14.974177 5.00
15.004427 5.00
15.015302 5.00
15.045831 4.68
15.056708 5.00
15.087178 4.68
15.103303 5.00
15.128303 5.00
15.139070 5.00
15.169428 5.00
15.180303 5.00
15.210832 5.00
15.221708 4.68
15.252179 5.00
15.268304 4.68
15.293179 5.00
15.309304 5.00
15.334305 5.00
15.345180 5.00
15.375430 5.00
15.386305 5.00
15.416836 4.68
15.427556 5.00
15.458180 4.68
15.474305 5.00
15.499181 5.00
15.515306 5.00
15.540306 5.00
15.551072 5.00
15.581431 5.00
15.592182 4.68
15.622834 5.00
15.633558 4.68
15.664182 5.00
15.680307 5.00
15.705307 5.00
15.716182 5.00
15.746433 5.00
15.759075 5.00
15.787559 4.68
15.803710 5.00
15.834308 4.68
15.845183 5.00
15.875433 5.00
15.888076 5.00
15.916712 5.00
15.927434 4.68
15.963309 5.00
15.974074 5.00
16.004434 5.00
16.016826 5.00
16.045714 5.00
16.056434 5.00
16.087077 4.68
16.099439 5.00
16.128311 5.00
16.139185 5.00
16.169436 5.00
16.181838 5.00
16.212441 5.00
16.223311 5.00
16.253716 5.00
16.264563 4.68
16.295079 5.00
16.307441 5.00
16.336187 5.00
16.352312 5.00
16.377312 5.00
16.388062 5.00
16.418437 4.68
16.434437 5.00
16.459564 4.68
16.470437 5.00
16.506313 4.68
16.517079 5.00
16.547438 5.00
16.559840 4.68
16.594081 5.00
16.609954 5.00
16.635314 5.00
16.646064 5.00
16.676840 5.00
16.687754 4.34
16.718448 4.34
16.734737 4.34
16.765320 4.34
16.776195 4.34
16.806728 4.34
16.817569 4.34
16.848192 4.34
16.859083 4.34
16.889317 4.34
16.900066 4.34
16.930441 4.34
16.946441 4.34
16.971720 4.34
16.982767 4.34
17.013326 4.34
17.024201 4.34
17.060198 4.34
17.071073 4.34
17.101731 4.34
17.112731 4.34
17.143194 4.34
17.154087 4.34
17.184444 4.34
17.200443 4.34
17.225721 4.34
17.236570 4.34
17.267193 4.34
17.278086 4.34
17.308194 4.34
17.319069 4.34
17.349194 4.34
17.360069 4.34
17.390194 4.34
17.401070 4.34
17.431194 4.34
17.442070 4.34
17.472195 4.34
17.483070 4.34
17.513195 4.34
17.524210 4.34
