0.000000 0.000000
0.041970 4.68
0.058269 4.68
0.088973 4.68
0.101617 3.01
0.135836 3.01
0.146974 3.01
0.179180 2.66
0.190251 2.66
0.220831 3.01
0.231702 2.66
0.264113 2.66
0.274952 2.66
0.310825 2.66
0.321574 2.66
0.352102 2.66
0.368198 2.66
0.398823 2.66
0.409573 2.66
0.439948 2.66
0.452590 2.66
0.481098 2.66
0.497101 2.66
0.524101 2.66
0.534949 2.66
0.566978 2.66
0.577824 2.66
0.608223 2.66
0.619101 2.66
0.654825 2.66
0.665574 2.66
0.695950 2.66
0.708465 2.66
0.737103 2.66
0.753273 2.66
0.778716 2.66
0.789842 2.66
0.820331 2.66
0.831112 2.66
0.861978 2.66
0.878406 2.66
0.908837 2.66
0.919835 3.01
0.955730 3.01
0.966854 4.34
0.997358 4.34
1.008356 4.34
1.038960 4.34
1.055244 4.34
1.085834 4.34
1.096706 4.34
1.132706 4.68
1.143597 4.34
1.173705 4.34
1.184581 4.34
1.214705 4.34
1.225579 4.34
1.255705 4.34
1.266579 4.34
1.296705 4.34
1.307580 4.34
1.337704 4.34
1.348580 4.34
1.378705 4.34
1.389594 4.34
1.419846 4.34
1.430849 4.68
1.466799 4.34
1.477993 4.68
1.513730 4.68
1.524716 4.68
1.555358 4.68
1.566359 4.68
1.596962 4.68
1.613122 4.68
1.643720 4.68
1.654719 4.68
1.685214 4.68
1.696373 4.68
1.726844 4.68
1.737849 4.34
1.773717 4.68
1.784716 4.68
1.815231 4.68
1.826129 5.00
1.856605 5.00
1.872712 5.00
1.898121 5.35
1.908961 5.35
1.939613 5.35
1.955843 5.69
1.981138 5.69
1.991967 5.69
2.022715 5.69
2.033605 5.69
2.064339 5.69
2.075122 5.69
2.105604 5.35
2.121605 5.69
2.146712 5.69
2.157587 5.35
2.187837 5.69
2.198587 5.69
2.234725 5.69
2.245723 5.35
2.276237 5.69
2.287259 5.69
2.317842 5.69
2.328717 5.69
2.364716 5.69
2.375607 5.69
2.406119 5.69
2.416965 5.69
2.447606 5.35
2.463715 5.69
2.488839 5.69
2.499589 5.69
2.535724 5.69
2.546724 5.69
2.577240 5.35
2.588260 5.69
2.618844 5.69
2.629719 5.69
2.660235 5.69
2.671125 5.69
2.701611 5.35
2.717717 5.69
2.742842 5.35
2.753716 5.35
2.784120 5.69
2.794967 5.35
2.825729 5.35
2.836728 5.35
2.869042 5.35
2.879972 5.35
2.915722 5.69
2.926610 5.69
2.957123 5.69
2.967969 5.69
2.998610 5.69
3.014719 5.69
3.039844 5.69
3.050718 5.69
3.081122 5.35
3.091970 5.69
3.122724 5.35
3.133618 5.69
3.166007 5.69
3.176847 5.69
3.212721 5.69
3.223613 5.69
3.253845 5.69
3.266489 5.69
3.295125 5.69
3.305971 5.69
3.341721 5.69
3.352614 5.69
3.382849 5.69
3.395404 5.69
3.429731 5.69
3.440730 5.69
3.472888 5.69
3.483728 5.69
3.519725 5.69
3.530617 5.69
3.561129 5.69
3.571973 5.69
3.602615 5.69
3.618723 5.69
3.643848 5.69
3.656239 5.69
3.685288 5.69
3.696156 5.69
3.726852 5.69
3.739247 5.69
3.773622 5.69
3.784395 5.69
3.815131 5.69
3.825975 5.69
3.856617 5.69
3.867491 5.69
3.897850 5.69
3.910241 5.69
3.939119 5.69
3.949975 5.69
3.980751 5.69
3.991738 5.69
4.027613 5.69
4.038612 5.69
4.069287 5.69
4.080277 5.69
4.110857 5.69
4.126981 5.69
4.157497 5.69
4.173495 5.35
4.198729 5.69
4.209604 5.69
4.240134 5.69
4.250978 5.69
4.281496 5.69
4.297495 5.69
4.322733 5.69
4.333627 5.69
4.369649 5.69
4.380647 5.69
4.411290 5.69
4.422289 5.69
4.452893 5.69
4.469150 12.32
4.499739 8.35
4.510738 8.35
4.546610 8.35
4.557610 8.35
4.588110 8.35
4.598983 8.35
4.629374 8.35
4.645501 8.35
4.670732 8.35
4.681607 8.35
4.711856 8.35
4.727856 8.35
4.753108 8.35
4.763982 8.35
4.799497 8.35
4.815374 8.35
4.840733 8.35
4.851607 8.35
4.881858 8.35
4.897733 8.35
4.923109 8.35
4.933983 8.35
4.964387 8.35
4.980501 8.35
5.005609 8.35
5.016377 8.35
5.046609 8.35
5.057376 8.35
5.087609 8.35
5.098377 8.35
5.128735 8.35
5.139610 8.35
5.169860 8.35
5.185860 8.35
5.210985 8.35
5.221735 8.35
5.257626 8.35
5.268376 8.35
5.298736 8.35
5.309611 8.35
5.339861 8.35
5.355861 8.35
5.381112 8.35
5.391986 8.35
5.422388 8.35
5.438380 8.35
5.463737 8.35
5.474612 8.35
5.504862 8.35
5.520737 8.35
5.546114 8.35
5.556988 8.35
5.587392 8.35
5.603506 8.35
5.628613 8.35
5.639381 8.35
5.669739 8.35
5.680614 8.35
5.710864 8.35
5.726864 8.35
5.752116 8.35
5.762989 8.35
5.793394 8.35
5.809380 8.35
5.834740 8.35
5.847270 8.35
5.875865 7.69
5.891740 8.35
5.918876 8.35
5.929741 8.35
5.959991 8.35
5.970741 8.35
6.001507 8.35
6.017510 8.35
6.042741 8.35
6.055271 8.35
6.083866 8.35
6.099867 8.35
6.126898 8.35
6.137742 8.35
6.168508 8.35
6.184510 8.35
6.209618 8.35
6.220511 8.35
6.250618 8.35
6.261509 8.35
6.291619 8.35
6.302509 8.35
6.332744 8.35
6.345137 8.35
6.373869 8.35
6.389869 8.35
6.414994 8.35
6.425869 8.35
6.456400 8.35
6.472511 8.35
6.497620 8.35
6.508387 8.35
6.538745 8.35
6.551122 8.35
6.579870 8.35
6.595871 8.35
6.622756 8.35
6.633638 8.35
6.663871 8.35
6.674622 8.35
6.710263 8.35
6.722757 8.35
6.751622 8.35
6.762401 8.35
6.792747 8.35
6.808748 8.35
6.833872 8.35
6.844623 8.35
6.880266 8.35
6.890998 8.35
6.921641 8.35
6.932389 8.35
6.962874 8.35
6.973749 8.35
7.009282 8.35
7.025267 8.35
7.050639 8.35
7.061392 8.35
7.091750 8.35
7.107750 8.35
7.132875 8.35
7.143750 8.35
7.179268 8.35
7.195266 8.35
7.220643 8.35
7.231391 8.35
7.261876 6.36
7.272626 8.35
7.308278 8.35
7.319001 8.35
7.349645 8.35
7.360393 8.35
7.390877 8.35
7.401627 8.35
7.437270 8.35
7.453270 8.35
7.478644 8.35
7.489394 8.35
7.519878 8.35
7.530753 8.35
7.566271 8.35
7.582272 8.35
7.607644 8.35
7.618394 8.35
7.648879 8.35
7.659754 8.35
7.695283 8.35
7.711273 8.35
7.736647 8.35
7.747395 8.35
7.777630 8.35
7.788396 8.35
7.818630 8.35
7.829402 8.35
7.859756 8.35
7.875631 8.35
7.900881 8.35
7.911631 8.35
7.947285 8.35
7.963275 8.35
7.988649 8.35
7.999525 8.35
8.029632 8.35
8.040400 8.35
8.070757 8.35
8.086757 8.35
8.111883 8.35
8.122757 8.35
8.158276 8.35
8.169007 8.35
8.199648 8.35
8.210402 8.35
8.240884 8.35
8.251633 8.35
8.287276 8.35
8.303277 8.35
8.328650 8.35
8.339402 8.35
8.369884 8.35
8.380760 8.35
8.416287 8.35
8.432277 8.35
8.457652 8.35
8.470137 8.35
8.499010 8.35
8.509760 8.35
8.540416 8.35
8.556288 8.35
8.581636 8.35
8.594154 8.35
8.622762 8.35
8.638761 8.35
8.663887 8.03
8.674762 8.35
8.710291 8.35
8.726279 8.35
8.751654 8.35
8.764155 8.35
8.792887 8.35
8.803636 8.35
8.833887 8.35
8.844636 8.35
8.874887 8.35
8.885637 8.35
8.915887 8.35
8.926637 8.35
8.956887 8.35
8.967638 8.35
8.997888 8.35
9.008638 8.35
9.038888 8.35
9.049638 8.35
9.079889 8.35
9.090638 8.35
9.120889 8.35
9.131639 8.35
9.161889 8.35
9.172639 8.35
9.202889 8.35
9.213639 8.35
9.243889 8.35
9.254640 8.35
9.284890 8.35
9.295640 8.35
9.325890 8.35
9.336641 8.35
9.366891 8.35
9.377641 8.35
9.413143 8.35
9.423891 8.35
9.459266 8.35
9.471644 8.35
9.500267 8.35
9.512643 8.35
9.541297 8.35
9.557283 8.35
9.582533 8.35
9.593284 8.35
9.623644 8.35
9.636019 8.35
9.664769 8.35
9.680645 8.35
9.705895 8.35
9.716645 8.35
9.752145 8.35
9.762895 8.35
9.793411 8.35
9.804145 8.35
9.834771 8.35
9.850646 8.35
9.875896 8.35
9.886646 8.35
9.917299 8.35
9.933147 8.35
9.958538 8.35
9.969289 8.35
9.999647 8.35
10.015540 8.35
10.040772 8.03
10.056772 8.03
10.081898 8.35
10.092772 8.35
10.123302 8.35
10.139148 8.35
10.164541 8.35
10.175291 8.35
10.205773 8.35
10.221648 8.35
10.246899 8.35
10.257774 8.35
10.288301 8.35
10.304150 8.35
10.329539 8.35
10.340301 8.35
10.370650 8.35
10.386540 8.35
10.411776 8.35
10.427775 8.35
10.452900 8.35
10.463775 8.35
10.494307 8.35
10.510305 8.35
10.535541 8.35
10.546305 8.35
10.576777 8.35
10.592652 8.35
10.617902 8.35
10.628777 8.35
10.659306 8.35
10.675307 8.35
10.700652 8.35
10.716652 8.35
10.741653 8.35
10.757653 8.35
10.782653 8.35
10.798653 8.35
10.823778 8.35
10.839653 8.35
10.864904 8.35
10.875778 8.35
10.911308 8.35
10.927308 8.35
10.952654 8.35
10.968654 8.35
10.993779 8.35
11.009655 8.35
11.036686 8.35
11.047547 8.35
11.077905 8.35
11.088655 8.35
11.119310 8.35
11.135311 8.35
11.160656 8.35
11.176781 8.35
11.201781 8.35
11.217656 8.35
11.244687 8.35
11.255548 8.35
11.287686 8.35
11.298547 8.35
11.330685 8.35
11.341548 8.35
11.373688 8.35
11.384548 8.35
11.416689 8.35
11.427548 7.37
11.459690 8.35
11.470550 8.35
11.502688 8.35
11.513552 8.35
11.545690 8.35
11.556552 8.35
11.588691 8.35
11.599552 8.35
11.631691 8.35
11.642552 8.35
11.674692 8.35
11.685550 8.35
11.717691 8.35
11.728552 8.35
11.760689 8.35
11.771554 8.35
11.803693 8.35
11.814554 8.35
11.850041 8.35
11.874552 8.35
11.886912 8.35
11.915787 8.35
11.926551 8.35
11.958568 8.35
11.969317 8.35
11.999788 8.35
12.010553 8.35
12.046042 8.35
12.070555 8.35
12.100039 8.70
12.116041 8.35
12.141557 8.35
12.153913 8.35
12.182664 8.35
12.193554 8.35
12.223664 8.35
12.234556 8.35
12.264664 8.35
12.275556 8.35
12.305665 8.35
12.316557 8.35
12.346665 8.35
12.357558 8.35
12.387665 8.35
12.398557 8.35
12.428791 8.35
12.439558 8.35
12.475044 8.35
12.491043 8.35
12.516557 8.35
12.532558 8.35
12.557667 8.35
12.568557 8.35
12.598667 8.35
12.609560 8.35
12.639667 8.35
12.650558 8.35
12.680667 8.35
12.691560 8.35
12.721668 8.35
12.732543 8.35
12.762793 8.35
12.773668 8.35
12.809047 8.35
12.825197 7.69
12.850559 8.35
12.866559 8.35
12.891559 8.35
12.907562 8.35
12.932545 8.35
12.948562 8.35
12.973545 8.35
12.989670 8.35
13.014545 8.35
13.030562 8.35
13.055545 8.35
13.071562 8.35
13.096563 8.35
13.112561 8.35
13.137546 8.35
13.153563 8.35
13.178546 8.35
13.194565 8.35
13.219547 8.35
13.235565 8.35
13.260547 8.35
13.276672 8.35
13.301548 8.35
13.317565 8.35
13.342548 8.35
13.358565 8.35
13.383565 8.35
13.399566 8.35
13.424674 8.35
13.440673 8.35
13.465673 8.35
13.476548 8.35
13.506799 8.35
13.517549 8.35
13.553050 8.35
13.569050 8.35
13.594566 8.35
13.610564 8.35
13.635675 8.35
13.646566 8.35
13.676675 8.35
13.687550 8.35
13.717675 8.35
13.728567 8.35
13.758801 8.35
13.769676 8.35
13.805086 8.35
13.821052 8.35
13.846569 8.35
13.862568 8.35
13.887802 8.35
13.898677 8.35
13.934054 8.35
13.950057 8.35
13.975331 8.35
13.986207 8.35
14.016678 8.35
14.032678 8.35
14.057678 8.35
14.068568 8.35
14.100573 8.35
14.111446 8.35
14.143573 8.35
14.154444 8.35
14.186572 8.35
14.197446 8.35
14.229572 6.68
14.240446 8.35
14.272574 8.35
14.283323 8.35
14.315573 8.35
14.326448 8.35
14.356680 8.35
14.367555 8.35
14.397680 8.35
14.408556 8.35
14.438681 8.35
14.449556 8.35
14.479681 8.35
14.490557 8.35
14.520682 8.35
14.531557 8.35
14.561682 8.35
14.572557 8.35
14.602682 8.35
14.613558 8.35
14.643682 8.35
14.654557 8.35
14.690059 8.35
14.706062 8.35
14.731337 8.35
14.742060 8.35
14.772576 8.35
14.788684 8.35
14.813559 8.35
14.829576 8.35
14.854559 8.35
14.865325 8.35
14.895684 8.35
14.906560 8.35
14.936685 8.35
14.947560 8.35
14.977685 8.35
14.988560 8.35
15.018685 8.35
15.029561 8.35
15.059686 8.35
15.070561 8.35
15.100686 8.35
15.111561 8.35
15.141811 8.35
15.152687 8.35
15.188063 8.35
15.204063 8.35
15.229579 8.35
15.245580 8.35
15.270562 8.35
15.281330 8.35
15.311688 8.35
15.322563 8.35
15.352687 8.35
15.363563 8.35
15.393688 8.35
15.404563 8.35
15.434688 8.35
15.445563 8.35
15.475689 8.35
15.486564 8.35
15.516689 8.35
15.527564 8.35
15.557690 8.35
15.568565 8.35
15.598690 8.35
15.609565 7.37
15.639690 8.35
15.650565 8.35
15.680691 8.35
15.691566 8.35
15.721690 8.35
15.732566 8.35
15.762691 8.35
15.773566 8.35
15.803691 8.35
15.814566 8.35
15.844692 8.35
15.855567 8.35
15.885692 8.35
15.896567 8.35
15.926692 8.35
15.937568 8.35
15.967693 8.35
15.978568 8.35
16.008692 8.35
16.019568 8.35
16.049693 8.35
16.060569 8.35
16.090694 8.35
16.101569 8.35
16.131694 8.35
16.142569 8.35
16.172694 8.35
16.183569 8.35
16.213695 8.35
16.224570 8.35
16.259945 8.35
16.270695 8.35
16.301224 8.35
16.311945 8.35
16.342587 8.35
16.358587 8.35
16.383571 8.35
16.394336 8.35
16.424571 8.35
16.435338 8.35
16.465571 8.35
16.476339 8.35
16.506572 8.35
16.517337 8.35
16.547572 8.35
16.558340 8.35
16.588572 8.35
16.599338 8.35
16.629573 8.35
16.640339 8.35
16.670573 8.35
16.681338 8.35
16.711573 8.35
16.722341 8.35
16.752574 8.35
16.763341 8.35
16.793574 8.35
16.804342 8.35
16.834574 8.35
16.845340 8.35
16.875575 8.35
16.886340 8.35
16.916575 8.35
16.927342 8.35
16.957575 8.35
16.968342 8.35
17.000451 8.35
17.011219 7.02
17.041590 8.35
17.057591 8.35
17.082576 8.35
17.093343 8.35
17.123577 8.35
17.134344 8.35
17.164576 8.35
17.175345 8.35
17.205577 8.35
17.216344 8.35
17.246577 8.35
17.257345 8.35
17.287578 8.35
17.298343 8.35
17.328578 8.35
17.339344 8.35
17.369579 8.35
17.380346 8.35
17.410579 8.35
17.421346 8.35
17.451579 8.35
17.462345 8.35
17.492579 8.35
17.503347 8.35
17.533579 8.35
17.544348 8.35
17.574580 8.35
17.585347 8.35
17.615580 8.35
17.626348 8.35
17.656581 8.35
17.667348 8.35
17.697581 8.35
17.708350 8.35
17.738581 8.35
17.749349 8.35
17.779581 8.35
17.790349 8.35
17.820582 8.35
17.831350 8.35
17.866707 8.35
17.877582 8.35
17.912833 8.35
17.923583 8.35
17.954359 8.35
17.970362 8.35
17.995600 8.35
18.006352 8.35
18.041833 8.35
18.052584 8.35
18.083085 8.35
18.093959 8.35
18.124602 8.35
18.135349 8.35
18.165585 8.35
18.176353 8.35
18.206585 8.35
18.217352 8.35
18.247585 8.35
18.258351 8.35
18.288586 8.35
18.299352 8.35
18.329586 8.35
18.340354 8.35
18.370586 8.35
18.381352 8.35
18.411586 6.36
18.422353 8.35
18.452587 8.35
18.463353 8.35
18.493587 8.35
18.504352 8.35
18.534587 8.35
18.545356 8.35
18.575588 8.35
18.586356 8.35
18.616588 8.35
18.627356 8.35
18.657713 8.35
18.668588 8.35
18.703963 8.35
18.719963 8.35
18.745368 8.35
18.761369 8.35
18.786714 8.35
18.797589 8.35
18.832965 8.35
18.848840 8.35
18.874368 8.35
18.890366 8.35
18.915591 8.35
18.926357 8.35
18.956715 8.35
18.967591 8.35
19.002966 8.35
19.018966 8.35
19.044216 8.35
19.054966 8.35
19.085609 8.35
19.096357 8.35
19.131967 8.35
19.147842 8.35
19.173371 8.35
19.189372 8.35
19.216344 8.35
19.227234 8.35
19.257610 8.35
19.268360 8.35
19.298593 8.35
19.309361 8.35
19.341345 8.35
19.352095 8.35
19.382609 8.35
19.393362 8.35
19.428969 8.35
19.444844 8.35
19.470374 8.35
19.486612 8.35
19.513346 8.35
19.524248 8.35
19.554611 8.35
19.565361 8.35
19.600971 8.35
19.616846 8.35
19.642372 8.35
19.658237 8.35
19.685348 8.35
19.696098 8.35
19.728348 8.35
19.739098 8.35
19.769613 8.35
19.780365 8.35
19.812349 7.37
19.823099 8.35
19.855349 8.35
19.866251 8.35
19.896615 8.35
19.907366 8.35
19.937848 8.35
19.948598 8.35
19.979100 8.35
19.989973 8.35
20.020616 8.35
20.031364 8.35
20.066974 8.35
20.077849 8.35
20.108378 8.70
20.124366 8.70
20.154975 8.35
20.170850 8.70
20.196378 8.35
20.212240 8.35
20.237616 8.70
20.248369 8.35
20.283976 8.35
20.299850 8.70
20.325379 8.35
20.341253 8.70
20.371976 8.35
20.387976 8.35
20.413381 8.35
20.429242 8.35
20.459977 8.35
20.475852 8.35
20.501380 8.35
20.517243 8.35
20.547978 8.35
20.563978 8.35
20.589255 8.35
20.605246 8.35
20.635979 8.35
20.651853 8.35
20.677381 8.35
20.693244 8.35
20.723979 8.35
20.739979 8.35
20.765383 8.35
20.776105 8.35
20.811854 8.35
20.827980 8.35
20.853106 8.35
20.863980 8.35
20.894248 8.35
20.910106 8.35
20.935623 8.35
20.946371 8.35
20.976856 8.35
20.992856 8.35
21.018107 8.35
21.028981 8.35
21.059624 8.35
21.070372 8.35
21.100982 8.35
21.111857 8.35
21.142384 8.35
21.153108 8.35
21.188733 8.35
21.199622 8.03
21.229858 8.35
21.245858 8.35
21.271109 8.35
21.281983 8.35
21.312387 8.35
21.323110 8.35
21.358984 8.35
21.369859 8.35
21.400502 8.35
21.411262 8.35
21.441626 8.35
21.452376 8.35
21.487985 8.35
21.498735 8.35
21.529387 8.35
21.540112 8.35
21.575861 8.35
21.591985 8.35
21.620266 8.35
21.636378 8.35
21.661629 8.35
21.672376 8.35
21.702861 8.35
21.718862 8.35
21.744113 8.35
21.754987 8.35
21.785390 8.35
21.796267 8.35
21.831988 8.35
21.842737 8.35
21.873390 8.35
21.884115 8.35
21.919988 8.35
21.930863 8.35
21.961392 8.35
21.972265 8.35
22.007864 8.35
22.023989 8.35
22.049116 8.35
22.059989 8.35
22.090630 8.35
22.101383 8.35
22.131865 8.35
22.147865 8.35
22.173115 8.35
22.183990 8.35
22.214395 8.35
22.225117 8.35
22.260865 8.35
22.276991 8.35
22.302117 8.35
22.312991 8.35
22.343394 8.35
22.354117 8.35
22.389992 8.35
22.400742 8.35
22.431396 8.35
22.442271 8.35
22.477993 8.35
22.488742 8.35
22.519395 8.35
22.530120 8.35
22.565993 8.35
22.576743 7.69
22.607395 8.35
22.618120 8.35
22.653869 8.35
22.669994 8.35
22.698271 8.35
22.714262 8.35
22.741246 8.35
22.752121 8.35
22.784247 8.35
22.795121 8.35
22.825400 8.35
22.836275 8.35
22.871871 8.35
22.887996 8.35
22.913122 8.35
22.925621 8.35
22.954399 8.35
22.965122 8.35
23.000997 8.35
23.011871 8.35
23.042401 8.35
23.053273 8.35
23.088997 8.35
23.099872 8.35
23.130515 8.35
23.141265 8.35
23.176997 8.35
23.187748 8.35
23.218516 8.35
23.229264 8.35
23.264873 8.35
23.280874 8.35
23.305999 8.35
23.316874 8.35
23.347403 8.35
23.358277 8.35
23.393875 8.35
23.409875 8.35
23.435126 8.35
23.447625 8.35
23.476405 8.35
23.487279 8.35
23.523001 8.35
23.533750 8.35
23.564403 8.35
23.575128 8.35
23.605751 8.35
23.618128 8.35
23.646876 8.35
23.657752 8.35
23.688128 8.35
23.700627 8.35
23.729406 8.35
23.740128 8.35
23.770752 8.35
23.786878 8.35
23.811878 8.35
23.822753 8.35
23.853152 8.35
23.869280 8.35
23.899878 8.35
23.910753 8.35
23.941130 8.35
23.957282 8.35
23.987879 7.02
23.998755 8.35
24.029131 8.35
24.045282 8.35
24.070523 8.35
24.081282 8.35
24.111630 8.35
24.122522 8.35
24.152630 8.35
24.163523 8.35
24.193756 8.35
24.209881 8.35
24.234881 8.35
24.245631 8.35
24.276147 8.35
24.292286 8.35
24.317411 8.35
24.328284 8.35
24.358757 8.35
24.374882 8.35
24.399882 8.35
24.410757 8.35
24.441133 8.35
24.457287 8.35
24.482410 8.35
24.493134 8.35
24.523633 8.35
24.534400 8.35
24.564758 8.35
24.580884 8.35
24.605884 8.35
24.616634 8.35
24.647136 8.35
24.663135 8.35
24.688411 8.35
24.699135 8.35
24.729635 8.35
24.740402 8.35
24.770760 8.35
24.786760 8.35
24.811885 8.35
24.822760 8.35
24.853011 8.35
24.863885 8.35
24.894416 8.35
24.905137 8.35
24.935636 8.35
24.946405 8.35
24.976637 8.35
24.987404 8.35
25.017637 8.35
25.028404 8.35
25.058762 8.35
25.074887 8.35
25.099888 8.35
25.110638 8.35
25.141139 8.35
25.157291 8.35
25.182407 8.35
25.193281 8.35
25.223638 8.35
25.234407 8.35
25.264764 8.35
25.280889 8.35
25.305889 8.35
25.316764 8.35
25.347140 8.35
25.363014 8.35
25.393890 7.69
25.404764 8.35
25.435140 8.35
25.451141 8.35
25.478145 8.35
25.489015 8.35
25.521145 8.35
25.532016 8.35
25.562418 8.35
25.573142 8.35
25.603766 8.35
25.619767 8.35
25.644891 8.35
25.655642 8.35
25.686016 8.35
25.698642 8.35
25.729144 8.35
25.740017 8.35
25.775768 8.35
25.791767 8.35
25.816893 8.35
25.827768 8.35
25.858144 8.35
25.874144 8.35
25.904769 8.35
25.920769 8.35
25.945894 8.35
25.956644 8.35
25.987020 8.35
25.999413 8.35
26.030030 8.35
26.040770 8.35
26.073038 8.35
26.083770 8.35
26.119662 8.35
26.132030 8.35
26.160896 8.35
26.171646 8.35
26.202147 8.35
26.218146 8.35
26.248664 8.35
26.261030 8.35
26.289897 8.35
26.300647 8.35
26.331301 8.35
26.342147 8.35
26.372538 8.35
26.383290 8.35
26.413648 8.35
26.426052 8.35
26.454648 8.35
26.470648 8.35
26.495774 8.35
26.506538 8.35
26.536899 8.35
26.547773 8.35
26.578301 8.35
26.589149 8.35
26.619542 8.35
26.630301 8.35
26.660775 8.35
26.671540 8.35
26.701900 8.35
26.712775 8.35
26.743302 8.35
26.754031 8.03
26.784543 8.03
26.795304 8.35
26.825901 8.35
26.836776 8.35
26.867303 8.35
26.878034 8.35
26.908543 8.35
26.919306 8.35
26.949777 8.35
26.960652 8.35
26.990902 8.35
27.001653 8.35
27.032306 8.35
27.043181 8.35
27.073653 8.35
27.089653 8.35
27.114778 8.35
27.125653 8.35
27.155904 8.35
27.166653 8.35
27.197309 8.35
27.208182 8.35
27.238654 8.35
27.254779 8.35
27.279779 8.35
27.290654 8.35
27.320904 8.35
27.331780 8.35
27.362306 8.35
27.373033 8.70
27.403655 8.35
27.419781 8.35
27.444781 8.35
27.455656 8.35
27.485906 8.35
27.496781 8.35
27.527308 8.35
27.538035 8.35
27.568656 8.35
27.584782 8.35
27.609907 8.35
27.620782 8.35
27.651311 8.35
27.662185 8.35
27.692658 8.35
27.708782 8.35
27.733783 8.35
27.744551 8.35
27.774908 8.35
27.785783 8.35
27.816311 8.35
27.827186 8.35
27.857659 8.35
27.873784 8.35
27.898785 8.35
27.909551 8.35
27.939909 8.35
27.950659 8.35
27.981312 8.35
27.992040 8.35
28.022660 8.35
28.038785 8.35
28.063660 8.35
28.079785 8.35
28.104785 8.35
28.115661 8.35
28.145911 8.35
28.156786 6.36
28.187313 8.35
28.198191 8.35
28.228662 8.35
28.244787 8.35
28.269787 8.35
28.280554 8.35
28.310912 8.35
28.321787 8.35
28.354070 8.35
28.364912 8.35
28.400788 8.35
28.411663 8.35
28.441913 8.35
28.454556 8.35
28.483193 8.35
28.493913 8.35
28.529789 8.35
28.540664 8.35
28.570914 8.35
28.583557 8.35
28.614057 8.35
28.624915 8.35
28.660790 8.35
28.671665 8.35
28.701915 8.35
28.712665 8.35
28.743194 8.35
28.754043 8.35
28.784666 8.35
28.800791 8.35
28.825791 8.35
28.836556 8.35
28.866916 8.35
28.879321 8.35
28.908197 8.35
28.919043 8.35
28.949667 8.35
28.965792 8.35
28.990793 8.35
29.001559 8.35
29.031918 8.35
29.044320 8.35
29.073197 8.35
29.083918 8.35
29.114669 8.35
29.130793 8.35
29.155794 8.35
29.166669 8.35
29.196919 8.35
29.209324 8.35
29.239923 8.35
29.250670 8.35
29.281197 8.35
29.292046 8.35
29.322563 8.35
29.334923 8.35
29.363670 8.35
29.374562 8.35
29.404796 8.35
29.415671 8.35
29.445921 8.35
29.467047 8.35
29.477921 8.35
29.513796 8.35
29.524671 8.35
29.554922 7.69
29.567324 8.35
29.596200 8.35
29.606922 8.35
29.637565 8.35
29.653563 8.35
29.678673 8.35
29.689564 8.35
29.719673 8.35
29.730549 8.35
29.760673 8.35
29.771566 8.35
29.801674 8.35
29.812548 8.35
29.842674 8.35
29.853549 8.35
29.883674 8.35
29.894549 8.35
29.924675 8.35
29.935565 8.35
29.965675 8.35
29.976550 8.35
30.006675 8.35
30.017551 8.35
30.047801 8.35
30.058676 8.35
30.088926 8.35
30.104801 8.35
30.130205 8.35
30.141052 8.35
30.171676 8.35
30.182568 8.35
30.212677 8.35
30.223552 8.35
30.253677 8.35
30.264568 8.35
30.294677 8.35
30.305553 8.35
30.335678 8.35
30.346553 8.35
30.376678 8.35
30.387553 8.35
30.417678 8.35
30.428554 8.35
30.458678 8.35
30.469553 8.35
30.499679 8.35
30.510554 8.35
30.540679 8.35
30.551570 8.35
30.581680 8.35
30.592555 8.35
30.622680 8.35
30.633555 8.35
30.663805 8.35
30.674680 8.35
30.704931 8.35
30.720930 8.35
30.751571 8.35
30.767573 8.35
30.792681 8.35
30.803574 8.35
30.833682 8.35
30.844557 8.35
30.874682 8.35
30.885557 8.35
30.915807 8.35
30.926682 8.35
30.956932 6.68
30.972932 8.35
31.003576 8.35
31.019576 8.35
31.044683 8.35
31.055575 8.35
31.085684 8.35
31.096559 8.35
31.126684 8.35
31.137559 8.35
31.167809 8.35
31.178560 8.35
31.208934 8.35
31.224934 8.35
31.255577 8.35
31.271575 8.35
31.296685 8.35
31.307575 8.35
31.337810 8.35
31.348685 8.35
31.378936 8.35
31.394936 8.35
31.421941 8.35
31.432686 8.35
31.468576 8.35
31.484577 8.35
31.509687 8.35
31.520562 8.35
31.550687 8.35
31.561562 8.35
31.591687 8.35
31.602563 8.35
31.632812 8.35
31.645215 8.35
31.673938 8.35
31.689938 8.35
31.716818 8.35
31.727564 8.35
31.757938 8.35
31.773938 8.35
31.800819 8.35
31.811689 8.35
31.841939 8.35
31.857939 8.35
31.884819 8.35
31.895565 8.35
31.925940 8.35
31.941940 8.35
31.968820 8.35
31.979566 8.35
32.009940 8.35
32.025940 8.35
32.052821 8.35
32.063566 8.35
32.094096 8.35
32.104942 8.35
32.135584 8.35
32.146460 8.35
32.176817 8.35
32.192817 8.35
32.217942 8.35
32.228817 8.35
32.264585 8.35
32.275335 8.35
32.305693 8.35
32.316568 8.35
32.346693 6.36
32.357568 8.35
32.387693 8.35
32.398569 8.35
32.428693 8.35
32.439569 8.35
32.469694 8.35
32.480569 8.35
32.510820 8.35
32.523224 8.35
32.551945 8.35
32.562695 8.35
32.598337 8.35
32.609071 8.35
32.639695 8.35
32.650571 8.35
32.680821 8.35
32.696696 8.35
32.721946 8.35
32.732821 8.35
32.768339 8.35
32.779072 8.35
32.809587 8.35
32.820339 8.35
32.850572 8.35
32.861339 8.35
32.891572 8.35
32.902341 8.35
32.932573 8.35
32.943339 8.35
32.973573 8.35
32.984340 8.35
33.014574 8.35
33.025341 8.35
33.055574 8.35
33.066342 8.35
33.096574 8.35
33.107340 8.35
33.137574 8.35
33.148340 8.35
33.178574 8.35
33.189342 8.35
33.219575 8.35
33.230340 8.35
33.260575 8.35
33.271344 8.35
33.301576 8.35
33.312469 8.35
33.342576 8.35
33.353344 8.35
33.383576 8.35
33.394341 8.35
33.424593 8.35
33.435344 8.35
33.465702 8.35
33.476577 8.35
33.506702 8.35
33.517577 8.35
33.547702 8.35
33.558578 8.35
33.588703 8.35
33.599578 8.35
33.629703 8.35
33.640578 8.35
33.670703 8.35
33.681579 8.35
33.711704 8.35
33.722579 8.03
33.752704 8.03
33.763579 8.35
33.793704 8.35
33.804580 8.35
33.834704 8.35
33.845472 8.35
33.875705 8.35
33.886580 8.35
33.916705 8.35
33.927580 8.35
33.957706 8.35
33.968581 8.35
33.998706 8.35
34.009581 8.35
34.039706 8.35
34.052206 8.35
34.080707 8.35
34.091582 8.35
34.121707 8.35
34.132582 8.35
34.162707 8.35
34.175207 8.35
34.203707 8.35
34.214582 8.35
34.244708 8.35
34.257208 8.35
34.285708 8.35
34.296583 8.35
34.326709 8.35
34.339209 8.35
34.367708 8.35
34.378584 8.35
34.408708 8.35
34.421209 8.35
34.449709 8.35
34.462086 8.35
34.490709 8.35
34.501584 8.35
34.531710 8.35
34.544086 8.35
34.572710 8.35
34.585087 8.35
34.613711 8.35
34.626087 8.35
34.654711 8.35
34.667088 8.35
34.695711 8.35
34.708088 8.35
34.736711 8.35
34.749088 8.35
34.777712 8.35
34.790088 8.35
34.818712 8.35
34.831088 8.35
34.859712 8.35
34.875587 8.35
34.900838 8.35
34.911588 8.35
34.947356 8.35
34.959723 8.35
34.988713 8.35
35.004589 8.35
35.029839 8.35
35.040589 8.35
35.076214 8.35
35.086964 8.35
35.117607 8.35
35.128480 7.02
35.158840 8.35
35.169590 8.35
35.205230 8.35
35.215965 8.35
35.246608 8.35
35.257358 8.35
35.287591 8.35
35.298356 8.35
35.328716 8.35
35.344716 8.35
35.369841 8.35
35.380591 8.35
35.416235 8.35
35.426967 8.35
35.457609 8.35
35.468359 8.35
35.498842 8.35
35.509591 8.35
35.545233 8.35
35.555968 8.35
35.586610 8.35
35.597359 8.35
35.627844 8.35
35.638718 8.35
35.674248 8.35
35.690236 8.35
35.715594 8.35
35.726359 8.35
35.756594 8.35
35.767362 8.35
35.797594 8.35
35.808362 8.35
35.838720 8.35
35.854721 8.35
35.879845 8.35
35.890595 8.35
35.926236 8.35
35.936971 8.35
35.967613 8.35
35.978489 8.35
36.008722 8.35
36.024721 8.35
36.049847 8.35
36.060722 8.35
36.096239 8.35
36.112240 8.35
36.137615 8.35
36.148364 8.35
36.178847 8.35
36.189598 8.35
36.225241 8.35
36.235973 8.35
36.266613 8.35
36.277366 8.35
36.307849 8.35
36.318724 8.35
36.354239 8.35
36.364974 8.35
36.395616 8.35
36.406367 8.35
36.436850 8.35
36.447600 8.35
36.483251 8.35
36.499243 8.35
36.524618 7.37
36.535367 8.35
36.565850 8.35
36.576601 8.35
36.612253 8.35
36.628247 8.35
36.653726 8.35
36.669601 8.35
36.694851 8.35
36.705602 8.35
36.741254 8.35
36.751977 8.35
36.782620 8.35
36.795103 8.35
36.823853 8.35
36.834728 8.35
36.864978 8.35
36.875728 8.35
36.906382 8.35
36.917257 8.35
36.947604 8.35
36.958370 8.70
36.988729 8.70
37.004604 8.70
37.029854 8.70
37.040604 8.35
37.076247 8.70
37.092247 8.35
37.117619 8.70
37.130106 8.35
37.158855 8.35
37.169605 8.35
37.205258 8.35
37.221248 8.35
37.246620 8.35
37.259124 8.35
37.287731 8.35
37.303606 8.35
37.328857 8.35
37.339606 8.35
37.375260 8.35
37.387608 8.35
37.416732 8.35
37.432732 8.35
37.457857 8.35
37.468607 8.35
37.499263 8.35
37.515248 8.35
37.540626 8.35
37.556624 8.35
37.581733 8.35
37.597608 8.35
37.622859 8.35
37.633608 8.35
37.669261 8.35
37.685251 8.35
37.710609 8.35
37.722984 8.35
37.751735 8.35
37.767610 8.35
37.792860 8.35
37.803610 8.35
37.839253 8.35
37.855131 8.35
37.880626 8.35
37.896627 8.35
37.921736 6.68
37.937611 8.35
37.962861 8.35
37.973736 8.35
38.009253 8.35
38.025254 8.35
38.050629 8.35
38.066628 8.35
38.091737 8.35
38.107612 8.35
38.132862 8.35
38.143613 8.35
38.179142 8.35
38.195144 8.35
38.220630 8.35
38.236631 8.35
38.266988 8.35
38.277739 8.35
38.308393 8.35
38.319268 8.35
38.349614 8.35
38.365614 8.35
38.390739 8.35
38.406615 8.35
38.431865 8.35
38.442740 8.35
38.478256 8.35
38.494257 8.35
38.519630 8.35
38.535632 8.35
38.560615 8.35
38.576616 8.35
38.601741 8.35
38.617616 8.35
38.642867 8.35
38.653742 8.35
38.689269 8.35
38.705258 8.35
38.730632 8.35
38.746634 8.35
38.771743 8.35
38.787617 8.35
38.812868 8.35
38.823618 8.35
38.859273 8.35
38.875270 8.35
38.900743 8.35
38.916618 8.35
38.941868 8.35
38.952619 8.35
38.988260 8.35
39.004262 8.35
39.029635 8.35
39.045635 8.35
39.070744 8.35
39.086620 8.35
39.111869 8.35
39.122745 8.35
39.158273 8.35
39.174122 8.35
39.199637 8.35
39.215638 8.35
39.240621 8.35
39.256621 8.35
39.281746 8.35
39.297622 8.35
39.324623 7.69
39.335390 8.35
39.365747 8.35
39.381622 8.70
39.408624 8.35
39.419390 8.70
39.449623 8.35
39.465623 8.35
39.490748 8.70
39.506623 8.35
39.537124 8.35
39.553125 8.70
39.578403 8.70
39.589275 8.35
39.619749 8.35
39.635749 8.35
39.662626 8.70
39.673392 8.70
39.703624 8.35
39.719625 8.70
39.744750 8.35
39.755625 8.35
39.787627 8.35
39.798393 8.35
39.828750 8.35
39.839626 8.35
39.871627 8.35
39.882392 8.35
39.912752 8.35
39.923626 8.35
39.955628 8.35
39.966395 8.35
39.996752 8.35
40.007627 8.35
40.043002 8.35
40.055628 8.35
40.084521 8.35
40.097003 8.35
40.131003 8.70
40.143532 8.35
40.172522 8.70
40.188643 8.70
40.213644 8.35
40.229646 8.35
40.254754 8.70
40.265629 8.35
40.301004 8.35
40.311754 8.70
40.342406 8.35
40.353131 8.35
40.383755 8.35
40.394630 8.35
40.430005 8.35
40.440755 8.35
40.471409 8.35
40.482285 8.35
40.512631 8.35
40.523399 8.35
40.553756 8.35
40.564631 8.35
40.600007 8.35
40.610756 8.35
40.641410 8.35
40.652285 8.35
40.682632 8.35
40.693397 8.03
40.723758 8.35
40.734632 8.35
40.770008 8.35
40.780757 8.35
40.811412 8.70
40.822135 8.35
40.852633 8.35
40.863400 8.35
40.893634 8.70
40.904402 8.35
40.934759 8.35
40.945634 8.35
40.981009 8.35
40.991759 8.35
41.022413 8.35
41.033287 8.35
41.063760 8.35
41.074635 8.35
41.110010 8.35
41.120761 8.70
41.151414 8.35
41.162290 8.35
41.192636 8.70
41.203404 8.35
41.233636 8.35
41.244405 8.35
41.274636 8.35
41.285402 8.35
41.315637 8.35
41.326527 8.35
41.356637 8.35
41.367529 8.35
41.397763 8.35
41.408655 8.35
41.444013 8.35
41.454888 8.35
41.485293 8.35
41.496140 8.35
41.526656 8.35
41.542764 8.35
41.567764 8.35
41.578639 8.35
41.614014 8.35
41.624764 8.35
41.655417 8.35
41.666167 8.35
41.696765 8.35
41.707640 8.35
41.743015 8.35
41.753765 8.35
41.784420 8.35
41.795292 8.35
41.825766 8.35
41.836533 8.35
41.872016 8.35
41.882766 8.35
41.913419 8.35
41.924142 8.35
41.954767 8.35
41.965534 8.35
42.001017 8.35
42.011767 8.35
42.042533 8.35
42.058533 8.35
42.083643 8.35
42.094408 6.36
42.124768 8.35
42.135535 8.35
42.171018 8.35
42.181769 8.35
42.212422 8.70
42.225019 8.70
42.253770 8.70
42.264534 8.70
42.300019 8.70
42.324423 8.70
42.337020 8.35
42.365770 8.70
42.376536 8.35
42.412020 8.35
42.436424 8.35
42.449020 8.70
42.477771 8.35
42.488535 8.35
42.524021 8.35
42.548426 8.35
42.561021 8.35
42.589772 8.35
42.600539 8.35
42.636031 8.35
42.660427 8.35
42.679426 8.35
42.696540 8.35
42.721773 8.35
42.732540 8.70
42.768030 8.70
42.780524 8.35
42.809425 8.70
42.825414 8.70
42.850774 8.35
42.861541 8.35
42.897031 8.35
42.909526 8.35
42.938418 8.70
42.950774 8.35
42.979541 8.70
42.995417 8.70
43.020539 8.70
43.036418 8.70
43.061542 8.70
43.077417 8.35
43.102542 8.70
43.132034 8.35
43.148033 8.70
43.173304 8.35
43.184179 8.70
43.214651 8.35
43.225419 8.70
43.255776 8.70
43.266544 8.35
43.302037 8.35
43.326429 8.35
43.342304 8.35
43.367778 8.70
43.378544 8.70
43.414036 8.70
43.438431 8.35
43.468035 8.35
43.483904 8.35
43.509546 8.03
43.525546 8.35
43.550654 8.35
43.561544 8.35
43.591654 8.35
43.602545 8.35
43.632780 8.35
43.643655 8.35
43.679034 8.35
43.695033 8.35
43.720549 8.35
43.736548 8.35
43.761656 8.35
43.772548 8.35
43.802656 8.35
43.813548 8.35
43.843781 8.35
43.854549 8.35
43.890036 8.70
43.914548 8.70
43.944035 8.35
43.960036 8.35
43.985551 8.70
44.001549 8.70
44.026658 8.35
44.037551 8.35
44.067783 8.35
44.078658 8.35
44.114039 8.35
44.138552 8.35
44.168039 8.35
44.184042 8.35
44.209551 8.35
44.225550 8.35
44.250659 8.70
44.261551 8.70
44.291785 8.35
44.302660 8.35
44.338042 8.70
44.362553 8.35
44.392039 8.35
44.408041 8.35
44.433553 8.35
44.449553 8.35
44.474661 8.35
44.485552 8.35
44.515662 8.35
44.526555 8.35
44.556787 8.35
44.567554 8.35
44.603040 8.35
44.619039 8.35
44.644555 8.35
44.660554 8.35
44.685663 8.35
44.696555 8.35
44.726663 8.35
44.737553 8.70
44.767664 8.35
44.778554 8.35
44.810445 8.35
44.821191 8.35
44.853443 8.35
44.864316 8.35
44.896445 7.02
44.907194 8.35
44.937665 8.35
44.948557 8.35
44.978665 8.35
44.989540 8.35
45.021434 8.35
45.032194 8.35
45.064435 8.35
45.075195 8.35
45.107432 8.35
45.118196 8.35
45.150417 8.35
45.161197 8.35
45.191667 8.35
45.202557 8.35
45.234418 8.35
45.245194 8.35
45.275667 8.35
45.286560 8.35
45.318447 8.35
45.329198 8.35
45.361446 8.35
45.372197 8.70
45.404448 8.35
45.415197 8.35
45.447449 8.35
45.458199 8.35
45.490439 8.35
45.501197 8.35
45.537046 8.35
45.547919 8.35
45.578323 8.35
45.590795 8.35
45.619562 8.35
45.630310 8.35
45.662421 8.35
45.673314 8.35
45.703562 8.35
45.714313 8.35
45.746422 8.35
45.757201 8.35
45.787671 8.35
45.798565 8.35
45.833796 8.35
45.844671 8.35
45.874922 8.35
45.887299 8.35
45.916326 8.35
45.932672 8.35
45.957673 8.35
45.968563 8.35
46.003923 8.35
46.019923 8.35
46.045441 8.35
46.061316 8.35
46.086673 8.35
46.097565 8.35
46.132924 8.35
46.148924 8.35
46.177326 8.35
46.193566 8.35
46.218567 8.70
46.229317 8.70
46.264800 8.70
46.275550 6.36
46.306070 8.35
46.316925 8.35
46.347329 8.35
46.363568 8.35
46.388676 8.35
46.399569 8.35
46.434801 8.35
46.445551 8.70
46.475926 8.70
46.491801 8.70
46.517332 8.70
46.533333 8.70
46.558677 8.70
46.569569 8.35
46.605054 8.35
46.615928 8.70
46.646568 8.35
46.657319 8.35
46.693055 8.35
46.703928 8.35
46.734570 8.70
46.745318 8.35
46.775554 8.35
46.786321 8.35
46.816679 8.35
46.827554 8.35
46.862805 8.70
46.873554 8.35
46.903930 8.35
46.919805 8.35
46.945208 8.35
46.955930 8.70
46.986573 8.35
46.997322 8.35
47.027681 8.35
47.038556 8.35
47.073931 8.35
47.089931 8.35
47.115210 8.35
47.125932 8.35
47.156573 8.35
47.167322 8.35
47.202807 8.35
47.213557 8.35
47.243932 8.35
47.259932 8.35
47.285212 8.35
47.296059 8.70
47.328309 8.35
47.339212 8.35
47.371310 8.35
47.382060 8.35
47.412684 8.35
47.423576 8.35
47.458934 8.70
47.474809 8.70
47.500213 8.35
47.511061 8.70
47.541577 8.35
47.552327 8.35
47.587935 8.35
47.603935 8.35
47.629214 8.35
47.641685 8.35
47.670579 8.03
47.681327 8.03
47.716811 8.35
47.729313 8.35
47.757936 8.35
47.773811 8.35
47.799216 8.35
47.811687 8.35
47.842313 8.35
47.853064 8.35
47.885314 8.35
47.896081 8.35
47.928314 8.35
47.939216 8.35
47.971314 8.35
47.982215 8.35
48.014315 8.35
48.025217 8.35
48.057315 8.35
48.068094 8.35
48.098580 8.35
48.109455 8.35
48.141343 8.35
48.152096 8.35
48.184345 8.35
48.195219 8.35
48.227344 8.35
48.238095 8.35
48.270345 8.35
48.281217 8.35
48.316816 8.35
48.329333 8.70
48.358096 8.35
48.368941 8.35
48.399584 8.35
48.410331 8.35
48.445817 8.35
48.461942 8.35
48.486942 8.35
48.502942 8.35
48.528347 8.70
48.544221 8.35
48.574942 8.35
48.591069 8.35
48.616348 8.35
48.632348 8.35
48.662943 8.35
48.679070 8.35
48.704223 8.35
48.716694 8.35
48.750943 8.35
48.766944 8.35
48.792459 8.35
48.803221 8.35
48.833586 8.35
48.844338 8.35
48.879945 8.35
48.895944 8.35
48.921222 8.35
48.937351 8.35
48.967945 8.35
48.983946 8.35
49.009226 8.35
49.025226 8.35
49.055821 8.35
49.071946 7.37
49.096946 8.35
49.107697 8.35
49.138226 8.35
49.154350 8.35
49.179590 8.35
49.190338 8.35
49.220697 8.35
49.231573 8.35
49.261823 8.35
49.277948 8.35
49.302948 8.35
49.313698 8.35
49.344226 8.35
49.360074 8.35
49.385590 8.35
49.396339 8.35
49.426824 8.70
49.442949 8.70
49.467950 8.35
49.478699 8.35
49.509216 8.35
49.525076 8.35
49.550590 8.35
49.561342 8.35
49.591700 8.35
49.602576 8.35
49.632700 8.35
49.643576 8.35
49.673701 8.35
49.684576 8.35
49.714701 8.35
49.725576 8.35
49.755702 8.35
49.766468 8.35
49.796702 8.35
49.807577 8.35
49.837702 8.35
49.848577 8.35
49.878702 8.35
49.889578 8.35
49.919702 8.35
49.930578 8.35
49.960703 8.35
49.971578 8.35
50.001703 8.35
50.012578 8.35
50.042704 8.35
50.053579 8.35
50.083704 8.35
50.094594 8.35
50.124704 8.35
50.135580 8.35
50.165705 8.35
50.176580 8.35
50.206705 8.35
50.217580 8.35
50.247705 8.35
50.258580 8.35
50.288705 8.35
50.299581 8.35
50.329706 8.70
50.340581 8.35
50.370706 8.70
50.381581 8.35
50.411707 8.70
50.422582 8.35
50.452707 8.35
50.463582 7.69
50.493707 8.35
50.504582 8.35
50.534707 8.35
50.545582 8.35
50.575707 8.35
50.586583 8.35
50.616708 8.35
50.627583 8.35
50.657708 8.35
50.668584 8.35
50.698709 8.35
50.709584 8.35
50.739709 8.35
50.750584 8.35
50.780834 8.35
50.796709 8.35
50.825086 8.35
50.835960 8.35
50.868212 8.35
50.879087 8.35
50.909604 8.35
50.920352 8.35
50.950711 8.35
50.961586 8.35
50.991711 8.35
51.002586 8.35
51.032712 8.35
51.043586 8.35
51.073712 8.35
51.084587 8.35
51.114712 8.35
51.127214 8.35
51.155712 8.35
51.166588 8.35
51.196712 8.35
51.207588 8.35
51.237713 8.35
51.250214 8.35
51.278838 8.35
51.294838 8.35
51.320090 8.35
51.332714 8.35
51.363215 8.35
51.374091 8.35
51.406216 8.35
51.417091 8.35
51.449091 8.35
51.459964 8.35
51.492092 8.35
51.502965 8.35
51.535092 8.35
51.545965 8.35
51.576367 8.35
51.587216 8.35
51.622841 8.35
51.633591 8.35
51.663966 8.35
51.674841 8.35
51.705370 8.35
51.716231 8.35
51.751967 8.35
51.762717 8.35
51.793369 8.35
51.804094 8.70
51.834718 8.70
51.847094 7.37
51.875843 8.35
51.891718 8.35
51.917094 8.70
51.933233 8.35
51.960095 8.70
51.970969 8.35
52.006844 8.70
52.017594 8.35
52.048095 8.70
52.060611 8.35
52.094720 8.35
52.110845 8.70
52.135845 8.35
52.146594 8.35
52.177126 8.35
52.193248 8.35
52.223846 8.35
52.234595 8.70
52.265124 8.35
52.281249 8.35
52.311846 8.70
52.322596 8.70
52.353126 8.35
52.369126 8.70
52.399846 8.35
52.410596 8.70
52.440971 8.70
52.451722 8.35
52.482375 8.35
52.493098 8.35
52.523597 8.70
52.534363 8.35
52.564598 8.35
52.575364 8.35
52.605723 8.35
52.621849 8.35
52.646848 8.70
52.657724 8.35
52.688100 8.35
52.704252 8.35
52.729242 8.35
52.739974 8.35
52.775850 8.70
52.786599 8.70
52.817101 8.70
52.833101 8.35
52.863850 8.70
52.874600 8.35
52.905102 8.35
52.921102 8.70
52.951851 8.35
52.962601 8.35
52.993102 8.70
53.009102 8.35
53.039852 8.35
53.050601 8.35
53.081103 8.35
53.097103 8.70
53.127853 8.70
53.138602 8.35
53.168978 8.35
53.179728 8.35
53.210380 8.35
53.221246 8.35
53.251604 6.68
53.267620 8.35
53.292729 8.35
53.308853 8.70
53.333854 8.35
53.344604 8.35
53.375121 8.35
53.391105 8.35
53.421855 8.35
53.432604 8.35
53.462980 8.35
53.473730 8.35
53.504382 8.35
53.515261 8.35
53.545606 8.35
53.556370 8.35
53.586606 8.35
53.597373 8.35
53.627731 8.35
53.643856 8.35
53.668856 8.35
53.679607 8.35
53.710108 8.35
53.726261 8.35
53.756857 8.35
53.767607 8.35
53.798136 8.35
53.814253 8.35
53.844735 8.35
53.860858 8.35
53.885858 8.35
53.896733 8.35
53.927110 8.35
53.943263 8.35
53.970114 8.35
53.980984 8.35
54.013126 8.35
54.023984 8.70
54.056115 8.35
54.066984 8.70
54.102860 8.35
54.113735 8.35
54.144112 8.35
54.160264 8.35
54.190860 8.35
54.201736 8.35
54.232112 8.35
54.248263 8.35
54.278862 8.35
54.289736 8.35
54.320141 8.35
54.336264 8.35
54.366862 8.35
54.377737 8.35
54.407987 8.35
54.420381 8.35
54.451016 8.35
54.461738 8.35
54.493993 8.35
54.504738 8.35
54.540630 8.35
54.552993 8.35
54.581864 8.35
54.592739 8.35
54.623115 8.35
54.639268 7.02
54.665994 8.35
54.676739 8.35
54.712629 8.35
54.728632 8.35
54.753865 8.35
54.764615 8.35
54.795117 8.35
54.805990 8.35
54.841632 8.35
54.857630 8.35
54.882866 8.35
54.893741 8.35
54.924117 8.35
54.934991 8.35
54.970867 8.35
54.981742 8.35
55.012118 8.35
55.022992 8.35
55.058635 8.35
55.074634 8.35
55.099867 8.35
55.110618 8.70
55.141119 8.70
55.151993 8.35
55.187869 8.35
55.198618 8.35
55.229120 8.70
55.239993 8.70
55.275634 8.35
55.291637 8.70
55.316869 8.35
55.327744 8.70
55.358121 8.70
55.368995 8.70
55.404870 8.70
55.415745 8.35
55.446122 8.35
55.456995 8.35
55.487275 8.35
55.497995 8.35
55.528636 8.35
55.544638 8.35
55.569871 8.35
55.580621 8.35
55.611123 8.35
55.621996 8.35
55.657639 8.35
55.673639 8.70
55.698872 8.70
55.709747 8.70
55.740124 8.35
55.750998 8.35
55.786640 8.70
55.802640 8.35
55.827874 8.70
55.838748 8.35
55.869125 8.35
55.879998 8.35
55.915642 8.35
55.931642 8.35
55.956874 8.35
55.967624 8.35
55.998156 8.35
56.009000 8.70
56.039641 6.68
56.055640 8.35
56.080875 8.35
56.091625 8.35
56.122126 8.35
56.133000 8.35
56.168641 8.35
56.184641 8.35
56.209876 8.35
56.220626 8.35
56.251127 8.35
56.267127 8.35
56.297877 8.35
56.308627 8.35
56.339128 8.70
56.350002 8.35
56.385644 8.35
56.401645 8.70
56.426877 8.70
56.437628 8.70
56.468129 8.35
56.479003 8.70
56.514646 8.35
56.530645 8.35
56.555879 8.35
56.566754 8.35
56.597129 8.70
56.608003 8.35
56.643647 8.70
56.659651 8.70
56.684879 8.70
56.695754 8.35
56.726131 8.35
56.737005 8.35
56.772648 8.35
56.788647 8.70
56.813881 8.35
56.824631 8.70
56.855132 8.35
56.866006 8.35
56.901648 8.35
56.917649 8.35
56.942882 8.35
56.953632 8.35
56.984007 8.35
57.000007 8.35
57.030649 8.35
57.046649 8.35
57.071882 8.35
57.084273 8.35
57.113134 8.35
57.124009 8.35
57.155887 8.35
57.166634 8.35
57.197135 8.35
57.208009 8.35
57.243526 8.35
57.255888 8.35
57.284634 8.35
57.300652 8.35
57.325635 8.70
57.341760 8.35
57.366635 8.35
57.382650 8.35
57.407635 8.35
57.423761 7.69
57.448635 8.35
57.464760 8.35
57.489636 8.35
57.505652 8.35
57.530761 8.35
57.541636 8.35
57.571886 8.35
57.584279 8.35
57.613137 8.35
57.624012 8.70
57.654414 8.35
57.670529 8.35
57.695638 8.35
57.706405 8.35
57.736763 8.35
57.747638 8.35
57.777888 8.35
57.793888 8.35
57.819140 8.35
57.830014 8.35
57.860416 8.35
57.871140 8.35
57.901639 8.35
57.912406 8.35
57.942639 8.35
57.953408 8.35
57.983764 8.35
57.994640 8.35
58.024889 8.35
58.040890 8.35
58.066170 8.35
58.077015 8.35
58.112658 8.35
58.123408 8.35
58.153891 8.35
58.169891 8.35
58.195016 8.35
58.205766 8.35
58.241658 8.35
58.252410 8.35
58.282767 8.35
58.293532 8.35
58.323892 8.35
58.339892 8.35
58.365143 8.35
58.375892 8.35
58.406408 8.35
58.422410 8.35
58.447768 8.70
58.458535 8.35
58.488893 8.35
58.504768 8.35
58.530145 8.35
58.541019 8.35
58.571411 8.35
58.587535 8.35
58.612770 8.35
58.623534 8.35
58.653895 8.35
58.669895 8.35
58.695145 8.35
58.705895 8.35
58.736412 8.35
58.747146 8.35
58.777771 8.35
58.788539 8.35
58.818896 8.35
58.834896 8.03
58.860147 8.35
58.870896 8.35
58.901415 8.35
58.917537 8.35
58.942772 8.35
58.953538 8.35
58.983897 8.35
58.999897 8.35
59.025148 8.35
59.035898 8.35
59.066414 8.35
59.082540 8.35
59.107773 8.35
59.118538 8.35
59.148899 8.35
59.164899 8.35
59.190149 8.35
59.200899 8.35
59.236667 8.35
59.247417 8.35
59.277775 8.35
59.288543 8.35
59.318900 8.35
59.334900 8.35
59.360150 8.35
59.370900 8.35
59.401417 8.35
59.417542 8.35
59.442776 8.35
59.453544 8.35
59.483901 8.35
59.499902 8.35
59.530544 8.35
59.546543 8.35
59.571652 8.35
59.582418 8.35
59.612777 8.35
59.625305 8.35
59.653902 8.35
59.669903 8.35
59.696913 8.35
59.707653 8.35
59.743545 8.35
59.759421 8.70
59.784654 8.70
59.795547 8.35
59.825654 8.35
59.836546 8.35
59.866779 8.35
59.879308 8.35
59.907904 8.35
59.923904 8.35
59.950790 8.35
59.961655 8.35
59.991905 8.35
60.007905 8.35
60.034790 8.35
60.045656 8.35
60.075906 8.35
60.091906 8.35
60.118810 8.35
60.129656 8.35
60.165424 8.35
60.177812 8.35
60.206782 8.35
60.219186 7.69
60.247907 8.35
60.263907 8.35
60.290810 8.35
60.301658 8.35
60.337551 8.35
60.353551 8.35
60.378659 8.35
60.389550 8.35
60.419783 8.35
60.435658 8.35
60.460909 8.35
60.471658 8.35
60.507551 8.35
60.518313 8.35
60.548659 8.70
60.559549 8.70
60.589659 8.35
60.600552 8.35
60.630660 8.35
60.641550 8.35
60.671659 8.35
60.682409 8.35
60.712661 8.35
60.723553 8.35
60.753661 8.70
60.764552 8.70
60.794786 8.70
60.810786 8.35
60.835911 8.70
60.846662 8.35
60.882553 8.70
60.893314 8.35
60.923787 8.70
60.939662 8.35
60.964912 8.35
60.975662 8.35
61.011318 8.35
61.022040 8.35
61.052663 8.35
61.063556 8.70
61.093789 8.70
61.109789 8.70
61.134914 8.70
61.145663 8.35
61.181317 8.35
61.197318 8.35
61.222664 8.35
61.233555 8.35
61.263790 8.35
61.279790 8.35
61.304915 8.35
61.315666 8.35
61.351559 8.35
61.362319 8.70
61.392791 8.35
61.408791 8.35
61.433916 8.35
61.444791 8.35
61.480321 8.35
61.496321 8.35
61.521667 8.35
61.532560 8.35
61.562667 8.35
61.573557 8.70
61.603792 8.35
61.619668 8.03
61.644918 8.35
61.655793 8.35
61.691323 8.35
61.707322 8.35
61.732668 8.35
61.743559 8.35
61.773669 8.35
61.784544 8.35
61.814794 8.35
61.830794 8.35
61.855919 8.35
61.866669 8.35
61.902324 8.35
61.913046 8.35
61.943560 8.35
61.954314 8.35
61.984670 8.35
61.995562 8.35
62.025795 8.35
62.041671 8.35
62.066921 8.35
62.077795 8.35
62.113688 8.35
62.126200 8.35
62.156822 8.35
62.167672 8.35
62.203565 8.35
62.214327 8.35
62.244563 8.70
62.255315 8.70
62.285798 8.70
62.301798 8.70
62.326922 8.35
62.337673 8.35
62.368325 8.35
62.384315 8.35
62.409674 8.35
62.420563 8.35
62.450799 8.35
62.466674 8.35
62.491924 8.35
62.502674 8.35
62.533328 8.35
62.549318 8.35
62.574566 8.35
62.585318 8.35
62.615550 8.35
62.626316 8.35
62.656676 8.35
62.672551 8.35
62.697676 8.70
62.710206 8.35
62.738676 8.35
62.751053 8.35
62.779676 8.35
62.792053 8.35
62.820802 8.35
62.836677 8.35
62.861927 8.35
62.872678 8.35
62.908318 8.35
62.920687 8.35
62.949678 8.35
62.962054 8.35
62.990803 8.35
63.006678 6.68
63.031928 8.35
63.042803 8.35
63.078335 8.35
63.090688 8.35
63.119679 8.35
63.132056 8.35
63.160804 8.35
63.176680 8.35
63.201929 8.35
63.212805 8.35
63.243333 8.35
63.259209 8.35
63.284681 8.35
63.300555 8.35
63.325680 8.35
63.338057 8.35
63.366681 8.35
63.382681 8.35
63.407681 8.35
63.420058 8.35
63.448682 8.35
63.464557 8.35
63.489682 8.35
63.502058 8.35
63.530807 8.35
63.546682 8.35
63.571933 8.35
63.582807 8.35
63.618326 8.35
63.634212 8.35
63.659683 8.35
63.675683 8.35
63.700684 8.35
63.716684 8.35
63.741684 8.35
63.757559 8.35
63.782684 8.35
63.798684 8.35
63.823685 8.35
63.839559 8.35
63.864685 8.35
63.880685 8.70
63.905685 8.35
63.921686 8.35
63.946685 8.35
63.962685 8.35
63.987686 8.35
64.003686 8.35
64.028686 8.35
64.044686 8.35
64.069686 8.35
64.085578 8.35
64.110812 8.35
64.126687 8.35
64.151937 8.35
64.162687 8.35
64.198339 8.35
64.214216 8.35
64.239688 8.35
64.255688 8.35
64.280688 8.35
64.296563 8.35
64.321688 8.35
64.337563 8.35
64.362814 8.35
64.373689 8.35
64.403939 6.36
64.414689 8.35
64.450343 8.35
64.466218 8.35
64.491690 8.35
64.507690 8.35
64.532690 8.35
64.548565 8.35
64.573690 8.35
64.589690 8.35
64.614690 8.35
64.630691 8.35
64.655941 8.35
64.666816 8.35
64.702345 8.35
64.718221 8.35
64.743583 8.35
64.754332 8.35
64.784817 8.35
64.800692 8.35
64.825942 8.35
64.836692 8.35
64.872332 8.35
64.888219 8.35
64.913583 8.35
64.924334 8.35
64.954568 8.35
64.965335 8.35
64.995568 8.35
65.006336 8.35
65.036568 8.35
65.047336 8.35
65.077694 8.35
65.093569 8.35
65.118694 8.35
65.134694 8.35
65.159694 8.35
65.175695 8.35
65.200695 8.35
65.216570 8.35
65.241695 8.35
65.257696 8.35
65.282820 8.35
65.293571 8.35
65.329213 8.35
65.345213 8.35
65.370589 8.35
65.383072 8.35
65.411696 8.35
65.427572 8.35
65.452821 8.35
65.463697 8.35
65.495698 8.35
65.506588 8.35
65.536698 8.35
65.552573 8.35
65.577698 8.35
65.593573 8.35
65.618698 8.35
65.634573 8.35
65.659699 8.35
65.675573 8.35
65.700698 8.35
65.711574 8.35
65.741699 8.35
65.752574 8.35
65.782699 8.35
65.793574 7.69
65.823700 8.35
65.834575 8.35
65.864700 8.35
65.875575 8.35
65.905700 8.35
65.916576 8.70
65.946701 8.70
65.957576 8.35
65.987701 8.70
65.998576 8.35
66.028701 8.35
66.039576 8.35
66.069702 8.35
66.080594 8.35
66.110702 8.35
66.121577 8.35
66.151702 8.35
66.162577 8.35
66.192703 8.35
66.203578 8.35
66.233703 8.35
66.244578 8.35
66.274703 8.35
66.285578 8.35
66.315703 8.35
66.326578 8.35
66.356703 8.35
66.367579 8.35
66.397704 8.35
66.408579 8.35
66.438704 8.35
66.449579 8.35
66.479705 8.35
66.490580 8.35
66.520705 8.35
66.531580 8.35
66.561706 8.35
66.572581 8.35
66.602706 8.35
66.613581 8.35
66.643706 8.35
66.654581 8.35
66.684706 8.35
66.695581 8.35
66.725706 8.35
66.736582 8.70
66.766707 8.70
66.777582 8.35
66.807707 8.35
66.818582 8.35
66.848708 8.35
66.859583 8.35
66.889708 8.35
66.900583 8.35
66.930708 8.35
66.941583 8.35
66.971708 8.35
66.982584 8.35
67.012709 8.35
67.023584 8.35
67.053709 8.35
67.064584 8.35
67.094709 8.35
67.105585 8.35
67.135710 8.35
67.146585 8.35
67.176710 8.35
67.187585 7.69
67.217710 8.35
67.228585 8.35
67.258711 8.35
67.269586 8.35
67.299711 8.35
67.310587 8.35
67.340711 8.35
67.351586 8.35
67.381712 8.35
67.392587 8.35
67.422712 8.35
67.433587 8.35
67.463712 8.70
67.474588 8.35
67.504712 8.35
67.515588 8.35
67.545713 8.35
67.556588 8.35
67.588590 8.35
67.599353 8.35
67.629714 8.35
67.645714 8.35
67.670839 8.35
67.681589 8.70
67.717232 8.70
67.733214 8.70
67.758608 8.35
67.774604 8.35
67.799715 8.35
67.815590 8.35
67.842592 8.35
67.853357 8.35
67.883590 8.35
67.899590 8.35
67.924716 8.35
67.940591 8.35
67.967593 8.35
67.978484 8.35
68.008591 8.35
68.024716 8.70
68.049717 8.35
68.060592 8.35
68.092621 8.35
68.103485 8.35
68.135629 8.35
68.146482 8.35
68.178621 8.35
68.189483 8.35
68.220124 8.35
68.236126 8.35
68.261486 8.35
68.273969 8.35
68.302594 8.35
68.318719 8.35
68.343594 8.35
68.359594 8.35
68.384719 8.35
68.395594 8.35
68.430969 8.35
68.443471 8.35
68.472373 8.35
68.483238 8.35
68.513720 8.35
68.524596 8.35
68.556472 8.35
68.567237 7.69
68.597613 8.35
68.613611 8.35
68.638596 8.35
68.649365 8.70
68.679597 8.35
68.690364 8.70
68.720722 8.35
68.731597 8.35
68.766972 8.35
68.777722 8.35
68.808489 8.35
68.824365 8.35
68.849615 8.35
68.865615 8.35
68.890723 8.35
68.901621 8.70
68.936973 8.35
68.947724 8.35
68.978377 8.70
68.989241 8.35
69.019724 8.35
69.030600 8.35
69.065975 8.70
69.081975 8.70
69.107379 8.35
69.118100 8.35
69.148618 8.70
69.159365 8.70
69.189601 8.70
69.200366 8.70
69.230600 8.35
69.241366 8.35
69.271601 8.70
69.282368 8.35
69.312727 8.35
69.323601 8.70
69.358977 8.35
69.369727 8.35
69.400494 8.35
69.416381 8.35
69.446977 8.70
69.457852 8.35
69.488382 8.35
69.499257 8.35
69.529728 8.35
69.540603 8.35
69.575978 8.35
69.586853 8.35
69.617381 8.35
69.628257 8.35
69.658604 8.70
69.669372 8.35
69.699604 8.35
69.710372 8.35
69.740729 8.35
69.751605 8.35
69.786980 8.35
69.797855 8.70
69.828257 8.70
69.838980 8.35
69.869622 8.35
69.885621 8.35
69.915981 8.35
69.926731 8.35
69.957387 8.35
69.968108 6.36
69.998732 8.35
70.009607 8.35
70.044982 8.35
70.055732 8.35
70.086513 8.35
70.102626 8.35
70.133127 8.35
70.144125 8.35
70.174627 8.35
70.190626 8.35
70.215734 8.35
70.226608 8.35
70.257128 8.35
70.273130 8.35
70.298625 8.35
70.314626 8.35
70.339734 8.35
70.350610 8.35
70.380734 8.35
70.391609 8.35
70.426985 8.35
70.437735 8.35
70.468387 8.35
70.479112 8.35
70.509736 8.35
70.520627 8.70
70.555986 8.35
70.566861 8.35
70.597389 8.35
70.609861 8.35
70.638737 8.35
70.649612 8.35
70.684987 8.35
70.695737 8.35
70.726393 8.35
70.738987 8.35
70.767737 8.35
70.778612 8.35
70.813987 8.35
70.826490 8.35
70.855391 8.35
70.867863 8.35
70.896739 8.35
70.907614 8.35
70.942989 8.35
70.955490 8.35
70.984393 8.35
70.996989 8.35
71.025615 8.35
71.036380 8.35
71.066740 8.35
71.077615 8.35
71.112990 8.35
71.125491 8.35
71.154394 8.35
71.170256 8.35
71.195616 8.35
71.206384 8.35
71.236616 8.35
71.247383 8.35
71.277617 8.35
71.288382 8.35
71.318742 8.35
71.329617 8.35
71.364992 8.35
71.380867 8.35
71.406394 8.35
71.422270 8.35
71.447743 8.35
71.458618 8.35
71.493993 8.35
71.509868 8.35
71.535397 8.35
71.551270 8.35
71.576743 8.35
71.587619 8.35
71.622994 8.35
71.638869 8.35
71.664399 8.35
71.680398 8.35
71.705745 8.35
71.716620 8.35
71.751995 8.35
71.767870 8.35
71.793399 8.35
71.809399 8.35
71.834621 8.35
71.845386 8.35
71.875746 8.35
71.886621 8.35
71.921996 8.35
71.937997 8.70
71.963401 8.35
71.979275 8.70
72.004747 8.70
72.015622 8.35
72.050997 8.70
72.066873 8.35
72.092401 8.35
72.108399 8.35
72.133748 8.35
72.144623 8.35
72.179998 8.35
72.195873 8.35
72.221402 8.35
72.237277 8.35
72.267874 8.35
72.278624 8.35
72.309277 8.35
72.319999 8.35
72.350641 8.35
72.361392 8.35
72.397000 8.35
72.412875 8.35
72.438267 8.35
72.449126 8.35
72.479642 8.35
72.490394 8.35
72.520626 8.35
72.531392 8.35
72.561626 8.35
72.572391 8.35
72.602751 8.35
72.613627 8.35
72.649002 8.35
72.665002 8.35
72.690267 8.35
72.701002 8.70
72.731645 8.35
72.742396 8.35
72.772628 7.69
72.783396 8.35
72.813628 8.35
72.824396 8.35
72.854629 8.35
72.865396 8.35
72.897380 8.35
72.908130 8.35
72.940380 8.35
72.951131 8.35
72.981645 8.35
72.992394 8.35
73.028004 8.35
73.043880 8.35
73.069285 8.35
73.080131 8.35
73.112381 8.35
73.123131 8.35
73.155381 8.70
73.166132 8.35
73.196648 8.35
73.207398 8.35
73.243007 8.35
73.258881 8.35
73.284409 8.35
73.300286 8.35
73.327383 8.35
73.338285 8.35
73.368649 8.35
73.379399 8.35
73.411384 8.35
73.422287 8.35
73.452650 8.35
73.463399 8.35
73.495385 8.35
73.506288 8.35
73.536650 8.35
73.547401 8.35
73.579385 8.35
73.590136 8.35
73.620651 8.35
73.631402 8.35
73.663386 8.35
73.674136 8.35
73.704652 8.35
73.715400 8.35
73.750885 8.35
73.763387 8.35
73.792137 8.35
73.803011 8.35
73.833651 8.35
73.844401 8.35
73.874886 8.35
73.887388 8.35
73.916138 8.35
73.927012 8.35
73.957417 8.35
73.973416 8.35
74.004012 8.35
74.020012 8.35
74.045414 8.35
74.061292 8.35
74.092013 8.35
74.107888 8.35
74.133292 8.35
74.149415 7.37
74.179889 8.35
74.195889 8.35
74.221140 8.35
74.232014 8.35
74.267764 8.70
74.278640 8.70
74.308889 8.70
74.321284 8.35
74.350169 8.70
74.360890 8.70
74.391655 8.70
74.402409 8.35
74.438016 8.35
74.467531 8.35
74.478284 8.35
74.510268 8.35
74.521015 8.35
74.551266 8.35
74.563640 8.35
74.592266 8.35
74.608142 8.35
74.633267 8.35
74.645641 8.35
74.674267 8.35
74.690143 8.35
74.715267 8.35
74.731143 8.35
74.756268 8.35
74.772144 8.35
74.797268 8.35
74.813144 8.35
74.838269 8.35
74.854144 8.35
74.879268 8.35
74.895145 8.35
74.920268 8.35
74.936145 8.70
74.961269 8.35
74.977145 8.35
75.002269 8.35
75.018145 8.35
75.043270 8.35
75.059145 8.35
75.084270 8.35
75.100145 8.35
75.125270 8.35
75.141145 8.35
75.166271 8.35
75.182145 8.35
75.207271 8.35
75.223145 8.35
75.248271 8.35
75.264146 8.35
75.289271 8.35
75.305146 8.70
75.330272 8.35
75.346146 8.35
75.371272 8.35
75.387147 8.35
75.412272 8.35
75.428147 8.35
75.453272 8.35
75.469147 8.35
75.494273 8.35
75.510148 8.35
75.535273 8.35
75.551148 7.02
75.576274 8.35
75.592148 8.35
75.617274 8.35
75.633149 8.35
75.658274 8.35
75.674149 8.35
75.699275 8.35
75.715149 8.70
75.740275 8.70
75.756150 8.70
75.781275 8.35
75.797150 8.35
75.822275 8.35
75.838150 8.70
75.863276 8.70
75.879150 8.35
75.904276 8.35
75.920151 8.35
75.945277 8.35
75.961151 8.35
75.986277 8.35
76.002152 8.35
76.027277 8.35
76.043152 8.35
76.068278 8.35
76.084152 8.35
76.109278 8.35
76.125153 8.35
76.150278 8.35
76.166153 8.70
76.191278 8.35
76.207154 8.35
76.232279 8.35
76.248153 8.35
76.273279 8.35
76.289154 8.35
76.314280 8.35
76.330154 8.35
76.355279 8.35
76.371155 8.35
76.396279 8.35
76.412155 8.35
76.437280 8.35
76.453155 8.35
76.478280 8.35
76.494156 8.35
76.519281 8.35
76.535156 8.35
76.560281 8.35
76.576157 8.35
76.601282 8.35
76.617156 8.35
76.642282 8.35
76.658157 8.35
76.683282 8.35
76.699157 8.35
76.724282 8.35
76.740158 8.35
76.765283 8.35
76.781158 8.35
76.806283 8.35
76.822158 8.35
76.847283 8.35
76.863158 8.35
76.888284 8.35
76.904159 8.35
76.929284 8.35
76.945159 7.02
76.970285 8.35
76.986159 8.35
77.011284 8.35
77.027160 8.35
77.052285 8.35
77.068160 8.35
77.093285 8.35
77.109161 8.35
77.134285 8.35
77.150161 8.35
77.175286 8.35
77.191161 8.35
77.216286 8.35
77.232161 8.35
77.257287 8.35
77.273161 8.35
77.298287 8.35
77.314162 8.35
77.339287 8.35
77.355162 8.35
77.380287 8.35
77.396163 8.35
77.421556 8.35
77.432317 8.35
77.467913 8.35
77.478664 8.35
77.509192 8.35
77.525318 8.35
77.555915 8.35
77.566664 8.35
77.597193 8.35
77.613318 8.35
77.643915 8.35
77.654790 8.35
77.685317 8.35
77.696042 8.35
77.731916 8.35
77.742791 8.35
77.773193 8.35
77.789196 8.35
77.819916 8.35
77.830667 8.35
77.861322 8.35
77.872196 8.35
77.907917 8.35
77.918667 8.35
77.949044 8.35
77.959918 8.35
77.990558 8.35
78.001309 8.35
78.031668 8.35
78.042562 8.35
78.072669 8.35
78.083561 8.35
78.113794 8.35
78.129919 8.35
78.154919 8.35
78.165669 8.35
78.196322 8.35
78.207199 8.35
78.242795 8.35
78.258795 8.35
78.283921 8.35
78.294795 8.35
78.325197 8.35
78.341199 7.69
78.371921 8.35
78.382796 8.35
78.413171 8.35
78.429046 8.35
78.454171 8.35
78.470047 8.35
78.495171 8.35
78.511047 8.35
78.536171 8.35
78.552047 8.35
78.577171 8.35
78.593047 8.35
78.618172 8.35
78.634048 8.35
78.659297 8.35
78.670048 8.35
78.700297 8.35
78.711048 8.35
78.741298 8.35
78.752049 8.35
78.782298 8.35
78.793049 8.35
78.823299 8.35
78.834050 8.35
78.864299 8.35
78.875050 8.35
78.905299 8.35
78.916056 8.35
78.946299 8.35
78.957051 8.35
78.987300 8.35
78.998050 8.35
79.028300 8.35
79.039051 8.35
79.069300 8.35
79.080051 8.35
79.110301 8.35
79.121052 8.35
79.151301 8.35
79.162053 8.35
79.192302 8.35
79.203053 8.35
79.233301 8.35
79.244053 8.35
79.274302 8.35
79.285054 8.35
79.315302 8.35
79.326054 8.35
79.356303 8.35
79.367053 8.35
79.397303 8.35
79.408054 8.35
79.438303 8.35
79.449054 8.35
79.479303 8.35
79.490054 8.35
79.520304 8.35
79.531055 8.35
79.561304 8.35
79.572055 8.35
79.602304 8.35
79.613055 8.35
79.643305 8.35
79.654055 8.35
79.684305 8.35
79.695056 8.35
79.725306 8.03
79.736056 8.35
79.766306 8.35
79.777057 8.35
79.807306 8.35
79.818057 8.35
79.848306 8.35
79.859057 8.35
79.889306 8.35
79.900057 8.35
79.930307 8.35
79.941057 8.35
79.971307 8.35
79.982058 8.35
80.012308 8.35
80.023059 8.35
80.053308 8.35
80.064060 8.35
80.094309 8.35
80.105058 8.35
80.135309 8.35
80.146059 8.35
80.176308 8.35
80.187059 8.35
80.217309 8.35
80.228059 8.35
80.258309 8.35
80.269060 8.35
80.299310 8.35
80.310060 8.35
80.340310 8.35
80.351060 8.35
80.381311 8.35
80.392060 8.35
80.422311 8.35
80.433061 8.35
80.463311 8.35
80.474061 8.35
80.504311 8.35
80.515062 8.35
80.545311 8.35
80.556062 8.35
80.586312 8.35
80.597062 8.35
80.627312 8.35
80.638062 8.35
80.668313 8.35
80.679063 8.35
80.709313 8.35
80.720063 8.35
80.750313 8.35
80.761063 8.35
80.791314 8.35
80.802064 8.35
80.832314 8.35
80.843064 8.35
80.873314 8.35
80.884065 8.35
80.914314 8.35
80.925065 8.35
80.955315 8.35
80.966064 8.35
80.996315 8.35
81.007065 8.35
81.037316 8.35
81.048065 8.35
81.078316 8.35
81.089066 8.35
81.119316 7.69
81.130066 8.03
81.160316 8.35
81.171067 8.35
81.201317 8.35
81.212067 8.35
81.242317 8.35
81.253067 8.35
81.283317 8.35
81.294068 8.35
81.324318 8.35
81.335067 8.35
81.365318 8.35
81.376068 8.35
81.406319 8.35
81.417071 8.35
81.447694 8.35
81.463820 8.35
81.488694 8.35
81.504820 8.35
81.529695 8.35
81.545820 8.35
81.570820 8.35
81.581695 8.35
81.612072 8.35
81.628224 8.35
81.658821 8.35
81.669696 8.35
81.700073 8.35
81.716225 8.35
81.746821 8.35
81.757697 8.35
81.787946 8.35
81.798697 8.35
81.829074 8.35
81.845226 8.35
81.875823 8.35
81.886697 8.35
81.916948 8.35
81.927698 8.35
81.958225 8.35
81.968948 8.35
82.004824 8.35
82.015699 8.35
82.045949 8.35
82.056824 8.35
82.087228 8.35
82.097949 8.35
82.133824 8.35
82.144575 8.35
82.174949 8.35
82.185700 8.35
82.216218 8.35
82.226950 8.35
82.262826 8.35
82.273575 8.35
82.303951 8.35
82.314701 8.35
82.345219 8.35
82.355951 8.35
82.386594 8.35
82.397344 8.35
82.427702 8.35
82.443827 8.35
82.468702 8.35
82.484827 8.35
82.509702 8.35
82.525828 8.03
82.550828 8.35
82.561578 8.35
82.591953 8.35
82.602703 8.35
82.634958 8.35
82.645704 8.35
82.677959 8.35
82.688704 8.35
82.720959 8.35
82.731704 8.35
82.762204 8.35
82.772955 8.35
82.803596 8.35
82.815959 8.35
82.844705 8.35
82.860830 8.35
82.885705 8.35
82.901705 8.35
82.926706 8.35
82.942831 8.35
82.967706 8.35
82.983831 8.35
83.008706 8.35
83.024707 8.35
83.049707 8.35
83.060582 8.35
83.090706 8.35
83.101582 8.35
83.131707 8.35
83.142583 8.35
83.172707 8.35
83.183583 8.35
83.213708 8.35
83.224583 8.35
83.254708 8.35
83.265583 8.35
83.295709 8.35
83.306584 8.35
83.336709 8.35
83.347584 8.35
83.377709 8.35
83.388584 8.35
83.418709 8.35
83.429584 8.35
83.459709 8.35
83.470585 8.35
83.500710 8.35
83.511585 8.35
83.541710 8.35
83.552586 8.35
83.582711 8.35
83.593586 8.35
83.623711 8.35
83.634586 8.35
83.664711 8.35
83.675587 8.35
83.705712 8.35
83.716587 8.35
83.746712 8.35
83.757587 8.35
83.787712 8.35
83.798587 8.35
83.828712 8.35
83.839588 8.35
83.869713 8.35
83.880589 8.35
83.910838 7.02
83.921589 8.35
83.952090 8.35
83.962964 8.35
83.998839 8.35
84.009589 8.35
84.040091 8.35
84.050964 8.35
84.086839 8.35
84.097590 8.35
84.128091 8.35
84.138965 8.35
84.174840 8.35
84.185590 8.35
84.216092 8.35
84.226965 8.35
84.262841 8.35
84.273591 8.35
84.304216 8.35
84.314966 8.35
84.345608 8.35
84.361717 8.35
84.386842 8.35
84.397592 8.35
84.428093 8.35
84.438967 8.35
84.474843 8.35
84.485592 8.35
84.516094 8.35
84.526968 8.35
84.562608 8.35
84.578611 8.35
84.603843 8.35
84.614593 8.35
84.645095 8.35
84.655969 8.35
84.691844 8.35
84.702594 8.35
84.733095 8.35
84.743969 8.35
84.779845 8.35
84.790594 8.35
84.821096 8.35
84.831970 8.35
84.867610 8.35
84.883611 8.35
84.908846 8.35
84.921363 8.35
84.950097 8.35
84.960971 8.35
84.996611 8.35
85.012615 8.35
85.037847 8.35
85.050365 8.35
85.079097 8.35
85.089972 8.35
85.120612 8.35
85.136613 8.35
85.161848 8.35
85.174363 8.35
85.203099 8.35
85.213973 8.35
85.244614 8.35
85.260613 8.35
85.285849 8.35
85.298367 6.68
85.326974 8.35
85.342974 8.35
85.373618 8.35
85.389622 8.35
85.414850 8.35
85.427240 8.35
85.456130 8.35
85.466975 8.35
85.497615 8.35
85.513725 8.35
85.538850 8.35
85.551241 8.35
85.580119 8.35
85.590976 8.35
85.626618 8.35
85.642619 8.35
85.667852 8.35
85.680244 8.35
85.709103 8.35
85.719977 8.35
85.750379 8.35
85.761104 8.35
85.791603 8.35
85.807620 8.35
85.832603 8.35
85.843370 8.35
85.873728 8.35
85.884603 8.35
85.914853 8.35
85.930729 8.35
85.956105 8.35
85.966979 8.35
85.997383 8.35
86.013497 8.35
86.038729 8.35
86.049605 8.35
86.079855 8.35
86.092248 8.35
86.121107 8.35
86.131980 8.35
86.162383 8.70
86.178498 8.35
86.203731 8.70
86.214606 8.70
86.244856 8.35
86.260856 8.35
86.285981 8.35
86.296856 8.35
86.332622 8.35
86.343373 8.35
86.373607 8.35
86.384374 8.35
86.414608 8.70
86.425373 8.70
86.455608 8.35
86.466375 8.35
86.496733 8.70
86.507608 8.35
86.537858 8.35
86.553733 8.35
86.579110 8.35
86.589984 8.35
86.620376 8.35
86.636502 8.70
86.661734 8.35
86.672609 8.70
86.702859 6.36
86.718860 8.35
86.744111 8.35
86.754985 8.35
86.790504 8.70
86.806501 8.35
86.831736 8.70
86.842611 8.35
86.872861 8.70
86.888861 8.70
86.922501 8.35
86.938504 8.35
86.963736 8.35
86.974612 8.35
87.004862 8.35
87.020862 8.35
87.051737 8.35
87.062628 8.35
87.092862 8.35
87.108863 8.35
87.134144 8.35
87.144988 8.35
87.175506 8.35
87.191506 8.35
87.216738 8.35
87.227613 8.70
87.257864 8.35
87.273864 8.35
87.302115 8.35
87.312989 8.35
87.348633 8.35
87.359382 8.35
87.389740 8.35
87.400615 8.35
87.430865 8.35
87.446865 8.35
87.472117 8.35
87.482991 8.35
87.513394 8.35
87.524117 8.35
87.554741 8.35
87.565616 8.35
87.595867 8.35
87.611867 8.35
87.636992 8.35
87.647742 8.35
87.683507 8.35
87.699510 8.35
87.724743 8.35
87.735618 8.35
87.765868 8.35
87.781868 8.35
87.807119 8.35
87.817993 8.35
87.848397 8.35
87.864384 8.35
87.889744 8.35
87.902273 8.35
87.930869 8.35
87.946744 8.35
87.973879 8.35
87.984620 8.35
88.015398 8.35
88.031510 8.35
88.056745 8.35
88.067620 8.35
88.097870 6.68
88.113871 8.35
88.147513 8.35
88.163514 8.35
88.188746 8.35
88.201274 8.35
88.229871 8.35
88.245871 8.35
88.272757 8.35
88.283639 8.35
88.313872 8.35
88.329872 8.35
88.356757 8.35
88.367641 8.35
88.397872 8.35
88.413873 8.35
88.440758 8.35
88.451638 8.35
88.481873 8.35
88.497873 8.35
88.524759 8.35
88.535640 8.35
88.565874 8.35
88.581874 8.35
88.608759 8.35
88.619641 8.35
88.649874 8.35
88.665750 8.35
88.696280 8.35
88.708760 8.35
88.737625 8.35
88.748392 8.35
88.778750 8.35
88.791127 8.35
88.819876 8.35
88.830626 8.35
88.866278 8.35
88.882268 8.35
88.907643 8.35
88.918394 8.35
88.948877 8.35
88.959752 8.35
88.995270 8.35
89.011269 8.35
89.036645 8.35
89.047393 8.35
89.077878 8.35
89.088753 8.35
89.124270 8.35
89.135003 8.35
89.165643 8.35
89.176394 8.35
89.206879 8.35
89.217629 8.35
89.253284 8.35
89.269272 8.35
89.294645 8.35
89.305397 8.35
89.335630 8.35
89.346397 8.35
89.376755 8.35
89.392755 8.35
89.417880 8.35
89.428631 8.35
89.464273 8.35
89.475006 7.02
89.505648 8.35
89.516400 8.35
89.546756 8.35
89.562631 8.35
89.587882 8.35
89.598632 8.35
89.634272 8.35
89.645007 8.35
89.675650 8.35
89.686398 8.35
89.716883 8.35
89.727758 8.35
89.758008 8.35
89.768757 8.35
89.799412 8.35
89.815527 8.35
89.840634 8.35
89.851400 8.35
89.881759 8.35
89.897759 8.35
89.922884 8.35
89.933759 8.35
89.969277 8.35
89.985279 8.35
90.010652 8.35
90.021402 8.35
90.051885 8.35
90.062635 8.35
90.098287 8.35
90.114277 8.35
90.139654 8.35
90.150530 8.35
90.180886 8.35
90.191761 8.35
90.227278 8.35
90.243278 8.35
90.268653 8.35
90.281156 8.35
90.309887 8.35
90.320762 8.35
90.356278 8.35
90.367012 8.35
90.397655 8.35
90.410140 8.35
90.438888 8.35
90.449763 8.35
90.485292 8.35
90.501281 8.35
90.526656 8.35
90.539141 8.35
90.567889 8.35
90.578639 8.35
90.614281 8.35
90.630281 8.35
90.655640 8.35
90.666405 8.35
90.696765 8.35
90.712640 8.35
90.737764 8.35
90.753639 8.35
90.778764 8.35
90.794639 8.35
90.819765 8.35
90.835640 8.35
90.860765 8.35
90.876775 0.05
90.901898 4.68
90.912648 4.68
90.942897 4.68
90.953645 4.68
90.983894 4.68
90.994644 4.68
91.024894 4.68
91.035643 4.68
91.065892 4.68
91.076643 4.68
91.106892 4.68
91.117642 4.68
91.147892 4.68
91.158642 4.68
91.188892 4.68
91.199643 4.68
91.235144 4.68
91.245893 4.68
91.281268 4.68
91.293645 4.68
91.322268 4.68
91.334646 4.68
91.363404 4.68
91.374153 4.68
91.404526 4.68
91.415275 4.68
91.445524 4.68
91.456273 4.68
91.486522 4.68
91.497273 4.68
91.527534 4.68
