0.000000 0.000000
0.041877 4.34
0.058079 4.34
0.083721 4.34
0.100022 2.66
0.128596 2.34
0.139596 2.34
0.175475 2.34
0.186455 2.34
0.217077 2.34
0.227989 2.34
0.258700 2.34
0.274863 2.34
0.305448 2.34
0.316337 2.34
0.346847 2.34
0.357696 2.34
0.388338 2.34
0.404446 2.34
0.429571 2.34
0.440446 2.34
0.470846 2.34
0.481696 2.34
0.517446 2.34
0.528336 2.34
0.558571 2.34
0.569322 2.34
0.599848 2.34
0.610697 2.34
0.641339 2.34
0.657462 2.34
0.682573 2.34
0.693323 2.34
0.723851 2.34
0.734698 2.34
0.765496 2.34
0.776464 2.34
0.807085 2.34
0.818084 2.34
0.848714 2.34
0.865027 2.34
0.893711 2.34
0.910001 2.34
0.935372 2.34
0.946372 2.34
0.977031 4.02
0.988133 4.02
1.018584 4.02
1.029456 4.02
1.065455 4.02
1.076345 4.02
1.106861 4.02
1.117704 4.02
1.148344 4.02
1.164452 4.02
1.189577 4.02
1.200452 4.34
1.230860 4.34
1.241701 4.02
1.277452 4.02
1.288344 4.02
1.318577 4.02
1.329327 4.34
1.359856 4.02
1.370703 4.02
1.401341 4.34
1.417453 4.02
1.451469 4.02
1.462591 4.34
1.494751 4.34
1.505716 4.34
1.536364 4.34
1.552588 4.34
1.578005 4.34
1.588889 4.34
1.619459 4.34
1.630356 4.34
1.662762 4.34
1.673710 4.34
1.704350 4.34
1.720459 4.02
1.745583 4.34
1.758225 4.34
1.788737 4.34
1.799581 4.34
1.830349 4.34
1.846456 4.34
1.871581 4.34
1.884224 4.34
1.912862 4.34
1.923707 4.34
1.954349 4.34
1.970457 4.34
1.995582 4.34
2.008224 4.34
2.036708 4.34
2.052860 4.34
2.079611 4.34
2.090348 4.34
2.120708 4.34
2.136863 4.34
2.163613 4.34
2.174334 4.34
2.210352 4.34
2.226350 4.34
2.251460 4.34
2.262334 4.34
2.292459 4.34
2.303334 4.34
2.333459 4.34
2.344335 4.34
2.374460 4.34
2.385335 4.34
2.415460 4.34
2.426336 4.34
2.456461 4.34
2.467336 4.34
2.497461 4.34
2.508336 4.02
2.538586 4.34
2.554461 4.34
2.579711 4.34
2.590461 4.34
2.626102 4.34
2.636838 4.34
2.667354 4.34
2.678103 4.34
2.708337 4.34
2.719107 4.02
2.749338 4.34
2.760106 4.34
2.790338 4.34
2.801105 4.34
2.831339 4.34
2.842107 4.34
2.872339 4.34
2.883230 4.34
2.913339 4.34
2.924107 4.34
2.954339 4.34
2.965231 4.34
2.995340 4.34
3.006108 4.34
3.036340 4.34
3.047106 4.34
3.077340 4.34
3.088108 4.34
3.118340 4.34
3.129107 4.34
3.159341 4.34
3.170108 4.34
3.200341 4.34
3.211107 4.34
3.241341 4.34
3.252107 4.34
3.282341 4.34
3.293107 4.34
3.323342 4.34
3.334108 4.34
3.364342 4.34
3.375107 4.34
3.405342 4.34
3.416108 4.34
3.446343 4.34
3.457109 4.34
3.487343 4.34
3.498110 4.34
3.528360 4.34
3.539112 4.34
3.569344 4.34
3.580112 4.34
3.610344 4.34
3.621111 4.34
3.651344 4.34
3.662111 4.34
3.692345 4.34
3.703111 4.34
3.733345 4.34
3.744112 4.34
3.774345 4.34
3.785111 4.34
3.815345 4.34
3.826111 4.34
3.856346 4.34
3.867113 4.34
3.897346 4.34
3.908114 4.34
3.938347 4.34
3.949113 4.34
3.979347 4.34
3.990115 4.34
4.020346 4.34
4.031115 4.34
4.061347 4.34
4.072112 4.34
4.102347 4.34
4.113113 4.34
4.143348 4.34
4.154116 4.34
4.184348 4.34
4.195113 4.34
4.225348 4.34
4.236115 4.34
4.266348 4.34
4.277117 4.34
4.307349 4.34
4.318116 4.34
4.348349 4.34
4.359118 4.34
4.389349 4.34
4.400115 4.34
4.430350 4.34
4.441118 4.34
4.471350 4.34
4.482118 4.34
4.512350 4.34
4.523242 4.34
4.553351 4.34
4.564119 4.34
4.594351 4.34
4.605118 4.34
4.635351 4.34
4.646118 4.34
4.676352 4.34
4.687119 4.34
4.717352 4.34
4.728120 4.34
4.758352 4.34
4.769119 4.34
4.799477 4.34
4.811978 4.34
4.840603 4.34
4.856478 4.34
4.881728 4.34
4.892478 4.34
4.923132 4.34
4.939120 4.34
4.964354 4.34
4.975122 4.34
5.005354 4.34
5.016121 4.34
5.046479 4.34
5.058855 4.34
5.087604 4.34
5.103480 4.34
5.133996 4.34
5.146489 4.34
5.175355 4.34
5.186123 4.34
5.216480 4.34
5.228857 4.34
5.257605 4.34
5.273605 4.34
5.303997 4.34
5.316490 4.34
5.345356 4.34
5.356124 4.34
5.386357 4.34
5.397125 4.34
5.427357 4.34
5.438124 4.34
5.468358 4.34
5.479122 4.34
5.509358 4.34
5.520248 4.34
5.550483 4.34
5.566483 4.34
5.591608 4.34
5.602483 4.34
5.638011 4.34
5.654013 4.34
5.679484 4.34
5.695359 4.34
5.720609 4.34
5.731359 4.34
5.767000 4.34
5.777734 4.34
5.808377 4.34
5.819127 4.34
5.849609 4.34
5.860360 4.34
5.896012 4.34
5.906736 4.34
5.937377 4.34
5.948128 4.34
5.978361 4.34
5.989129 4.34
6.019486 4.34
6.035486 4.34
6.060611 4.34
6.071362 4.34
6.107002 4.34
6.117737 4.34
6.148379 4.34
6.159128 4.34
6.189613 4.34
6.200488 4.34
6.236005 4.34
6.246738 4.34
6.277380 4.34
6.288129 4.34
6.318613 4.34
6.329488 4.34
6.365018 4.34
6.381006 4.34
6.406489 4.34
6.422489 4.34
6.447614 4.34
6.458365 4.34
6.494018 4.34
6.504739 4.34
6.535382 4.34
6.546132 4.34
6.576615 4.34
6.587491 4.34
6.617741 4.34
6.628491 4.34
6.659145 4.34
6.675019 4.34
6.700492 4.34
6.716366 4.34
6.741616 4.34
6.752631 4.34
6.783275 4.34
6.794283 4.34
6.824949 4.34
6.835868 4.34
6.866500 4.34
6.882623 4.34
6.913372 4.34
6.924372 4.34
6.956494 4.34
6.967386 4.34
7.003049 4.34
7.019033 4.34
7.044385 4.34
7.055136 4.34
7.085619 4.34
7.096369 4.34
7.132023 4.34
7.148284 4.34
7.173628 4.68
7.184625 4.68
7.215273 4.68
7.226149 4.68
7.256623 4.68
7.267497 4.68
7.298041 4.68
7.314043 4.68
7.339388 4.68
7.351872 4.68
7.380621 4.68
7.391496 4.68
7.427014 4.68
7.443013 4.68
7.468388 4.68
7.480904 4.68
7.509622 4.68
7.520497 4.68
7.556025 4.68
7.572014 4.68
7.597390 4.68
7.609903 4.68
7.638623 4.68
7.649373 4.68
7.685027 4.68
7.697374 4.68
7.726390 4.68
7.738748 4.68
7.767374 4.68
7.779749 4.68
7.808499 4.68
7.824374 4.68
7.849624 4.68
7.860499 4.68
7.892402 4.68
7.903266 4.68
7.933625 4.68
7.944375 4.68
7.976403 4.68
7.987268 4.68
8.017626 4.68
8.028501 4.68
8.063906 4.68
8.079904 4.68
8.105392 4.68
8.121395 4.68
8.146626 4.68
8.157377 4.68
8.193018 4.68
8.209019 4.68
8.234392 4.68
8.250394 4.68
8.275502 4.68
8.291378 4.68
8.316627 4.68
8.327503 4.68
8.363021 4.68
8.379018 4.68
8.404395 4.68
8.420396 4.68
8.445503 4.68
8.461379 4.68
8.486629 4.68
8.497379 4.68
8.527629 4.68
8.538504 4.68
8.574032 4.68
8.589910 4.68
8.615396 4.68
8.631398 4.68
8.656380 4.68
8.672381 4.68
8.697381 4.68
8.713381 4.68
8.738506 4.68
8.754381 4.68
8.779631 4.68
8.790381 4.68
8.826035 4.68
8.842022 4.68
8.867151 4.68
8.877883 4.68
8.908507 4.68
8.924383 4.68
8.949632 4.68
8.960507 4.68
8.996036 4.68
9.012023 4.68
9.037399 4.68
9.053399 4.68
9.078633 4.68
9.089508 4.68
9.125035 4.68
9.140884 4.68
9.166384 4.68
9.182384 4.68
9.207509 4.68
9.223384 4.68
9.248635 4.68
9.259384 4.68
9.295038 4.68
9.311026 4.68
9.336403 4.68
9.352402 4.68
9.377510 4.68
9.393385 4.68
9.418636 4.68
9.429511 4.68
9.465040 4.68
9.481027 4.68
9.506402 4.68
9.522403 4.68
9.547761 4.68
9.558636 4.68
9.589280 4.68
9.600279 4.68
9.630387 4.68
9.646404 4.68
9.671513 4.68
9.687388 4.68
9.712638 4.68
9.723513 4.68
9.759040 4.68
9.775030 4.68
9.800405 4.68
9.816405 4.68
9.841639 4.68
9.852388 4.68
9.888031 4.68
9.903889 4.68
9.929389 4.68
9.945389 4.68
9.970515 4.68
9.986390 4.68
10.013391 4.68
10.024158 4.68
10.054516 4.68
10.070390 4.68
10.097391 4.68
10.108158 4.68
10.138391 4.68
10.154391 4.68
10.179391 4.68
10.195391 4.68
10.220392 4.68
10.236392 4.68
10.261392 4.68
10.277392 4.68
10.302517 4.68
10.313392 4.68
10.345393 4.68
10.356159 4.68
10.386393 4.68
10.402393 4.68
10.427518 4.68
10.438393 4.68
10.473768 4.68
10.486410 4.68
10.515173 4.68
10.526046 4.68
10.556519 4.68
10.567394 4.68
10.602770 4.68
10.615270 4.68
10.644172 4.68
10.654912 4.68
10.685519 4.68
10.696395 4.68
10.728270 4.68
10.739042 4.68
10.769411 4.68
10.785396 4.68
10.810521 4.68
10.821396 4.68
10.856771 4.68
10.867521 4.68
10.898290 4.68
10.914287 4.68
10.939522 4.68
10.950396 4.68
10.985772 4.68
11.001772 4.68
11.027178 4.68
11.038050 4.68
11.068523 4.68
11.079398 4.68
11.114773 4.68
11.125523 4.68
11.156052 4.68
11.166773 4.68
11.197416 4.68
11.213399 4.68
11.238399 4.68
11.249164 4.68
11.279524 4.68
11.290400 4.68
11.325774 4.68
11.336524 4.68
11.367177 4.68
11.377900 4.68
11.408400 4.68
11.419165 4.68
11.449400 4.68
11.460291 4.68
11.490400 4.68
11.501293 4.68
11.531525 4.68
11.542401 4.68
11.577776 4.68
11.588526 4.68
11.619180 4.68
11.630054 4.68
11.660527 4.68
11.671402 4.68
11.706777 4.68
11.717527 4.68
11.748056 4.68
11.758903 4.68
11.789419 4.68
11.805528 4.68
11.830528 4.68
11.841403 4.68
11.876778 4.68
11.887529 4.68
11.918182 4.68
11.929057 4.68
11.959404 4.68
11.970171 4.68
12.000404 4.68
12.011169 4.68
12.041531 4.68
12.053280 4.68
12.087780 4.68
12.098655 4.68
12.129059 4.68
12.139905 4.68
12.170295 4.68
12.186296 4.68
12.211531 4.68
12.222298 4.68
12.257781 4.68
12.268531 4.68
12.299297 4.68
12.315298 4.68
12.340532 4.68
12.351298 4.68
12.386782 4.68
12.397532 4.68
12.428175 4.68
12.439060 4.68
12.469408 4.68
12.480176 4.68
12.510533 4.68
12.521283 4.68
12.556783 4.68
12.567533 4.68
12.598174 4.68
12.608909 4.68
12.639409 4.68
12.650176 4.68
12.680409 4.68
12.691176 4.68
12.721410 4.68
12.732176 4.68
12.762535 4.68
12.773302 4.68
12.808785 4.68
12.819535 4.68
12.850178 4.68
12.861062 4.68
12.891411 4.68
12.902176 4.68
12.932536 4.68
12.943286 4.68
12.978786 4.68
12.989536 4.68
13.020344 4.68
13.036547 4.34
13.061965 4.34
13.072972 4.34
13.103543 4.34
13.114309 4.34
13.144916 4.34
13.160802 4.34
13.186209 4.34
13.202207 4.34
13.227539 4.34
13.238304 4.34
13.273796 4.34
13.286289 4.34
13.315190 4.34
13.331067 4.34
13.356669 4.34
13.372955 4.34
13.398185 4.34
13.410667 4.34
13.439542 4.34
13.450417 4.34
13.480948 4.34
13.491800 4.34
13.522425 4.34
13.533456 4.34
