0.000000 0.000000
0.041969 4.34
0.052950 4.34
0.083198 4.34
0.093944 4.34
0.124847 2.66
0.135849 2.34
0.171849 2.34
0.182849 2.34
0.218853 2.34
0.229865 2.34
0.262110 2.34
0.272980 2.34
0.308825 2.34
0.319693 2.34
0.350334 2.34
0.361209 2.34
0.391821 2.34
0.402691 2.34
0.433092 2.34
0.448964 2.34
0.476093 2.34
0.486967 2.34
0.519094 2.34
0.529964 2.34
0.560441 2.34
0.571333 2.34
0.606567 2.34
0.619094 2.34
0.647692 2.34
0.663692 2.34
0.688965 2.34
0.701442 2.34
0.730332 2.34
0.741093 2.34
0.777016 2.34
0.793229 2.34
0.821896 2.34
0.832831 2.34
0.868847 2.34
0.880021 2.34
0.915858 2.66
0.926854 2.34
0.962848 2.34
0.973706 2.34
1.009859 4.02
1.020836 4.02
1.056701 4.02
1.067701 4.02
1.098341 4.02
1.109219 4.02
1.139980 4.02
1.156102 4.02
1.186697 4.02
1.202828 4.02
1.228098 4.02
1.243972 4.02
1.274696 4.02
1.285571 4.02
1.315972 4.02
1.328447 4.02
1.357338 4.02
1.368213 4.02
1.398572 4.02
1.414463 4.02
1.439857 4.02
1.450858 4.02
1.486712 4.34
1.497722 4.34
1.528333 4.34
1.539212 4.02
1.574579 4.02
1.586954 4.34
1.615576 4.34
1.627953 4.34
1.656575 4.34
1.672859 4.34
1.698211 4.68
1.708961 4.68
1.739458 4.68
1.750207 4.68
1.780581 4.34
1.792958 4.68
1.821581 4.68
1.833957 4.34
1.862580 4.68
1.878454 4.34
1.903579 4.68
1.919452 4.34
1.944578 4.68
1.956980 4.68
1.986255 4.68
1.997230 4.68
2.027846 4.68
2.038845 4.68
2.074706 4.68
2.085706 4.68
2.116223 4.68
2.127223 4.68
2.157704 4.68
2.168579 4.68
2.199220 4.68
2.209979 4.68
2.240342 4.68
2.251218 4.68
2.281716 4.68
2.292713 4.68
2.323366 4.68
2.334365 4.68
2.365008 4.68
2.381119 4.68
2.411707 4.68
2.422582 4.68
2.453224 4.68
2.464224 4.68
2.494581 4.68
2.510706 4.68
2.535580 4.68
2.551706 4.68
2.576841 4.68
2.587718 5.00
2.623715 4.68
2.634714 4.68
2.665356 4.68
2.676107 4.68
2.706848 4.68
2.717710 4.68
2.748352 4.68
2.759103 4.68
2.789708 4.68
2.800583 4.68
2.831111 4.68
2.841986 4.68
2.877600 4.68
2.893467 4.68
2.919233 4.68
2.930114 4.68
2.960876 4.34
2.971857 4.34
3.007715 4.34
3.018715 4.34
3.049355 4.34
3.060105 4.34
3.090712 4.34
3.101586 4.34
3.132117 4.34
3.142993 4.34
3.178586 4.34
3.194585 4.34
3.219710 4.34
3.230585 4.34
3.260989 4.34
3.276988 4.34
3.302353 4.34
3.313101 4.34
3.348712 4.34
3.359461 4.34
3.389990 4.34
3.406116 4.34
3.436712 4.34
3.447587 4.34
3.477991 4.34
3.494114 4.34
3.520994 4.34
3.531843 4.34
3.562355 4.34
3.573106 4.34
3.608713 4.34
3.619463 4.34
3.650115 4.34
3.660840 4.34
3.696589 4.34
3.712714 4.34
3.737714 4.34
3.748464 4.34
3.779118 4.34
3.789994 4.34
3.825715 4.34
3.836590 4.34
3.867118 4.34
3.877992 4.34
3.913590 4.34
3.929715 4.34
3.954715 4.34
3.965590 4.34
3.996120 4.34
4.006995 4.34
4.042716 4.34
4.053467 4.34
4.084120 4.34
4.094843 4.34
4.130717 4.34
4.141716 4.34
4.172235 4.34
4.183119 4.34
4.213593 4.34
4.229592 4.34
4.254718 4.34
4.265467 4.34
4.295998 4.34
4.312122 4.34
4.342718 4.34
4.353469 4.34
4.383996 4.34
4.399999 4.34
4.426845 4.34
4.437719 4.34
4.469846 4.34
4.480719 4.34
4.516595 4.34
4.532470 4.34
4.557720 4.34
4.568595 4.34
4.598999 4.34
4.615238 4.34
4.640471 4.34
4.656596 4.34
4.681596 4.34
4.692471 4.34
4.722848 4.34
4.735362 4.34
4.769597 4.34
4.780472 4.34
4.810722 4.34
4.821597 4.34
4.852124 4.34
4.862849 4.34
4.893473 4.34
4.905849 4.34
4.934598 4.34
4.945348 4.34
4.975723 4.34
4.986473 4.34
5.017003 4.34
5.027850 4.34
5.058473 4.34
5.074599 4.34
5.099598 4.34
5.110349 4.34
5.140850 4.34
5.157005 4.34
5.187600 4.34
5.198475 4.34
5.228878 4.34
5.245004 4.34
5.275600 4.34
5.286475 4.34
5.316851 4.34
5.333005 4.34
5.358127 4.34
5.368851 4.34
5.399366 4.34
5.410119 4.34
5.440602 4.34
5.451351 4.34
5.481727 4.34
5.492476 4.34
5.523006 4.34
5.533852 4.34
5.564369 4.34
5.575120 4.34
5.605370 4.34
5.616120 4.34
5.646352 4.34
5.657120 4.34
5.687353 4.34
5.698119 4.34
5.728353 4.34
5.739121 4.34
5.769354 4.34
5.780122 4.34
5.810354 4.34
5.821122 4.34
5.851354 4.34
5.862120 4.34
5.892354 4.34
5.903120 4.34
5.933355 4.34
5.944121 4.34
5.974355 4.34
5.985122 4.34
6.015355 4.34
6.026122 4.34
6.056356 4.34
6.067123 4.34
6.097356 4.34
6.108123 4.34
6.138356 4.34
6.149124 4.34
6.179356 4.34
6.190122 4.34
6.220357 4.34
6.231249 4.34
6.261357 4.34
6.272126 4.34
6.302358 4.34
6.313126 4.34
6.343358 4.34
6.354125 4.34
6.384358 4.34
6.395126 4.34
6.425358 4.34
6.436126 4.34
6.466359 4.34
6.477127 4.34
6.507359 4.34
6.518126 4.34
6.548359 4.34
6.559128 4.34
6.589360 4.34
6.600252 4.34
6.630360 4.34
6.641127 4.34
6.671360 4.34
6.683865 4.34
6.712360 4.34
6.723127 4.34
6.753360 4.34
6.764126 4.34
6.794361 4.34
6.806866 4.34
6.835378 4.34
6.846251 4.34
6.876486 4.34
6.892611 4.34
6.917487 4.34
6.933487 4.34
6.958487 4.34
6.974487 4.34
6.999487 4.34
7.015487 4.34
7.040488 4.34
7.056613 4.34
7.081488 4.34
7.097613 4.34
7.122488 4.34
7.138613 4.34
7.163488 4.34
7.179489 4.34
7.204489 4.34
7.220614 4.34
7.245489 4.34
7.261490 4.34
7.286614 4.34
7.297365 4.34
7.330865 4.34
7.346990 4.34
7.377382 4.34
7.389744 4.34
7.418490 4.34
7.434615 4.34
7.459491 4.34
7.475615 4.34
7.500491 4.34
7.516616 4.34
7.541491 4.34
7.552366 4.34
7.582491 4.34
7.593367 4.34
7.623617 4.34
7.634367 4.34
7.664886 4.34
7.675742 4.34
7.711384 4.34
7.727384 4.34
7.752618 4.34
7.763368 4.34
7.793870 4.34
7.804743 4.34
7.840618 4.34
7.851368 4.34
7.881870 4.34
7.892744 4.34
7.928619 4.34
7.939369 4.34
7.969871 4.34
7.980744 4.34
8.016386 4.34
8.032386 4.34
8.057620 4.34
8.068370 4.34
8.098871 4.34
8.109745 4.34
8.145621 4.34
8.156370 4.34
8.186872 4.34
8.197746 4.34
8.233621 4.34
8.244371 4.34
8.274746 4.34
8.290746 4.34
8.321386 4.34
8.337389 4.34
8.362622 4.34
8.373371 4.34
8.403873 4.34
8.414747 4.34
8.450390 4.34
8.466389 4.34
8.491623 4.34
8.502373 4.34
8.532890 4.34
8.543748 4.34
8.579389 4.34
8.595391 4.34
8.620624 4.34
8.631499 4.34
8.661875 4.34
8.672749 4.34
8.708624 4.34
8.719374 4.34
8.749876 4.34
8.760750 4.34
8.796625 4.34
8.807374 4.34
8.837876 4.34
8.848750 4.34
8.884393 4.34
8.900393 4.34
8.925626 4.34
8.936376 4.34
8.966877 4.34
8.977751 4.34
9.013392 4.34
9.029395 4.34
9.054627 4.34
9.065377 4.34
9.095878 4.34
9.106752 4.34
9.142627 4.34
9.153377 4.34
9.183879 4.34
9.194753 4.34
9.230395 4.34
9.246393 4.34
9.271629 4.34
9.282378 4.34
9.312880 4.34
9.323754 4.34
9.359396 4.34
9.375395 4.34
9.400630 4.34
9.413148 4.34
9.445033 4.34
9.455755 4.34
9.486398 4.34
9.502395 4.34
9.527630 4.34
9.540149 4.34
9.568881 4.34
9.579755 4.34
9.615506 4.34
9.626396 4.34
9.656631 4.34
9.669274 4.34
9.697910 4.34
9.708757 4.34
9.744507 4.34
9.755399 4.34
9.785632 4.34
9.798274 4.34
9.831777 4.34
9.842632 4.34
9.878400 4.34
9.894508 4.34
9.919633 4.34
9.932025 4.34
9.960885 4.34
9.971759 4.34
10.007399 4.34
10.023401 4.34
10.048634 4.34
10.061027 4.34
10.089886 4.34
10.100759 4.34
10.131161 4.34
10.141913 4.34
10.172510 4.34
10.183385 4.34
10.213635 4.34
10.229510 4.34
10.254886 4.34
10.265761 4.34
10.301153 4.34
10.311887 4.34
10.342386 4.34
10.358404 4.34
10.383512 4.34
10.394386 4.34
10.424637 4.34
10.437028 4.34
10.465762 4.34
10.476512 4.34
10.512404 4.34
10.523155 4.34
10.553513 4.34
10.564388 4.34
10.594638 4.34
10.610638 4.34
10.635890 4.34
10.646763 4.34
10.677165 4.34
10.693155 4.34
10.718514 4.34
10.729389 4.34
10.759639 4.34
10.775514 4.34
10.800891 4.34
10.811764 4.34
10.842169 4.34
10.858283 4.34
10.883515 4.34
10.894390 4.34
10.924640 4.34
10.940640 4.34
10.965892 4.34
10.976765 4.34
11.007168 4.34
11.023284 4.34
11.048516 4.34
11.059391 4.34
11.089641 4.34
11.105641 4.34
11.130767 4.34
11.141642 4.34
11.177407 4.34
11.188157 4.34
11.218517 4.34
11.229392 4.34
11.259642 4.34
11.275643 4.34
11.300894 4.34
11.311768 4.34
11.347268 4.34
11.363286 4.34
11.388410 4.34
11.399162 4.34
11.429518 4.34
11.440394 4.34
11.470644 4.34
11.486645 4.34
11.511895 4.34
11.522769 4.34
11.553171 4.34
11.563895 4.34
11.594395 4.34
11.605288 4.34
11.635521 4.34
11.646396 4.34
11.676646 4.34
11.692521 4.34
11.717897 4.34
11.728770 4.34
11.759175 4.34
11.775288 4.34
11.800521 4.34
11.811396 4.34
11.841646 4.34
11.857647 4.34
11.882898 4.34
11.893772 4.34
11.924178 4.34
11.940289 4.34
11.965523 4.34
11.976398 4.34
12.006648 4.34
12.022648 4.34
12.047773 4.34
12.058648 4.34
12.094416 4.34
12.105167 4.34
12.135524 4.34
12.146399 4.34
12.176649 4.34
12.192649 4.34
12.217901 4.34
12.228774 4.34
12.259416 4.34
12.270168 4.34
12.300650 4.34
12.316650 4.34
12.341775 4.34
12.352525 4.34
12.383180 4.34
12.399294 4.34
12.424526 4.34
12.437053 4.34
12.465651 4.34
12.481651 4.34
12.508661 4.34
12.519526 4.34
12.551661 4.34
12.562402 4.34
12.594661 4.34
12.605528 4.34
12.635778 4.34
12.646652 4.34
12.677180 4.34
12.689662 4.34
12.718403 4.34
12.729168 4.34
12.759529 4.34
12.771904 4.34
12.800654 4.34
12.816654 4.34
12.843538 4.34
12.854422 4.34
12.884654 4.34
12.900654 4.34
12.931058 4.34
12.943539 4.34
12.972530 4.34
12.984906 4.34
13.013655 4.34
13.029530 4.34
13.056540 4.34
13.067422 4.34
13.097656 4.34
13.113530 4.34
13.140540 4.34
13.151424 4.34
13.181656 4.34
13.192406 4.34
13.228058 4.34
13.238782 4.34
13.269423 4.34
13.280173 4.34
13.310657 4.34
13.321532 4.34
13.357048 4.34
13.367782 4.34
13.398408 4.34
13.409175 4.34
13.439533 4.34
13.455533 4.34
13.480658 4.34
13.491409 4.34
13.527051 4.34
13.543051 4.34
13.568427 4.34
13.579301 4.34
13.609659 4.34
13.620534 4.34
13.650785 4.34
13.661534 4.34
13.692190 4.34
13.708302 4.34
13.733535 4.34
13.749536 4.34
13.774661 4.34
13.785536 4.34
13.821065 4.34
13.837051 4.34
13.862428 4.34
13.873177 4.34
13.903661 4.34
13.914536 4.34
13.944786 4.34
13.955537 4.34
13.986191 4.34
14.002304 4.34
14.027538 4.34
14.043537 4.34
14.068663 4.34
14.079412 4.34
14.115055 4.34
14.131056 4.34
14.156429 4.34
14.167306 4.34
14.197664 4.34
14.208413 4.34
14.238788 4.34
14.249538 4.34
14.279788 4.34
14.290538 4.34
14.320788 4.34
14.331538 4.34
14.361788 4.34
14.372538 4.34
14.402788 4.34
14.413539 4.34
14.443789 4.34
14.454543 4.34
14.484789 4.34
14.495539 4.34
14.525790 4.34
14.536540 4.34
14.566791 4.34
14.577540 4.34
14.607791 4.34
14.618541 4.02
14.648794 4.02
14.659545 4.02
14.689791 4.34
14.700541 4.34
14.730791 4.34
14.741541 4.34
14.771792 4.34
14.782799 4.34
14.818043 4.34
14.828792 4.34
14.859043 4.34
14.869792 4.34
14.900042 4.34
14.910793 4.34
14.941043 4.02
14.951792 4.34
14.982044 4.34
14.992795 4.34
15.023044 4.34
15.033801 4.34
15.064044 4.34
15.074795 4.34
15.105048 4.34
15.115794 4.34
15.146044 4.34
15.156795 4.34
15.187048 4.34
15.197794 4.02
15.228045 4.02
15.238795 4.34
15.269045 4.02
15.281548 4.34
15.310046 4.34
15.320795 4.34
15.351047 4.34
15.361796 4.34
15.392046 4.34
15.404547 4.34
15.433046 4.34
15.445547 4.34
15.474053 4.34
15.484797 4.34
15.515174 4.34
15.531047 4.34
15.556186 4.34
