0.000000 0.000000
0.042107 4.34
0.053089 4.34
0.083713 4.34
0.099979 4.34
0.130654 3.01
0.141655 2.34
0.177659 2.34
0.188731 2.34
0.224513 2.34
0.235474 2.34
0.265958 2.34
0.276708 2.34
0.306957 2.34
0.317706 2.34
0.347955 2.34
0.358706 2.34
0.388954 2.34
0.399705 2.34
0.429970 2.66
0.440847 2.34
0.476330 2.34
0.492330 2.34
0.517607 2.34
0.528482 2.34
0.559080 2.34
0.569970 2.34
0.605483 2.34
0.616331 2.34
0.646971 2.34
0.657847 2.34
0.693332 2.34
0.709332 2.34
0.734608 2.34
0.745332 2.34
0.776001 2.34
0.787109 2.34
0.817648 2.34
0.828625 2.34
0.864474 2.34
0.875504 2.34
0.911545 2.34
0.922634 2.34
0.953128 2.34
0.964100 2.34
0.994736 3.01
1.010991 4.02
1.041633 4.02
1.054218 4.02
1.088340 4.02
1.104620 4.02
1.129979 4.02
1.140978 4.02
1.171495 4.02
1.182337 4.02
1.212977 4.02
1.223851 4.02
1.259336 4.02
1.275336 4.02
1.300611 4.02
1.311487 4.02
1.341977 4.02
1.352862 4.02
1.388336 4.02
1.404337 4.02
1.429610 4.02
1.440491 4.02
1.476502 4.02
1.487502 4.34
1.518113 4.34
1.529131 4.34
1.559597 4.02
1.570346 4.34
1.606344 4.34
1.622631 4.34
1.650592 4.34
1.661636 4.34
1.697341 4.34
1.713468 4.34
1.738745 4.34
1.754979 4.34
1.781716 4.34
1.792467 4.34
1.824717 4.34
1.835466 4.02
1.867717 4.34
1.878494 4.34
1.908984 4.02
1.919856 4.34
1.955341 4.02
1.971341 4.34
1.996858 4.34
2.012984 4.34
2.043484 4.34
2.054342 4.02
2.084984 4.34
2.095733 4.02
2.131342 4.34
2.147342 4.02
2.172860 4.34
2.188860 4.34
2.219343 4.34
2.235343 4.34
2.260622 4.34
2.273093 4.34
2.307344 4.34
2.323343 4.34
2.348747 4.34
2.364748 4.34
2.391720 4.34
2.402470 4.34
2.434720 4.34
2.445470 4.34
2.481345 4.34
2.492220 4.34
2.522863 4.34
2.533863 4.34
2.565751 4.34
2.576501 4.02
2.612345 4.34
2.623372 4.34
2.654001 4.02
2.665001 4.34
2.695480 4.34
2.706352 4.34
2.742359 4.34
2.753358 4.68
2.783997 4.68
2.794997 4.68
2.825478 4.68
2.836351 4.68
2.866994 4.68
2.877865 4.68
2.908349 4.68
2.919349 4.68
2.949753 4.68
2.960616 4.68
2.996098 4.68
3.006991 4.68
3.037734 4.68
3.053774 4.68
3.079352 4.68
3.090351 4.68
3.120743 4.68
3.136742 4.68
3.167225 4.68
3.183225 4.68
3.208350 4.68
3.219225 5.00
3.249631 5.00
3.265629 5.00
3.296226 5.00
3.312351 4.68
3.337494 5.00
3.348491 4.68
3.378998 4.68
3.390002 4.68
3.420650 4.68
3.436876 4.68
3.467356 4.68
3.478356 4.68
3.508995 4.68
3.519869 5.00
3.550507 4.68
3.561354 5.00
3.591992 4.68
3.602870 4.68
3.638102 5.00
3.648994 4.68
3.679562 5.00
3.692125 4.68
3.726538 5.00
3.739109 4.68
3.773357 5.00
3.784357 5.00
3.814777 5.00
3.825637 5.00
3.861230 5.00
3.877230 5.00
3.902509 5.00
3.913355 4.68
3.943994 5.00
3.954745 5.00
3.985671 5.00
4.001887 4.68
4.032489 4.68
4.043361 4.68
4.079360 4.68
4.090234 4.68
4.121000 4.68
4.131752 4.68
4.162358 4.68
4.173233 4.68
4.203998 4.68
4.214749 4.68
4.245107 4.68
4.255982 4.68
4.286372 4.68
4.297371 4.68
4.329637 4.68
4.340682 4.68
4.376494 4.68
4.387669 4.68
4.423365 4.68
4.434364 4.68
4.465003 4.68
4.475757 4.68
4.506487 4.68
4.517361 4.68
4.547765 4.68
4.558610 4.68
4.594235 4.68
4.610235 4.68
4.638486 4.68
4.649360 4.68
4.680029 4.68
4.691002 4.68
4.721111 4.68
4.731986 4.68
4.762111 4.68
4.772986 4.68
4.803111 4.68
4.813986 4.68
4.844111 4.68
4.854986 4.68
4.885113 4.68
4.895987 4.68
4.926112 4.68
4.936987 4.68
4.967112 4.68
4.983374 4.68
5.008766 4.68
5.025009 4.68
5.050375 4.68
5.061372 4.68
5.093620 4.68
5.104494 4.68
5.136618 4.68
5.147493 4.68
5.179617 4.68
5.190491 4.68
5.222617 4.68
5.233505 4.68
5.265615 4.68
5.276491 4.68
5.312240 4.68
5.328255 4.68
5.353882 4.68
5.364615 4.68
5.395365 4.68
5.406116 4.68
5.436769 5.00
5.447616 4.68
5.483365 4.68
5.494116 4.68
5.524883 4.68
5.535884 4.68
5.571241 5.00
5.587241 4.68
5.612493 5.00
5.625009 4.68
5.659242 5.00
5.675248 4.68
5.700785 5.00
5.711640 5.00
5.742120 5.00
5.754496 5.00
5.783370 5.00
5.794244 5.00
5.824772 5.00
5.835637 5.00
5.871369 5.00
5.882243 5.00
5.912884 5.00
5.923636 5.00
5.959119 5.00
5.975244 5.00
6.000249 5.00
6.011260 5.00
6.041904 5.00
6.052901 5.00
6.083377 5.00
6.094251 5.00
6.130249 5.00
6.141014 5.00
6.171640 5.00
6.182373 5.00
6.218247 5.00
6.228997 5.00
6.259525 5.00
6.275371 5.00
6.303910 5.00
6.314896 5.00
6.345545 5.00
6.361668 5.00
6.392384 5.00
6.403383 4.68
6.439254 5.00
6.450254 5.00
6.480770 4.68
6.491643 4.68
6.522126 5.00
6.538250 5.00
6.563375 5.00
6.574250 5.00
6.604890 5.00
6.615641 5.00
6.645999 5.00
6.656889 5.00
6.687698 5.00
6.709264 5.00
6.720263 5.00
6.750904 5.00
6.761903 4.68
6.792507 5.00
6.808648 5.00
6.833770 5.00
6.844648 5.00
6.875128 5.00
6.891252 5.00
6.916377 5.00
6.927127 5.00
6.957781 5.00
6.968644 5.00
6.999140 5.00
7.015515 5.00
7.040682 5.00
7.051676 5.00
7.082258 5.00
7.093132 5.00
7.123771 5.00
7.134650 5.00
7.165130 5.00
7.181254 5.00
7.206254 5.00
7.217128 5.00
7.247504 5.00
7.263658 5.00
7.294253 5.00
7.305003 5.00
7.335708 5.00
7.357266 5.00
7.368264 5.00
7.398907 5.00
7.409686 5.00
7.440384 5.00
7.451259 5.00
7.487257 5.00
7.498132 5.00
7.528662 5.00
7.539507 5.00
7.570007 5.00
7.580771 5.00
7.611006 5.00
7.621775 5.00
7.652658 5.00
7.663703 5.00
7.694266 4.68
7.705265 5.00
7.735908 4.68
7.746656 5.00
7.777261 5.00
7.788135 5.00
7.820516 5.00
7.831384 5.00
7.867259 5.00
7.878259 5.00
7.908660 5.00
7.919509 4.68
7.950149 5.00
7.961159 4.68
7.991659 4.68
8.002550 4.68
8.033270 4.68
8.044270 4.34
8.076547 4.34
8.087530 4.68
8.118139 4.68
8.134263 4.34
8.159514 4.34
8.175670 4.34
8.206261 4.68
8.217011 4.34
8.247665 4.68
8.258386 4.68
8.294136 4.68
8.310136 4.68
8.335261 4.68
8.346011 4.34
8.376511 4.68
8.392664 4.34
8.417655 4.34
8.428512 4.68
8.464261 4.68
8.475012 4.68
8.505387 4.68
8.517779 4.68
8.552031 4.34
8.564405 4.34
8.593138 4.68
8.609262 4.34
8.634263 4.34
8.645013 4.68
8.675530 4.68
8.691665 4.68
8.718393 4.34
8.729138 4.34
8.761393 4.68
8.772139 4.68
8.808032 4.68
8.820393 4.68
8.849265 4.68
8.860139 4.68
8.890390 4.68
8.906390 4.68
8.931669 4.68
8.942516 4.68
8.973140 4.68
8.984015 4.68
9.014265 4.68
9.025016 4.68
9.055517 4.34
9.066391 4.68
9.102033 4.34
9.114395 4.68
9.143266 4.68
9.154142 4.68
9.184392 4.68
9.200392 4.68
9.231036 4.68
9.247034 4.68
9.272268 4.68
9.283018 4.68
9.313518 4.68
9.324393 4.34
9.360034 4.68
9.376035 4.68
9.401268 4.68
9.412018 4.68
9.442520 4.68
9.453393 4.34
9.489035 4.68
9.505036 4.68
9.530269 4.34
9.541144 4.68
9.571520 4.68
9.582395 4.34
9.618035 4.68
9.634035 4.34
9.659270 4.34
9.670020 4.68
9.700522 4.34
9.711396 4.34
9.747271 4.68
9.758146 4.68
9.788523 4.68
9.799396 4.34
9.835039 4.34
9.851040 4.34
9.876272 4.68
9.887022 4.68
9.917523 4.68
9.928397 4.68
9.964272 4.34
9.975147 4.34
10.005523 4.68
10.016398 4.68
10.052038 4.34
10.068040 4.68
10.093273 4.68
10.104149 4.68
10.134524 4.68
10.145398 4.68
10.181274 4.68
10.192024 4.68
10.222525 4.68
10.233399 4.68
10.263678 4.34
10.274526 4.68
10.305042 4.68
10.321044 4.68
10.346275 4.68
10.357025 4.68
10.387526 4.68
10.398400 4.68
10.428679 4.34
10.439401 4.68
10.470041 4.68
10.486041 4.68
10.511276 4.68
10.522151 4.68
10.552527 4.34
10.563401 4.68
10.599044 4.68
10.615043 4.68
10.640277 4.68
10.651152 4.68
10.681529 4.68
10.692403 4.68
10.728043 4.34
10.744044 4.34
10.769278 4.68
10.780028 4.34
10.810530 4.68
10.821403 4.68
10.857046 4.68
10.873046 4.68
10.898279 4.68
10.910794 4.68
10.942683 4.68
10.953531 4.34
10.984048 4.68
11.000044 4.34
11.025280 4.34
11.037797 4.34
11.066561 4.68
11.077405 4.68
11.108045 4.68
11.124046 4.68
11.149280 4.68
11.161796 4.68
11.190561 4.68
11.201406 4.34
11.237049 4.68
11.253156 4.68
11.278282 4.68
11.290673 4.68
11.319407 4.68
11.335407 4.68
11.362286 4.68
11.373032 4.34
11.403408 4.34
11.419407 4.34
11.450050 4.68
11.466050 4.34
11.491283 4.68
11.503676 4.68
11.534287 4.68
11.545159 4.68
11.575563 4.34
11.586409 4.34
11.616812 4.68
11.627535 4.68
11.658159 4.34
11.669034 4.34
11.699284 4.68
11.711677 4.68
11.740551 4.68
11.751410 4.68
11.782052 4.68
11.792801 4.68
11.823285 4.68
11.835678 4.68
11.864536 4.68
11.875411 4.68
11.905929 4.68
11.921929 4.68
11.947036 4.68
11.957804 4.68
11.988161 4.34
11.999036 4.68
12.029286 4.68
12.045287 4.68
12.070568 4.68
12.081412 4.68
12.112054 4.68
12.122930 4.34
12.153288 4.68
12.169288 4.68
12.194413 4.68
12.205163 4.68
12.241163 4.68
12.252053 4.68
12.282288 4.68
12.298288 4.68
12.323558 4.68
12.334414 4.68
12.365056 4.68
12.375804 4.68
12.406289 4.68
12.422290 4.68
12.447541 4.68
12.458415 4.68
12.494056 4.68
12.504805 4.68
12.535166 4.68
12.546041 4.68
12.576291 4.68
12.592291 4.68
12.617541 4.68
12.628291 4.68
12.663934 4.68
12.679933 4.68
12.705042 4.68
12.715809 4.68
12.746041 4.68
12.756810 4.68
12.787167 4.68
12.797932 4.68
12.828292 4.68
12.844293 4.68
12.869543 4.68
12.880293 4.34
12.915933 4.68
12.931933 4.68
12.957169 4.68
12.967936 4.68
12.998294 4.68
13.014294 4.68
13.047934 4.34
13.063938 4.68
13.089044 4.68
13.099812 4.68
13.130169 4.68
13.140934 4.68
13.171294 4.68
13.187295 4.34
13.212545 4.68
13.223295 4.68
13.253811 4.68
13.264546 4.68
13.295046 4.68
13.305811 4.68
13.336046 4.68
13.346811 4.68
13.377046 4.68
13.387813 4.68
13.418046 4.68
13.428814 4.68
13.459172 4.68
13.469939 4.68
13.500297 4.34
13.516297 4.68
13.541548 4.68
13.552297 4.68
13.587940 4.68
13.603940 4.68
13.629173 4.68
13.639938 4.68
13.670298 4.68
13.686299 4.68
13.719941 4.68
13.735943 4.68
13.761049 4.68
13.771815 4.68
13.802049 4.34
13.812818 4.68
13.843050 4.68
13.853814 4.68
13.884050 4.68
13.894818 4.68
13.925050 4.68
13.935816 4.34
13.966050 4.68
13.976818 4.68
14.007051 4.68
14.017816 4.68
14.048051 4.68
14.058816 4.68
14.089051 4.68
14.099819 4.68
14.130176 4.68
14.142552 4.34
14.171302 4.68
14.187302 4.68
14.214178 4.68
14.225052 4.34
14.255302 4.68
14.271302 4.68
14.298208 4.68
14.309053 4.68
14.344947 4.68
14.360821 4.34
14.386178 4.34
14.398580 4.34
14.427303 4.34
14.443179 4.68
14.473708 4.68
14.484437 4.34
14.515055 4.68
14.525822 4.68
14.556179 4.68
14.572055 4.68
14.597305 4.34
14.608180 4.68
14.643947 4.34
14.654707 4.34
14.685055 4.34
14.695949 4.34
14.726181 4.34
14.738585 4.34
14.767306 4.34
14.778056 4.34
14.813948 4.34
14.824711 4.34
14.855182 4.34
14.871057 4.34
14.896307 4.34
14.907057 4.34
14.942949 4.34
14.953950 4.34
14.984058 4.34
14.994949 4.34
15.025183 4.34
15.041183 4.34
15.066308 4.34
15.077183 4.34
15.112712 4.34
15.128713 4.34
15.154059 4.34
15.164952 4.34
15.195059 4.34
15.205953 4.34
15.236059 4.34
15.246952 4.34
15.277059 4.34
15.287949 4.34
15.318185 4.34
15.334060 4.34
15.359310 4.34
15.370060 4.34
15.405953 4.34
15.416715 4.34
15.447061 4.34
15.457953 4.68
15.488186 4.34
15.504186 4.34
15.529311 4.34
15.540187 4.34
15.575954 4.34
15.586976 4.34
15.617463 4.34
15.628462 4.34
15.659068 4.34
15.669959 4.34
15.705727 4.02
15.721832 4.34
15.747065 4.34
15.757953 4.34
15.788314 4.02
15.799189 4.34
15.834957 4.34
15.845716 4.34
15.876188 4.02
15.892064 4.34
15.917314 4.34
15.928064 4.02
15.963732 4.02
15.979719 4.02
16.005065 4.02
16.015955 4.34
16.046190 4.34
16.062065 4.34
16.087315 4.02
16.098065 4.34
16.130200 4.34
16.141081 4.34
16.171846 4.34
16.182846 4.34
16.213449 4.34
16.224448 4.34
16.255071 4.02
16.267606 4.02
16.301725 4.34
16.317728 4.34
16.343068 4.34
16.353961 4.34
16.384068 4.02
16.394959 4.34
16.425068 4.34
16.435959 4.34
16.466068 4.02
16.476957 4.34
16.507069 4.34
16.517958 4.02
16.548068 4.02
16.560708 4.02
