0.000000 0.000000
0.047172 4.34
0.058045 4.34
0.088561 4.34
0.104822 3.01
0.130184 2.66
0.141316 2.34
0.177048 2.34
0.188046 2.66
0.218682 2.66
0.229685 2.34
0.260164 2.66
0.271163 2.66
0.303444 2.34
0.314296 2.34
0.350161 2.66
0.361036 2.66
0.391435 2.66
0.407435 2.66
0.438035 2.66
0.454035 2.34
0.479319 2.66
0.495434 2.66
0.520675 2.66
0.531434 2.66
0.562036 2.66
0.578036 2.34
0.603317 2.66
0.619437 2.66
0.644675 2.34
0.655437 2.34
0.686036 2.34
0.702036 2.34
0.727316 2.66
0.743436 2.66
0.774177 2.34
0.785177 2.34
0.821045 2.34
0.832045 2.66
0.862835 2.34
0.879053 2.34
0.904469 2.34
0.920691 2.34
0.946191 2.34
0.957191 2.34
0.993052 4.02
1.004050 4.02
1.034689 4.02
1.045687 4.34
1.076169 4.02
1.087168 4.34
1.123042 4.02
1.133918 4.02
1.164444 4.02
1.175320 4.02
1.211041 4.34
1.221791 4.34
1.252320 4.34
1.268320 4.34
1.293681 4.34
1.304440 4.34
1.334805 4.34
1.345683 4.02
1.376041 4.34
1.386792 4.34
1.417320 4.34
1.433557 4.34
1.464193 4.34
1.475182 4.34
1.511176 4.34
1.522175 4.34
1.558046 4.34
1.569052 4.34
1.599590 4.34
1.610460 4.34
1.641329 4.34
1.657555 4.34
1.688176 4.34
1.699176 4.34
1.735049 4.34
1.745924 4.34
1.776456 4.34
1.787351 4.34
1.817922 4.34
1.834046 4.34
1.859046 4.34
1.869796 4.34
1.900314 4.34
1.916449 4.34
1.947046 4.34
1.957796 4.34
1.988171 4.34
1.998921 4.34
2.029450 4.34
2.040171 4.34
2.076047 4.34
2.086797 4.34
2.117298 4.34
2.133496 4.34
2.164182 4.34
2.175182 4.34
2.211054 4.34
2.221938 4.34
2.254317 4.68
2.265309 4.68
2.301179 4.68
2.312179 4.68
2.342586 4.68
2.353462 4.68
2.383927 4.34
2.400051 4.68
2.424926 4.68
2.441050 4.68
2.466175 4.68
2.477050 4.68
2.507579 4.68
2.518565 4.68
2.549185 4.68
2.560184 4.68
2.596057 4.68
2.606929 4.34
2.637554 4.68
2.648305 4.68
2.678929 4.68
2.695053 4.68
2.720052 4.68
2.730927 4.68
2.761177 4.68
2.771927 4.68
2.802454 4.68
2.813309 4.68
2.843817 4.68
2.854568 4.68
2.885491 4.68
2.896485 4.68
2.927060 4.68
2.937934 4.68
2.970313 4.68
2.981182 4.68
3.017056 4.68
3.027931 4.68
3.058306 4.68
3.074461 4.34
3.102460 4.68
3.113306 4.68
3.149054 4.68
3.159804 4.68
3.190179 4.68
3.202822 4.68
3.231458 4.68
3.242180 4.68
3.278055 4.68
3.288806 4.68
3.319180 4.68
3.331572 4.68
3.360460 4.68
3.371181 4.68
3.407056 4.68
3.417931 4.68
3.448182 4.68
3.460573 4.68
3.489460 4.68
3.500308 4.68
3.536057 4.68
3.546807 4.68
3.577182 4.68
3.589575 4.68
3.618464 4.68
3.629183 4.68
3.659824 4.68
3.672187 4.68
3.700933 4.68
3.717059 4.68
3.741934 4.68
3.752809 4.68
3.782934 4.68
3.793809 4.68
3.823934 4.68
3.834810 4.68
3.864934 4.68
3.875809 4.68
3.905935 4.68
3.916810 4.68
3.946935 4.68
3.957810 4.34
3.987935 4.68
3.998811 4.68
4.028936 4.68
4.039811 4.68
4.070061 4.68
4.080811 4.68
4.111186 4.68
4.127186 4.68
4.152313 4.68
4.163187 4.68
4.199062 4.68
4.209812 4.68
4.240313 4.68
4.251187 4.68
4.286829 4.68
4.302830 4.68
4.328062 4.68
4.338813 4.68
4.369188 4.68
4.385188 4.68
4.410314 4.68
4.421188 4.68
4.457064 4.68
4.467814 4.68
4.498189 4.68
4.514189 4.68
4.539467 4.68
4.550189 4.68
4.580833 4.68
4.596832 4.68
4.621940 4.68
4.632815 4.68
4.662939 4.68
4.673816 4.68
4.703940 4.68
4.714816 4.68
4.744941 4.68
4.755816 4.68
4.785941 4.68
4.796833 4.68
4.826941 4.68
4.837816 4.68
4.867941 4.68
4.878817 4.68
4.908942 4.68
4.919817 4.68
4.949943 4.68
4.960817 4.68
4.990942 4.68
5.001817 4.68
5.031942 4.68
5.042818 4.68
5.072943 4.68
5.083818 4.68
5.113943 4.68
5.124819 4.68
5.154943 4.68
5.165819 4.68
5.195944 4.68
5.206819 4.68
5.236944 4.68
5.247819 4.68
5.277944 4.68
5.288820 4.68
5.318945 4.68
5.329820 4.68
5.359945 4.68
5.370820 4.68
5.400945 4.68
5.411821 4.34
5.441946 4.68
5.452821 4.68
5.482946 4.68
5.493821 4.68
5.523947 4.68
5.534821 4.68
5.564946 4.68
5.575821 4.68
5.605947 4.68
5.616822 4.68
5.646947 4.68
5.657822 4.68
5.687948 4.68
5.698823 4.68
5.728948 4.68
5.739823 4.68
5.769948 4.68
5.780823 4.68
5.810948 4.68
5.821824 4.68
5.851948 4.68
5.862824 4.68
5.892949 4.68
5.903824 4.68
5.933949 4.68
5.944824 4.68
5.974950 4.68
5.985825 4.68
6.015950 4.68
6.026825 4.68
6.056950 4.68
6.067825 4.68
6.097950 4.68
6.108825 4.68
6.138950 4.68
6.149826 4.68
6.179951 4.68
6.190827 4.68
6.220951 4.68
6.231827 4.68
6.261951 4.68
6.272827 4.68
6.302952 4.68
6.313827 4.68
6.343952 4.68
6.354827 4.68
6.384952 4.68
6.395827 4.68
6.425953 4.68
6.436828 4.68
6.466953 4.68
6.477828 4.68
6.507953 4.68
6.518721 4.68
6.549079 4.68
6.561454 4.68
6.590330 4.68
6.601204 4.68
6.631846 4.68
6.642595 4.68
6.673079 4.68
6.688954 4.68
6.714331 4.68
6.725205 4.68
6.760848 4.68
6.771595 4.68
6.801847 4.68
6.812597 4.68
6.842956 4.68
6.853830 4.68
6.884081 4.68
6.899956 4.68
6.925332 4.68
6.936206 4.68
6.971848 4.68
6.982597 4.68
7.013082 4.68
7.029082 4.68
7.062598 4.68
7.073333 4.68
7.103957 4.68
7.114832 4.68
7.145082 4.68
7.161083 4.68
7.186334 4.68
7.197208 4.68
7.232850 4.68
7.243602 4.68
7.274084 4.68
7.290084 4.68
7.315209 4.68
7.326084 4.68
7.361853 4.68
7.372600 4.68
7.402960 4.68
7.413835 4.68
7.444085 4.68
7.460085 4.68
7.485336 4.68
7.496210 4.68
7.526851 4.68
7.537602 4.68
7.568086 4.68
7.584086 4.68
7.609210 4.68
7.620087 4.68
7.655854 4.68
7.666604 4.68
7.696961 4.68
7.707837 4.68
7.738087 4.68
7.754087 4.68
7.779339 4.68
7.790212 4.68
7.820856 4.68
7.831603 4.68
7.862088 4.68
7.878088 4.68
7.903213 4.68
7.913963 4.68
7.949854 4.68
7.960606 4.68
7.990839 4.68
8.001607 4.68
8.031840 4.68
8.042607 4.68
8.072840 4.68
8.083608 4.68
8.113965 4.68
8.124840 4.68
8.155090 4.68
8.170965 4.68
8.196341 4.68
8.207215 4.68
8.237618 4.68
8.253732 4.68
8.278966 4.68
8.289841 4.68
8.320091 4.68
8.336091 4.68
8.363101 4.68
8.373967 4.68
8.404343 4.68
8.415217 4.68
8.450734 4.68
8.466608 4.68
8.491842 4.68
8.502609 4.68
8.532967 4.68
8.545498 4.68
8.574093 4.68
8.590093 4.68
8.623734 4.68
8.639733 4.68
8.664969 4.68
8.677499 4.68
8.706094 4.68
8.722094 4.68
8.749104 4.34
8.759969 4.68
8.792126 4.34
8.802861 4.34
8.833735 4.34
8.849738 4.34
8.874845 4.34
8.885739 4.34
8.915970 4.34
8.928373 4.34
8.957096 4.34
8.973096 4.34
8.999994 4.34
9.010862 4.34
9.041096 4.34
9.057096 4.34
9.083995 4.34
9.094984 4.34
9.130886 4.34
9.141872 4.34
9.173993 4.34
9.184871 4.34
9.220744 4.34
9.231493 4.34
9.262099 4.34
9.272974 4.34
9.308741 4.34
9.324741 4.34
9.349974 4.34
9.365849 4.34
9.391099 4.34
9.401849 4.34
9.432760 4.34
9.443758 4.34
9.474358 4.34
9.485358 4.34
9.515980 4.34
9.532372 4.34
