0.000000 0.000000
0.041810 4.34
0.058074 4.34
0.083562 4.34
0.099964 3.01
0.125340 2.66
0.146967 2.66
0.157965 2.66
0.188559 2.66
0.204975 2.66
0.230179 2.66
0.246317 2.66
0.276801 2.66
0.292963 2.66
0.318314 2.34
0.334438 2.66
0.364674 2.66
0.375424 2.66
0.406314 2.66
0.422314 2.66
0.447438 2.66
0.458314 2.66
0.493673 2.34
0.504422 2.66
0.534672 2.66
0.545423 2.66
0.575673 2.66
0.586423 2.66
0.616673 2.34
0.627424 2.66
0.657674 2.66
0.668423 2.66
0.698674 2.66
0.709425 2.66
0.739674 2.66
0.750424 2.66
0.781235 2.66
0.797566 2.66
0.822308 2.66
0.833057 2.66
0.864013 2.66
0.875249 2.66
0.905310 2.66
0.916058 2.34
0.947259 2.66
0.969015 2.66
0.980262 4.02
1.015989 4.02
1.026986 4.34
1.059228 4.34
1.070184 4.34
1.106094 4.34
1.116966 4.34
1.147431 4.34
1.158322 4.34
1.193680 4.34
1.204431 4.34
1.235319 4.34
1.251446 4.34
1.276448 4.34
1.287320 4.34
1.322681 4.34
1.333430 4.34
1.363806 4.34
1.379806 4.34
1.405056 4.34
1.415806 4.02
1.452015 4.34
1.463263 4.34
1.495257 4.34
1.506253 4.34
1.536992 4.34
1.547987 4.34
1.580230 4.34
1.591188 4.34
1.621811 4.34
1.632811 4.34
1.663328 4.34
1.679448 4.34
1.709809 4.34
1.725967 4.68
1.751059 4.68
1.761807 4.68
1.792058 5.00
1.802807 5.00
1.833058 5.00
1.843820 5.35
1.874192 5.35
1.890190 5.35
1.915189 5.35
1.931063 5.35
1.956188 5.35
1.972062 5.35
1.997187 5.35
2.013061 5.35
2.038186 5.35
2.054061 5.35
2.079185 5.35
2.095061 5.35
2.120185 5.35
2.136072 5.35
2.161196 5.35
2.177069 5.35
2.202192 5.35
2.218066 5.35
2.243192 5.35
2.259064 5.35
2.284189 5.35
2.300063 5.35
2.325188 5.35
2.341063 5.35
2.366188 5.35
2.382063 5.35
2.407188 5.35
2.423062 5.35
2.448192 5.35
2.464066 5.35
2.489191 5.35
2.505065 5.35
2.530190 5.35
2.546065 5.35
2.571189 5.35
2.587064 5.35
2.612189 5.35
2.628064 5.35
2.653189 5.35
2.669064 5.35
2.694190 5.35
2.710064 5.35
2.740817 5.35
2.751691 5.35
2.782066 5.35
2.794441 5.35
2.823457 5.35
2.834332 5.35
2.869566 5.35
2.880457 5.35
2.910692 5.35
2.926568 5.35
2.951970 5.35
2.962817 5.35
2.993331 5.35
3.004084 5.35
3.035012 5.35
3.046010 5.35
3.081824 5.35
3.092824 5.35
3.123464 5.35
3.134348 5.35
3.164978 5.35
3.175821 5.35
3.206339 5.35
3.217337 5.35
3.252820 5.35
3.263695 5.35
3.294087 5.35
3.310110 5.35
3.340985 5.35
3.351824 5.35
3.382462 5.35
3.393337 5.35
3.423698 5.35
3.439822 5.35
3.464974 5.35
3.475821 5.35
3.506335 5.35
3.517088 5.35
3.552571 5.35
3.563463 5.35
3.593697 5.35
3.610017 5.35
3.635370 5.35
3.646366 5.35
3.676828 5.35
3.687702 5.35
3.718347 5.35
3.729349 5.35
3.759700 5.35
3.775700 5.35
3.801125 5.35
3.817133 5.35
3.842464 5.35
3.853341 5.35
3.883700 5.35
3.899700 5.35
3.925007 5.35
3.937581 5.35
3.971830 5.35
3.982830 5.35
4.013353 5.35
4.024220 5.35
4.054702 5.35
4.070827 5.35
4.095980 5.35
4.106827 5.35
4.139106 5.35
4.149983 5.35
4.185702 5.35
4.201577 5.35
4.226980 5.35
4.239468 5.35
4.268344 5.35
4.284715 5.35
4.309830 5.35
4.320711 5.35
4.356708 5.35
4.372843 5.35
4.398358 8.03
4.409359 8.03
4.440011 8.03
4.456228 8.03
4.486832 7.69
4.497832 8.03
4.528350 8.03
4.539352 8.03
4.569706 7.37
4.585831 8.03
4.610986 8.03
4.623580 8.03
4.654099 8.03
4.664830 8.03
4.695080 8.03
4.710956 8.35
4.736080 8.35
4.751956 8.03
4.777081 8.35
4.792956 8.35
4.818081 8.35
4.833957 7.02
4.859081 8.03
4.874957 8.35
4.900081 8.03
4.915958 8.35
4.941081 8.03
4.956958 8.35
4.982082 8.35
4.997958 8.35
5.023082 7.37
5.038959 8.35
5.064083 8.03
5.079958 8.35
5.105083 8.35
5.120959 8.03
5.146083 8.35
5.161959 8.03
5.187083 8.35
5.202959 7.69
5.228084 8.03
5.243960 8.35
5.269084 8.35
5.284960 7.37
5.310084 8.03
5.325960 8.35
5.351085 8.35
5.366961 8.35
5.392085 8.03
5.407961 8.35
5.433085 8.35
5.448961 8.35
5.474086 7.02
5.489962 8.03
5.515086 8.03
5.530962 8.35
5.556086 8.35
5.571962 8.03
5.597087 8.03
5.612962 8.35
5.638087 8.35
5.653963 7.37
5.679087 8.35
5.694963 8.35
5.720088 8.03
5.735964 8.03
5.761088 8.03
5.776964 8.35
5.802088 8.35
5.812838 8.03
5.843089 7.69
5.853838 8.35
5.884089 8.35
5.894839 8.35
5.925089 7.37
5.935839 8.03
5.966090 8.35
5.976839 8.35
6.007090 8.35
6.017840 8.03
6.048090 8.35
6.058840 8.35
6.089090 8.35
6.099840 7.02
6.130091 8.35
6.140841 8.35
6.171091 8.35
6.181853 8.35
6.212225 4.68
6.222975 4.34
6.253222 4.68
6.263973 4.68
6.294221 4.68
6.304971 4.68
6.335219 4.68
6.345971 4.68
6.376220 4.34
6.386970 4.34
6.417219 4.34
6.427970 4.34
6.458219 4.34
6.468969 4.68
6.499219 4.34
6.509970 4.68
6.540219 4.34
6.550970 4.34
6.581219 4.34
6.591970 4.34
6.622219 4.34
6.632970 4.34
6.663233 4.34
6.673977 4.34
6.704224 4.68
6.714974 4.68
6.745223 4.34
6.755973 4.34
6.786222 4.34
6.796973 4.34
6.827222 4.34
6.837973 4.34
6.868222 4.34
6.878973 4.34
6.909222 4.34
6.919973 4.34
6.950222 4.34
6.960973 4.34
6.991222 4.34
7.001974 4.34
7.032223 4.34
7.042973 4.34
7.073223 4.34
7.083974 4.34
7.114224 4.34
7.124974 4.34
7.155224 4.34
7.165975 4.34
7.196224 4.34
7.206975 4.34
7.237224 4.34
7.247975 4.34
7.278224 4.34
7.288975 4.34
7.319225 4.34
7.329975 4.34
7.360225 4.34
7.370976 4.34
7.402976 4.34
7.413725 4.34
7.443976 4.34
7.459851 4.34
7.484977 4.34
7.500851 4.34
7.525993 4.34
