0.000000 0.000000
0.041740 4.34
0.057981 4.34
0.083544 4.34
0.094487 2.66
0.130552 2.34
0.141894 2.34
0.177416 2.66
0.188484 2.34
0.218981 2.34
0.229855 2.34
0.260617 2.34
0.276853 2.34
0.307260 2.34
0.318258 2.34
0.348742 2.34
0.364741 2.34
0.389725 2.34
0.400614 2.34
0.430724 2.34
0.441615 2.34
0.471725 2.34
0.482615 2.34
0.512739 2.34
0.523615 2.34
0.553725 2.34
0.564614 2.34
0.594726 2.34
0.605616 2.34
0.635739 2.34
0.646617 2.34
0.682101 2.34
0.698101 2.34
0.723253 2.34
0.739253 2.34
0.764896 2.34
0.775865 2.34
0.806532 2.34
0.817486 2.34
0.853554 2.34
0.866118 2.34
0.898401 2.34
0.909278 2.34
0.939993 2.34
0.951006 2.34
0.981652 4.02
0.997881 4.02
1.028486 4.34
1.039486 4.34
1.075391 4.02
1.086266 4.02
1.116858 4.34
1.127747 4.02
1.157856 4.02
1.168606 4.02
1.198854 4.02
1.209605 4.34
1.239854 4.02
1.250604 4.34
1.280854 4.02
1.291604 4.34
1.321856 4.34
1.332745 4.02
1.368106 4.02
1.384106 4.34
1.409258 4.02
1.425560 4.34
1.450898 4.34
1.461872 4.34
1.492507 4.34
1.503533 4.34
1.539407 4.34
1.550404 4.34
1.580988 4.34
1.591864 4.34
1.622656 4.34
1.638872 4.34
1.666776 4.34
1.677760 4.34
1.708284 4.34
1.724403 4.34
1.749863 4.34
1.760754 4.34
1.791271 4.34
1.807269 4.34
1.832751 4.34
1.848753 4.34
1.873860 4.34
1.884735 4.34
1.914860 4.34
1.925628 4.34
1.956430 4.34
1.967423 4.34
1.999639 4.34
2.010637 4.34
2.041281 4.34
2.052268 4.34
2.082869 4.34
2.093868 4.34
2.124491 4.34
2.135242 4.34
2.165865 4.34
2.176740 4.34
2.212276 4.34
2.228239 4.34
2.253756 4.68
2.269755 4.34
2.294863 4.68
2.305738 4.34
2.341517 4.68
2.357771 4.68
2.388419 4.68
2.399415 4.68
2.435283 4.68
2.446118 4.68
2.476762 4.68
2.492758 4.68
2.523116 5.00
2.535618 4.68
2.564756 4.68
2.580755 4.68
2.605740 4.68
2.616508 4.68
2.646740 4.68
2.657508 4.68
2.687741 4.68
2.698507 4.68
2.728741 4.68
2.739757 4.68
2.770425 4.34
2.781423 4.34
2.817248 4.34
2.828248 4.34
2.858871 4.34
2.869760 4.34
2.900120 4.34
2.912620 4.34
2.941650 4.34
2.957758 4.34
2.987993 4.34
2.998743 4.34
3.029244 4.34
3.040118 4.34
3.070877 4.34
3.081879 4.34
3.112413 4.34
3.123250 4.34
3.153765 4.34
3.164511 4.34
3.195247 4.34
3.206121 4.34
3.236762 4.34
3.247537 4.34
3.278120 4.34
3.293995 4.34
3.319370 4.34
3.330120 4.34
3.360764 4.34
3.371510 4.34
3.407121 4.34
3.419523 4.34
3.448639 4.34
3.464636 4.34
3.489762 4.34
3.500511 4.34
3.531265 4.34
