0.000000 0.000000
0.042028 4.34
0.053224 4.02
0.083587 4.34
0.094617 4.34
0.126904 2.66
0.137984 2.34
0.168587 2.34
0.179589 2.34
0.215460 2.34
0.226459 2.34
0.257095 2.34
0.267970 2.34
0.298611 2.34
0.309453 2.34
0.340092 2.34
0.350967 2.34
0.381603 2.34
0.392451 2.34
0.422971 2.34
0.433717 2.34
0.465850 2.34
0.476601 2.34
0.508853 2.34
0.519601 2.34
0.555326 2.34
0.567852 2.34
0.596604 2.34
0.607451 2.34
0.638093 2.34
0.648968 2.34
0.679327 2.34
0.691727 2.34
0.720605 2.34
0.731452 2.34
0.762091 2.34
0.772991 2.34
0.803773 2.34
0.820003 2.34
0.850624 2.34
0.861773 2.34
0.897491 2.34
0.908592 2.34
0.939108 2.34
0.950120 2.34
0.980736 2.34
0.997126 4.02
1.027590 4.02
1.038589 4.02
1.074460 4.02
1.085460 4.02
1.115973 4.02
1.126972 4.02
1.157332 4.02
1.173457 4.02
1.201734 4.02
1.217971 4.02
1.243096 4.02
1.253970 4.02
1.284331 4.02
1.300206 4.02
1.325331 4.02
1.341206 4.02
1.369733 4.02
1.385609 4.02
1.410972 4.02
1.421732 4.02
1.452483 4.02
1.463492 4.02
1.494096 4.02
1.505098 4.02
1.535858 4.02
1.552008 4.34
1.577468 4.02
1.588467 4.34
1.618983 4.34
1.629734 4.34
1.660338 4.34
1.676463 4.34
1.701978 4.34
1.712980 4.34
1.743336 4.34
1.759460 4.34
1.784335 4.34
1.800335 4.34
1.825615 4.34
1.836461 4.34
1.867103 4.34
1.877980 4.02
1.908336 4.34
1.924336 4.34
1.949336 4.02
1.965336 4.02
1.990615 4.34
2.001461 4.34
2.032102 4.34
2.042980 4.34
2.073337 4.34
2.089212 4.34
2.114337 4.34
2.130337 4.34
2.155617 4.34
2.166462 4.34
2.197103 4.34
2.207979 4.34
2.238338 4.02
2.254213 4.34
2.279338 4.34
2.295213 4.02
2.320617 4.34
2.331464 4.34
2.363743 4.02
2.374590 4.34
2.406745 4.34
2.417590 4.34
2.447982 4.34
2.458733 4.34
2.494465 4.34
2.505215 4.34
2.535591 4.34
2.546340 4.34
2.576743 4.34
2.592731 4.34
2.617983 4.34
2.628743 4.34
2.664341 4.34
2.680466 4.34
2.705623 4.34
2.716466 4.34
2.746984 4.34
2.757736 4.34
2.793342 4.34
2.809342 4.34
2.834592 4.34
2.845467 4.34
2.875984 4.34
2.886746 4.34
2.918748 4.34
2.929593 4.34
2.959985 4.34
2.970736 4.34
3.006343 4.34
3.022469 4.02
3.047344 4.34
3.063219 4.34
3.088594 4.34
3.101219 4.34
3.129863 4.34
3.140594 4.02
3.170986 4.34
3.181735 4.34
3.213750 4.34
3.224469 4.34
3.256751 4.34
3.267595 4.34
3.299750 4.02
3.310596 4.34
3.342752 4.34
3.353471 4.34
3.385749 4.34
3.396471 4.02
3.428752 4.34
3.439597 4.34
3.471750 4.34
3.482597 4.34
3.514628 4.02
3.525478 4.34
3.557628 4.34
3.568348 4.34
3.600627 4.34
3.611480 4.34
3.641863 4.02
3.652598 4.34
3.683223 4.34
3.695628 4.34
3.724348 4.02
3.735099 4.34
3.765599 4.34
3.778099 4.34
3.806754 4.34
3.817483 4.34
3.849630 4.34
3.860482 4.34
3.892630 4.34
3.903482 4.34
3.935628 4.34
3.946483 4.34
3.976868 4.34
3.987630 4.34
4.018226 4.34
4.034101 4.34
4.059351 4.34
4.070101 4.34
4.100485 4.34
4.111226 4.34
4.141630 4.34
4.157480 4.34
4.182870 4.34
4.193754 4.34
4.224227 4.34
4.240102 4.34
4.265352 4.34
4.276103 4.34
4.306480 4.34
4.317352 4.34
4.347630 4.34
4.363481 4.34
4.388994 4.34
4.399758 4.02
4.430104 4.34
4.440996 4.34
4.471104 4.34
4.481994 4.34
4.512104 4.34
4.522995 4.34
4.553105 4.02
4.563995 4.34
4.594104 4.34
4.604997 4.34
4.635230 4.34
4.651105 4.34
4.676355 4.34
4.687231 4.34
4.717761 4.34
4.728633 4.34
4.764356 4.34
4.775231 4.34
4.805634 4.34
4.821636 4.34
4.846997 4.34
4.857761 4.34
4.888232 4.34
4.904107 4.34
4.929357 4.34
4.940233 4.34
4.970759 4.34
4.981486 4.34
5.017358 4.34
5.028233 4.34
5.058760 4.02
5.069487 4.34
5.105358 4.34
5.116234 4.34
5.146762 4.34
5.157488 4.34
5.193233 4.34
5.209234 4.34
5.234359 4.34
5.245235 4.34
5.275763 4.34
5.286640 4.02
5.322235 4.34
5.338360 4.34
5.363360 4.34
5.374110 4.34
5.404637 4.34
5.420764 4.34
5.448764 4.34
5.459489 4.34
5.495236 4.34
5.511236 4.34
5.536361 4.34
5.547236 4.34
5.577639 4.34
5.593766 4.34
5.624362 4.34
5.635112 4.34
5.665642 4.34
5.681764 4.34
5.712362 4.34
5.723113 4.34
5.753642 4.02
5.770037 4.34
5.795248 4.34
5.811499 4.34
5.839785 4.34
5.850659 4.34
5.881376 4.34
5.892374 4.34
5.924666 4.68
5.935664 4.68
5.966245 4.34
5.982368 4.68
6.007653 4.68
6.023776 4.68
6.054366 4.68
6.065242 4.34
6.095647 4.68
6.111770 4.34
6.142365 4.34
6.153116 4.68
6.189255 4.34
6.200126 4.68
6.230894 4.68
6.241893 4.68
6.272372 4.68
6.283246 4.68
6.315496 4.68
6.326369 4.68
6.356777 4.68
6.367649 4.68
6.403368 4.68
6.414243 4.68
6.444644 4.68
6.460771 4.68
6.486256 4.68
6.497130 4.68
6.527898 4.68
6.538895 4.68
6.569374 4.68
6.580248 4.68
6.612498 4.68
6.623371 4.68
6.659247 4.68
6.670121 4.68
6.700496 4.68
6.713011 4.68
6.747245 4.68
6.758120 4.68
6.788376 4.68
6.799250 4.68
6.829760 4.68
6.840681 4.68
6.871378 5.00
6.882377 5.00
6.918251 4.68
6.929126 4.68
6.959783 4.68
6.970656 4.68
7.001123 5.00
7.017248 4.68
7.042372 4.68
7.053247 4.68
7.083777 4.68
7.094650 4.68
7.125128 4.68
7.141253 4.68
7.166664 4.68
7.177504 4.68
7.208126 4.68
7.224251 4.68
7.249375 4.68
7.260124 4.68
7.290904 4.68
7.301892 4.68
7.332124 4.68
7.348249 4.68
7.373125 4.68
7.389124 4.68
7.414124 4.68
7.430250 4.68
7.455390 4.68
7.466386 4.68
7.502260 4.68
7.513266 4.68
7.543914 4.68
7.554904 4.68
7.585509 4.68
7.601683 4.68
7.630130 4.68
7.646129 4.68
7.671549 4.68
7.687662 4.68
7.718253 4.68
7.729128 4.68
7.759504 4.68
7.775656 4.68
7.806252 4.68
7.817132 4.68
7.847897 4.68
7.858799 4.68
7.889379 4.68
7.900254 4.68
7.930656 4.68
7.941378 4.68
7.977254 4.68
7.988129 4.68
8.018379 4.68
8.029129 4.68
8.059658 4.68
8.070505 4.68
8.101129 4.68
8.117005 4.68
8.142695 4.68
8.158914 4.68
8.184263 4.68
8.195134 4.68
8.225796 4.68
8.236670 4.68
8.267133 4.68
8.283258 4.68
8.308257 4.68
8.319133 4.68
8.349507 4.68
8.365659 4.68
8.396257 4.68
8.407006 4.68
8.437653 4.68
8.448693 4.68
8.479132 4.68
8.495272 4.34
8.520763 4.34
8.531693 4.34
8.562388 4.34
8.573388 4.34
8.609261 4.34
8.620136 4.34
8.650512 4.34
8.666664 4.34
8.697259 4.34
8.708009 4.34
8.738384 4.34
8.749134 4.34
8.779663 4.34
8.790511 4.34
8.821135 4.34
8.837260 4.34
8.862260 4.34
8.873135 4.34
8.903385 4.34
8.916028 4.34
8.944663 4.34
8.955385 4.34
8.991260 4.34
9.002136 4.34
9.032386 4.34
9.045028 4.34
9.073665 4.34
9.084512 4.34
9.115136 4.34
9.131262 4.34
9.156262 4.34
9.167137 4.34
9.197387 4.34
9.209902 4.34
9.240392 4.34
9.251263 4.34
9.281665 4.34
9.292388 4.34
9.328263 4.34
9.339138 4.34
9.369388 4.34
9.381781 4.34
9.412392 4.34
9.423263 4.34
9.453668 4.34
9.464532 4.34
9.495139 4.34
9.511139 4.34
9.536264 4.34
9.547139 4.34
9.577535 4.34
9.593669 4.34
9.619032 4.34
9.631394 4.34
9.660265 4.34
9.671016 4.34
9.701390 4.34
9.717390 4.34
9.748033 4.34
9.760395 4.34
9.789141 4.34
9.800016 4.34
9.830141 4.34
9.841017 4.34
9.871142 4.34
9.882017 4.34
9.912142 4.34
9.923017 4.34
9.953142 4.34
9.964017 4.34
9.994142 4.34
10.005018 4.34
10.035143 4.34
10.046018 4.34
10.076268 4.34
10.087143 4.34
10.117393 4.34
10.133393 4.34
10.158674 4.34
10.169394 4.34
10.200036 4.34
10.216034 4.34
10.241269 4.34
10.252019 4.34
10.282395 4.34
10.298395 4.34
10.323674 4.34
10.334520 4.34
10.365037 4.34
10.381037 4.34
10.406145 4.34
10.417020 4.34
10.447271 4.34
10.458146 4.34
10.488521 4.34
10.499396 4.34
10.535271 4.34
10.546146 4.34
10.576397 4.34
10.592396 4.34
10.617674 4.34
10.628397 4.34
10.659037 4.34
10.675037 4.34
10.700147 4.34
10.711023 4.34
10.741147 4.34
10.752023 4.34
10.782148 4.34
10.793023 4.34
10.823148 4.34
10.834023 4.34
10.864149 4.34
10.875024 4.34
10.905149 4.34
10.916024 4.34
10.946149 4.34
10.957024 4.34
10.987149 4.34
10.998024 4.34
11.028150 4.34
11.039025 4.34
11.069150 4.34
11.080025 4.34
11.110150 4.34
11.121026 4.34
11.151150 4.34
11.162026 4.34
11.192151 4.34
11.203026 4.34
11.233151 4.34
11.244026 4.34
11.274151 4.34
11.285026 4.34
11.315152 4.34
11.326027 4.34
11.356152 4.34
11.367027 4.34
11.397153 4.34
11.408028 4.34
11.438153 4.34
11.449028 4.34
11.479153 4.34
11.490028 4.34
11.520153 4.34
11.531029 4.34
11.561153 4.34
11.572028 4.34
11.602154 4.34
11.613029 4.34
11.643154 4.34
11.654029 4.34
11.684154 4.34
11.695030 4.34
11.725154 4.34
11.736030 4.34
11.766155 4.34
11.777030 4.34
11.807155 4.34
11.818030 4.34
11.848155 4.34
11.859031 4.34
11.889156 4.34
11.900031 4.34
11.930156 4.34
11.941031 4.34
11.971157 4.34
11.982031 4.34
12.012156 4.34
12.023032 4.34
12.053157 4.34
12.064032 4.34
12.094157 4.34
12.105032 4.34
12.135158 4.34
12.146033 4.34
12.176158 4.34
12.187033 4.34
12.217158 4.34
12.228034 4.34
12.258158 4.34
12.269034 4.34
12.299158 4.34
12.310033 4.34
12.340159 4.34
12.351034 4.34
12.381159 4.34
12.392034 4.34
12.422160 4.34
12.433035 4.34
12.463160 4.34
12.474035 4.34
12.504160 4.34
12.515035 4.34
12.545160 4.34
12.556036 4.34
12.586160 4.34
12.597036 4.34
12.627161 4.34
12.638036 4.34
12.668161 4.34
12.679036 4.34
12.709286 4.34
12.725162 4.34
12.750538 4.34
12.761412 4.34
12.797055 4.34
12.807803 4.34
12.838287 4.34
12.854163 4.34
12.879540 4.34
12.890413 4.34
12.921056 4.34
12.931806 4.34
12.962288 4.34
12.978163 4.34
13.003413 4.34
13.014288 4.34
13.050056 4.34
13.060807 4.34
13.091289 4.34
13.107289 4.34
13.132541 4.34
13.143414 4.34
13.174055 4.34
13.184807 4.34
13.215290 4.34
13.231290 4.34
13.256542 4.34
13.267415 4.34
13.298058 4.34
13.308807 4.34
13.339291 4.34
13.355166 4.34
13.380542 4.34
13.391416 4.34
13.427058 4.34
13.437807 4.34
13.468292 4.34
13.484292 4.34
13.509543 4.34
13.520417 4.34
13.551061 4.34
13.561809 4.34
13.592293 4.34
13.608292 4.34
13.633418 4.34
13.644168 4.34
13.680058 4.34
13.690809 4.34
13.721044 4.34
13.731809 4.34
13.762169 4.34
13.773044 4.34
13.803294 4.34
13.819294 4.34
13.844545 4.34
13.855420 4.34
13.891061 4.34
13.901813 4.34
13.932045 4.34
13.942813 4.34
13.973046 4.34
13.983812 4.34
14.014046 4.34
14.024813 4.34
14.055171 4.34
14.066046 4.34
14.096296 4.34
14.112296 4.34
14.137422 4.34
14.148171 4.34
14.184065 4.34
14.194814 4.34
14.225047 4.34
14.235812 4.34
14.266047 4.34
14.276813 4.34
14.307173 4.34
14.318048 4.34
14.348298 4.34
14.364298 4.34
14.389423 4.34
14.400298 4.34
14.430827 4.34
14.446941 4.34
14.472174 4.34
14.484704 4.34
14.513299 4.34
14.529299 4.34
14.556308 4.34
14.567050 4.34
14.599309 4.34
14.610050 4.34
14.642310 4.34
14.653175 4.34
14.683828 4.34
14.699943 4.34
14.725051 4.34
14.735819 4.34
14.766176 4.34
14.778705 4.34
14.807301 4.34
14.823301 4.34
14.850187 4.34
14.861069 4.34
14.891302 4.34
14.907302 4.34
14.934187 4.34
14.945070 4.34
14.975303 4.34
14.991302 4.34
15.018200 4.34
15.029068 4.34
15.061188 4.34
15.072068 4.34
15.107708 4.34
15.120189 4.34
15.149179 4.34
15.161555 4.34
15.190304 4.34
15.201179 4.34
15.233210 4.34
15.244071 4.34
15.279707 4.34
15.295710 4.34
15.321072 4.34
15.331822 4.34
15.362305 4.34
15.373055 4.34
15.405189 4.34
15.416073 4.34
15.446309 4.34
15.457056 4.34
15.489202 4.34
15.500073 4.34
15.530431 4.34
15.541181 4.34
15.571834 4.34
15.587711 4.34
15.613182 4.34
15.629057 4.34
15.654307 4.34
15.665057 4.34
15.700712 4.34
15.716701 4.34
15.742075 4.34
15.752824 4.34
15.783308 4.34
15.794058 4.34
15.824433 4.34
15.835308 4.34
15.865950 4.34
15.876839 4.34
15.907309 4.34
15.918059 4.34
15.953703 4.34
15.969702 4.34
15.995074 4.34
16.005825 4.34
16.036310 4.34
16.047060 4.34
16.082712 4.34
16.093435 4.34
16.124076 4.34
16.134827 4.34
16.165187 4.34
16.181061 4.34
16.206311 4.34
16.217186 4.34
16.252714 4.34
16.263437 4.34
16.294079 4.34
16.304828 4.34
16.335311 4.34
16.346187 4.34
16.381715 4.34
16.392437 4.34
16.423078 4.34
16.433829 4.34
16.464313 4.34
16.475188 4.34
16.510706 4.34
16.526706 4.34
16.552082 4.34
16.562830 4.34
16.593314 4.34
16.604189 4.34
16.639707 4.34
16.650439 4.34
16.681081 4.34
16.691832 4.34
16.722314 4.34
16.733190 4.34
16.768718 4.34
16.784707 4.34
16.810082 4.34
16.820830 4.34
16.851191 4.34
16.867066 4.34
16.892316 4.34
16.903066 4.34
16.938709 4.34
16.954708 4.34
16.980082 4.34
16.990831 4.34
17.021317 4.34
17.032191 4.34
17.067721 4.34
17.083709 4.34
17.109084 4.34
17.119836 4.34
17.150318 4.34
17.161193 4.34
17.191443 4.34
17.202318 4.34
17.232960 4.34
17.243848 4.34
17.274194 4.34
17.290069 4.34
17.315194 4.34
17.331194 4.34
17.356319 4.34
17.367069 4.34
17.402712 4.34
17.413444 4.34
17.444087 4.34
17.456600 4.34
17.485321 4.34
17.496070 4.34
17.531710 4.34
17.544216 4.34
17.573196 4.34
17.589071 4.34
17.614321 4.34
17.625071 4.34
17.660713 4.34
17.676712 4.34
17.702088 4.34
17.714447 4.34
17.743322 4.34
17.754072 4.34
17.789602 4.34
17.802089 4.34
17.831090 4.34
17.847090 4.34
17.872323 4.34
17.883198 4.34
17.918725 4.34
17.931105 4.34
17.960092 4.34
17.976090 4.34
18.001074 4.34
18.017199 4.34
18.042199 4.34
18.058074 4.34
18.083324 4.34
18.094074 4.34
18.129715 4.34
18.142092 4.34
18.171090 4.34
18.187091 4.34
18.212075 4.34
18.224450 4.34
18.253201 4.34
18.269075 4.34
18.294326 4.34
18.305201 4.34
18.340718 4.34
18.356719 4.34
18.382093 4.34
18.398092 4.34
18.423202 4.34
18.439076 4.34
18.464327 4.34
18.475202 4.34
18.510578 4.34
18.526578 4.34
18.552095 4.34
18.568096 4.34
18.593328 4.34
18.604203 4.34
18.639731 4.34
18.655722 4.34
18.681095 4.34
18.697093 4.34
18.722204 4.34
18.738079 4.34
18.763329 4.34
18.774204 4.34
18.809721 4.34
18.825722 4.34
18.851096 4.34
18.867096 4.34
18.892205 4.34
18.908080 4.34
18.933330 4.34
18.944205 4.34
18.979582 4.34
18.995582 4.34
19.020860 4.34
19.031582 4.34
19.062206 4.34
19.078206 4.34
19.103331 4.34
19.114081 4.34
19.149725 4.34
19.165724 4.34
19.191099 4.34
19.207207 4.34
19.232207 4.34
19.248207 4.34
19.273332 4.34
19.284083 4.34
19.319737 4.34
19.335584 4.34
19.360860 4.34
19.371584 4.34
19.402083 4.34
19.418084 4.34
19.443084 4.34
19.459084 4.34
19.484084 4.34
19.500085 4.34
19.525209 4.34
19.541210 4.34
19.566334 4.34
19.577084 4.34
19.612727 4.34
19.628727 4.34
19.654104 4.34
19.670086 4.34
19.695211 4.34
19.711085 4.34
19.738087 4.34
19.748853 4.34
19.779211 4.34
19.795086 4.34
19.822088 4.34
19.832979 4.34
19.863087 4.34
19.879212 4.34
19.904087 4.34
19.920087 4.34
19.945212 4.34
19.961212 4.34
19.988088 4.34
19.998856 4.34
20.029213 4.34
20.045088 4.34
20.072089 4.34
20.082982 4.34
20.113088 4.34
20.128981 4.34
20.154089 4.34
20.169981 4.34
20.195089 4.34
20.210982 4.34
20.236214 4.34
20.246979 4.34
20.279090 4.34
20.289857 4.34
20.320090 4.34
20.335980 4.34
20.361216 4.34
20.371980 4.34
20.407466 4.34
20.418216 4.34
20.448983 4.34
20.461466 4.34
20.490216 4.34
20.500984 4.34
20.536466 4.34
20.547341 4.34
20.577869 4.34
20.588592 4.34
20.619218 4.34
20.629985 4.34
20.661996 4.34
20.672745 4.34
20.703218 4.34
20.713982 4.34
20.749468 4.34
20.760343 4.34
20.790860 4.34
20.801748 4.34
20.832218 4.34
20.842986 4.34
20.878469 4.34
20.889219 4.34
20.919871 4.34
20.930594 4.34
20.961219 4.34
20.971987 4.34
21.007469 4.34
21.031872 4.34
21.042749 4.34
21.073220 4.34
21.083988 4.34
21.119471 4.34
21.143873 4.34
21.154596 4.34
21.185221 4.34
21.195988 4.34
21.231471 4.34
21.255875 4.34
21.266748 4.34
21.297222 4.34
21.307989 4.34
21.343481 4.34
21.367876 4.34
21.378597 4.34
21.409223 4.34
21.419988 4.34
21.455480 4.34
21.479877 4.34
21.490598 4.34
21.521224 4.34
21.531990 4.34
21.567483 4.34
21.591849 4.34
21.602600 4.34
21.632990 4.34
21.648867 4.34
21.674099 4.34
21.684866 4.34
21.715225 4.34
21.726100 4.34
21.761482 4.34
21.772350 4.34
21.802880 4.34
21.813754 4.34
21.844226 4.34
21.855101 4.34
21.890484 4.34
21.901351 4.34
21.931868 4.34
21.942755 4.34
21.973102 4.34
21.983868 4.34
22.014227 4.34
22.024994 4.34
22.060480 4.34
22.076484 4.34
22.101994 4.34
22.117995 4.34
22.143228 4.34
22.153994 4.34
22.189482 4.34
22.205482 4.34
22.230994 4.34
22.246996 4.34
22.272104 4.34
22.287996 4.34
22.313104 4.34
22.323996 4.34
22.354104 4.34
22.364997 4.34
22.395230 4.34
22.405998 4.34
22.441482 4.34
22.457483 4.34
22.482997 4.34
22.498998 4.34
22.524106 4.34
22.539997 4.34
22.565105 4.34
22.575998 4.34
22.606231 4.34
22.616999 4.34
22.652485 4.34
22.676999 4.34
22.706485 4.34
22.722485 4.34
22.747761 4.34
22.758635 4.34
22.789107 4.34
22.805233 4.34
22.830232 4.34
22.841107 4.34
22.876492 4.34
22.900998 4.34
22.930490 4.34
22.946490 4.34
22.972001 4.34
22.988001 4.34
23.013109 4.34
23.024000 4.34
23.054234 4.34
23.065109 4.34
23.100490 4.34
23.125001 4.34
23.154489 4.34
23.170490 4.34
23.196001 4.34
23.212003 4.34
23.237110 4.34
23.248001 4.34
23.278235 4.34
23.289111 4.34
23.324490 4.34
23.349001 4.34
23.378489 4.34
23.394491 4.34
23.420004 4.34
23.436003 4.34
23.461112 4.34
23.472004 4.34
23.502112 4.34
23.513005 4.34
23.543238 4.34
23.554113 4.34
23.589488 4.34
23.605488 4.34
23.631005 4.34
23.646881 4.34
23.672005 4.34
23.682768 4.34
23.713113 4.34
23.724006 4.34
23.754114 4.34
23.765005 4.34
23.795239 4.34
23.806114 4.34
23.841493 4.34
23.857493 4.34
23.883006 4.34
23.899007 4.34
23.924115 4.34
23.935007 4.34
23.965115 4.34
23.976007 4.34
24.006116 4.34
24.017008 4.34
24.047116 4.34
24.058008 4.34
24.088116 4.34
24.099006 4.34
24.129242 4.34
24.140117 4.34
24.175493 4.34
24.191493 4.34
24.217009 4.34
24.232992 4.34
24.258118 4.34
24.269010 4.34
24.299117 4.34
24.310009 4.34
24.340243 4.34
24.350993 4.34
24.386494 4.34
24.402497 4.34
24.427772 4.34
24.438645 4.34
24.469011 4.34
24.479759 4.34
24.510245 4.34
24.520994 4.34
24.556499 4.34
24.567496 4.34
24.598011 4.34
24.614010 4.34
24.638995 4.34
24.649763 4.34
24.680120 4.34
24.690995 4.34
24.721246 4.34
24.731996 4.34
24.767497 4.34
24.783497 4.34
24.809014 4.34
24.825011 4.34
24.849997 4.34
24.860762 4.34
24.890997 4.34
24.901765 4.34
24.932122 4.34
24.942997 4.34
24.973122 4.34
24.983998 4.34
25.019537 4.34
25.035532 4.34
25.061015 4.34
25.077016 4.34
25.102123 4.34
25.113013 4.34
25.143124 4.34
25.153999 4.34
25.184249 4.34
25.194999 4.34
25.230374 4.34
25.241249 4.34
25.271651 4.34
25.282374 4.34
25.313017 4.34
25.329015 4.34
25.354125 4.34
25.365000 4.34
25.395126 4.34
25.406001 4.34
25.437877 4.34
25.448781 4.34
25.479017 4.34
25.489766 4.34
25.521877 4.34
25.532780 4.34
25.563127 4.34
25.574017 4.34
25.609377 4.34
25.625377 4.34
25.650894 4.34
25.667018 4.34
25.693878 4.34
25.704781 4.34
25.735128 4.34
25.746018 4.34
25.777879 4.34
25.788782 4.34
25.819128 4.34
25.830020 4.34
25.861879 4.34
25.872784 4.34
25.903129 4.34
25.914021 4.34
25.945880 4.34
25.956784 4.34
25.987130 4.34
25.998023 4.34
26.029881 4.34
26.040782 4.34
26.071130 4.34
26.082022 4.34
26.113881 4.34
26.124784 4.34
26.155131 4.34
26.166022 4.34
26.197882 4.34
26.208658 4.34
26.239021 4.34
26.249775 4.34
26.280007 4.34
26.290775 4.34
26.321007 4.34
26.331774 4.34
26.362008 4.34
26.372775 4.34
26.403008 4.34
26.413775 4.34
26.444133 4.34
26.455023 4.34
26.490383 4.34
26.506383 4.34
26.531663 4.34
26.542536 4.34
26.573134 4.34
26.584026 4.34
26.619259 4.34
26.630134 4.34
26.660384 4.34
26.676384 4.34
26.701787 4.34
26.717787 4.34
26.743135 4.34
26.754027 4.34
26.789260 4.34
26.800135 4.34
26.830385 4.34
26.846261 4.34
26.871663 4.34
26.882386 4.34
26.913028 4.34
26.923776 4.34
26.959261 4.34
26.970137 4.34
27.000386 4.34
27.016261 4.34
27.041666 4.34
27.052513 4.34
27.083137 4.34
27.094027 4.34
27.129263 4.34
27.140013 4.34
27.170388 4.34
27.186263 4.34
27.211793 4.34
27.227790 4.34
27.253138 4.34
27.264014 4.34
27.299388 4.34
27.315388 4.34
27.340668 4.34
27.351515 4.68
27.382140 4.68
27.393032 4.34
27.428264 4.34
27.439139 4.34
27.469389 4.34
27.485265 4.34
27.510668 4.34
27.521516 4.34
27.552141 4.34
27.563031 4.34
27.598265 4.34
27.609141 4.34
27.639391 4.34
27.655391 4.34
27.680795 4.34
27.696793 4.34
27.722142 4.34
27.733032 4.34
27.763392 4.34
27.779267 4.34
27.804670 4.34
27.815519 4.34
27.846143 4.34
27.857034 4.34
27.892393 4.34
27.908268 4.34
27.933673 4.34
27.944519 4.34
27.976769 4.34
27.987519 4.34
28.019770 4.34
28.030670 4.34
28.062769 4.34
28.073520 4.34
28.104145 4.34
28.115020 4.34
28.150395 4.34
28.166269 4.34
28.191797 4.34
28.207797 4.34
28.233038 4.34
28.243788 4.34
28.274021 4.34
28.284786 4.34
28.315021 4.34
28.325787 4.34
28.356021 4.34
28.366787 4.34
28.398772 4.34
28.409674 4.34
28.440038 4.34
28.450787 4.34
28.486397 4.34
28.502272 4.34
28.527800 4.34
28.543914 4.34
28.570804 4.34
28.581677 4.34
28.613804 4.34
28.624552 4.34
28.655040 4.34
28.665916 4.34
28.701273 4.34
28.713804 4.34
28.742399 4.34
28.753274 4.34
28.783649 4.34
28.794399 4.34
28.825041 4.34
28.835918 4.34
28.871275 4.34
28.883776 4.34
28.912400 4.34
28.923275 4.34
28.953650 4.34
28.966150 4.34
28.995044 4.34
29.005791 4.34
29.041276 4.34
29.053653 4.34
29.082528 4.34
29.093401 4.34
29.124044 4.34
29.134794 4.34
29.170277 4.34
29.182654 4.34
29.211528 4.34
29.222402 4.34
29.253046 4.34
29.263795 4.34
29.299403 4.34
29.310278 4.34
29.340653 4.34
29.353153 4.34
29.382043 4.34
29.392918 4.34
29.428279 4.34
29.440655 4.34
29.469530 4.34
29.480404 4.34
29.511045 4.34
29.521797 4.34
29.552280 4.34
29.564684 4.34
29.593560 4.34
29.604405 4.34
29.635048 4.34
29.645922 4.34
29.676155 4.34
29.687031 4.34
29.717155 4.34
29.727923 4.34
29.758156 4.34
29.769031 4.34
29.799281 4.34
29.811673 4.34
29.840550 4.34
29.851407 4.34
29.882049 4.34
29.892799 4.34
29.923157 4.34
29.934033 4.34
29.964157 4.34
29.975032 4.34
30.005158 4.34
30.016033 4.34
30.046158 4.34
30.057033 4.34
30.087158 4.34
30.098033 4.34
30.128159 4.34
30.139034 4.34
30.169159 4.34
30.180034 4.34
30.210160 4.34
30.221034 4.34
30.251159 4.34
30.262035 4.34
30.292159 4.34
30.303035 4.34
30.333160 4.34
30.344035 4.34
30.374160 4.34
30.385036 4.34
30.415161 4.34
30.426036 4.34
30.456161 4.34
30.467036 4.34
30.497161 4.34
30.508036 4.34
30.538161 4.34
30.548929 4.34
30.579286 4.34
30.595162 4.34
30.623662 4.34
30.639662 4.34
30.664817 4.34
30.675662 4.34
30.711163 4.34
30.722038 4.34
30.752288 4.34
30.768288 4.34
30.793540 4.34
30.804413 4.34
30.835054 4.34
30.845804 4.34
30.876288 4.34
30.892289 4.34
30.917541 4.34
30.928414 4.34
30.959056 4.34
30.969808 4.34
31.000289 4.34
31.016165 4.34
31.041541 4.34
31.052415 4.34
31.083057 4.34
31.093807 4.34
31.129290 4.34
31.145290 4.34
31.170542 4.34
31.181416 4.34
31.211933 4.34
31.222685 4.34
31.258416 4.34
31.269292 4.34
31.299822 4.34
31.310682 4.34
31.346292 4.34
31.362292 4.34
31.387543 4.34
31.400043 4.34
31.430669 4.34
31.441544 4.34
31.477293 4.34
31.493168 4.34
31.518418 4.34
31.529293 4.34
31.559936 4.34
31.570684 4.34
31.606419 4.34
31.617419 4.34
31.647938 4.34
31.658936 4.34
31.694295 4.34
31.710295 4.34
31.735420 4.34
31.746295 4.34
31.776936 4.34
31.787824 4.34
31.818296 4.34
31.834297 4.34
31.862564 4.34
31.875064 4.34
31.903823 4.34
31.914688 4.34
31.950421 4.34
31.961171 4.34
31.991825 4.34
32.002699 4.34
32.038422 4.34
32.049172 4.34
32.079824 4.34
32.090702 4.34
32.126423 4.34
32.137172 4.34
32.167825 4.34
32.178550 4.34
32.214298 4.34
32.230298 4.34
32.255566 4.34
32.271703 4.34
32.302299 4.34
32.313048 4.34
32.343549 4.34
32.359689 4.34
32.390299 4.34
32.401049 4.34
32.431551 4.34
32.444065 4.34
32.472943 4.34
32.483692 4.34
32.514176 4.34
32.530300 4.34
32.555301 4.34
32.566176 4.34
32.596426 4.34
32.607301 4.34
32.637944 4.34
32.648942 4.34
32.679301 4.34
32.690177 4.34
32.720582 4.34
32.736704 4.34
32.767302 4.34
32.778052 4.34
32.808571 4.34
32.824695 4.34
32.849831 4.34
32.860693 4.34
32.891178 4.34
32.907178 4.34
32.932303 4.34
32.943178 4.34
32.973554 4.34
32.989706 4.34
33.014833 4.34
33.025556 4.34
33.056179 4.34
33.072304 4.34
33.097304 4.34
33.108180 4.34
33.138556 4.34
33.154556 4.34
33.185305 4.34
33.196180 4.34
33.226430 4.34
33.237305 4.34
33.267835 4.34
33.278709 4.34
33.309074 4.34
33.319821 4.34
33.350056 4.34
33.360823 4.34
33.391057 4.34
33.401823 4.34
33.432182 4.34
33.448306 4.34
33.473307 4.34
33.484057 4.34
33.514558 4.34
33.530712 4.34
33.555835 4.34
33.566559 4.34
33.597183 4.34
33.613308 4.34
33.638308 4.34
33.649058 4.34
33.679559 4.34
33.695712 4.34
33.720838 4.34
33.731559 4.34
33.762059 4.34
33.772826 4.34
33.803060 4.34
33.813827 4.34
33.844060 4.34
33.854828 4.34
33.885060 4.34
33.895825 4.34
33.926061 4.34
33.936828 4.34
33.967061 4.34
33.977828 4.34
34.008186 4.34
34.024311 4.34
34.049311 4.34
34.060187 4.34
34.090562 4.34
34.106562 4.34
34.137312 4.34
34.148061 4.34
34.178437 4.34
34.189186 4.34
34.219841 4.34
34.230563 4.34
34.261063 4.34
34.271829 4.34
34.302188 4.34
34.318313 4.34
34.343313 4.34
34.354064 4.34
34.384564 4.34
34.400715 4.34
34.427568 4.34
34.438439 4.34
34.470582 4.34
34.481439 4.34
34.517315 4.34
34.528190 4.34
34.558583 4.34
34.574716 4.34
34.599719 4.34
34.610566 4.34
34.646315 4.34
34.657190 4.34
34.687597 4.34
34.703720 4.34
34.734316 4.34
34.745191 4.34
34.775568 4.34
34.791567 4.34
34.822317 4.34
34.833192 4.34
34.863568 4.34
34.879568 4.34
34.910317 4.34
34.921192 4.34
34.951569 4.34
34.967719 4.34
34.994447 4.34
35.005193 4.34
35.035722 4.34
35.046587 4.34
35.077086 4.34
35.089448 4.34
35.118318 4.34
35.129194 4.34
35.159571 4.34
35.175723 4.34
35.206319 4.34
35.217194 4.34
35.247587 4.34
35.258444 4.34
35.294195 4.34
35.305087 4.34
35.335320 4.34
35.346070 4.34
35.376724 4.34
35.387571 4.34
35.418071 4.34
35.430449 4.34
35.459196 4.34
35.470071 4.34
35.500321 4.34
35.511196 4.34
35.541602 4.34
35.552446 4.34
35.583087 4.34
35.599197 4.34
35.624322 4.34
35.635197 4.34
35.665603 4.34
35.676447 4.34
35.707091 4.34
35.723198 4.34
35.748323 4.34
35.759198 4.34
35.789604 4.34
35.800448 4.34
35.831088 4.34
35.847091 4.34
35.872324 4.34
35.883199 4.34
35.913575 4.34
35.924449 4.34
35.960092 4.34
35.976091 4.34
36.001325 4.34
36.012075 4.34
36.042575 4.34
36.053450 4.34
36.089093 4.34
36.105093 4.68
36.130325 4.34
36.141077 4.68
36.171577 4.34
36.182451 4.34
36.218094 4.68
36.234092 4.34
36.259326 4.34
36.270077 4.34
36.300578 4.34
36.311452 4.34
36.347327 4.34
36.358077 4.34
36.388578 4.34
36.399452 4.34
36.435095 4.34
36.451093 4.34
36.476328 4.34
36.487203 4.34
36.517579 4.34
36.528453 4.34
36.564329 4.34
36.575203 4.34
36.605581 4.34
36.616454 4.34
36.652096 4.34
36.668096 4.34
36.693329 4.34
36.704079 4.34
36.734582 4.34
36.745455 4.34
36.781330 4.34
36.792081 4.34
36.822582 4.34
36.833456 4.34
36.869098 4.34
36.885098 4.34
36.910331 4.34
36.921206 4.34
36.951583 4.34
36.962457 4.34
36.998332 4.34
37.009207 4.34
37.039584 4.34
37.050457 4.34
37.086099 4.34
37.102099 4.34
37.127333 4.34
37.139851 4.34
37.168584 4.34
37.179458 4.34
37.215208 4.34
37.226101 4.34
37.256333 4.34
37.268853 4.34
37.297614 4.34
37.308459 4.34
37.344102 4.34
37.360102 4.34
37.385334 4.34
37.396085 4.34
37.426460 4.34
37.442586 4.34
37.473211 4.34
37.484102 4.34
37.514336 4.34
37.526853 4.34
37.555461 4.34
37.571461 4.34
37.602104 4.34
37.618104 4.34
37.643336 4.34
37.655729 4.34
37.684587 4.34
37.695462 4.34
37.731104 4.34
37.747110 4.34
37.772337 4.34
37.784729 4.34
37.813589 4.34
37.824462 4.34
37.860213 4.34
37.871105 4.34
37.901338 4.34
37.913731 4.34
37.950980 4.34
37.963368 4.34
37.992089 4.34
38.002854 4.34
38.033214 4.34
38.043979 4.34
38.074339 4.34
38.090339 4.34
38.115617 4.34
38.126465 4.34
38.157090 4.34
38.167857 4.34
38.198215 4.34
38.208983 4.34
38.239340 4.34
38.255340 4.34
38.280466 4.34
38.291216 4.34
38.327109 4.34
38.337858 4.34
38.368216 4.34
38.378981 4.34
38.409341 4.34
38.425341 4.34
38.450592 4.34
38.461341 4.34
38.491859 4.34
38.507860 4.34
38.533092 4.34
38.543858 4.34
38.574093 4.34
38.584858 4.34
38.615093 4.34
38.625873 4.34
38.656218 4.34
38.666986 4.34
38.697343 4.34
38.713343 4.34
38.738594 4.34
38.749343 4.34
38.779860 4.34
38.795986 4.34
38.821220 4.34
38.831986 4.34
38.862345 4.34
38.878345 4.34
38.903470 4.34
38.914345 4.34
38.950110 4.34
38.960862 4.34
38.991221 4.34
39.001987 4.34
39.032346 4.34
39.048346 4.34
39.073597 4.34
39.084346 4.34
39.114862 4.34
39.125597 4.34
39.156222 4.34
39.166988 4.34
39.197347 4.34
39.213222 4.34
39.238597 4.34
39.249348 4.34
39.279862 4.34
39.290598 4.34
39.320990 4.34
39.336989 4.34
39.362099 4.34
39.372866 4.34
39.403224 4.34
39.413989 4.34
39.444349 4.34
39.460349 4.34
39.485599 4.34
39.496349 4.34
39.526866 4.34
39.542989 4.34
39.568225 4.34
39.578991 4.34
39.609350 4.34
39.625350 4.34
39.658993 4.34
39.674991 4.34
39.700101 4.34
39.710868 4.34
39.741227 4.34
39.751992 4.34
39.782351 4.34
39.798351 4.34
39.823630 4.34
39.834484 4.34
39.865119 4.34
39.875870 4.34
39.906352 4.34
39.922352 4.34
39.947631 4.34
39.958481 4.34
39.989119 4.34
39.999993 4.34
40.030353 4.34
40.046228 4.34
40.076994 4.34
40.092993 4.34
40.118121 4.34
40.128994 4.34
40.159354 4.34
40.175354 4.34
40.202378 4.34
40.213105 4.34
40.243997 4.34
40.259997 4.34
40.285105 4.34
40.295998 4.34
40.326105 4.34
40.336997 4.34
40.367105 4.34
40.377999 4.34
40.408105 4.34
40.418996 4.34
40.449231 4.34
40.461635 4.34
40.490356 4.34
40.506356 4.34
40.533241 4.34
40.544107 4.34
40.574357 4.34
40.590357 4.34
40.620760 4.34
40.633263 4.34
40.662108 4.34
40.673000 4.34
40.703108 4.34
40.713998 4.34
40.744108 4.34
40.755000 4.34
40.785108 4.34
40.796002 4.34
40.826234 4.34
40.838638 4.34
40.867359 4.68
40.883359 4.34
40.913761 4.68
40.924489 4.68
40.955109 4.68
40.965999 4.34
40.996110 4.34
41.007002 4.34
41.037110 4.68
41.048002 4.34
41.078110 4.68
41.089003 4.34
41.119236 4.34
41.135111 4.34
41.160361 4.34
41.171236 4.34
41.207001 4.34
41.217765 4.34
41.248112 4.34
41.259004 4.34
41.289236 4.34
41.305237 4.34
41.330362 4.34
41.341237 4.34
41.376764 4.34
41.387488 4.34
41.418113 4.34
41.429005 4.34
41.459238 4.34
41.475113 4.34
41.500363 4.34
41.511239 4.34
41.546768 4.34
41.562768 4.34
41.588114 4.34
41.599005 4.34
41.629114 4.34
41.640006 4.34
41.670240 4.34
41.686239 4.34
41.711365 4.34
41.722239 4.34
41.758007 4.34
41.768768 4.34
41.799115 4.34
41.810007 4.34
41.840241 4.34
41.856241 4.34
41.881365 4.34
41.892241 4.34
41.928006 4.34
41.938758 4.34
41.969242 4.34
41.985242 4.34
42.010367 4.68
42.021242 4.34
42.056771 4.68
42.072759 4.34
42.098118 4.34
42.109010 4.34
42.139243 4.34
42.155243 4.34
42.180368 4.34
42.191243 4.68
42.227008 4.34
42.237762 4.68
42.267994 4.34
42.278759 4.34
42.309119 4.34
42.320011 4.34
42.350119 4.34
42.360994 4.34
42.391120 4.34
42.401995 4.34
42.432120 4.34
42.443010 4.34
42.473120 4.34
42.483996 4.34
42.514245 4.34
42.530121 4.34
42.557269 4.34
42.568121 4.34
42.603773 4.34
42.614536 4.34
42.645121 4.34
42.656013 4.34
42.686122 4.34
42.696997 4.34
42.727247 4.34
42.743121 4.34
42.768372 4.34
42.779247 4.34
42.815013 4.34
42.825767 4.34
42.855998 4.34
42.866765 4.34
42.897013 4.34
42.907763 4.34
42.938248 4.34
42.954123 4.34
42.979373 4.34
42.990249 4.34
43.020777 4.34
43.036766 4.34
43.062124 4.34
43.073014 4.34
43.103249 4.34
43.119125 4.34
43.144375 4.34
43.155250 4.34
43.190780 4.34
43.206893 4.34
43.232125 4.34
43.244502 4.34
43.273251 4.34
43.289125 4.34
43.314376 4.34
43.325251 4.34
43.360778 4.34
43.376767 4.34
43.402126 4.34
43.414503 4.34
43.443127 4.34
43.455503 4.34
43.484127 4.34
43.496503 4.34
43.525128 4.34
43.537532 4.34
43.566253 4.34
43.577128 4.34
43.607378 4.34
43.618128 4.34
43.653782 4.34
43.666138 4.34
43.695129 4.34
43.707504 4.34
43.736254 4.34
43.752129 4.34
43.777379 4.34
43.788254 4.34
43.823784 4.34
43.839658 4.34
43.865023 4.34
43.875772 4.34
43.906130 4.34
43.918506 4.34
43.947131 4.34
43.963131 4.34
43.988130 4.34
44.000507 4.34
44.029131 4.34
44.045006 4.34
44.070131 4.34
44.086007 4.34
44.111131 4.34
44.127007 4.34
44.152132 4.34
44.168132 4.34
44.193132 4.34
44.209007 4.34
44.234132 4.34
44.250133 4.34
44.275133 4.34
44.291008 4.34
44.316133 4.34
44.332133 4.34
44.357133 4.34
44.373009 4.34
44.398134 4.34
44.414009 4.34
44.439134 4.34
44.455009 4.34
44.480259 4.34
44.491010 4.34
44.521384 4.34
44.532135 4.34
44.562786 4.34
44.578777 4.34
44.604135 4.34
44.620010 4.34
44.645135 4.34
44.661136 4.34
44.686136 4.34
44.702011 4.34
44.727136 4.34
44.743136 4.34
44.768136 4.34
44.784011 4.34
44.809136 4.34
44.825137 4.34
44.850262 4.34
44.866137 4.34
44.891387 4.34
44.902262 4.34
44.937780 4.34
44.953667 4.34
44.979013 4.34
44.989778 4.34
45.020138 4.34
45.036138 4.34
45.061263 4.34
45.072139 4.34
45.104140 4.34
45.115030 4.34
45.145139 4.34
45.161139 4.34
45.186139 4.34
45.202139 4.34
45.227264 4.34
45.238139 4.34
45.273669 4.34
45.289667 4.34
45.315030 4.34
45.325784 4.34
45.356140 4.34
45.372016 4.34
45.397141 4.34
45.413141 4.34
45.438141 4.34
45.454141 4.34
45.479141 4.34
45.495142 4.34
45.520141 4.34
45.536016 4.34
45.561142 4.34
45.577142 4.34
45.602142 4.34
45.618142 4.34
45.643142 4.34
45.659017 4.34
45.684143 4.34
45.700143 4.34
45.725143 4.34
45.741143 4.34
45.766143 4.34
45.782019 4.34
45.807143 4.34
45.823143 4.34
45.848143 4.34
45.864019 4.34
45.889144 4.34
45.905144 4.34
45.930144 4.34
45.946145 4.34
45.971269 4.34
45.982020 4.34
46.017660 4.34
46.030146 4.34
46.059035 4.34
46.071395 4.34
46.100270 4.34
46.111021 4.34
46.143021 4.34
46.153914 4.34
46.184271 4.34
46.195021 4.34
46.230522 4.34
46.243022 4.34
46.272037 4.34
46.288040 4.34
46.313147 4.34
46.324022 4.34
46.354147 4.34
46.365022 4.34
46.395148 4.34
46.406023 4.34
46.436148 4.34
46.447023 4.34
46.477149 4.34
46.488023 4.34
46.518148 4.34
46.529024 4.34
46.559148 4.34
46.570024 4.34
46.600149 4.34
46.611024 4.34
46.646526 4.34
46.662529 4.34
46.688041 4.34
46.704043 4.34
46.729025 4.34
46.745150 4.34
46.770025 4.34
46.782400 4.34
46.811025 4.34
46.827026 4.34
46.852026 4.34
46.868025 4.34
46.893027 4.34
46.909026 4.34
46.934026 4.34
46.950026 4.34
46.975027 4.34
46.991044 4.34
47.016027 4.34
47.032152 4.34
47.057027 4.34
47.073027 4.34
47.098027 4.34
47.114028 4.34
47.139028 4.34
47.155028 4.34
47.180028 4.34
47.196028 4.34
47.221028 4.34
47.237028 4.34
47.262029 4.34
47.278047 4.34
47.303029 4.34
47.319154 4.34
47.344030 4.34
47.360029 4.34
47.385030 4.34
47.401030 4.34
47.426029 4.34
47.442030 4.34
47.467030 4.34
47.483030 4.34
47.508030 4.34
47.524031 4.34
47.549047 4.34
47.565049 4.34
47.590031 4.34
47.606156 4.34
47.631032 4.34
47.647032 4.34
47.672031 4.34
47.688032 4.34
47.713032 4.34
47.729032 4.34
47.754032 4.34
47.770032 4.34
47.795032 4.34
47.811033 4.68
47.836033 4.34
47.852049 4.68
47.877033 4.34
47.893158 4.34
47.918033 4.34
47.934033 4.34
47.959034 4.34
47.975033 4.34
48.000034 4.34
48.016034 4.34
48.041034 4.34
48.057034 4.34
48.082035 4.34
48.098035 4.34
48.123035 4.34
48.139050 4.34
48.164035 4.34
48.180036 4.34
48.205036 4.34
48.221035 4.34
48.246035 4.34
48.262036 4.34
48.287036 4.34
48.303036 4.34
48.328036 4.34
48.344036 4.34
48.369037 4.34
48.385037 4.34
48.410037 4.34
48.426037 4.34
48.451037 4.34
48.467162 4.34
48.492037 4.34
48.508037 4.34
48.533037 4.34
48.549056 4.34
48.574038 4.34
48.590038 4.34
48.615163 4.34
48.626038 4.34
48.658040 4.34
48.668805 4.34
48.699039 4.34
48.715039 4.34
48.740164 4.34
48.751039 4.34
48.783041 4.34
48.793806 4.34
48.824040 4.34
48.840040 4.34
48.865040 4.34
48.881040 4.34
48.906166 4.34
48.917040 4.34
48.948917 4.34
48.959819 4.34
48.990041 4.34
49.006166 4.34
49.031041 4.34
49.047041 4.34
49.072166 4.34
49.083041 4.34
49.118416 4.34
49.129166 4.34
49.159822 4.34
49.170684 4.34
49.201167 4.34
49.212042 4.34
49.243919 4.34
49.254820 4.34
49.285168 4.34
49.296059 4.34
49.331418 4.34
49.342168 4.34
49.372822 4.34
49.383544 4.34
49.414044 4.34
49.424811 4.34
49.455170 4.34
49.466044 4.34
49.501419 4.34
49.512169 4.34
49.542938 4.34
49.559170 4.34
49.584046 4.34
49.594811 4.34
49.625170 4.34
49.636045 4.34
49.671421 4.34
49.682170 4.34
49.712826 4.34
49.723687 4.34
49.754046 4.34
49.764813 4.34
49.795046 4.34
49.805815 4.34
49.836172 4.34
49.847046 4.34
49.882552 4.34
49.893549 4.34
49.924064 4.34
49.940065 4.34
49.965173 4.34
49.976048 4.34
50.011423 4.34
50.022173 4.34
50.052942 4.34
50.068816 4.34
50.094174 4.34
50.105049 4.34
50.140424 4.34
50.151174 4.34
50.181827 4.34
50.192704 4.34
50.223050 4.68
50.233814 4.34
50.264050 4.34
50.274818 4.34
50.305175 4.34
50.316050 4.34
50.351425 4.34
50.362300 4.34
50.392830 4.34
50.403551 4.34
50.434051 4.34
50.444819 4.34
50.475176 4.34
50.486051 4.34
50.521426 4.34
50.532177 4.34
50.562831 4.34
50.573705 4.34
50.604177 4.34
50.615068 4.34
50.650427 4.34
50.661302 4.34
50.691831 4.34
50.702693 4.34
50.733053 4.34
50.743820 4.34
50.774178 4.34
50.785054 4.34
50.820428 4.34
50.831178 4.34
50.861832 4.34
50.874429 4.34
50.903179 4.34
50.914069 4.34
50.949429 4.68
50.961931 4.34
50.990834 4.68
51.003304 4.34
51.032180 4.34
51.043072 4.34
51.078430 4.34
51.090932 4.34
51.119949 4.34
51.136072 4.34
51.161072 4.34
51.177074 4.34
51.202182 4.34
51.213057 4.34
51.248432 4.34
51.260933 4.34
51.289947 4.34
51.305825 4.34
51.331072 4.34
51.347075 4.34
51.372058 4.34
51.382825 4.34
51.413057 4.34
51.423823 4.34
51.454058 4.34
51.464948 4.34
51.495183 4.34
51.506058 4.34
51.541433 4.34
51.557433 4.34
51.582837 4.34
51.595434 4.34
51.624185 4.34
51.635059 4.34
51.670435 4.34
51.682936 4.34
51.711840 4.34
51.727839 4.34
51.753185 4.34
51.764060 4.34
51.799435 4.34
51.811812 4.34
51.840838 4.34
51.856702 4.34
51.882061 4.34
51.892826 4.34
51.923186 4.34
51.934062 4.34
51.969437 4.34
51.981813 4.34
52.010842 4.34
52.026841 4.34
52.052187 4.34
52.063062 4.34
52.098437 4.34
52.114312 4.34
52.139841 4.34
52.155843 4.34
52.181063 4.34
52.191829 4.34
52.222188 4.34
52.233063 4.34
52.268438 4.34
52.284314 4.34
52.309588 4.34
52.320314 4.34
52.351081 4.34
52.361829 4.34
52.397440 4.34
52.413315 4.34
52.438844 4.34
52.454957 4.34
52.480065 4.34
52.490957 4.34
52.521065 4.34
52.531833 4.34
52.562191 4.34
52.573066 4.34
52.608441 4.34
52.624316 4.34
52.649844 4.34
52.665709 4.34
52.691066 4.34
52.701834 4.34
52.732192 4.34
52.743067 4.34
52.778442 4.34
52.794317 4.34
52.819846 4.34
52.835720 4.34
52.861068 4.34
52.871833 4.34
52.902193 4.34
52.913068 4.34
52.948443 4.34
52.964443 4.34
52.989848 4.34
53.005724 4.34
53.031069 4.34
53.041834 4.34
53.072069 4.34
53.082836 4.34
53.113070 4.34
53.123838 4.34
53.154195 4.34
53.165070 4.34
53.200445 4.34
53.216445 4.34
53.241850 4.34
53.257724 4.68
53.283071 4.34
53.293963 4.34
53.324071 4.34
53.334837 4.34
53.365072 4.34
53.375839 4.34
53.406072 4.34
53.416839 4.34
53.447197 4.34
53.458072 4.34
53.493447 4.34
53.509322 4.34
53.534852 4.34
53.550853 4.34
53.576073 4.34
53.586842 4.34
53.618824 4.34
53.629574 4.34
53.660089 4.34
53.670838 4.34
53.706449 4.34
53.722324 4.34
53.747853 4.34
53.763726 4.34
53.790825 4.34
53.801576 4.34
53.832092 4.34
53.842844 4.34
53.874826 4.34
53.885577 4.34
53.916092 4.34
53.926843 4.34
53.958826 4.34
53.969576 4.34
54.000093 4.34
54.010843 4.34
54.042827 4.34
54.053577 4.34
54.084094 4.34
54.094843 4.34
54.126828 4.34
54.137577 4.34
54.168094 4.34
54.178844 4.34
54.210828 4.34
54.221578 4.34
54.252095 4.34
54.262846 4.34
54.298328 4.34
54.310829 4.34
54.339579 4.34
54.350453 4.34
54.380856 4.34
54.396857 4.34
54.423830 4.34
54.434580 4.34
54.470329 4.34
54.482830 4.34
54.514732 4.34
54.527204 4.34
54.556096 4.34
54.566972 4.34
54.597330 4.34
54.609705 4.34
54.638609 4.34
54.649455 4.34
54.680097 4.34
54.690971 4.34
54.726456 4.34
54.737331 4.34
54.767973 4.34
54.778860 4.34
54.814331 4.34
54.830332 4.34
54.855582 4.34
54.866457 4.34
54.896861 4.34
54.912862 4.34
54.943457 4.34
54.959457 4.34
54.984860 4.34
55.000736 4.34
55.031333 4.34
55.047458 4.34
55.072614 4.34
55.083459 4.34
55.114102 4.34
55.124974 4.34
55.160459 4.34
55.171209 4.34
55.201978 4.34
55.212738 4.34
55.248335 4.34
55.264335 4.34
55.289613 4.34
55.300460 4.34
55.331103 4.34
55.341853 4.34
55.377460 4.34
55.388210 4.34
55.418863 4.34
55.429587 4.34
55.465336 4.34
55.481211 4.34
55.506616 4.34
55.517461 4.34
55.548102 4.34
55.558855 4.34
55.594462 4.34
55.605212 4.34
55.635866 4.34
55.646741 4.34
55.682213 4.34
55.693088 4.34
55.723338 4.34
55.739212 4.34
55.767589 4.34
55.778463 4.34
55.809105 4.34
55.819855 4.34
55.850339 4.34
55.866214 4.34
55.891589 4.34
55.902464 4.34
55.932866 4.34
55.943590 4.34
55.979339 4.34
55.995465 4.34
56.020591 4.34
56.031340 4.34
56.061869 4.34
56.072591 4.34
56.108466 4.34
56.119215 4.34
56.149984 4.34
56.160734 4.34
56.190983 4.34
56.201735 4.34
56.237466 4.34
56.248341 4.34
56.278872 4.34
56.289746 4.34
56.325467 4.34
56.336217 4.34
56.366860 4.34
56.377593 4.34
56.407968 4.34
56.418736 4.34
56.448984 4.34
56.459735 4.34
56.495468 4.34
56.506343 4.34
56.536872 4.34
56.547748 4.34
56.583344 4.34
56.599344 4.34
56.624595 4.34
56.635344 4.34
56.665747 4.34
56.681748 4.34
56.706988 4.34
56.717738 4.34
56.753470 4.34
56.764221 4.34
56.794872 4.34
56.805750 4.34
56.841346 4.34
56.857470 4.34
56.882596 4.34
56.893346 4.34
56.923870 4.34
56.934748 4.34
56.970480 4.34
56.981221 4.34
57.011875 4.34
57.022752 4.34
57.058222 4.34
57.068989 4.34
57.099347 4.34
57.115481 4.34
57.140598 4.34
57.153223 4.34
57.181866 4.34
57.192751 4.34
57.228349 4.34
57.244480 4.34
57.272753 4.34
57.288874 4.34
57.315740 4.34
57.326481 4.34
57.358740 4.34
57.369482 4.34
57.401740 4.34
57.412482 4.34
57.444617 4.34
57.455482 4.34
57.487628 4.34
57.498482 4.34
57.530618 4.34
57.541482 4.34
57.577351 4.34
57.588226 4.34
57.618753 4.34
57.629630 4.34
57.665351 4.34
57.676102 4.34
57.706755 4.34
57.717485 4.34
57.753352 4.34
57.769352 4.34
57.797754 4.34
57.813756 4.34
57.844352 4.34
57.860482 4.34
57.888758 4.34
57.899632 4.34
57.935353 4.34
57.946229 4.34
57.976757 4.34
57.987633 4.34
58.023354 4.34
58.034104 4.34
58.064760 4.34
58.075632 4.34
58.111354 4.34
58.122105 4.34
58.152759 4.34
58.163483 4.34
58.199355 4.34
58.210105 4.34
58.240760 4.34
58.251635 4.34
58.287356 4.34
58.298106 4.34
58.328761 4.34
58.339485 4.34
58.375356 4.34
58.386231 4.34
58.416758 4.34
58.427634 4.34
58.463232 4.34
58.479232 4.34
58.504357 4.34
58.515107 4.34
58.545749 4.34
58.556635 4.34
58.592358 4.34
58.603108 4.34
58.633763 4.34
58.644490 4.34
58.680358 4.34
58.691109 4.34
58.721762 4.34
58.732636 4.34
58.768359 4.34
58.779109 4.34
58.809762 4.34
58.820637 4.34
58.856360 4.34
58.867235 4.34
58.897765 4.34
58.908639 4.34
58.944360 4.34
58.955236 4.34
58.985763 4.34
58.996489 4.34
59.032361 4.34
59.043111 4.34
59.073766 4.34
59.084489 4.34
59.120361 4.34
59.131237 4.34
59.161766 4.34
59.172489 4.34
59.208362 4.34
59.219112 4.34
59.249640 4.34
59.265642 4.34
59.296363 4.34
59.307113 4.34
59.337640 4.34
59.353766 4.34
59.379004 4.34
59.389768 4.34
59.420114 4.34
59.431005 4.34
59.461239 4.34
59.477239 4.34
59.502364 4.34
59.513114 4.34
59.543768 4.34
59.554642 4.34
59.590365 4.34
59.601240 4.34
59.631770 4.34
59.642494 4.34
59.678365 4.34
59.689116 4.34
59.719769 4.34
59.730645 4.34
59.766366 4.34
59.777242 4.34
59.807769 4.34
59.818493 4.34
59.854367 4.34
59.865242 4.34
59.895770 4.34
59.906494 4.34
59.942242 4.34
59.958367 4.34
59.983367 4.34
59.994243 4.34
60.024771 4.34
60.035494 4.34
60.071243 4.34
60.087368 4.34
60.112369 4.34
60.123243 4.34
60.153649 4.34
60.169649 4.34
60.200369 4.34
60.211120 4.34
60.241646 4.34
60.257646 4.34
60.288370 4.34
60.299120 4.34
60.329648 4.34
60.345649 4.34
60.376245 4.34
60.392370 4.34
60.417371 4.34
60.428121 4.34
60.458650 4.34
60.474886 4.34
60.505246 4.34
60.521247 4.34
60.546372 4.34
60.557247 4.34
60.590651 4.34
60.606776 4.34
60.637372 4.34
60.648248 4.34
60.678652 4.34
60.694778 4.34
60.720123 4.34
60.736248 4.34
60.761248 4.34
60.772124 4.34
60.802373 4.34
60.813124 4.34
60.843779 4.34
60.854500 4.34
60.885016 4.34
60.895767 4.34
60.926124 4.34
60.938501 4.34
60.967124 4.34
60.983250 4.34
61.008250 4.34
61.019125 4.34
61.049375 4.34
61.060250 4.34
61.090654 4.34
61.101375 4.34
61.137251 4.34
61.148126 4.34
61.178376 4.34
61.189126 4.34
61.219894 4.34
61.230779 4.34
61.261127 4.34
61.277252 4.34
61.302127 4.34
61.318252 4.34
61.343128 4.34
61.359253 4.34
61.384128 4.34
61.400253 4.34
61.425686 4.34
61.441905 4.34
61.467134 4.34
61.483383 4.02
61.508382 4.02
61.519257 4.02
61.549914 4.34
61.560787 4.02
61.591255 4.02
61.602130 4.34
61.632379 4.34
61.643129 4.34
61.673659 4.34
61.684506 4.34
61.715130 4.34
61.731255 4.02
61.756130 4.34
61.772130 4.34
61.797131 4.34
61.813270 4.34
61.838766 4.34
61.849684 4.34
61.880387 4.34
61.891386 4.34
61.927260 4.34
61.938135 4.34
61.968511 4.34
61.984667 4.02
62.015258 4.02
62.026133 4.34
62.056382 4.34
62.067132 4.34
62.097786 4.02
62.108661 4.34
62.139133 4.34
62.155259 4.34
62.180133 4.02
62.196133 4.34
62.221259 4.34
62.232134 4.34
62.262383 4.34
62.273134 4.34
62.303661 4.34
62.314384 4.34
62.350134 4.34
62.366260 4.34
62.391135 4.34
62.407261 4.02
62.432135 4.34
62.448135 4.34
62.473136 4.34
62.489260 4.34
62.514135 4.34
62.530136 4.34
62.555277 4.34
