0.000000 0.000000
0.041877 4.34
0.063632 4.34
0.074631 4.34
0.110518 4.34
0.121502 2.66
0.152148 2.34
0.163151 2.66
0.193864 2.34
0.210224 2.34
0.235499 2.66
0.246498 2.66
0.276980 2.34
0.287980 2.66
0.318616 2.34
0.329494 2.66
0.365254 2.66
0.377757 2.34
0.406727 2.34
0.422601 2.66
0.447851 2.66
0.458602 2.34
0.494252 2.66
0.506752 2.34
0.535619 2.34
0.546493 2.34
0.576852 2.34
0.587603 2.34
0.617977 2.34
0.628852 2.34
0.664360 2.66
0.680232 2.34
0.705357 2.34
0.721232 2.34
0.746358 2.66
0.762233 2.34
0.787745 2.34
0.804006 2.34
0.829361 2.34
0.845238 2.34
0.873528 2.66
0.884511 2.66
0.915132 2.66
0.926122 2.34
0.956883 2.34
0.973126 2.34
0.998528 4.02
1.009513 4.02
1.039871 4.02
1.050744 4.02
1.086242 4.02
1.096991 4.02
1.127490 4.34
1.138240 4.34
1.168487 4.02
1.179238 4.34
1.209486 4.34
1.220237 4.02
1.250486 4.02
1.261235 4.34
1.291485 4.34
1.302235 4.34
1.332485 4.34
1.343237 4.02
1.373487 4.02
1.384236 4.34
1.414487 4.02
1.425238 4.02
1.455875 4.34
1.472138 4.34
1.497008 4.34
1.513253 4.34
1.538633 4.34
1.551115 4.34
1.585363 4.34
1.601238 4.34
1.626612 4.34
1.637405 4.34
1.667862 4.34
1.683737 4.34
1.710738 4.34
1.721630 4.34
1.751737 4.34
1.767737 4.34
1.792737 4.34
1.808738 4.34
1.833738 4.34
1.849738 4.34
1.874863 4.34
1.885738 4.34
1.921255 4.34
1.937267 4.34
1.962631 4.34
1.973381 4.34
2.003614 4.34
2.014382 4.34
2.044614 4.34
2.055507 4.34
2.085614 4.34
2.096507 4.34
2.126615 4.34
2.137507 4.34
2.167615 4.34
2.180143 4.34
2.208615 4.34
2.219506 4.34
2.249616 4.34
2.260381 4.34
2.290616 4.34
2.303117 4.34
2.331616 4.34
2.342508 4.34
2.372616 4.34
2.385144 4.34
2.413617 4.34
2.426118 4.34
2.454617 4.34
2.465509 4.34
2.495618 4.34
2.508134 4.34
2.536634 4.34
2.549149 4.34
2.577743 4.34
2.593619 4.34
2.618744 4.34
2.634619 4.34
2.659744 4.34
2.675620 4.34
2.700744 4.34
2.716619 4.34
2.742009 4.34
2.753004 4.34
2.783638 4.34
2.799624 4.34
2.824870 4.34
2.835622 4.34
2.865869 4.68
2.876619 4.68
2.906869 4.68
2.917620 4.68
2.947870 4.68
2.958620 4.68
2.988871 4.68
2.999621 4.34
3.029870 4.68
3.040621 4.34
3.070871 4.68
3.081620 4.68
3.111871 4.68
3.122625 4.68
3.152873 4.68
3.163623 4.68
3.193872 4.68
3.204622 4.68
3.234872 4.68
3.245622 4.68
3.275872 4.68
3.286622 4.68
3.316873 4.68
3.327623 4.68
3.357873 4.68
3.368623 4.68
3.398873 4.68
3.409623 4.68
3.439877 4.68
3.450623 4.68
3.480874 4.68
3.491624 4.68
3.521874 4.68
3.532624 4.68
3.562874 4.68
3.573625 4.68
3.603875 4.68
3.614625 4.68
3.644875 5.00
3.655625 5.00
3.685876 5.00
3.696625 5.00
3.726876 4.68
3.737626 5.00
3.767876 5.00
3.778630 4.68
3.808877 4.68
3.819629 4.68
3.849878 4.68
3.860628 4.68
3.890878 4.68
3.901627 4.68
3.931877 4.68
3.942628 4.68
3.972878 4.68
3.983628 4.68
4.013878 4.68
4.024628 4.68
4.054879 5.00
4.065628 4.68
4.095879 4.68
4.106633 5.00
4.136880 5.00
4.147630 5.00
4.177880 5.00
4.188629 5.00
4.218879 5.00
4.229630 5.00
4.259880 5.00
4.270630 5.00
4.300880 5.00
4.311631 5.00
4.341881 5.00
4.352630 5.00
4.382881 5.00
4.393631 5.00
4.423883 5.00
4.434635 5.00
4.464884 5.00
4.475634 5.00
4.505883 5.00
4.516633 5.00
4.546883 5.00
4.557633 5.00
4.587882 5.00
4.598633 4.68
4.628883 5.00
4.639633 4.68
4.669883 5.00
4.680634 5.00
4.710883 5.00
4.721637 5.00
4.751884 4.68
4.762635 5.00
4.792888 5.00
4.803637 5.00
4.833886 4.68
4.844636 5.00
4.876637 5.00
4.887387 5.00
4.917635 4.68
4.933510 5.00
4.958636 5.00
4.974635 5.00
4.999635 4.68
5.015511 5.00
5.040636 4.68
5.056511 5.00
5.081636 4.68
5.097775 5.00
5.122639 5.00
5.138651 5.00
5.163638 5.00
5.179653 5.00
5.204638 5.00
5.220654 5.00
5.245639 5.00
5.261764 5.00
5.286638 5.00
5.302654 5.00
5.327639 5.00
5.343656 5.00
5.368639 5.00
5.384655 5.00
5.409640 4.68
5.425519 5.00
5.450643 4.68
5.466519 4.68
5.491768 4.68
5.502643 5.00
5.538175 4.68
5.554175 4.68
5.582314 4.68
5.593143 4.68
5.623660 5.00
5.639660 5.00
5.664642 4.68
5.680767 5.00
5.705642 5.00
5.716410 5.00
5.746768 5.00
5.757786 5.00
5.788429 5.00
5.799438 5.00
5.835333 5.00
5.846323 4.68
5.876663 5.00
5.892646 4.68
5.923301 5.00
5.934147 5.00
5.964770 5.00
5.975645 5.00
6.006146 5.00
6.022146 5.00
6.047692 5.00
6.063902 5.00
6.091420 5.00
6.102422 5.00
6.132900 5.00
6.143774 5.00
6.174541 5.00
6.190665 5.00
6.215665 5.00
6.231665 5.00
6.256772 5.00
6.267646 5.00
6.303021 5.00
6.319177 5.00
6.347301 5.00
6.358022 5.00
6.388666 5.00
6.410342 5.00
6.421178 5.00
6.457557 5.00
6.473912 5.00
6.504430 5.00
6.515428 4.68
6.551316 5.00
6.562155 5.00
6.592903 5.00
6.603902 4.68
6.634292 5.00
6.645152 5.00
6.675776 5.00
6.686651 5.00
6.722025 5.00
6.732775 5.00
6.763690 5.00
6.785343 5.00
6.796436 5.00
6.826909 5.00
6.837908 5.00
6.868551 5.00
6.884781 5.00
6.909781 5.00
6.920655 5.00
6.956154 5.00
6.972154 5.00
6.997671 5.00
7.013669 5.00
7.038778 5.00
7.049653 5.00
7.085321 5.00
7.096318 5.00
7.132216 5.00
7.143216 5.00
7.173785 5.00
7.184784 5.00
7.215315 5.00
7.226190 5.00
7.256673 5.00
7.272674 5.00
7.298182 5.00
7.314181 5.00
7.339546 5.00
7.355671 5.00
7.380668 5.00
7.396670 5.00
7.422156 5.00
7.438450 5.00
7.463793 5.00
7.474790 5.00
7.505325 5.00
7.516162 5.00
7.546785 5.00
7.557660 5.00
7.593351 5.00
7.604160 5.00
7.634674 5.00
7.650676 5.00
7.675783 5.00
7.686658 5.00
7.722033 5.00
7.734540 5.00
7.763708 5.00
7.774667 5.00
7.805166 5.00
7.816039 4.68
7.846680 5.00
7.857430 4.68
7.893163 5.00
7.904036 4.68
7.934442 5.00
7.947036 5.00
7.975785 4.68
7.986660 4.68
8.022035 5.00
8.034567 5.00
8.063692 5.00
8.074686 4.68
8.105167 4.68
8.116177 4.68
8.146694 4.68
8.157671 5.00
8.188170 5.00
8.199042 5.00
8.229682 5.00
8.240431 5.00
8.271040 5.00
8.283541 5.00
8.312445 5.00
8.328445 4.68
8.353788 4.68
8.364663 5.00
8.400038 5.00
8.416038 5.00
8.441555 5.00
8.457431 5.00
8.482789 5.00
8.493663 4.68
8.529191 4.68
8.540038 4.68
8.570414 5.00
8.582789 5.00
8.611414 5.00
8.623788 5.00
8.652414 5.00
8.664789 5.00
8.693414 5.00
8.705789 5.00
8.734415 4.68
8.746790 5.00
8.775415 5.00
8.791290 5.00
8.816415 5.00
8.828790 5.00
8.857415 5.00
8.869790 5.00
8.898416 4.68
8.914291 4.68
8.939416 4.68
8.951791 5.00
8.980417 5.00
8.996291 5.00
9.021417 5.00
9.037292 5.00
9.062417 5.00
9.078292 5.00
9.103417 5.00
9.115793 5.00
9.144418 5.00
9.160293 5.00
9.185418 5.00
9.201293 5.00
9.226418 5.00
9.242293 5.00
9.267419 5.00
9.283294 4.68
9.308419 4.68
9.324294 4.68
9.349419 4.68
9.365294 5.00
9.390419 5.00
9.406295 5.00
9.431420 5.00
9.447295 5.00
9.472420 5.00
9.488295 5.00
9.513421 5.00
9.529295 5.00
9.554421 5.00
9.570296 5.00
9.595421 5.00
9.611296 5.00
9.636422 5.00
9.652297 5.00
9.677421 5.00
9.693310 4.68
9.718431 4.34
9.734305 4.34
9.759428 4.34
9.775303 4.34
9.800427 4.34
9.816301 4.34
9.841425 4.34
9.857300 4.34
9.882425 4.34
9.898299 4.34
9.923424 4.34
9.939299 4.34
9.964424 4.34
9.980299 4.34
10.005424 4.34
10.021299 4.34
10.046425 4.34
10.062300 4.34
10.087425 4.34
10.103300 4.34
10.128425 4.34
10.144301 4.34
10.169426 4.34
10.185300 4.34
10.210426 4.34
10.226301 4.34
10.251446 4.34
10.267309 4.02
10.292433 4.34
10.308307 4.34
10.333431 4.34
10.349305 4.34
10.374430 4.34
10.390305 4.34
10.415429 4.34
10.431304 4.34
10.456429 4.34
10.472303 4.34
10.497428 4.34
10.513303 4.34
10.538569 4.34
