0.000000 0.000000
0.041830 4.68
0.052826 4.68
0.083239 4.68
0.094241 3.67
0.124905 2.66
0.141227 2.66
0.166592 2.66
0.182885 2.66
0.208216 2.66
0.218947 2.66
0.249319 2.66
0.260069 2.66
0.290444 2.66
0.306444 2.66
0.331569 2.66
0.342334 2.66
0.378208 2.66
0.388959 2.66
0.419442 2.66
0.435317 2.66
0.460567 2.66
0.471443 2.66
0.506968 2.66
0.517692 2.66
0.548331 2.66
0.559208 2.66
0.589568 2.66
0.600317 2.66
0.630693 2.66
0.641569 2.66
0.672207 2.66
0.682957 2.66
0.713319 2.66
0.724208 2.66
0.754444 2.66
0.770889 2.66
0.796105 2.66
0.812350 2.66
0.837702 2.66
0.848710 2.66
0.879461 2.66
0.895880 2.66
0.924121 2.66
0.940361 2.66
0.967529 2.66
0.978723 4.02
1.014348 4.34
1.025346 4.34
1.061219 4.34
1.072216 4.34
1.102700 4.34
1.113700 4.34
1.144340 4.34
1.155216 4.34
1.185699 4.34
1.196573 4.34
1.226973 4.34
1.242963 4.34
1.268338 4.34
1.279213 4.34
1.309324 4.34
1.320215 4.34
1.350324 4.34
1.361213 4.34
1.391324 4.34
1.402227 4.34
1.432592 4.34
1.443589 4.34
1.474257 4.34
1.485238 4.34
1.517507 4.34
1.528586 4.34
1.559104 4.34
1.575335 4.34
1.600709 4.34
1.611708 4.34
1.642253 4.34
1.653232 4.34
1.689106 4.34
1.700105 4.34
1.730708 4.34
1.741582 4.34
1.772348 4.34
1.788347 4.34
1.813704 4.34
1.824580 4.34
1.859984 4.34
1.875971 4.34
1.901346 4.34
1.913829 4.34
1.942454 4.34
1.958454 4.34
1.983579 4.68
1.994329 4.34
2.029982 4.68
2.042484 4.34
2.071330 4.34
2.083705 4.68
2.112455 4.68
2.128331 4.34
2.153580 4.34
2.164331 4.68
2.199986 4.34
2.212350 4.34
2.241346 4.68
2.253707 4.34
2.282582 4.68
2.293332 4.68
2.328975 4.34
2.341350 4.68
2.370351 4.68
2.382707 4.68
2.411333 4.34
2.423708 4.34
2.452458 4.68
2.468458 4.34
2.493583 4.34
2.504458 4.68
2.539987 4.68
2.555974 4.34
2.581351 4.68
2.597349 4.34
2.622584 4.34
2.633335 4.34
2.668990 4.34
2.684976 4.34
2.710350 4.34
2.726352 4.34
2.751335 4.68
2.767354 4.68
2.792336 4.34
2.808461 4.68
2.833336 4.68
2.849354 4.68
2.874336 4.68
2.890354 4.68
2.915462 4.34
2.931337 4.34
2.956587 4.34
2.967462 4.34
3.002980 4.34
3.018867 4.34
3.044338 4.34
3.060338 4.34
3.085463 4.34
3.101463 4.34
3.126588 4.34
3.137339 4.34
3.172991 4.34
3.188979 4.34
3.214354 4.34
3.230354 4.34
3.255339 4.34
3.271340 4.34
3.296464 4.34
3.312340 4.34
3.337590 4.34
3.348465 4.34
3.383980 4.34
3.399841 4.34
3.425341 4.34
3.441358 4.34
3.466341 4.34
3.482341 4.34
3.507341 4.34
3.523359 4.34
3.548342 4.34
3.564467 4.34
3.589467 4.34
3.605467 4.34
3.630592 4.34
3.641343 4.34
3.676983 4.34
3.692986 4.34
3.718360 4.34
3.734361 4.34
3.759343 4.34
3.775344 4.34
3.800468 4.34
3.816344 4.34
3.841594 4.34
3.852344 4.34
3.887985 4.34
3.903845 4.34
3.929361 4.34
3.945363 4.34
3.970345 4.34
3.986345 4.34
4.011470 4.34
4.027346 4.34
4.052595 4.34
4.063346 4.34
4.099000 4.34
4.114986 4.34
4.140361 4.34
4.156363 4.34
4.181472 4.68
4.197347 4.34
4.224348 4.34
4.235114 4.34
4.265472 4.34
4.281348 4.34
4.308348 4.34
4.319115 4.34
4.349348 4.68
4.365348 4.68
4.390348 4.68
4.406349 4.34
4.431349 4.68
4.447349 4.34
4.472474 4.68
4.483349 4.34
4.515350 4.34
4.526225 4.68
4.556474 4.68
4.567350 4.68
4.599351 4.34
4.610242 4.34
4.640475 4.34
4.651350 4.34
4.683352 4.34
4.694241 4.34
4.724476 4.34
4.735351 4.34
4.767381 4.34
4.778243 4.34
4.810382 4.34
4.821243 4.34
4.853382 4.34
4.864244 4.34
4.899728 4.34
4.912246 4.34
4.941245 4.68
4.953603 4.34
4.982478 4.34
4.993353 4.34
5.028728 4.34
5.039479 4.68
5.070246 4.34
5.082729 4.34
5.116729 4.34
5.129230 4.34
5.158247 4.34
5.174480 4.34
5.199371 4.68
5.215370 4.34
5.245730 4.34
5.261730 4.34
5.287134 4.34
5.297856 4.34
5.328356 4.68
5.339123 4.34
5.369357 4.68
5.380124 4.34
5.410356 4.68
5.421124 4.34
5.451356 4.68
5.462249 4.34
5.492357 4.68
5.503247 4.34
5.533483 4.34
5.544357 4.68
5.579732 4.68
5.590608 4.34
5.621135 4.34
5.631860 4.68
5.662484 4.68
5.673359 4.34
5.708734 4.34
5.719484 4.34
5.750252 4.68
5.766252 4.68
5.791377 4.68
5.807376 4.68
5.832360 4.68
5.843140 4.34
5.873485 4.34
5.884360 4.68
5.919735 4.34
5.930485 4.34
5.961141 4.34
5.972013 4.68
6.002486 4.34
6.013361 4.34
6.048736 4.34
6.059611 4.34
6.090140 4.34
6.101015 4.34
6.131362 4.34
6.142130 4.34
6.172362 4.34
6.183130 4.34
6.213488 4.34
6.224363 4.34
6.259737 4.68
6.270488 4.68
6.301143 4.68
6.312016 4.34
6.342363 4.34
6.353131 4.68
6.383489 4.68
6.394255 4.68
6.429739 4.68
6.440490 4.34
6.471143 4.68
6.482017 4.34
6.512365 4.34
6.523133 4.34
6.553491 4.34
6.564257 4.34
6.599741 4.68
6.610491 4.68
6.641259 4.34
6.657257 4.34
6.682367 4.34
6.693260 4.34
6.723492 4.34
6.734257 4.68
6.769742 4.34
6.780617 4.34
6.811021 4.34
6.821742 4.34
6.852257 4.34
6.868136 4.34
6.893260 4.34
6.909135 4.34
6.934369 4.34
6.945136 4.34
6.975494 4.34
6.986260 4.34
7.021744 4.34
7.032494 4.34
7.063148 4.34
7.074021 4.34
7.104370 4.68
7.115135 4.34
7.145495 4.68
7.156245 4.68
7.191745 4.34
7.216148 4.34
7.228621 4.34
7.257496 4.34
7.268263 4.68
7.303746 4.34
7.328023 4.34
7.338872 4.34
7.369264 4.68
7.385139 4.68
7.410497 4.68
7.421265 4.34
7.456754 4.34
7.469279 4.34
7.498150 4.34
7.510623 4.68
7.539498 4.68
7.550266 4.68
7.585756 4.34
7.598281 4.34
7.627152 4.68
7.643142 4.34
7.668499 4.68
7.679264 4.34
7.714757 4.34
7.727155 4.34
7.756154 4.34
7.772142 4.34
7.797376 4.34
7.808155 4.34
7.838501 4.34
7.849265 4.34
7.884759 4.34
7.909153 4.34
7.925031 4.34
7.950502 4.34
7.961270 4.34
7.996627 4.34
8.007502 4.34
8.038029 4.34
8.048906 4.34
8.079377 4.34
8.090270 4.34
8.120378 4.34
8.131270 4.34
8.161378 4.34
8.172270 4.34
8.202503 4.34
8.213379 4.34
8.248756 4.34
8.273272 4.34
8.302756 4.34
8.318758 4.68
8.344271 4.34
8.360272 4.34
8.385379 4.34
8.396272 4.34
8.426380 4.34
8.437272 4.34
8.467506 4.34
8.478272 4.34
8.513759 4.34
8.529759 4.34
8.555271 4.34
8.571271 4.34
8.596382 4.34
8.607272 4.34
8.637381 4.34
8.648275 4.34
8.678382 4.34
8.689273 4.34
8.719508 4.34
8.730274 4.34
8.765764 4.34
8.781764 4.34
8.807276 4.34
8.823274 4.34
8.848384 4.34
8.859274 4.34
8.889383 4.34
8.900274 4.34
8.930384 4.68
8.941276 4.68
8.971510 4.34
8.982385 4.34
9.017763 4.68
9.033764 4.34
9.059276 4.34
9.075277 4.34
9.100386 4.34
9.111278 4.34
9.141386 4.34
9.152276 4.34
9.182386 4.34
9.193277 4.34
9.223512 4.34
9.234387 4.34
9.269763 4.34
9.285764 4.34
9.311279 4.68
9.327280 4.68
9.352388 4.34
9.363281 4.34
9.393388 4.34
9.404279 4.68
9.434388 4.34
9.445278 4.34
9.477170 4.34
9.487917 4.34
9.518514 4.68
9.529281 4.34
9.564771 4.34
9.575768 4.34
9.606281 4.34
9.622282 4.34
9.647390 4.34
9.658282 4.34
9.688542 4.34
9.699402 4.34
9.730175 4.34
9.746399 4.34
9.777039 4.34
9.789646 4.68
9.818393 4.68
9.829287 4.68
9.859968 5.00
9.870958 5.00
9.903150 5.00
9.914168 5.00
9.949776 5.00
9.960771 5.00
9.991286 5.00
10.007289 5.00
10.032394 5.00
10.043269 5.00
10.078769 5.00
10.089643 5.35
10.120286 5.35
10.136283 5.00
10.166967 5.35
10.178031 5.35
10.213789 5.00
10.224777 5.00
10.255400 5.35
10.266292 5.35
10.296933 5.35
10.307774 5.35
10.338397 5.35
10.349288 5.00
10.379646 5.00
10.392147 5.00
10.420923 5.35
10.431809 5.35
10.467964 5.00
10.479031 5.35
10.511194 5.35
10.522185 5.35
10.552800 5.69
10.563797 5.35
10.594403 5.69
10.605403 5.69
10.635799 5.69
10.646650 5.69
10.677294 5.35
10.688041 5.69
10.718649 5.35
10.731025 5.69
10.760051 5.69
10.776053 5.69
10.801399 5.69
10.812415 5.69
10.843033 5.69
10.859178 5.69
10.889943 5.69
10.900780 5.35
10.931404 5.35
10.942293 5.69
10.972652 5.69
10.988651 5.35
11.017055 5.35
11.033325 5.69
11.058401 5.35
11.069292 5.35
11.104817 5.69
11.115807 5.69
11.146410 5.35
11.157309 5.35
11.187939 5.35
11.198823 5.35
11.229404 5.69
11.240296 5.35
11.270807 5.69
11.281653 5.69
11.312294 5.35
11.323167 5.69
11.358652 5.69
11.374804 5.35
11.400206 5.69
11.411194 5.69
11.441808 5.69
11.452847 5.69
11.483316 5.69
11.494312 5.69
11.524819 6.01
11.535658 5.69
11.566299 5.69
11.577051 6.01
11.612783 6.01
11.623656 6.01
11.654298 5.69
11.665048 6.01
11.700656 6.01
11.716656 6.01
11.742174 5.69
11.758171 6.01
11.783407 6.01
11.794444 6.01
11.825042 6.01
11.841188 6.01
11.871960 6.01
11.888305 0.05
11.918661 6.36
11.934791 12.32
11.960068 6.36
11.976302 6.36
12.001410 6.36
12.012300 6.36
12.047534 12.32
12.058409 6.36
12.088659 6.36
12.104534 6.36
12.129938 6.36
12.140659 6.36
12.176971 6.36
12.189544 0.05
12.223793 6.36
12.234666 12.32
12.265310 6.36
12.276056 6.36
12.306663 6.36
12.322663 12.32
12.347944 6.36
12.358788 0.05
12.391038 6.36
12.401788 6.36
12.434069 6.36
12.445052 6.36
12.475672 6.36
12.486670 6.36
12.517311 12.32
12.528307 6.36
12.558823 6.36
12.569666 6.36
12.600182 6.36
12.616307 6.36
12.646664 12.32
12.662816 6.36
12.687815 6.36
12.698663 6.36
12.729178 6.36
12.750833 12.32
12.761806 6.36
12.794076 6.36
12.804918 6.36
12.835680 6.36
12.846677 6.36
12.877325 6.36
12.888324 6.36
12.918976 6.36
12.935189 6.36
12.965670 6.36
12.976670 6.36
13.007309 6.36
13.018181 6.36
13.053542 6.36
13.066069 6.36
13.094818 6.36
13.105667 6.36
13.136309 6.36
13.147252 6.36
13.177987 6.36
13.194204 6.36
13.224801 6.36
13.235673 6.36
13.271672 6.36
13.287671 6.36
13.313064 6.36
13.329061 6.36
13.355921 6.36
13.366796 6.36
13.397313 6.36
13.408060 6.36
13.438545 6.36
13.454547 6.36
13.479671 6.36
13.490546 6.36
13.521188 6.36
13.532072 6.36
13.562545 6.36
13.578420 6.36
13.603822 6.36
13.614671 6.36
13.645310 6.36
13.656188 6.36
13.691672 6.36
13.702546 6.36
13.733111 6.36
13.749336 6.36
13.779548 6.36
13.795422 6.36
13.820824 6.36
13.831673 6.36
13.862312 6.36
13.873186 6.36
13.908424 6.36
13.919315 6.36
13.949424 6.36
13.960298 6.36
13.990424 6.36
14.001315 6.36
14.031424 6.36
14.042333 6.36
14.072689 6.36
14.083687 6.36
14.114340 6.36
14.125342 6.36
14.155980 6.36
14.172212 6.36
14.197324 6.36
14.208195 6.36
14.238834 6.36
14.249677 6.36
14.280194 6.36
14.290927 6.36
14.326552 6.36
14.342552 6.36
14.367678 6.36
14.378553 6.36
14.409195 6.36
14.419927 6.36
14.455428 6.36
14.466303 6.36
14.496428 6.36
14.507321 6.36
14.537428 6.36
14.548321 6.36
14.578429 6.36
14.589320 6.36
14.619430 6.36
14.630322 6.36
14.660684 6.36
14.671684 6.36
14.702318 6.36
14.713193 6.36
14.744006 6.36
14.760210 6.36
14.790874 6.36
14.803441 6.36
14.837686 6.36
14.848686 6.36
14.879200 6.36
14.890203 6.36
14.920684 6.36
14.931683 6.36
14.962201 6.36
14.973198 6.36
15.003432 6.36
15.014327 6.36
15.045107 6.36
15.066565 6.36
15.082689 6.36
15.108063 6.36
15.124205 6.36
15.154856 6.36
15.167439 6.36
15.196205 6.36
15.207206 6.36
15.237561 6.36
15.253561 6.36
15.278843 6.36
15.291435 6.36
15.320200 6.36
15.331060 6.36
15.361560 6.36
15.377435 6.36
15.402685 6.36
15.413560 6.36
15.443936 6.36
15.459936 6.36
15.485203 6.36
15.495936 6.36
15.526561 6.36
15.542436 6.36
15.567687 6.36
15.578686 6.36
15.609204 6.36
15.619937 6.36
15.655438 6.36
15.667968 6.36
15.696563 6.36
15.712563 6.36
15.737688 6.36
15.748563 6.68
15.779204 6.68
15.789938 6.36
15.825439 6.68
15.837969 6.68
15.866689 6.36
15.877439 6.36
15.907939 6.36
15.923816 6.36
15.950941 6.36
15.961815 6.36
15.993941 6.36
16.004845 6.36
16.040565 6.36
16.056440 6.36
16.081816 6.36
16.092691 6.36
16.124971 6.36
16.135846 6.36
16.171567 6.36
16.187442 6.36
16.212692 6.36
16.223567 6.36
16.254104 6.36
16.264833 6.36
16.300568 6.36
16.316442 6.36
16.341819 6.36
16.354334 6.36
16.383098 6.36
16.393819 6.36
16.424443 6.36
16.440443 6.36
16.465569 6.36
16.481444 6.36
16.506694 6.36
16.517569 6.68
16.548209 6.36
16.558960 6.36
16.594695 6.36
16.605570 6.36
16.636210 6.36
16.646963 6.36
16.677445 6.36
16.693570 6.36
16.718571 6.36
16.729321 6.36
16.759822 6.36
16.775973 6.36
16.801098 6.36
16.811822 6.36
16.842322 6.36
16.853087 6.36
16.883322 6.36
16.894088 6.36
16.924448 6.36
16.940572 6.36
16.965573 6.36
16.976323 6.36
17.006824 6.36
17.022824 6.36
17.053574 6.36
17.064323 6.36
17.094699 6.36
17.105449 6.36
17.136214 6.36
17.146976 6.36
17.177324 6.36
17.188091 6.36
17.218450 6.36
17.234575 6.36
17.259575 6.36
17.270325 6.36
17.300826 6.36
17.316978 6.36
17.347576 6.36
17.358325 6.36
17.388701 6.36
17.399576 6.36
17.430106 6.36
17.440970 6.36
17.471327 6.36
17.482095 6.36
17.512452 6.36
17.528577 6.36
17.553577 6.36
17.564453 6.36
17.594829 6.36
17.610829 6.36
17.641578 6.36
17.652327 6.36
17.682704 6.36
17.693453 6.36
17.724108 6.36
17.734830 6.36
17.765454 6.36
17.781579 6.36
17.806578 6.36
17.817330 6.36
17.847830 6.36
17.863831 6.36
17.894580 6.36
17.905455 6.36
17.935831 6.36
17.951984 6.36
17.977108 6.36
17.987832 6.36
18.018456 6.36
18.034581 6.36
18.059581 6.36
18.070332 6.36
18.100832 6.36
18.116988 6.36
18.147582 6.36
18.158332 6.36
18.188833 6.36
18.204987 6.36
18.230111 6.36
18.240987 6.36
18.271333 6.36
18.282101 6.36
18.312333 6.36
18.323099 6.36
18.353459 6.36
18.369459 6.36
18.394584 6.36
18.405459 6.36
18.435835 6.36
18.451988 6.36
18.477102 6.36
18.487836 6.36
18.518460 6.36
18.534585 6.36
18.559586 6.36
18.570335 6.36
18.600836 6.36
18.616990 6.36
18.647586 6.36
18.658461 6.36
18.688837 6.36
18.704991 6.36
18.735587 6.36
18.746462 6.68
18.776838 6.36
18.792989 6.36
18.819842 6.36
18.830712 6.36
18.862842 6.36
18.873713 6.36
18.905842 6.36
18.916713 6.36
18.952588 6.36
18.963338 6.36
18.993840 6.36
19.009992 6.36
19.036718 6.36
19.047464 6.36
19.079718 6.36
19.090464 6.36
19.122719 6.36
19.133465 6.68
19.169358 6.36
19.181719 6.36
19.210590 6.36
19.221465 6.36
19.251842 6.36
19.267994 6.36
19.298591 6.36
19.309466 6.36
19.339842 6.36
19.355995 6.36
19.386357 6.36
19.398720 6.36
19.427592 6.36
19.438342 6.36
19.468843 6.36
19.484995 6.36
19.515468 6.36
19.526360 6.36
19.556593 6.36
19.567468 6.36
19.597844 6.36
19.608719 6.36
19.644362 6.36
19.660359 6.36
19.685594 6.36
19.696470 6.36
19.726720 6.36
19.742720 6.36
19.773360 6.36
19.789361 6.36
19.814595 6.36
19.825470 6.36
19.855864 6.36
19.866721 6.36
19.902363 6.36
19.918364 6.36
19.943596 6.36
19.954346 6.68
19.984847 6.68
19.995722 6.36
20.031362 6.36
20.047364 6.36
20.072597 6.36
20.083473 6.36
20.113848 6.36
20.124723 6.36
20.160367 6.36
20.176364 6.36
20.201598 6.36
20.212349 6.36
20.242849 6.36
20.253723 6.36
20.289367 6.36
20.305367 6.36
20.330599 6.36
20.341474 6.36
20.371850 6.36
20.382725 6.36
20.418600 6.36
20.429475 6.36
20.459851 6.36
20.470725 6.36
20.506601 6.36
20.517351 6.36
20.547852 6.36
20.558726 6.36
20.594369 6.36
20.610369 6.36
20.635602 6.36
20.646352 6.36
20.676853 6.36
20.687727 6.36
20.723370 6.36
20.739370 6.36
20.764603 6.36
20.775353 6.36
20.805854 6.36
20.816728 6.36
20.852372 6.36
20.868371 6.36
20.893604 6.36
20.904354 6.36
20.934855 6.36
20.945729 6.36
20.981371 6.36
20.997369 6.36
21.022605 6.36
21.038605 6.36
21.063730 6.36
21.079730 6.36
21.110374 6.36
21.126373 6.36
21.151606 6.36
21.162356 6.36
21.192858 6.36
21.203731 6.36
21.239374 6.36
21.255372 6.36
21.280607 6.36
21.291481 6.36
21.321858 6.36
21.332732 6.36
21.368374 6.36
21.384373 6.36
21.409608 6.36
21.422125 6.36
21.450860 6.36
21.461733 6.36
21.497358 6.36
21.513376 6.36
21.538484 6.36
21.549359 6.36
21.579609 6.36
21.590359 6.36
21.620861 6.36
21.631734 6.36
21.667377 6.36
21.683377 6.36
21.708610 6.36
21.721128 6.36
21.749735 6.36
21.765735 6.36
21.796379 6.36
21.812486 6.36
21.837611 6.36
21.850129 6.36
21.878863 6.36
21.889737 6.36
21.925379 6.36
21.941380 6.36
21.966612 6.36
21.979005 6.36
22.007863 6.36
22.018737 6.36
22.054131 6.36
22.064864 6.36
22.095363 6.36
22.111381 6.36
22.136364 6.36
22.152364 6.36
22.177489 6.68
22.188256 6.36
22.218614 6.68
22.231007 6.68
22.259865 6.68
22.270740 6.36
22.306130 6.36
22.316865 6.36
22.347490 6.36
22.358256 6.36
22.388616 6.36
22.401007 6.36
22.429867 6.36
22.440616 6.36
22.476492 6.36
22.487256 6.36
22.517617 6.36
22.533617 6.36
22.558867 6.36
22.569617 6.36
22.600133 6.36
22.610868 6.36
22.641368 6.36
22.652136 6.36
22.682493 6.36
22.693260 6.36
22.723618 6.36
22.739618 6.36
22.764743 6.36
22.775494 6.36
22.811384 6.36
22.822134 6.36
22.852494 6.36
22.863262 6.36
22.893619 6.36
22.909620 6.36
22.934871 6.36
22.945620 6.36
22.981260 6.36
22.997261 6.36
23.022496 6.36
23.033262 6.36
23.063621 6.36
23.079621 6.36
23.104871 6.36
23.115621 6.36
23.146138 6.36
23.156872 6.36
23.187497 6.36
23.198263 6.36
23.228622 6.36
23.244622 6.36
23.269872 6.36
23.280622 6.36
23.311152 6.36
23.327265 6.36
23.352373 6.36
23.363141 6.36
23.393499 6.36
23.404264 6.36
23.434624 6.36
23.450624 6.36
23.475875 6.36
23.486624 6.36
23.517142 6.36
23.527875 6.36
23.558500 6.36
23.569268 6.68
23.599625 6.36
23.615625 6.36
23.640903 6.36
23.651758 6.36
23.682390 6.36
23.693143 6.68
23.723626 6.36
23.739501 6.36
23.770267 6.36
23.786269 6.36
23.811392 6.68
23.822127 6.68
23.852627 6.36
23.868627 6.36
23.893906 6.36
23.904755 6.36
23.935395 6.36
23.946269 6.36
23.976628 6.36
23.992628 6.36
24.017757 6.36
24.028629 6.36
24.064504 6.36
24.075379 6.36
24.105629 6.36
24.121630 6.36
24.146909 6.36
24.157757 6.36
24.188397 6.36
24.199272 6.36
24.229630 6.36
24.245630 6.36
24.270909 6.36
24.281759 6.36
24.312396 6.36
24.323273 6.36
24.353631 6.36
24.369506 6.36
24.396641 6.36
24.407506 6.36
24.443272 6.36
24.459275 6.36
24.484382 6.36
24.495275 6.36
24.525382 6.36
24.536273 6.36
24.566508 6.36
24.577273 6.36
24.607633 6.36
24.623633 6.36
24.650643 6.36
24.661384 6.36
24.693518 6.36
24.704384 6.36
24.734634 6.36
24.750634 6.36
24.777519 6.36
24.788385 6.36
24.818635 6.36
24.834635 6.36
24.865040 6.36
24.877541 6.36
24.906386 6.36
24.917275 6.36
24.947386 6.36
24.958279 6.36
24.988386 6.36
24.999278 6.36
25.029511 6.36
25.041914 6.36
25.070637 6.36
25.086637 6.36
25.117042 6.36
25.129516 6.36
25.158388 6.36
25.169279 6.36
25.199388 6.36
25.210278 6.36
25.240513 6.36
25.256514 6.36
25.281638 6.36
25.292513 6.36
25.328281 6.36
25.339043 6.36
25.369389 6.68
25.380279 6.36
25.410390 6.36
25.421265 6.36
25.451515 6.36
25.463917 6.36
25.492640 6.36
25.503390 6.36
25.539045 6.36
25.555042 6.36
25.580281 6.36
25.591034 6.36
25.621516 6.36
25.637392 6.36
25.662641 6.36
25.673517 6.36
25.709046 6.36
25.725047 6.68
25.750392 6.36
25.761283 6.36
25.791392 6.36
25.802268 6.36
25.832518 6.36
25.848518 6.36
25.873643 6.36
25.884393 6.36
25.920284 6.36
25.931033 6.36
25.961394 6.36
25.972285 6.36
26.002519 6.36
26.018519 6.36
26.043645 6.36
26.054519 6.36
26.090412 6.36
26.101285 6.36
26.131645 6.36
26.142395 6.36
26.178051 6.36
26.194050 6.36
26.219396 6.36
26.230289 6.36
26.260396 6.36
26.271271 6.36
26.301521 6.36
26.317522 6.36
26.342647 6.36
26.353522 6.68
26.383774 6.36
26.394647 6.36
26.425288 6.36
26.436040 6.68
26.466523 6.36
26.482523 6.36
26.507648 6.36
26.518523 6.68
26.554051 6.68
26.564775 6.36
26.595289 6.36
26.606040 6.68
26.636399 6.36
26.647289 6.36
26.677399 6.36
26.688275 6.36
26.718400 6.68
26.729275 6.36
26.759400 6.68
26.770275 6.36
26.800401 6.68
26.811292 6.36
26.841401 6.36
26.852276 6.36
26.882401 6.36
26.893276 6.36
26.923402 6.36
26.934293 6.36
26.964401 6.36
26.976932 6.36
27.005402 6.36
27.016292 6.36
27.046402 6.36
27.057278 6.68
27.087403 6.68
27.098295 6.68
27.128403 6.36
27.140933 6.36
27.169404 6.36
27.180295 6.36
27.210404 6.36
27.222932 6.36
27.251404 6.36
27.263936 6.36
27.292530 6.36
27.308404 6.36
27.333655 6.36
27.344530 6.36
27.380058 6.36
27.392540 6.36
27.421406 6.36
27.433934 6.36
27.462406 6.36
27.474934 6.36
27.503406 6.36
27.515783 6.36
27.544406 6.36
27.556783 6.36
27.585406 6.36
27.597783 6.36
27.626532 6.36
27.642407 6.36
27.667658 6.36
27.678407 6.36
27.709062 6.36
27.721439 6.36
27.750408 6.36
27.762800 6.36
27.791533 6.36
27.807533 6.36
27.832658 6.36
27.843409 6.36
27.879061 6.36
27.891418 6.36
27.920409 6.68
27.936284 6.36
27.961410 6.36
27.973785 6.36
28.002410 6.36
28.018285 6.36
28.043410 6.36
28.055786 6.36
28.084410 6.36
28.100411 6.36
28.125410 6.36
28.137787 6.36
28.166537 6.36
28.182411 6.36
28.207662 6.36
28.218411 6.36
28.249066 6.36
28.265055 6.36
28.290412 6.36
28.306412 6.36
28.331413 6.36
28.347413 6.36
28.372413 6.36
28.388288 6.36
28.413413 6.36
28.429414 6.36
28.454414 6.36
28.470289 6.36
28.495414 6.36
28.511289 6.36
28.536414 6.36
28.552414 6.36
28.577414 6.36
28.593290 6.36
28.618415 6.36
28.634290 6.36
28.659415 6.36
28.675415 6.36
28.700416 6.36
28.716291 6.36
28.741416 6.36
28.757291 6.36
28.782416 6.36
28.798417 6.36
28.823416 6.36
28.839292 6.36
28.864417 6.36
28.880417 6.36
28.905417 6.36
28.921292 6.36
28.946417 6.36
28.962293 6.36
28.987418 6.36
29.003418 6.36
29.029418 6.36
29.040308 6.36
29.070544 6.36
29.081294 6.36
29.111669 6.36
29.122419 6.36
29.153185 6.36
29.164185 6.36
29.194420 6.36
29.210420 6.36
29.235545 6.36
29.246420 6.68
29.281936 6.36
29.297920 6.36
29.323311 6.36
29.334062 6.36
29.364421 6.36
29.380295 6.36
29.405421 6.36
29.421296 6.36
29.446421 6.36
29.462296 6.36
29.487421 6.36
29.503297 6.36
29.528422 6.36
29.544297 6.36
29.569422 6.36
29.585298 6.36
29.610422 6.36
29.626298 6.36
29.651423 6.36
29.667299 6.36
29.692423 6.36
29.708299 6.36
29.733424 6.36
29.749298 6.36
29.774424 6.36
29.790299 6.36
29.815425 6.36
29.831316 6.36
29.856424 6.36
29.872300 6.36
29.897425 6.36
29.913300 6.36
29.938425 6.36
29.954301 6.36
29.979425 6.36
29.995301 6.36
30.020426 6.36
30.036301 6.36
30.061426 6.36
30.077301 6.36
30.102427 6.36
30.118301 6.36
30.143427 6.36
30.159302 6.36
30.184427 6.36
30.200302 6.36
30.225427 6.36
30.241303 6.36
30.266428 6.36
30.282303 6.36
30.307428 6.36
30.323304 6.36
30.348428 6.36
30.364304 6.36
30.389429 6.36
30.405304 6.36
30.430429 6.68
30.446304 6.36
30.471429 6.36
30.482305 6.36
30.512430 6.36
30.523305 6.36
30.553430 6.36
30.564305 6.36
30.594430 6.36
30.605306 6.68
30.635431 6.36
30.646306 6.36
30.676431 6.36
30.687306 6.36
30.717431 6.68
30.728307 6.36
30.758432 6.68
30.769307 6.68
30.799432 6.68
30.810308 6.36
30.840557 6.68
30.851308 6.36
30.886933 6.36
30.899309 6.36
30.928325 6.36
30.944323 6.36
30.969309 6.36
30.981683 6.68
31.010309 6.68
31.026434 6.68
31.051309 6.36
31.067309 6.68
31.092310 6.68
31.108310 6.36
31.133310 6.36
31.149310 6.36
31.174310 6.36
31.190310 6.36
31.215311 6.36
31.231311 6.36
31.256311 6.36
31.272311 6.36
31.297311 6.36
31.313436 6.36
31.338311 6.36
31.354312 6.36
31.379437 6.36
31.395312 6.36
31.420562 6.36
31.431312 6.36
31.466955 6.36
31.482956 6.36
31.508330 6.36
31.524328 6.36
31.549438 6.36
31.565313 6.36
31.590563 6.36
31.601314 6.36
31.636956 6.36
31.652954 6.36
31.678331 6.36
31.694314 6.36
31.719439 6.36
31.735315 6.36
31.760564 6.36
31.771315 6.36
31.806845 6.36
31.817565 6.36
31.848332 6.36
31.864330 6.36
31.889566 6.36
31.900315 6.36
31.935959 6.36
31.951820 6.36
31.977331 6.36
31.993331 6.36
32.018442 6.36
32.034317 6.36
32.059567 6.36
32.070317 6.36
32.105961 6.36
32.121960 6.36
32.147333 6.36
32.163318 6.36
32.188318 6.36
32.204319 6.36
32.229443 6.36
32.245319 6.36
32.270569 6.36
32.281318 6.36
32.316961 6.36
32.332820 6.36
32.358444 6.36
32.374320 6.36
32.399569 6.36
32.410320 6.36
32.445963 6.36
32.461960 6.36
32.487335 6.36
32.503446 6.36
32.528321 6.36
32.544339 6.36
32.569321 6.36
32.585339 6.36
32.610322 6.36
32.626337 6.36
32.651322 6.36
32.667340 6.36
32.692322 6.36
32.708340 6.36
32.733322 6.36
32.749337 6.36
32.774323 6.36
32.790448 6.36
32.815323 6.36
32.831340 6.36
32.856449 6.36
32.867324 6.36
32.899324 6.36
32.910089 6.36
32.940449 6.36
32.951324 6.36
32.983325 6.36
32.994216 6.36
33.024325 6.36
33.040340 6.36
33.065450 6.36
33.076325 6.36
33.108326 6.36
33.119093 6.36
33.149451 6.36
33.160340 6.36
33.192231 6.36
33.203219 6.36
33.235232 6.36
33.246216 6.36
33.276452 6.36
33.287343 6.36
33.319233 6.36
33.330220 6.36
33.360327 6.36
33.371220 6.36
33.401328 6.36
33.412219 6.36
33.442453 6.36
33.453328 6.36
33.488703 6.36
33.499453 6.36
33.530108 6.36
33.540984 6.36
33.571454 6.36
33.582329 6.36
33.617704 6.36
33.633705 6.36
33.659108 6.36
33.669831 6.36
33.700330 6.36
33.711095 6.36
33.741330 6.36
33.752220 6.36
33.782456 6.36
33.793331 6.36
33.828706 6.36
33.839456 6.36
33.869987 6.36
33.880833 6.36
33.911332 6.36
33.922097 6.36
33.952457 6.36
33.963332 6.36
33.998707 6.36
34.009457 6.36
34.040111 6.36
34.050988 6.36
34.081333 6.36
34.092101 6.36
34.122458 6.36
34.133333 6.36
34.168709 6.36
34.179459 6.36
34.210113 6.36
34.220836 6.36
34.251459 6.36
34.262335 6.36
34.297710 6.36
34.308585 6.36
34.339115 6.36
34.349989 6.36
34.380460 6.36
34.391336 6.36
34.426711 6.68
34.437586 6.36
34.468116 6.36
34.478837 6.36
34.509337 6.68
34.520104 6.36
34.550337 6.36
34.561104 6.36
34.591337 6.36
34.602102 6.36
34.632338 6.36
34.643108 6.36
34.673463 6.36
34.684338 6.36
34.719713 6.36
34.735713 6.36
34.761118 6.36
34.771840 6.36
34.802464 6.36
34.813355 6.36
34.848714 6.36
34.859464 6.36
34.890118 6.36
34.902589 6.36
34.931465 6.36
34.942340 6.36
34.977715 6.36
34.988465 6.36
35.019120 6.36
35.031590 6.36
35.060466 6.36
35.071341 6.36
35.106716 6.36
35.117591 6.36
35.148120 6.36
35.160717 6.36
35.189467 6.36
35.200342 6.36
35.235717 6.36
35.248219 6.36
35.277122 6.36
35.289718 6.36
35.318343 6.36
35.329109 6.36
35.359343 6.68
35.370110 6.36
35.400344 6.36
35.411111 6.36
35.441469 6.36
35.452344 6.36
35.487719 6.36
35.498469 6.36
35.529121 6.36
35.541594 6.36
35.570470 6.36
35.581345 6.36
35.616720 6.36
35.627470 6.36
35.658125 6.36
35.670721 6.36
35.699471 6.36
35.710346 6.36
35.745721 6.36
35.761721 6.36
35.787126 6.36
35.799596 6.36
35.833597 6.36
35.844347 6.36
35.874877 6.36
35.885722 6.36
35.916365 6.36
35.927239 6.36
35.957473 6.36
35.968348 6.36
36.003723 6.36
36.019724 6.36
36.045241 6.36
36.061364 6.36
36.086363 6.36
36.097114 6.36
36.132724 6.36
36.145101 6.36
36.174128 6.36
36.190003 6.36
36.215350 6.36
36.226118 6.36
36.256475 6.36
36.267350 6.36
36.302725 6.36
36.315102 6.36
36.344127 6.36
36.360003 6.36
36.385477 6.36
36.396351 6.36
36.431727 6.68
36.447601 6.36
36.473129 6.36
36.489005 6.36
36.514477 6.68
36.525353 6.36
36.560727 6.36
36.576603 6.36
36.601993 6.36
36.612728 6.36
36.643368 6.36
36.654121 6.36
36.684354 6.36
36.695120 6.36
36.725354 6.36
36.736120 6.36
36.766355 6.36
36.777121 6.36
36.807355 6.36
36.818120 6.36
36.848480 6.36
36.859355 6.36
36.894730 6.36
36.910605 6.36
36.936133 6.36
36.952010 6.36
36.977481 6.36
36.988356 6.36
37.023731 6.36
37.039606 6.36
37.065247 6.36
37.081482 6.36
37.106373 6.36
37.117124 6.36
37.147357 6.36
37.158125 6.36
37.188482 6.36
37.199358 6.36
37.234733 6.36
37.250608 6.36
37.276135 6.36
37.292138 6.36
37.317484 6.36
37.328359 6.36
37.363734 6.36
37.379609 6.68
37.405138 6.36
37.421139 6.36
37.446485 6.36
37.457360 6.36
37.492735 6.36
37.508735 6.36
37.534140 6.36
37.550140 6.36
37.577112 6.36
37.588013 6.36
37.618377 6.36
37.629128 6.36
37.664736 6.36
37.680611 6.36
37.706141 6.36
37.722016 6.36
37.749142 6.36
37.760015 6.36
37.790488 6.36
37.801363 6.36
37.836738 6.36
37.852613 6.36
37.878015 6.36
37.888864 6.36
37.919379 6.36
37.930131 6.36
37.965738 6.36
37.981614 6.36
38.007255 6.36
38.023255 6.36
38.048256 6.36
38.059008 6.36
38.091131 6.36
38.101865 6.36
38.134134 6.36
38.144865 6.36
38.177145 6.36
38.188020 6.36
38.220146 6.36
38.230867 6.36
38.263147 6.36
38.274021 6.36
38.306147 6.36
38.316867 6.36
38.349145 6.36
38.359867 6.36
38.392147 6.36
38.402867 6.36
38.435147 6.36
38.446022 6.36
38.481617 6.36
38.494147 6.36
38.522868 6.36
38.533618 6.36
38.564261 6.36
38.575010 6.36
38.610619 6.36
38.623150 6.36
38.651870 6.36
38.662619 6.36
38.693135 6.36
38.709010 6.36
38.734262 6.36
38.745013 6.36
38.780745 6.36
38.796620 6.36
38.822150 6.36
38.841263 6.36
38.858147 6.36
38.888746 6.36
38.904746 6.36
38.930148 6.36
38.946026 6.36
38.976755 6.36
38.992755 6.36
39.018139 6.36
39.034027 6.36
39.064622 6.36
39.080755 6.36
39.105873 6.36
39.116623 6.36
39.147140 6.36
39.163138 6.36
39.188263 6.36
39.199026 6.36
39.234755 6.36
39.250624 6.36
39.276142 6.36
39.292028 6.36
39.322759 6.36
39.333500 6.36
39.364140 6.36
39.374903 6.36
39.410625 6.36
39.426758 6.36
39.455030 6.36
39.471155 6.36
39.496375 6.68
39.507144 6.36
39.542501 6.36
39.553267 6.68
39.583626 6.68
39.599761 6.68
39.624906 6.36
39.635755 6.36
39.666396 6.36
39.677269 6.68
39.707627 6.68
39.723503 6.36
39.748907 6.36
39.759757 6.68
39.790393 6.68
39.801271 6.36
39.831628 6.36
39.847756 6.68
39.872907 6.36
39.883756 6.36
39.914397 6.36
39.925271 6.36
39.960629 6.68
39.976629 6.36
40.001909 6.68
40.012758 6.68
40.043396 6.36
40.054271 6.68
40.084630 6.36
40.100631 6.36
40.125759 6.68
40.136631 6.36
40.167274 6.36
40.178036 6.36
40.213506 6.36
40.224382 6.36
40.254631 6.36
40.270761 6.36
40.295911 6.36
40.306761 6.36
40.337383 6.36
40.348274 6.36
40.383633 6.36
40.399633 6.36
40.428035 6.36
40.443910 6.36
40.469384 6.36
40.480275 6.36
40.515509 6.36
40.526274 6.36
40.556634 6.36
40.572634 6.36
40.597914 6.36
40.608763 6.36
40.641038 6.36
40.651763 6.36
40.684041 6.36
40.694764 6.36
40.725386 6.36
40.736277 6.36
40.771763 6.36
40.782636 6.36
40.813276 6.36
40.824041 6.36
40.859636 6.36
40.875636 6.36
40.904040 6.36
40.920039 6.36
40.947040 6.36
40.957764 6.36
40.990043 6.36
41.000917 6.36
41.033031 6.36
41.043763 6.36
41.076044 6.68
41.086915 6.36
41.119014 6.36
41.129768 6.68
41.162044 6.68
41.172918 6.36
41.205047 6.36
41.215919 6.36
41.248045 6.68
41.258916 6.68
41.291045 6.36
41.301768 6.36
41.337640 6.36
41.353640 6.68
41.378768 6.36
41.389641 6.68
41.420283 6.36
41.431033 6.36
41.466768 6.68
41.477642 6.36
41.508283 6.36
41.519033 6.36
41.554769 6.36
41.565642 6.36
41.596046 6.36
41.612283 6.36
41.642518 6.36
41.658642 6.36
41.683643 6.36
41.699643 6.36
41.724922 6.36
41.740923 6.36
41.771644 6.36
41.782519 6.36
41.812774 6.68
41.823644 6.68
41.854284 6.68
41.865160 6.36
41.895519 6.36
41.911645 6.36
41.936798 6.36
41.947645 6.36
41.978161 6.36
41.989038 6.36
42.024646 6.36
42.035521 6.36
42.066163 6.36
42.077163 6.36
42.112646 6.68
42.123397 6.36
42.153925 6.36
42.169924 6.36
42.200647 6.36
42.211398 6.36
42.242049 6.36
42.252927 6.36
42.288523 6.36
42.304648 6.36
42.329648 6.36
42.340523 6.36
42.370928 6.36
42.387053 6.36
42.417649 6.36
42.428524 6.36
42.458926 6.36
42.474929 6.36
42.505649 6.36
42.516400 6.36
42.546930 6.36
42.563054 6.36
42.593651 6.36
42.604400 6.36
42.635055 6.36
42.645930 6.36
42.681651 6.36
42.692526 6.36
42.722928 6.36
42.738932 6.36
42.769651 6.36
42.780527 6.36
42.810929 6.36
42.826931 6.36
42.857652 6.36
42.868403 6.36
42.899057 6.36
42.909933 6.36
42.945653 6.36
42.956403 6.36
42.987057 6.36
42.997933 6.36
43.033529 6.36
43.049654 6.36
43.074654 6.36
43.085404 6.36
43.116058 6.36
43.126932 6.36
43.162405 6.36
43.173298 6.36
43.203405 6.36
43.214280 6.36
43.244405 6.36
43.255281 6.36
43.285405 6.36
43.296281 6.36
43.326406 6.36
43.337281 6.36
43.367532 6.36
43.383657 6.36
43.408657 6.36
43.419407 6.36
43.450062 6.36
43.460936 6.36
43.496533 6.36
43.512657 6.36
43.537658 6.36
43.548408 6.36
43.579061 6.36
43.589937 6.36
43.625658 6.36
43.636409 6.36
43.666939 6.36
43.683062 6.36
43.708301 6.36
43.719174 6.68
43.754660 6.36
43.765659 6.36
43.796064 6.36
43.806940 6.36
43.842660 6.36
43.853410 6.36
43.883939 6.36
43.900065 6.36
43.930661 6.36
43.941536 6.36
43.972064 6.36
43.982940 6.36
44.018411 6.36
44.030912 6.36
44.059537 6.36
44.075537 6.36
44.100537 6.36
44.116662 6.36
44.141663 6.36
44.152412 6.36
44.182942 6.36
44.199065 6.36
44.229663 6.36
44.240539 6.36
44.270942 6.36
44.287069 6.36
44.317664 6.36
44.328539 6.36
44.358943 6.36
44.375066 6.36
44.405664 6.36
44.416540 6.36
44.447067 6.36
44.457792 6.36
44.493665 6.36
44.504541 6.36
44.535070 6.36
44.545943 6.36
44.581541 6.36
44.597666 6.36
44.622666 6.36
44.633541 6.36
44.664071 6.68
44.674947 6.68
44.710667 6.36
44.721667 6.36
44.752070 6.36
44.762794 6.36
44.793418 6.36
44.805823 6.36
44.834418 6.36
44.846794 6.36
44.875419 6.36
44.887794 6.36
44.916544 6.36
44.932669 6.36
44.957669 6.36
44.968544 6.36
44.998950 6.36
45.009669 6.36
45.045544 6.36
45.056420 6.36
45.086670 6.68
45.097420 6.36
45.127951 6.36
45.138822 6.36
45.169310 6.36
45.180064 6.36
45.210421 6.36
45.226546 6.36
45.251421 6.36
45.267547 6.36
45.292421 6.36
45.308547 6.36
45.333422 6.36
45.349547 6.36
45.374422 6.36
45.390548 6.36
45.415423 6.36
45.431423 6.36
45.456548 6.36
45.467297 6.36
45.497673 6.36
45.508548 6.36
45.538942 6.36
45.549674 6.36
45.585549 6.36
45.596299 6.36
45.626674 6.36
45.637424 6.36
45.667925 6.36
45.678675 6.36
45.714550 6.36
45.725300 6.36
45.755802 6.36
45.771804 6.36
45.802551 6.36
45.813319 6.36
45.843676 6.36
45.854426 6.36
45.884926 6.36
45.895676 6.36
45.931552 6.36
45.942302 6.36
45.972804 6.36
45.988927 6.68
46.019552 6.36
46.030303 6.36
46.060804 6.36
46.076804 6.36
46.107553 6.36
46.118303 6.36
46.148807 6.36
46.164805 6.36
46.195554 6.36
46.206304 6.36
46.236805 6.36
46.252929 6.36
46.283555 6.36
46.294304 6.36
46.324806 6.36
46.340930 6.36
46.371555 6.36
46.382306 6.36
46.412807 6.36
46.428931 6.36
46.459556 6.36
46.470306 6.36
46.500808 6.36
46.516931 6.36
46.547557 6.36
46.558307 6.36
46.588810 6.36
46.604932 6.36
46.635557 6.36
46.646308 6.36
46.676809 6.36
46.692933 6.36
46.723558 6.36
46.734308 6.36
46.764810 6.36
46.780934 6.36
46.811559 6.36
46.822308 6.36
46.852810 6.36
46.868811 6.36
46.899559 6.36
46.910310 6.36
46.940811 6.36
46.956811 6.36
46.987560 6.36
46.998310 6.36
47.028685 6.36
47.041310 6.36
47.075561 6.36
47.086311 6.36
47.116813 6.36
47.132936 6.36
47.163561 6.36
47.174312 6.36
47.204936 6.36
47.215687 6.36
47.251562 6.36
47.262313 6.36
47.292814 6.36
47.308814 6.36
47.339563 6.36
47.350313 6.36
47.380815 6.36
47.396814 6.36
47.427564 6.36
47.438314 6.36
47.468689 6.36
47.481079 6.36
47.511695 6.36
47.522564 6.36
47.558330 6.36
47.570695 6.36
47.599565 6.36
47.610315 6.36
47.640816 6.36
47.656957 6.36
47.681959 6.36
47.692691 6.36
47.723334 6.36
47.739334 6.36
47.764566 6.36
47.775316 6.36
47.805959 6.36
47.816691 6.36
47.847332 6.36
47.863335 6.36
47.888567 6.36
47.899442 6.36
47.929818 6.36
47.940692 6.36
47.976568 6.36
47.987317 6.36
48.017819 6.68
48.028693 6.36
48.058961 6.36
48.069694 6.36
48.100337 6.36
48.116319 6.36
48.141569 6.36
48.152320 6.36
48.182695 6.68
48.198695 6.36
48.223973 6.36
48.234695 6.36
48.265337 6.36
48.281337 6.36
48.306570 6.36
48.317321 6.36
48.347822 6.36
48.358696 6.36
48.394339 6.36
48.410336 6.36
48.435572 6.36
48.446322 6.36
48.476697 6.68
48.492697 6.36
48.523339 6.36
48.539337 6.36
48.564572 6.36
48.575323 6.68
48.605824 6.68
48.616698 6.36
48.652340 6.68
48.668342 6.36
48.693573 6.68
48.704448 6.68
48.734825 6.68
48.745699 6.36
48.781341 6.68
48.797340 6.36
48.822575 6.36
48.833450 6.68
48.863825 6.68
48.874700 6.68
48.904969 6.36
48.915700 6.36
48.946343 6.36
48.962345 6.36
48.987575 6.36
48.998327 6.36
49.028827 6.68
49.039701 6.68
49.075343 6.36
49.091342 6.36
49.116577 6.36
49.127452 6.36
49.157829 6.36
49.168702 6.36
49.204345 6.36
49.220345 6.68
49.245578 6.68
49.256453 6.36
49.286829 6.36
49.297703 6.36
49.333579 6.36
49.344329 6.36
49.374831 6.36
49.385704 6.36
49.421347 6.36
49.437344 6.68
49.462580 6.36
49.473329 6.68
49.503831 6.68
49.514705 6.36
49.550581 6.68
49.561455 6.36
49.591832 6.36
49.602706 6.68
49.638346 6.68
49.654349 6.36
49.679582 6.36
49.690457 6.36
49.720833 6.68
49.731706 6.68
49.762349 6.68
49.778348 6.36
49.803582 6.36
49.814332 6.36
49.844852 6.68
49.855708 6.68
49.886350 6.68
49.902458 6.68
49.927583 6.36
49.938334 6.68
49.968853 6.36
49.979709 6.36
50.010350 6.68
50.026459 6.68
50.051584 6.36
50.064224 6.36
50.092836 6.36
50.103710 6.68
50.139352 6.68
50.155228 6.36
50.180837 6.68
50.191710 6.36
50.227352 6.68
50.243353 6.36
50.268586 6.36
50.280978 6.36
50.309838 6.36
50.320712 6.36
50.351116 6.36
50.361839 6.68
50.392462 6.36
50.403337 6.36
50.433587 6.36
50.445980 6.36
50.474839 6.36
50.485713 6.36
50.516355 6.68
50.532353 6.36
50.557588 6.36
50.569982 6.36
50.598840 6.36
50.609714 6.36
50.645356 6.36
50.656108 6.36
50.686464 6.36
50.697340 6.36
50.727589 6.36
50.739982 6.36
50.768842 6.36
50.779715 6.36
50.810117 6.36
50.820842 6.36
50.851341 6.36
50.862108 6.36
50.892466 6.36
50.903341 6.36
50.933591 6.36
50.945985 6.36
50.974843 6.36
50.985717 6.36
51.016122 6.36
51.032235 6.36
51.057342 6.36
51.068110 6.36
51.098343 6.36
51.109110 6.36
51.139468 6.36
51.150343 6.36
51.180593 6.36
51.196593 6.36
51.221845 6.36
51.232719 6.36
51.263359 6.36
51.274110 6.36
51.304594 6.36
51.320470 6.36
51.345846 6.36
51.356719 6.36
51.387122 6.36
51.397846 6.36
51.428345 6.36
51.439113 6.36
51.469470 6.36
51.480345 6.36
51.510596 6.68
51.526596 6.36
51.551848 6.36
51.562721 6.36
51.593123 6.36
51.603848 6.68
51.634472 6.68
51.645347 6.36
51.675597 6.68
51.691472 6.36
51.716848 6.68
51.727723 6.36
51.758127 6.36
51.774241 6.68
51.799348 6.36
51.810242 6.68
51.840474 6.68
51.851349 6.68
51.881599 6.68
51.897599 6.68
51.922851 6.68
51.933724 6.68
51.964127 6.68
51.980116 6.68
52.005475 6.36
52.016350 6.36
52.046600 6.36
52.062475 6.36
52.087852 6.36
52.098725 6.36
52.129129 6.36
52.145243 6.36
52.170476 6.36
52.181351 6.36
52.211601 6.36
52.227601 6.36
52.252853 6.36
52.263727 6.36
52.294131 6.36
52.310243 6.36
52.335352 6.36
52.346119 6.36
52.376478 6.36
52.387352 6.36
52.417603 6.36
52.433478 6.36
52.460613 6.36
52.471479 6.36
52.507370 6.36
52.518122 6.36
52.548480 6.36
52.559354 6.36
52.589604 6.36
52.605604 6.36
52.632614 6.36
52.643480 6.36
52.673856 6.36
52.684730 6.36
52.715134 6.36
52.731247 6.36
52.756481 6.36
52.769010 6.36
52.797606 6.68
52.813606 6.36
52.840615 6.36
52.851482 6.36
52.883616 6.36
52.894482 6.68
52.926616 6.36
52.937482 6.36
52.969491 6.36
52.980373 6.36
53.010607 6.36
53.026608 6.36
53.053492 6.36
53.064373 6.36
53.094608 6.36
53.110608 6.36
53.141011 6.36
53.151734 6.36
53.182376 6.36
53.193126 6.36
53.223609 6.36
53.239484 6.36
53.264735 6.36
53.275610 6.36
53.306140 6.36
53.318494 6.36
53.347361 7.02
53.358128 7.02
53.388361 7.37
53.399126 7.02
53.429486 6.68
53.441862 6.68
53.470611 6.68
53.481361 6.68
53.517002 6.68
53.527737 6.68
53.558379 6.68
53.569139 6.36
53.599612 6.68
53.610487 6.36
53.646006 6.68
53.656738 7.02
53.687379 7.37
53.698131 7.37
53.728613 7.37
53.739488 7.02
53.775017 6.68
53.791014 6.68
53.816382 6.68
53.827132 6.68
53.857364 6.68
53.868132 6.68
53.898490 6.68
53.914365 6.68
53.939615 6.68
53.950365 6.68
53.986008 7.02
53.996741 7.37
54.027258 7.37
54.038008 7.02
54.068491 6.68
54.084491 6.68
54.109616 6.68
54.120366 6.68
54.156007 6.68
54.172007 6.68
54.197260 6.68
54.208010 6.68
54.238492 6.36
54.254367 6.36
54.279743 7.02
54.290618 7.02
54.321148 7.37
54.337019 7.37
54.362493 7.02
54.378494 7.02
54.403619 6.68
54.414494 6.68
54.450024 6.68
54.466023 6.68
54.491261 6.68
54.502013 6.68
54.532370 6.68
54.543137 6.68
54.573495 6.68
54.589370 7.02
54.614620 7.37
54.625495 7.37
54.661025 7.69
54.677025 7.02
54.702262 6.68
54.713012 6.68
54.743497 6.68
54.759372 6.68
54.784622 6.68
54.795497 6.68
54.831262 6.68
54.842013 6.68
54.872264 6.36
54.883024 6.36
54.913498 6.68
54.929373 7.02
54.954623 7.37
54.965373 7.37
55.001028 7.02
55.017028 6.68
55.042265 6.68
55.053027 6.68
55.083499 6.68
55.099499 6.68
55.124625 6.68
55.135374 6.68
55.171267 6.68
55.182028 6.68
55.212376 6.36
55.223140 7.02
55.253376 7.37
55.264141 7.37
55.294375 7.69
55.305144 7.02
55.335376 7.02
55.346143 6.68
55.376502 6.68
55.392501 6.68
55.417627 6.68
55.429503 6.68
55.459029 6.68
55.471503 6.68
55.500502 6.36
55.516502 6.68
55.541627 6.68
55.552503 7.02
55.583031 7.37
55.599033 7.37
55.624268 7.02
55.635032 6.68
55.665504 6.68
55.681504 6.68
55.706629 6.68
55.717504 6.68
55.748031 6.68
55.758757 6.68
55.789379 6.68
55.801907 6.36
55.830505 6.36
55.846505 7.02
55.871630 7.37
55.882506 7.37
55.913035 7.37
55.929032 7.02
55.954381 6.68
55.966760 6.68
55.995506 6.68
56.011381 6.68
56.036631 6.68
56.047382 6.68
56.078037 6.68
56.094036 6.68
56.119383 6.36
56.131761 6.36
56.160508 6.68
56.176383 7.02
56.201633 7.37
56.212383 7.37
56.243037 7.02
56.259036 7.02
56.284276 6.68
56.295036 6.68
56.325634 6.68
56.336509 6.68
56.367036 6.68
56.382913 6.68
56.408385 6.68
56.424276 6.68
56.449385 6.36
56.465510 6.68
56.490510 7.02
56.506511 7.37
56.531635 7.37
56.542386 7.02
56.578041 6.68
56.594040 6.68
56.619386 6.68
56.635279 6.68
56.660512 6.68
56.676512 6.68
56.701636 6.68
56.712387 6.68
56.748042 6.68
56.764041 6.68
56.789388 7.02
56.805388 7.37
56.830513 7.37
56.846388 7.02
56.871638 7.02
56.882388 6.68
56.913043 6.68
56.929043 6.68
56.954281 6.68
56.965041 6.68
56.995389 6.68
57.011279 6.68
57.036390 6.36
57.052282 6.36
57.077515 6.68
57.093515 7.02
57.118640 7.02
57.129516 7.37
57.160042 7.37
57.175920 7.02
57.201391 6.68
57.217282 6.68
57.242516 6.68
57.258516 6.68
57.283642 6.68
57.294516 6.68
57.325047 6.68
57.341044 6.68
57.366392 6.36
57.382392 6.36
57.407517 6.68
57.423518 7.02
57.448643 7.37
57.459518 7.37
57.495048 7.02
57.511045 6.68
57.536283 6.68
57.547037 6.68
57.577519 6.68
57.593519 6.68
57.618644 6.68
57.629394 6.68
57.665048 6.68
57.681046 6.36
57.706395 6.36
57.722395 7.02
57.747521 7.37
57.758396 7.37
57.788646 7.37
57.799521 7.02
57.830162 6.68
57.840925 6.68
57.871521 6.68
57.882397 6.68
57.914416 6.68
57.925288 6.68
57.960924 6.68
57.971647 6.68
58.002291 6.68
58.014794 6.68
58.043523 7.02
58.054398 7.37
58.089926 7.02
58.100648 7.02
58.131291 6.68
58.143775 6.68
58.172524 6.68
58.188399 6.68
58.215400 6.68
58.226291 6.68
58.256399 6.68
58.272400 6.68
58.297400 6.68
58.313400 6.68
58.338525 7.02
58.349275 7.37
58.379650 7.37
58.390525 7.37
58.420930 7.02
58.436929 7.02
58.462291 6.68
58.474777 6.68
58.503402 6.68
58.519401 6.68
58.546403 6.68
58.557293 6.68
58.587402 6.36
58.603402 6.36
58.633527 6.36
58.644278 7.02
58.676279 7.37
58.687045 7.37
58.717403 7.02
58.733278 6.68
58.758403 6.68
58.769278 6.68
58.799404 6.68
58.810279 6.68
58.840403 6.68
58.851296 6.68
58.881404 6.68
58.892279 6.68
58.922404 6.36
58.933280 6.68
58.963405 7.02
58.974280 7.37
59.004405 7.37
59.015280 7.02
59.045406 7.02
59.056281 6.68
59.086406 6.68
59.097281 6.68
59.127531 6.68
59.138406 6.68
59.173783 6.68
59.189786 6.68
59.215298 6.68
59.231298 6.36
59.256407 7.02
59.272407 7.37
59.297407 7.37
59.308283 7.37
59.338408 7.02
59.349283 6.68
59.379408 6.68
59.390283 6.68
59.420408 6.68
59.431283 6.68
59.461408 6.68
59.472284 6.68
59.502409 6.68
59.513285 6.68
59.543409 6.36
59.554285 6.68
59.584410 7.37
59.595285 7.37
59.625410 7.02
59.636285 7.02
59.666410 6.68
59.677286 6.68
59.707410 6.68
59.718300 6.68
59.748411 6.68
59.759286 6.68
59.789411 6.68
59.800286 6.68
59.830411 6.68
59.841302 6.36
59.871412 7.02
59.882287 7.02
59.912412 7.37
59.923288 7.69
59.953537 7.02
59.964288 7.02
59.999789 6.68
60.015792 6.68
60.041305 6.68
60.057303 6.68
60.082413 6.68
60.098414 6.68
60.123414 6.68
60.134289 6.36
60.164414 6.36
60.175290 7.02
60.205415 7.37
60.216290 7.37
60.246415 7.37
60.257290 7.02
60.287415 7.02
60.298290 6.68
60.328415 6.68
60.339291 6.68
60.369416 6.68
60.380291 6.68
60.410417 6.68
60.421291 6.36
60.451416 6.68
60.462292 6.36
60.492417 7.02
60.503292 7.37
60.533417 7.37
60.544293 7.37
60.574417 7.02
60.585293 6.68
60.615418 6.68
60.626293 6.68
60.656418 6.68
60.667293 6.68
60.697543 6.68
60.708293 6.68
60.743798 6.68
60.759948 6.36
60.785311 6.36
60.801309 7.02
60.826295 7.37
60.842294 7.37
60.867295 7.37
60.883311 7.02
60.908295 6.68
60.924420 6.68
60.949296 6.68
60.965311 6.68
60.990296 6.68
61.006296 6.68
61.031296 6.68
61.047315 6.68
61.072297 6.68
61.088297 6.68
61.113297 7.02
61.129297 7.37
61.154297 7.37
61.170315 7.02
61.195298 7.02
61.211423 6.68
61.236298 6.68
61.252298 6.68
61.277298 6.68
61.293298 6.68
61.318299 6.68
61.334299 6.68
61.359299 6.68
61.375299 6.36
61.400299 6.68
61.416299 7.02
61.441299 7.37
61.457314 7.37
61.482300 7.02
61.498425 7.02
61.523300 6.68
61.539300 6.68
61.564301 6.68
61.580300 6.68
61.605301 6.68
61.621301 6.68
61.646301 6.68
61.662301 6.36
61.687302 6.36
61.703302 6.36
61.728302 7.02
61.744316 7.37
61.769302 7.37
61.785427 7.02
61.810317 6.68
61.826320 6.68
61.851428 6.68
61.862303 6.68
61.892428 6.68
61.903303 6.68
61.933428 6.68
61.944303 6.68
61.974428 6.68
61.985304 6.68
62.015429 6.68
62.026304 7.02
62.056429 7.37
62.067304 7.37
62.097430 7.02
62.108305 6.68
62.138430 6.68
62.149305 6.68
62.179430 6.68
62.190306 6.68
62.220430 6.68
62.231306 6.68
62.261431 6.68
62.272306 6.36
62.302431 6.68
62.313306 7.02
62.343431 7.37
62.354307 7.37
62.384432 7.02
62.395307 6.68
62.425432 6.68
62.436307 6.68
62.466433 6.68
62.477308 6.68
62.507433 6.68
62.518308 6.68
62.548433 6.36
62.559309 6.36
62.589433 6.36
62.600308 6.68
62.630434 7.02
62.641309 7.37
62.671434 7.37
62.682309 7.37
62.712434 7.02
62.723309 6.68
62.753435 6.68
62.764310 6.68
62.794435 6.68
62.805310 6.68
62.835436 6.68
62.846311 6.68
62.876436 6.36
62.887311 6.68
62.917435 6.36
62.928312 7.02
62.958436 7.37
62.969312 7.37
63.004687 7.37
63.015437 7.02
63.046091 6.68
63.056936 6.68
63.087313 6.68
63.098205 6.68
63.128438 6.68
63.139313 6.68
63.174688 6.68
63.185438 6.68
63.216093 6.36
63.228688 6.68
63.257439 7.02
63.268314 7.37
63.303689 7.37
63.314564 7.02
63.345093 7.02
63.355939 6.68
63.386440 6.68
63.397315 6.68
63.432690 6.68
63.443440 6.68
63.474095 6.68
63.486565 6.68
63.515441 6.68
63.526316 6.68
63.561691 6.68
63.572566 7.37
63.603095 7.37
63.615691 7.37
63.644317 6.68
63.655082 6.68
63.685442 6.68
63.696317 6.68
63.731692 6.68
63.742567 6.68
63.773096 6.68
63.785568 6.68
63.814443 6.68
63.825193 6.36
63.860693 6.68
63.876694 7.02
63.902209 7.37
63.918085 7.02
63.948694 7.02
63.961195 6.68
63.990099 6.68
64.006098 6.68
64.031445 6.68
64.042320 6.68
64.077695 6.68
64.090197 6.68
64.119099 6.68
64.131696 6.68
64.160446 7.02
64.171321 7.37
64.206696 7.37
64.219198 7.02
64.248101 7.02
64.264339 6.68
64.289447 6.68
64.300339 6.68
64.335697 6.68
64.348074 6.68
64.377101 6.68
64.393102 6.68
64.418323 6.68
64.429090 6.68
64.459448 6.68
64.470323 7.02
64.505698 7.37
64.521698 7.37
64.546964 7.02
64.557825 7.02
64.588342 6.68
64.599092 6.68
64.629449 6.68
64.640325 6.68
64.675700 6.68
64.691700 6.68
64.717217 6.68
64.733343 6.36
64.758342 6.36
64.769094 7.02
64.804701 7.02
64.820701 7.37
64.846104 7.02
64.861969 7.02
64.887327 6.68
64.898092 6.68
64.928452 6.68
64.939327 6.68
64.974702 6.68
64.990578 6.68
65.016107 6.68
65.032108 6.68
65.057453 6.68
65.068343 6.68
65.103703 7.37
65.119578 7.37
65.145219 7.02
65.161096 7.02
65.186344 6.68
65.197095 6.68
65.232704 6.68
65.248579 6.68
65.274108 6.68
65.290110 6.68
65.315330 6.68
65.326097 6.68
65.356330 6.68
65.367096 6.68
65.397456 7.02
65.408331 7.02
65.443706 7.02
65.459581 6.68
65.485111 6.68
65.501110 6.68
65.526332 6.68
65.537099 6.68
65.567457 6.68
65.578332 6.68
65.613707 6.68
65.629707 6.68
65.655112 4.68
65.670985 4.68
65.696458 4.68
65.707333 4.68
65.742708 4.68
65.758583 4.68
65.784114 4.68
65.800350 4.68
65.825459 4.68
65.836351 4.68
65.871709 4.68
65.887584 4.68
65.913112 4.68
65.928988 4.68
65.954460 4.68
65.965335 4.68
66.000711 4.68
66.016586 4.68
66.042115 4.68
66.058353 4.68
66.083336 4.68
66.094104 4.68
66.126087 4.68
66.136837 4.34
66.169087 4.68
66.179990 4.68
66.210353 4.68
66.221104 4.68
66.256712 4.68
66.272713 4.68
66.297989 4.68
66.308713 4.68
66.339353 4.68
66.350105 4.68
66.382089 4.68
66.392839 4.68
66.425089 4.68
66.435839 4.68
66.468090 4.68
66.478992 4.68
66.509356 4.68
66.520104 4.68
66.555714 4.68
66.571590 4.68
66.596994 4.68
66.609465 4.68
66.638363 4.68
66.649105 4.68
66.684716 4.68
66.700591 4.68
66.726118 4.68
66.741996 4.68
66.769092 4.68
66.779993 4.68
66.810359 4.68
66.821109 4.34
66.851592 4.68
66.864093 4.68
66.892717 4.68
66.908717 4.68
66.933983 4.68
66.946468 4.68
66.975361 4.68
66.986111 4.68
67.018111 4.68
67.028861 4.34
67.061094 4.68
67.071861 4.68
67.107719 4.68
67.118719 4.68
67.149236 4.68
67.160237 4.68
67.191988 4.68
67.202861 4.68
67.238720 4.68
67.254720 4.68
67.280125 4.68
67.295997 4.68
67.326721 4.68
67.342721 4.34
67.368125 4.34
67.384123 4.68
67.414596 4.68
67.430472 4.68
67.455848 4.68
67.466722 4.34
67.497126 4.34
67.513127 4.68
67.543723 4.68
67.559723 4.68
67.585127 4.68
67.595850 4.68
67.631723 4.68
67.642598 4.68
67.673127 4.68
67.684002 4.34
67.719724 4.68
67.730599 4.68
67.761239 4.34
67.771992 4.34
67.807600 4.68
67.823600 4.68
67.848850 4.68
67.859725 4.68
67.890128 4.68
67.901005 4.34
67.936726 4.68
67.947476 4.68
67.978128 4.68
67.988852 4.68
68.024602 4.68
68.040726 4.34
68.065852 4.68
68.076726 4.68
68.107132 4.68
68.118006 4.68
68.153478 4.68
68.164353 4.68
68.194603 4.34
68.210478 4.34
68.238854 4.68
68.249728 4.68
68.280369 4.34
68.291119 4.68
68.321604 4.68
68.337479 4.68
68.362855 4.68
68.373728 4.68
68.404134 4.68
68.415008 4.68
68.450730 4.68
68.461480 4.34
68.492253 4.68
68.502995 4.34
68.538730 4.68
68.549481 4.68
68.580011 4.68
68.595856 4.68
68.621373 4.68
68.632124 4.68
68.662606 4.68
68.678607 4.68
68.703857 4.68
68.714732 4.68
68.745010 4.68
68.761134 4.34
68.786374 4.68
68.797122 4.68
68.827608 4.68
68.843483 4.34
68.868859 4.68
68.879733 4.68
68.910137 4.68
68.921013 4.68
68.956609 4.34
68.972734 4.34
68.997860 4.34
69.008734 4.68
69.039013 4.68
69.055127 4.68
69.080374 4.34
69.091128 4.68
69.121610 4.34
69.137610 4.34
69.162862 4.34
69.173736 4.68
69.204143 4.68
69.215015 4.68
69.250736 4.68
69.261486 4.68
69.292138 4.68
69.302863 4.68
69.338612 4.34
69.354736 4.68
69.379863 4.68
69.390737 4.34
69.421142 4.68
69.431865 4.68
69.467612 4.68
69.483488 4.68
69.508865 4.68
69.521489 4.34
69.550141 4.68
69.560864 4.68
69.596739 4.68
69.607614 4.68
69.638143 4.68
69.649018 4.68
69.684739 4.68
69.695489 4.34
69.726142 4.68
69.737019 4.68
69.772740 4.34
69.783490 4.68
69.814258 4.68
69.824990 4.68
69.860741 4.34
69.871491 4.68
69.902259 4.68
69.913009 4.68
69.944896 4.68
69.955742 4.68
69.987899 4.68
69.998742 4.68
70.030885 4.68
70.041742 4.34
70.073885 4.68
70.084743 4.68
70.120493 4.68
70.132870 4.68
70.161618 4.68
70.177618 4.68
70.205869 4.34
70.218369 4.34
70.247135 4.68
70.257870 4.34
70.293619 4.68
70.309744 4.68
70.334870 4.68
70.347370 4.68
70.376137 4.68
70.387025 4.34
70.417495 4.68
70.433496 4.34
70.458621 4.68
70.469496 4.68
70.500026 4.34
70.516137 4.68
70.542873 4.68
70.553746 4.68
70.584138 4.68
70.595024 4.68
70.625372 4.68
70.636122 4.34
70.666497 4.34
70.678874 4.68
70.707623 4.34
70.718498 4.34
70.749028 4.68
70.759873 4.68
70.795498 4.68
70.811498 4.34
70.836623 4.34
70.847499 4.34
70.878028 4.68
70.888874 4.34
70.924499 4.34
70.940499 4.68
70.965625 4.68
70.976375 4.34
71.007029 4.68
71.017875 4.68
71.053500 4.68
71.069625 4.68
71.094626 4.68
71.105501 4.68
71.136028 4.68
71.146759 4.68
71.182626 4.68
71.193501 4.34
71.224031 4.34
71.234903 4.68
71.270627 4.68
71.281377 4.68
71.312031 4.68
71.322905 4.68
71.358627 4.68
71.369503 4.68
71.399907 4.68
71.416032 4.68
71.446628 4.68
71.457504 4.34
71.488031 4.34
71.498757 4.68
71.534629 4.68
71.545504 4.68
71.576032 4.68
71.586757 4.68
71.622630 4.68
71.633505 4.68
71.664032 4.68
71.674759 4.68
71.710630 4.68
71.721506 4.68
71.752032 4.68
71.762760 4.68
71.798631 4.68
71.809399 4.34
71.840037 4.68
71.850760 4.34
71.886632 4.68
71.897382 4.68
71.928034 4.68
71.938762 4.68
71.974633 4.34
71.985383 4.68
72.016036 4.68
72.026910 4.68
72.062508 4.34
72.078509 4.68
72.103633 4.34
72.114509 4.68
72.145036 4.34
72.155764 4.34
72.191635 4.34
72.202510 4.34
72.232912 4.68
72.248914 4.34
72.279635 4.34
72.290385 4.34
72.321040 4.34
72.331763 4.68
72.367636 4.34
72.378386 4.34
72.408916 4.34
72.424913 4.68
72.455636 4.34
72.466387 4.68
72.497039 4.34
72.507763 4.34
72.543638 4.68
72.554387 4.68
72.584763 4.68
72.597388 4.68
72.627889 4.68
72.638764 4.68
72.670889 4.68
72.681763 4.68
72.712040 4.68
72.722764 4.68
72.758514 4.34
72.774514 4.68
72.799639 4.68
72.810389 4.68
72.840916 4.68
72.856920 4.68
72.887640 4.34
72.898390 4.68
72.928920 4.34
72.945045 4.34
72.971767 4.68
72.982641 4.68
73.014767 4.68
73.025641 4.34
73.057767 4.68
73.068641 4.34
73.104517 4.34
73.120517 4.34
73.145642 4.68
73.156517 4.34
73.187047 4.68
73.197921 4.68
73.228393 4.68
73.240787 4.68
73.269643 4.68
73.280518 4.68
73.310922 4.34
73.321643 4.68
73.352393 4.68
73.364770 4.34
73.393518 4.34
73.404269 4.34
73.434644 4.34
73.445394 4.68
73.476048 4.34
73.486924 4.68
73.517395 4.34
73.529772 4.68
73.558520 4.34
73.569287 4.34
73.599645 4.34
73.610520 4.68
73.640925 4.68
73.651646 4.34
73.682288 4.68
73.693038 4.34
73.723397 4.68
73.739522 4.34
73.764522 4.34
73.775272 4.34
73.805647 4.34
73.816522 4.68
73.846927 4.68
73.857648 4.34
73.893523 4.34
73.904398 4.34
73.934648 4.68
73.945398 4.68
73.976312 4.34
73.992536 4.34
74.017958 4.34
74.034177 4.34
74.059405 4.34
74.075529 4.34
74.100780 4.34
74.116936 4.34
74.150527 4.34
74.161402 4.68
74.191778 4.34
74.207929 4.34
74.241526 4.68
74.252400 4.34
74.282650 4.34
74.293525 4.34
74.324054 4.34
74.334778 4.34
74.365293 4.34
74.376044 4.34
74.406527 4.34
74.417402 4.34
74.447779 4.34
74.463929 4.34
74.494528 4.34
74.505403 4.68
74.535653 4.34
74.546403 4.34
74.576933 4.34
74.587780 4.34
74.618404 4.68
74.634543 4.34
74.660039 4.34
74.670962 4.34
74.701661 4.34
74.712661 4.34
74.748534 4.34
74.759408 4.34
74.789939 4.34
74.800818 4.68
74.831407 4.34
74.847531 4.34
74.872406 4.34
74.888531 4.34
74.913406 4.34
74.929531 4.34
74.954532 4.34
74.965406 4.34
74.995656 4.34
75.006407 4.34
75.038787 4.34
75.049657 4.34
75.085532 4.34
75.096408 4.34
75.126658 4.34
75.137408 4.34
75.167934 4.34
75.178658 4.34
75.214534 4.34
75.225408 4.34
75.255658 4.34
75.266409 4.34
75.298789 4.34
75.309659 4.34
75.341789 4.34
75.352659 4.34
75.384789 4.34
75.395660 4.34
75.431535 4.34
75.442410 4.34
75.472660 4.34
75.485300 4.34
75.515791 4.34
75.526661 4.34
75.562549 4.34
