0.000000 0.000000
0.041972 4.34
0.052954 4.34
0.083453 4.02
0.094502 4.02
0.130340 2.66
0.141336 2.34
0.173640 2.34
0.184849 2.34
0.220488 2.34
0.236829 2.34
0.267333 2.34
0.278185 2.34
0.308824 2.34
0.319700 2.34
0.350324 2.34
0.361182 2.34
0.391821 2.34
0.402585 2.34
0.438181 2.34
0.454181 2.34
0.479456 2.34
0.490311 2.34
0.520947 2.34
0.531824 2.34
0.562182 2.34
0.578057 2.34
0.603457 2.34
0.614320 2.34
0.644825 2.34
0.655584 2.34
0.691058 2.34
0.701933 2.34
0.732184 2.34
0.748058 2.34
0.773649 2.34
0.791606 2.34
0.818335 2.34
0.829347 2.34
0.861633 2.34
0.872587 2.34
0.903213 2.34
0.914197 2.34
0.944842 2.34
0.955981 2.34
0.986514 2.34
1.002980 4.02
1.033340 4.02
1.044322 4.02
1.076602 4.02
1.087474 4.02
1.119597 4.02
1.130469 4.02
1.162593 4.02
1.173467 4.02
1.205590 4.02
1.216320 4.02
1.246937 4.02
1.257828 4.02
1.293062 4.02
1.303829 4.02
1.334188 4.02
1.350062 4.02
1.375463 4.02
1.388063 4.02
1.418589 4.02
1.429461 4.02
1.465511 4.02
1.481847 4.34
1.512507 4.34
1.542456 4.34
1.554939 4.02
1.583704 4.34
1.594454 4.34
1.626582 4.34
1.637322 4.34
1.673337 4.34
1.684334 4.34
1.720198 4.68
1.736490 4.34
1.761840 4.68
1.772715 4.34
1.803332 4.34
1.814194 4.68
1.844586 4.68
1.860586 4.68
1.887597 4.68
1.898325 4.68
1.930598 4.68
1.941471 4.68
1.972207 4.68
1.983203 4.68
2.013844 4.68
2.024845 4.68
2.055496 4.68
2.071714 4.68
2.102196 4.68
2.118196 4.68
2.143601 4.68
2.159585 4.68
2.190070 4.68
2.202601 4.68
2.231354 4.68
2.242194 4.68
2.272720 4.68
2.283719 4.68
2.314198 4.68
2.330198 5.00
2.355604 4.68
2.366475 5.00
2.402196 4.68
2.413196 4.68
2.443713 4.68
2.454476 4.68
2.489946 4.68
2.500837 5.00
2.531071 4.68
2.543476 4.68
2.572522 5.00
2.588857 5.00
2.619203 4.68
2.630202 5.00
2.660844 5.00
2.671844 5.00
2.702367 5.00
2.713199 5.00
2.743841 5.00
2.754714 5.00
2.785074 5.00
2.800948 5.00
2.826355 5.00
2.837198 4.68
2.867840 5.00
2.878714 4.68
2.914199 5.00
2.925202 5.00
2.955857 4.68
2.966729 5.00
2.997498 5.00
3.013723 5.00
3.044205 5.00
3.055079 5.00
3.085842 5.00
3.096722 5.00
3.127358 5.00
3.138201 4.68
3.168841 4.68
3.179724 5.00
3.215201 5.00
3.225951 4.68
3.256479 5.00
3.272760 5.00
3.303378 4.68
3.314376 4.68
3.350208 4.68
3.361206 4.68
3.391720 4.68
3.402719 4.68
3.433080 4.68
3.449204 4.68
3.474357 4.68
3.485203 4.68
3.515843 4.68
3.526719 4.68
3.557223 4.68
3.568214 4.68
3.598863 5.00
3.609863 4.68
3.640369 5.00
3.651206 4.68
3.683492 4.68
3.694366 4.68
3.730081 4.68
3.746206 4.68
3.771358 4.68
3.782205 4.68
3.812848 4.68
3.823723 4.68
3.858956 4.68
3.869849 4.68
3.900369 4.68
3.912971 5.00
3.947209 4.68
3.958236 4.68
3.988877 4.68
4.001471 4.68
4.030521 4.68
4.046734 4.68
4.077212 4.68
4.088087 4.68
4.118855 4.68
4.129605 4.68
4.160210 4.68
4.171085 4.68
4.201615 4.68
4.212489 4.68
4.248208 4.68
4.258958 4.68
4.289730 4.68
4.300744 4.68
4.331348 4.68
4.343970 4.68
4.378217 4.68
4.389216 4.68
4.419857 4.68
4.430607 4.68
4.461340 4.68
4.472212 4.68
4.504464 4.68
4.515338 4.68
4.545850 4.68
4.556601 4.68
4.592086 4.68
4.608226 4.68
4.633757 4.68
4.644745 5.00
4.675392 5.00
4.691593 5.00
4.722216 5.00
4.733216 5.00
4.763856 5.00
4.774732 5.00
4.810093 5.00
4.821089 5.00
4.851214 5.00
4.861963 5.00
4.892490 5.00
4.908339 5.00
4.933969 5.00
4.946480 5.00
4.975468 4.68
4.991608 5.00
5.016966 5.00
5.029467 4.68
5.058216 5.00
5.069090 4.68
5.099495 5.00
5.115495 4.68
5.146090 5.00
5.162090 5.00
5.187358 5.00
5.203492 5.00
5.230342 5.00
5.241216 5.00
5.277231 5.00
5.288229 5.00
5.324226 4.68
5.335224 5.00
5.371098 4.68
5.381971 5.00
5.412738 5.00
5.423733 5.00
5.454219 5.00
5.465093 5.00
5.501093 5.00
5.511843 5.00
5.542093 5.00
5.558092 5.00
5.583370 5.00
5.599639 5.00
5.630226 5.00
5.641233 5.00
5.677102 5.00
5.687974 5.00
5.718598 5.00
5.729385 5.00
5.759972 5.00
5.776097 5.00
5.801221 5.00
5.812220 5.00
5.842736 5.00
5.853735 5.00
5.884095 5.00
5.894970 5.00
5.925317 5.00
5.941638 5.00
5.972104 5.00
5.983104 5.00
6.013745 5.00
6.024744 5.00
6.055224 5.00
6.066099 5.00
6.102098 5.35
6.112848 5.35
6.143380 5.35
6.159375 5.35
6.184739 5.35
6.195473 5.00
6.225847 5.35
6.236740 5.35
6.267103 5.35
6.277976 5.35
6.308788 5.00
6.325105 5.00
6.350406 5.00
6.366497 5.00
6.397102 5.00
6.407851 5.00
6.438386 5.00
6.454382 5.00
6.479745 5.00
6.490742 5.00
6.520850 5.00
6.531740 5.00
6.561850 5.00
6.572742 5.00
6.603675 5.00
6.625237 5.00
6.636236 5.00
6.672108 4.68
6.682982 4.68
6.713748 4.68
6.724745 4.68
6.755105 4.68
6.765853 4.68
6.796385 4.68
6.812477 4.68
6.837477 4.68
6.848227 4.68
6.878742 4.68
6.889477 4.68
6.920229 4.68
6.931236 4.68
6.961478 4.68
6.972677 4.68
7.003113 4.34
7.014113 4.34
7.044755 4.68
7.055753 4.34
7.086108 4.68
7.096983 4.34
7.127748 4.68
7.138748 4.34
7.169106 4.68
7.179855 4.34
7.210383 4.34
7.226605 4.68
7.251746 4.68
7.262479 4.68
7.292855 4.34
7.303747 4.34
7.333855 4.34
7.344748 4.68
7.374856 4.34
7.385751 4.34
7.415856 4.34
7.426749 4.34
7.456981 4.34
7.472981 4.34
7.497982 4.34
7.513982 4.34
7.538982 4.68
7.554982 4.34
7.579981 4.68
7.595982 4.34
7.620982 4.34
7.636982 4.34
7.661982 4.34
7.677983 4.68
7.702983 4.68
7.718983 4.68
7.743983 4.68
7.759983 4.68
7.784984 4.68
7.800984 4.68
7.825984 4.68
7.841984 4.68
7.866984 4.68
7.882984 4.68
7.907984 4.68
7.923984 4.68
7.948984 4.68
7.964985 4.68
7.989985 4.68
8.005985 4.68
8.030985 4.68
8.046985 4.68
8.072110 4.68
8.082860 4.68
8.113235 4.68
8.125752 4.68
8.154485 4.68
8.165235 4.68
8.195485 4.68
8.206235 4.68
8.236485 4.68
8.247236 4.68
8.277485 4.68
8.288235 4.68
8.318486 4.68
8.329236 4.68
8.359486 4.68
8.370236 4.68
8.400487 4.68
8.411236 4.68
8.441487 4.68
8.452237 4.68
8.482487 4.68
8.493237 4.68
8.523487 4.68
8.534238 4.68
8.564488 4.68
8.575237 4.68
8.605488 4.68
8.616238 4.68
8.646488 4.68
8.657238 4.68
8.687488 4.68
8.698238 4.68
8.728489 4.68
8.739239 4.68
8.769489 4.68
8.780239 4.68
8.810489 4.68
8.821240 4.68
8.851490 4.68
8.862240 4.68
8.892490 4.68
8.903240 4.68
8.933491 4.68
8.944240 4.68
8.974491 4.68
8.985241 4.68
9.015491 4.68
9.026241 4.68
9.056491 4.68
9.067241 4.68
9.097492 4.68
9.108241 4.68
9.138492 4.68
9.149241 4.68
9.179492 4.68
9.190242 4.68
9.220492 4.68
9.231242 4.68
9.261493 4.68
9.272243 4.68
9.302493 4.68
9.313243 4.68
9.343493 4.68
9.354244 4.68
9.384493 4.68
9.395243 4.68
9.425494 4.68
9.436243 4.68
9.466494 4.68
9.477244 4.68
9.507494 4.68
9.518244 4.68
9.548494 4.68
9.559244 4.68
9.589495 4.68
9.600245 4.68
9.630495 4.68
9.641245 4.68
9.671496 4.68
9.682245 4.68
9.712496 4.68
9.723246 4.68
9.753496 4.68
9.764246 5.00
9.794497 4.68
9.805246 4.68
9.835497 4.68
9.846247 4.68
9.876497 4.68
9.887247 4.68
9.917497 4.68
9.928247 4.68
9.958498 5.00
9.969247 4.68
9.999498 5.00
10.010248 4.68
10.040498 4.68
10.051248 4.68
10.083249 4.68
10.093998 4.68
10.124248 4.68
10.140124 4.68
10.165248 4.68
10.181124 4.68
10.206249 4.68
10.222124 4.68
10.247249 4.68
10.263125 4.68
10.288250 4.68
10.304125 4.68
10.329250 4.68
10.345125 4.68
10.370250 4.68
10.386125 4.68
10.411251 4.68
10.427126 4.68
10.452251 4.68
10.468126 4.68
10.493251 4.68
10.509127 5.00
10.534251 5.00
10.550126 4.68
10.575252 5.00
10.591127 4.68
10.616252 4.68
10.632127 4.68
10.657252 4.68
10.673127 4.68
10.698252 4.68
10.714128 5.00
10.739253 5.00
10.755128 4.68
10.780253 5.00
10.796128 5.00
10.821254 4.68
10.837128 5.00
10.862254 4.68
10.878129 4.68
10.903254 4.68
10.919129 4.68
10.944254 5.00
10.960130 4.68
10.985254 5.00
11.001130 4.68
11.026255 4.68
11.042130 5.00
11.067255 4.68
11.083130 4.68
11.108256 5.00
11.124130 5.00
11.149256 5.00
11.165131 5.00
11.190256 4.68
11.206131 4.68
11.231257 4.68
11.247132 4.68
11.272256 4.68
11.288132 4.68
11.313257 4.68
11.329132 4.68
11.354257 4.68
11.370132 5.00
11.395258 4.68
11.411132 4.68
11.436258 4.68
11.452133 4.68
11.477258 4.68
11.493133 4.68
11.518258 4.68
11.529009 4.68
11.559259 4.68
11.570009 4.68
11.600259 4.68
11.611009 4.68
11.641259 4.68
11.652009 4.68
11.682259 4.68
11.693009 5.00
11.723259 4.68
11.734010 4.68
11.764260 4.68
11.775010 4.68
11.805260 4.68
11.816010 4.68
11.846261 5.00
11.857011 5.00
11.887261 5.00
11.898011 5.00
11.928261 4.68
11.939011 4.68
11.969262 4.68
11.980012 4.68
12.010261 4.68
12.021012 4.68
12.051263 4.68
12.062012 4.68
12.092262 5.00
12.103012 4.68
12.133263 5.00
12.144012 4.68
12.174263 4.68
12.185013 4.68
12.215264 4.68
12.226013 4.68
12.256264 5.00
12.267014 4.68
12.297264 4.68
12.308014 4.68
12.338264 4.68
12.349014 4.68
12.379264 4.68
12.390015 4.68
12.420265 4.68
12.431015 4.68
12.461265 5.00
12.472015 4.68
12.502265 5.00
12.513015 4.68
12.543265 4.68
12.554016 4.68
12.584266 5.00
12.595016 5.00
12.625266 5.00
12.636017 4.68
12.666267 4.68
12.677017 4.68
12.707267 5.00
12.718017 4.68
12.748267 4.68
12.759017 4.68
12.789267 4.68
12.800017 4.68
12.830267 5.00
12.841018 5.00
12.871268 4.68
12.882018 4.68
12.912268 4.68
12.923018 4.68
12.953269 4.68
12.964018 4.68
12.994269 5.00
13.005019 4.68
13.035269 4.68
13.046019 4.68
13.076270 4.68
13.087020 4.68
13.117269 4.68
13.128020 4.68
13.158270 4.68
13.169020 4.68
13.199270 4.68
13.210020 4.68
13.240271 5.00
13.251020 4.68
13.281271 5.00
13.292021 4.68
13.322272 4.68
13.333021 5.00
13.363271 4.68
13.374022 5.00
13.404272 5.00
13.415022 5.00
13.445272 5.00
13.456022 4.68
13.486272 4.68
13.497022 4.68
13.527273 5.00
13.538022 5.00
13.568273 5.00
13.579023 4.68
13.609273 4.68
13.620023 4.68
13.650273 4.68
13.661023 4.68
13.691274 5.00
13.702024 5.00
13.732274 4.68
13.743024 5.00
13.773275 4.68
13.784024 4.68
13.814275 4.68
13.825025 4.68
13.855274 4.68
13.866025 4.68
13.896275 4.68
13.907025 4.68
13.937275 4.68
13.948026 4.68
13.978276 4.68
13.989026 4.68
14.019276 4.68
14.030026 4.68
14.060276 4.68
14.071026 4.68
14.101276 4.68
14.112027 5.00
14.142277 5.00
14.153027 4.68
14.183277 5.00
14.194027 4.68
14.224277 4.68
14.235028 4.68
14.265278 5.00
14.276027 4.68
14.306278 4.68
14.317028 4.68
14.347279 4.68
14.358028 5.00
14.388278 5.00
14.399029 4.68
14.429279 4.68
14.440029 5.00
14.470279 4.68
14.481029 4.68
14.511280 4.68
14.522029 4.68
14.552280 4.68
14.563030 4.68
14.593280 4.68
14.604030 5.00
14.634280 4.68
14.645030 4.68
14.675281 4.68
14.686031 4.68
14.716281 4.68
14.727031 4.68
14.757281 4.68
14.768032 4.68
14.798282 4.68
14.809031 4.68
14.839282 5.00
14.850032 4.68
14.880282 5.00
14.891032 4.68
14.921282 5.00
14.932033 4.68
14.962282 5.00
14.973033 4.68
15.003283 4.68
15.014034 5.00
15.044283 4.68
15.055033 4.68
15.085284 4.68
15.096033 5.00
15.126283 5.00
15.137034 4.68
15.167284 5.00
15.178034 5.00
15.208284 4.68
15.219035 5.00
15.249285 5.00
15.260035 5.00
15.290285 4.68
15.301035 5.00
15.331285 5.00
15.342035 4.68
15.372286 5.00
15.383035 5.00
15.413285 5.00
15.424036 5.00
15.454286 5.00
15.465036 5.00
15.495286 4.68
15.506037 5.00
15.536287 5.00
15.547037 5.00
15.577287 5.00
15.588037 5.00
15.618287 5.00
15.629037 5.00
15.659287 5.00
15.670037 5.00
15.700287 4.68
15.711038 5.00
15.741288 4.68
15.752038 5.00
15.782288 5.00
15.793038 5.00
15.825040 4.68
15.835789 5.00
15.866039 4.68
15.881914 5.00
15.907039 4.68
15.922914 5.00
15.948040 5.00
15.963915 5.00
15.989040 4.68
16.004915 5.00
16.030040 5.00
16.045915 5.00
16.071040 5.00
16.086916 4.68
16.112041 5.00
16.127916 4.68
16.153041 5.00
16.168916 4.68
16.194041 5.00
16.209916 5.00
16.235042 5.00
16.250916 5.00
16.276042 5.00
16.291917 4.68
16.317043 4.68
16.332917 5.00
16.358042 5.00
16.373918 5.00
16.399043 5.00
16.414918 4.68
16.440043 5.00
16.455918 5.00
16.481043 4.68
16.496919 4.68
16.522044 4.68
16.537919 5.00
16.563044 4.68
16.578919 4.68
16.604044 5.00
16.619919 5.00
16.645044 5.00
16.660920 5.00
16.686045 5.00
16.701920 5.00
16.727045 5.00
16.742920 5.00
16.768046 5.00
16.783920 5.00
16.809046 5.00
16.824921 4.68
16.850046 5.00
16.865921 5.00
16.891046 5.00
16.906922 5.00
16.932046 5.00
16.947922 5.00
16.973047 5.00
16.988922 5.00
17.014047 5.00
17.029922 4.68
17.055048 4.68
17.070922 5.00
17.096047 5.00
17.106798 4.68
17.137048 5.00
17.152923 5.00
17.178048 4.68
17.188799 4.68
17.219048 5.00
17.229799 5.00
17.260049 4.68
17.270799 5.00
17.301049 5.00
17.311800 5.00
17.342049 4.68
17.352800 4.68
17.383050 4.68
17.393800 4.68
17.424050 4.68
17.434800 4.68
17.465050 5.00
17.475801 5.00
17.506051 5.00
17.516801 5.00
17.547051 5.00
17.557802 4.68
17.589928 5.00
17.600676 4.68
17.630927 4.68
17.646802 4.68
17.671927 5.00
17.687802 4.68
17.712927 4.68
17.728803 5.00
17.753927 4.68
17.769803 5.00
17.794928 5.00
17.810803 5.00
17.835928 5.00
17.851804 4.68
17.876928 4.68
17.892804 5.00
17.917928 4.68
17.933804 4.68
17.958929 4.68
17.974804 5.00
17.999929 4.68
18.015805 4.68
18.040930 4.68
18.056805 5.00
18.081930 4.68
18.097805 4.68
18.122930 4.68
18.138805 4.68
18.163930 4.68
18.179805 4.68
18.204931 5.00
18.220806 5.00
18.245931 5.00
18.261806 5.00
18.286931 5.00
18.302806 5.00
18.327932 5.00
18.343807 5.00
18.368932 5.00
18.384807 4.68
18.409932 5.00
18.425807 4.68
18.450932 4.68
18.466808 4.68
18.491932 4.68
18.507808 5.00
18.532933 4.68
18.548808 4.68
18.573933 4.68
18.589808 4.68
18.614933 4.68
18.630809 4.68
18.655933 5.00
18.671809 5.00
18.696934 5.00
18.712809 5.00
18.737934 4.68
18.753810 5.00
18.778935 5.00
18.794810 5.00
18.819935 4.68
18.835811 4.68
18.860935 5.00
18.876810 5.00
18.901936 4.68
18.917810 5.00
18.942936 5.00
18.958811 5.00
18.983936 5.00
18.999811 5.00
19.024936 5.00
19.040812 5.00
19.065937 4.68
19.081812 4.68
19.106937 5.00
19.122812 5.00
19.147937 5.00
19.163813 5.00
19.188937 5.00
19.204813 5.00
19.229937 4.68
19.245813 5.00
19.270938 5.00
19.286813 5.00
19.311938 5.00
19.327814 5.00
19.352939 5.00
19.368814 5.00
19.393939 4.68
19.409814 5.00
19.434939 5.00
19.450814 5.00
19.475939 4.68
19.491815 4.68
19.516940 4.68
19.532815 4.68
19.557940 4.68
19.573816 4.68
19.598940 4.68
19.614816 4.68
19.639941 4.68
19.655816 4.68
19.680941 4.68
19.696816 4.68
19.721941 4.68
19.737816 4.68
19.762941 5.00
19.778817 5.00
19.803942 4.68
19.819817 5.00
19.844942 5.00
19.860818 4.68
19.885943 4.68
19.901818 4.68
19.926943 4.68
19.942818 5.00
19.967942 5.00
19.983818 5.00
20.008943 4.68
20.019693 5.00
20.049944 4.68
20.060694 5.00
20.090944 4.68
20.101694 4.68
20.131944 5.00
20.142695 4.68
20.172945 4.68
20.183695 4.68
20.213945 4.68
20.224695 5.00
20.254945 5.00
20.265695 5.00
20.295945 5.00
20.306696 5.00
20.336945 5.00
20.347696 5.00
20.377946 5.00
20.388696 5.00
20.418946 5.00
20.429696 4.68
20.459947 5.00
20.470697 4.68
20.500947 5.00
20.511697 5.00
20.541947 5.00
20.552697 4.68
20.582947 4.68
20.593698 4.34
20.623948 4.34
20.634698 4.34
20.664948 4.34
20.675698 4.34
20.705948 4.34
20.716698 4.34
20.746948 4.34
20.757698 4.34
20.793073 4.34
20.803824 4.34
20.834074 4.34
20.844824 4.34
20.875074 4.34
20.885825 4.34
20.916075 4.34
20.926825 4.34
20.957075 4.34
20.967825 4.34
20.998075 4.34
21.008825 4.34
21.039076 4.34
21.049826 4.34
21.080075 4.34
21.090826 4.02
21.121089 4.34
21.131835 4.34
21.162335 4.34
21.173081 4.34
21.203333 4.34
21.214081 4.34
21.244331 4.34
21.255079 4.34
21.285330 4.34
21.296078 4.34
21.326329 4.34
21.337079 4.34
21.367329 4.34
21.378078 4.34
21.408329 4.34
21.419078 4.34
21.449329 4.34
21.460078 4.34
21.490330 4.34
21.501079 4.34
21.531330 4.34
21.542091 4.34
21.572718 4.34
