0.000000 0.000000
0.041730 4.34
0.052724 4.34
0.083357 4.34
0.094355 2.66
0.126673 2.34
0.137742 2.34
0.168523 2.34
0.184728 2.34
0.215350 2.34
0.226348 2.34
0.262222 2.34
0.278512 2.34
0.303471 2.34
0.314218 2.34
0.344470 2.34
0.355217 2.34
0.385621 2.34
0.401856 2.34
0.432343 2.34
0.443218 2.66
0.473860 2.34
0.484620 2.34
0.515219 2.34
0.531343 2.34
0.556498 2.34
0.569094 2.34
0.597860 2.34
0.608619 2.34
0.644095 2.34
0.660095 2.66
0.685220 2.34
0.701094 2.66
0.726496 2.66
0.742621 2.66
0.776371 2.34
0.787373 2.34
0.823229 2.66
0.834122 2.66
0.864874 2.66
0.876016 2.66
0.906524 2.66
0.922921 2.66
0.953373 2.34
0.964520 4.02
1.000233 4.34
1.011104 4.34
1.041872 4.34
1.052867 4.34
1.083351 4.34
1.094351 4.34
1.130225 4.34
1.141100 4.34
1.171627 4.02
1.187864 4.34
1.218224 4.34
1.228988 4.02
1.259498 4.34
1.275503 4.34
1.300865 4.34
1.311623 4.02
1.341991 4.34
1.352863 4.02
1.383225 4.34
1.393974 4.02
1.424672 4.34
1.440886 4.34
1.466377 4.34
1.477365 4.34
1.512986 4.34
1.523877 4.34
1.554523 4.34
1.570644 4.34
1.595872 4.34
1.606873 4.34
1.637504 4.34
1.653738 4.34
1.684359 4.34
1.695359 4.34
1.731233 4.34
1.741982 4.34
1.772521 4.34
1.788731 4.34
1.813870 4.34
1.824871 4.34
1.855229 4.34
1.865979 4.34
1.896354 4.34
1.907229 4.34
1.937634 4.34
1.948507 4.34
1.984229 4.34
1.995105 4.34
2.025507 4.34
2.041510 4.34
2.066870 4.34
2.077873 4.34
2.108230 4.34
2.118980 4.34
2.149355 4.34
2.160231 4.34
2.190510 4.34
2.206511 4.34
2.231871 4.34
2.242634 4.34
2.273231 4.34
2.283981 4.34
2.314356 4.34
2.325232 4.34
2.355636 4.34
2.366512 4.34
2.402232 4.34
2.413107 4.34
2.443512 4.34
2.459512 4.34
2.484876 4.34
2.495873 4.34
2.526109 4.34
2.542109 4.34
2.567234 4.34
2.578109 4.34
2.608359 4.34
2.619234 4.34
2.649514 4.34
2.665514 4.34
2.690876 4.34
2.701877 4.34
2.732110 4.34
2.748110 4.34
2.773109 4.34
2.789002 4.34
2.814235 4.34
2.825110 4.34
2.855360 4.34
2.866235 4.34
2.896516 4.34
2.912514 4.34
2.937879 4.34
2.948876 4.34
2.979111 4.34
2.995112 4.34
3.020362 4.34
3.031237 4.34
3.061878 4.34
3.072880 4.34
3.103113 4.34
3.119113 4.34
3.144362 4.34
3.155237 4.34
3.185519 4.34
3.201519 4.34
3.228517 4.34
3.239364 4.34
3.275239 4.34
3.286114 4.34
3.316364 4.34
3.329007 4.34
3.357519 4.34
3.373518 4.34
3.400520 4.34
3.411365 4.34
3.447240 4.34
3.457989 4.34
3.488365 4.34
3.501007 4.34
3.529365 4.34
3.542007 4.34
3.570520 4.34
3.586522 4.34
3.613527 4.34
3.624366 4.34
3.660241 4.34
3.670992 4.34
3.701366 4.34
3.713885 4.34
3.742367 4.34
3.754886 4.34
3.783617 4.34
3.794367 4.34
3.830242 4.34
3.840993 4.34
3.871367 4.34
3.883886 4.34
3.915618 4.34
3.926368 4.34
3.958373 4.34
3.969118 4.34
3.999618 4.34
4.010369 4.34
4.046011 4.34
4.062009 4.34
4.087119 4.34
4.103244 4.34
4.128120 4.34
4.138995 4.34
4.169120 4.34
4.179995 4.34
4.210120 4.34
4.220996 4.34
4.251121 4.34
4.262013 4.34
4.292120 4.34
4.302996 4.34
4.333121 4.34
4.343996 4.34
4.374121 4.34
4.384996 4.34
4.415122 4.34
4.425997 4.34
4.456122 4.34
4.466997 4.34
4.497122 4.34
4.507997 4.34
4.538122 4.34
4.548998 4.34
4.579123 4.34
4.589998 4.34
4.620123 4.34
4.630998 4.34
4.661123 4.34
4.671999 4.34
4.702124 4.34
4.712999 4.34
4.743124 4.34
4.753890 4.34
4.784124 4.34
4.794999 4.34
4.825125 4.34
4.835999 4.34
4.866125 4.34
4.877000 4.34
4.907125 4.34
4.918000 4.34
4.948126 4.34
4.959001 4.34
4.989126 4.34
5.000001 4.34
5.030126 4.34
5.041001 4.34
5.071251 4.34
5.082002 4.34
5.112502 4.34
5.123377 4.34
5.159252 4.34
5.170002 4.34
5.200504 4.34
5.211378 4.34
5.247253 4.34
5.258002 4.34
5.288505 4.34
5.299378 4.34
5.335254 4.34
5.346004 4.34
5.376505 4.34
5.387379 4.34
5.423254 4.34
5.434004 4.34
5.464506 4.34
5.475379 4.34
5.511255 4.34
5.522005 4.34
5.552380 4.34
5.568380 4.34
5.599023 4.34
5.615023 4.34
5.640255 4.34
5.651146 4.34
5.687141 4.34
5.698140 4.34
5.728783 4.34
5.739656 4.34
5.770009 4.68
5.785883 4.68
5.811007 4.68
5.826882 4.68
5.852007 4.68
5.867881 4.68
5.893006 4.68
5.908882 4.68
5.934006 4.68
5.949882 4.68
5.975007 4.34
5.990881 4.34
6.016007 4.68
6.031894 4.34
6.057015 4.68
6.072888 4.68
6.098137 4.68
6.108887 4.68
6.139136 4.68
6.149886 4.68
6.180135 4.68
6.190885 4.68
6.221134 4.68
6.231885 4.68
6.262134 4.68
6.272884 4.34
6.303134 4.68
6.313884 4.68
6.344138 4.34
6.354884 4.68
6.385145 4.34
6.395894 4.68
6.426266 4.68
6.438766 4.68
6.467389 4.68
6.483264 4.68
6.508388 4.34
6.524262 4.68
6.549513 4.34
6.560262 4.68
6.590515 4.68
6.601388 4.34
6.632029 4.68
6.648027 4.68
6.673262 4.34
6.685654 4.68
6.714514 4.68
6.725388 4.68
6.755791 4.68
6.768268 4.68
6.797013 4.68
6.813029 4.68
6.838014 4.68
6.854139 4.68
6.879139 4.68
6.890031 4.68
6.920265 4.68
6.936264 4.68
6.961544 4.68
6.972390 4.68
7.002908 4.68
7.019032 4.68
7.044016 4.68
7.054907 4.34
7.085141 4.68
7.096016 4.34
7.126266 4.68
7.142266 4.34
7.167391 4.68
7.178266 4.68
7.214031 4.68
7.224784 4.68
7.255142 4.68
7.266031 4.34
7.296141 4.68
7.307017 4.68
7.337268 4.68
7.353268 4.34
7.378519 4.34
7.389393 4.34
7.425033 4.34
7.435785 4.68
7.466144 4.68
7.477019 4.68
7.507269 4.34
7.523269 4.68
7.548520 4.68
7.559394 4.68
7.589797 4.68
7.605910 4.68
7.631144 4.68
7.642020 4.68
7.672269 4.68
7.688270 4.68
7.713395 4.68
7.724145 4.68
7.760038 4.68
7.770786 4.68
7.801146 4.68
7.812021 4.68
7.842271 4.34
7.858271 4.34
7.883523 4.68
7.894396 4.68
7.929915 4.68
7.945913 4.68
7.971147 4.68
7.982022 4.68
8.012273 4.68
8.028273 4.68
8.053524 4.68
8.064398 4.68
8.094801 4.68
8.105525 4.68
8.136023 4.68
8.146790 4.68
8.177149 4.68
8.188024 4.68
8.218274 4.68
8.234274 4.68
8.259399 4.68
8.270274 4.68
8.306040 4.34
8.316792 4.68
8.347150 4.68
8.358025 4.68
8.388275 4.68
8.404275 4.68
8.429527 4.68
8.440401 4.68
8.470802 4.34
8.481527 4.68
8.512151 4.68
8.523026 4.68
8.553276 4.68
8.569151 4.68
8.594528 4.34
8.605401 4.68
8.640794 4.68
8.656920 4.68
8.682152 4.68
8.693027 4.68
8.723277 4.68
8.739278 4.68
8.766288 4.68
8.777153 4.68
8.809288 4.68
8.820153 4.68
8.850530 4.68
8.861404 4.68
8.891807 4.68
8.902530 4.68
8.933154 4.68
8.945684 4.68
8.974279 4.68
8.990279 4.68
9.015404 4.68
9.026280 4.68
9.056809 4.68
9.072922 4.68
9.098030 4.68
9.108798 4.68
9.139155 4.68
9.151683 4.68
9.180280 4.68
9.196281 4.68
9.223290 4.68
9.234031 4.68
9.266290 4.68
9.277157 4.68
9.309166 4.68
9.320047 4.68
9.350282 4.68
9.366282 4.68
9.396166 4.68
9.407047 4.68
9.437282 4.68
9.453283 4.68
9.480167 4.68
9.491048 4.68
9.521283 4.68
9.537283 4.68
9.567688 4.68
9.578409 4.68
9.609050 4.34
9.619801 4.68
9.650034 4.68
9.660799 4.68
9.691035 4.68
9.701801 4.68
9.732034 4.68
9.742802 4.68
9.773035 4.68
9.783802 4.68
9.814035 4.68
9.824803 4.68
9.855036 4.68
9.865802 4.68
9.896036 4.68
9.906803 4.68
9.937161 4.68
9.953036 4.68
9.978286 4.68
9.989036 4.68
10.024677 4.68
10.035412 4.68
10.066054 4.68
10.076928 4.68
10.107287 4.68
10.118037 4.68
10.153692 4.68
10.164412 4.68
10.195055 4.68
10.205805 4.68
10.236288 4.68
10.247038 4.68
10.282692 4.68
10.298682 4.68
10.324054 4.68
10.334806 4.68
10.365289 4.68
10.376164 4.68
10.411681 4.68
10.427680 4.68
10.453054 4.68
10.463931 4.68
10.494290 4.68
10.505040 4.68
10.540696 4.68
10.556683 4.68
10.582058 4.68
10.592810 4.68
10.623041 4.68
10.633808 4.68
10.664041 4.68
10.674808 4.68
10.705167 4.68
10.721166 4.68
10.746292 4.68
10.757167 4.34
10.792696 4.68
10.808685 4.68
10.834058 4.68
10.844934 4.68
10.875168 4.68
10.891168 4.68
10.916293 4.68
10.927168 4.68
10.962684 4.68
10.978684 4.68
11.004060 4.68
11.014809 4.68
11.045294 4.68
11.056169 4.68
11.091699 4.68
11.107687 4.68
11.133070 4.68
11.143937 4.68
11.174295 4.68
11.185170 4.68
11.220688 4.68
11.236685 4.68
11.262060 4.68
11.272812 4.68
11.303296 4.68
11.314046 4.68
11.349686 4.68
11.360421 4.68
11.391063 4.68
11.401814 4.68
11.432297 4.68
11.443172 4.68
11.478702 4.68
11.494690 4.68
11.520065 4.68
11.530814 4.68
11.561173 4.68
11.577173 4.68
11.602298 4.68
11.613048 4.68
11.648689 4.68
11.659423 4.68
11.690063 4.68
11.700816 4.68
11.731298 4.68
11.742049 4.68
11.777703 4.68
11.788425 4.68
11.819064 4.68
11.831551 4.68
11.860175 4.68
11.876175 4.68
11.901300 4.68
11.912050 4.68
11.947704 4.68
11.963694 4.68
11.989176 4.68
12.005051 4.68
12.030301 4.68
12.041176 4.68
12.076694 4.68
12.092691 4.68
12.118066 4.68
12.130553 4.68
12.159302 4.68
12.170052 4.68
12.202082 4.68
12.212945 4.68
12.243303 4.68
12.254052 4.68
12.289581 4.68
12.302084 4.68
12.331068 4.68
12.347071 4.68
12.372303 4.68
12.383178 4.68
12.418697 4.68
12.434694 4.68
12.460069 4.68
12.472429 4.68
12.501304 4.68
12.512179 4.68
12.547708 4.68
12.560073 4.68
12.589072 4.68
12.604949 4.68
12.630180 4.68
12.646056 4.68
12.671305 4.68
12.682056 4.68
12.717710 4.68
12.733697 4.68
12.758946 4.68
12.769699 4.68
12.799950 4.68
12.810698 4.68
12.841182 4.68
12.857182 4.68
12.882307 4.68
12.893057 4.68
12.928699 4.68
12.944558 4.68
12.969950 4.68
12.980699 4.68
13.011058 4.68
13.026950 4.68
13.052058 4.68
13.067951 4.68
13.093059 4.68
13.108952 4.68
13.134059 4.68
13.149949 4.68
13.175184 4.68
13.191059 4.68
13.216309 4.68
13.227185 4.68
13.262560 4.68
13.273310 4.68
13.303952 4.68
13.314702 4.68
13.345186 4.68
13.361060 4.68
13.386311 4.68
13.397186 4.68
13.432714 4.68
13.448716 4.68
13.473953 4.68
13.484716 4.68
13.515187 4.68
13.531187 4.68
13.556312 4.68
13.567187 4.68
13.597716 4.68
13.613717 4.68
13.638956 4.68
13.649704 4.68
13.680063 4.68
13.695954 4.68
13.721188 4.68
13.737188 4.68
13.762313 4.68
13.773063 4.68
13.803716 4.68
13.819717 4.68
13.844955 4.68
13.855718 4.68
13.886064 4.68
13.901954 4.68
13.927190 4.68
13.943190 4.68
13.968315 4.68
13.979190 4.68
14.009720 4.68
14.025718 4.68
14.050958 4.68
14.061720 4.68
14.092066 4.68
14.107959 4.68
14.133066 4.68
14.148956 4.68
14.174066 4.68
14.190192 4.68
14.215192 4.68
14.231192 4.68
14.258099 4.68
14.268832 4.68
14.299317 4.68
14.310192 4.68
14.340721 4.68
14.356720 4.68
14.382068 4.68
14.398068 4.68
14.423193 4.68
14.439193 4.68
14.466097 4.68
14.476961 4.68
14.509100 4.68
14.519961 4.68
14.552098 4.68
14.562960 4.68
14.595100 4.68
14.605963 4.68
14.638100 4.68
14.648963 4.68
14.681100 4.68
14.691962 4.68
14.724100 4.68
14.734962 4.68
14.767101 4.68
14.777963 4.68
14.810087 4.68
14.820962 4.68
14.851071 4.68
14.867071 4.68
14.892197 4.68
14.903071 4.68
14.935100 4.68
14.945965 4.68
14.981450 4.68
14.997450 4.68
15.022965 4.68
15.035322 4.68
15.064198 4.68
15.075073 4.68
15.110453 4.68
15.122965 4.68
15.151966 4.68
15.164453 4.68
15.193199 4.68
15.204073 4.68
15.239453 4.68
15.251979 4.68
15.280964 4.68
15.296965 4.68
15.322075 4.68
15.337950 4.68
15.363200 4.68
15.374074 4.68
15.409457 4.68
15.433967 4.68
15.463455 4.68
15.479457 4.68
15.504969 4.68
15.520969 4.68
15.546076 4.68
15.562076 4.68
15.587076 4.68
15.597968 4.68
15.628202 4.68
15.638970 4.68
15.674455 4.68
15.690455 4.68
15.715970 4.68
15.731969 4.68
15.757078 4.68
15.772970 4.68
15.798078 4.68
15.808971 4.68
15.839078 4.68
15.849969 4.68
15.880078 4.68
15.890971 4.68
15.921204 4.68
15.931972 4.68
15.967455 4.68
15.983458 4.68
16.008973 4.68
16.024970 4.68
16.050080 4.68
16.066080 4.68
16.091205 4.68
16.102080 4.68
16.137463 4.68
16.153609 4.68
16.178970 4.68
16.194973 4.68
16.220081 4.68
16.236081 4.68
16.261207 4.68
16.272082 4.68
16.307458 4.68
16.323458 4.68
16.348973 4.68
16.364974 4.68
16.390207 4.68
16.400974 4.68
16.436467 4.68
16.452468 4.68
16.477973 4.68
16.493974 4.68
16.519083 4.68
16.534975 4.68
16.560208 4.68
16.571083 4.68
16.606463 4.68
16.622613 4.68
16.647976 4.68
16.663976 4.68
16.688959 4.68
16.704977 4.68
16.729960 4.68
16.745975 4.68
16.770960 4.68
16.787085 4.68
16.811960 4.68
16.827975 4.68
16.853085 4.68
16.868961 4.68
16.894086 4.68
16.904979 4.68
16.935086 4.68
16.945961 4.68
16.976086 4.68
16.986962 4.68
17.017212 4.68
17.027962 4.68
17.063464 4.68
17.079463 4.68
17.104981 4.68
17.120979 4.68
17.146212 4.68
17.156963 4.68
17.192464 4.68
17.208468 4.68
17.233980 4.68
17.249979 4.68
17.274964 4.68
17.291088 4.68
17.315980 4.68
17.331979 4.68
17.357215 4.68
17.367964 4.68
17.403466 4.68
17.419466 4.68
17.444981 4.68
17.460980 4.68
17.486090 4.68
17.496965 4.68
17.527090 4.68
17.537965 4.68
17.568215 4.68
17.579090 4.68
17.614470 4.68
17.625467 4.68
17.655984 4.68
17.671985 4.68
17.696967 4.68
17.712983 4.68
17.738092 4.68
17.748967 4.68
17.780995 4.68
17.791746 4.68
17.822092 4.68
17.832984 4.68
17.863092 4.68
17.873982 4.68
17.905862 4.68
17.916860 4.68
17.947093 4.68
17.957968 4.68
17.989844 4.68
18.000748 4.68
18.031094 4.68
18.041985 4.68
18.072094 4.68
18.082969 4.68
18.114845 4.68
18.125623 4.68
18.156095 4.68
18.166987 4.68
18.197220 4.68
18.208095 4.68
18.243472 4.68
18.259472 4.68
18.284987 4.68
18.300988 4.68
18.326096 4.68
18.336971 4.68
18.367096 4.68
18.377971 4.68
18.408096 4.68
18.418972 4.68
18.449097 4.68
18.459972 4.68
18.490097 4.68
18.500972 4.68
18.531097 4.68
18.541972 4.68
18.572097 4.68
18.582973 4.68
18.613223 4.68
18.624098 4.68
18.659474 4.68
18.675475 4.68
18.700992 4.68
18.716991 4.68
18.742099 4.68
18.752992 4.68
18.783099 4.68
18.793974 4.68
18.824099 4.68
18.834975 4.68
18.870349 4.68
18.881100 4.68
18.911868 4.68
18.927993 4.68
18.958497 4.68
18.969502 4.68
18.999993 4.68
19.015991 4.68
19.040976 4.68
19.051867 4.68
19.082101 4.68
19.092994 4.68
19.128352 4.68
19.139102 4.68
19.169754 4.68
19.180478 4.68
19.211102 4.68
19.221993 4.68
19.252103 4.68
19.262978 4.68
19.293102 4.68
19.303996 4.68
19.334228 4.68
19.345103 4.68
19.380480 4.68
19.396480 4.68
19.421979 4.68
19.437996 4.68
19.462979 4.68
19.473747 4.68
19.503996 4.68
19.514747 4.68
19.546856 4.68
19.557759 4.68
19.588105 4.68
19.598997 4.68
19.629105 4.68
19.639980 4.68
19.670105 4.68
19.680980 4.68
19.711106 4.68
19.721981 4.68
19.752106 4.68
19.762981 4.68
19.793106 4.68
19.803982 4.68
19.835858 4.68
19.846762 4.68
19.877107 4.68
19.887997 4.68
19.919859 4.68
19.930635 4.68
19.961108 4.68
19.971983 4.68
20.003860 4.68
20.014637 4.68
20.045001 4.68
20.061000 4.68
20.087860 4.68
20.098636 4.68
20.129001 4.68
20.145000 4.68
20.171860 4.68
20.182639 4.68
20.213109 4.68
20.223985 4.68
20.255861 4.68
20.266764 4.68
20.297110 4.68
20.308003 4.68
20.339861 4.68
20.350762 4.68
20.381110 4.68
20.391986 4.68
20.427361 4.68
20.439862 4.68
20.468641 4.68
20.479488 4.68
20.510004 4.68
20.520752 4.68
20.556237 4.68
20.567111 4.68
20.597362 4.68
20.609863 4.68
20.638767 4.68
20.654755 4.68
20.679987 4.68
20.690755 4.68
20.720988 4.68
20.731755 4.68
20.761988 4.68
20.772756 4.68
20.803006 4.68
20.813755 4.68
20.849239 4.68
20.859989 4.68
20.890364 4.68
20.906364 4.68
20.931632 4.68
20.942364 4.68
20.973006 4.68
20.983756 4.68
21.019240 4.68
21.029990 4.68
21.060365 4.68
21.076241 4.68
21.101491 4.68
21.112365 4.68
21.142770 4.68
21.158759 4.68
21.183991 4.68
21.194757 4.68
21.224992 4.68
21.235758 4.68
21.265992 4.68
21.276759 4.68
21.306992 4.68
21.317758 4.68
21.347992 4.68
21.358761 4.68
21.388993 4.68
21.399760 4.68
21.429993 4.68
21.440760 4.68
21.470993 4.68
21.481761 4.68
21.517244 4.68
21.527994 4.68
21.558495 4.68
21.569369 4.68
21.600012 4.68
21.610762 4.68
21.640995 4.68
21.651761 4.68
21.681995 4.68
21.692761 4.68
21.722995 4.68
21.733763 4.68
21.763995 4.68
21.774763 4.68
21.804996 4.68
21.815764 4.68
21.845996 4.68
21.856764 4.68
21.886996 4.68
21.897764 4.68
21.927997 4.68
21.938764 4.68
21.968997 4.68
21.979765 4.68
22.009998 4.68
22.020763 4.68
22.050998 4.68
22.061766 4.68
22.091997 4.68
22.102763 4.68
22.132998 4.68
22.143763 4.68
22.173998 4.68
22.184891 4.68
22.214999 4.68
22.225766 4.68
22.255999 4.68
22.266766 4.68
22.297017 4.68
22.307767 4.68
22.343250 4.68
22.354000 4.68
22.384501 4.68
22.395375 4.68
22.426017 4.68
22.436768 4.68
22.467001 4.68
22.477765 4.68
22.508001 4.68
22.518768 4.68
22.549001 4.68
22.559768 4.68
22.590001 4.68
22.600768 4.68
22.631002 4.68
22.641770 4.68
22.673754 4.68
22.684627 4.68
22.715020 4.68
22.725770 4.68
22.761252 4.68
22.772002 4.68
22.802504 4.68
22.813378 4.68
22.844019 4.68
22.854782 4.68
22.890379 4.68
22.906378 4.68
22.931895 4.68
22.948019 4.68
22.973022 4.68
22.983896 4.68
23.019379 4.68
23.035254 4.68
23.060784 4.68
23.076782 4.68
23.103757 4.68
23.114630 4.68
23.146757 4.68
23.157507 4.68
23.189757 4.68
23.200508 4.68
23.232757 4.68
23.243507 4.68
23.279381 4.68
23.295256 4.68
23.320784 4.68
23.336786 4.68
23.367382 4.68
23.383382 4.68
23.408786 4.68
23.424650 4.68
23.455382 4.68
23.471382 4.68
23.496787 4.68
23.512651 4.68
23.538025 4.68
23.548775 4.68
23.584383 4.68
23.600259 4.68
23.625786 4.68
23.641787 4.68
23.672384 4.68
23.688384 4.68
23.713788 4.68
23.729651 4.68
23.760385 4.68
23.776385 4.68
23.801913 4.68
23.812662 4.68
23.843385 4.68
23.854261 4.68
23.884791 4.68
23.901026 4.68
23.931386 4.68
23.947261 4.68
23.972790 4.68
23.983513 4.68
24.019386 4.68
24.030261 4.68
24.060788 4.68
24.071654 4.68
24.107262 4.68
24.123387 4.68
24.148513 4.68
24.159388 4.68
24.189791 4.68
24.200656 4.68
24.236388 4.68
24.247138 4.68
24.277793 4.68
24.288656 4.68
24.324264 4.68
24.340388 4.68
24.365515 4.68
24.376389 4.68
24.406794 4.68
24.417667 4.68
24.453389 4.68
24.464139 4.68
24.494793 4.68
24.505657 4.68
24.541390 4.68
24.552140 4.68
24.582793 4.68
24.593657 4.68
24.629391 4.68
24.640141 4.68
24.670795 4.68
24.681670 4.68
24.717392 4.68
24.728141 4.68
24.758796 4.68
24.769670 4.68
24.805392 4.68
24.816142 4.68
24.846909 4.68
24.857796 4.68
24.893393 4.68
24.904143 4.68
24.934796 4.68
24.945670 4.68
24.981269 4.68
24.997393 4.68
25.025674 4.68
25.041785 4.68
25.067037 4.68
25.077784 4.68
25.108269 4.68
25.124144 4.68
25.149520 4.68
25.160394 4.68
25.190660 4.68
25.206521 4.68
25.232037 4.68
25.242787 4.68
25.278395 4.68
25.289145 4.68
25.319912 4.68
25.330911 4.68
25.361271 4.68
25.377396 4.68
25.402396 4.68
25.413272 4.68
25.443799 4.68
25.454523 4.68
25.490272 4.68
25.506272 4.68
25.531524 4.68
25.542397 4.68
25.572790 4.68
25.583524 4.68
25.619398 4.68
25.630273 4.68
25.660804 4.68
25.671666 4.68
25.707273 4.68
25.723399 5.00
25.748525 4.68
25.759399 4.68
25.789804 4.68
25.800526 4.68
25.836399 4.68
25.847149 4.68
25.877804 4.68
25.888678 4.68
25.924275 4.68
25.940400 4.68
25.965526 5.00
25.978150 4.68
26.006805 4.68
26.017679 4.68
26.053401 4.68
26.064151 4.68
26.094805 4.68
26.105527 4.68
26.141277 4.68
26.157277 4.68
26.182543 4.68
26.195152 5.00
26.225653 4.68
26.236528 4.68
26.268654 4.68
26.279528 4.68
26.311654 4.68
26.322529 4.68
26.354529 4.68
26.365403 4.68
26.395680 4.68
26.411529 4.68
26.438530 5.00
26.449404 4.68
26.479810 4.68
26.490684 4.68
26.526404 4.68
26.537154 4.68
26.567810 4.68
26.578530 4.68
26.609030 4.68
26.619796 4.68
26.655281 4.68
26.671280 4.68
26.696532 4.68
26.709031 4.68
26.737808 4.68
26.748685 4.68
26.784156 4.68
26.796532 4.68
26.825281 4.68
26.836157 4.68
26.866562 4.68
26.882685 4.68
26.913282 4.68
26.924157 4.68
26.954561 4.68
26.970686 4.68
27.001283 4.68
27.012158 4.68
27.042564 4.68
27.058688 4.68
27.089283 4.68
27.100159 4.68
27.130553 4.68
27.146687 4.68
27.177284 4.68
27.188159 4.68
27.218536 4.68
27.234689 4.68
27.259688 4.68
27.270409 4.68
27.306285 4.68
27.317160 4.68
27.347537 4.68
27.363689 4.68
27.388687 4.68
27.399537 4.68
27.435286 4.68
27.446036 4.68
27.476538 4.68
27.492690 4.68
27.517813 4.68
27.528690 4.68
27.559037 4.68
27.569804 4.68
27.600037 4.68
27.610804 4.68
27.641287 4.68
27.652162 4.68
27.685692 4.68
27.696539 4.68
27.732288 4.68
27.743163 4.68
27.773540 4.68
27.789690 4.68
27.820288 4.68
27.831039 4.68
27.861557 4.68
27.877693 4.68
27.902933 4.68
27.913683 4.68
27.944039 4.68
27.954932 4.68
27.985165 4.68
28.001290 4.68
28.026290 4.68
28.037165 4.68
28.067542 4.68
28.083542 4.68
28.114291 5.00
28.125041 4.68
28.155542 4.68
28.171696 4.68
28.196818 4.68
28.207542 4.68
28.238167 4.68
28.254292 4.68
28.279292 4.68
28.290042 4.68
28.320543 4.68
28.336696 4.68
28.361821 5.00
28.372695 4.68
28.403168 4.68
28.419168 4.68
28.444293 4.68
28.455168 4.68
28.485545 4.68
28.501697 4.68
28.526822 4.68
28.537697 4.68
28.568168 4.68
28.584294 4.68
28.609294 4.68
28.620044 4.68
28.650420 4.68
28.661170 4.68
28.693549 4.68
28.704420 4.68
28.740295 4.68
28.751046 4.68
28.781576 4.68
28.797698 4.68
28.828296 4.68
28.839171 4.68
28.869577 4.68
28.885699 4.68
28.916296 4.68
28.927046 4.68
28.957575 4.68
28.973577 4.68
29.004297 4.68
29.015172 4.68
29.045548 4.68
29.061700 4.68
29.088552 4.68
29.099423 4.68
29.129703 4.68
29.140423 4.68
29.176299 4.68
29.187048 4.68
29.217424 4.68
29.229816 4.68
29.264064 4.68
29.276427 4.68
29.305049 4.68
29.317427 4.68
29.346049 4.68
29.358428 4.68
29.387174 4.68
29.403175 4.68
29.428300 4.68
29.439050 4.68
29.469425 4.68
29.481816 4.68
29.512430 4.68
29.523175 4.68
29.559066 4.68
29.575068 4.68
29.600301 4.68
29.611051 4.68
29.641552 4.68
29.652426 4.68
29.684431 4.68
29.695177 4.68
29.725704 4.68
29.736553 4.68
29.767070 4.68
29.783069 4.68
29.808303 4.68
29.819053 4.68
29.849554 4.68
29.860428 4.68
29.896070 4.68
29.908432 4.68
29.937304 4.68
29.948179 4.68
29.978555 4.68
29.989429 4.68
30.025070 5.00
30.041072 4.68
30.066305 4.68
30.077180 4.68
30.107555 4.68
30.118305 4.68
30.154073 4.68
30.170072 4.68
30.195305 4.68
30.206180 4.68
30.236585 4.68
30.247306 4.68
30.283071 4.68
30.299075 4.68
30.324307 4.68
30.335181 4.68
30.365432 4.68
30.381432 4.68
30.412075 4.68
30.428182 4.68
30.453307 4.68
30.464183 4.68
30.494558 4.68
30.505308 5.00
30.541073 4.68
30.557074 4.68
30.582308 4.68
30.593058 4.68
30.623559 4.68
30.634433 4.68
30.670076 4.68
30.686074 4.68
30.711309 4.68
30.722059 4.68
30.752560 5.00
30.763309 4.68
30.799075 4.68
30.815076 4.68
30.840310 4.68
30.851060 4.68
30.881560 4.68
30.892310 4.68
30.928079 4.68
30.944075 4.68
30.969311 4.68
30.980186 4.68
31.010716 4.68
31.021562 4.68
31.051951 4.68
31.062704 4.68
31.093187 4.68
31.103953 4.68
31.134312 4.68
31.145063 4.68
31.175715 4.68
31.186562 4.68
31.216953 4.68
31.227705 5.00
31.258063 5.00
31.274063 4.68
31.299063 4.68
31.315064 4.68
31.340064 4.68
31.356064 4.68
31.381189 4.68
31.391955 4.68
31.422314 4.68
31.433189 4.68
31.463718 4.68
31.474564 4.68
31.504958 4.68
31.515719 4.68
31.545955 4.68
31.556717 4.68
31.587190 4.68
31.603066 4.68
31.628316 4.68
31.654448 4.68
31.670449 4.68
31.697452 4.68
31.708191 5.00
31.744067 4.68
31.760084 4.68
31.785192 4.68
31.795960 4.68
31.826317 4.68
31.838960 4.68
31.867594 4.68
31.878451 4.68
31.914085 4.68
31.930068 4.68
31.955318 4.68
31.967958 4.68
31.998449 4.68
32.009318 4.68
32.045194 4.68
32.056069 4.68
32.086319 4.68
32.098723 4.68
32.130596 4.68
32.141448 4.68
32.177194 4.68
32.188070 4.68
32.218320 4.68
32.230724 4.68
32.259599 4.68
32.270448 4.68
32.300962 4.68
32.313326 4.68
32.342196 4.68
32.353071 4.68
32.383321 4.68
32.395725 4.68
32.429962 4.68
32.442326 4.68
32.471197 4.68
32.482072 4.68
32.512322 4.68
32.528322 4.68
32.553602 4.68
32.564452 4.68
32.594963 4.68
32.610965 4.68
32.636073 4.68
32.646963 4.68
32.677199 4.68
32.687963 4.68
32.718323 4.68
32.734323 4.68
32.764964 4.68
32.780967 4.68
32.806074 4.68
32.816967 4.68
32.847074 4.68
32.857966 4.68
32.888200 4.68
32.899075 5.00
32.929325 4.68
32.945325 4.68
32.970604 4.68
32.981454 4.68
33.012092 4.68
33.022969 4.68
33.053326 4.68
33.069201 4.68
33.094605 4.68
33.105326 4.68
33.136076 4.68
33.146968 5.00
33.177077 4.68
33.187969 4.68
33.218202 4.68
33.228968 4.68
33.259327 4.68
33.275328 4.68
33.300607 4.68
33.311328 4.68
33.341970 4.68
33.357843 4.68
33.383203 4.68
33.393968 4.68
33.424329 4.68
33.440204 4.68
33.465607 4.68
33.476455 4.68
33.507079 4.68
33.517971 4.68
33.548080 4.68
33.558971 4.68
33.589080 4.68
33.599972 4.68
33.630080 5.00
33.640971 4.68
33.671080 4.68
33.681972 4.68
33.712206 4.68
33.722973 4.68
33.753331 4.68
33.769206 4.68
33.794611 4.68
33.805331 4.68
33.836082 4.68
33.846974 4.68
33.877207 4.68
33.888082 4.68
33.918332 4.68
33.934332 4.68
33.959611 4.68
33.970458 4.68
34.001083 4.68
34.011974 4.68
34.042208 4.68
34.053083 4.68
34.083333 4.68
34.099334 4.68
34.129975 4.68
34.145976 4.68
34.171209 4.68
34.181975 4.68
34.212334 4.68
34.228334 4.68
34.253612 4.68
34.264334 4.68
34.294977 4.68
34.310975 4.68
34.336211 5.00
34.348740 4.68
34.377335 4.68
34.393335 4.68
34.423979 4.68
34.439978 4.68
34.465211 4.68
34.477739 4.68
34.506336 4.68
34.522336 4.68
34.547463 4.68
34.558337 4.68
34.588980 4.68
34.604980 4.68
34.630212 4.68
34.640962 4.68
34.671338 4.68
34.687337 4.68
34.712464 4.68
34.723338 4.68
34.753980 4.68
34.770088 4.68
34.795088 4.68
34.805981 5.00
34.836213 4.68
34.848855 4.68
34.877339 4.68
34.893339 4.68
34.920219 4.68
34.930964 4.68
34.961339 4.68
34.977340 4.68
35.004219 4.68
35.015090 4.68
35.045340 4.68
35.061340 5.00
35.088220 4.68
35.099090 4.68
35.129340 4.68
35.145340 4.68
35.175733 4.68
35.188221 4.68
35.216982 4.68
35.232982 4.68
35.258092 4.68
35.268967 4.68
35.299092 5.00
35.309967 4.68
35.340092 4.68
35.350967 4.68
35.381218 4.68
35.393622 4.68
35.422343 4.68
35.433093 4.68
35.468736 4.68
35.479469 4.68
35.509985 4.68
35.520736 4.68
35.551219 4.68
35.563622 4.68
35.592344 4.68
35.603094 4.68
35.638737 4.68
35.649471 4.68
35.679985 4.68
35.690737 4.68
35.721220 4.68
35.737095 4.68
35.762345 4.68
35.773220 4.68
35.808750 4.68
35.819472 4.68
35.850095 4.68
35.860988 4.68
35.891221 4.68
35.907096 4.68
35.932346 4.68
35.943221 4.68
35.978740 4.68
35.989473 4.68
36.020097 5.00
36.030988 4.68
36.061097 4.68
36.071972 4.68
36.102222 4.68
36.118098 4.68
36.143347 4.68
36.154223 4.68
36.189990 4.68
36.200738 4.68
36.231098 4.68
36.241974 4.68
36.272223 4.68
36.288099 4.68
36.313349 4.68
36.324224 4.68
36.359754 4.68
36.370476 4.68
36.400992 4.68
36.411979 4.68
36.442357 4.68
36.453102 4.68
36.483349 4.68
36.494099 4.68
36.524349 4.68
36.535100 4.68
36.565350 4.68
36.576099 4.68
36.606350 4.68
36.617100 4.68
36.647350 4.68
36.658100 4.68
36.688350 4.68
36.699100 4.68
36.729350 4.68
36.740101 4.68
36.770351 4.68
36.781101 4.68
36.811351 4.68
36.822101 4.68
36.852352 4.68
36.863102 4.68
36.893352 4.68
36.904102 4.68
36.934353 4.68
36.945102 4.68
36.975352 4.68
36.986103 4.68
37.016352 4.68
37.027103 4.68
37.057353 4.68
37.068103 4.68
37.098353 4.68
37.109103 4.68
37.139354 4.68
37.150103 4.68
37.180354 4.68
37.191104 4.68
37.221354 5.00
37.232104 4.68
37.262354 4.68
37.273105 4.68
37.303355 4.68
37.314105 4.68
37.344355 4.68
37.355105 4.68
37.385355 4.68
37.396105 4.68
37.426356 4.68
37.437105 4.68
37.467356 5.00
37.478106 4.68
37.508356 4.68
37.519106 4.68
37.549356 4.68
37.560107 4.68
37.590357 4.68
37.601107 4.68
37.631357 4.68
37.642107 4.68
37.672358 4.68
37.683107 4.68
37.713358 4.68
37.724108 4.68
37.754357 4.68
37.765108 4.68
37.795358 4.68
37.806108 4.68
37.836359 4.68
37.847109 4.68
37.877359 4.68
37.888109 4.68
37.918359 4.68
37.929109 5.00
37.959360 4.68
37.970109 4.68
38.000360 4.68
38.011110 4.68
38.041360 4.34
38.052110 4.68
38.082360 4.68
38.093111 4.68
38.123360 4.68
38.134111 4.68
38.164361 4.68
38.175110 4.68
38.205361 4.68
38.216111 4.68
38.246361 4.68
38.257112 4.34
38.287362 4.68
38.298112 4.68
38.328362 4.34
38.339112 4.34
38.369362 4.68
38.380113 4.68
38.410363 4.68
38.421113 4.68
38.451363 4.68
38.462113 4.68
38.492363 4.68
38.503113 4.68
38.533363 4.68
38.544114 4.68
38.574364 4.68
38.585114 4.68
38.615364 4.68
38.626114 4.68
38.656364 4.68
38.667114 4.68
38.697365 4.68
38.708115 4.68
38.738365 4.68
38.749115 4.68
38.779366 4.68
38.790115 4.68
38.820365 4.68
38.831116 4.68
38.861366 4.68
38.872116 4.68
38.902366 4.68
38.913116 4.68
38.943366 4.68
38.954117 4.68
38.984367 4.68
38.995117 4.68
39.025367 4.68
39.036117 4.68
39.066368 4.68
39.077117 4.68
39.107368 4.68
39.118118 4.68
39.148368 4.68
39.159118 4.68
39.189368 4.68
39.200118 4.68
39.230368 4.68
39.241118 4.68
39.271369 4.68
39.282119 4.68
39.312369 4.68
39.323119 4.68
39.353369 4.68
39.364119 4.68
39.394369 4.68
39.405120 4.68
39.435370 4.68
39.446120 4.68
39.476370 4.68
39.487120 4.34
39.517371 4.68
39.528121 4.68
39.558371 4.68
39.569121 4.68
39.599371 4.68
39.610121 4.68
39.640372 4.68
39.651121 4.68
39.681372 4.68
39.692122 4.68
39.722373 4.68
39.733123 4.68
39.768765 4.68
39.784624 4.68
39.809999 4.68
39.820767 4.68
39.851000 4.68
39.861766 4.68
39.892000 4.68
39.902767 4.68
39.933125 4.68
39.949000 4.34
39.974125 4.68
39.990001 4.68
40.015125 4.34
40.031001 4.68
40.056125 4.68
40.072001 4.68
40.097126 4.68
40.113001 4.68
40.138126 4.68
40.154002 4.68
40.179127 4.68
40.195002 4.68
40.220127 4.68
40.236002 4.68
40.261127 4.68
40.277002 4.68
40.302253 4.34
40.313002 4.68
40.348645 4.68
40.364645 4.68
40.390021 4.68
40.402505 4.68
40.431253 4.68
40.442004 4.68
40.477628 4.68
40.488379 4.68
40.519019 4.34
40.531379 4.68
40.560129 4.68
40.576005 4.68
40.601254 4.68
40.612005 4.68
40.647648 4.34
40.663647 4.68
40.689130 4.68
40.705006 4.68
40.730255 4.68
40.741006 4.68
40.776647 4.68
40.792648 4.68
40.818006 4.68
40.830381 4.68
40.859022 4.68
40.875022 4.68
40.900132 4.68
40.916007 4.68
40.941257 4.68
40.952007 4.68
40.987651 4.68
41.000037 4.68
41.029026 4.34
41.045024 4.68
41.070008 4.68
41.086008 4.68
41.111133 4.68
41.127009 4.68
41.152258 4.68
41.163133 4.68
41.198651 4.68
41.214652 4.68
41.239777 4.68
41.250510 4.68
41.281010 4.68
41.293385 4.68
41.322010 4.68
41.338025 4.68
41.363010 4.68
41.379010 4.68
41.404010 4.68
41.416386 4.34
41.445136 4.68
41.461011 4.68
41.486261 4.68
41.497136 4.68
41.532655 4.68
41.548512 4.68
41.574012 4.68
41.590029 4.68
41.615137 4.68
41.631012 4.68
41.656262 4.68
41.667013 4.68
41.702655 4.68
41.718654 4.68
41.744028 4.68
41.760029 4.68
41.785138 4.68
41.801013 4.68
41.826263 4.68
41.837013 4.68
41.872657 4.68
41.888654 4.68
41.914139 4.68
41.930139 4.68
41.955264 4.68
41.966015 4.68
42.001669 4.68
42.017515 4.68
42.043140 4.68
42.059140 4.68
42.084265 4.68
42.095015 4.68
42.130545 4.68
42.146533 4.68
42.172034 4.68
42.188034 4.68
42.213391 4.68
42.224141 5.00
42.254793 4.68
42.265518 4.68
42.296142 4.68
42.312142 4.68
42.337268 4.68
42.348142 4.68
42.383672 4.68
42.399519 4.68
42.425143 4.68
42.441018 4.68
42.468019 4.68
42.478785 4.68
42.509143 4.68
42.525143 4.68
42.550269 4.68
42.561143 4.68
42.596673 4.34
42.612661 4.68
42.638037 4.68
42.654037 4.68
42.679019 4.68
42.695037 4.68
42.720020 4.68
42.736145 4.68
42.761145 4.68
42.777145 4.68
42.804040 4.68
42.814914 4.68
42.847051 4.68
42.857914 4.68
42.890038 4.68
42.900913 4.34
42.933040 4.68
42.943913 4.68
42.976040 4.68
42.986914 4.68
43.019039 4.68
43.029912 4.68
43.060147 4.68
43.071022 4.68
43.103041 4.68
43.113916 4.68
43.144148 4.68
43.155022 4.68
43.187025 4.68
43.197792 4.68
43.228149 4.68
43.239023 4.68
43.271025 4.68
43.281792 4.68
43.312149 4.34
43.323024 4.68
43.354901 4.68
43.365803 4.68
43.396025 4.68
43.412042 4.68
43.437150 4.68
43.448025 4.68
43.479902 4.68
43.490802 4.68
43.521150 4.68
43.532026 4.68
43.563902 4.68
43.574804 4.68
43.605026 4.68
43.615793 4.68
43.646027 4.68
43.656793 4.68
43.687152 4.68
43.698027 4.68
43.733402 4.68
43.744152 4.68
43.774806 4.68
43.785680 4.68
43.816153 4.68
43.827028 4.68
43.862403 4.68
43.873278 4.68
43.903805 4.68
43.914530 4.68
43.945153 4.68
43.956028 4.68
43.991403 4.68
44.002154 4.68
44.032797 4.68
44.043671 4.68
44.074155 4.68
44.085029 4.68
44.120405 4.68
44.131279 4.68
44.161808 5.00
44.172684 4.68
44.203156 4.68
44.214030 4.68
44.249406 4.68
44.260281 4.68
44.290808 4.68
44.301533 4.68
44.332156 4.68
44.343031 4.68
44.378406 4.68
44.389157 5.00
44.419809 4.68
44.430533 4.68
44.461157 4.68
44.472032 4.68
44.507407 4.68
44.518158 4.68
44.548810 4.68
44.559534 4.68
44.590159 4.68
44.601033 4.68
44.636409 4.68
44.647158 4.68
44.677812 4.68
44.688689 4.68
44.719159 4.68
44.730034 4.68
44.765409 4.68
44.781410 4.68
44.806925 4.68
44.823035 4.68
44.848054 4.68
44.864160 4.68
44.889035 4.68
44.899803 4.68
44.930036 4.68
44.940801 4.68
44.971036 4.68
44.981801 4.68
45.012036 4.68
45.022803 4.68
45.053162 4.68
45.064036 4.68
45.099412 4.68
45.110162 4.68
45.140929 4.68
45.156802 4.68
45.182162 4.68
45.193913 4.68
45.228413 4.68
45.239163 4.34
45.269817 4.68
45.280693 4.68
45.311038 4.68
45.321805 4.68
45.352163 4.68
45.363039 4.68
45.398414 4.68
45.410915 4.68
45.439819 4.68
45.452414 4.68
45.481165 4.68
45.492039 4.68
45.527415 4.68
45.539916 4.68
45.568819 4.68
45.579693 5.00
45.610041 4.68
45.620807 4.68
45.651166 4.68
45.662041 4.68
45.697416 4.68
45.709917 4.68
45.738820 4.68
45.751416 4.68
45.780166 4.34
45.791042 4.68
45.826417 4.34
45.838919 4.68
45.867934 4.68
45.884059 4.68
45.914418 4.68
45.930417 4.68
45.955935 4.68
45.972061 4.68
45.997060 4.68
46.007809 4.34
46.043418 4.68
46.055919 4.68
46.084934 4.68
46.101061 4.68
46.131419 4.34
46.147419 4.68
46.172823 4.68
46.188698 4.68
46.214045 4.34
46.224937 4.68
46.255170 4.68
46.266045 4.68
46.301420 4.68
46.317420 4.68
46.342825 4.68
46.358940 4.68
46.384046 4.68
46.394813 4.68
46.425171 4.68
46.436046 4.68
46.471422 4.68
46.487421 4.34
46.512825 4.68
46.528689 4.68
46.554172 4.68
46.565047 4.68
46.600423 4.68
46.612799 4.34
46.641825 4.34
46.657828 4.68
46.683173 4.68
46.694048 4.68
46.729423 4.68
46.745423 4.68
46.770939 4.68
46.786940 4.68
46.817424 4.68
46.833424 4.34
46.858829 4.34
46.874703 4.68
46.900174 4.68
46.911050 4.68
46.946425 4.68
46.962300 4.68
46.987828 4.68
47.003707 4.68
47.029176 4.68
47.040051 4.68
47.075426 4.34
47.091426 4.68
47.116829 4.68
47.132705 4.68
47.158176 4.34
47.169051 4.34
47.204426 4.68
47.220427 4.68
47.245829 4.68
47.261706 4.68
47.287177 4.68
47.298052 4.68
47.333427 4.68
47.349303 4.68
47.374831 4.68
47.390833 4.68
47.416179 4.68
47.427053 4.68
47.462429 4.68
47.478303 4.68
47.503708 5.00
47.514555 4.68
47.545073 4.68
47.555821 4.68
47.591429 4.68
47.607305 4.68
47.632834 4.68
47.648832 4.68
47.674055 4.68
47.684822 4.68
47.716806 4.68
47.727586 4.68
47.757948 4.68
47.768699 4.68
47.799056 4.68
47.809821 4.68
47.841807 4.68
47.852709 4.68
47.882948 4.68
47.893697 4.34
47.924182 4.34
47.934947 4.68
47.970432 4.68
47.986307 4.68
48.011950 4.68
48.027825 4.34
48.052948 4.34
48.063698 4.34
48.093933 4.34
48.104699 4.68
48.134950 4.34
48.145702 4.68
48.177840 4.34
48.188560 4.68
48.219184 4.68
48.229950 4.68
48.265435 4.68
48.281309 4.68
48.306840 4.68
48.322827 4.68
48.349828 4.34
48.360715 4.68
48.392828 4.68
48.403561 4.68
48.435841 4.68
48.446715 4.68
48.478842 4.68
48.489561 4.68
48.521842 4.68
48.532716 4.68
48.564843 4.68
48.575716 4.34
48.607840 4.68
48.618562 4.68
48.650844 4.68
48.661714 4.68
48.697446 4.34
48.713312 4.68
48.738828 4.68
48.754704 4.68
48.781842 4.34
48.792564 4.34
48.824816 4.68
48.835563 4.68
48.867843 4.68
48.878717 4.34
48.914314 4.68
48.926846 4.68
48.958719 4.68
48.971189 4.68
48.999956 4.34
49.010719 4.68
49.042845 4.68
49.053716 4.68
49.089315 4.68
49.105447 4.68
49.133718 4.68
49.146190 4.68
49.174959 4.68
49.185720 4.68
49.221449 4.68
49.237316 4.68
49.262835 4.68
49.278719 4.68
49.309451 4.68
49.325450 4.68
49.350847 4.68
49.366722 4.68
49.397317 4.68
49.413317 5.00
49.441722 4.68
49.457848 4.68
49.483068 4.68
49.493960 4.68
49.529193 4.68
49.539958 4.68
49.570318 4.68
49.586319 4.68
49.611596 4.68
49.622447 4.68
49.653084 4.68
49.663962 4.68
49.694319 4.68
49.710447 4.68
49.735600 4.68
49.746447 4.68
49.777088 4.68
49.787963 4.68
49.818320 4.68
49.834321 4.68
49.859725 4.68
49.889598 4.68
49.900449 5.00
49.931089 4.68
49.941963 4.68
49.972321 4.68
49.988321 4.68
50.013599 4.68
50.024450 4.68
50.055072 4.68
50.065964 4.68
50.101322 4.68
50.117451 4.68
50.142603 4.68
50.153323 4.68
50.189453 4.68
50.200323 4.68
50.230964 4.68
50.241727 4.68
50.277323 4.68
50.293454 4.68
50.318602 4.68
50.329456 4.68
50.360089 4.68
50.370966 4.68
50.401325 4.68
50.417325 4.68
50.442603 4.68
50.453455 4.68
50.483969 4.68
50.494729 4.68
50.530201 4.68
50.540968 4.68
50.571326 4.68
50.587201 4.68
50.612606 4.68
50.623326 4.68
50.654076 4.68
50.664967 4.68
50.700455 4.68
50.711327 4.68
50.741969 4.68
50.752730 4.68
50.788328 4.68
50.804327 4.68
50.829607 4.68
50.840455 4.68
50.872734 4.68
50.883607 4.68
50.914078 4.68
50.924969 4.68
50.960455 4.68
50.971329 4.68
51.001733 4.68
51.017731 4.68
51.044734 4.68
51.055606 4.68
51.086079 4.68
51.096970 4.68
51.132205 4.68
51.144736 4.68
51.173330 4.68
51.189205 4.68
51.214609 4.68
51.227081 4.68
51.257707 4.68
51.268457 4.68
51.298972 4.68
51.309735 4.68
51.345458 4.68
51.356331 4.68
51.386975 4.68
51.397734 4.68
51.433459 4.68
51.444332 4.68
51.474974 4.68
51.485722 4.68
51.517709 4.68
51.528459 4.68
51.564333 4.68
51.580333 4.68
51.605612 4.68
51.618208 4.68
51.648710 4.68
51.659459 4.68
51.691710 4.68
51.702610 4.68
51.738334 4.68
51.754460 4.68
51.779611 4.68
51.792085 4.68
51.826334 4.68
51.842461 4.68
51.870737 4.68
51.886739 4.68
51.917086 4.68
51.927978 4.68
51.963336 4.68
51.979335 4.68
52.004616 4.68
52.017086 4.68
52.051336 4.68
52.067463 4.68
52.092617 4.68
52.108741 4.68
52.139336 4.68
52.155337 4.68
52.180617 4.68
52.196464 4.34
52.227213 4.68
52.243213 4.68
52.268338 4.34
52.284338 4.68
52.309616 4.68
52.325617 4.68
52.356213 4.68
52.372339 4.68
52.397339 4.68
52.408214 4.68
52.438741 4.68
52.449466 4.68
52.485339 4.68
52.496214 4.68
52.526743 4.68
52.537617 4.68
52.573340 4.68
52.584090 4.34
52.614744 4.68
52.625620 4.68
52.661340 4.68
52.672216 4.68
52.702744 4.68
52.713621 4.68
52.749341 4.68
52.760216 4.68
52.790857 4.68
52.801620 4.68
52.832217 4.68
52.848342 4.68
52.873342 4.68
52.884217 4.68
52.914621 4.68
52.930622 4.68
52.961218 4.68
52.977093 4.68
53.002343 4.68
53.013093 4.68
53.043622 4.68
53.059469 4.68
53.084984 4.68
53.095737 4.68
53.131094 4.68
53.141984 4.68
53.172094 4.68
53.182986 4.68
53.213095 4.68
53.223970 4.68
53.254095 4.68
53.264970 4.68
53.295095 4.68
53.305970 4.68
53.336221 4.68
53.352095 4.68
53.377346 4.68
53.388095 4.68
53.418624 4.68
53.434625 4.68
53.465222 4.68
53.481346 4.68
53.506347 4.68
53.517222 4.68
53.547626 4.68
53.563750 4.68
53.588990 4.68
53.599740 4.68
53.635223 4.68
53.651098 4.68
53.676348 4.68
53.687098 4.68
53.717628 4.68
53.733474 4.68
53.764348 4.68
53.775098 4.68
53.805628 4.68
53.821474 4.68
53.846989 4.68
53.857741 4.68
53.888099 4.68
53.898989 4.68
53.929099 4.68
53.939975 4.68
53.970224 4.68
53.986100 4.68
54.011350 4.68
54.022100 4.68
54.052629 4.68
54.068630 4.68
54.099351 4.68
54.110350 4.68
54.140755 4.68
54.151631 4.68
54.187351 4.68
54.203352 4.68
54.228756 4.68
54.239620 4.68
54.275352 4.68
54.286102 4.68
54.316630 4.68
54.332479 4.68
54.363352 4.68
54.374103 4.68
54.404757 4.68
54.415631 4.68
54.451354 4.68
54.462103 4.68
54.492632 4.68
54.508757 4.68
54.535605 4.68
54.546481 4.68
54.578606 4.68
54.589481 4.68
54.621607 4.68
54.632481 4.68
54.664606 4.68
54.675481 5.00
54.707607 4.68
54.718482 4.68
54.750513 4.68
54.761356 4.68
54.793482 4.68
54.804356 4.68
54.836483 4.68
54.847356 4.68
54.883231 4.68
54.899357 4.68
54.924513 4.68
54.940634 4.68
54.971232 4.68
54.987357 4.68
55.012357 4.68
55.023108 4.68
55.053763 4.68
55.064484 4.68
55.095108 4.68
55.107484 4.68
55.136233 4.68
55.147108 4.68
55.177359 4.68
55.188108 4.68
55.218763 4.68
55.229639 4.68
55.259984 4.68
55.270751 4.68
55.300985 4.68
55.311750 4.68
55.342110 4.68
55.358110 4.68
55.383110 4.68
55.399235 5.00
55.424235 5.00
55.435111 4.68
55.465487 4.68
55.481487 4.68
55.512236 4.68
55.522986 4.68
55.553488 4.68
55.569641 4.68
55.600237 4.68
55.611111 4.68
55.641488 4.68
55.657488 4.68
55.688238 4.68
55.699112 4.68
55.729363 4.68
55.740112 4.68
55.770641 4.68
55.781363 4.68
55.817238 4.68
55.827988 4.68
55.858363 4.68
55.869114 5.00
55.899643 4.68
55.910490 4.68
55.941005 4.68
55.951754 4.68
55.981990 4.68
55.998004 4.68
56.022990 4.68
56.033758 4.68
56.063990 4.68
56.074758 4.68
56.104990 4.68
56.115757 5.00
56.145990 4.68
56.156758 4.68
56.186991 4.68
56.197757 4.68
56.227991 4.68
56.238759 4.68
56.268992 4.68
56.279757 4.68
56.310241 4.68
56.320992 4.68
56.351494 4.68
56.367617 4.68
56.398242 4.68
56.408992 4.68
56.439494 4.68
56.455618 4.68
56.486243 4.68
56.496993 4.68
56.527495 4.68
56.543495 4.68
56.574244 4.68
56.584994 4.68
56.615496 4.68
56.631619 4.68
56.662244 4.68
56.672994 4.68
56.703496 4.68
56.719496 4.68
56.750245 4.68
56.760995 4.68
56.791526 4.68
56.807620 4.68
56.838246 5.00
56.849013 4.68
56.879496 4.68
56.895621 4.68
56.926246 4.68
56.936996 4.68
56.967498 4.68
56.983621 4.68
57.014247 4.68
57.024997 4.68
57.055498 4.68
57.071622 4.68
57.102247 4.68
57.112997 4.68
57.143499 4.68
57.159622 4.68
57.190248 4.68
57.200998 4.68
57.231500 4.68
57.247500 4.68
57.278249 4.68
57.288998 4.68
57.319501 4.68
57.335623 4.68
57.366249 4.68
57.376999 4.68
57.407374 4.68
57.418125 4.68
57.450505 4.68
57.461375 4.68
57.493505 4.68
57.504375 4.68
57.540251 4.68
57.551000 4.68
57.581502 4.68
57.597626 4.68
57.624381 4.68
57.635126 4.68
57.665626 4.68
57.676376 4.68
57.712252 4.68
57.723002 4.68
57.753534 4.68
57.769627 4.68
57.795019 4.68
57.807397 4.68
57.836252 4.68
57.847003 4.68
57.877253 4.68
57.888003 4.68
57.918504 4.68
57.934504 4.68
57.965254 4.68
57.976004 4.68
58.006504 4.68
58.022504 5.00
58.053254 4.68
58.064004 4.68
58.094536 4.68
58.105380 4.68
58.136022 4.68
58.148383 4.68
58.177255 4.68
58.188005 4.68
58.218380 4.68
58.230771 4.68
58.265021 4.68
58.277385 4.68
58.306131 4.68
58.317006 4.68
58.347256 4.68
58.358006 4.68
58.388508 4.68
58.399381 4.68
58.435024 4.68
58.451025 4.68
58.476257 4.68
58.487132 4.68
58.517508 4.68
58.528383 4.68
58.564258 4.68
58.575007 4.68
58.605510 4.68
58.616383 4.68
58.652258 4.68
58.663008 4.68
58.693510 4.68
58.704384 4.68
58.740259 4.68
58.751009 4.68
58.781539 4.68
58.792384 4.68
58.823028 4.68
58.839025 4.68
58.864260 4.68
58.875135 4.68
58.905528 4.68
58.916385 4.68
58.952135 4.68
58.963028 4.68
58.993261 5.00
59.004135 4.68
59.034529 4.68
59.045386 4.68
59.081137 4.68
59.092029 4.68
59.122262 4.68
59.133012 4.68
59.163387 4.68
59.179387 4.68
59.210029 4.68
59.226030 4.68
59.251263 4.68
59.262138 4.68
59.292514 4.68
59.303387 4.68
59.339030 4.68
59.355030 4.68
59.380263 4.68
59.391138 4.68
59.421515 4.68
59.432389 4.68
59.468032 4.68
59.484032 4.68
59.509264 4.68
59.520015 4.68
59.550517 4.68
59.561390 4.68
59.597030 4.68
59.613031 4.68
59.638265 4.68
59.649015 4.68
59.679517 4.68
59.690390 4.68
59.726266 4.68
59.737015 4.68
59.767518 4.68
59.778392 4.68
59.814035 4.68
59.830033 4.68
59.855267 4.68
59.866142 4.68
59.896518 4.68
59.907392 4.68
59.943268 5.00
59.954017 4.68
59.984519 4.68
59.995393 4.68
60.031037 4.68
60.047035 4.68
60.072269 4.68
60.083019 4.68
60.113520 4.68
60.124394 4.68
60.155036 4.68
60.171037 4.68
60.196270 4.68
60.208788 4.68
60.237521 4.68
60.248394 4.68
60.284038 4.68
60.300038 4.68
60.325270 4.68
60.337785 4.68
60.366522 4.68
60.377396 4.68
60.413038 4.68
60.429038 4.68
60.454271 4.68
60.466664 4.68
60.495523 4.68
60.506396 4.68
60.542037 4.68
60.558038 4.68
60.583272 4.68
60.595662 4.68
60.629290 4.68
60.640148 4.68
60.676039 4.68
60.692038 4.68
60.717273 4.68
60.729664 4.68
60.758554 4.68
60.769399 4.68
60.800039 4.68
60.816041 4.68
60.841274 4.68
60.853664 4.68
60.882554 4.68
60.893400 4.68
60.923915 4.68
60.939917 4.68
60.965025 4.68
60.975918 4.68
61.006150 4.68
61.017025 4.68
61.047275 4.68
61.059666 4.68
61.088401 4.68
61.099275 4.68
61.135151 4.68
61.146044 4.68
61.176276 4.68
61.192276 4.68
61.217527 4.68
61.228403 4.68
61.258806 4.68
61.274920 4.68
61.300152 4.68
61.311028 4.68
61.341277 4.68
61.357278 4.68
61.382402 5.00
61.393153 4.68
61.429043 4.68
61.439797 4.68
61.470153 4.68
61.481029 4.68
61.511279 4.68
61.527279 4.68
61.552529 4.68
61.563278 4.68
61.593529 4.68
61.604278 4.68
61.634529 4.68
61.645278 4.68
61.675530 4.68
61.686278 4.68
61.716531 4.68
61.727405 4.68
61.758048 4.68
61.768798 4.68
61.799031 4.68
61.809796 4.68
61.840031 4.68
61.850798 5.00
61.881156 4.68
61.892031 4.68
61.922282 4.68
61.938282 4.68
61.963407 4.68
61.974156 4.68
62.010047 4.68
62.020800 4.68
62.051033 4.68
62.061801 4.68
62.092158 4.68
62.103033 5.00
62.133283 4.68
62.149283 4.68
62.174563 4.68
62.185409 4.68
62.215812 4.68
62.231926 4.68
62.257159 4.68
62.268034 4.68
62.298284 4.68
62.314284 4.68
62.347927 4.68
62.363927 4.68
62.389160 4.68
62.400035 4.68
62.430285 4.68
62.446285 4.68
62.471537 4.68
62.482410 4.68
62.512814 4.68
62.523537 4.68
62.554036 4.68
62.564804 4.68
62.595161 4.68
62.606037 4.68
62.636287 4.68
62.652287 4.68
62.677412 4.68
62.688162 4.68
62.724053 4.68
62.734805 4.68
62.765038 4.68
62.775931 4.68
62.806163 4.68
62.818692 4.68
62.847288 4.68
62.863288 4.68
62.890298 4.68
62.901039 4.68
62.931540 4.68
62.942414 4.68
62.972819 4.68
62.988806 4.68
63.014039 4.68
63.024808 4.68
63.055165 4.68
63.067691 5.00
63.096290 4.68
63.112290 4.68
63.142300 4.68
63.153040 4.68
63.185301 4.68
63.196166 4.68
63.228176 4.68
63.239058 4.68
63.269291 4.68
63.285291 4.68
63.312177 4.68
63.323060 4.68
63.353292 4.68
63.369292 4.68
63.396177 4.68
63.407061 4.68
63.437293 4.68
63.453293 4.68
63.480177 4.68
63.491060 4.68
63.521293 4.68
63.537293 4.68
63.567695 4.68
63.580178 4.68
63.609169 4.68
63.625169 4.68
63.650294 4.68
63.661169 4.68
63.696697 4.68
63.709179 4.68
63.738169 4.68
63.750575 4.68
63.779295 4.68
63.790045 4.68
63.822192 4.68
63.833061 4.68
63.868698 4.68
63.879421 4.68
63.910061 4.68
63.920937 4.68
63.951296 4.68
63.962046 4.68
63.997699 4.68
64.013689 4.68
64.039063 4.68
64.049940 4.68
64.080297 4.68
64.091172 4.68
64.126688 4.68
64.137422 4.68
64.168066 4.68
64.178940 4.68
64.209298 4.68
64.220173 4.68
64.255689 4.68
64.271691 4.68
64.297065 4.68
64.307815 4.68
64.338298 4.68
64.349049 4.68
64.379827 4.68
64.395818 4.68
64.421175 4.68
64.437175 4.68
64.462300 4.68
64.473175 4.68
64.508693 4.68
64.519425 4.68
64.550066 4.68
64.560817 4.68
64.591301 4.68
64.602175 4.68
64.637692 4.68
64.653691 4.68
64.679069 4.68
64.689819 4.68
64.720302 4.68
64.731176 4.68
64.766693 4.68
64.777427 4.68
64.808070 4.68
64.818945 4.68
64.849303 4.68
64.860178 4.68
64.895706 4.68
64.911696 4.68
64.937070 4.68
64.947818 4.68
64.978179 4.68
64.994053 4.68
65.019304 4.68
65.030054 4.68
65.065694 4.68
65.076429 4.68
65.107070 4.68
65.117822 4.68
65.148304 4.68
65.159055 4.68
65.194708 4.68
65.210696 4.68
65.236055 4.68
65.246820 4.68
65.277056 4.68
65.287822 4.68
65.318181 4.68
65.334056 4.68
65.359306 4.68
65.370057 4.68
65.400431 4.68
65.411182 4.68
65.441842 4.68
65.457947 4.68
65.483182 4.68
65.499057 4.68
65.524307 4.68
65.535182 4.68
65.570698 4.68
65.586701 4.68
65.611951 4.68
65.622699 4.68
65.653058 4.68
65.663826 4.68
65.694059 4.68
65.706559 4.68
65.735184 4.68
65.751184 4.68
65.776309 4.68
65.787184 4.68
65.822701 4.68
65.838712 4.68
65.863951 4.68
65.874703 4.68
65.905185 4.68
65.921185 4.68
65.946310 4.68
65.957060 4.68
65.992713 4.68
66.005187 4.68
66.033954 4.68
66.044702 4.68
66.075061 4.68
66.087436 4.68
66.116186 4.68
66.132062 4.68
66.157312 4.68
66.168062 4.68
66.198714 4.68
66.211079 4.68
66.240187 4.68
66.256188 4.68
66.281313 4.68
66.292063 4.68
66.322715 4.68
66.338718 4.68
66.363955 4.68
66.374705 4.68
66.405189 4.68
66.421189 4.68
66.446314 4.68
66.457189 4.68
66.487719 4.68
66.503716 4.68
66.528954 4.68
66.539717 4.68
66.570065 4.68
66.585957 4.68
66.611065 4.68
66.627065 4.68
66.652191 4.68
66.668065 4.68
66.693316 4.68
66.704191 4.68
66.734718 4.68
66.750718 4.68
66.775957 4.68
66.786720 4.68
66.817191 4.68
66.833192 4.68
66.858316 4.68
66.869192 4.68
66.899721 4.68
66.915720 4.68
66.941068 4.68
66.957067 4.68
66.982067 4.68
66.998068 4.68
67.023193 4.68
67.039068 4.68
67.064318 4.68
67.075194 4.68
67.110722 4.68
67.126723 4.68
67.152069 4.68
67.168069 4.68
67.198448 4.68
67.209319 4.68
67.239962 4.68
67.250724 4.68
67.281070 4.68
67.296962 4.68
67.322195 4.68
67.338195 4.68
67.363320 4.68
67.374195 4.68
67.404724 4.68
67.420723 4.68
67.446071 4.68
67.462071 4.68
67.487196 4.68
67.503196 4.68
67.528321 4.68
67.539197 4.68
67.569725 4.68
67.585725 4.68
67.611073 4.68
67.627072 4.68
67.652073 4.68
67.667965 4.68
67.693198 4.68
67.709198 4.68
67.734323 4.68
67.745073 4.68
67.780727 4.68
67.796726 4.68
67.822074 5.00
67.838199 4.68
67.863074 4.68
67.878964 4.68
67.904074 4.68
67.919967 4.68
67.945074 4.68
67.961075 4.68
67.986199 4.68
68.002075 4.68
68.027325 4.68
68.038075 4.68
68.068604 4.68
68.079325 4.68
68.109969 4.68
68.120730 4.68
68.151076 4.68
68.167201 4.68
68.192202 4.68
68.208077 4.68
68.235105 4.68
68.245967 4.68
68.276327 4.68
68.287077 4.68
68.317733 5.00
68.333730 4.68
68.359078 4.68
68.375078 4.68
68.400078 4.68
68.416078 4.68
68.441203 4.68
68.457203 4.68
68.484110 4.68
68.494969 4.68
68.527109 4.68
68.537971 4.68
68.570110 4.68
68.580954 4.68
68.611607 4.68
68.627608 4.68
68.653080 4.68
68.669080 4.68
68.694205 4.68
68.704972 4.68
68.737081 4.68
68.747973 4.68
68.778205 4.68
68.789081 4.68
68.824458 4.68
68.837082 4.68
68.865971 4.68
68.878460 4.68
68.907206 4.68
68.917974 4.68
68.953459 4.68
68.965986 4.68
68.994974 4.68
69.007332 4.68
69.036082 5.00
69.051973 4.68
69.077208 4.68
69.087976 4.68
69.123459 4.68
69.139460 4.68
69.164976 4.68
69.177333 4.68
69.206084 4.68
69.216976 4.68
69.247209 4.68
69.257975 5.00
69.293460 4.68
69.309464 4.68
69.334974 4.68
69.347335 4.68
69.376085 4.68
69.386960 4.68
69.417210 4.68
69.427975 4.68
69.463465 4.68
69.479615 4.68
69.504737 4.68
69.515613 4.68
69.546086 4.68
69.561961 4.68
69.587086 4.68
69.597961 4.68
69.628086 4.68
69.638962 4.68
69.669087 4.68
69.679962 4.68
69.710087 4.68
69.720962 4.68
69.751213 5.00
69.761980 4.68
69.797616 4.68
69.813615 4.68
69.839088 4.68
69.854963 4.68
69.880213 4.68
69.890964 4.68
69.926464 4.68
69.942464 4.68
69.967741 4.68
69.978465 4.68
70.008981 4.68
70.024982 4.68
70.049965 4.68
70.065983 4.68
70.090965 4.68
70.106982 4.68
70.132090 4.68
70.147965 4.68
70.173090 4.68
70.183980 4.68
70.214091 4.68
70.224966 4.68
70.255216 4.68
70.265966 4.68
70.301468 4.68
70.317471 4.68
70.342983 4.68
70.358985 4.68
70.383967 4.68
70.400092 4.68
70.425092 4.68
70.441092 4.68
70.466092 4.68
70.476967 4.68
70.507218 4.68
70.518093 4.68
70.553469 4.68
70.569473 4.68
70.594987 4.68
70.610986 4.68
70.635969 4.68
70.652094 4.68
70.676969 4.68
70.692986 4.68
70.718094 4.34
70.733969 4.34
70.759219 4.34
70.770095 4.34
70.805625 4.68
70.821624 4.68
70.846985 4.68
70.862986 4.34
70.888095 4.34
70.904096 4.34
70.929220 4.34
70.939971 4.34
70.975626 4.34
70.991488 4.34
71.017096 4.34
71.033097 4.34
71.059992 4.34
71.070865 4.34
71.102990 4.34
71.113862 4.34
71.144097 4.68
71.160098 4.34
71.185097 4.34
71.195973 4.68
71.226098 4.34
71.236973 4.68
71.267098 4.68
71.277973 4.34
71.308099 4.34
71.318974 4.34
71.349099 4.34
71.359974 4.34
71.390099 4.34
71.400974 4.68
71.431225 4.34
71.441974 4.34
71.477476 4.34
71.493479 4.68
71.518993 4.68
71.534991 4.34
71.559975 4.34
71.576101 4.34
71.601100 4.34
71.611976 4.68
71.642101 4.34
71.652976 4.34
71.683101 4.34
71.693976 4.34
71.724102 4.34
71.734977 4.68
71.765102 4.34
71.775977 4.34
71.806102 4.34
71.816978 4.34
71.847102 4.34
71.857977 4.34
71.888102 4.34
71.898977 4.34
71.929103 4.34
71.939978 4.34
71.970103 4.34
71.980978 4.34
72.011104 4.34
72.021979 4.34
72.052104 4.34
72.062979 4.34
72.093104 4.34
72.103979 4.34
72.134104 4.34
72.144980 4.34
72.175104 4.34
72.185980 4.34
72.216105 4.34
72.226980 4.68
72.257105 4.34
72.267980 4.68
72.298105 4.34
72.308981 4.68
72.339106 4.34
72.349981 4.68
72.380107 4.68
72.390981 4.68
72.421106 4.68
72.431981 4.34
72.462107 4.34
72.472982 4.68
72.503107 4.34
72.513982 4.34
72.544107 4.34
72.554983 4.34
72.585107 4.34
72.595983 4.34
72.626108 4.34
72.636983 4.34
72.667111 4.34
72.677983 4.34
72.708234 4.34
72.719109 4.34
72.754502 4.34
72.770485 4.34
72.796001 4.34
72.812002 4.34
72.837110 4.34
72.848003 4.34
72.878110 4.34
72.889001 4.34
72.919110 4.34
72.929985 4.34
72.960110 4.34
72.970985 4.34
73.006360 4.34
73.017111 4.34
73.047765 4.34
73.058487 4.34
73.089003 4.34
73.099753 4.34
73.135361 4.34
73.151362 4.34
73.176642 4.34
73.187362 4.34
73.218004 4.34
73.234005 4.34
73.259112 4.34
73.269988 4.34
73.300112 4.34
73.310988 4.34
73.341113 4.34
73.351988 4.34
73.382113 4.68
73.392988 4.34
73.423114 4.34
73.433989 4.34
73.464114 4.34
73.474989 4.34
73.505114 4.34
73.515989 4.34
73.546114 4.68
73.556990 4.68
73.587240 4.68
73.597989 4.68
73.633491 4.34
73.649494 4.34
73.675006 4.68
73.691008 4.68
73.715991 4.68
73.726757 4.34
73.756991 4.34
73.767758 4.34
73.797991 4.34
73.808759 4.34
73.838992 4.34
73.849759 4.34
73.879992 4.68
73.890758 4.34
73.922881 4.34
73.933901 4.34
73.964502 4.34
73.975501 4.34
74.006124 4.34
74.016998 4.34
74.047497 4.34
74.063496 4.34
74.089014 4.34
74.104995 4.34
74.131871 4.34
74.142773 4.34
74.173011 4.34
74.183886 4.34
74.215870 4.34
74.226772 4.34
74.258886 4.34
74.269906 4.34
74.300505 4.34
74.311504 4.34
74.342126 4.34
74.353018 4.34
74.383749 4.34
74.396374 4.34
74.425016 4.34
74.435765 4.34
74.466372 4.34
74.478873 4.34
74.507774 4.34
74.523780 4.34
