0.000000 0.000000
0.042066 4.34
0.053048 4.34
0.083629 4.34
0.094701 3.33
0.125428 2.66
0.141834 2.66
0.167052 2.66
0.178189 2.34
0.208731 2.34
0.219690 2.66
0.250295 2.66
0.266452 2.66
0.297042 2.34
0.307932 2.66
0.338447 2.66
0.349290 2.66
0.379930 2.66
0.396039 2.34
0.421163 2.66
0.432039 2.66
0.462441 2.34
0.473288 2.66
0.509039 2.66
0.519930 2.66
0.550164 2.66
0.560915 2.66
0.591289 2.66
0.607440 2.66
0.632566 2.66
0.643289 2.66
0.673931 2.34
0.690041 2.34
0.715166 2.66
0.725916 2.66
0.756631 2.66
0.767703 2.66
0.798194 2.34
0.809187 2.34
0.845067 2.66
0.856056 2.34
0.886837 2.66
0.903053 2.66
0.928465 2.34
0.944749 2.66
0.970059 2.34
0.981195 4.02
1.011697 4.02
1.022695 4.02
1.053300 4.02
1.069459 4.02
1.100047 4.34
1.110937 4.02
1.141575 4.34
1.152450 4.02
1.182936 4.02
1.199045 4.34
1.224170 4.02
1.235044 4.02
1.265447 4.02
1.276295 4.02
1.306936 4.02
1.323045 4.34
1.348170 4.02
1.359046 4.02
1.389447 4.34
1.400295 4.34
1.431074 4.34
1.442061 4.02
1.474363 4.34
1.485344 4.34
1.515951 4.34
1.526948 4.34
1.557602 4.34
1.568597 4.34
1.599179 4.34
1.611821 4.34
1.645374 4.34
1.656308 4.34
1.686961 4.34
1.697929 4.34
1.728465 4.34
1.739302 4.34
1.769943 4.34
1.785945 4.34
1.811175 4.34
1.823842 4.34
1.858058 4.34
1.869057 4.34
1.901344 4.34
1.912180 4.34
1.948053 4.68
1.958928 4.68
1.989459 4.68
2.000302 5.00
2.030943 5.00
2.047066 5.00
2.072609 5.35
2.083606 5.35
2.114182 5.35
2.126576 5.35
2.157187 5.35
2.168055 5.35
2.200185 5.35
2.211054 5.35
2.243183 5.35
2.254053 5.35
2.284428 5.35
2.295303 5.35
2.330696 5.35
2.341628 5.35
2.372313 5.35
2.388607 5.35
2.414060 5.35
2.425059 5.35
2.457218 5.35
2.468057 5.35
2.504056 5.35
2.514824 5.35
2.545305 5.35
2.556180 5.35
2.591947 5.35
2.602697 5.35
2.633440 5.35
2.644439 5.35
2.675061 5.35
2.685830 5.35
2.716435 5.35
2.727183 5.69
2.757824 5.35
2.773821 5.69
2.799057 5.69
2.809932 5.69
2.840182 5.69
2.856181 5.69
2.881432 5.69
2.892306 5.69
2.927824 5.69
2.943822 5.69
2.969057 5.69
2.979932 5.69
3.010182 5.35
3.026183 5.69
3.051459 5.69
3.062308 5.69
3.092933 5.69
3.103825 5.69
3.134058 5.69
3.144826 5.69
3.175183 5.69
3.191184 5.69
3.216434 5.69
3.227184 5.35
3.257711 5.69
3.268434 5.69
3.299341 5.69
3.315606 5.69
3.340829 5.69
3.357065 5.69
3.382313 5.69
3.393188 5.69
3.428953 5.69
3.439726 5.69
3.470186 5.69
3.486186 5.69
3.511435 5.69
3.522186 5.69
3.557826 5.69
3.573829 5.69
3.599446 5.69
3.610457 5.69
3.641068 6.01
3.652067 6.01
3.687834 6.01
3.703832 6.01
3.731440 6.01
3.742189 6.01
3.772707 6.01
3.783439 6.01
3.814063 6.01
3.824828 6.01
3.855188 6.01
3.871189 6.01
3.904831 6.01
3.920862 6.01
3.946504 6.01
3.957506 6.01
3.988070 6.01
3.999070 6.01
4.034961 6.01
4.045836 6.01
4.076443 6.01
4.087192 6.01
4.118066 6.01
4.128835 6.01
4.159191 6.01
4.175191 6.01
4.200441 6.01
4.211191 6.01
4.241948 6.01
4.252947 6.01
4.283331 6.01
4.294195 6.01
4.324710 6.01
4.340838 6.01
4.366193 6.01
4.382193 6.01
4.409194 6.01
4.420067 6.01
4.455833 6.01
4.471833 6.01
4.497068 6.01
4.509595 6.01
4.538193 6.01
4.554338 6.01
4.579844 6.01
4.590843 6.01
4.621510 6.01
4.632509 6.01
4.663075 6.01
4.675719 6.01
4.709842 6.01
4.725967 6.01
4.751332 6.01
4.762197 6.01
4.792715 6.01
4.808838 6.01
4.834070 6.01
4.844837 0.05
4.875196 6.01
4.891339 6.01
4.916750 6.01
4.932965 6.01
4.958331 6.01
4.969198 6.01
4.999712 6.01
5.015837 6.01
5.040837 6.01
5.056835 6.01
5.081947 6.01
5.092838 6.01
5.122948 6.01
5.133710 6.01
5.163948 6.01
5.174837 6.01
5.210856 6.01
5.221859 6.36
5.252331 6.36
5.263332 6.36
5.293850 6.01
5.304844 6.36
5.335330 0.05
5.346200 6.36
5.376844 12.32
5.387628 6.36
5.417950 0.05
5.428842 6.36
5.459075 12.32
5.475090 6.36
5.505965 6.01
5.516963 12.32
5.552618 6.36
5.568618 6.01
5.593954 6.01
5.604846 6.01
5.635203 6.01
5.646203 6.01
5.681841 12.32
5.692632 12.32
5.723333 0.05
5.734202 0.05
5.764843 12.32
5.775876 6.01
5.806504 12.32
5.817535 12.32
5.848089 12.32
5.864344 6.36
5.894980 0.05
5.905852 12.32
5.941724 6.01
5.957981 6.01
5.983206 12.32
5.999206 6.36
6.029847 12.32
6.040610 6.01
6.070954 6.01
6.081847 12.32
6.112106 6.36
6.128218 0.05
6.158965 6.36
6.169963 6.36
6.200340 6.01
6.211210 12.32
6.241959 6.36
6.252850 6.36
6.283208 0.05
6.294083 6.36
6.329737 6.36
6.345847 6.36
6.370957 6.36
6.381723 6.36
6.412341 6.36
6.423213 6.36
6.453962 6.36
6.464856 12.32
6.500866 6.36
6.511865 6.36
6.542510 6.36
6.553505 12.32
6.584088 6.36
6.600212 6.36
6.630621 12.32
6.646619 6.36
6.671960 0.05
6.682853 6.36
6.713085 6.36
6.729084 6.36
6.754209 6.36
6.765084 6.36
6.800994 6.36
6.817220 6.36
6.845884 6.36
6.856882 6.36
6.887534 6.36
6.903846 6.36
6.929095 6.36
6.945345 6.36
6.975966 6.36
6.988501 6.36
7.017215 6.36
7.028089 6.36
7.063855 6.36
7.074605 6.36
7.105212 6.36
7.116087 6.36
7.151855 6.36
7.162605 6.36
7.193219 6.36
7.209346 6.36
7.234854 6.36
7.245619 6.36
7.278125 6.36
7.289099 6.68
7.319740 6.68
7.330740 6.68
7.361218 6.68
7.372093 6.68
7.402862 6.68
7.413611 6.68
7.444216 6.68
7.455091 6.68
7.485619 6.68
7.501618 6.68
7.526965 6.68
7.539493 6.68
7.568090 6.68
7.584090 6.68
7.609215 6.68
7.620090 6.68
7.655620 6.68
7.671608 6.68
7.696858 6.68
7.707608 6.68
7.737966 6.68
7.748841 6.68
7.778967 6.68
7.791343 6.68
7.820092 6.68
7.836092 6.68
7.861217 6.68
7.871967 6.68
7.907607 6.68
7.919977 6.68
7.948968 6.68
7.961344 6.68
7.990093 6.68
8.006093 6.68
8.031219 6.68
8.042093 6.68
8.077621 6.68
8.089979 6.68
8.118969 6.68
8.131345 6.68
8.159969 6.68
8.172346 6.68
8.200970 6.68
8.213346 6.68
8.242095 6.68
8.258095 6.68
8.283220 6.68
8.294095 6.68
8.329623 6.68
8.341980 6.68
8.370971 6.68
8.386971 6.68
8.411971 6.68
8.427846 6.68
8.452971 6.68
8.468846 6.68
8.494097 6.68
8.504972 6.68
8.535222 6.68
8.546097 6.68
8.581627 6.68
8.597499 6.68
8.622865 6.68
8.633616 6.68
8.664098 6.68
8.679973 6.68
8.705223 6.68
8.716098 6.68
8.751628 6.68
8.767503 6.68
8.792866 6.68
8.803616 6.68
8.834099 6.68
8.849974 6.68
8.875224 6.68
8.885975 6.68
8.921616 6.68
8.937502 6.68
8.962867 6.68
8.973615 6.68
9.003850 6.68
9.014619 6.68
9.044850 6.68
9.055617 6.68
9.085851 6.68
9.096616 6.68
9.126851 6.68
9.137618 6.68
9.167976 6.68
9.183977 6.68
9.208977 6.68
9.224852 6.68
9.249977 6.68
9.265852 6.68
9.291102 6.68
9.306977 6.68
9.332228 6.68
9.343102 6.68
9.373632 6.68
9.389620 6.68
9.414978 6.68
9.430853 6.68
9.455978 6.68
9.471854 6.68
9.496979 6.68
9.512854 6.68
9.537979 6.68
9.553979 6.68
9.578979 6.68
9.594980 6.68
9.619980 6.68
9.635855 6.68
9.660980 6.68
9.676855 6.68
9.701980 6.68
9.717980 6.68
9.742980 6.68
9.758856 6.68
9.783981 6.68
9.799856 6.68
9.824981 6.68
9.840856 6.68
9.865981 6.68
9.881981 6.68
9.906982 6.68
9.922982 6.68
9.948107 6.68
9.963982 6.68
9.990984 6.68
10.001875 6.68
10.031982 6.68
10.047858 6.68
10.072983 6.68
10.088983 6.68
10.113983 6.68
10.129983 6.68
10.154984 6.68
10.170859 6.68
10.195984 6.68
10.211859 6.68
10.236984 6.68
10.252985 6.68
10.277984 6.68
10.293984 6.36
10.318985 6.36
10.334985 6.36
10.359985 6.36
10.375985 6.36
10.400985 0.05
10.416986 4.34
10.441986 4.34
10.457986 4.34
10.483127 4.34
10.494124 4.34
10.524766 4.34
10.535763 4.34
10.571617 4.34
10.582616 4.34
10.613240 4.34
10.624115 4.34
10.654648 4.34
10.665489 4.34
10.695862 4.34
10.708238 4.34
10.736863 4.34
10.749238 4.34
10.777988 4.34
10.793863 4.34
10.818988 4.34
10.829864 4.34
10.859988 4.34
10.870863 4.34
10.901113 4.34
10.911864 4.34
10.947365 4.34
10.963366 4.34
10.988882 4.34
11.001239 4.34
11.029865 4.34
11.042240 4.34
11.070865 4.34
11.083240 4.34
11.111866 4.34
11.127866 4.34
11.158649 4.34
11.182894 4.34
11.199008 4.34
11.229622 4.34
11.240373 4.34
11.271245 4.34
11.282120 4.34
11.312652 4.34
11.323494 4.34
11.353868 4.34
11.369868 4.34
11.394867 4.34
11.410867 4.34
11.435868 4.34
11.451884 4.34
11.476868 4.34
11.492993 4.34
11.517869 4.34
11.533902 4.34
