0.000000 0.000000
0.041953 4.34
0.058199 4.34
0.083636 4.68
0.094636 3.01
0.130645 2.66
0.141716 2.66
0.172217 2.66
0.183201 2.66
0.213839 2.66
0.230072 2.66
0.260603 2.66
0.271481 2.66
0.301961 2.66
0.312833 2.66
0.343473 2.66
0.359468 2.66
0.384956 2.66
0.400958 2.66
0.426067 2.66
0.436957 2.66
0.472317 2.66
0.488317 2.66
0.513592 2.66
0.524317 2.66
0.554958 2.66
0.570958 2.66
0.595956 2.66
0.606834 2.66
0.642318 2.66
0.658318 2.66
0.683594 2.66
0.694471 2.66
0.724961 2.66
0.740964 2.66
0.766485 2.66
0.777492 2.66
0.808081 2.66
0.819080 2.66
0.849767 2.66
0.862347 2.66
0.896706 2.66
0.907622 2.66
0.943783 2.66
0.961904 2.66
0.985658 4.34
0.996707 4.34
1.027204 4.34
1.038078 4.34
1.068840 4.34
1.084964 4.34
1.109950 4.34
1.120839 4.34
1.151074 4.34
1.161962 4.34
1.197323 4.34
1.213323 4.34
1.238598 4.34
1.249323 4.34
1.279961 4.34
1.295961 4.34
1.326323 4.34
1.342323 4.34
1.367601 4.34
1.378323 4.34
1.408966 4.34
1.425115 4.34
1.450650 4.34
1.461768 4.34
1.493874 4.34
1.504882 4.34
1.535509 4.34
1.546506 4.68
1.576978 4.34
1.592974 4.68
1.623474 4.68
1.639500 4.34
1.664971 4.68
1.680955 4.68
1.711328 4.68
1.727328 5.00
1.752971 5.00
1.768970 5.35
1.794115 5.35
1.805087 5.35
1.835709 5.35
1.848333 5.35
1.882487 5.35
1.893331 5.35
1.923969 5.69
1.934844 5.35
1.964954 5.69
1.975843 5.35
2.005953 5.35
2.016842 5.35
2.046954 5.35
2.057842 5.35
2.093529 5.69
2.104525 5.69
2.135212 5.69
2.146211 5.35
2.176855 5.69
2.192976 5.69
2.223332 5.69
2.239332 5.69
2.264974 5.69
2.275849 5.69
2.307862 5.35
2.318846 5.69
2.348957 5.35
2.359850 5.35
2.395502 5.35
2.406498 5.35
2.437086 5.69
2.447979 5.69
2.478493 6.01
2.489334 6.01
2.519849 5.69
2.535849 5.69
2.560958 5.69
2.571851 5.69
2.601958 5.69
2.612850 5.69
2.642959 5.69
2.653851 6.01
2.683959 6.01
2.694849 5.69
2.724960 5.69
2.735974 5.69
2.766651 5.69
2.777648 5.69
2.808091 5.69
2.818984 6.01
2.849714 6.01
2.865588 5.69
2.890962 5.69
2.901963 5.69
2.932337 5.69
2.948337 5.69
2.973492 5.69
2.984337 6.01
3.014854 6.01
3.030859 5.69
3.056341 5.69
3.072341 6.01
3.097856 5.69
3.113858 6.01
3.138978 5.69
3.149856 6.01
3.180213 5.69
3.190963 5.69
3.221495 6.01
3.232338 6.01
3.262980 5.69
3.273856 5.69
3.309339 6.01
3.325640 5.69
3.350987 6.01
3.361861 6.01
3.392640 6.01
3.405217 0.05
3.433967 12.32
3.444857 6.01
3.480341 6.01
3.496494 6.36
3.524484 0.05
3.535340 6.36
3.565858 0.05
3.581730 6.36
3.606985 0.05
3.617734 6.01
3.653216 6.36
3.664112 12.32
3.695006 6.36
3.706010 12.32
3.736514 12.32
3.747511 6.01
3.779737 12.32
3.790742 6.36
3.822738 6.36
3.833594 6.36
3.863984 0.05
3.874735 6.36
3.905093 6.36
3.915968 6.36
3.951343 6.36
3.962542 6.36
3.992998 6.36
4.004005 6.36
4.034506 12.32
4.045504 6.36
4.076001 6.36
4.086986 6.36
4.117346 12.32
4.133345 6.36
4.158862 6.36
4.174989 0.05
4.205345 6.36
4.221345 6.36
4.246619 12.32
4.257345 0.05
4.293666 12.32
4.309884 6.36
4.336760 6.68
4.347628 7.02
4.379753 7.02
4.390625 7.02
4.422750 7.02
4.433622 7.02
4.465750 7.02
4.476499 7.02
4.508747 7.02
4.519498 7.02
4.551747 7.02
4.562500 7.02
4.594748 7.02
4.605497 7.02
4.636545 7.02
4.647504 7.02
4.683354 7.02
4.699638 7.02
4.724746 7.02
4.740743 7.02
4.771351 7.02
4.787478 7.02
4.812780 7.02
4.828993 7.02
4.859350 7.02
4.875350 7.02
4.900753 7.02
4.916998 7.02
4.942355 7.02
4.953354 7.02
4.983866 7.02
4.994867 7.02
5.025227 7.02
5.041102 7.02
5.066504 7.02
5.077352 7.02
5.107993 7.02
5.118866 7.02
5.149226 7.02
5.161627 7.02
5.193626 7.02
5.209934 7.02
5.240551 7.02
5.251558 7.37
5.287358 7.37
5.298362 7.69
5.329003 8.03
5.340002 8.03
5.370520 8.35
5.381357 8.35
5.411997 8.03
5.422872 8.35
5.453355 8.03
5.464355 8.35
5.494509 8.03
5.505355 8.35
5.535873 8.35
5.546636 8.35
5.582106 8.35
5.598552 8.35
5.623759 8.35
5.640008 8.03
5.665362 8.35
5.676362 8.35
5.706877 8.35
5.717646 8.35
5.748359 8.35
5.759234 8.35
5.789514 8.03
5.800358 8.35
5.830876 8.35
5.841636 8.35
5.877248 8.35
5.893553 8.35
5.918887 8.35
5.929886 8.35
5.960365 8.03
5.971239 8.35
6.002002 8.35
6.012878 8.35
6.043361 8.35
6.054361 8.35
6.084517 8.35
6.095361 8.35
6.125878 8.35
6.136640 8.35
6.172256 8.35
6.188552 8.35
6.213882 8.35
6.224905 8.70
6.255512 9.04
6.266548 9.04
6.302369 9.36
6.313369 9.04
6.344009 9.36
6.354886 9.36
6.385525 9.04
6.396365 9.36
6.427006 9.36
6.437880 9.04
6.468520 9.04
6.479363 9.36
6.510004 9.36
6.520879 9.36
6.551502 9.36
6.562553 9.36
6.598371 9.36
6.609371 9.36
6.640013 9.36
6.650887 9.36
6.681493 9.36
6.692367 9.36
6.722759 9.36
6.733633 9.04
6.769365 9.36
6.780115 9.36
6.810768 9.36
6.821491 9.36
6.852371 9.36
6.863376 9.36
6.894014 9.71
6.904763 9.71
6.935688 10.03
6.952025 10.37
6.982563 10.72
6.998901 11.04
7.029576 11.38
7.045895 11.38
7.076373 11.38
7.087246 11.70
7.118015 11.38
7.128763 11.38
7.159370 11.38
7.170245 11.38
7.200775 11.38
7.211650 11.38
7.247243 11.38
7.263243 11.70
7.288495 11.70
7.299368 11.38
7.329773 11.70
7.340495 11.70
7.376369 11.38
7.387244 11.70
7.417771 11.38
7.428495 11.38
7.464370 11.38
7.475119 11.38
7.505773 11.38
7.516497 11.38
7.552370 11.38
7.563245 11.70
7.593775 11.70
7.604650 11.38
7.640246 11.38
7.656371 11.38
7.681527 11.38
7.693996 11.38
7.722773 11.70
7.733529 11.70
7.769372 11.70
7.780123 11.70
7.810775 11.70
7.821652 11.70
7.857123 11.70
7.867998 11.70
7.898248 11.70
7.914123 11.70
7.939526 11.70
7.952123 11.70
7.986249 11.70
8.002124 11.70
8.027374 11.70
8.038248 11.70
8.068778 11.70
8.079654 11.38
8.115375 11.70
8.126125 11.70
8.156779 11.70
8.167652 11.70
8.203375 11.70
8.214125 11.70
8.244780 11.70
8.255652 11.70
8.291376 11.70
8.302127 11.70
8.332780 11.70
8.343653 11.70
8.379252 11.70
8.395376 11.70
8.420504 11.70
8.436503 11.70
8.467253 11.70
8.478002 11.70
8.508504 11.70
8.521003 11.70
8.555253 11.70
8.566128 11.38
8.596505 11.38
8.612656 11.70
8.637782 11.38
8.648658 11.70
8.679004 11.70
8.689771 11.70
8.720129 11.70
8.736254 11.70
8.761254 11.70
8.772130 11.70
8.802506 11.70
8.815005 11.70
8.849255 11.70
8.860006 11.70
8.890507 11.70
8.906659 11.70
8.931661 11.70
8.942507 11.70
8.978256 11.70
8.989006 11.70
9.019508 11.70
9.035508 11.70
9.066257 11.70
9.077132 11.70
9.107508 11.70
9.123649 11.70
9.148786 11.70
9.159663 11.70
9.190133 11.70
9.206133 11.70
9.231258 11.70
9.242008 11.70
9.272510 11.70
9.288660 11.70
9.313788 11.70
9.324662 11.70
9.355008 11.70
9.365758 11.70
9.396008 11.70
9.406758 11.70
9.437008 11.70
9.447758 11.70
9.478008 11.70
9.488759 11.70
9.519009 11.70
9.529759 11.38
9.560009 11.38
9.570760 11.70
9.601010 11.70
9.611760 11.70
9.642010 11.70
9.652760 11.70
9.683010 11.70
9.693760 11.70
9.724010 11.70
9.734760 11.70
9.765011 11.70
9.775761 11.70
9.806011 11.70
9.816761 11.70
9.847011 11.70
9.857762 11.70
9.888012 11.70
9.898762 11.70
9.929012 11.70
9.939762 11.70
9.970013 11.70
9.980762 11.70
10.011013 11.70
10.021763 11.38
10.052012 11.38
10.062763 11.70
10.093013 11.70
10.103763 11.70
10.134013 11.70
10.144764 11.70
10.175014 11.70
10.185764 11.70
10.216014 11.70
10.226765 11.70
10.257015 11.70
10.267764 11.38
10.298015 11.70
10.308765 11.70
10.339015 11.70
10.349765 11.38
10.380015 11.70
10.390766 11.70
10.421015 11.70
10.431766 11.70
10.462016 11.70
10.472766 11.70
10.503016 11.70
10.513766 11.70
10.544016 11.70
10.554767 11.70
10.585017 11.38
10.595768 11.70
10.626017 11.70
10.636767 11.70
10.667017 11.70
10.677768 11.70
10.708018 11.70
10.720519 11.70
10.749018 11.70
10.761519 11.70
10.790018 11.38
10.800769 11.38
10.831019 11.70
10.843394 11.70
10.872019 11.70
10.884395 11.70
10.913019 11.70
10.923769 11.70
10.954019 11.70
10.966396 11.70
10.995020 11.70
11.007396 11.70
11.036020 11.70
11.048396 11.70
11.077022 11.70
11.093022 11.70
11.118147 11.70
11.134147 11.70
11.159272 11.70
11.170022 11.70
11.200523 11.70
11.216398 11.38
11.247040 11.70
11.263041 11.70
11.288273 11.70
11.299023 11.70
11.329524 11.70
11.340274 11.70
11.372430 11.70
11.383274 11.70
11.419041 11.70
11.435040 11.70
11.460274 11.70
11.471150 11.70
11.501680 11.70
11.512526 11.70
11.542915 11.70
11.553668 11.70
11.584151 11.70
11.594917 11.70
11.625276 11.70
11.636026 11.70
11.666680 11.70
11.677526 11.70
11.708152 11.70
11.718919 11.70
11.749277 11.70
11.760152 11.70
11.790681 11.70
11.801410 11.70
11.831917 11.70
11.842680 11.70
11.873153 11.70
11.883917 11.70
11.914278 11.70
11.925028 11.70
11.955680 11.70
11.966412 11.70
11.996921 11.70
12.007682 11.70
12.038154 11.70
12.048919 11.70
12.079279 11.70
12.090030 11.70
12.120530 11.70
12.131280 11.70
12.167045 11.70
12.183048 11.70
12.208280 11.70
12.219156 11.70
12.249685 11.70
12.260561 11.70
12.291031 11.70
12.307032 11.70
12.332031 11.70
12.348031 11.70
12.373157 11.70
12.383924 11.70
12.414282 11.70
12.425032 11.70
12.455686 11.70
12.466561 11.70
12.497033 11.70
12.513158 11.70
12.538158 11.70
12.548922 11.70
12.579283 11.70
12.590158 11.70
12.620687 11.70
12.631560 11.70
12.662033 11.70
12.678159 11.70
12.703159 11.70
12.713926 11.70
12.744284 11.70
12.755034 11.70
12.785690 11.70
12.796562 11.70
12.827035 11.70
12.843160 11.70
12.868036 11.70
12.884160 11.70
12.909161 11.70
12.920036 11.70
12.950286 11.70
12.961036 11.70
12.991689 11.70
13.002563 11.70
13.033037 11.70
13.049162 11.70
13.074037 11.70
13.090162 11.70
13.115037 11.70
13.131162 11.70
13.156162 11.70
13.166927 11.70
13.197287 11.70
13.208038 11.70
13.238567 11.70
13.249420 11.70
13.280039 11.70
13.296164 11.70
13.321164 11.70
13.332039 11.70
13.362289 11.70
13.373039 11.70
13.405443 11.70
13.416289 11.70
13.446694 11.70
13.457567 11.70
13.488040 11.70
13.504166 11.70
13.529040 11.70
13.545165 11.70
13.570041 11.70
13.586165 11.70
13.611166 11.70
13.621933 11.70
13.652291 11.70
13.664697 11.70
13.693571 11.70
13.704291 11.70
13.735042 11.70
13.751167 11.70
13.776168 11.70
13.787042 11.70
13.817292 11.70
13.829696 11.70
13.858418 11.70
13.874570 11.70
13.905168 11.70
13.916043 11.70
13.946293 11.70
13.958697 11.70
13.987573 11.70
13.998294 11.70
14.029044 11.70
14.045169 11.70
14.070170 11.70
14.081045 11.70
14.111295 11.70
14.123698 11.70
14.157572 11.70
14.168421 11.70
14.199046 11.70
14.209937 11.70
14.240046 11.70
14.250937 11.70
14.281046 11.70
14.291939 11.70
14.322046 11.70
14.332936 11.70
14.363047 11.70
14.373939 11.70
14.404047 11.70
14.414937 11.70
14.445172 11.70
14.455940 11.70
14.486297 11.70
14.502297 11.70
14.527578 11.70
14.538298 11.70
14.568940 11.70
14.584938 11.70
14.610048 11.70
14.620939 11.70
14.651048 11.70
14.661924 11.70
14.692049 11.70
14.702939 11.70
14.733174 11.70
14.743925 11.70
14.774300 11.70
14.790300 11.70
14.824065 11.70
14.834942 11.70
14.865300 11.70
14.881300 11.70
14.915067 11.70
14.925944 11.70
14.956301 11.70
14.972301 11.70
15.000580 11.70
15.011431 11.70
15.042052 11.70
15.052943 11.70
15.083177 11.70
15.094052 11.70
15.124429 11.70
15.135302 11.70
15.171177 11.70
15.182053 11.70
15.212303 11.70
15.228303 11.70
15.253583 11.70
15.264303 11.70
15.294944 11.70
15.310820 11.70
15.336179 11.70
15.347054 11.70
15.377304 11.70
15.393179 11.70
15.418584 11.70
15.429431 11.70
15.460055 11.70
15.470945 11.70
15.501055 11.70
15.511930 11.70
15.542055 11.70
15.552948 11.70
15.583055 11.70
15.593931 11.70
15.624056 11.70
15.634931 11.70
15.665181 11.70
15.676057 11.70
15.706306 11.70
15.722307 11.70
15.747584 11.70
15.758307 11.70
15.788950 11.70
15.804951 11.70
15.830182 11.70
15.841058 11.70
15.871308 11.70
15.887307 11.70
15.912587 11.70
15.923435 11.70
15.954059 11.70
15.964951 11.70
15.995059 11.70
16.005934 11.70
16.036059 11.70
16.046934 11.70
16.077059 11.70
16.087934 11.70
16.118059 11.70
16.128935 11.70
16.159060 11.70
16.169935 11.70
16.200060 11.70
16.210936 11.70
16.241060 11.70
16.251936 11.70
16.282061 11.70
16.292936 11.70
16.323061 11.70
16.333936 11.70
16.364186 11.70
16.376705 11.70
16.405312 11.70
16.421312 11.70
16.451955 11.70
16.467955 11.70
16.493063 11.70
16.503954 11.70
16.534063 11.70
16.544937 11.70
16.575063 11.70
16.585938 11.70
16.616063 11.70
16.626938 11.70
16.657064 11.70
16.667939 11.70
16.698064 11.70
16.708939 11.70
16.739064 11.70
16.749940 11.70
16.780065 11.70
16.790940 11.70
16.821065 11.70
16.831940 11.70
16.862065 11.70
16.872941 11.70
16.903065 11.70
16.913940 11.70
16.944066 11.70
16.954941 11.70
16.985066 11.70
16.995941 11.70
17.026067 11.70
17.036942 11.70
17.067067 11.70
17.077942 11.70
17.108067 11.70
17.118942 11.70
17.149067 11.70
17.159960 11.70
17.190067 11.70
17.200943 11.70
17.231068 11.70
17.241943 11.70
17.272068 11.70
17.282943 11.70
17.313069 11.70
17.323944 11.70
17.354069 11.70
17.364944 11.70
17.395069 11.70
17.405945 11.70
17.436069 11.70
17.446945 11.70
17.477069 11.70
17.487945 11.70
17.518195 11.70
17.534070 11.70
17.559320 11.70
17.570071 11.70
17.605714 11.70
17.621724 11.70
17.647072 11.70
17.657963 11.70
17.688071 11.70
17.698947 11.70
17.729071 11.70
17.739839 11.70
17.770072 11.70
17.780964 11.70
17.811072 11.70
17.821948 11.70
17.852073 11.70
17.862965 11.70
17.893073 11.70
17.903948 11.70
17.934073 11.70
17.944948 11.70
17.975073 11.70
17.985949 11.70
18.016199 11.70
18.032074 11.70
18.057324 11.70
18.068074 11.70
18.103717 11.70
18.114451 11.70
18.144966 11.70
18.155715 11.70
18.186075 11.70
18.196950 11.70
18.227075 11.70
18.237950 11.70
18.268077 11.70
18.278951 11.70
18.309201 11.70
18.325076 11.70
18.350326 11.70
18.361076 11.70
18.396719 11.70
18.407453 11.70
18.437967 11.70
18.448719 11.70
18.479077 11.70
18.489952 11.70
18.520078 11.70
18.530953 11.70
18.561078 11.70
18.571953 11.70
18.602078 11.70
18.612954 11.70
18.643079 11.70
18.653954 11.70
18.684079 11.70
18.694954 11.70
18.725079 11.70
18.735955 11.70
18.766079 11.70
18.776954 11.70
18.807080 11.70
18.817955 11.70
18.848080 11.70
18.858955 11.70
18.889081 11.70
18.899956 11.70
18.930081 11.70
18.942581 11.70
18.971080 11.70
18.981956 11.70
19.012081 11.70
19.022956 11.70
19.053081 11.70
19.065581 11.70
19.094082 11.70
19.104957 11.70
19.135082 11.70
19.147582 11.70
19.176083 11.70
19.188583 11.70
19.217083 11.70
19.227958 11.70
19.258083 11.70
19.270583 11.70
19.299083 11.70
19.309959 11.70
19.340083 11.70
19.352460 11.70
19.381334 11.70
19.392084 11.70
19.427740 11.70
19.440094 11.70
19.468977 11.70
19.479728 11.70
19.510085 11.70
19.522461 11.70
19.551085 11.70
19.563462 11.70
19.592336 11.70
19.603086 11.70
19.638727 11.70
19.651117 11.70
19.679978 11.70
19.690852 11.70
19.720962 11.70
19.731729 11.70
19.761962 11.70
19.772852 11.70
19.802962 11.70
19.813863 11.70
19.843963 11.70
19.854729 11.70
19.884963 11.70
19.895853 11.70
19.925964 11.70
19.936855 11.70
19.966963 11.70
19.977856 11.70
20.007964 11.70
20.018856 11.70
20.048964 11.70
20.059731 11.70
20.089965 11.70
20.100731 11.70
20.130965 11.70
20.141735 11.70
20.171965 11.70
20.182732 11.70
20.212966 11.70
20.223731 11.70
20.253966 11.70
20.264734 11.70
20.294966 11.70
20.305731 11.70
20.335966 11.70
20.346733 11.70
20.376967 11.70
20.387733 11.70
20.417967 11.70
20.428734 11.70
20.459092 11.70
20.475092 11.70
20.500217 11.70
20.510968 11.70
20.546608 11.70
20.557343 11.70
20.587983 11.70
20.598736 11.70
20.629218 11.70
20.639968 11.70
20.675609 11.70
20.686344 11.70
20.716984 11.70
20.727736 11.70
20.757969 11.70
20.768738 11.70
20.798970 11.70
20.809737 11.70
20.839970 11.70
20.850736 11.70
20.880971 11.70
20.891735 11.70
20.921971 11.70
20.932739 11.70
20.963096 11.70
20.978971 11.70
21.004221 11.70
21.014971 11.70
21.050612 11.70
21.061346 11.70
21.091989 11.70
21.102739 11.70
21.133222 11.70
21.143971 11.70
21.179614 11.70
21.190348 11.70
21.220990 11.70
21.231738 11.70
21.262098 11.70
21.278099 11.70
21.303223 11.70
21.314098 11.70
21.349615 11.70
21.360349 11.70
21.390989 11.70
21.401739 11.70
21.434101 11.70
21.444991 11.70
21.475225 11.70
21.485975 11.70
21.516350 11.70
21.527100 11.70
21.557755 11.70
21.573868 11.70
21.598976 11.70
21.611477 11.70
21.639976 11.70
21.650869 11.70
21.680977 11.70
21.691867 11.70
21.721977 11.70
21.732746 11.70
21.762977 11.70
21.773868 11.70
21.804103 11.70
21.819977 11.70
21.845228 11.70
21.855978 11.70
21.891630 11.70
21.902353 11.70
21.932996 11.70
21.945509 11.70
21.974104 11.70
21.990104 11.70
22.015229 11.70
22.025978 11.70
22.061634 11.70
22.074136 11.70
22.103104 11.70
22.118980 11.70
22.144230 11.70
22.155105 11.70
22.190634 11.70
22.206620 11.70
22.231999 11.70
22.244356 11.70
22.273231 11.70
22.284106 11.70
22.316013 11.70
22.326873 11.70
22.357231 11.70
22.368107 11.70
22.403498 11.70
22.416000 11.70
22.445000 11.70
22.460997 11.70
22.486233 11.70
22.496983 11.70
22.532637 11.70
22.548624 11.70
22.574008 11.70
22.590000 11.70
22.615233 11.70
22.626108 11.70
22.661638 11.70
22.677627 11.70
22.703002 11.70
22.719001 11.70
22.743985 11.70
22.759985 11.70
22.784985 11.70
22.800985 11.70
22.826110 11.70
22.841985 11.70
22.867235 11.70
22.877985 11.70
22.913640 11.70
22.929626 11.70
22.955004 11.70
22.971003 11.70
22.995987 11.70
23.012003 11.70
23.036987 11.70
23.052987 11.70
23.078112 11.70
23.094112 11.70
23.119237 11.70
23.130112 11.70
23.165640 11.70
23.181629 11.70
23.207006 11.70
23.223004 11.70
23.248113 11.70
23.263988 11.70
23.289238 11.70
23.299988 11.70
23.335640 11.70
23.351490 11.70
23.377114 11.70
23.393114 11.70
23.418239 11.70
23.429114 11.70
23.464630 11.70
23.480491 11.70
23.506115 11.70
23.521990 11.70
23.547240 11.70
23.557990 11.70
23.593492 11.70
23.609492 11.70
23.635008 11.70
23.651009 11.70
23.676241 11.70
23.687116 11.70
23.722632 11.70
23.738525 11.70
23.764009 11.70
23.780010 11.70
23.805117 11.70
23.820993 11.70
23.846242 11.70
23.856993 11.70
23.892517 11.70
23.908635 11.70
23.934010 11.70
23.950009 11.70
23.974994 11.70
23.991011 11.70
24.015994 11.70
24.031994 11.70
24.056995 11.70
24.073120 11.70
24.097995 11.70
24.113994 11.70
24.139120 11.70
24.154995 11.70
24.180245 11.70
24.191120 11.70
24.226647 11.70
24.242637 11.70
24.268012 11.70
24.284013 11.70
24.309121 11.70
24.324996 11.70
24.350246 11.70
24.360996 11.70
24.396637 11.70
24.412638 11.70
24.438014 11.70
24.454015 11.70
24.479122 11.70
24.494998 11.70
24.521999 11.70
24.532766 11.70
24.562999 11.70
24.578998 11.70
24.604124 11.70
24.614999 11.70
24.647000 11.70
24.657765 11.70
24.688124 11.70
24.698999 11.70
24.731001 11.70
24.741764 11.70
24.772125 11.70
24.783000 11.70
24.818375 11.70
24.829250 11.70
24.859780 11.70
24.870652 11.70
24.901001 11.70
24.917001 11.70
24.942001 11.70
24.958001 11.70
24.983126 11.70
24.994002 11.70
25.025877 11.70
25.036643 11.70
25.067019 11.70
25.083002 11.70
25.108003 11.70
25.124002 11.70
25.149128 11.70
25.160002 11.70
25.195378 11.70
25.206128 11.70
25.236781 11.70
25.247658 11.70
25.278129 11.70
25.289004 11.70
25.320880 11.70
25.331782 11.70
25.362129 11.70
25.373004 11.70
25.408379 11.70
25.419129 11.70
25.449784 11.70
25.460659 11.70
25.491130 11.70
25.502005 11.70
25.537510 11.70
25.548507 11.70
25.578784 11.70
25.589659 11.70
25.620131 11.70
25.631006 11.70
25.666381 11.70
25.677131 11.70
25.707661 11.70
25.718508 11.70
25.749024 11.70
25.765025 11.70
25.795382 11.70
25.806257 11.70
25.836785 11.70
25.847508 11.70
25.878008 11.70
25.888773 11.70
25.919008 11.70
25.929775 11.70
25.960009 11.70
25.970777 11.70
26.001009 11.70
26.011774 11.70
26.042134 11.70
26.053009 11.70
26.088384 11.70
26.099134 11.70
26.129788 11.70
26.140664 11.70
26.171135 11.70
26.182011 11.70
26.217386 11.70
26.228135 11.70
26.258790 11.70
26.269665 11.70
26.300011 11.70
26.310778 11.70
26.341011 11.70
26.351780 11.70
26.382011 11.70
26.392777 11.70
26.423137 11.70
26.434012 11.70
26.469387 11.70
26.480137 11.70
26.510790 11.70
26.521513 11.70
26.552013 11.70
26.562779 11.70
26.593013 11.70
26.603781 11.70
26.634139 11.70
26.645014 11.70
26.680389 11.70
26.691139 11.70
26.721793 11.70
26.732668 11.70
26.763140 11.70
26.774015 11.70
26.809390 11.70
26.825390 11.70
26.850793 11.70
26.863390 11.70
26.892016 11.70
26.902780 11.70
26.933016 11.70
26.943782 11.70
26.974016 11.70
26.984781 11.70
27.015017 11.70
27.025785 11.70
27.056017 11.70
27.066909 11.70
27.097142 11.70
27.108017 11.70
27.143392 11.70
27.155912 11.70
27.184909 11.70
27.200910 11.70
27.226143 11.70
27.237018 11.70
27.272393 11.70
27.284894 11.70
27.313797 11.70
27.326394 11.70
27.355144 11.70
27.365910 11.70
27.401394 11.70
27.412269 11.70
27.442798 11.70
27.455269 11.70
27.484020 11.70
27.494788 11.70
27.525020 11.70
27.535913 11.70
27.567897 11.70
27.578912 11.70
27.608913 11.70
27.624913 11.70
27.649912 11.70
27.665914 11.70
27.690914 11.70
27.706790 11.70
27.731913 11.70
27.747798 11.70
27.773147 11.70
27.783915 11.70
27.819398 11.70
27.843914 11.70
27.859790 11.70
27.884914 11.70
27.900789 11.70
27.926023 11.70
27.936789 11.70
27.967149 11.70
27.977913 11.70
28.008524 11.70
28.024399 11.70
28.049789 11.70
28.065665 11.70
28.090915 11.70
28.106792 11.70
28.131915 11.70
28.147791 11.70
28.172916 11.70
28.191917 11.70
28.209150 11.70
28.234151 11.70
28.244918 11.70
28.280401 11.70
28.296401 11.70
28.321806 11.70
28.337680 11.70
28.363152 11.70
28.373919 11.70
28.409410 11.70
28.425277 11.70
28.450683 11.70
28.461527 11.70
28.491919 11.70
28.502668 11.70
28.533153 11.70
28.543919 11.70
28.579411 11.70
28.595278 11.70
28.620794 11.70
28.636682 11.70
28.662154 11.70
28.672921 11.70
28.708411 11.70
28.724279 11.70
28.749808 11.70
28.765797 11.70
28.791155 11.70
28.801922 11.70
28.837413 11.70
28.853280 11.70
28.878798 11.70
28.894797 11.70
28.920156 11.70
28.931031 11.70
28.966414 11.70
28.982281 11.70
29.007811 11.70
29.023800 11.70
29.049157 11.70
29.059923 11.70
29.095416 11.70
29.111282 11.70
29.136925 11.70
29.153811 11.70
29.178033 11.70
29.188926 11.70
29.219158 11.70
29.229926 11.70
29.265412 11.70
29.281412 11.70
29.306927 11.70
29.322926 11.70
29.348159 11.70
29.358926 11.70
29.394412 11.70
29.410413 11.70
29.435927 11.70
29.451926 11.70
29.477035 11.70
29.487929 11.70
29.518035 11.70
29.528928 11.70
29.560787 11.70
29.571566 11.70
29.602036 11.70
29.612927 11.70
29.644788 11.70
29.655691 11.70
29.686037 11.70
29.696928 11.70
29.727162 11.70
29.737928 11.70
29.773415 11.70
29.797927 11.70
29.827416 11.70
29.843420 11.70
29.868930 11.70
29.884930 11.70
29.910038 11.70
29.920929 11.70
29.952818 11.70
29.963567 11.70
29.995820 11.70
30.006691 11.70
30.038820 11.70
30.049567 11.70
30.081819 11.70
30.092693 11.70
30.124820 11.70
30.135569 11.70
30.167821 11.70
30.178569 11.70
30.214420 11.70
30.238931 11.70
30.249695 11.70
30.285291 11.70
30.297820 11.70
30.326693 11.70
30.339166 11.70
30.368042 11.70
30.378934 11.70
30.410823 11.70
30.421572 11.70
30.457292 11.70
30.473420 11.70
30.498418 11.70
30.509293 11.70
30.539941 11.70
30.550694 11.70
30.586168 11.70
30.597043 11.70
30.627294 11.70
30.639686 11.70
30.668573 11.70
30.679421 11.70
30.709934 11.70
30.720699 11.70
30.756295 11.70
30.772420 11.70
30.800699 11.70
30.816938 11.70
30.842045 11.70
30.852938 11.70
30.888170 11.70
30.898937 11.70
30.929295 11.70
30.941672 11.70
30.970701 11.70
30.986937 11.70
31.012047 11.70
31.022939 11.70
31.058297 11.70
31.074297 11.70
31.099574 11.70
31.110429 11.70
31.141048 11.70
31.151937 11.70
31.187298 11.70
31.203425 11.70
31.228576 11.70
31.239425 11.70
31.270048 11.70
31.280938 11.70
31.316298 11.70
31.332425 11.70
31.360703 11.70
31.376941 11.70
31.401942 11.70
31.412692 11.70
31.448174 11.70
31.458925 11.70
31.489300 11.70
31.505175 11.70
31.530578 11.70
31.541300 11.70
31.571942 11.70
31.582691 11.70
31.618427 11.70
31.629301 11.70
31.659691 11.70
31.675691 11.70
31.701051 11.70
31.711943 11.70
31.747302 11.70
31.763302 11.70
31.788582 11.70
31.799429 11.70
31.830053 11.70
31.840944 11.70
31.876430 11.70
31.887303 11.70
31.917946 11.70
31.928695 11.70
31.959054 11.70
31.969929 11.70
32.005430 11.70
32.016304 11.70
32.046707 11.70
32.062948 11.70
32.088054 11.70
32.098946 11.70
32.134180 11.70
32.145055 11.70
32.175305 11.70
32.191305 11.70
32.216585 11.70
32.227432 11.70
32.258056 11.70
32.268947 11.70
32.304181 11.70
32.315056 11.70
32.345306 11.70
32.361306 11.70
32.386708 11.70
32.402709 11.70
32.429684 11.70
32.440434 11.70
32.471058 11.70
32.481949 11.70
32.517183 11.70
32.529684 11.70
32.558307 11.70
32.574308 11.70
32.599587 11.70
32.612058 11.70
32.642685 11.70
32.653435 11.70
32.685685 11.70
32.696436 11.70
32.728686 11.70
32.739466 11.70
32.771716 11.70
32.782462 11.70
32.814715 11.70
32.825588 11.70
32.857715 11.70
32.868464 11.70
32.900714 11.70
32.911588 11.70
32.943687 11.70
32.954438 11.70
32.986688 11.70
32.997590 11.70
33.033312 11.70
33.049311 11.70
33.074717 11.70
33.090715 11.70
33.117689 11.70
33.128592 11.70
33.160689 11.70
33.171439 11.70
33.203690 11.70
33.214439 11.70
33.250314 11.70
33.266313 11.70
33.291592 11.70
33.307718 11.70
33.334691 11.70
33.345594 11.70
33.375955 11.70
33.386707 11.70
33.422189 11.70
33.438315 11.70
33.463315 11.70
33.479315 11.70
33.504718 11.70
33.520719 11.70
33.551316 11.70
33.567315 11.70
33.592593 11.70
33.605066 11.70
33.639316 11.70
33.650316 11.70
33.680833 11.70
33.691708 11.70
33.727317 11.70
33.743317 11.70
33.768835 11.70
33.779594 11.70
33.815193 11.70
33.831192 11.70
33.856461 11.70
33.867318 11.70
33.897959 11.70
33.908708 11.70
33.944194 11.70
33.960193 11.70
33.985318 11.70
33.996068 11.70
34.026597 11.70
34.042723 11.70
34.073319 11.70
34.084070 11.70
34.114600 11.70
34.130724 11.70
34.155962 11.70
34.166713 11.70
34.197196 11.70
34.213321 11.70
34.238321 11.70
34.249196 11.70
34.279724 11.70
34.290447 11.70
34.326321 11.70
34.337196 11.70
34.367725 11.70
34.378599 11.70
34.414197 11.70
34.430321 11.70
34.455322 11.70
34.466072 11.70
34.496449 11.70
34.507322 11.70
34.537965 11.70
34.548716 11.70
34.579198 11.70
34.595198 10.72
34.620323 10.72
34.631073 10.72
34.661602 10.72
34.677603 10.72
34.708324 10.72
34.719074 10.72
34.749603 10.72
34.765603 10.72
34.796200 10.72
34.812200 10.72
34.837325 10.72
34.848075 10.72
34.878605 10.72
34.894602 10.72
34.919968 10.72
34.930718 10.72
34.966201 10.72
34.982076 10.72
35.007326 10.72
35.018201 10.72
35.048606 10.72
35.064606 10.72
35.095202 10.72
35.111327 10.72
35.136327 10.72
35.147202 10.72
35.177605 10.72
35.193454 10.72
35.224203 10.72
35.240078 10.72
35.265329 10.72
35.276204 10.72
35.306579 10.72
35.322597 10.72
35.347973 10.72
35.358721 10.72
35.394204 10.72
35.410204 10.72
35.435330 10.72
35.446205 10.72
35.476580 10.72
35.492580 10.72
35.517735 10.72
35.528581 10.37
35.564206 10.37
35.580206 10.03
35.605331 9.36
35.616080 9.04
35.646581 9.04
35.662581 9.04
35.689613 9.04
35.700476 9.04
35.736082 9.04
35.746975 9.04
35.777083 9.04
35.789601 9.04
35.818208 9.04
35.834208 9.04
35.859477 9.04
35.872083 9.04
35.902602 9.04
35.913475 9.04
35.949208 9.04
35.965208 9.04
35.990334 9.04
36.001209 9.04
36.031738 9.04
36.042584 9.04
36.078085 9.04
36.088960 9.04
36.119085 9.04
36.131587 9.04
36.160085 9.04
36.172587 9.04
36.201085 9.04
36.213587 9.04
36.242086 9.04
36.254462 9.04
36.283086 9.04
36.293961 9.04
36.324087 9.04
36.336463 9.04
36.365086 9.04
36.377463 9.04
36.406087 9.04
36.418463 9.04
36.447087 9.04
36.459464 9.04
36.488088 9.04
36.500464 8.70
36.529088 8.70
36.541464 8.03
36.570088 8.03
36.582465 7.69
36.611089 7.69
36.623465 7.69
36.652089 7.69
36.668213 7.69
36.693089 7.69
36.705466 7.69
36.734089 7.69
36.750089 7.69
36.775090 7.69
36.791214 7.69
36.816090 7.69
36.828467 7.69
36.857091 7.69
36.873215 7.69
36.898091 7.69
36.914216 7.69
36.939090 7.69
36.955216 7.69
36.980091 7.69
36.996091 7.69
37.021216 7.69
37.031966 7.69
37.062468 7.69
37.078592 7.69
37.109217 7.69
37.119967 7.69
37.150469 7.69
37.166593 7.69
37.191744 7.69
37.202469 7.02
37.233093 7.02
37.249218 6.68
37.274218 5.69
37.284969 5.69
37.315470 5.35
37.331594 4.68
37.356752 4.68
37.367471 4.68
37.397970 4.68
37.408737 4.68
37.439095 4.68
37.455220 4.68
37.480220 4.68
37.490969 4.68
37.521472 4.68
37.537624 4.68
37.562749 4.68
37.573624 4.68
37.604096 4.68
37.620096 4.68
37.645221 4.68
37.656097 4.68
37.686502 4.68
37.702624 4.68
37.733222 4.68
37.744097 4.68
37.774473 4.68
37.790473 4.68
37.821223 4.68
37.831972 4.68
37.862348 4.68
37.873098 4.68
37.903752 4.68
37.914615 4.68
37.944974 4.68
37.955866 4.68
37.985973 4.68
37.996742 4.68
38.026974 4.68
38.037741 4.68
38.067974 4.68
38.078739 4.68
38.108975 4.68
38.119741 4.68
38.150100 4.68
38.166225 4.68
38.191225 4.68
38.202100 4.68
38.232477 4.68
38.248618 4.68
38.279226 4.68
38.289976 4.68
38.320477 4.68
38.336617 4.68
38.361753 4.68
38.372620 4.68
38.402977 4.68
38.413745 4.68
38.444102 4.68
38.460227 4.68
38.485227 4.68
38.495978 4.68
38.526479 4.68
38.542479 4.68
38.573228 4.34
38.583978 4.34
38.614479 4.68
38.630622 4.68
38.655759 4.68
38.666631 4.68
38.696979 4.68
38.707747 4.68
38.738105 4.68
38.754229 4.68
38.779230 4.68
38.789980 4.34
38.820481 4.68
38.836632 4.68
38.863484 4.68
38.874355 4.68
38.910231 4.68
38.920981 4.68
38.951482 4.68
38.967625 4.68
38.992624 4.68
39.003356 4.68
39.039232 4.34
39.049981 4.34
39.080692 4.68
39.091671 4.34
39.122238 4.34
39.133113 4.68
39.165368 4.34
39.176236 4.68
39.212235 4.34
39.223234 4.34
39.253648 4.34
39.264486 4.68
39.295109 4.68
39.311233 4.34
39.336234 4.68
39.346984 4.68
39.377486 4.68
39.393637 4.68
39.424235 4.68
39.434984 4.68
39.465360 4.68
39.477750 4.34
39.512003 4.34
39.524364 4.68
39.553111 4.68
39.569236 4.34
39.594487 4.34
39.605361 4.68
39.641002 4.68
39.653380 4.68
39.682236 4.34
39.692987 4.68
39.723488 4.34
39.734362 4.68
39.770245 4.34
39.781245 4.68
39.817118 4.34
39.827992 4.68
39.858536 4.68
39.869366 4.68
39.900005 4.68
39.916115 4.68
39.941364 4.34
39.957521 4.68
39.988114 4.34
39.999006 4.34
40.029239 4.68
40.039989 4.68
40.070239 4.34
40.080990 4.34
40.111519 4.68
40.122365 4.68
40.153007 4.68
40.169115 4.68
40.194240 4.34
40.205116 4.68
40.235520 4.68
40.246366 4.68
40.277009 4.68
40.293116 4.68
40.318241 4.68
40.329116 4.68
40.359521 4.68
40.370366 4.68
40.401007 4.68
40.417117 4.68
40.442242 4.34
40.453117 4.68
40.483522 4.68
40.494368 4.68
40.525008 4.68
40.541381 4.34
