0.000000 0.000000
0.041866 4.34
0.052856 4.34
0.083374 4.68
0.094361 2.66
0.125142 2.66
0.141373 2.66
0.166749 2.66
0.183006 2.66
0.208356 2.66
0.219355 2.66
0.249994 2.66
0.260869 2.66
0.291475 2.66
0.302350 2.66
0.332864 2.66
0.343754 2.66
0.374224 2.66
0.390225 2.66
0.415599 2.66
0.431474 2.66
0.456874 2.66
0.467599 2.66
0.498099 2.66
0.508866 2.66
0.539099 2.66
0.549864 2.66
0.580100 2.66
0.590865 2.66
0.621225 2.66
0.637101 2.66
0.662350 2.66
0.673100 2.66
0.703601 2.66
0.719601 2.66
0.744752 2.66
0.755929 2.66
0.786367 2.34
0.797361 2.66
0.828003 2.34
0.844366 2.66
0.869683 2.66
0.887673 2.66
0.907658 2.66
0.931509 2.66
0.944146 2.66
0.978508 4.02
0.989508 4.34
1.025361 4.34
1.036109 4.34
1.066495 4.34
1.078985 4.34
1.107606 4.34
1.123489 4.34
1.148730 4.34
1.159486 4.34
1.189882 4.34
1.200754 4.34
1.231230 4.34
1.247104 4.34
1.272355 4.34
1.283105 4.34
1.313605 4.34
1.329487 4.34
1.354754 4.34
1.365488 4.34
1.401231 4.34
1.417259 4.34
1.442933 4.34
1.453906 4.34
1.484529 4.34
1.500613 4.34
1.527666 4.34
1.538666 4.34
1.570652 4.34
1.581490 4.34
1.617364 4.34
1.628364 4.34
1.660643 4.34
1.671488 4.34
1.707235 4.34
1.723359 4.34
1.748360 4.68
1.759234 4.68
1.789637 4.68
1.805640 5.00
1.833764 5.00
1.844489 5.00
1.880360 5.35
1.891110 5.35
1.921640 5.35
1.937640 5.35
1.968360 5.35
1.979111 5.35
2.009765 5.35
2.020491 5.35
2.056361 5.35
2.067237 5.35
2.097639 5.35
2.113642 5.35
2.139251 5.35
2.150125 5.35
2.180892 5.35
2.191888 5.35
2.222499 5.35
2.235012 5.35
2.269241 5.35
2.280116 5.35
2.310648 5.35
2.321494 5.35
2.352114 5.35
2.364491 5.35
2.393114 5.35
2.409240 5.35
2.434509 5.35
2.450752 5.35
2.481249 5.35
2.492247 5.35
2.522784 5.35
2.533659 5.35
2.564368 5.35
2.575243 5.35
2.605775 5.35
2.616647 5.35
2.647117 5.35
2.663241 5.35
2.688242 5.35
2.699008 5.35
2.729373 5.35
2.740246 5.35
2.776246 5.35
2.787120 5.35
2.817653 5.35
2.828496 5.35
2.859119 5.35
2.875244 5.35
2.900243 5.35
2.911118 5.35
2.941368 5.35
2.952243 5.35
2.982647 5.35
2.993495 5.35
3.024256 5.35
3.035128 5.35
3.065890 5.35
3.076894 5.35
3.107374 5.35
3.118373 5.35
3.154247 5.35
3.165122 5.35
3.195647 5.35
3.206503 5.35
3.237120 5.35
3.253121 5.35
3.278120 5.35
3.294121 5.35
3.319376 5.35
3.330251 5.35
3.366250 5.35
3.377124 5.35
3.407499 5.35
3.423654 5.35
3.454248 5.35
3.465123 5.35
3.495373 5.35
3.506123 5.35
3.536777 5.35
3.547505 5.35
3.578016 5.35
3.588766 5.35
3.619678 5.35
3.635899 5.35
3.661256 5.35
3.672255 5.35
3.702895 5.35
3.713893 5.35
3.744377 5.35
3.755377 5.35
3.785892 5.35
3.796651 5.35
3.827017 5.35
3.837890 5.35
3.868016 5.35
3.878888 5.35
3.909515 5.35
3.925652 5.35
3.951139 5.35
3.967385 5.35
3.992685 5.35
4.008903 5.35
4.034132 5.35
4.050255 5.35
4.075380 5.35
4.086254 5.35
4.116782 5.35
4.127661 5.35
4.158021 5.35
4.168771 5.35
4.199128 5.35
4.215253 5.35
4.240253 5.35
4.251003 5.35
4.283579 5.35
4.294823 5.35
4.330262 5.35
4.341134 5.35
4.373526 5.35
4.384517 6.68
4.415138 8.03
4.426139 8.03
4.456674 8.03
4.467511 8.03
4.503258 8.35
4.514133 8.03
4.544666 8.03
4.555527 8.03
4.586022 8.03
4.596774 8.03
4.627131 8.03
4.643132 8.03
4.668131 8.03
4.684257 8.03
4.709131 8.03
4.725257 8.03
4.750132 7.02
4.766257 8.03
4.791132 8.35
4.807257 8.03
4.832133 8.35
4.848258 8.35
4.873258 8.35
4.884008 8.35
4.914383 8.35
4.926773 8.35
4.955661 8.35
4.966510 8.35
5.002259 8.03
5.013009 8.03
5.043385 8.03
5.055775 8.03
5.084662 1.72
5.095511 7.02
5.126135 8.03
5.142260 8.35
5.167260 8.35
5.178011 8.03
5.208512 8.03
5.219385 8.35
5.255261 8.35
5.266011 8.03
5.296386 8.03
5.312387 8.03
5.343028 8.03
5.359030 8.35
5.384137 8.35
5.395027 8.35
5.425138 8.35
5.436012 8.35
5.466262 7.69
5.477013 8.35
5.507388 8.35
5.519781 8.35
5.548666 8.35
5.559388 8.03
5.590030 8.35
5.606028 8.03
5.631264 8.35
5.642014 8.35
5.672389 8.35
5.688389 8.35
5.713666 8.35
5.724516 8.35
5.755140 8.35
5.766032 8.35
5.796140 2.04
5.807015 7.02
5.837265 8.03
5.848141 8.35
5.878391 8.35
5.894391 8.35
5.919667 8.35
5.930391 8.35
5.961031 8.35
5.977034 8.35
6.002142 8.35
6.013034 8.35
6.043267 8.35
6.054142 8.03
6.084392 8.35
6.100392 8.03
6.125670 8.35
6.136393 8.03
6.167033 6.36
6.183033 8.03
6.208268 8.35
6.219018 8.35
6.249394 8.35
6.265393 8.35
6.290672 8.35
6.301519 8.35
6.332144 8.35
6.343036 8.03
6.373145 8.03
6.384019 8.35
6.414144 8.35
6.425020 8.35
6.455145 8.35
6.466020 8.35
6.496145 8.35
6.507020 7.37
6.537146 8.03
6.548039 8.03
6.578146 8.35
6.589021 8.03
6.619146 8.03
6.630021 8.35
6.660147 8.35
6.671022 8.35
6.701272 8.35
6.712147 8.03
6.742397 8.35
6.758397 8.03
6.783677 8.35
6.794524 8.35
6.825148 8.35
6.836023 8.35
6.866148 8.35
6.877024 7.69
6.907148 8.35
6.918024 8.35
6.948149 8.35
6.959024 8.35
6.989274 8.03
7.000024 8.35
7.030525 8.35
7.041400 8.03
7.077275 8.35
7.088150 8.35
7.118400 8.35
7.134400 8.35
7.161405 8.35
7.172150 8.35
7.203041 8.35
7.219044 8.35
7.244151 7.69
7.255026 8.03
7.285151 8.03
7.296026 8.35
7.326152 8.35
7.337027 8.35
7.367152 8.35
7.378027 8.35
7.408152 8.03
7.419027 8.35
7.449153 8.35
7.460028 8.35
7.490152 8.35
7.501028 8.35
7.531153 8.35
7.542028 8.35
7.572153 8.35
7.583029 7.02
7.613154 8.35
7.624029 8.35
7.654154 8.35
7.665029 8.35
7.695155 8.03
7.706030 8.35
7.736155 8.35
7.747030 8.35
7.777155 8.03
7.788030 8.35
7.818155 8.35
7.829030 8.35
7.859155 8.35
7.870031 8.35
7.900156 8.35
7.911031 8.35
7.941156 6.68
7.952032 8.03
7.982157 8.35
7.993032 8.03
8.023157 8.35
8.034032 8.35
8.064157 8.03
8.075032 8.35
8.105157 8.35
8.116033 8.35
8.146158 8.35
8.157033 8.35
8.187158 8.35
8.198033 8.35
8.228158 8.35
8.239034 8.35
8.269159 8.03
8.280034 8.35
8.310159 7.69
8.321035 8.35
8.351160 8.35
8.362035 8.35
8.392160 8.35
8.403035 8.35
8.433160 8.35
8.444035 8.35
8.474160 8.03
8.485035 8.35
8.515161 8.35
8.526036 8.35
8.556161 8.35
8.567036 8.35
8.597161 8.03
8.608037 8.35
8.638161 8.35
8.649037 7.02
8.679162 8.03
8.690037 8.35
8.720162 8.35
8.731037 8.03
8.761162 8.35
8.772038 8.35
8.802163 8.35
8.813038 8.35
8.843163 8.35
8.854038 8.35
8.884164 8.35
8.895039 8.03
8.925164 8.35
8.936039 8.35
8.966164 8.35
8.977039 8.35
9.007164 6.68
9.018040 8.03
9.048164 8.35
9.059040 8.35
9.089165 8.03
9.100040 8.35
9.130165 8.35
9.141040 8.35
9.171166 8.35
9.182041 8.35
9.212291 8.35
9.228166 8.35
9.253542 8.35
9.264416 8.03
9.299810 8.35
9.310569 8.35
9.341167 8.35
9.352042 6.68
9.382292 8.03
9.398167 8.03
9.423544 8.35
9.434418 8.35
9.465058 8.35
9.475811 8.03
9.506293 8.03
9.522168 8.03
9.547574 8.35
9.558419 8.35
9.588935 8.35
9.604811 8.35
9.630169 8.35
9.641044 8.03
9.671295 8.03
9.687294 8.03
9.720937 8.03
9.736936 8.03
9.762170 8.03
9.773045 8.35
9.803296 8.35
9.819295 8.03
9.844564 8.35
9.855421 8.35
9.885938 8.03
9.901936 8.03
9.927172 8.35
9.938047 8.03
9.968297 8.35
9.984297 8.35
10.011307 8.35
10.022172 8.35
10.054307 8.35
10.065048 6.36
10.097307 8.03
10.108173 8.35
10.140308 8.35
10.151048 8.35
10.183308 8.35
10.194173 8.35
10.226327 8.35
10.237050 8.35
10.267941 8.35
10.278829 8.35
10.309299 8.35
10.325174 8.35
10.352183 8.35
10.363065 8.35
10.393300 8.03
10.409175 8.35
10.436199 6.68
10.447065 8.35
10.477425 8.03
10.488175 8.35
10.518828 8.03
10.531208 8.35
10.560176 8.03
10.572580 8.03
10.601301 8.03
10.612052 8.35
10.644187 8.03
10.655067 8.35
10.685302 8.35
10.701302 8.35
10.731707 8.35
10.744187 8.35
10.773178 8.35
10.785554 7.37
10.814303 8.35
10.825178 8.35
10.855429 8.35
10.866178 8.35
10.896831 8.35
10.909189 8.35
10.938179 8.35
10.950556 8.35
10.979304 8.35
10.990054 8.35
11.025708 8.35
11.041697 8.35
11.067072 8.35
11.077823 8.35
11.108305 8.35
11.119181 8.03
11.149431 7.37
11.160181 8.03
11.190836 8.35
11.206950 8.03
11.232056 8.35
11.242835 8.35
11.273057 8.35
11.283822 8.35
11.314057 8.35
11.324824 8.35
11.355182 8.35
11.371058 8.35
11.396307 8.35
11.407058 8.35
11.442713 8.35
11.453433 8.35
11.484076 8.03
11.494825 7.69
11.525184 8.35
11.541184 8.35
11.566309 8.03
11.577059 8.35
11.612702 8.35
11.623434 8.35
11.654076 8.03
11.664827 8.35
11.695310 8.03
11.706185 8.03
11.741714 8.35
11.752435 8.03
11.783078 8.03
11.793826 8.35
11.824311 8.35
11.835186 7.69
11.870702 8.03
11.881436 8.35
11.912080 8.35
11.922828 8.03
11.953312 8.35
11.964062 8.35
11.999706 8.35
12.010437 8.35
12.041077 8.35
12.051830 8.35
12.082313 8.35
12.093063 8.35
12.128715 8.35
12.139438 8.35
12.170080 8.35
12.180828 8.35
12.211189 6.68
12.227064 8.35
12.252314 8.03
12.263189 8.03
12.298717 8.35
12.309439 8.35
12.340081 8.35
12.350832 8.35
12.381315 8.35
12.392065 8.35
12.427720 8.35
12.443706 8.35
12.469084 8.35
12.485081 8.35
12.510191 8.35
12.526191 8.35
12.551317 8.03
12.562066 7.69
12.597720 8.35
12.608442 8.35
12.639084 8.35
12.651569 8.35
12.680317 8.35
12.691067 8.35
12.726721 8.35
12.742708 8.35
12.768086 8.35
12.778835 8.35
12.809318 8.35
12.820193 8.03
12.850443 8.35
12.861194 8.35
12.891847 8.35
12.902722 7.37
12.933195 8.03
12.949194 8.35
12.974320 8.35
12.985195 8.03
13.020723 8.35
13.033197 8.35
13.062088 8.35
13.074588 8.35
13.103320 8.35
13.114196 8.35
13.146197 8.35
13.157085 8.35
13.187321 8.35
13.198196 8.35
13.233600 8.35
13.246101 8.35
13.275088 12.32
13.291089 8.35
13.316322 8.35
13.327197 8.35
13.362715 8.35
13.378715 8.35
13.403843 8.35
13.414602 8.35
13.445198 8.35
13.461073 8.35
13.486323 8.35
13.497073 8.35
13.532729 8.35
13.545110 8.35
13.574091 8.35
13.590092 8.35
13.615200 2.04
13.631075 7.37
13.656325 8.35
13.667075 8.35
13.702605 8.35
13.718604 8.35
13.744093 8.35
13.760092 8.35
13.785326 8.35
13.796076 8.35
13.831718 8.35
13.847717 8.35
13.873094 8.35
13.889077 8.35
13.914077 8.35
13.926452 8.35
13.955077 8.35
13.971077 2.04
13.996078 8.03
14.012078 8.35
14.037203 8.35
14.053079 8.35
14.078328 8.35
14.089078 8.35
14.124719 8.35
14.140579 8.35
14.166204 8.35
14.182079 8.35
14.207329 8.35
14.218204 8.35
14.253722 8.35
14.269580 8.35
14.295097 8.35
14.311096 8.35
14.336206 7.02
14.352080 8.03
14.377330 8.35
14.388205 8.35
14.423596 8.35
14.439598 8.35
14.465096 8.35
14.481099 8.35
14.506332 8.35
14.517207 8.35
14.552733 8.35
14.568726 8.35
14.594098 8.35
14.610082 8.35
14.635207 8.35
14.651082 8.35
14.676333 8.35
14.687208 6.36
14.722726 8.35
14.738725 8.35
14.764100 8.35
14.780083 8.35
14.805209 8.35
14.821083 8.35
14.846334 8.35
14.857084 8.35
14.892586 8.35
14.908586 8.35
14.934100 8.35
14.950102 8.35
14.975334 8.35
14.986085 8.35
15.021726 8.35
15.037590 8.03
15.063102 8.03
15.079086 8.35
15.104211 8.35
15.120086 8.35
15.145336 8.35
15.156211 8.35
15.191728 8.35
15.207729 8.35
15.233105 8.35
15.249104 8.03
15.279462 8.35
15.290212 8.35
15.320977 8.35
15.333462 8.35
15.362213 8.35
15.378213 8.35
15.405088 6.68
15.415855 8.35
15.446213 8.35
15.462214 8.35
15.487339 8.35
15.498089 8.35
15.533742 8.35
15.549729 8.35
15.575105 8.35
15.591108 8.35
15.616090 8.35
15.632090 8.35
15.657215 8.35
15.668090 8.35
15.700120 8.35
15.710984 8.35
15.743120 8.35
15.753981 6.68
15.786121 8.35
15.796984 8.35
15.829122 8.35
15.839981 8.35
15.872127 8.35
15.882984 8.35
15.915122 8.35
15.925869 8.35
15.961467 8.35
15.972217 8.35
16.002985 8.35
16.015343 8.35
16.044218 8.35
16.054985 8.35
16.090468 8.35
16.101358 7.37
16.132123 4.68
16.148352 4.68
16.173601 4.68
16.189600 4.68
16.215223 4.68
16.226223 4.68
16.261597 4.68
16.273973 4.34
16.302864 4.68
16.313753 4.68
16.344096 4.34
16.354864 4.68
16.385220 4.68
16.395987 4.68
16.431471 4.68
16.442221 4.68
16.472865 4.68
16.483597 4.68
16.514097 4.68
16.524862 4.34
16.555097 4.68
16.565864 4.68
16.601881 4.68
16.612881 4.68
16.648772 4.68
16.659603 4.68
16.690227 4.68
16.700994 4.34
16.731870 4.68
16.742755 4.34
16.773224 4.34
16.783991 4.68
16.819474 4.34
16.843877 4.68
16.854599 4.34
16.885225 4.34
16.895989 4.34
16.931475 4.34
16.955878 4.68
16.966600 4.34
16.997225 4.34
17.007990 4.34
17.043475 4.34
17.067878 4.34
17.078601 4.34
17.109226 4.34
17.119992 4.34
17.155483 4.34
17.179878 4.34
17.190603 4.34
17.221227 4.34
17.231977 4.34
17.267484 4.34
17.291881 4.34
17.302603 4.34
17.333228 4.34
17.343994 4.34
17.379485 4.34
17.403882 4.34
17.414604 4.34
17.445229 4.34
17.455993 4.34
17.491487 4.34
17.502229 4.34
17.533148 4.34
