0.000000 0.000000
0.041871 4.34
0.058241 4.34
0.083362 4.34
0.099586 3.01
0.125138 2.34
0.136357 2.34
0.166899 2.34
0.183240 2.34
0.213569 2.34
0.224317 2.34
0.254565 2.34
0.265316 2.66
0.295563 2.34
0.306313 2.66
0.336562 2.66
0.347312 2.34
0.377562 2.66
0.388312 2.34
0.418840 2.34
0.434838 2.66
0.465563 2.34
0.476334 2.66
0.506840 2.66
0.522963 2.66
0.548205 2.66
0.559204 2.34
0.589438 2.34
0.605438 2.66
0.630439 2.66
0.646564 2.34
0.671439 2.66
0.687439 2.66
0.712439 2.34
0.728564 2.34
0.753580 2.66
0.764582 2.34
0.800705 2.66
0.813449 2.34
0.847581 2.34
0.858592 2.34
0.894453 2.34
0.905452 2.66
0.941456 2.34
0.952592 2.34
0.983236 4.02
0.995751 4.02
1.024864 4.02
1.041073 4.02
1.066448 4.02
1.082571 4.34
1.107852 4.34
1.118696 4.02
1.149336 4.02
1.161725 4.02
1.190443 4.34
1.206568 4.02
1.231443 4.02
1.247568 4.34
1.272443 4.34
1.288443 4.02
1.313443 4.34
1.329443 4.02
1.354444 4.34
1.370443 4.02
1.395445 4.02
1.411569 4.02
1.436893 4.34
1.453104 4.34
1.478597 4.34
1.489600 4.34
1.525473 4.34
1.536586 4.34
1.567103 4.34
1.578104 4.34
1.608703 4.34
1.624865 4.34
1.655459 4.34
1.666457 4.34
1.697099 4.34
1.708078 4.34
1.738577 4.34
1.749451 4.34
1.785450 4.34
1.796341 4.34
1.826857 4.34
1.837699 4.34
1.868217 4.34
1.878948 4.34
1.909323 4.34
1.925449 4.34
1.950323 4.34
1.966449 4.34
1.993949 4.34
2.004699 4.34
2.040449 4.34
2.051198 4.34
2.081448 4.34
2.092198 4.34
2.122448 4.34
2.133199 4.34
2.163449 4.34
2.174199 4.34
2.204449 4.34
2.215199 4.34
2.245449 4.34
2.256200 4.34
2.286450 4.34
2.297200 4.34
2.327450 4.34
2.338200 4.34
2.368450 4.34
2.379200 4.34
2.409451 4.34
2.420201 4.34
2.450451 4.34
2.461201 4.34
2.491451 4.34
2.502201 4.34
2.532452 4.34
2.543202 4.34
2.573452 4.34
2.584202 4.34
2.614452 4.34
2.625202 4.34
2.655452 4.34
2.666202 4.34
2.696453 4.34
2.707203 4.34
2.737452 4.34
2.748203 4.34
2.778453 4.34
2.789203 4.34
2.819453 4.34
2.830204 4.34
2.860454 4.34
2.871204 4.34
2.901454 4.34
2.912204 4.34
2.942455 4.34
2.953205 4.34
2.983454 4.34
2.994205 4.34
3.024455 4.34
3.035205 4.34
3.065455 4.34
3.076206 4.34
3.106455 4.34
3.117206 4.34
3.147456 4.34
3.158206 4.34
3.188456 4.34
3.199206 4.34
3.229457 4.34
3.240206 4.34
3.270456 4.34
3.281207 4.34
3.311457 4.34
3.322207 4.34
3.352457 4.34
3.363208 4.34
3.393458 4.34
3.404208 4.34
3.434458 4.34
3.445208 4.34
3.475458 4.34
3.486208 4.34
3.516458 4.34
3.527208 4.34
3.557458 4.34
3.568209 4.34
3.598459 4.34
3.609209 4.34
3.639459 4.34
3.650210 4.34
3.680460 4.34
3.691210 4.34
3.721460 4.34
3.732210 4.34
3.762460 4.34
3.773210 4.34
3.803460 4.34
3.814211 4.34
3.844460 4.34
3.855211 4.34
3.885461 4.34
3.896211 4.34
3.926461 4.34
3.937212 4.34
3.967461 4.34
3.978212 4.34
4.008462 4.34
4.019212 4.34
4.049462 4.34
4.060212 4.34
4.090462 4.34
4.101213 4.34
4.131463 4.34
4.142213 4.34
4.172463 4.34
4.183214 4.34
4.213463 4.34
4.224214 4.34
4.254464 4.34
4.265214 4.34
4.295464 4.34
4.306214 4.34
4.336464 4.34
4.347214 4.34
4.377464 4.34
4.388215 4.34
4.418465 4.34
4.429215 4.34
4.459465 4.34
4.470216 4.34
4.500466 4.34
4.511215 4.34
4.541465 4.34
4.552216 4.34
4.582465 4.34
4.593216 4.34
4.623466 4.34
4.634216 4.34
4.664466 4.34
4.675217 4.34
4.705467 4.34
4.716217 4.34
4.746467 4.34
4.757217 4.34
4.787467 4.34
4.798218 4.34
4.828468 4.34
4.839218 4.34
4.869468 4.34
4.880218 4.34
4.910468 4.34
4.921219 4.34
4.951468 4.34
4.962219 4.34
4.992469 4.34
5.003219 4.34
5.033469 4.34
5.044219 4.34
5.074470 4.34
5.085219 4.34
5.115470 4.34
5.126220 4.34
5.156470 4.34
5.167221 4.34
5.197470 4.34
5.208221 4.34
5.238471 4.34
5.249221 4.34
5.279471 4.34
5.290221 4.34
5.320471 4.34
5.331222 4.34
5.361471 4.34
5.372222 4.34
5.402471 4.34
5.413222 4.34
5.443472 4.34
5.454223 4.34
5.484472 4.34
5.495223 4.34
5.525473 4.34
5.536223 4.34
5.566473 4.34
5.577223 4.34
5.607473 4.34
5.618224 4.34
5.648473 4.34
5.659224 4.34
5.689473 4.34
5.700224 4.34
5.730474 4.34
5.741224 4.34
5.771474 4.34
5.782225 4.34
5.812475 4.34
5.823225 4.34
5.853475 4.34
5.864225 4.34
5.894475 4.34
5.905225 4.34
5.935475 4.34
5.946226 4.34
5.976476 4.34
5.987226 4.34
6.017476 4.34
6.028227 4.34
6.058476 4.34
6.069227 4.34
6.099477 4.34
6.110227 4.34
6.140477 4.34
6.151227 4.34
6.181478 4.34
6.192227 4.34
6.222478 4.34
6.233228 4.34
6.263478 4.34
6.274228 4.34
6.304478 4.34
6.316978 4.34
6.345479 4.34
6.356229 4.34
6.386479 4.34
6.398979 4.34
6.427479 4.34
6.439980 4.34
6.468479 4.34
6.480980 4.34
6.509479 4.34
6.521979 4.34
6.550480 4.34
6.562980 4.34
6.591480 4.34
6.603857 4.34
6.632481 4.34
6.644857 4.34
6.673481 4.34
6.685858 4.34
6.714481 4.34
6.726858 4.34
6.755481 4.34
6.767858 4.34
6.796481 4.34
6.808858 4.34
6.837482 4.34
6.849858 4.34
6.878482 4.34
6.890859 4.34
6.919483 4.34
6.931859 4.34
6.960483 4.34
6.972860 4.34
7.001483 4.34
7.017358 4.34
7.042483 4.34
7.054860 4.34
7.083484 4.34
7.095860 4.34
7.124484 4.34
7.140359 4.34
7.165484 4.34
7.177860 4.34
7.206485 4.34
7.222360 4.34
7.247485 4.34
7.259861 4.34
7.288485 4.34
7.304360 4.34
7.329486 4.34
7.345361 4.34
7.370486 4.34
7.382861 4.34
7.411486 4.34
7.427361 4.34
7.452487 4.34
7.468361 4.34
7.493487 4.34
7.509362 4.34
7.534487 4.34
7.550362 4.34
7.575487 4.34
7.591363 4.34
7.616487 4.34
7.632363 4.34
7.657488 4.34
7.673363 4.34
7.698488 4.34
7.714363 4.34
7.739489 4.34
7.755363 4.34
7.780489 4.34
7.796364 4.02
7.821489 4.34
7.837364 4.34
7.862489 4.34
7.878365 4.34
7.903490 4.34
7.919365 4.34
7.944490 4.34
7.960365 4.34
7.985490 4.34
8.001365 4.34
8.026491 4.34
8.042365 4.34
8.067491 4.34
8.083366 4.34
8.108491 4.34
8.124366 4.34
8.149491 4.34
8.165367 4.34
8.190492 4.34
8.206367 4.34
8.231492 4.34
8.247367 4.34
8.272492 4.34
8.288367 4.34
8.313492 4.34
8.329368 4.34
8.354492 4.34
8.370368 4.34
8.395493 4.34
8.411368 4.34
8.436494 4.34
8.452369 4.34
8.477494 4.34
8.493369 4.34
8.518494 4.34
8.534369 4.34
8.559495 4.34
8.575369 4.34
8.600495 4.34
8.616370 4.34
8.641494 4.34
8.657370 4.34
8.682495 4.34
8.698371 4.34
8.724497 4.34
8.735246 4.34
8.765496 4.34
8.781371 4.34
8.806496 4.34
8.822371 4.34
8.847497 4.34
8.863371 4.34
8.888497 4.34
8.904372 4.34
8.929497 4.34
8.945372 4.34
8.970497 4.34
8.986373 4.34
9.011497 4.34
9.027373 4.34
9.052498 4.34
9.068373 4.34
9.093498 4.34
9.109373 4.34
9.134499 4.34
9.150373 4.34
9.175499 4.34
9.191374 4.34
9.216499 4.34
9.232374 4.34
9.257499 4.34
9.273375 4.34
9.298499 4.34
9.314375 4.34
9.339500 4.34
9.355375 4.34
9.380500 4.34
9.396376 4.34
9.421500 4.34
9.437375 4.34
9.462501 4.34
9.478376 4.34
9.503501 4.34
9.519376 4.34
9.544501 4.34
9.560377 4.34
9.585502 4.34
9.601377 4.34
9.626502 4.34
9.642377 4.34
9.667502 4.34
9.683377 4.34
9.708502 4.34
9.724378 4.34
9.749503 4.34
9.765378 4.34
9.790503 4.34
9.806378 4.34
9.831503 4.34
9.847379 4.34
9.872504 4.34
9.888379 4.34
9.913504 4.34
9.929379 4.34
9.954504 4.34
9.970379 4.34
9.995505 4.34
10.011380 4.34
10.036504 4.34
10.052380 4.34
10.077505 4.34
10.088255 4.34
10.118505 4.34
10.134381 4.34
10.159506 4.34
10.175380 4.34
10.200506 4.34
10.211256 4.34
10.241506 4.34
10.252257 4.34
10.282506 4.34
10.293257 4.34
10.328632 4.34
10.339382 4.34
10.369632 4.34
10.380383 4.34
10.410633 4.34
10.421383 4.34
10.451633 4.34
10.462383 4.34
10.492633 4.34
10.503383 4.34
10.533634 4.34
10.544383 4.34
10.574633 4.34
10.585384 4.34
10.615634 4.34
10.626384 4.34
10.656634 4.34
10.667384 4.34
10.697636 4.34
10.708386 4.34
10.739042 4.34
10.754887 4.34
10.780280 4.34
10.791029 4.34
10.821512 4.34
10.837512 4.34
10.862637 4.34
10.873387 4.34
10.904041 4.34
10.920040 4.34
10.945280 4.34
10.956031 4.34
10.986513 4.34
11.002388 4.34
11.027638 4.34
11.038389 4.34
11.069042 4.34
11.084889 4.34
11.110156 4.34
11.120889 4.34
11.151389 4.34
11.167282 4.34
11.192514 4.34
11.208390 4.34
11.233640 4.34
11.244390 4.34
11.275043 4.34
11.290890 4.34
11.316283 4.34
11.327043 4.34
11.357516 4.34
11.373391 4.34
11.398641 4.34
11.409391 4.34
11.440047 4.34
11.455920 4.34
11.481157 4.34
11.491920 4.34
11.522392 4.34
11.538392 4.34
11.563517 4.34
11.579392 4.34
11.604642 4.34
11.615393 4.34
11.646044 4.34
11.662048 4.34
11.687393 4.34
11.703518 4.34
11.728393 4.34
11.744393 4.34
11.769519 4.34
11.785519 4.34
11.812395 4.34
11.823284 4.34
11.853394 4.34
11.869287 4.34
11.894394 4.34
11.910395 4.34
11.935519 4.34
11.946285 4.34
11.978426 4.34
11.989287 4.34
12.021425 4.34
12.032286 4.34
12.064426 4.34
12.075286 4.34
12.107427 4.34
12.118161 4.34
12.150427 4.34
12.161286 4.34
12.193425 4.34
12.204288 4.34
12.239775 4.34
12.252429 4.34
12.281287 4.34
12.293776 4.34
12.324302 4.34
12.335289 4.34
12.365523 4.34
12.376288 4.34
12.411778 4.34
12.436289 4.34
12.448648 4.34
12.477399 4.34
12.488289 4.34
12.518399 4.34
12.529290 4.34
12.559524 4.34
12.570399 4.34
12.605780 4.34
12.618303 4.34
12.647290 4.34
12.663292 4.34
12.688400 4.34
12.704400 4.34
12.729401 4.34
12.740291 4.34
12.770401 4.34
12.781292 4.34
12.811526 4.34
12.822291 4.34
12.857781 4.34
12.873782 4.34
12.899293 4.34
12.915292 4.34
12.940402 4.34
12.956527 4.34
12.986780 4.34
13.002780 4.34
13.028056 4.34
13.038933 4.34
13.069403 4.34
13.085295 4.34
13.110528 4.34
13.121295 4.34
13.156780 4.34
13.172779 4.34
13.198296 4.34
13.214294 4.34
13.239529 4.34
13.250294 4.34
13.285784 4.34
13.301780 4.34
13.327297 4.34
13.343296 4.34
13.368405 4.34
13.384297 4.34
13.409405 4.34
13.420280 4.34
13.450531 4.34
13.461296 4.34
13.496784 4.34
13.512936 4.34
13.538298 4.34
13.554299 4.34
13.579407 4.34
13.595407 4.34
13.620407 4.34
13.631300 4.34
13.661532 4.34
13.672297 4.34
13.707783 4.34
13.723783 4.34
13.749301 4.34
13.765300 4.34
13.790408 4.34
13.806301 4.34
13.831408 4.34
13.842300 4.34
13.872409 4.34
13.883299 4.34
13.913409 4.34
13.924302 4.34
13.954534 4.34
13.965299 4.34
14.000788 4.34
14.016938 4.34
14.042302 4.34
14.058300 4.34
14.083285 4.34
14.099304 4.34
14.124285 4.34
14.140302 4.34
14.165286 4.34
14.181304 4.34
14.206286 4.34
14.222301 4.34
14.247286 4.34
14.263304 4.34
14.288304 4.34
14.304304 4.34
14.329287 4.34
14.345303 4.34
14.370287 4.34
14.386306 4.34
14.411304 4.34
14.427304 4.34
14.452288 4.34
14.468413 4.34
14.493288 4.34
14.509306 4.34
14.534304 4.34
14.550305 4.34
14.575539 4.34
14.586289 4.34
14.621790 4.34
14.637794 4.34
14.663070 4.34
14.673944 4.34
14.704305 4.34
14.720415 4.34
14.745415 4.34
14.756290 4.34
14.786415 4.34
14.797290 4.34
14.827416 4.34
14.838308 4.34
14.868415 4.34
14.879291 4.34
14.909415 4.34
14.920291 4.34
14.950416 4.34
14.961309 4.34
14.991416 4.34
15.002292 4.34
15.032417 4.34
15.043292 4.34
15.073417 4.34
15.084310 4.34
15.114418 4.34
15.125310 4.34
15.155418 4.34
15.166293 4.34
15.196418 4.34
15.207293 4.34
15.237418 4.34
15.248311 4.34
15.278418 4.34
15.289294 4.34
15.319419 4.34
15.330294 4.34
15.360419 4.34
15.371294 4.34
15.401544 4.34
15.412294 4.34
15.447795 4.34
15.463799 4.34
15.489310 4.34
15.505311 4.34
15.530420 4.34
15.541312 4.34
15.571420 4.34
15.582296 4.34
15.612421 4.34
15.623296 4.34
15.653421 4.34
15.664314 4.34
15.694421 4.34
15.705297 4.34
15.735422 4.34
15.746297 4.34
15.776422 4.34
15.787297 4.34
15.817423 4.34
15.828298 4.34
15.858423 4.34
15.869298 4.34
15.899422 4.34
15.910298 4.34
15.940423 4.34
15.951298 4.34
15.981423 4.34
15.992298 4.34
16.022424 4.34
16.033299 4.34
16.063549 4.34
16.074425 4.34
16.109800 4.34
16.125800 4.34
16.151318 4.34
16.167317 4.34
16.192425 4.34
16.203315 4.34
16.233550 4.34
16.244425 4.34
16.279801 4.34
16.295801 4.34
16.321316 4.34
16.337426 4.34
16.362301 4.34
16.373066 4.34
16.403302 4.34
16.414069 4.34
16.444427 4.34
16.455302 4.34
16.485427 4.34
16.496302 4.34
16.531677 4.02
16.542428 4.34
16.573082 4.34
16.583804 4.34
16.614429 4.34
16.625320 4.34
16.655428 4.34
16.666304 4.34
16.696428 4.34
16.707304 4.34
16.742806 4.34
16.758809 4.34
16.784083 4.34
16.794806 4.34
16.825322 4.34
16.836072 4.34
16.866430 4.34
16.877305 4.34
16.907430 4.34
16.918306 4.34
16.950181 4.02
16.961084 4.34
16.991431 4.34
17.002321 4.34
17.032556 4.34
17.043306 4.34
17.073836 4.34
17.089838 4.34
17.115323 4.02
17.131322 4.34
17.156307 4.34
17.167075 4.34
17.197308 4.34
17.208075 4.34
17.238308 4.34
17.249073 4.34
17.279307 4.34
17.290073 4.34
17.320308 4.34
17.331075 4.34
17.361433 4.34
17.372308 4.34
17.404184 4.34
17.414963 4.34
17.445326 4.34
17.456077 4.34
17.488185 4.34
17.498964 4.34
17.529435 4.34
17.540326 4.34
17.575684 4.34
17.591685 4.34
17.616965 4.34
17.627828 4.34
17.658326 4.34
17.669076 4.34
17.701187 4.34
17.711964 4.34
17.742329 4.34
17.753079 4.34
17.788561 4.34
17.799437 4.34
17.829687 4.34
17.842188 4.34
17.870966 4.34
17.881814 4.34
17.912330 4.34
17.923081 4.34
17.955189 4.34
17.965964 4.34
17.996328 4.34
18.007080 4.34
18.039065 4.34
18.049844 4.34
18.080331 4.34
18.091207 4.34
18.126564 4.34
18.137313 4.34
18.167689 4.34
18.180082 4.34
18.208967 4.34
18.219690 4.34
18.250332 4.34
18.261080 4.34
18.296690 4.34
18.312690 4.34
18.337956 4.34
18.348691 4.34
18.379331 4.34
18.390206 4.34
18.425566 4.34
18.436316 4.34
18.466691 4.34
18.482692 4.34
18.507942 4.34
18.518692 4.34
18.549332 4.34
18.560210 4.34
18.595567 4.34
18.606318 4.34
18.636834 4.34
18.647692 4.34
18.678336 4.34
18.689083 4.34
18.719318 4.34
18.730083 4.34
18.760319 4.34
18.771085 4.34
18.801319 4.34
18.812087 4.34
18.842319 4.34
18.853087 4.34
18.883319 4.34
18.894087 4.34
18.924320 4.34
18.935085 4.34
18.965320 4.34
18.976213 4.34
19.006321 4.34
19.017214 4.34
19.047321 4.34
19.058214 4.34
19.088320 4.34
19.099088 4.34
19.129321 4.34
19.140088 4.34
19.170321 4.34
19.181086 4.34
19.211322 4.34
19.222088 4.34
19.252322 4.34
19.263212 4.34
19.293322 4.34
19.304214 4.34
19.334323 4.34
19.345216 4.34
19.375323 4.34
19.386090 4.34
19.416323 4.34
19.427091 4.34
19.457323 4.34
19.468092 4.34
19.498324 4.34
19.509090 4.34
19.539324 4.34
19.550091 4.34
19.580324 4.34
19.591092 4.34
19.621325 4.34
19.632093 4.34
19.662325 4.34
19.673092 4.34
19.703325 4.34
19.714091 4.34
19.744326 4.34
19.755092 4.34
19.785326 4.34
19.796093 4.34
19.826326 4.34
19.837091 4.34
19.867326 4.34
19.878094 4.34
19.908326 4.34
19.919095 4.34
19.949327 4.34
19.960092 4.34
19.990327 4.34
20.001095 4.34
20.033078 4.34
20.043952 4.34
20.074343 4.34
20.085093 4.34
20.120703 4.34
20.136578 4.34
20.162106 4.34
20.178109 4.34
20.205079 4.34
20.215954 4.34
20.246347 4.34
20.257096 4.34
20.289080 4.34
20.299957 4.34
20.332080 4.34
20.342848 4.34
20.375081 4.34
20.385847 4.34
20.418081 4.34
20.428847 4.34
20.461082 4.34
20.471956 4.34
20.502347 4.34
20.513098 4.34
20.543581 4.34
20.556112 4.34
20.584706 4.34
20.595581 4.34
20.626223 4.34
20.637224 4.34
20.672457 4.34
20.683348 4.34
20.713582 4.34
20.726114 4.34
20.754863 4.34
20.765708 4.34
20.796350 4.34
20.807225 4.34
20.837583 4.34
20.849960 4.34
20.878708 4.34
20.894584 4.34
20.920111 4.34
20.936114 4.34
20.966709 4.34
20.977584 4.34
21.008111 4.34
21.023978 4.34
21.054709 4.34
21.065585 4.34
21.096115 4.34
21.106975 4.34
21.142710 4.34
21.153461 4.34
21.184116 4.34
21.200115 4.34
21.230586 4.34
21.246461 4.34
21.271837 4.34
21.282712 4.34
21.313116 4.34
21.323980 4.34
21.359712 4.34
21.370462 4.34
21.401114 4.34
21.411838 4.34
21.447588 4.34
21.463463 4.34
21.488839 4.34
21.499712 4.34
21.530117 4.34
21.540980 4.34
21.576714 4.34
21.587463 4.34
21.618118 4.34
21.628993 4.34
21.664464 4.34
21.675356 4.34
21.705589 4.34
21.721465 4.34
21.746715 4.34
21.757465 4.34
21.788118 4.34
21.798841 4.34
21.834591 4.34
21.850465 4.34
21.875841 4.34
21.886715 4.34
21.917120 4.34
21.927994 4.34
21.963591 4.34
21.979591 4.34
22.004842 4.34
22.015716 4.34
22.046121 4.34
22.056843 4.34
22.092592 4.34
22.108717 4.34
22.133843 4.34
22.144718 4.34
22.175122 4.34
22.185985 4.34
22.221718 4.34
22.232468 4.34
22.263120 4.34
22.273844 4.34
22.309594 4.34
22.325468 4.34
22.350844 4.34
22.361594 4.34
22.392237 4.34
22.402985 4.34
22.438594 4.34
22.454595 4.34
22.482998 4.34
22.498987 4.34
22.525973 4.34
22.536847 4.34
22.567363 4.34
22.578113 4.34
22.608596 4.34
22.624471 4.34
22.649721 4.34
22.660596 4.34
22.691128 4.34
22.702001 4.34
22.737596 4.34
22.753722 4.34
22.778848 4.34
22.789722 4.34
22.820127 4.34
22.830999 4.34
22.866723 4.34
22.877472 4.34
22.908128 4.34
22.919000 4.34
22.954598 4.34
22.970723 4.34
22.995867 4.34
23.006723 4.34
23.037366 4.34
23.048117 4.02
23.078599 4.34
23.094599 4.34
23.119850 4.34
23.130724 4.34
23.161127 4.34
23.171850 4.34
23.207600 4.34
23.223600 4.34
23.248851 4.34
23.261475 4.34
23.290129 4.34
23.300852 4.34
23.336601 4.34
23.352601 4.34
23.377726 4.34
23.388476 4.34
23.419005 4.34
23.434996 4.34
23.461994 4.34
23.472727 4.34
23.504978 4.34
23.515883 4.34
23.546132 4.34
23.556853 4.34
23.592728 4.34
23.603603 4.34
23.634132 4.34
23.644854 4.34
23.680603 4.34
23.696479 4.34
23.721854 4.34
23.734371 4.34
23.764855 4.34
23.775729 4.34
23.806134 4.34
23.817008 4.34
23.852730 4.34
23.863605 4.34
23.894132 4.34
23.904856 4.34
23.940730 4.34
23.951481 4.34
23.982134 4.34
23.993008 4.34
24.028606 4.34
24.044731 4.34
24.069857 4.34
24.082357 4.34
24.111133 4.34
24.121858 4.34
24.152482 4.34
24.164858 4.34
24.193607 4.34
24.204357 4.34
24.234858 4.34
24.251012 4.34
24.276251 4.34
24.287000 4.34
24.317483 4.34
24.333608 4.34
24.358608 4.34
24.369359 4.34
24.399733 4.34
24.410608 4.34
24.441252 4.34
24.452250 4.34
24.482359 4.34
24.493253 4.34
24.523360 4.34
24.539610 4.34
24.564485 4.34
24.580609 4.34
24.605610 4.34
24.616486 4.34
24.646890 4.34
24.663015 4.34
24.693611 4.34
24.704486 4.34
24.734863 4.34
24.751013 4.34
24.776138 4.34
24.786863 4.34
24.817487 4.34
24.833611 4.34
24.858612 4.34
24.869362 4.34
24.899864 4.34
24.916016 4.34
24.941141 4.34
24.952018 4.34
24.982363 4.34
24.993253 4.34
25.023363 4.34
25.034130 4.34
25.064489 4.34
25.080613 4.34
25.105614 4.34
25.116364 4.34
25.146865 4.34
25.163018 4.34
25.188141 4.34
25.198865 4.34
25.229490 4.34
25.245615 4.34
25.270615 4.34
25.281365 4.34
25.311866 4.34
25.328019 4.34
25.353142 4.34
25.364021 4.34
25.394367 4.34
25.405134 4.34
25.435491 4.34
25.451616 4.34
25.476616 4.34
25.487366 4.34
25.517897 4.34
25.533868 4.34
25.564617 4.34
25.575492 4.34
25.605868 4.34
25.622020 4.34
25.647146 4.34
25.658023 4.34
25.688493 4.34
25.704618 4.34
25.729618 4.34
25.740368 4.34
25.770869 4.34
25.787024 4.34
25.812149 4.34
25.823020 4.34
25.853494 4.34
25.869619 4.34
25.894619 4.34
25.905495 4.02
25.935745 4.34
25.946620 4.34
25.977149 4.34
25.988022 4.34
26.018370 4.34
26.029137 4.34
26.059496 4.34
26.075620 4.34
26.100621 4.02
26.111371 4.34
26.141872 4.34
26.158024 4.34
26.183149 4.34
26.194023 4.34
26.224372 4.34
26.235139 4.34
26.265498 4.34
26.281622 4.34
26.306623 4.34
26.317497 4.34
26.347873 4.34
26.364025 4.02
26.390877 4.34
26.401748 4.34
26.433891 4.34
26.444748 4.34
26.475027 4.02
26.485875 4.34
26.521624 4.34
26.532499 4.34
26.562749 4.34
26.575266 4.34
26.609499 4.34
26.625625 4.02
26.650624 4.34
26.661375 4.34
26.691891 4.34
26.708030 4.34
26.734755 4.34
26.745500 4.34
26.777755 4.34
26.788501 4.34
26.824392 4.34
26.836755 4.34
26.865626 4.02
26.876376 4.34
26.906878 4.34
26.923028 4.34
26.953627 4.34
26.964502 4.34
26.994893 4.34
27.005752 4.34
27.041395 4.34
27.053783 4.34
27.082627 4.34
27.093503 4.34
27.123879 4.34
27.134753 4.34
27.170503 4.34
27.181395 4.34
27.211628 4.34
27.222379 4.34
27.252754 4.34
27.268754 4.34
27.302629 4.34
27.313504 4.34
27.343880 4.34
27.354755 4.34
27.390397 4.34
27.406396 4.34
27.431630 4.34
27.442380 4.34
27.472756 4.34
27.488756 4.34
27.514032 4.34
27.524756 4.34
27.555274 4.34
27.566024 4.34
27.596274 4.34
27.607034 4.34
27.637507 4.34
27.648274 4.34
27.678632 4.34
27.689507 4.02
27.719883 4.34
27.730632 4.34
27.761036 4.34
27.771883 4.34
27.802274 4.34
27.813025 4.34
27.843509 4.34
27.854276 4.34
27.884633 4.34
27.895509 4.34
27.925884 4.34
27.936635 4.34
27.972399 4.34
27.988399 4.34
28.013634 4.34
28.024509 4.34
28.054885 4.34
28.065634 4.34
28.101401 4.34
28.117403 4.34
28.142636 4.34
28.153510 4.34
28.183886 4.34
28.194636 4.34
28.230405 4.34
28.246386 4.34
28.271636 4.34
28.282386 4.34
28.313042 4.34
28.323761 4.34
28.354277 4.34
28.365029 4.34
28.395512 4.34
28.406279 4.34
28.436637 4.34
28.447512 4.34
28.478041 4.34
28.488888 4.34
28.524404 4.34
28.540405 4.34
28.565638 4.34
28.576514 4.34
28.607041 4.34
28.617771 4.34
28.648280 4.34
28.659043 4.34
28.689640 4.34
28.700392 4.34
28.730638 4.34
28.741388 4.34
28.771639 4.34
28.782388 4.34
28.812639 4.34
28.823389 4.34
28.853639 4.34
28.864389 4.34
28.894639 4.34
28.907140 4.34
28.935640 4.34
28.948140 4.34
28.976640 4.34
28.987390 4.34
29.017640 4.34
29.030141 4.34
29.058641 4.34
29.071141 4.34
29.099641 4.34
29.110391 4.34
29.140641 4.34
29.153141 4.34
29.181641 4.34
29.194142 4.34
29.222642 4.34
29.233392 4.34
29.263642 4.34
29.276142 4.34
29.307770 4.34
29.324643 4.34
29.348772 4.34
29.364643 4.34
29.389771 4.34
29.405643 4.34
29.430893 4.34
29.441643 4.34
29.471924 4.34
29.482772 4.34
29.518520 4.34
29.531050 4.34
29.559645 4.34
29.572049 4.34
29.600925 4.34
29.611774 4.34
29.642397 4.34
29.658522 4.34
29.683522 4.34
29.694396 4.34
29.724647 4.34
29.737050 4.34
29.765924 4.34
29.776776 4.34
29.807290 4.34
29.819665 4.34
29.848523 4.34
29.859398 4.34
29.889648 4.34
29.905648 4.34
29.930927 4.34
29.941776 4.34
29.972415 4.34
29.983290 4.34
30.013648 4.34
30.029524 4.34
30.054928 4.34
30.065649 4.34
30.096399 4.34
30.107291 4.34
30.137524 4.34
30.148400 4.34
30.178649 4.34
30.194650 4.02
30.219927 4.34
30.230779 4.34
30.261401 4.34
30.272292 4.34
30.302526 4.34
30.313293 4.34
30.343651 4.34
30.359651 4.34
30.384780 4.34
30.395651 4.34
30.431527 4.34
30.442402 4.34
30.472652 4.34
30.488652 4.02
30.513929 4.34
30.524780 4.34
30.555402 4.34
30.566296 4.34
30.596528 4.34
30.607296 4.34
30.637653 4.34
30.653653 4.34
30.678780 4.34
30.689654 4.34
30.725529 4.34
30.736404 4.34
30.766654 4.34
30.782654 4.34
30.807935 4.34
30.818780 4.34
30.849405 4.34
30.860295 4.34
30.890530 4.34
30.901405 4.02
30.931655 4.34
30.947655 4.02
30.978297 4.34
30.994298 4.34
31.019406 4.34
31.030299 4.34
31.060406 4.34
31.071298 4.34
31.101531 4.02
31.112297 4.34
31.142656 4.34
31.158657 4.34
31.183936 4.34
31.194783 4.02
31.225299 4.34
31.241300 4.34
31.266533 4.34
31.277408 4.34
31.307658 4.34
31.328784 4.34
31.339658 4.34
31.375533 4.34
31.386408 4.34
31.416659 4.34
31.432659 4.34
31.459663 4.34
31.470409 4.34
31.500936 4.34
31.511785 4.34
31.542300 4.34
31.558302 4.34
31.583410 4.34
31.594302 4.34
31.624410 4.34
31.635304 4.34
31.665410 4.34
31.676285 4.34
31.706536 4.34
31.717286 4.34
31.747661 4.34
31.763661 4.34
31.788941 4.34
31.799787 4.02
31.830412 4.34
31.841303 4.34
31.871412 4.34
31.882287 4.34
31.912537 4.34
31.923287 4.34
31.953662 4.34
31.969662 4.34
31.994788 4.34
32.005662 4.02
32.036303 4.34
32.052303 4.34
32.077538 4.34
32.090057 4.34
32.118664 4.34
32.134664 4.34
32.161543 4.34
32.172289 4.34
32.202665 4.34
32.218664 4.34
32.245544 4.34
32.256290 4.34
32.286665 4.34
32.302664 4.34
32.329544 4.34
32.340415 4.34
32.370666 4.34
32.386665 4.34
32.417058 4.34
32.429545 4.34
32.458416 4.34
32.469308 4.34
32.499417 4.34
32.510307 4.34
32.540417 4.34
32.551292 4.34
32.581417 4.34
32.592292 4.34
32.622417 4.02
32.633292 4.34
32.663418 4.34
32.674309 4.34
32.704418 4.34
32.715293 4.34
32.745418 4.34
32.756293 4.34
32.786543 4.34
32.802419 4.34
32.827669 4.34
32.838419 4.34
32.874071 4.34
32.884795 4.34
32.915420 4.34
32.926312 4.34
32.956544 4.34
32.972420 4.34
32.997670 4.34
33.008545 4.34
33.044314 4.34
33.055187 4.34
33.085421 4.02
33.096312 4.34
33.126546 4.34
33.142546 4.34
33.167671 4.34
33.178547 4.34
33.214311 4.34
33.225064 4.34
33.255422 4.34
33.266314 4.34
33.296422 4.34
33.307297 4.34
33.337422 4.34
33.348297 4.34
33.378423 4.34
33.389298 4.34
33.419423 4.34
33.430298 4.34
33.460423 4.34
33.471299 4.34
33.501424 4.34
33.512299 4.34
33.542424 4.34
33.553314 4.34
33.583424 4.34
33.594299 4.34
33.624424 4.34
33.635300 4.34
33.665425 4.34
33.676300 4.34
33.706425 4.34
33.717300 4.34
33.747425 4.34
33.758301 4.34
33.788425 4.34
33.799301 4.34
33.829426 4.34
33.840301 4.34
33.870426 4.34
33.881301 4.34
33.911426 4.34
33.922302 4.34
33.952427 4.34
33.963302 4.34
33.993427 4.34
34.004303 4.34
34.034427 4.34
34.045303 4.34
34.075427 4.34
34.086303 4.34
34.116428 4.34
34.127303 4.34
34.157428 4.34
34.168303 4.34
34.198429 4.34
34.209304 4.34
34.239429 4.34
34.250304 4.34
34.280429 4.34
34.291305 4.34
34.321429 4.34
34.332305 4.34
34.362429 4.34
34.373305 4.34
34.403430 4.34
34.414320 4.34
34.444430 4.34
34.455306 4.34
34.485431 4.34
34.496306 4.34
34.526556 4.34
34.542431 4.34
34.567681 4.34
34.578431 4.34
34.609083 4.34
34.625075 4.34
34.650432 4.34
34.662960 4.34
34.691432 4.34
34.702307 4.34
34.732432 4.34
34.743307 4.34
34.773433 4.34
34.785962 4.34
34.814433 4.02
34.825308 4.34
34.855433 4.34
34.867962 4.34
34.896559 4.34
34.912433 4.34
34.937684 4.34
34.948559 4.34
34.984076 4.34
34.996444 4.34
35.025435 4.02
35.037811 4.34
35.066560 4.34
35.082435 4.34
35.107685 4.34
35.118435 4.34
35.149089 4.02
35.165078 4.34
35.190311 4.34
35.201077 4.34
35.231436 4.34
35.243812 4.34
35.272436 4.34
35.284812 4.34
35.313437 4.34
35.325812 4.34
35.354437 4.34
35.366813 4.34
35.395562 4.34
35.411437 4.34
35.436687 4.34
35.447562 4.34
35.483078 4.34
35.495447 4.34
35.524330 4.34
35.535206 4.34
35.565438 4.34
35.581314 4.34
35.606564 4.34
35.622439 4.34
35.647689 4.34
35.658564 4.34
35.694083 4.34
35.709939 4.34
35.735315 4.34
35.746080 4.34
35.776315 4.34
35.787083 4.34
35.817315 4.34
35.828084 4.34
35.858316 4.34
35.869083 4.34
35.899316 4.34
35.910083 4.34
35.940316 4.34
35.951083 4.34
35.981316 4.34
35.992084 4.34
36.022316 4.02
36.033082 4.34
36.063317 4.34
36.074085 4.34
36.104317 4.34
36.115084 4.34
36.145318 4.34
36.156084 4.34
36.186318 4.34
36.197085 4.34
36.227318 4.34
36.238083 4.34
36.268318 4.34
36.279084 4.34
36.309318 4.34
36.320084 4.34
36.350319 4.34
36.361084 4.34
36.391319 4.34
36.402087 4.34
36.432320 4.34
36.443084 4.34
36.473320 4.34
36.484086 4.34
36.514320 4.34
36.525087 4.34
36.555320 4.02
36.566088 4.34
36.596321 4.34
36.607088 4.34
36.637321 4.34
36.648089 4.34
36.678321 4.34
36.689214 4.02
36.719571 4.34
36.735447 4.34
36.765947 4.34
36.776697 4.34
36.807339 4.34
36.818212 4.34
36.848447 4.34
36.864323 4.34
36.889448 4.34
36.905323 4.34
36.930448 4.34
36.946324 4.34
36.971448 4.34
36.987323 4.34
37.012449 4.34
37.028324 4.34
37.053449 4.34
37.069324 4.34
37.094449 4.34
37.110324 4.34
37.135449 4.34
37.151325 4.34
37.176450 4.34
37.192325 4.34
37.217450 4.34
37.233325 4.34
37.258451 4.34
37.274325 4.34
37.299451 4.34
37.315326 4.34
37.340451 4.34
37.356326 4.02
37.381577 4.34
37.397451 4.34
37.422702 4.02
37.433577 4.34
37.464219 4.34
37.475217 4.02
37.505577 4.02
37.516327 4.34
37.551967 4.34
37.564470 4.34
37.593452 4.34
37.609328 4.34
37.634578 4.34
37.645328 4.34
37.680968 4.34
37.696953 4.34
37.722346 4.34
37.734859 4.34
37.763579 4.34
37.774329 4.34
37.806474 4.34
37.817344 4.02
37.852984 4.34
37.868972 4.34
37.894330 4.34
37.906705 4.34
37.935455 4.34
37.951456 4.34
37.976580 4.02
37.987331 4.34
38.022973 4.34
38.038972 4.34
38.064348 4.34
38.080348 4.02
38.105456 4.34
38.121332 4.34
38.146582 4.34
38.157331 4.34
38.192974 4.34
38.208975 4.02
38.234351 4.34
38.246707 4.34
38.275582 4.34
38.286333 4.34
38.321975 4.34
38.337976 4.34
38.363458 4.34
38.379333 4.34
38.404584 4.34
38.415459 4.34
38.450974 4.02
38.463366 4.34
38.492459 4.34
38.508334 4.34
38.533585 4.34
38.544460 4.34
38.579865 4.34
38.595865 4.34
38.621352 4.34
38.637353 4.02
38.662710 4.34
38.673585 4.34
38.704226 4.34
38.714978 4.02
38.745336 4.34
38.761336 4.34
38.786461 4.34
38.802336 4.34
38.827586 4.34
38.838462 4.34
38.873838 4.34
38.889838 4.34
38.915354 4.34
38.931355 4.34
38.956712 4.34
38.967587 4.34
38.998228 4.34
39.008978 4.34
39.039463 4.34
39.055462 4.34
39.080588 4.34
39.091339 4.34
39.126992 4.34
39.142979 4.02
39.168464 4.34
39.184339 4.34
39.209589 4.34
39.220339 4.34
39.255993 4.34
39.271859 4.34
39.297357 4.34
39.313358 4.34
39.338465 4.34
39.354341 4.02
39.379591 4.34
39.390340 4.34
39.425994 4.34
39.441981 4.34
39.467359 4.34
39.483356 4.02
39.508467 4.34
39.524341 4.34
39.549592 4.34
39.560467 4.02
39.595994 4.34
39.611843 4.34
39.637343 4.34
39.653359 4.34
39.678343 4.34
39.694343 4.34
39.719343 4.34
39.735358 4.34
39.760343 4.02
39.776343 4.34
39.801469 4.02
39.817344 4.34
39.844345 4.34
39.855111 4.34
39.885470 4.34
39.901344 4.34
39.926595 4.34
39.937469 4.34
39.972845 4.34
39.988846 4.34
40.014363 4.34
40.030362 4.34
40.057346 4.34
40.068123 4.34
40.098346 4.02
40.114362 4.34
40.139346 4.34
40.155346 4.34
40.180471 4.34
40.196347 4.34
40.223347 4.34
40.234114 4.02
40.264347 4.34
40.280347 4.34
40.305472 4.34
40.316347 4.34
40.348348 4.34
40.359238 4.34
40.389348 4.34
40.405363 4.34
40.430473 4.34
40.441348 4.34
40.476723 4.34
40.489381 4.34
40.518240 4.02
40.534241 4.34
40.561367 4.02
40.572241 4.34
40.602349 4.02
40.618365 4.34
40.643474 4.34
40.654350 4.02
40.686226 4.02
40.697130 4.34
40.727475 4.34
40.738350 4.34
40.770227 4.02
40.781117 4.34
40.811476 4.02
40.822369 4.34
40.857726 4.34
40.868476 4.02
40.899131 4.02
40.910006 4.02
40.940352 4.34
40.951119 4.34
40.981352 4.34
40.992243 4.02
41.022477 4.02
41.033353 4.34
41.068727 4.34
41.084728 4.34
41.110132 4.34
41.120854 4.34
41.151478 4.02
41.162353 4.34
41.197728 4.02
41.208479 4.34
41.239132 4.02
41.250006 4.02
41.280354 4.02
41.291121 4.34
41.321479 4.34
41.332354 4.34
41.367730 4.34
41.378480 4.34
41.409134 4.34
41.420009 4.34
41.450480 4.34
41.461355 4.34
41.496730 4.34
41.507606 4.34
41.538133 4.34
41.548857 4.34
41.579356 4.34
41.590123 4.34
41.620482 4.34
41.631356 4.34
41.666732 4.34
41.677607 4.34
41.708137 4.34
41.719012 4.34
41.749358 4.34
41.760123 4.34
41.790358 4.34
41.801125 4.34
41.831483 4.34
41.842358 4.34
41.877733 4.34
41.888483 4.34
41.919138 4.34
41.929859 4.34
41.960484 4.34
41.971359 4.34
42.006734 4.34
42.017484 4.34
42.048137 4.34
42.058860 4.34
42.089485 4.34
42.100360 4.34
42.135735 4.34
42.146485 4.34
42.177140 4.34
42.188012 4.34
42.218361 4.34
42.229129 4.34
42.259486 4.34
42.270361 4.34
42.305736 4.34
42.321736 4.34
42.347252 4.34
42.363252 4.34
42.388380 4.34
42.404377 4.34
42.434737 4.34
42.445487 4.34
42.476139 4.34
42.488613 4.34
42.517488 4.34
42.528363 4.34
42.563738 4.34
42.574614 4.34
42.605143 4.34
42.616017 4.34
42.646489 4.34
42.657364 4.34
42.692739 4.34
42.703614 4.34
42.734144 4.34
42.746614 4.34
42.775490 4.34
42.786365 4.34
42.821740 4.34
42.832490 4.34
42.863144 4.34
42.875740 4.34
42.904491 4.34
42.915366 4.34
42.950741 4.34
42.963269 4.34
42.992258 4.34
43.008258 4.34
43.033382 4.34
43.049492 4.34
43.074367 4.34
43.085132 4.34
43.115367 4.34
43.126133 4.34
43.156492 4.34
43.167367 4.34
43.202742 4.34
43.215243 4.34
43.244148 4.34
43.260021 4.34
43.285493 4.34
43.296369 4.34
43.331744 4.34
43.344274 4.34
43.373262 4.34
43.389386 4.34
43.414386 4.34
43.425260 4.34
43.460745 4.34
43.476745 4.34
43.502024 4.34
43.512888 4.34
43.543371 4.34
43.554137 4.34
43.584370 4.34
43.595138 4.34
43.625496 4.34
43.636371 4.34
43.671746 4.34
43.684122 4.34
43.713151 4.34
43.729025 4.34
43.754372 4.34
43.765141 4.34
43.795497 4.34
43.806372 4.34
43.841747 4.34
43.857622 4.34
43.883026 4.34
43.893873 4.34
43.924390 4.34
43.935141 4.02
43.970748 4.34
43.986623 4.02
44.012015 4.34
44.022875 4.02
44.053390 4.34
44.064141 4.34
44.094374 4.34
44.105141 4.34
44.135374 4.34
44.146142 4.34
44.176500 4.34
44.187375 4.34
44.222750 4.34
44.238750 4.34
44.264016 4.34
44.274750 4.34
44.305393 4.34
44.316143 4.34
44.346376 4.34
44.357144 4.34
44.387501 4.34
44.398377 4.34
44.433752 4.34
44.449626 4.34
44.475157 4.34
44.491156 4.34
44.516377 4.02
44.527145 4.34
44.557503 4.34
44.568378 4.34
44.603753 4.34
44.619753 4.34
44.645033 4.34
44.655753 4.02
44.686396 4.34
44.697143 4.34
44.732753 4.34
44.748754 4.34
44.774158 4.34
44.790159 4.34
44.815504 4.34
44.826379 4.34
44.861754 4.34
44.877630 4.34
44.903158 4.34
44.919159 4.34
44.944506 4.34
44.955272 4.34
44.990756 4.34
45.006630 4.34
45.032160 4.34
45.048157 4.34
45.073506 4.34
45.084276 4.34
45.119756 4.34
45.135631 4.34
45.161161 4.34
45.177035 4.34
45.204133 4.34
45.214882 4.34
45.245274 4.02
45.256024 4.34
45.286508 4.34
45.297275 4.34
45.332758 4.34
45.357160 4.34
45.373036 4.34
45.400134 4.34
45.411037 4.34
45.441274 4.34
45.452027 4.34
45.484135 4.34
45.495039 4.34
45.525277 4.34
45.536025 4.34
45.568135 4.34
45.579039 4.34
45.609277 4.34
45.620025 4.34
45.652136 4.34
45.663040 4.02
45.693278 4.34
45.704026 4.34
45.736137 4.34
45.746886 4.34
45.777279 4.34
45.788026 4.34
45.820137 4.34
45.830887 4.34
45.861276 4.34
45.872028 4.34
45.904138 4.34
45.914887 4.34
45.945280 4.34
45.956029 4.34
45.988139 4.34
45.998888 4.34
46.029280 4.34
46.040030 4.02
46.072157 4.02
46.082888 4.34
46.115155 4.34
46.125889 4.34
46.158156 4.34
46.168889 4.34
46.204771 4.34
46.220771 4.34
46.246168 4.34
46.262043 4.34
46.289141 4.34
46.299890 4.34
46.330282 4.34
46.341045 4.34
46.376640 4.34
46.389046 4.34
46.418046 4.34
46.434158 4.34
46.459282 4.34
46.470045 4.34
46.505773 4.34
46.521641 4.34
46.547169 4.34
46.576921 4.34
46.587775 4.34
46.618157 4.34
46.634047 4.34
46.659392 4.34
46.670159 4.34
46.705643 4.34
46.721643 4.34
46.746921 4.34
46.757775 4.34
46.788410 4.34
46.799285 4.34
46.829644 4.34
46.845644 4.34
46.870923 4.34
46.881773 4.34
46.912288 4.34
46.923047 4.34
46.958644 4.34
46.974645 4.34
46.999925 4.34
47.010773 4.34
47.041286 4.34
47.052049 4.34
47.087645 4.34
47.103645 4.34
47.129050 4.34
47.145050 4.34
47.170396 4.34
47.181286 4.34
47.216775 4.34
47.227646 4.34
47.258289 4.34
47.269050 4.34
47.304776 4.34
47.315647 4.34
47.346289 4.34
47.357051 4.34
47.392647 4.34
47.408776 4.34
47.433927 4.02
47.444777 4.34
47.475288 4.34
47.486054 4.34
47.521523 4.34
47.532291 4.34
47.562649 4.34
47.578524 4.34
47.604053 4.34
47.633781 4.34
47.644649 4.34
47.675292 4.34
47.686054 4.34
47.721799 4.34
47.732796 4.34
47.765088 4.34
47.776200 4.34
47.811947 4.34
47.824531 4.34
47.858816 4.68
47.869794 4.68
47.902084 4.68
47.913067 4.68
47.948786 4.68
47.959655 4.68
47.990294 4.68
48.001057 4.68
48.031653 4.68
48.047790 4.68
48.073054 4.68
48.089053 4.68
48.116052 4.68
48.126780 4.68
48.157793 4.68
48.168791 4.68
48.204659 4.68
48.220948 4.68
48.246301 4.68
48.257049 4.68
48.287657 4.68
48.303782 4.68
48.328938 4.68
48.341530 4.68
48.370405 4.68
48.381296 4.68
48.416530 4.68
48.429046 4.68
48.458190 4.68
48.479663 4.68
48.490663 4.68
48.521305 4.68
48.532179 4.68
48.562660 4.68
48.578658 4.68
48.604300 4.68
48.615049 4.68
48.645658 4.68
48.661783 4.68
48.690061 4.68
48.706297 4.68
48.733099 4.68
48.744044 4.68
48.779951 4.68
48.796070 5.00
48.826787 5.35
48.837660 5.35
48.868301 5.35
48.879052 5.35
48.914786 5.35
48.925659 5.35
48.956301 5.35
48.967050 5.35
48.997659 5.35
49.013793 5.35
49.039064 5.35
49.055300 5.35
49.080663 5.35
49.091552 5.35
49.122050 5.69
49.138192 5.69
49.163668 5.69
49.174667 6.01
49.205307 6.01
49.216060 5.69
49.246790 5.69
49.257664 5.69
49.288304 6.01
49.299053 6.01
49.329788 6.01
49.340662 6.01
49.371304 5.69
49.382053 5.69
49.412537 6.01
49.428662 5.69
49.453662 5.69
49.469537 6.01
49.495066 6.01
49.511305 6.01
49.541538 6.01
49.557663 5.69
49.582664 6.01
49.598663 6.01
49.623943 5.69
49.639942 6.01
49.665304 6.01
49.676056 5.69
49.706414 6.01
49.717304 6.01
49.747414 6.01
49.758289 6.01
49.788415 6.01
49.799305 5.69
49.829415 6.01
49.840290 6.01
49.870415 5.69
49.881291 5.69
49.911415 6.01
49.922291 6.01
49.952416 6.01
49.963309 6.01
49.993416 5.69
50.004291 6.01
50.034416 6.01
50.045292 5.69
50.075541 6.01
50.091542 6.01
50.116667 6.01
50.127417 6.01
50.157947 6.01
50.174071 6.01
50.204543 6.01
50.220668 6.01
50.245668 5.69
50.256418 6.01
50.286945 6.01
50.302947 5.69
50.333543 6.01
50.349669 6.01
50.374669 6.01
50.385418 5.69
50.415948 6.01
50.432071 6.01
50.462670 5.69
50.473545 6.01
50.503948 6.01
50.519947 6.01
50.550670 5.69
50.561421 6.01
50.591947 6.01
50.608075 6.01
50.638671 6.01
50.649421 6.01
50.680077 6.01
50.690951 6.01
50.726671 5.69
50.737422 6.01
50.767952 5.69
50.784076 5.69
50.814672 5.69
50.825547 6.01
50.855953 6.01
50.871799 6.01
50.902672 6.01
50.913423 6.01
50.944077 6.01
50.954950 6.01
50.990549 5.69
51.006674 6.01
51.031549 5.69
51.047548 5.69
51.072674 6.01
51.083424 5.69
51.114076 5.69
51.124800 6.01
51.160675 6.01
51.171425 5.69
51.201955 5.69
51.217801 5.69
51.248675 6.01
51.259550 6.01
51.289954 6.01
51.306078 5.69
51.336676 5.69
51.347426 6.01
51.377956 6.01
51.394078 5.69
51.419320 6.01
51.430069 5.69
51.460427 6.01
51.471302 5.69
51.501427 6.01
51.512319 6.01
51.542427 6.01
51.553302 6.01
51.583427 5.69
51.594302 6.01
51.624428 6.01
51.636929 5.69
51.665428 6.01
51.676303 6.01
51.706553 6.01
51.722678 6.01
51.747805 6.01
51.760429 6.01
51.789320 5.69
51.800069 6.01
51.830554 6.01
51.846554 5.69
51.871680 6.01
51.882555 6.01
51.913085 5.69
51.929071 6.01
51.959680 6.01
51.970430 6.01
52.000959 6.01
52.017085 6.01
52.047681 6.01
52.058556 6.01
52.089086 5.69
52.099958 6.01
52.135681 6.01
52.146432 6.01
52.176962 6.01
52.193056 5.69
52.217931 6.01
52.233807 6.01
52.258931 6.01
52.274807 6.01
52.299931 6.01
52.315807 5.69
52.340932 6.01
52.356807 6.01
52.381932 5.69
52.397808 5.69
52.422933 6.01
52.438808 6.01
52.463933 6.01
52.479809 5.69
52.504933 5.69
52.520809 6.01
52.545934 6.01
52.561809 5.69
52.586933 6.01
52.602810 5.69
52.627934 6.01
52.643810 5.69
52.668934 6.01
52.684810 5.69
52.709935 6.01
52.725811 6.01
52.750935 6.01
52.766811 5.69
52.791935 6.01
52.802685 6.01
52.832935 6.01
52.843685 6.01
52.873935 5.69
52.884685 5.69
52.914936 6.01
52.925686 6.01
52.955936 6.01
52.966686 6.01
52.996937 6.01
53.007686 6.01
53.037937 5.69
53.048687 6.01
53.078937 5.69
53.089687 6.01
53.119937 6.01
53.130688 5.69
53.160938 6.01
53.171688 6.01
53.201938 6.01
53.212688 6.01
53.242938 6.01
53.253688 5.69
53.283939 6.01
53.294688 6.01
53.324939 5.69
53.335689 6.01
53.365939 6.01
53.376689 6.01
53.406939 6.01
53.417690 6.01
53.447940 6.01
53.458689 6.01
53.488940 6.01
53.499690 5.69
53.529941 6.01
53.540690 6.01
53.570941 6.01
53.581691 6.01
53.611941 6.01
53.622691 5.69
53.652941 6.01
53.663690 6.01
53.693941 6.01
53.704691 6.01
53.734942 6.01
53.745691 6.01
53.775942 6.01
53.786692 6.01
53.816943 5.69
53.827692 6.01
53.857943 6.01
53.868693 5.69
53.898943 6.01
53.909693 6.01
53.939943 6.01
53.950693 6.01
53.980943 6.01
53.991693 5.69
54.021944 6.01
54.032693 6.01
54.062944 5.69
54.073694 6.01
54.103945 6.01
54.114694 6.01
54.144945 6.01
54.155695 6.01
54.185945 5.69
54.196695 5.69
54.226945 6.01
54.237695 5.69
54.267946 6.01
54.278695 6.01
54.308946 6.01
54.319696 6.01
54.349946 6.01
54.360696 5.69
54.390947 6.01
54.401696 5.69
54.431947 5.69
54.442697 6.01
54.472947 5.69
54.483697 6.01
54.513948 5.69
54.524697 5.69
54.554948 5.69
54.565697 6.01
54.595948 6.01
54.606698 5.69
54.636950 6.01
54.647700 6.01
54.683574 6.01
54.694325 6.01
54.724826 6.01
54.740950 5.69
54.771576 5.69
54.782325 6.01
54.812827 5.69
54.828827 6.01
54.859576 5.69
54.870326 6.01
54.900828 5.69
54.916951 6.01
54.947576 6.01
54.958327 5.69
54.988828 6.01
55.004828 6.01
55.035577 5.69
55.046327 6.01
55.076828 5.69
55.092952 5.69
55.118328 6.01
55.130095 6.01
55.159328 6.01
55.171707 6.01
55.200328 5.69
55.212707 6.01
55.241329 6.01
55.253707 5.69
55.282454 5.69
55.298579 6.01
55.323579 6.01
55.334329 6.01
55.364830 6.01
55.375704 6.01
55.411345 6.01
55.427348 6.01
55.452580 6.01
55.463331 6.01
55.493861 6.01
55.504705 5.69
55.535346 6.01
55.551456 6.01
55.576581 6.01
55.587331 6.01
55.617861 6.01
55.628706 6.01
55.659349 6.01
55.675348 6.01
55.700582 6.01
55.711331 6.01
55.741833 6.01
55.752707 6.01
55.788583 6.01
55.799332 6.01
55.829834 6.01
55.840708 6.01
55.876351 6.01
55.892351 6.01
55.917583 6.01
55.928333 6.01
55.958835 6.01
55.969709 6.01
56.005585 5.69
56.016334 5.69
56.046835 6.01
56.057709 5.69
56.093351 6.01
56.109350 5.69
56.134585 6.01
56.145335 6.01
56.175836 6.01
56.186710 6.01
56.222585 6.01
56.233335 6.01
56.263836 6.01
56.274711 5.69
56.310352 5.69
56.326355 6.01
56.351586 5.69
56.362462 6.01
56.392838 5.69
56.403712 5.69
56.439587 6.01
56.450337 5.69
56.480867 6.01
56.491712 6.01
56.527355 6.01
56.543354 6.01
56.568588 6.01
56.579338 6.01
56.609840 5.69
56.620713 6.01
56.650979 5.69
56.661714 6.01
56.692355 5.69
56.708357 5.69
56.733589 6.01
56.744464 6.01
56.774841 6.01
56.785715 6.01
56.821357 6.01
56.837355 6.01
56.862590 6.01
56.873466 6.01
56.903842 6.01
56.914715 6.01
56.950357 5.69
56.966358 6.01
56.991591 5.69
57.002466 6.01
57.032716 6.01
57.048716 6.01
57.079359 6.01
57.095357 6.01
57.120592 6.01
57.131467 6.01
57.161843 6.01
57.172718 5.69
57.208360 6.01
57.224359 6.01
57.249593 5.69
57.260343 6.01
57.290844 6.01
57.301718 6.01
57.337360 6.01
57.353361 5.69
57.378594 6.01
57.389344 6.01
57.419845 6.01
57.430719 6.01
57.466362 6.01
57.482361 6.01
57.507719 6.01
57.528847 6.01
57.539720 5.69
57.575362 6.01
57.591360 6.01
57.616596 6.01
57.629114 6.01
57.657847 6.01
57.668720 6.01
57.704363 6.01
57.720362 6.01
57.745596 6.01
57.757989 6.01
57.791617 6.01
57.802472 6.01
57.838362 6.01
57.854365 6.01
57.879597 6.01
57.891991 6.01
57.920849 6.01
57.931723 6.01
57.962127 6.01
57.978240 6.01
58.003473 6.01
58.014348 6.01
58.044599 6.01
58.056991 6.01
58.085866 6.01
58.096724 6.01
58.127366 6.01
58.143366 5.69
58.168599 6.01
58.184600 6.01
58.209851 6.01
58.220725 6.01
58.256368 6.01
58.267118 6.01
58.297351 6.01
58.308121 6.01
58.338351 6.01
58.349118 6.01
58.379476 6.01
58.390369 6.01
58.420601 6.01
58.436601 6.01
58.461853 6.01
58.472727 6.01
58.503369 6.01
58.514119 6.01
58.544602 6.01
58.560477 6.01
58.585854 6.01
58.596727 6.01
58.627132 6.01
58.643246 6.01
58.668478 6.01
58.679353 6.01
58.709603 6.01
58.725603 6.01
58.750855 6.01
58.761729 6.01
58.792133 6.01
58.808244 6.01
58.833479 6.01
58.844354 6.01
58.874604 6.01
58.890605 6.01
58.915730 6.01
58.926605 6.01
58.962372 6.01
58.973120 6.01
59.003481 6.01
59.014356 6.01
59.044606 6.01
59.060606 6.01
59.085857 6.01
59.096731 6.01
59.127133 6.01
59.137858 6.01
59.168357 6.01
59.179124 6.01
59.209482 6.01
59.220251 6.01
59.250607 6.01
59.266608 6.01
59.300251 6.01
59.316249 6.01
59.341358 5.69
59.352124 6.01
59.382358 6.01
59.393126 6.01
59.423484 6.01
59.434358 6.01
59.464609 6.01
59.480608 5.69
59.505889 5.69
59.516734 5.69
59.547252 6.01
59.563128 6.01
59.588485 6.01
59.599360 6.01
59.629610 6.01
59.645485 6.01
59.670861 6.01
59.681735 5.69
59.712140 6.01
59.728253 6.01
59.753486 6.01
59.764361 6.01
59.794611 6.01
59.810611 6.01
59.835862 6.01
59.846736 6.01
59.877140 6.01
59.887862 6.01
59.918362 5.69
59.934362 6.01
59.959488 6.01
59.970362 6.01
60.000613 6.01
60.016488 6.01
60.043622 6.01
60.054363 6.01
60.084738 5.69
60.095488 6.01
60.131381 6.01
60.142130 6.01
60.172489 6.01
60.183364 6.01
60.213614 6.01
60.229614 6.01
60.256623 6.01
60.267365 6.01
60.299623 6.01
60.310365 6.01
60.342624 6.01
60.353365 6.01
60.385624 6.01
60.396365 6.01
60.428625 5.69
60.439366 6.01
60.469741 6.01
60.480491 6.01
60.511018 6.01
60.521741 6.01
60.552384 6.01
60.563258 6.01
60.593492 6.01
60.605896 6.01
60.634617 6.01
60.650617 6.01
60.681022 6.01
60.693517 6.01
60.722493 6.01
60.734869 6.01
60.763618 6.01
60.779493 6.01
60.806504 6.01
60.817385 6.01
60.847743 6.01
60.858494 6.01
60.889148 6.01
60.905259 6.01
60.930369 6.01
60.941135 6.01
60.971370 6.01
60.982136 6.01
61.012370 6.01
61.023144 6.01
61.053495 6.01
61.065871 6.01
61.094620 6.01
61.105371 6.01
61.141025 6.01
61.151745 6.01
61.182387 6.01
61.193138 6.01
61.223496 6.01
61.235872 5.69
61.264621 6.01
61.275496 6.01
61.311016 5.69
61.327012 6.01
61.352389 6.01
61.363137 6.01
61.393622 6.01
61.404372 6.01
61.440027 6.01
61.456016 6.01
61.481390 6.01
61.492265 6.01
61.522623 6.01
61.533373 6.01
61.569015 6.01
61.585015 6.01
61.610391 6.01
61.621139 6.01
61.651624 6.01
61.662374 6.01
61.698015 5.69
61.708750 6.01
61.739392 6.01
61.750143 6.01
61.780625 6.01
61.791500 6.01
61.827029 6.01
61.843018 6.01
61.868391 6.01
61.879141 6.01
61.909376 6.01
61.920144 6.01
61.950501 5.69
61.966377 6.01
61.991626 5.69
62.002377 6.01
62.038020 6.01
62.048752 5.69
62.079392 5.35
62.090145 5.35
62.120627 5.35
62.131378 5.35
62.167021 5.35
62.177752 5.35
62.208396 5.35
62.219146 5.35
62.249628 5.35
62.260379 5.35
62.296034 5.35
62.312023 5.35
62.337396 5.35
62.348144 5.35
62.378505 5.35
62.394644 5.00
62.420159 4.34
62.436390 4.34
62.461762 4.34
62.472761 4.34
62.503280 4.34
62.514028 4.34
62.544634 4.34
62.555509 4.34
62.591274 4.34
62.602024 4.34
62.632632 4.34
62.643506 4.34
62.673756 4.34
62.684631 4.34
62.715161 4.34
62.731272 4.34
62.756507 4.34
62.772382 4.34
62.797794 4.34
62.808785 4.34
62.839392 4.34
62.852058 4.34
62.886054 4.34
62.902206 4.34
62.927512 4.34
62.943636 4.34
62.970512 4.34
62.981277 4.34
63.013512 4.34
63.024277 4.34
63.054634 4.34
63.065510 4.34
63.101038 4.34
63.117039 4.34
63.142275 4.34
63.153025 4.34
63.183510 4.34
63.199385 4.34
63.224635 4.34
63.235386 4.34
63.271040 4.34
63.281761 4.34
63.312261 4.34
63.323028 4.34
63.353512 4.34
63.369387 4.34
63.394637 4.34
63.405387 4.34
63.436042 4.34
63.452041 4.34
63.477277 4.34
63.488030 4.34
63.518388 4.34
63.534527 4.34
