0.000000 0.000000
0.041976 4.68
0.058206 4.68
0.088874 4.68
0.101471 3.01
0.135865 2.66
0.148473 3.01
0.182752 2.66
0.193749 2.66
0.224329 2.66
0.235327 2.66
0.265967 2.66
0.282200 2.66
0.307200 2.66
0.318075 2.66
0.348603 2.66
0.364604 2.66
0.390090 2.66
0.406089 2.66
0.431072 2.66
0.441965 2.66
0.472072 2.66
0.482962 2.66
0.513073 2.66
0.523964 2.66
0.554074 2.66
0.564965 2.66
0.595090 2.66
0.605965 2.66
0.636074 2.66
0.646963 2.66
0.677074 2.66
0.687966 2.66
0.718200 2.66
0.729075 2.66
0.764782 2.66
0.775767 2.66
0.811629 2.66
0.822625 2.66
0.853216 2.66
0.864215 2.66
0.894855 2.66
0.907461 2.66
0.941873 2.66
0.958093 2.66
0.986715 4.34
0.997756 4.34
1.030002 4.34
1.040974 4.34
1.071459 4.34
1.087740 4.34
1.113096 4.34
1.129097 4.34
1.159455 4.34
1.175454 4.34
1.200971 4.34
1.217096 4.34
1.242093 4.34
1.258204 4.34
1.283079 4.34
1.293969 4.34
1.324079 4.34
1.334969 4.34
1.365079 4.34
1.375970 4.34
1.406080 4.68
1.416969 4.34
1.447795 4.34
1.458880 4.68
1.494910 4.68
1.511219 4.68
1.541760 4.68
1.552757 4.68
1.585001 4.68
1.595978 4.68
1.631619 4.68
1.642461 4.68
1.673099 4.68
1.683975 4.68
1.719459 5.00
1.735630 5.00
1.760975 5.00
1.777101 5.35
1.802103 5.00
1.812977 5.35
1.848459 5.35
1.864459 5.35
1.889738 5.35
1.900614 5.35
1.931102 5.35
1.941975 5.00
1.977460 5.35
1.993614 5.00
2.021875 5.35
2.038098 5.00
2.068764 5.35
2.079761 5.35
2.115633 5.35
2.126465 5.35
2.157106 5.35
2.167981 5.00
2.198463 5.35
2.214463 5.35
2.239866 5.35
2.255742 5.35
2.281087 5.35
2.291854 5.00
2.327601 5.35
2.338596 5.35
2.369220 5.35
2.380220 5.35
2.410749 5.69
2.421626 5.69
2.452216 5.69
2.463107 6.01
2.493742 6.01
2.504616 6.01
2.535106 6.01
2.545978 6.01
2.581464 6.01
2.597464 6.01
2.622980 6.01
2.638980 6.01
2.664104 6.01
2.674979 6.01
2.710465 6.01
2.726465 6.01
2.752141 6.01
2.763099 6.01
2.793772 6.01
2.806346 6.01
2.840595 6.01
2.851345 6.01
2.881986 6.01
2.898109 6.01
2.923110 6.01
2.933858 6.01
2.969467 6.01
2.985342 6.01
3.010871 6.01
3.027007 6.01
3.057774 6.01
3.070352 6.01
3.104600 6.01
3.115348 6.01
3.146223 6.01
3.157097 6.01
3.187755 6.01
3.198597 6.01
3.229112 6.01
3.239863 6.01
3.275470 6.01
3.291345 6.01
3.317136 6.01
3.338616 6.01
3.349608 6.01
3.380231 6.36
3.392897 6.68
3.421869 6.68
3.438122 6.68
3.468765 6.68
3.481350 7.02
3.509991 7.02
3.520743 7.02
3.556474 7.02
3.572473 7.02
3.597876 7.02
3.613876 7.02
3.639223 7.02
3.650098 7.02
3.685473 7.02
3.701473 7.02
3.727139 7.02
3.748610 7.02
3.759609 7.02
3.795481 7.02
3.811608 7.02
3.842478 7.02
3.858478 6.68
3.883891 7.02
3.899996 6.68
3.926884 6.68
3.937755 7.02
3.969852 7.02
3.980602 7.02
4.011117 6.68
4.022114 7.02
4.052786 7.02
4.069004 7.02
4.099608 7.02
4.110357 7.02
4.146480 7.02
4.162480 7.02
4.187895 6.68
4.203894 7.02
4.230855 7.02
4.241758 7.02
4.271993 7.02
4.282746 6.68
4.314920 7.02
4.325933 7.02
4.361505 7.02
4.377365 7.02
4.402613 7.02
4.413361 7.02
4.443734 7.02
4.456235 7.02
4.484735 7.02
4.497234 7.02
4.525734 7.02
4.538233 7.02
4.566733 7.02
4.577482 7.02
4.607733 7.02
4.620108 7.02
4.654614 7.02
4.665613 7.02
4.701508 7.02
4.717610 7.02
4.743003 7.02
4.754002 7.02
4.784483 7.02
4.795358 7.02
4.825999 7.02
4.836749 7.02
4.872482 7.02
4.888357 7.02
4.913876 7.02
4.930113 7.02
4.960612 7.02
4.971361 7.02
5.002002 7.02
5.012879 7.02
5.043610 7.02
5.054360 7.02
5.084876 7.02
5.100876 7.02
5.126002 7.02
5.136749 7.02
5.172492 7.02
5.183234 7.02
5.214023 7.02
5.224891 7.02
5.255639 7.02
5.266662 7.37
5.302510 7.69
5.313518 8.03
5.344118 8.03
5.355117 8.03
5.385654 8.03
5.396503 8.03
5.427114 8.03
5.437878 8.03
5.468496 8.03
5.479362 8.03
5.509879 8.03
5.520795 8.03
5.551112 8.03
5.561878 8.03
5.592679 8.03
5.605247 8.03
5.639499 8.03
5.650498 8.03
5.681118 8.03
5.692009 8.03
5.722649 8.03
5.733495 8.03
5.769514 8.03
5.780365 8.03
5.810880 8.03
5.821641 8.03
5.857492 7.69
5.868510 8.03
5.900806 8.03
5.911800 8.03
5.947669 8.03
5.964015 8.03
5.994498 8.03
6.005369 8.03
6.036011 8.03
6.046778 8.03
6.077367 8.03
6.093496 8.03
6.118771 8.03
6.134768 8.03
6.160117 8.03
6.171016 8.03
6.201687 8.03
6.217891 8.35
6.248512 8.35
6.259510 9.04
6.291799 9.04
6.302798 9.04
6.338502 9.04
6.349372 9.04
6.380010 9.04
6.390771 9.04
6.421499 9.04
6.432369 9.04
6.463010 9.04
6.473770 9.04
6.509243 9.04
6.520119 9.04
6.550513 9.04
6.561515 9.04
6.597380 9.36
6.608380 9.71
6.639022 10.03
6.650018 10.03
6.680508 10.03
6.691375 10.03
6.722015 10.03
6.732781 10.03
6.763503 10.03
6.774372 10.03
6.804778 10.03
6.821014 10.03
6.847779 10.03
6.858650 10.03
6.890776 10.03
6.901762 10.03
6.932386 10.03
6.943386 10.37
6.974020 10.72
6.985023 11.04
7.015539 11.04
7.026529 11.38
7.062383 11.70
7.073382 11.70
7.104022 11.70
7.115021 11.70
7.145506 11.70
7.156377 11.70
7.187020 11.38
7.197767 11.38
7.228376 11.38
7.244502 11.38
7.269653 11.38
7.282250 11.38
7.312767 11.38
7.323501 11.70
7.355769 11.70
7.366655 11.70
7.402376 11.70
7.418502 11.70
7.446779 11.70
7.463020 11.70
7.493377 11.38
7.509377 11.70
7.537780 11.70
7.554018 11.70
7.584377 11.70
7.600253 11.70
7.628781 11.70
7.639657 11.38
7.675378 11.70
7.691379 11.70
7.719782 11.70
7.730657 11.70
7.766379 11.70
7.782505 11.70
7.810784 11.70
7.826783 11.70
7.857379 11.70
7.868255 11.70
7.898783 11.70
7.909660 11.70
7.945380 11.70
7.956255 11.70
7.986785 11.70
7.997659 11.70
8.033256 11.70
8.049381 11.70
8.074381 11.70
8.085256 11.70
8.115661 11.70
8.131786 11.38
8.162382 11.70
8.173257 11.38
8.203784 11.70
8.214509 11.70
8.250258 11.70
8.266258 11.70
8.291383 11.70
8.302258 11.70
8.332660 11.70
8.348788 11.70
8.379383 11.70
8.390259 11.70
8.420785 11.70
8.431510 11.70
8.467259 11.70
8.483384 11.38
8.508385 11.70
8.519260 11.38
8.549661 11.70
8.565664 11.70
8.596385 11.70
8.607136 11.70
8.637665 11.70
8.653665 11.70
8.679029 11.70
8.689776 11.70
8.720136 11.70
8.731029 11.70
8.761136 11.70
8.772012 11.70
8.802137 11.70
8.813012 11.70
8.843137 11.70
8.854012 11.70
8.884137 11.70
8.895027 11.70
8.925137 11.70
8.936013 11.70
8.966138 11.70
8.976903 11.70
9.007388 11.70
9.018263 11.70
9.048666 11.38
9.064668 11.70
9.095389 11.70
9.106139 11.70
9.136666 11.70
9.152668 11.70
9.183390 11.70
9.194140 11.70
9.224668 11.70
9.240669 11.70
9.266034 11.70
9.276782 11.70
9.307141 11.70
9.318016 11.70
9.348141 11.70
9.359016 11.70
9.389141 11.70
9.400016 11.70
9.430142 11.70
9.441033 11.70
9.471142 11.70
9.482017 11.70
9.512142 11.70
9.523018 11.38
9.553142 11.38
9.564018 11.70
9.594143 11.70
9.605018 11.70
9.635143 11.70
9.646018 11.70
9.676143 11.70
9.687019 11.70
9.717144 11.70
9.728033 11.70
9.758144 11.70
9.769019 11.70
9.799144 11.70
9.811675 11.70
9.840270 11.70
9.856395 11.70
9.881395 11.70
9.892270 11.70
9.922675 11.70
9.938672 11.70
9.969395 11.70
9.980271 11.38
10.010798 11.38
10.021523 11.38
10.057396 11.70
10.068272 11.70
10.098798 11.70
10.109523 11.70
10.145397 11.70
10.156272 11.70
10.186682 11.70
10.202802 11.70
10.233398 11.70
10.244273 11.70
10.274801 11.70
10.285678 11.70
10.321398 11.70
10.332149 11.70
10.362677 11.70
10.378804 11.70
10.409399 11.70
10.420149 11.70
10.450801 11.70
10.461526 11.70
10.497400 11.70
10.508275 11.38
10.538803 11.70
10.549677 11.70
10.580044 11.70
10.590916 11.70
10.626276 11.70
10.642276 11.70
10.667401 11.70
10.678151 11.70
10.708681 11.70
10.719527 11.70
10.755276 11.70
10.766027 11.70
10.796403 11.70
10.807152 11.70
10.837682 11.70
10.848528 11.70
10.879153 11.70
10.895152 11.70
10.920278 11.70
10.936278 11.38
10.961403 10.72
10.972153 10.72
11.002683 10.72
11.013529 10.72
11.049279 10.72
11.060154 10.72
11.090404 10.72
11.101154 10.72
11.131807 10.72
11.142531 10.72
11.173155 10.72
11.189155 10.72
11.214155 10.72
11.230281 10.72
11.255155 10.72
11.271156 10.72
11.296156 10.72
11.312281 10.72
11.337156 10.72
11.353281 10.72
11.378157 10.72
11.394281 10.72
11.419157 10.72
11.435282 10.72
11.460282 10.72
11.471033 10.72
11.501407 10.72
11.512157 10.72
11.542687 10.72
11.553407 10.72
11.589283 10.72
11.600158 10.72
11.630534 10.72
11.646534 10.72
11.677284 10.72
11.688159 10.72
11.718409 10.72
11.729159 10.72
11.759689 10.72
11.770535 10.72
11.806285 10.72
11.817034 10.72
11.847410 10.72
11.858160 10.72
11.888536 10.72
11.904536 10.72
11.935286 10.72
11.946035 10.72
11.976410 10.72
11.987161 10.72
12.017679 10.72
12.028412 10.72
12.064287 10.72
12.075037 10.72
12.105412 10.72
12.116162 10.72
12.146662 10.72
12.157412 10.72
12.193288 10.72
12.204038 10.72
12.234413 10.72
12.245163 10.72
12.275663 10.72
12.286413 10.72
12.322288 10.72
12.333039 10.72
12.363540 10.72
12.379664 10.72
12.410290 10.72
12.421039 10.72
12.451541 10.72
12.467664 10.72
12.492818 10.72
12.503541 10.72
12.534057 10.72
12.544807 10.72
12.575290 10.72
12.586041 10.72
12.616542 10.72
12.632666 10.72
12.663291 10.72
12.674042 10.72
12.704543 10.72
12.720667 10.72
12.747546 10.72
12.758417 10.72
12.788667 10.72
12.799417 10.72
12.829808 10.37
12.840544 10.03
12.871043 9.71
12.881934 9.36
12.912043 9.36
12.924574 9.36
12.953044 9.36
12.965575 9.36
12.994043 9.71
13.004937 9.36
13.035044 9.36
13.047546 9.71
13.076044 9.36
13.088549 9.36
13.117045 9.36
13.129424 9.36
13.158045 9.36
13.170424 9.36
13.199045 9.36
13.211425 9.36
13.240046 9.36
13.252425 9.36
13.281046 9.36
13.293425 9.36
13.322046 9.36
13.334426 9.36
13.363046 9.36
13.375426 9.36
13.404047 9.36
13.416426 9.36
13.445047 9.36
13.457427 9.36
13.486048 9.36
13.498427 9.36
13.527048 9.36
13.539427 9.36
13.568048 9.36
13.580427 9.36
13.609048 9.36
13.625065 9.36
13.650049 9.36
13.666064 9.36
13.691049 9.36
13.707065 9.36
13.732049 9.36
13.748067 9.36
13.773175 9.36
13.784050 9.04
13.814300 8.70
13.825050 8.03
13.855552 8.03
13.866425 8.03
13.902301 8.03
13.913051 8.03
13.943552 8.03
13.954426 8.03
13.990301 8.03
14.001052 8.03
14.031553 8.03
14.042427 8.03
14.078302 8.03
14.089052 8.03
14.119554 8.03
14.130427 8.03
14.166302 7.69
14.177052 7.37
14.207428 7.02
14.223428 6.68
14.254068 6.68
14.270072 6.68
14.295304 6.68
14.306053 6.68
14.336555 7.02
14.347429 7.02
14.383072 6.68
14.399071 6.68
14.424305 6.68
14.435054 7.02
14.465556 6.68
14.476430 7.02
14.512305 6.68
14.523055 0.05
14.553557 6.01
14.564431 5.69
14.600306 5.00
14.611055 4.68
14.641431 4.68
14.657431 4.68
14.688317 4.68
14.699316 4.68
14.735188 4.68
14.746187 4.68
14.776703 4.68
14.787435 4.68
14.818184 4.68
14.829074 4.68
14.859586 4.68
14.870434 4.68
14.901073 4.68
14.917183 4.68
14.942307 4.68
14.953058 4.68
14.983584 4.68
14.994433 4.68
15.025074 4.68
15.041184 4.68
15.066309 4.68
15.077059 4.68
15.107584 4.68
15.118434 4.68
15.149073 4.68
15.165185 4.68
15.190310 4.68
15.201059 4.68
15.231585 4.68
15.242436 4.68
15.273074 4.68
15.289075 4.68
15.314311 4.68
15.325061 4.68
15.355448 4.68
15.371751 4.68
15.397089 4.68
15.413318 4.68
15.438743 4.68
15.449741 4.68
15.480191 4.68
15.491065 4.68
15.521440 4.68
15.537566 4.68
