0.000000 0.000000
0.055579 4.34
0.071870 4.34
0.097343 4.34
0.108332 2.66
0.138976 2.66
0.149985 2.66
0.180719 2.66
0.196971 2.66
0.222326 2.66
0.233325 2.66
0.263963 2.66
0.274838 2.34
0.305456 2.66
0.316321 2.66
0.352195 2.34
0.368319 2.66
0.393319 2.66
0.404194 2.66
0.434568 2.66
0.450450 2.66
0.475844 2.66
0.486568 2.34
0.517194 2.66
0.533194 2.66
0.558319 2.66
0.569069 2.66
0.599594 2.66
0.615593 2.66
0.646320 2.66
0.657070 2.66
0.687596 2.66
0.703595 2.34
0.728958 2.66
0.739721 2.66
0.770469 2.34
0.783086 2.66
0.815329 2.34
0.826328 2.66
0.856985 2.66
0.869652 2.66
0.898710 2.66
0.909752 2.34
0.940338 2.66
0.951478 2.66
0.983621 3.67
0.994631 4.34
1.030471 4.02
1.060329 4.34
1.071329 4.34
1.101857 4.34
1.112856 4.02
1.143201 4.34
1.159325 4.02
1.184325 4.02
1.195199 4.02
1.225600 4.34
1.241602 4.34
1.272199 4.02
1.288200 4.34
1.313324 4.34
1.324074 4.34
1.354600 4.34
1.370600 4.02
1.395967 4.34
1.406725 4.34
1.437341 4.34
1.448341 4.34
1.484216 4.34
1.495221 4.02
1.525875 4.34
1.536861 4.34
1.567463 4.34
1.580083 4.34
1.614331 4.34
1.625207 4.34
1.661215 4.34
1.672213 4.34
1.702857 4.34
1.713855 4.34
1.744333 4.34
1.755207 4.34
1.785738 4.34
1.796614 4.34
1.832330 4.34
1.843205 4.34
1.873610 4.34
1.889735 4.34
1.916485 4.34
1.927330 4.34
1.963205 4.34
1.979205 4.34
2.004330 4.34
2.015080 4.34
2.045734 4.34
2.056457 4.34
2.092330 4.34
2.103206 4.34
2.133997 4.34
2.150218 4.34
2.175638 4.34
2.191858 4.34
2.217213 4.34
2.228086 4.34
2.258461 4.34
2.270853 4.68
2.299584 4.68
2.310332 5.00
2.340723 5.00
2.351637 5.00
2.382340 5.35
2.393340 5.35
2.429213 5.35
2.440087 5.35
2.470751 5.00
2.481614 5.35
2.512084 5.35
2.528210 5.35
2.553084 5.35
2.569084 5.35
2.594209 5.35
2.604976 5.35
2.635663 5.35
2.651877 5.35
2.677217 5.35
2.688090 5.35
2.718750 5.35
2.729621 5.35
2.760088 5.35
2.776213 5.35
2.801337 5.00
2.812212 5.35
2.842742 5.00
2.853462 5.00
2.883978 5.35
2.894728 5.35
2.925211 5.35
2.936086 5.35
2.966337 5.35
2.977212 5.35
3.007464 5.35
3.023614 5.35
3.054213 5.35
3.065088 5.35
3.095338 5.35
3.106087 5.35
3.136616 5.35
3.147338 5.35
3.183213 5.35
3.193963 5.35
3.224478 5.35
3.240724 5.35
3.271221 5.35
3.282094 5.35
3.312631 5.35
3.323470 5.00
3.359217 5.35
3.370092 5.35
3.400468 5.35
3.416619 5.35
3.447215 5.35
3.457965 5.35
3.488340 5.35
3.499091 5.35
3.529760 5.35
3.540635 5.00
3.571344 5.35
3.582219 5.35
3.612748 5.35
3.623621 5.35
3.654093 5.35
3.670217 5.35
3.695217 5.35
3.706092 5.35
3.736342 5.35
3.747217 5.35
3.777619 5.35
3.788469 5.35
3.819221 5.35
3.830096 5.35
3.860472 5.35
3.876625 5.35
3.907219 5.35
3.917969 5.35
3.948344 5.35
3.959094 5.35
3.989621 5.35
4.000471 5.35
4.031095 5.35
4.047220 5.35
4.072220 5.35
4.083095 5.35
4.115482 5.35
4.145224 5.35
4.156099 5.35
4.186631 5.35
4.197474 5.35
4.228097 5.35
4.244222 5.35
4.269222 5.35
4.280096 5.35
4.310346 5.35
4.321096 5.35
4.353477 5.35
4.364347 5.35
4.400360 5.35
4.416347 5.35
4.443485 5.35
4.454498 5.35
4.485107 5.35
4.496106 5.35
4.526604 5.35
4.537639 5.35
4.568102 5.35
4.584226 5.35
4.609506 5.35
4.625629 5.35
4.656225 5.35
4.667100 5.35
4.697500 5.35
4.713625 5.35
4.744224 5.35
4.755246 5.35
4.791111 5.35
4.802106 5.35
4.832641 5.00
4.843635 5.35
4.874234 5.35
4.885108 5.35
4.917373 5.35
4.928355 5.69
4.964230 5.35
4.975104 5.69
5.005478 5.35
5.016352 5.69
5.052102 5.69
5.068227 5.69
5.093102 5.69
5.103977 5.69
5.134102 5.69
5.144977 5.69
5.175103 5.69
5.185996 5.69
5.216103 5.69
5.226978 5.69
5.257103 5.69
5.267978 5.69
5.298103 5.69
5.308995 5.69
5.339104 5.69
5.349979 5.69
5.380104 5.69
5.390979 5.69
5.421104 5.69
5.431979 5.69
5.462105 5.69
5.472980 5.69
5.503105 5.69
5.513980 5.69
5.544230 5.69
5.554980 5.69
5.585355 5.69
5.601355 5.69
5.626632 5.69
5.637355 5.69
5.667999 5.69
5.683997 5.69
5.709231 5.69
5.719981 5.69
5.750357 5.69
5.766357 5.69
5.791634 5.69
5.802357 5.69
5.832997 5.69
5.848999 5.69
5.874108 5.69
5.884983 5.69
5.915108 5.69
5.925983 5.69
5.956108 5.69
5.966983 5.69
5.997108 5.69
6.007983 5.69
6.038109 5.69
6.048984 5.69
6.079109 5.69
6.089984 5.69
6.120110 5.69
6.130984 5.69
6.161110 5.69
6.171985 5.69
6.202109 5.69
6.212985 5.69
6.243110 5.69
6.253985 5.69
6.284110 5.69
6.294986 5.69
6.325235 5.69
6.335986 5.69
6.366488 5.69
6.377361 5.69
6.413001 5.69
6.429004 5.69
6.454237 5.69
6.465112 5.69
6.495489 5.69
6.506362 5.69
6.542238 5.69
6.553112 5.69
6.583362 5.69
6.599363 5.69
6.624642 5.69
6.635489 5.69
6.666006 5.69
6.682007 5.69
6.707113 5.69
6.717989 5.69
6.748238 5.69
6.759005 5.69
6.789364 5.69
6.805364 5.69
6.830641 5.69
6.841490 5.69
6.872007 5.69
6.888007 5.69
6.913114 5.69
6.923990 5.69
6.954115 5.69
6.964990 5.69
6.995115 5.69
7.005991 5.69
7.036116 5.69
7.046884 5.69
7.077116 5.69
7.087991 5.69
7.118117 5.69
7.128992 5.69
7.159242 5.69
7.171769 5.69
7.200367 5.69
7.216367 5.69
7.243368 5.69
7.254118 5.69
7.290008 5.69
7.306010 5.69
7.331118 5.69
7.341993 5.69
7.372118 5.69
7.382994 5.69
7.413119 5.69
7.423994 5.69
7.454119 5.69
7.464994 5.69
7.495119 5.69
7.505995 5.69
7.536119 5.69
7.546994 5.69
7.577120 5.69
7.587995 5.69
7.618120 5.69
7.628995 5.69
7.659121 5.69
7.669996 5.69
7.700121 5.69
7.710996 5.69
7.741121 5.69
7.751996 5.69
7.782121 5.69
7.792996 5.69
7.823121 5.69
7.833997 5.69
7.864122 5.69
7.874997 5.69
7.905122 5.69
7.915997 5.69
7.946123 5.69
7.956997 5.69
7.987123 5.69
7.997998 5.69
8.028123 5.69
8.038998 5.69
8.069124 5.69
8.079998 5.69
8.110123 5.69
8.120999 5.69
8.151124 5.69
8.161999 5.69
8.192124 5.69
8.202999 5.69
8.233125 5.69
8.243999 5.69
8.274125 5.69
8.285000 5.69
8.315125 5.69
8.326000 5.69
8.356125 5.69
8.367000 5.69
8.397126 5.69
8.408001 5.69
8.438126 5.69
8.449001 5.69
8.479126 5.69
8.490002 5.69
8.520126 5.69
8.531001 5.69
8.561127 5.69
8.572002 5.69
8.602127 5.69
8.613002 5.69
8.643252 5.69
8.659127 5.69
8.684378 5.69
8.695253 5.69
8.731021 5.69
8.741769 5.69
8.772254 5.69
8.788128 5.69
8.813505 5.69
8.824378 5.69
8.855021 5.69
8.865771 5.69
8.896129 5.69
8.907004 5.69
8.937254 5.69
8.953254 5.69
8.978506 5.69
8.989380 5.69
9.020020 5.69
9.030773 5.69
9.061255 5.69
9.077130 5.69
9.102507 5.69
9.113381 5.69
9.144023 5.69
9.154773 5.69
9.185256 5.69
9.201131 5.69
9.226508 5.69
9.237381 5.69
9.268024 5.69
9.278773 5.69
9.309007 5.69
9.319774 5.69
9.350007 5.69
9.360773 5.69
9.391008 5.69
9.401774 5.69
9.432134 5.69
9.443008 5.69
9.473259 5.69
9.489258 5.69
9.514384 5.69
9.525259 5.69
9.561024 5.69
9.571775 5.69
9.602009 5.69
9.612777 5.69
9.643134 5.69
9.654009 5.69
9.684260 5.69
9.700260 5.69
9.725512 5.69
9.736385 5.69
9.767029 5.69
9.777777 5.69
9.808260 5.69
9.824136 5.69
9.851270 5.69
9.862136 5.69
9.892386 5.69
9.903137 5.69
9.933790 5.69
9.946271 5.69
9.975029 5.69
9.985779 5.69
10.016137 5.69
10.028665 5.69
10.057263 5.69
10.073263 5.69
10.100287 5.69
10.111013 6.01
10.143273 5.69
10.154138 5.69
10.186273 5.69
10.197139 5.69
10.229274 5.69
10.240139 5.69
10.270791 5.69
10.283149 5.69
10.312139 5.69
10.324516 5.69
10.353264 5.69
10.369265 5.69
10.399150 5.69
10.410032 5.69
10.440266 5.69
10.456265 5.69
10.483150 5.69
10.494033 5.69
10.524266 5.69
10.540266 5.69
10.570669 5.69
10.583151 5.69
10.612016 5.69
10.622781 5.69
10.653142 5.69
10.665518 5.69
10.694267 5.69
10.705017 5.69
10.740660 5.69
10.753171 5.69
10.782018 5.69
10.792910 5.69
10.823143 5.69
10.839019 5.69
10.864268 5.69
10.875143 5.69
10.910671 5.69
10.923153 5.69
10.952144 5.69
10.968144 5.69
10.993269 5.69
11.004144 5.69
11.039671 5.69
11.055662 5.69
11.081020 5.69
11.091788 5.69
11.122145 5.69
11.138145 5.69
11.163270 5.69
11.174020 5.69
11.209661 5.69
11.220396 5.69
11.251039 5.69
11.261786 5.69
11.292271 5.69
11.303146 5.69
11.338673 5.69
11.354662 5.69
11.380040 5.69
11.390789 5.69
11.421272 5.69
11.432022 5.69
11.467663 5.69
11.478397 5.69
11.509040 5.69
11.519791 5.69
11.550273 5.69
11.561148 5.69
11.596665 5.69
11.612664 5.69
11.638042 5.69
11.648789 5.69
11.679274 5.69
11.690024 5.69
11.725676 5.69
11.736399 5.69
11.766917 5.69
11.777665 5.69
11.808043 5.69
11.818794 6.01
11.849150 5.69
11.865026 5.69
11.890276 5.69
11.901151 5.69
11.936680 5.69
11.947401 5.69
11.978041 5.69
11.988792 5.69
12.019277 6.01
12.030026 5.69
12.065667 5.69
12.081670 5.69
12.107027 6.01
12.117794 5.69
12.148153 5.69
12.164153 6.01
12.189278 5.69
12.200028 6.01
12.230808 5.69
12.246920 5.69
12.272153 5.69
12.288029 5.69
12.313279 5.69
12.324153 5.69
12.359670 5.69
12.375669 5.69
12.401047 5.69
12.411796 5.69
12.442279 5.69
12.453030 5.69
12.488682 5.69
12.504671 5.69
12.530047 5.69
12.540799 5.69
12.571156 6.01
12.587030 5.69
12.612281 5.69
12.623156 6.01
12.658686 6.01
12.674675 5.69
12.700046 5.69
12.712550 6.01
12.741282 6.01
12.752032 5.69
12.787685 6.01
12.798407 6.01
12.829050 5.69
12.841533 5.69
12.870033 5.69
12.880800 5.69
12.911158 5.69
12.927033 5.69
12.952283 5.69
12.963033 6.01
12.993284 5.69
13.004033 5.69
13.039685 5.69
13.052159 5.69
13.081049 5.69
13.093550 5.69
13.122034 5.69
13.134409 5.69
13.163034 5.69
13.175410 5.69
13.204035 5.69
13.216410 5.69
13.245160 5.69
13.261036 5.69
13.286286 5.69
13.297036 5.69
13.332679 5.69
13.345054 5.69
13.374053 5.69
13.386411 5.69
13.415287 5.69
13.426162 5.69
13.461690 5.69
13.474053 5.69
13.503037 5.69
13.515412 5.69
13.544163 5.69
13.560163 5.69
13.585288 5.69
13.596163 5.69
13.631679 5.69
13.644069 5.69
13.673055 5.69
13.689053 5.69
13.714039 5.69
13.726414 5.69
13.755039 5.69
13.771039 5.69
13.796164 5.69
13.812164 5.69
13.837290 5.69
13.848039 5.69
13.883682 5.69
13.899681 5.69
13.925058 5.69
13.941057 5.69
13.966040 5.69
13.982166 5.69
14.007166 5.69
14.023041 5.69
14.048291 5.69
14.059166 5.69
14.094696 5.69
14.110693 5.69
14.136056 5.69
14.151932 5.69
14.177042 5.69
14.193042 5.69
14.218042 5.69
14.234167 5.69
14.259168 5.69
14.275167 5.69
14.300293 5.69
14.311043 5.69
14.346686 5.69
14.362686 5.69
14.388060 5.69
14.404044 5.69
14.429169 6.01
14.445044 5.69
14.470294 5.69
14.481169 6.01
14.516699 5.69
14.532684 5.69
14.558061 5.69
14.574045 5.69
14.599045 5.69
14.615045 5.69
14.640170 5.69
14.656046 5.69
14.681295 5.69
14.692170 5.69
14.727576 5.69
14.743547 5.69
14.769063 5.69
14.785065 5.69
14.810297 5.69
14.821172 5.69
14.856689 5.69
14.872690 5.69
14.898065 5.69
14.914063 5.69
14.939047 6.01
14.955172 5.69
14.980173 5.69
14.996173 5.69
15.023066 5.69
15.033938 5.69
15.064298 5.69
15.075048 5.69
15.110692 5.69
15.126689 5.69
15.152065 5.69
15.168049 5.69
15.193174 5.69
15.209049 5.69
15.234300 5.69
15.245175 5.69
15.280551 5.69
15.296552 5.69
15.322067 5.69
15.338068 5.69
15.365052 5.69
15.375831 5.69
15.406176 5.69
15.422176 5.69
15.449052 5.69
15.459820 5.69
15.490176 5.69
15.506051 5.69
15.533053 5.69
15.543820 5.69
15.574177 5.69
15.585052 5.69
15.617054 5.69
15.627820 5.69
15.658178 5.69
15.669053 5.69
15.701054 5.69
15.711819 5.69
15.742177 5.69
15.753053 5.69
15.785055 5.69
15.795819 5.69
15.826179 5.69
15.837054 5.69
15.869055 5.69
15.879821 5.69
15.910179 5.69
15.921054 5.69
15.956430 5.69
15.967305 5.69
15.997833 5.69
16.008708 5.69
16.039180 5.69
16.049948 5.69
16.085431 5.69
16.096306 5.69
16.126832 5.69
16.137556 5.69
16.168057 5.69
16.178823 5.69
16.209182 5.69
16.220057 5.69
16.255432 5.69
16.266182 5.69
16.296951 5.69
16.312949 5.69
16.337950 5.69
16.350432 5.69
16.379183 5.69
16.389948 5.69
16.425433 5.69
16.436308 5.69
16.466826 5.69
16.477712 5.69
16.508183 5.69
16.518952 5.69
16.554434 5.69
16.565309 5.69
16.595825 5.69
16.606714 5.69
16.637184 5.69
16.647951 5.69
16.683435 5.69
16.694310 5.69
16.724840 5.69
16.735713 5.69
16.766060 5.69
16.776827 5.69
16.807061 5.69
16.817826 5.69
16.848186 5.69
16.858951 5.69
16.894436 5.69
16.905311 5.69
16.935829 5.69
16.946717 5.69
16.977063 5.69
16.987828 5.69
17.018187 5.69
17.028952 5.69
17.064445 5.69
17.075188 5.69
17.105832 5.69
17.116718 5.69
17.147188 5.69
17.157953 5.69
17.193446 5.69
17.204189 5.69
17.234843 5.69
17.245718 5.69
17.276189 5.69
17.286956 5.69
17.322447 5.69
17.346719 5.69
17.357446 5.69
17.387957 5.69
17.403832 5.69
17.429065 5.69
17.439832 5.69
17.470066 5.69
17.480833 5.69
17.511066 5.69
17.521832 5.69
17.552191 5.69
17.563067 5.69
17.598449 5.69
17.609317 5.69
17.639835 5.69
17.650720 5.69
17.681067 5.69
17.697067 5.69
17.722192 5.69
17.732960 5.69
17.768448 5.69
17.779193 5.69
17.809846 5.69
17.820596 5.69
17.851193 5.35
17.861960 5.35
17.897446 5.69
17.913446 5.69
17.938962 5.69
17.954961 5.69
17.980069 5.69
17.996069 5.69
18.021194 5.69
18.031961 5.69
18.067447 5.69
18.083448 5.69
18.108962 5.69
18.124960 5.69
18.150086 5.69
18.160960 5.69
18.191196 5.35
18.202071 5.35
18.237449 5.69
18.253451 5.35
18.278947 5.35
18.294964 5.35
18.320071 5.35
18.336072 5.35
18.361196 4.34
18.372072 4.34
18.407451 4.34
18.431964 4.34
18.461452 4.34
18.477451 4.34
18.502965 4.34
18.518965 4.34
18.544074 4.34
18.554966 4.34
18.585199 4.34
18.596074 4.34
18.626857 4.34
18.643084 4.34
18.673727 4.34
18.684722 4.34
18.720462 4.34
18.736615 4.34
18.761977 4.34
18.778077 4.34
18.808457 4.34
18.824456 4.34
18.849967 4.34
18.865966 4.34
18.891201 4.34
18.902076 4.34
18.937455 4.34
18.953456 4.34
18.978971 4.34
18.995076 4.34
19.020077 4.34
19.030969 4.34
19.061077 4.34
19.071990 4.34
19.102739 4.34
19.113634 4.34
19.149627 4.34
19.160624 4.34
19.191207 4.34
19.202081 4.34
19.232738 4.34
19.243614 4.34
19.274080 4.34
19.284970 4.34
19.320456 4.34
19.336456 4.34
19.361731 4.34
19.372455 4.34
19.403080 4.34
19.413971 4.34
19.444205 4.34
19.454969 4.34
19.485609 4.34
19.496458 4.34
19.526972 4.34
19.543095 4.34
