0.000000 0.000000
0.041996 4.34
0.052968 4.34
0.083639 4.34
0.096217 3.01
0.130648 2.66
0.143206 2.66
0.172343 2.66
0.183328 2.66
0.214075 2.66
0.230488 2.66
0.255573 2.66
0.266607 2.66
0.296960 2.66
0.307837 2.66
0.338472 2.66
0.349319 2.66
0.379957 2.66
0.390833 2.66
0.426318 2.66
0.442471 2.66
0.467835 2.66
0.483834 2.66
0.508959 2.66
0.519833 2.66
0.555319 2.66
0.571472 2.66
0.596595 2.66
0.607319 2.66
0.637960 2.66
0.648833 2.66
0.680724 2.34
0.691474 2.66
0.722070 2.66
0.732961 2.66
0.763490 2.66
0.774487 2.66
0.810607 2.66
0.823206 2.66
0.857529 2.66
0.868744 2.66
0.904601 2.66
0.917208 2.66
0.951536 2.66
0.962777 3.67
0.998647 4.34
1.014979 4.34
1.045500 4.34
1.056501 4.34
1.092328 4.02
1.108617 4.34
1.136576 4.34
1.147326 4.34
1.177968 4.34
1.188843 4.34
1.219482 4.34
1.230325 4.34
1.260967 4.34
1.271843 4.34
1.307325 4.34
1.323200 4.34
1.348606 4.34
1.361076 4.34
1.391703 4.34
1.402452 4.34
1.438527 4.34
1.449747 4.34
1.481770 4.34
1.492741 4.34
1.523211 4.34
1.539513 4.34
1.564851 4.34
1.575852 4.34
1.606596 4.34
1.622847 4.34
1.653331 4.34
1.664330 4.34
1.694970 4.68
1.705844 4.68
1.741204 4.68
1.753729 4.68
1.782328 4.34
1.793204 4.68
1.823604 4.68
1.839484 4.68
1.864967 4.68
1.875845 4.68
1.907605 4.68
1.918329 4.34
1.954527 4.68
1.965511 4.68
2.001336 5.00
2.012336 5.00
2.042975 5.00
2.053851 5.00
2.084491 5.00
2.095333 4.68
2.125973 5.00
2.136851 5.00
2.167081 5.00
2.177848 5.00
2.213207 5.00
2.225598 5.00
2.254332 5.00
2.265207 5.00
2.295583 5.00
2.308083 5.00
2.336976 5.00
2.347726 5.00
2.378084 5.00
2.388959 5.00
2.419083 5.00
2.429959 5.00
2.460084 5.00
2.470960 4.68
2.501084 5.00
2.511959 5.00
2.542085 5.00
2.552960 5.00
2.583085 5.00
2.593960 5.00
2.624085 5.00
2.634961 5.00
2.665086 4.68
2.675961 5.00
2.706086 5.00
2.716961 5.00
2.747086 5.00
2.757961 5.00
2.788086 5.00
2.798962 4.68
2.829087 5.00
2.839962 5.00
2.870087 5.00
2.880962 5.00
2.911088 5.00
2.921963 5.00
2.952088 5.00
2.962963 5.00
2.993088 5.00
3.003963 5.00
3.034088 5.00
3.044963 5.00
3.075089 5.00
3.085964 5.00
3.116089 5.00
3.126964 5.00
3.157089 5.00
3.167965 5.00
3.198090 4.68
3.208965 4.68
3.239090 4.68
3.249965 5.00
3.280090 5.00
3.290966 4.68
3.321090 5.00
3.331966 4.68
3.362091 4.68
3.372966 5.00
3.403091 4.68
3.413966 5.00
3.444092 4.68
3.454967 5.00
3.485092 4.68
3.495967 5.00
3.526092 4.68
3.536967 5.00
3.567092 5.00
3.577968 5.00
3.608093 5.00
3.618967 4.68
3.649093 5.00
3.659968 5.00
3.690093 5.00
3.700968 5.00
3.731219 5.00
3.747094 5.00
3.772470 5.00
3.783344 5.00
3.813988 5.00
3.824736 5.00
3.855219 5.00
3.871220 5.00
3.896345 5.00
3.907220 4.68
3.937749 5.00
3.948596 4.68
3.984221 5.00
4.000220 5.00
4.025473 5.00
4.036346 5.00
4.066990 5.00
4.077738 5.00
4.108222 4.68
4.124222 4.68
4.149473 5.00
4.160347 5.00
4.190753 5.00
4.201597 5.00
4.237348 5.00
4.248097 5.00
4.278750 5.00
4.289474 5.00
4.325348 4.68
4.336223 5.00
4.366753 4.68
4.377615 5.00
4.413223 5.00
4.429225 5.00
4.457476 5.00
4.468349 5.00
4.500602 5.00
4.511476 5.00
4.543602 5.00
4.554477 5.00
4.586602 4.68
4.597477 5.00
4.629602 4.68
4.640477 5.00
4.672478 5.00
4.683351 5.00
4.719226 5.00
4.735102 4.68
4.760478 5.00
4.772992 5.00
4.803479 4.68
4.814352 5.00
4.844756 5.00
4.855619 5.00
4.891353 5.00
4.902228 5.00
4.932758 5.00
4.943631 5.00
4.979353 5.00
4.990103 4.68
5.020758 5.00
5.031480 5.00
5.062105 5.00
5.074480 5.00
5.103229 5.00
5.114104 5.00
5.144481 5.00
5.160631 5.00
5.185759 5.00
5.196632 5.00
5.226980 5.00
5.237748 5.00
5.268106 5.00
5.280482 4.68
5.309231 5.00
5.320106 5.00
5.350483 5.00
5.366636 5.00
5.397231 5.00
5.407981 5.00
5.438483 5.00
5.454636 5.00
5.485232 5.00
5.495982 5.00
5.526502 5.00
5.542635 5.00
5.573233 5.00
5.583982 5.00
5.614485 5.00
5.630485 5.00
5.661234 5.00
5.671983 4.68
5.702359 4.68
5.713109 5.00
5.743762 5.00
5.754636 5.00
5.785109 5.00
5.801110 5.00
5.826234 5.00
5.837110 4.68
5.867486 4.68
5.883639 5.00
5.914236 4.68
5.924985 5.00
5.955487 5.00
5.971641 4.68
6.002236 5.00
6.012986 5.00
6.043488 5.00
6.059641 5.00
6.084766 5.00
6.095640 5.00
6.126112 4.68
6.142237 5.00
6.167238 5.00
6.178113 4.68
6.208489 5.00
6.224642 5.00
6.255238 5.00
6.266113 5.00
6.296489 5.00
6.312490 5.00
6.343239 5.00
6.354114 5.00
6.384491 5.00
6.400641 5.00
6.431239 4.68
6.442114 5.00
6.472364 5.00
6.483115 5.00
6.513767 5.00
6.524644 5.00
6.555115 5.00
6.571116 5.00
6.596241 5.00
6.607116 5.00
6.637492 5.00
6.653646 5.00
6.684241 5.00
6.694992 4.68
6.725492 5.00
6.741646 5.00
6.766771 4.68
6.777647 5.00
6.807992 4.68
6.818760 5.00
6.849117 4.68
6.865243 4.68
6.890243 4.68
6.900993 5.00
6.931495 5.00
6.947649 5.00
6.978243 4.68
6.989119 5.00
7.019495 5.00
7.035496 4.68
7.066244 5.00
7.076994 4.68
7.107496 5.00
7.123647 5.00
7.154245 5.00
7.165120 5.00
7.195497 5.00
7.211649 5.00
7.236772 5.00
7.247497 5.00
7.277996 5.00
7.290501 5.00
7.319121 5.00
7.335246 5.00
7.360246 5.00
7.371121 5.00
7.401498 5.00
7.417653 5.00
7.448247 5.00
7.459122 5.00
7.489499 5.00
7.505529 5.00
7.536247 5.00
7.546998 5.00
7.577529 5.00
7.593653 4.68
7.624249 5.00
7.634998 5.00
7.665517 5.00
7.681651 4.68
7.708393 5.00
7.719124 5.00
7.751393 5.00
7.762125 5.00
7.794379 5.00
7.805125 5.00
7.835654 5.00
7.846501 5.00
7.882250 5.00
7.893125 5.00
7.923502 5.00
7.934376 5.00
7.966381 5.00
7.977126 5.00
8.013018 5.00
8.029019 5.00
8.054252 5.00
8.065001 5.00
8.095504 5.00
8.106377 5.00
8.142020 5.00
8.158017 5.00
8.183253 5.00
8.194128 5.00
8.224504 4.68
8.235378 5.00
8.271021 5.00
8.287021 5.00
8.312254 5.00
8.323129 5.00
8.353506 4.68
8.364379 5.00
8.400021 5.00
8.416021 4.68
8.441255 4.68
8.452004 5.00
8.482507 4.68
8.493380 4.68
8.529256 4.68
8.540130 4.68
8.570507 5.00
8.581381 4.68
8.617256 5.00
8.628131 4.68
8.658508 4.68
8.669381 4.68
8.705024 5.00
8.721022 5.00
8.746257 5.00
8.757008 5.00
8.787509 5.00
8.798383 5.00
8.834024 5.00
8.850024 5.00
8.875258 5.00
8.886133 5.00
8.916510 5.00
8.927384 5.00
8.963028 5.00
8.979025 5.00
9.004259 5.00
9.015134 5.00
9.045511 5.00
9.056384 5.00
9.092027 5.00
9.108027 5.00
9.133260 5.00
9.144135 5.00
9.174385 4.68
9.190385 5.00
9.221026 4.68
9.237025 5.00
9.262261 4.68
9.273136 5.00
9.303513 5.00
9.314387 5.00
9.350030 5.00
9.366027 4.68
9.391262 5.00
9.402012 4.68
9.432513 5.00
9.443387 5.00
9.479028 4.68
9.495030 5.00
9.520263 5.00
9.531138 5.00
9.561514 5.00
9.572388 5.00
9.608031 5.00
9.624031 4.68
9.649264 5.00
9.660139 4.68
9.690515 4.68
9.701389 5.00
9.733394 4.68
9.744140 5.00
9.780032 4.68
9.796031 5.00
9.821265 5.00
9.832015 5.00
9.862516 5.00
9.873390 5.00
9.909034 5.00
9.925031 5.00
9.950266 4.68
9.961141 5.00
9.991517 5.00
10.002391 4.68
10.038034 5.00
10.054032 4.68
10.079267 4.68
10.091784 5.00
10.120519 5.00
10.131393 5.00
10.162036 5.00
10.178035 5.00
10.203268 5.00
10.215785 5.00
10.244518 4.68
10.255393 5.00
10.291037 4.68
10.307035 5.00
10.332269 5.00
10.344662 5.00
10.373520 5.00
10.384395 5.00
10.420037 5.00
10.436035 5.00
10.461270 5.00
10.473660 4.68
10.510912 5.00
10.523289 5.00
10.552021 5.00
10.568146 5.00
10.593146 5.00
10.603912 5.00
10.634271 5.00
10.646662 5.00
10.675522 5.00
10.686271 5.00
10.716800 5.00
10.732914 5.00
10.758147 5.00
10.768914 5.00
10.799147 5.00
10.809913 5.00
10.840273 5.00
10.856148 5.00
10.881554 5.00
10.892398 5.00
10.922916 5.00
10.935306 4.68
10.964149 5.00
10.974917 5.00
11.005274 5.00
11.021274 4.68
11.046525 5.00
11.057275 5.00
11.087792 5.00
11.103917 5.00
11.129151 5.00
11.139918 5.00
11.170276 5.00
11.186276 5.00
11.211401 4.68
11.222276 5.00
11.258043 5.00
11.268793 5.00
11.299152 5.00
11.309918 5.00
11.340277 5.00
11.356277 4.68
11.381527 5.00
11.392277 5.00
11.422795 5.00
11.438793 5.00
11.464153 5.00
11.474919 5.00
11.505278 5.00
11.521153 4.68
11.551921 5.00
11.567922 5.00
11.593154 5.00
11.603919 4.68
11.634279 5.00
11.650279 5.00
11.675529 5.00
11.686279 5.00
11.716798 5.00
11.732797 5.00
11.758155 5.00
11.768922 5.00
11.799280 5.00
11.815155 5.00
11.845923 5.00
11.862048 5.00
11.887156 5.00
11.897923 5.00
11.928281 5.00
11.944282 5.00
11.969532 5.00
11.980282 5.00
12.010800 5.00
12.021559 4.68
12.052032 5.00
12.062799 5.00
12.093032 4.68
12.103799 5.00
12.134158 5.00
12.144925 5.00
12.175283 4.68
12.191283 5.00
12.216562 5.00
12.227417 5.00
12.257801 5.00
12.273926 5.00
12.299034 5.00
12.309926 5.00
12.340285 4.68
12.356285 5.00
12.381564 5.00
12.392414 4.68
12.423053 5.00
12.433928 5.00
12.464285 5.00
12.480161 5.00
12.507317 5.00
12.518161 5.00
12.554161 5.00
12.565036 5.00
12.595286 5.00
12.611287 5.00
12.636564 5.00
12.647416 4.68
12.677930 4.68
12.693929 5.00
12.719162 5.00
12.731691 5.00
12.760288 5.00
12.776288 5.00
12.803313 5.00
12.814163 5.00
12.849930 5.00
12.865929 5.00
12.891164 5.00
12.901930 5.00
12.932289 5.00
12.948289 5.00
12.981930 5.00
12.997932 5.00
13.023040 5.00
13.033931 5.00
13.064165 5.00
13.076694 5.00
13.105290 5.00
13.121291 5.00
13.148188 5.00
13.159040 5.00
13.189291 4.68
13.205291 5.00
13.232176 5.00
13.243041 4.68
13.273292 5.00
13.289292 5.00
13.316177 5.00
13.327042 5.00
13.357292 5.00
13.373292 5.00
13.403695 5.00
13.416173 5.00
13.445043 4.68
13.455935 5.00
13.486043 5.00
13.496935 4.68
13.527169 5.00
13.539571 4.68
13.568294 4.68
13.579044 4.68
13.614698 4.68
13.627173 4.68
13.656044 4.68
13.666935 4.68
13.697045 4.68
13.707936 5.00
13.738045 4.68
13.748936 5.00
13.779170 5.00
13.795046 4.68
13.820296 4.68
13.831170 5.00
13.866698 5.00
13.882700 5.00
13.908046 4.68
13.918938 5.00
13.949047 4.68
13.959937 4.68
13.990047 5.00
14.000922 5.00
14.031048 4.68
14.041941 5.00
14.072048 5.00
14.082939 5.00
14.113048 5.00
14.123939 5.00
14.154048 5.00
14.164941 5.00
14.195048 5.00
14.205941 5.00
14.236049 5.00
14.246942 5.00
14.277049 5.00
14.287924 5.00
14.318174 5.00
14.334175 5.00
14.359300 5.00
14.370050 5.00
14.405704 5.00
14.421704 5.00
14.447051 4.68
14.457941 5.00
14.488176 5.00
14.504176 5.00
14.529301 5.00
14.540051 5.00
14.575703 5.00
14.586428 5.00
14.617052 5.00
14.627945 4.68
14.658052 5.00
14.668927 5.00
14.699052 5.00
14.709928 5.00
14.740053 5.00
14.750945 5.00
14.781053 5.00
14.791928 4.68
14.822053 5.00
14.832945 5.00
14.863054 5.00
14.873945 5.00
14.904054 5.00
14.914947 5.00
14.945179 5.00
14.961054 5.00
14.986305 5.00
14.997054 5.00
15.032945 5.00
15.043695 5.00
15.074180 5.00
15.090181 5.00
15.115305 5.00
15.126181 5.00
15.161949 5.00
15.172699 5.00
15.203056 5.00
15.213950 5.00
15.244057 5.00
15.254949 5.00
15.285057 5.00
15.295932 5.00
15.326057 5.00
15.336932 5.00
15.367058 5.00
15.377933 5.00
15.408058 5.00
15.418950 5.00
15.449058 4.68
15.459933 5.00
15.490058 5.00
15.500949 5.00
15.531059 5.00
15.541950 5.00
15.572059 5.00
15.582935 5.00
15.613059 5.00
15.623935 5.00
15.654060 4.68
15.664934 5.00
15.695060 5.00
15.707589 5.00
15.736186 5.00
15.752060 5.00
15.777311 5.00
15.788186 5.00
15.818713 5.00
15.831196 4.68
15.860061 5.00
15.870953 4.68
15.901062 5.00
15.913589 5.00
15.942062 5.00
15.954439 4.68
15.983187 5.00
15.999063 5.00
16.024312 5.00
16.035188 5.00
16.065590 4.68
16.076313 5.00
16.106955 5.00
16.117707 5.00
16.148188 5.00
16.164064 5.00
16.189314 4.68
16.200189 5.00
16.230718 5.00
16.246705 4.68
16.272065 4.68
16.284441 5.00
16.313065 5.00
16.329065 5.00
16.354065 4.68
16.366442 4.68
16.395065 5.00
16.407441 4.68
16.436191 5.00
16.452066 5.00
16.477316 4.68
16.488191 4.68
16.518834 5.00
16.529833 4.68
16.560191 5.00
16.571067 5.00
16.601317 5.00
16.612067 4.68
16.642721 4.68
16.658708 5.00
16.684068 5.00
16.699943 5.00
16.725193 5.00
16.741193 5.00
16.766318 5.00
16.777193 5.00
16.807720 5.00
16.823596 5.00
16.848959 5.00
16.859710 5.00
16.890194 5.00
16.906069 4.68
16.931320 5.00
16.942069 4.68
16.972724 5.00
16.988711 5.00
17.014070 5.00
17.029946 5.00
17.055071 5.00
17.071071 5.00
17.096071 5.00
17.112071 4.68
17.137070 5.00
17.153071 5.00
17.178071 5.00
17.194072 5.00
17.219072 5.00
17.235072 5.00
17.260072 5.00
17.276072 5.00
17.301072 5.00
17.317072 5.00
17.342073 5.00
17.358073 5.00
17.383073 5.00
17.399073 5.00
17.424074 5.00
17.440073 5.00
17.465073 5.00
17.481074 5.00
17.506199 5.00
17.516967 5.00
17.547324 5.00
17.558199 5.00
17.588726 5.00
17.604604 5.00
17.630075 4.68
17.646075 4.68
17.671075 4.68
17.686950 4.68
17.712076 5.00
17.728076 5.00
17.753076 4.68
17.768951 4.68
17.794076 4.68
17.809951 5.00
17.835202 5.00
17.845951 4.68
17.881594 5.00
17.897594 5.00
17.922967 5.00
17.933717 5.00
17.963952 5.00
17.974720 5.00
18.004952 5.00
18.015718 5.00
18.046078 5.00
18.061953 5.00
18.087078 5.00
18.102954 5.00
18.128204 5.00
18.138954 5.00
18.171080 5.00
18.181973 5.00
18.212079 5.00
18.227955 5.00
18.253079 5.00
18.268955 5.00
18.294080 5.00
18.309955 5.00
18.335080 5.00
18.350955 4.68
18.376080 5.00
18.391955 5.00
18.417081 5.00
18.432956 5.00
18.458081 5.00
18.473956 5.00
18.499081 5.00
18.514957 5.00
18.540082 5.00
18.555957 5.00
18.581082 5.00
18.596958 5.00
18.622082 5.00
18.637958 5.00
18.663083 5.00
18.678958 5.00
18.704083 5.00
18.719958 5.00
18.745083 5.00
18.760958 5.00
18.786084 5.00
18.801959 5.00
18.827084 4.68
18.842959 5.00
18.868084 5.00
18.883960 5.00
18.909085 4.68
18.919960 5.00
18.950085 4.68
18.960960 5.00
18.991085 5.00
19.001961 5.00
19.032085 5.00
19.042961 5.00
19.073086 5.00
19.083962 4.68
19.114086 5.00
19.124961 5.00
19.155086 4.68
19.165962 5.00
19.196087 5.00
19.206962 5.00
19.237087 5.00
19.247962 5.00
19.278088 5.00
19.288963 5.00
19.319213 4.68
19.329963 5.00
19.361965 5.00
19.372731 5.00
19.402963 5.00
19.415339 5.00
19.444089 5.00
19.454964 5.00
19.490466 5.00
19.506493 5.00
19.531982 5.00
19.547980 4.68
19.573090 5.00
19.583965 4.68
19.614090 4.68
19.624858 5.00
19.655091 5.00
19.665855 5.00
19.696091 5.00
19.706859 5.00
19.737091 5.00
19.747856 5.00
19.778091 5.00
19.788966 5.00
19.819091 5.00
19.829967 5.00
19.860092 5.00
19.870967 5.00
19.901092 5.00
19.911968 5.00
19.942093 5.00
19.952968 5.00
19.983093 5.00
19.993968 5.00
20.024218 5.00
20.034968 5.00
20.070593 5.00
20.086470 5.00
20.111986 5.00
20.127988 5.00
20.153094 5.00
20.168969 5.00
20.194219 5.00
20.204969 5.00
20.240611 5.00
20.256471 5.00
20.282095 5.00
20.298095 5.00
20.323220 5.00
20.333971 5.00
20.369614 5.00
20.385472 5.00
20.410971 5.00
20.426971 5.00
20.452096 5.00
20.467972 4.68
20.493222 4.68
20.503972 5.00
20.539615 5.00
20.555615 5.00
20.580988 5.00
20.596973 5.00
20.621973 5.00
20.637973 5.00
20.662973 4.68
20.678973 5.00
20.704098 5.00
20.719974 5.00
20.746975 5.00
20.757741 5.00
20.788099 5.00
20.804099 5.00
20.829224 5.00
20.839973 5.00
20.875617 5.00
20.891615 5.00
20.916992 5.00
20.932993 5.00
20.958100 5.00
20.973976 5.00
20.999226 5.00
21.009976 5.00
21.045619 5.00
21.061617 5.00
21.086976 5.00
21.102993 5.00
21.128102 5.00
21.144102 5.00
21.170978 5.00
21.181745 5.00
21.212102 5.00
21.222977 5.00
21.254979 4.68
21.265745 5.00
21.296103 4.68
21.306978 5.00
21.338979 5.00
21.349745 5.00
21.379978 5.00
21.395995 5.00
21.420979 5.00
21.436995 5.00
21.461979 4.68
21.477994 5.00
21.502994 4.68
21.518997 4.68
21.544105 5.00
21.554980 5.00
21.587010 5.00
21.597872 5.00
21.633355 5.00
21.645887 5.00
21.674874 5.00
21.690873 5.00
21.716106 5.00
21.726998 5.00
21.758875 5.00
21.769622 5.00
21.799997 5.00
21.815997 5.00
21.846356 5.00
21.857107 5.00
21.887762 5.00
21.898483 5.00
21.929108 5.00
21.939983 5.00
21.975358 4.68
21.986108 4.68
22.016762 5.00
22.027627 5.00
22.058109 5.00
22.068984 4.68
22.104359 5.00
22.115109 5.00
22.145763 5.00
22.156636 4.68
22.187109 5.00
22.197985 5.00
22.233360 4.68
22.244235 5.00
22.274764 5.00
22.285639 4.68
22.315985 5.00
22.326753 4.68
22.356986 4.68
22.367751 5.00
22.398111 5.00
22.408986 5.00
22.444361 5.00
22.455237 4.68
22.485766 5.00
22.496629 5.00
22.527112 5.00
22.537987 5.00
22.573363 5.00
22.584238 5.00
22.614767 5.00
22.625640 5.00
22.656113 5.00
22.666988 5.00
22.702363 5.00
22.713114 4.68
22.743768 5.00
22.754642 5.00
22.784989 4.68
22.795757 4.68
22.826114 5.00
22.837007 5.00
22.867114 5.00
22.877864 5.00
22.908114 5.00
22.918864 5.00
22.949114 4.68
22.959864 5.00
22.990114 5.00
23.000865 4.68
23.031115 4.68
23.041865 4.68
23.072115 5.00
23.082866 5.00
23.113115 4.68
23.123865 5.00
23.154116 5.00
23.164866 5.00
23.195116 5.00
23.205866 5.00
23.236116 4.68
23.246866 4.68
23.277116 5.00
23.287867 5.00
23.318117 5.00
23.328867 5.00
23.359117 5.00
23.369868 5.00
23.400118 5.00
23.410868 5.00
23.441118 5.00
23.451868 5.00
23.482118 5.00
23.492868 4.68
23.523119 5.00
23.533868 4.68
23.564119 5.00
23.574869 5.00
23.605119 5.00
23.615869 5.00
23.646119 4.68
23.656870 5.00
23.687120 4.68
23.697870 4.68
23.728120 5.00
23.738871 5.00
23.769120 4.68
23.779870 5.00
23.810120 5.00
23.820871 5.00
23.852873 5.00
23.863622 4.68
23.893871 5.00
23.909746 5.00
23.934872 5.00
23.950747 5.00
23.975872 5.00
23.991747 4.68
24.016872 5.00
24.032747 5.00
24.057872 5.00
24.073748 5.00
24.098873 4.68
24.114748 4.68
24.139873 5.00
24.155748 5.00
24.180874 5.00
24.196749 4.68
24.221874 4.68
24.237749 5.00
24.262874 4.68
24.278749 4.68
24.303875 5.00
24.319750 5.00
24.344875 5.00
24.360750 5.00
24.385875 5.00
24.401750 4.68
24.426875 5.00
24.442751 4.68
24.467876 5.00
24.483751 5.00
24.508876 5.00
24.524751 5.00
24.549877 5.00
24.565751 5.00
24.590877 5.00
24.606752 5.00
24.631877 5.00
24.647752 5.00
24.672878 5.00
24.688753 5.00
24.713878 5.00
24.729753 5.00
24.754878 5.00
24.770753 5.00
24.795878 5.00
24.811754 5.00
24.836879 5.00
24.852754 4.68
24.877879 4.68
24.893754 5.00
24.918879 4.68
24.934754 5.00
24.959879 5.00
24.975755 5.00
25.000880 5.00
25.016755 5.00
25.041880 5.00
25.057756 5.00
25.082880 5.00
25.098756 5.00
25.123881 5.00
25.139756 5.00
25.164881 4.68
25.180756 5.00
25.205882 4.68
25.216631 5.00
25.246882 5.00
25.257632 5.00
25.287882 5.00
25.298632 5.00
25.328882 5.00
25.339633 5.00
25.369901 5.00
25.380652 4.68
25.411009 5.00
25.421777 4.68
25.452009 5.00
25.462776 4.68
25.493135 4.68
25.504027 5.00
25.539385 5.00
25.555385 5.00
25.580654 5.00
25.591512 5.00
25.622028 4.68
25.632779 5.00
25.663136 5.00
25.674011 5.00
25.709386 5.00
25.725262 5.00
25.750790 4.68
25.766666 5.00
25.792137 5.00
25.803012 5.00
25.838262 4.68
25.849013 5.00
25.879514 5.00
25.890388 5.00
25.920792 5.00
25.936790 5.00
25.962013 5.00
25.972779 5.00
26.003014 5.00
26.013781 4.68
26.044014 5.00
26.054780 5.00
26.085139 5.00
26.096014 5.00
26.131389 5.00
26.147390 5.00
26.172793 5.00
26.188670 5.00
26.215767 5.00
26.226517 5.00
26.257035 5.00
26.267783 5.00
26.303391 5.00
26.319266 5.00
26.344796 5.00
26.360796 5.00
26.387768 5.00
26.398672 5.00
26.429032 5.00
26.439784 5.00
26.475392 5.00
26.491392 5.00
26.516910 5.00
26.533036 5.00
26.558034 5.00
26.568786 5.00
26.604394 5.00
26.620268 5.00
26.645798 5.00
26.661796 5.00
26.688769 5.00
26.699671 5.00
26.730037 5.00
26.740785 5.00
26.776395 5.00
26.792395 5.00
26.817797 4.68
26.833672 5.00
26.860801 5.00
26.871672 5.00
26.907395 5.00
26.923271 5.00
26.948799 5.00
26.964673 5.00
26.995271 4.68
27.007801 5.00
27.039677 5.00
27.052271 5.00
27.080914 5.00
27.091665 5.00
27.123804 5.00
27.134523 5.00
27.170397 5.00
27.186273 5.00
27.211916 4.68
27.222663 5.00
27.258398 5.00
27.282915 5.00
27.293677 5.00
27.329399 5.00
27.345399 5.00
27.370804 5.00
27.386676 5.00
27.417399 5.00
27.433400 5.00
27.458805 5.00
27.474679 5.00
27.505275 5.00
27.521275 5.00
27.546526 5.00
27.557275 5.00
27.587794 5.00
27.603794 5.00
27.628919 5.00
27.639667 5.00
27.675402 5.00
27.691276 5.00
27.716803 5.00
27.732679 5.00
27.763277 5.00
27.779277 5.00
27.804528 5.00
27.815278 5.00
27.845793 5.00
27.856528 5.00
27.892403 5.00
27.903278 5.00
27.933805 4.68
27.944682 5.00
27.980278 4.68
27.996279 4.68
28.021529 5.00
28.032280 5.00
28.062797 5.00
28.073683 4.68
28.109412 5.00
28.120155 5.00
28.150818 5.00
28.161683 5.00
28.197280 5.00
28.213413 5.00
28.238531 5.00
28.249280 5.00
28.279797 5.00
28.290683 5.00
28.326415 4.68
28.337157 5.00
28.367812 5.00
28.378684 5.00
28.414282 5.00
28.430414 5.00
28.455533 5.00
28.466282 5.00
28.496801 5.00
28.507685 5.00
28.543416 5.00
28.554158 5.00
28.584810 5.00
28.595563 5.00
28.631158 5.00
28.642034 4.68
28.672284 5.00
28.688284 5.00
28.713564 5.00
28.724412 5.00
28.755051 5.00
28.765927 5.00
28.796285 5.00
28.812416 5.00
28.837414 4.68
28.848285 5.00
28.878929 5.00
28.889687 5.00
28.925415 5.00
28.936286 5.00
28.966927 5.00
28.977690 5.00
29.013415 5.00
29.024287 5.00
29.054930 5.00
29.065692 5.00
29.101287 5.00
29.117417 5.00
29.142567 5.00
29.153417 5.00
29.183930 5.00
29.194690 5.00
29.230164 4.68
29.242697 5.00
29.271289 5.00
29.287418 5.00
29.312568 5.00
29.325164 5.00
29.355680 5.00
29.366569 5.00
29.397040 5.00
29.407930 5.00
29.443290 5.00
29.459422 5.00
29.484569 4.68
29.497165 5.00
29.527696 5.00
29.538569 5.00
29.570694 4.68
29.581420 5.00
29.613695 5.00
29.624571 5.00
29.656698 5.00
29.667420 4.68
29.703292 5.00
29.719420 5.00
29.744571 5.00
29.760696 5.00
29.787697 5.00
29.798571 5.00
29.830699 5.00
29.841572 5.00
29.877168 5.00
29.889698 5.00
29.918294 5.00
29.934293 5.00
29.959573 5.00
29.975573 5.00
30.002698 5.00
30.013573 5.00
30.049170 5.00
30.065170 5.00
30.090295 5.00
30.106170 5.00
30.131575 5.00
30.147575 5.00
30.178295 5.00
30.194295 5.00
30.219576 5.00
30.235698 5.00
30.266296 5.00
30.282171 5.00
30.307422 5.00
30.318297 5.00
30.348939 5.00
30.359699 5.00
30.395297 5.00
30.411423 5.00
30.436575 5.00
30.452576 5.00
30.483298 5.00
30.499298 5.00
30.524424 5.00
30.535298 5.00
30.565939 5.00
30.576691 5.00
30.607174 5.00
30.623174 5.00
30.648299 5.00
30.659049 5.00
30.689577 5.00
30.705577 5.00
30.736175 5.00
30.752175 5.00
30.777301 5.00
30.788050 5.00
30.818703 5.00
30.829433 5.00
30.865301 5.00
30.876176 4.68
30.906579 5.00
30.922703 5.00
30.953176 5.00
30.969301 5.00
30.994301 5.00
31.005052 5.00
31.035428 5.00
31.046302 5.00
31.076943 5.00
31.087695 5.00
31.118178 5.00
31.134178 5.00
31.159303 5.00
31.170178 5.00
31.200582 5.00
31.216709 5.00
31.247179 5.00
31.263179 5.00
31.288304 5.00
31.299053 5.00
31.329708 5.00
31.340583 5.00
31.376180 5.00
31.392305 4.68
31.417467 5.00
31.428305 5.00
31.458949 5.00
31.469698 5.00
31.500181 4.68
31.516306 5.00
31.541455 5.00
31.552306 5.00
31.582948 4.68
31.593824 4.68
31.624182 5.00
31.640307 4.68
31.665307 5.00
31.676182 5.00
31.706710 5.00
31.717452 5.00
31.753308 5.00
31.764182 5.00
31.794712 5.00
31.805586 5.00
31.841308 5.00
31.852058 4.68
31.882713 5.00
31.893586 5.00
31.929310 5.00
31.940059 4.68
31.970588 4.68
31.986712 4.68
32.017310 5.00
32.028185 5.00
32.058590 5.00
32.074715 5.00
32.105310 5.00
32.116061 5.00
32.146591 5.00
32.162716 5.00
32.193311 5.00
32.204186 5.00
32.234716 5.00
32.245438 5.00
32.281187 5.00
32.297187 5.00
32.322312 5.00
32.333187 5.00
32.363714 5.00
32.374439 5.00
32.410187 5.00
32.426312 5.00
32.451313 5.00
32.462188 5.00
32.492717 5.00
32.503593 5.00
32.539189 5.00
32.555314 5.00
32.580314 5.00
32.591064 4.68
32.621594 4.68
32.637719 5.00
32.668314 4.68
32.679190 4.68
32.709721 5.00
32.720441 4.68
32.756190 5.00
32.772315 5.00
32.797316 5.00
32.808066 5.00
32.838593 5.00
32.854593 5.00
32.885192 4.68
32.901191 5.00
32.926317 5.00
32.937191 5.00
32.967721 5.00
32.978596 5.00
33.014317 5.00
33.025068 5.00
33.055598 5.00
33.071721 5.00
33.102318 5.00
33.113068 5.00
33.143723 5.00
33.154598 5.00
33.190318 5.00
33.201069 5.00
33.231596 5.00
33.247596 4.68
33.274446 5.00
33.285319 4.68
33.315711 5.00
33.326587 5.00
33.362195 5.00
33.378195 5.00
33.403320 4.68
33.414195 5.00
33.444838 5.00
33.455724 4.68
33.486071 5.00
33.502071 4.68
33.527071 5.00
33.543197 5.00
33.568196 5.00
33.584197 5.00
33.609322 5.00
33.620071 5.00
33.650599 5.00
33.661322 5.00
33.697198 4.68
33.708073 5.00
33.738323 5.00
33.749073 5.00
33.779726 5.00
33.790449 5.00
33.821073 5.00
33.837199 4.68
33.862199 4.68
33.872949 5.00
33.903324 5.00
33.914074 5.00
33.944601 5.00
33.955324 5.00
33.991200 5.00
34.001950 5.00
34.032325 5.00
34.043075 5.00
34.073604 5.00
34.084451 5.00
34.115076 5.00
34.131201 5.00
34.156200 5.00
34.167076 4.68
34.197452 4.68
34.213607 4.68
34.244202 5.00
34.255077 5.00
34.285453 4.68
34.301607 5.00
34.332202 5.00
34.343077 4.68
34.373328 4.68
34.384078 5.00
34.414605 4.68
34.425328 5.00
34.461204 5.00
34.471953 5.00
34.502329 5.00
34.513079 5.00
34.543455 5.00
34.559607 5.00
34.590204 5.00
34.601079 5.00
34.631330 5.00
34.642080 5.00
34.672609 5.00
34.683456 5.00
34.713972 5.00
34.724721 5.00
34.755080 4.68
34.771081 5.00
34.796081 5.00
34.812206 5.00
34.837082 5.00
34.853081 5.00
34.878082 5.00
34.894206 5.00
34.919082 5.00
34.935082 5.00
34.960082 5.00
34.976083 5.00
35.001082 5.00
35.017208 5.00
35.042083 5.00
35.058208 5.00
35.083083 4.68
35.099208 5.00
35.124083 4.68
35.140209 5.00
35.165208 5.00
35.175959 5.00
35.206461 5.00
35.222460 5.00
35.253210 5.00
35.263960 5.00
35.294461 4.68
35.310585 5.00
35.341210 5.00
35.351960 5.00
35.382335 4.68
35.394961 5.00
35.423586 5.00
35.434336 5.00
35.470086 5.00
35.486211 5.00
35.511086 5.00
35.527211 5.00
35.552087 5.00
35.568212 5.00
35.593087 5.00
35.609212 5.00
35.634087 5.00
35.650212 5.00
35.675088 5.00
35.691213 5.00
35.716088 5.00
35.732088 5.00
35.757088 5.00
35.773213 4.68
35.798088 5.00
35.814214 5.00
35.839089 5.00
35.855214 5.00
35.880089 5.00
35.896090 5.00
35.921090 5.00
35.937215 5.00
35.962089 5.00
35.978215 5.00
36.003090 5.00
36.019215 5.00
36.044091 5.00
36.060216 4.68
36.085091 5.00
36.101216 5.00
36.126091 5.00
36.142091 5.00
36.167091 5.00
36.183216 5.00
36.208092 4.68
36.224217 5.00
36.249092 5.00
36.259967 5.00
36.290092 5.00
36.300968 5.00
36.331092 5.00
36.341968 5.00
36.372093 4.68
36.382968 4.68
36.413093 5.00
36.423968 5.00
36.454094 5.00
36.464969 5.00
36.495094 5.00
36.505861 5.00
36.536094 5.00
36.546970 5.00
36.577220 5.00
36.587970 5.00
36.618345 5.00
36.634345 5.00
36.668220 4.68
36.678970 5.00
36.709472 5.00
36.720345 5.00
36.756221 5.00
36.766971 5.00
36.797473 5.00
36.808346 4.68
36.844222 5.00
36.854971 5.00
36.885473 5.00
36.896347 4.68
36.932222 5.00
36.942972 5.00
36.973474 5.00
36.984347 5.00
37.020223 5.00
37.030972 4.68
37.061475 5.00
37.072348 5.00
37.108223 5.00
37.118973 5.00
37.154628 5.00
37.165475 5.00
37.195974 4.68
37.211991 5.00
37.237100 4.68
37.247975 5.00
37.278225 5.00
37.289100 4.68
37.319476 5.00
37.330350 5.00
37.366225 5.00
37.376975 5.00
37.407477 5.00
37.418351 5.00
37.448617 5.00
37.459351 5.00
37.489994 4.68
37.506102 4.68
37.531102 5.00
37.541977 5.00
37.572227 5.00
37.583102 5.00
37.613478 5.00
37.624352 5.00
37.660228 5.00
37.670977 5.00
37.701479 5.00
37.712353 5.00
37.748228 5.00
37.758978 5.00
37.789480 5.00
37.800354 5.00
37.836229 5.00
37.846979 5.00
37.877480 5.00
37.888354 4.68
37.923998 5.00
37.939995 4.68
37.965230 5.00
37.976105 5.00
38.006481 4.68
38.017355 5.00
38.052998 5.00
38.068998 4.68
38.094231 5.00
38.105106 5.00
38.135482 5.00
38.146356 5.00
38.181997 5.00
38.198000 5.00
38.223232 4.68
38.235750 5.00
38.267636 5.00
38.278357 4.68
38.309000 5.00
38.325001 5.00
38.350232 5.00
38.362749 5.00
38.391484 5.00
38.402358 5.00
38.438002 5.00
38.453999 5.00
38.479234 5.00
38.490109 5.00
38.520485 5.00
38.531359 4.68
38.567000 4.68
38.583002 5.00
38.608235 4.68
38.620625 5.00
38.652501 4.68
38.663360 5.00
38.699002 5.00
38.715001 5.00
38.740236 5.00
38.752628 5.00
38.781487 5.00
38.792361 5.00
38.822767 5.00
38.833517 5.00
38.863987 5.00
38.880112 5.00
38.905112 5.00
38.915987 5.00
38.946237 5.00
38.962237 5.00
38.987363 4.68
39.003489 5.00
39.034005 5.00
39.050005 4.68
39.075239 5.00
39.091238 5.00
39.116491 5.00
39.127364 5.00
39.157768 5.00
39.173881 5.00
39.199115 5.00
39.209990 5.00
39.240240 5.00
39.256240 4.68
39.281240 5.00
39.297115 5.00
39.322492 5.00
39.333365 5.00
39.363768 4.68
39.374492 4.68
39.405117 4.68
39.415991 5.00
39.446242 5.00
39.462241 5.00
39.487495 4.68
39.498367 5.00
39.533884 5.00
39.549882 5.00
39.575118 5.00
39.585992 5.00
39.616243 5.00
39.632243 5.00
39.665885 5.00
39.681885 5.00
39.707118 4.68
39.717993 5.00
39.748244 4.68
39.764244 5.00
39.789496 5.00
39.800369 4.68
39.830773 5.00
39.846887 5.00
39.872120 4.68
39.882995 5.00
39.913245 5.00
39.929245 5.00
39.954496 5.00
39.965371 5.00
40.001012 5.00
40.011763 5.00
40.042121 5.00
40.052996 5.00
40.083246 5.00
40.099246 5.00
40.124498 4.68
40.135372 5.00
40.170889 5.00
40.186890 5.00
40.212122 4.68
40.222997 5.00
40.253247 5.00
40.269248 5.00
40.297499 4.68
40.308373 5.00
40.344015 5.00
40.354771 5.00
40.385124 4.68
40.395999 4.68
40.426249 5.00
40.442249 4.68
40.467500 5.00
40.478375 5.00
40.508779 5.00
40.519501 5.00
40.550125 5.00
40.561000 5.00
40.591250 5.00
40.607250 5.00
40.632376 5.00
40.643126 5.00
40.679019 5.00
40.689768 5.00
40.720001 5.00
40.730768 5.00
40.761126 5.00
40.772002 5.00
40.802252 5.00
40.818252 5.00
40.845262 5.00
40.856127 5.00
40.888262 5.00
40.899003 5.00
40.929504 5.00
40.940378 5.00
40.970781 5.00
40.981504 4.68
41.012003 5.00
41.022770 5.00
41.053004 4.68
41.063771 5.00
41.094129 5.00
41.106656 5.00
41.137264 5.00
41.148004 5.00
41.178380 5.00
41.189130 5.00
41.219785 5.00
41.235897 5.00
41.261130 5.00
41.273659 5.00
41.302255 5.00
41.318256 5.00
41.345266 5.00
41.356131 5.00
41.388266 5.00
41.399131 5.00
41.431142 5.00
41.442024 5.00
41.472257 5.00
41.488132 5.00
41.515161 5.00
41.526024 5.00
41.556382 4.68
41.567258 4.68
41.597785 5.00
41.610142 5.00
41.639133 5.00
41.651509 5.00
41.680258 5.00
41.691009 5.00
41.723143 4.68
41.734025 5.00
41.764259 5.00
41.780259 5.00
41.810664 5.00
41.823164 4.68
41.852135 5.00
41.864538 4.68
41.893260 5.00
41.904010 5.00
41.934385 5.00
41.945260 5.00
41.975790 5.00
41.991665 5.00
42.017136 5.00
42.029512 5.00
42.058261 5.00
42.069011 5.00
42.101146 5.00
42.112027 5.00
42.142262 5.00
42.153137 5.00
42.188665 5.00
42.201147 5.00
42.230138 5.00
42.246013 5.00
42.271263 5.00
42.282138 5.00
42.312388 5.00
42.323138 5.00
42.353790 5.00
42.369906 5.00
42.395139 5.00
42.411139 5.00
42.436264 5.00
42.447014 5.00
42.482657 5.00
42.498655 5.00
42.524032 4.68
42.534782 5.00
42.565265 5.00
42.576015 5.00
42.606390 5.00
42.617141 4.68
42.647792 5.00
42.663670 5.00
42.689141 5.00
42.705141 5.00
42.730267 4.68
42.741141 5.00
42.776672 5.00
42.792659 4.68
42.818035 4.68
42.828785 4.68
42.859267 5.00
42.870143 5.00
42.900393 5.00
42.911143 5.00
42.941671 4.68
42.957658 4.68
42.983035 5.00
42.993786 5.00
43.024144 5.00
43.040019 5.00
43.065269 5.00
43.076019 5.00
43.111662 5.00
43.127663 5.00
43.153037 4.68
43.163787 5.00
43.194270 5.00
43.205020 5.00
43.240675 5.00
43.256661 4.68
43.282035 5.00
43.292790 5.00
43.323271 5.00
43.334146 4.68
43.369662 5.00
43.380396 5.00
43.411022 5.00
43.421914 5.00
43.452147 5.00
43.468022 5.00
43.493272 5.00
43.504147 5.00
43.539676 4.68
43.555665 5.00
43.580913 4.68
43.591666 5.00
43.622148 5.00
43.638024 5.00
43.663273 5.00
43.674149 5.00
43.709679 5.00
43.720399 5.00
43.750915 5.00
43.761666 5.00
43.792150 5.00
43.808025 4.68
43.833275 5.00
43.844025 5.00
43.879679 5.00
43.895679 5.00
43.920916 5.00
43.931668 5.00
43.961917 5.00
43.972668 5.00
44.003152 5.00
44.019151 5.00
44.044276 4.68
44.055152 4.68
44.085682 5.00
44.101681 4.68
44.126917 5.00
44.137669 5.00
44.168027 5.00
44.180528 5.00
44.209153 5.00
44.225153 5.00
44.250278 5.00
44.261153 5.00
44.291681 5.00
44.307681 5.00
44.332921 5.00
44.343670 5.00
44.374154 5.00
44.390154 5.00
44.415280 5.00
44.426155 5.00
44.456684 5.00
44.472683 5.00
44.497923 5.00
44.508682 5.00
44.539031 5.00
44.551411 5.00
44.580156 5.00
44.596156 5.00
44.621281 5.00
44.632031 5.00
44.662686 5.00
44.678686 4.68
44.703925 5.00
44.714686 5.00
44.745156 5.00
44.761157 5.00
44.786282 5.00
44.797032 5.00
44.827687 5.00
44.843687 5.00
44.868925 5.00
44.879688 5.00
44.910033 5.00
44.925925 5.00
44.951033 5.00
44.967033 5.00
44.992159 4.68
45.008159 5.00
45.033284 5.00
45.044034 5.00
45.079689 5.00
45.095689 5.00
45.121035 5.00
45.137035 5.00
45.162160 5.00
45.178160 5.00
45.203285 5.00
45.214160 5.00
45.249689 5.00
45.265688 5.00
45.291036 5.00
45.307036 5.00
45.332161 5.00
45.348161 5.00
45.373287 5.00
45.384161 5.00
45.414690 5.00
45.430691 5.00
45.456037 5.00
45.471930 5.00
45.497163 5.00
45.513163 5.00
45.538288 5.00
45.549163 5.00
45.579690 5.00
45.595692 5.00
45.620931 5.00
45.631681 5.00
45.662164 5.00
45.678164 5.00
45.703289 5.00
45.714164 5.00
45.744693 5.00
45.760695 4.68
45.786040 5.00
45.802040 5.00
45.827040 4.68
45.842932 5.00
45.868040 5.00
45.884166 5.00
45.909166 5.00
45.925166 4.68
45.950291 5.00
45.961166 5.00
45.991693 4.68
46.007694 4.68
46.033042 5.00
46.049042 5.00
46.074167 5.00
46.090042 5.00
46.115292 5.00
46.126167 5.00
46.156696 5.00
46.172698 5.00
46.197933 5.00
46.208695 5.00
46.239043 5.00
46.255043 5.00
46.280169 5.00
46.296169 5.00
46.323045 5.00
46.333935 5.00
46.364169 5.00
46.380170 5.00
46.405294 4.68
46.416170 4.68
46.451697 5.00
46.467697 5.00
46.493045 5.00
46.509045 5.00
46.534045 5.00
46.549936 5.00
46.575171 4.68
46.591046 5.00
46.618047 5.00
46.628939 5.00
46.659172 4.68
46.675172 5.00
46.702047 5.00
46.712937 5.00
46.743172 4.68
46.753922 4.68
46.786048 5.00
46.796938 5.00
46.827173 5.00
46.838063 5.00
46.873433 4.68
46.886079 5.00
46.914940 4.68
46.927433 4.68
46.956049 5.00
46.971940 5.00
46.997174 5.00
47.007924 5.00
47.043426 5.00
47.056051 5.00
47.084942 5.00
47.097300 5.00
47.126050 5.00
47.141925 4.68
47.167176 4.68
47.177926 4.68
47.213427 5.00
47.225927 4.68
47.254703 5.00
47.265581 4.68
47.295941 5.00
47.308301 4.68
47.337177 5.00
47.347927 5.00
47.383431 4.68
47.399582 5.00
47.424942 5.00
47.440943 4.68
47.465928 5.00
47.481945 5.00
47.506928 4.68
47.519303 4.68
47.547928 5.00
47.560303 5.00
47.588943 5.00
47.604946 4.68
47.630179 5.00
47.640929 5.00
47.676583 5.00
47.688949 5.00
47.717948 5.00
47.733946 5.00
47.759055 5.00
47.774929 5.00
47.800055 5.00
47.810930 5.00
47.841056 5.00
47.851931 5.00
47.882056 5.00
47.892931 4.68
47.923181 5.00
47.934056 5.00
47.969433 5.00
47.985437 5.00
48.010712 5.00
48.021585 5.00
48.052057 5.00
48.068057 5.00
48.093058 4.68
48.103948 4.68
48.134183 5.00
48.145058 5.00
48.180435 5.00
48.196434 5.00
48.221948 5.00
48.237948 5.00
48.263059 5.00
48.278933 5.00
48.304059 5.00
48.314934 5.00
48.345059 5.00
48.355935 5.00
48.386060 5.00
48.396935 5.00
48.427061 5.00
48.437951 5.00
48.468060 5.00
48.478935 5.00
48.509060 5.00
48.519936 5.00
48.550061 5.00
48.560936 5.00
48.591061 5.00
48.601937 5.00
48.632061 5.00
48.642936 5.00
48.673062 5.00
48.683937 5.00
48.714187 5.00
48.724937 5.00
48.760438 5.00
48.776442 5.00
48.801714 5.00
48.812591 5.00
48.843063 5.00
48.859063 5.00
48.884063 5.00
48.894938 5.00
48.925064 5.00
48.935938 5.00
48.966064 5.00
48.976939 5.00
49.007064 5.00
49.017939 5.00
49.048065 5.00
49.058940 5.00
49.089065 5.00
49.099940 5.00
49.130065 5.00
49.140941 5.00
49.171066 5.00
49.181941 5.00
49.212066 5.00
49.222941 5.00
49.253066 5.00
49.263941 5.00
49.294066 5.00
49.304942 5.00
49.335067 5.00
49.345942 5.00
49.376067 5.00
49.386942 5.00
49.418944 5.00
49.429834 5.00
49.459943 5.00
49.475960 5.00
49.501067 5.00
49.511959 5.00
49.542069 5.00
49.552943 5.00
49.583068 5.00
49.593944 5.00
49.624194 5.00
49.634944 5.00
49.670445 5.00
49.686449 5.00
49.711598 4.68
49.727446 5.00
49.753070 5.00
49.763962 5.00
49.794071 5.00
49.804945 5.00
49.835070 5.00
49.845946 5.00
49.876071 4.68
49.886946 5.00
49.917071 4.68
49.927946 5.00
49.958071 5.00
49.968947 5.00
49.999072 5.00
50.009947 5.00
50.040072 5.00
50.050948 5.00
50.081072 5.00
50.091948 5.00
50.122073 5.00
50.132948 5.00
50.163198 5.00
50.173948 5.00
50.209449 5.00
50.225453 5.00
50.250966 5.00
50.266966 5.00
50.291949 5.00
50.302720 5.00
50.332949 5.00
50.343718 5.00
50.373950 5.00
50.384715 5.00
50.415075 5.00
50.425950 4.68
50.456075 5.00
50.466950 4.68
50.502326 5.00
50.513076 5.00
50.543604 5.00
50.554452 5.00
50.585076 5.00
50.595952 5.00
50.631327 5.00
50.642076 5.00
50.672605 5.00
50.683327 4.68
50.713969 5.00
50.729969 4.68
50.755078 5.00
50.765953 5.00
50.796078 4.68
50.806953 5.00
50.842328 4.68
50.853203 5.00
50.883734 5.00
50.894608 5.00
50.924954 5.00
50.935722 5.00
50.965954 5.00
50.976721 4.68
51.006955 5.00
51.017721 5.00
51.047955 5.00
51.058723 5.00
51.088955 4.68
51.099721 5.00
51.129956 5.00
51.140721 5.00
51.170956 4.68
51.181723 5.00
51.211957 5.00
51.222725 5.00
51.252957 5.00
51.263723 4.68
51.293957 5.00
51.304724 5.00
51.334957 5.00
51.345725 5.00
51.375957 5.00
51.386726 5.00
51.416958 5.00
51.427726 5.00
51.457958 5.00
51.468728 5.00
51.498959 5.00
51.509851 5.00
51.539959 5.00
51.550724 5.00
51.580959 5.00
51.591724 5.00
51.621959 5.00
51.632727 5.00
51.662959 5.00
51.673727 5.00
51.703960 5.00
51.714728 5.00
51.744960 5.00
51.755729 5.00
51.786085 5.00
51.796978 5.00
51.828837 5.00
51.839739 5.00
51.869961 5.00
51.880729 5.00
51.910961 5.00
51.921727 5.00
51.951962 5.00
51.962727 5.00
51.992962 5.00
52.003728 5.00
52.033962 5.00
52.044728 5.00
52.074963 5.00
52.085730 5.00
52.115963 5.00
52.126732 5.00
52.156964 5.00
52.167732 5.00
52.197964 5.00
52.208730 5.00
52.238964 5.00
52.249729 5.00
52.279964 5.00
52.290730 5.00
52.320965 5.00
52.331732 5.00
52.361965 5.00
52.372730 4.68
52.402965 5.00
52.413733 5.00
52.443966 5.00
52.454733 5.00
52.484966 5.00
52.495735 5.00
52.527843 5.00
52.538591 4.68
52.568985 5.00
52.579733 5.00
52.615217 5.00
52.625967 5.00
52.656469 5.00
52.667342 4.68
52.697983 5.00
52.708732 5.00
52.738968 5.00
52.750722 5.00
52.779968 5.00
52.790735 5.00
52.821093 5.00
52.831969 5.00
52.863720 5.00
52.874470 5.00
52.905094 5.00
52.915969 5.00
52.951220 5.00
52.961969 5.00
52.992471 5.00
53.003344 5.00
53.033987 5.00
53.044738 5.00
53.075095 5.00
53.085970 5.00
53.121346 5.00
53.137345 5.00
53.162750 5.00
53.178751 5.00
53.203971 5.00
53.214738 5.00
53.245097 5.00
53.255971 5.00
53.291347 5.00
53.307222 5.00
53.332749 5.00
53.348614 5.00
53.374098 5.00
53.384973 5.00
53.420348 5.00
53.436223 5.00
53.461750 5.00
53.477751 5.00
53.502991 5.00
53.513740 5.00
53.544099 5.00
53.554974 5.00
53.590349 5.00
53.606224 5.00
53.631752 5.00
53.647629 5.00
53.672975 5.00
53.683741 5.00
53.714100 5.00
53.724975 5.00
53.760350 5.00
53.776350 5.00
53.801619 5.00
53.812351 5.00
53.843101 5.00
53.853991 5.00
53.889352 5.00
53.905227 5.00
53.930753 5.00
53.946754 5.00
53.972102 5.00
53.982978 5.00
54.018353 5.00
54.034227 5.00
54.059757 5.00
54.075620 5.00
54.101103 5.00
54.111978 5.00
54.147353 5.00
54.163229 5.00
54.188759 5.00
54.204758 5.00
54.230104 5.00
54.240979 5.00
54.276355 5.00
54.292230 5.00
54.317757 5.00
54.333748 5.00
54.358980 5.00
54.369748 5.00
54.401731 5.00
54.412481 5.00
54.442981 5.00
54.453748 5.00
54.484106 5.00
54.494982 5.00
54.530357 5.00
54.546357 5.00
54.571761 5.00
54.587761 5.00
54.614733 5.00
54.625483 5.00
54.655982 5.00
54.666747 5.00
54.698734 5.00
54.709483 5.00
54.741734 5.00
54.752484 5.00
54.784734 5.00
54.795484 5.00
54.826001 5.00
54.836877 5.00
54.868763 5.00
54.879516 5.00
54.911766 5.00
54.922626 5.00
54.954765 5.00
54.965516 5.00
54.997766 5.00
55.008628 5.00
55.040767 5.00
55.051639 5.00
55.083765 5.00
55.094637 5.00
55.126765 5.00
55.137515 5.00
55.169753 5.00
55.180642 5.00
55.211002 5.00
55.221877 5.00
55.257237 5.00
55.269738 5.00
55.298504 5.00
55.309362 5.00
55.339766 5.00
55.355766 5.00
55.382740 5.00
55.393642 5.00
55.424006 5.00
55.434879 5.00
55.465238 5.00
55.477740 5.00
55.506521 5.00
55.517364 5.00
55.548005 5.00
55.558882 5.00
55.594364 5.00
55.605240 5.00
55.635882 5.00
55.646883 5.00
55.682365 5.00
55.693365 5.00
55.723881 5.00
55.734884 5.00
55.770116 5.00
55.781008 4.68
55.811241 5.00
55.827116 5.00
55.852493 5.00
55.863241 5.00
55.893769 5.00
55.909769 5.00
55.940242 5.00
55.956243 5.00
55.984494 5.00
55.995367 5.00
56.026010 5.00
56.036758 5.00
56.067243 5.00
56.083118 5.00
56.108495 5.00
56.119368 4.68
56.155010 5.00
56.165759 5.00
56.196245 5.00
56.212369 5.00
56.237496 5.00
56.248370 5.00
56.278771 5.00
56.289648 5.00
56.325370 5.00
56.336120 5.00
56.366775 5.00
56.377651 5.00
56.413246 5.00
56.429246 5.00
56.454526 5.00
56.465371 5.00
56.496015 5.00
56.506887 5.00
56.537247 5.00
56.553372 5.00
56.578372 5.00
56.589122 5.00
56.619775 5.00
56.630499 5.00
56.666248 5.00
56.682373 5.00
56.707499 5.00
56.718373 5.00
56.748778 5.00
56.759653 5.00
56.795374 5.00
56.806124 5.00
56.836779 5.00
56.847654 5.00
56.883124 5.00
56.894017 5.00
56.924250 5.00
56.940250 5.00
56.965502 5.00
56.976375 5.00
57.006780 5.00
57.017502 5.00
57.053251 5.00
57.069251 5.00
57.097656 5.00
57.113768 5.00
57.139018 5.00
57.155018 5.00
57.180252 5.00
57.196127 5.00
57.221503 5.00
57.232376 5.00
57.262780 5.00
57.273656 5.00
57.309128 5.00
57.320003 5.00
57.350253 5.00
57.366128 5.00
57.391504 5.00
57.402379 5.00
57.434659 5.00
57.445533 5.00
57.481254 5.00
57.497379 5.00
57.522505 5.00
57.533379 5.00
57.563783 5.00
57.574659 5.00
57.610255 5.00
57.626255 5.00
57.651507 5.00
57.662380 5.00
57.692783 5.00
57.703507 5.00
57.739256 5.00
57.755381 5.00
57.783507 5.00
57.794381 5.00
57.824784 5.00
57.835508 5.00
57.871132 5.00
57.882007 5.00
57.912257 5.00
57.928258 5.00
57.953508 5.00
57.964383 5.00
57.994787 5.00
58.005663 5.00
58.041384 5.00
58.052133 5.00
58.082787 5.00
58.093663 5.00
58.129134 5.00
58.140026 5.00
58.170259 5.00
58.186134 5.00
58.211510 5.00
58.224135 5.00
58.252787 5.00
58.263662 5.00
58.299260 5.00
58.315385 5.00
58.343665 5.00
58.359776 5.00
58.386512 5.00
58.397386 5.00
58.427788 5.00
58.438512 5.00
58.474261 5.00
58.490262 5.00
58.518666 5.00
58.534666 5.00
58.561513 5.00
58.572387 5.00
58.602792 5.00
58.613666 5.00
58.649388 5.00
58.660138 5.00
58.690793 5.00
58.701666 5.00
58.737389 5.00
58.748263 5.00
58.778904 5.00
58.789657 5.00
58.825389 5.00
58.836264 5.00
58.866907 5.00
58.877908 5.00
58.908015 5.00
58.918781 5.00
58.949140 5.00
58.965265 5.00
58.990266 5.00
59.001016 5.00
59.031517 5.00
59.044016 5.00
59.072796 5.00
59.083517 5.00
59.114017 5.00
59.124783 5.00
59.155142 5.00
59.171267 5.00
59.196267 5.00
59.207017 5.00
59.237519 5.00
59.253669 5.00
59.278795 5.00
59.289520 5.00
59.320143 5.00
59.336268 5.00
59.361268 5.00
59.372143 5.00
59.402550 5.00
59.418550 5.00
59.449269 5.00
59.460019 5.00
59.490395 5.00
59.501143 5.00
59.531674 5.00
59.542538 5.00
59.573145 5.00
59.589270 5.00
59.614270 5.00
59.625021 5.00
59.655550 5.00
59.671540 5.00
59.702270 5.00
59.713146 5.00
59.743548 5.00
59.759675 5.00
59.790272 5.00
59.801022 5.00
59.831522 5.00
59.847523 5.00
59.872800 4.68
59.883676 5.00
59.914023 5.00
59.924788 5.00
59.955023 4.68
59.965792 5.00
59.996148 5.00
60.012023 5.00
60.037273 5.00
60.048024 5.00
60.078399 5.00
60.089149 5.00
60.119802 5.00
60.130678 5.00
60.161149 5.00
60.177150 5.00
60.202275 5.00
60.213024 5.00
60.243400 5.00
60.254275 5.00
60.284793 5.00
60.295526 5.00
60.326150 5.00
60.342026 5.00
60.367276 5.00
60.378151 5.00
60.408526 5.00
60.424527 5.00
60.449795 5.00
60.460527 5.00
60.491152 5.00
60.507152 5.00
60.532277 5.00
60.543028 5.00
60.573680 5.00
60.584403 5.00
60.620153 5.00
60.636028 5.00
60.661278 5.00
60.672028 5.00
60.702680 5.00
60.713529 5.00
60.749029 5.00
60.761534 5.00
60.790154 5.00
60.806154 5.00
60.831279 5.00
60.842030 5.00
60.872683 5.00
60.883530 5.00
60.919156 5.00
60.935156 5.00
60.960281 5.00
60.971156 5.00
61.001685 5.00
61.012531 5.00
61.048156 5.00
61.064156 5.00
61.089282 5.00
61.100032 5.00
61.130532 5.00
61.146559 5.00
61.173537 5.00
61.184415 5.00
61.216418 5.00
61.227283 5.00
61.259417 5.00
61.270158 5.00
61.306050 5.00
61.318418 4.68
61.347284 5.00
61.358159 5.00
61.388686 5.00
61.399561 5.00
61.435284 5.00
61.446159 5.00
61.476686 5.00
61.487415 5.00
61.523285 5.00
61.534035 5.00
61.564690 5.00
61.575413 5.00
61.611285 5.00
61.622036 5.00
61.652689 5.00
61.663414 5.00
61.694036 5.00
61.710162 5.00
61.735037 5.00
61.747442 5.00
61.776037 5.00
61.792162 5.00
61.817037 5.00
61.833162 5.00
61.858038 5.00
61.874162 5.00
61.899038 5.00
61.915163 5.00
61.940038 5.00
61.956163 5.00
61.981038 5.00
61.997163 5.00
62.022038 5.00
62.038164 5.00
62.063039 5.00
62.079164 5.00
62.104164 5.00
62.115039 5.00
62.145290 5.00
62.156165 5.00
62.186693 5.00
62.197421 5.00
62.228041 5.00
62.244165 5.00
62.269040 5.00
62.285166 5.00
62.310040 5.00
62.326166 4.68
62.351166 5.00
62.361934 5.00
62.392292 5.00
62.403041 5.00
62.433697 5.00
62.444420 5.00
62.475042 5.00
62.491167 5.00
62.516043 5.00
62.532168 5.00
62.557043 5.00
62.573168 5.00
62.598043 5.00
62.614168 5.00
62.639043 5.00
62.655169 5.00
62.680044 5.00
62.696169 5.00
62.721044 5.00
62.737170 5.00
62.762044 5.00
62.778169 4.68
62.803045 5.00
62.819169 5.00
62.844045 5.00
62.860170 5.00
62.885046 5.00
62.901170 5.00
62.926045 5.00
62.942171 5.00
62.967171 5.00
62.977937 5.00
63.008296 5.00
63.019171 5.00
63.049698 5.00
63.060424 5.00
63.091047 4.68
63.107172 5.00
63.132172 5.00
63.143047 5.00
63.173298 5.00
63.184173 5.00
63.214703 5.00
63.225576 5.00
63.256048 5.00
63.272173 5.00
63.297173 5.00
63.307939 5.00
63.338298 5.00
63.349049 5.00
63.379578 5.00
63.390425 5.00
63.426175 5.00
63.437049 5.00
63.467300 5.00
63.478175 5.00
63.508702 5.00
63.519431 5.00
63.550051 5.00
63.566175 5.00
63.591051 5.00
63.607176 5.00
63.632176 5.00
63.642926 5.00
63.673454 5.00
63.689582 5.00
63.723177 5.00
63.734052 5.00
63.764450 5.00
63.780580 5.00
63.814177 5.00
63.824945 5.00
63.855303 5.00
63.866178 5.00
63.898433 4.68
63.909303 5.00
63.945178 5.00
63.955945 5.00
63.986303 4.68
63.998945 4.68
64.029309 5.00
64.040179 5.00
64.070707 5.00
64.081581 5.00
64.112055 5.00
64.128180 5.00
64.153180 4.68
64.163930 5.00
64.194305 5.00
64.206698 5.00
64.235583 5.00
64.246306 5.00
64.276948 5.00
64.289311 5.00
64.318181 5.00
64.329056 5.00
64.359306 5.00
64.371699 5.00
64.402311 5.00
64.413182 5.00
64.443587 5.00
64.454434 5.00
64.484948 5.00
64.500950 5.00
64.526183 5.00
64.537058 5.00
64.567308 5.00
64.579700 5.00
64.613949 5.00
64.626313 5.00
64.655183 5.00
64.665934 5.00
64.696309 5.00
64.708702 5.00
64.737586 5.00
64.748310 5.00
64.779060 5.00
64.789952 5.00
64.820060 5.00
64.830935 5.00
64.861060 5.00
64.871936 5.00
64.902186 5.00
64.913061 5.00
64.943311 5.00
64.959311 5.00
64.984590 5.00
64.995438 5.00
65.025953 5.00
65.041953 5.00
65.067062 5.00
65.077952 5.00
65.108063 5.00
65.118938 5.00
65.149062 5.00
65.159938 5.00
65.190062 5.00
65.200939 5.00
65.231064 5.00
65.241938 5.00
65.272063 5.00
65.282938 5.00
65.313064 5.00
65.323939 5.00
65.354064 5.00
65.364939 5.00
65.395189 5.00
65.406064 5.00
65.436315 5.00
65.452315 5.00
65.477595 5.00
65.488442 5.00
65.519065 5.00
65.529957 5.00
65.560066 5.00
65.570941 5.00
65.601066 5.00
65.611941 5.00
65.642066 5.00
65.652941 5.00
65.683067 5.00
65.693942 5.00
65.724192 5.00
65.735067 5.00
65.765317 5.00
65.781317 5.00
65.806597 5.00
65.817445 5.00
65.848068 5.00
65.858961 5.00
65.889068 5.00
65.899943 5.00
65.930069 5.00
65.940944 5.00
65.971069 5.00
65.981944 5.00
66.012069 5.00
66.022944 5.00
66.053194 5.00
66.064069 5.00
66.094320 5.00
66.110319 5.00
66.135599 5.00
66.146447 4.68
66.177071 5.00
66.187960 5.00
66.218071 5.00
66.228946 5.00
66.259071 5.00
66.269946 5.00
66.300071 5.00
66.310946 5.00
66.341072 5.00
66.351947 5.00
66.382197 5.00
66.393072 5.00
66.423322 5.00
66.439322 5.00
66.469965 5.00
66.485964 5.00
66.511198 5.00
66.522073 5.00
66.552323 5.00
66.568324 5.00
66.598966 5.00
66.614964 5.00
66.640074 5.00
66.650965 5.00
66.681074 5.00
66.691949 5.00
66.722074 5.00
66.732949 5.00
66.763075 5.00
66.773950 5.00
66.804075 5.00
66.814950 5.00
66.845200 5.00
66.857716 5.00
66.886326 5.00
66.902326 5.00
66.929206 5.00
66.940077 5.00
66.970452 5.00
66.981327 5.00
67.011967 5.00
67.027970 5.00
67.053077 5.00
67.063953 5.00
67.094202 5.00
67.106607 5.00
67.135328 5.00
67.151328 5.00
67.176455 5.00
67.187328 5.00
67.217969 5.00
67.233968 5.00
67.259079 5.00
67.269954 5.00
67.300079 5.00
67.310954 5.00
67.341079 5.00
67.351955 5.00
67.382080 5.00
67.392955 5.00
67.423080 5.00
67.433955 5.00
67.464080 5.00
67.474955 5.00
67.505080 5.00
67.515972 5.00
67.546081 5.00
67.556956 5.00
67.587207 5.00
67.603206 5.00
67.628332 5.00
67.639207 5.00
67.674723 5.00
67.685476 5.00
67.715957 5.00
67.726849 5.00
67.756958 5.00
67.767849 5.00
67.797958 4.68
67.808725 5.00
67.838958 5.00
67.849725 4.68
67.879959 5.00
67.890724 5.00
67.920959 5.00
67.931727 5.00
67.961959 5.00
67.972727 4.68
68.002959 5.00
68.013727 5.00
68.043960 5.00
68.054725 5.00
68.084960 5.00
68.095728 5.00
68.125961 5.00
68.136727 5.00
68.166979 4.68
68.177728 5.00
68.208086 5.00
68.218961 5.00
68.249086 5.00
68.259962 5.00
68.290086 5.00
68.300962 5.00
68.331086 5.00
68.341962 5.00
68.372087 5.00
68.382962 5.00
68.413087 5.00
68.423962 5.00
68.454088 5.00
68.464963 5.00
68.495088 5.00
68.505963 5.00
68.536088 5.00
68.546964 5.00
68.577089 5.00
68.587964 5.00
68.618089 5.00
68.628965 5.00
68.659089 5.00
68.669964 5.00
68.700089 5.00
68.710965 5.00
68.741214 5.00
68.757090 5.00
68.782340 5.00
68.793216 5.00
68.828981 5.00
68.839731 5.00
68.870091 5.00
68.880966 5.00
68.911091 5.00
68.921966 5.00
68.952091 5.00
68.962967 5.00
68.993092 5.00
69.003967 5.00
69.034092 5.00
69.044967 5.00
69.075093 5.00
69.085968 5.00
69.116093 5.00
69.126968 5.00
69.157218 5.00
69.173093 5.00
69.198470 5.00
69.209343 5.00
69.239986 5.00
69.250735 5.00
69.280969 5.00
69.291735 5.00
69.321970 5.00
69.332738 5.00
69.362970 5.00
69.373737 5.00
69.404095 5.00
69.414970 5.00
69.445220 5.00
69.461095 5.00
69.486345 4.68
69.497096 5.00
69.527751 5.00
69.543738 5.00
69.568971 4.68
69.579738 5.00
69.610096 5.00
69.622626 5.00
69.651222 5.00
69.667097 5.00
69.692347 5.00
69.703222 5.00
69.733750 5.00
69.746107 5.00
69.774973 5.00
69.785741 5.00
69.816098 5.00
69.828474 5.00
69.857223 5.00
69.873098 5.00
69.900108 5.00
69.910990 5.00
69.941224 5.00
69.957099 5.00
69.984109 5.00
69.994989 5.00
70.025225 5.00
70.041099 5.00
70.068109 5.00
70.078993 4.68
70.109225 5.00
70.125101 5.00
70.155628 5.00
70.171618 5.00
70.196976 5.00
70.207744 5.00
70.237976 5.00
70.248742 5.00
70.279102 5.00
70.291477 5.00
70.320227 5.00
70.330978 5.00
70.361352 5.00
70.372103 5.00
70.402754 5.00
70.418619 5.00
70.443978 4.68
70.454746 5.00
70.485103 5.00
70.500979 5.00
70.526228 5.00
70.536979 4.68
70.567354 4.68
70.578229 5.00
70.608759 4.68
70.624623 5.00
70.649980 5.00
70.660748 5.00
70.691105 4.68
70.706980 4.68
70.732230 5.00
70.743105 4.68
70.778635 5.00
70.794623 5.00
70.819996 5.00
70.830872 5.00
70.861231 5.00
70.872106 5.00
70.907637 5.00
70.923622 5.00
70.949000 5.00
70.959749 4.68
70.990232 5.00
71.000982 5.00
71.036623 5.00
71.047357 5.00
71.077998 5.00
71.088751 5.00
71.119233 5.00
71.129983 5.00
71.165638 5.00
71.181624 5.00
71.207109 5.00
71.222984 5.00
71.248234 5.00
71.258983 5.00
71.294638 5.00
71.310628 5.00
71.336000 5.00
71.346750 5.00
71.377235 4.68
71.388110 5.00
71.418361 5.00
71.429110 4.68
71.459640 5.00
71.475629 5.00
71.501110 5.00
71.517111 5.00
71.542236 5.00
71.553111 5.00
71.588638 5.00
71.599362 5.00
71.630005 5.00
71.640755 4.68
71.671237 5.00
71.682112 5.00
71.712363 4.68
71.723238 5.00
71.753878 4.68
71.764630 5.00
71.795114 4.68
71.811114 5.00
71.836239 5.00
71.847114 5.00
71.882643 5.00
71.898632 5.00
71.924005 5.00
71.934757 5.00
71.965239 5.00
71.975990 5.00
72.006365 5.00
72.017115 5.00
72.047769 5.00
72.063882 5.00
72.089116 5.00
72.105116 5.00
72.130241 5.00
72.141116 5.00
72.176646 5.00
72.192633 5.00
72.218008 4.68
72.230493 5.00
72.261118 5.00
72.272009 5.00
72.302242 5.00
72.313117 5.00
72.348647 5.00
72.364635 5.00
72.389993 5.00
72.402494 5.00
72.431118 5.00
72.447118 5.00
72.472243 5.00
72.482993 5.00
72.514995 5.00
72.525760 5.00
72.556119 5.00
72.571994 5.00
72.597244 5.00
72.608119 5.00
72.643647 5.00
72.655996 5.00
72.685012 5.00
72.701120 5.00
72.725995 5.00
72.738370 5.00
72.766996 5.00
72.779370 5.00
72.808246 5.00
72.819121 5.00
72.854638 5.00
72.870637 5.00
72.896014 5.00
72.912014 5.00
72.937122 5.00
72.952997 5.00
72.978247 5.00
72.989122 5.00
73.024639 5.00
73.040641 4.68
73.066013 4.68
73.082015 5.00
73.107123 5.00
73.122998 5.00
73.148249 5.00
73.158999 5.00
73.194500 5.00
73.210500 5.00
73.236016 4.68
73.252018 5.00
73.277249 5.00
73.288000 5.00
73.323642 5.00
73.339640 5.00
73.365017 5.00
73.381018 5.00
73.406126 5.00
73.422001 5.00
73.447251 5.00
73.458001 5.00
73.493643 5.00
73.509657 5.00
73.535017 5.00
73.551019 5.00
73.576002 5.00
73.592002 5.00
73.617002 5.00
73.633002 5.00
73.658003 4.68
73.674128 5.00
73.699128 5.00
73.715003 4.68
73.740253 5.00
73.751003 5.00
73.786646 5.00
73.802645 5.00
73.828021 5.00
73.844022 5.00
73.869129 5.00
73.885004 5.00
73.910255 5.00
73.921005 5.00
73.956658 5.00
73.972648 5.00
73.998020 5.00
74.014022 4.68
74.039130 5.00
74.055005 5.00
74.080256 5.00
74.091130 5.00
74.126660 5.00
74.142507 5.00
74.168006 5.00
74.184006 5.00
74.209132 5.00
74.225007 5.00
74.250257 5.00
74.261007 5.00
74.296648 5.00
74.312512 5.00
74.338022 5.00
74.354025 5.00
74.379008 5.00
74.395134 5.00
74.420008 5.00
74.436008 5.00
74.461134 5.00
74.477134 5.00
74.502259 5.00
74.513009 5.00
74.548652 5.00
74.564652 5.00
74.590027 5.00
74.606028 5.00
74.631010 4.68
74.647010 5.00
74.672135 5.00
74.688010 5.00
74.715011 5.00
74.725778 5.00
74.756136 5.00
74.772011 5.00
74.799012 5.00
74.809777 5.00
74.840136 5.00
74.856137 4.68
74.883042 5.00
74.893905 5.00
74.926045 5.00
74.936905 4.68
74.969043 5.00
74.979906 5.00
75.012041 5.00
75.022906 5.00
75.055043 5.00
75.065906 5.00
75.098044 5.00
75.108905 5.00
75.141030 4.68
75.151906 5.00
75.182014 5.00
75.198014 5.00
75.223140 5.00
75.234015 5.00
75.269390 4.68
75.280265 5.00
75.310792 5.00
75.321669 4.68
75.352140 4.68
75.363015 4.68
75.394892 5.00
75.405794 4.68
75.436016 5.00
75.452141 4.68
75.477016 4.68
75.493016 5.00
75.519924 5.00
75.530909 4.68
75.561142 5.00
75.572017 5.00
75.607392 5.00
75.623392 5.00
75.648910 4.68
75.664910 4.68
75.690034 5.00
75.706035 5.00
75.731143 5.00
75.742018 5.00
75.777393 5.00
75.788144 5.00
75.818912 5.00
75.834910 5.00
75.865394 4.68
75.876269 5.00
75.906800 4.68
75.917678 4.68
75.948020 4.68
75.958785 5.00
75.989020 5.00
75.999788 5.00
76.030146 4.68
76.040914 5.00
76.076396 5.00
76.100799 5.00
76.111675 5.00
76.142021 5.00
76.152790 5.00
76.183147 5.00
76.193912 4.68
76.229397 5.00
76.240147 4.68
76.270801 5.00
76.281676 5.00
76.312148 5.00
76.322915 4.68
76.358398 5.00
76.369273 5.00
76.399914 5.00
76.415916 5.00
76.441149 5.00
76.451917 5.00
76.487399 5.00
76.498149 5.00
76.528803 5.00
76.539676 5.00
76.570150 5.00
76.580916 5.00
76.616400 5.00
76.627150 5.00
76.657793 5.00
76.668679 5.00
76.699151 5.00
76.709918 4.68
76.745401 5.00
76.756276 5.00
76.786806 5.00
76.797527 4.68
76.828152 5.00
76.838919 4.68
76.874402 5.00
76.898807 5.00
76.909682 5.00
76.940027 5.00
76.950795 5.00
76.981153 5.00
76.991920 5.00
77.027403 5.00
77.038153 5.00
77.068796 5.00
77.079684 5.00
77.110154 5.00
77.120922 5.00
77.156413 5.00
77.167154 5.00
77.197796 5.00
77.208530 5.00
77.239155 5.00
77.249921 5.00
77.285412 5.00
77.296155 5.00
77.326809 5.00
77.339280 5.00
77.368156 4.68
77.378924 4.68
77.414413 4.68
77.426925 5.00
77.455800 5.00
77.466685 5.00
77.497157 5.00
77.508032 5.00
77.543415 5.00
77.554157 5.00
77.584685 5.00
77.595415 5.00
77.626033 5.00
77.642033 5.00
77.667033 5.00
77.677802 5.00
77.708033 5.00
77.718799 5.00
77.749159 5.00
77.759925 5.00
77.795416 5.00
77.807937 5.00
77.836927 5.00
77.866412 5.00
77.882412 5.00
77.907926 5.00
77.923925 5.00
77.949035 5.00
77.959930 5.00
77.990036 5.00
78.000928 5.00
78.031036 5.00
78.041926 5.00
78.072161 5.00
78.083036 5.00
78.118414 4.68
78.134415 5.00
78.159927 5.00
78.175930 5.00
78.201037 5.00
78.211929 5.00
78.242038 5.00
78.252930 5.00
78.283163 5.00
78.293929 5.00
78.329417 5.00
78.345417 5.00
78.370931 5.00
78.386806 5.00
78.412039 5.00
78.422933 5.00
78.453039 5.00
78.463931 5.00
78.494165 5.00
78.504932 5.00
78.540420 5.00
78.564930 5.00
78.594421 5.00
78.610422 5.00
78.635695 5.00
78.646571 5.00
78.677041 5.00
78.687931 4.68
78.718166 5.00
78.729041 5.00
78.764422 5.00
78.788935 5.00
78.818421 4.68
78.834452 5.00
78.859934 5.00
78.875934 5.00
78.901042 4.68
78.911935 5.00
78.942167 5.00
78.953043 5.00
78.988420 5.00
79.004420 5.00
79.032698 5.00
79.043422 5.00
79.074044 5.00
79.084934 5.00
79.115045 5.00
79.125937 5.00
79.156170 4.68
79.166937 5.00
79.202424 5.00
79.213421 5.00
79.243937 4.68
79.259938 4.68
79.285046 5.00
79.295936 5.00
79.326046 5.00
79.336938 5.00
79.367171 5.00
79.377921 5.00
79.413425 5.00
79.429425 5.00
79.454939 5.00
79.470940 5.00
79.496047 5.00
79.506937 5.00
79.537047 5.00
79.547938 5.00
79.578047 4.68
79.588939 5.00
79.619048 5.00
79.629923 4.68
79.660174 5.00
79.670941 5.00
79.706436 5.00
79.717299 5.00
79.747943 5.00
79.763942 5.00
79.789050 5.00
79.799943 5.00
79.830175 5.00
79.841050 5.00
79.876426 5.00
79.892426 4.68
79.917943 4.68
79.933942 5.00
79.959051 5.00
79.969943 5.00
80.000051 5.00
80.010926 4.68
80.041051 5.00
80.051926 5.00
80.083803 5.00
80.094578 5.00
80.124944 5.00
80.135693 5.00
80.167803 5.00
80.178582 5.00
80.209052 5.00
80.219944 5.00
80.251804 5.00
80.262582 5.00
80.292943 5.00
80.303693 5.00
80.335805 5.00
80.346580 5.00
80.376946 5.00
80.387697 5.00
80.419805 5.00
80.430572 4.68
80.460929 5.00
80.471697 4.68
80.501930 4.68
80.512697 4.68
80.542930 5.00
80.553696 5.00
80.584055 5.00
80.594931 5.00
80.626807 5.00
80.637709 5.00
80.668056 4.68
80.678947 5.00
80.710808 5.00
80.721708 5.00
80.752057 5.00
80.762947 5.00
80.794808 4.68
80.805711 4.68
80.836057 5.00
80.846947 5.00
80.882182 5.00
80.893058 5.00
80.923308 5.00
80.935809 5.00
80.964587 5.00
80.975435 5.00
81.006058 5.00
81.016950 5.00
81.052184 5.00
81.063059 5.00
81.093309 5.00
81.105686 5.00
81.134713 5.00
81.150713 4.68
81.176060 4.68
81.186951 5.00
81.222185 5.00
81.233060 5.00
81.263310 5.00
81.275687 4.68
81.304713 5.00
81.320716 5.00
81.346061 5.00
81.356951 5.00
81.392311 5.00
81.408186 5.00
81.433717 5.00
81.449957 5.00
81.475062 5.00
81.485952 5.00
81.521312 5.00
81.537187 5.00
81.562591 4.68
81.573313 5.00
81.604063 4.68
81.614954 5.00
81.650189 5.00
81.661064 5.00
81.691314 4.68
81.707314 5.00
81.732593 5.00
81.743440 5.00
81.773956 5.00
81.784704 5.00
81.815065 5.00
81.825940 5.00
81.861315 5.00
81.877315 5.00
81.902594 4.68
81.913442 5.00
81.943958 5.00
81.954708 5.00
81.990191 5.00
82.001066 4.68
82.031316 4.68
82.047191 4.68
82.072594 5.00
82.083443 5.00
82.114067 5.00
82.124960 4.68
82.160192 5.00
82.170942 5.00
82.201318 5.00
82.217318 5.00
82.242722 5.00
82.258722 5.00
82.283958 5.00
82.294712 4.68
82.325069 5.00
82.335944 5.00
82.371194 4.68
82.381944 5.00
82.412319 5.00
82.428195 5.00
82.453598 5.00
82.464446 5.00
82.494961 5.00
82.505712 5.00
82.541320 5.00
82.557195 5.00
82.582601 5.00
82.593321 5.00
82.623964 5.00
82.634711 5.00
82.670447 5.00
82.681321 5.00
82.711964 5.00
82.722715 5.00
82.753072 5.00
82.763947 5.00
82.799197 5.00
82.811698 5.00
82.840450 5.00
82.851323 5.00
82.881726 5.00
82.897720 5.00
82.922964 5.00
82.933715 5.00
82.969199 5.00
82.981700 5.00
83.010324 5.00
83.026324 5.00
83.051604 5.00
83.064074 5.00
83.094701 5.00
83.105451 5.00
83.137701 5.00
83.148451 5.00
83.178967 5.00
83.189718 5.00
83.225325 5.00
83.241201 5.00
83.266603 5.00
83.279076 5.00
83.309703 5.00
83.320453 5.00
83.352703 5.00
83.363469 4.68
83.393967 5.00
83.404720 5.00
83.440203 5.00
83.452721 4.68
83.481454 5.00
83.492327 5.00
83.522971 5.00
83.533846 5.00
83.565734 5.00
83.576482 5.00
83.608733 5.00
83.619615 4.68
83.651733 5.00
83.662485 5.00
83.694723 5.00
83.705470 5.00
83.737723 4.68
83.748596 5.00
83.780706 4.68
83.791456 5.00
83.823582 5.00
83.834457 5.00
83.864973 5.00
83.875723 5.00
83.911206 5.00
83.923582 5.00
83.952331 4.68
83.968331 5.00
83.993608 5.00
84.009458 5.00
84.036583 4.68
84.047458 5.00
84.077974 5.00
84.088724 5.00
84.124208 5.00
84.140207 5.00
84.165333 5.00
84.181207 4.68
84.206583 5.00
84.219083 5.00
84.247976 5.00
84.258725 5.00
84.289084 5.00
84.299959 5.00
84.330084 5.00
84.340959 5.00
84.371084 5.00
84.381960 5.00
84.412084 5.00
84.422960 5.00
84.453084 5.00
84.463960 4.68
84.494085 5.00
84.504960 5.00
84.535086 5.00
84.545961 5.00
84.576086 4.68
84.586961 5.00
84.617086 5.00
84.627961 4.68
84.658087 5.00
84.668961 5.00
84.699087 4.68
84.709962 5.00
84.740087 5.00
84.750962 5.00
84.781087 5.00
84.791962 5.00
84.822087 5.00
84.832963 5.00
84.863088 5.00
84.873963 5.00
84.904088 4.68
84.914964 5.00
84.945089 5.00
84.955964 5.00
84.986088 5.00
84.996964 5.00
85.027089 4.68
85.037964 5.00
85.068089 5.00
85.078964 5.00
85.109090 5.00
85.119965 5.00
85.150090 5.00
85.160965 5.00
85.191090 5.00
85.201966 4.68
85.232091 5.00
85.242966 5.00
85.273091 5.00
85.283967 5.00
85.314091 5.00
85.324967 5.00
85.355092 5.00
85.365967 5.00
85.396092 5.00
85.406858 5.00
85.437092 5.00
85.447967 4.68
85.478093 5.00
85.488968 5.00
85.519093 5.00
85.529968 4.68
85.560093 5.00
85.570969 5.00
85.601094 5.00
85.611969 4.68
85.642220 5.00
85.658219 5.00
85.683344 5.00
85.694219 5.00
85.724749 5.00
85.735594 5.00
85.771220 5.00
85.787220 5.00
85.815472 5.00
85.826345 5.00
85.856988 5.00
85.867738 4.68
85.898221 5.00
85.914221 5.00
85.939472 5.00
85.950346 5.00
85.980739 5.00
85.991473 4.68
86.027222 5.00
86.043222 5.00
86.068474 5.00
86.079347 5.00
86.109989 5.00
86.120740 5.00
86.151223 5.00
86.167223 5.00
86.192348 5.00
86.203223 5.00
86.233751 5.00
86.244475 5.00
86.280349 5.00
86.291224 5.00
86.321752 5.00
86.332615 5.00
86.368349 5.00
86.379099 5.00
86.409751 5.00
86.420618 5.00
86.456350 5.00
86.467350 5.00
86.497755 5.00
86.508618 5.00
86.544101 5.00
86.556602 5.00
86.585226 5.00
86.601102 5.00
86.626351 5.00
86.637226 5.00
86.667754 5.00
86.678478 5.00
86.714352 5.00
86.725102 5.00
86.755870 5.00
86.766745 5.00
86.802353 5.00
86.813228 5.00
86.843757 5.00
86.854633 5.00
86.890228 5.00
86.906353 5.00
86.931480 5.00
86.943997 5.00
86.974481 5.00
86.985354 5.00
87.021230 5.00
87.037104 5.00
87.062481 4.68
87.074995 5.00
87.103759 4.68
87.114622 5.00
87.145105 4.68
87.157482 4.68
87.186230 5.00
87.197106 5.00
87.227482 5.00
87.243636 5.00
87.268761 5.00
87.279636 5.00
87.309981 5.00
87.320748 5.00
87.351107 5.00
87.367107 4.68
87.392233 5.00
87.403108 5.00
87.433484 5.00
87.449484 5.00
87.480233 5.00
87.490982 5.00
87.521502 5.00
87.537638 5.00
87.568234 5.00
87.578984 5.00
87.609359 5.00
87.620234 5.00
87.650876 5.00
87.661628 5.00
87.692110 5.00
87.708234 5.00
87.733235 5.00
87.744110 5.00
87.774360 5.00
87.785235 5.00
87.815765 5.00
87.826639 5.00
87.857111 5.00
87.873236 5.00
87.898236 5.00
87.909111 5.00
87.939488 5.00
87.955641 4.68
87.986237 5.00
87.996987 5.00
88.027489 4.68
88.043641 5.00
88.068767 5.00
88.079642 5.00
88.110113 4.68
88.126238 5.00
88.151238 5.00
88.161988 5.00
88.192490 5.00
88.208644 5.00
88.233767 5.00
88.244642 4.68
88.275114 5.00
88.291114 5.00
88.316239 5.00
88.326989 5.00
88.357491 5.00
88.373641 5.00
88.398769 5.00
88.409642 4.68
88.439991 5.00
88.450758 5.00
88.481116 5.00
88.497241 4.68
88.522241 5.00
88.533116 5.00
88.563493 5.00
88.579646 5.00
88.610242 5.00
88.620992 5.00
88.651646 5.00
88.662494 5.00
88.692992 5.00
88.703759 5.00
88.734118 4.68
88.750118 5.00
88.775243 5.00
88.786118 5.00
88.816495 5.00
88.832647 4.68
88.857772 5.00
88.868647 5.00
88.899118 5.00
88.915119 5.00
88.940244 4.68
88.950994 4.68
88.981496 5.00
88.997648 5.00
89.028245 5.00
89.039120 5.00
89.069370 5.00
89.080120 5.00
89.110649 5.00
89.121497 5.00
89.151996 5.00
89.162763 5.00
89.193121 4.68
89.209246 5.00
89.234246 5.00
89.244996 5.00
89.275498 5.00
89.291650 5.00
89.318502 5.00
89.329372 5.00
89.361502 5.00
89.372372 5.00
89.408248 5.00
89.418998 5.00
89.449500 4.68
89.465652 5.00
89.492419 5.00
89.503123 5.00
89.535412 5.00
89.546124 5.00
89.578403 5.00
89.589124 4.68
89.621412 5.00
89.632124 5.00
89.662653 5.00
89.673517 5.00
89.704018 5.00
89.716379 5.00
89.745125 5.00
89.761250 5.00
89.786251 4.68
89.797001 5.00
89.827376 5.00
89.843376 5.00
89.870380 5.00
89.881126 5.00
89.917017 5.00
89.929380 5.00
89.958252 5.00
89.969002 5.00
89.999503 5.00
90.010377 5.00
90.046018 5.00
90.062020 5.00
90.087253 5.00
90.098128 5.00
90.128504 5.00
90.139378 5.00
90.175021 5.00
90.191020 5.00
90.216254 5.00
90.227129 5.00
90.257505 5.00
90.268379 5.00
90.304255 5.00
90.315005 5.00
90.345506 5.00
90.356380 5.00
90.392020 5.00
90.408022 5.00
90.433256 5.00
90.444006 5.00
90.474381 5.00
90.490381 5.00
90.521022 5.00
90.537021 5.00
90.562256 5.00
90.573007 5.00
90.603508 5.00
90.614382 5.00
90.650257 5.00
90.661007 5.00
90.691508 4.68
90.702382 5.00
90.738026 5.00
90.754023 5.00
90.779258 5.00
90.790133 5.00
90.820509 5.00
90.831383 5.00
90.867258 5.00
90.878134 5.00
90.908511 5.00
90.919384 5.00
90.949663 5.00
90.960511 5.00
90.991024 5.00
91.007027 4.68
91.032260 5.00
91.043135 5.00
91.073512 5.00
91.084385 5.00
91.120033 5.00
91.136027 5.00
91.161261 5.00
91.172136 5.00
91.202512 5.00
91.213387 5.00
91.249027 4.68
91.265029 5.00
91.290262 5.00
91.301137 5.00
91.331514 5.00
91.342387 5.00
91.378030 5.00
91.394030 5.00
91.419263 5.00
91.430138 5.00
91.460515 5.00
91.471389 5.00
91.501668 5.00
91.512544 5.00
91.543032 5.00
91.559032 5.00
91.584264 5.00
91.595014 5.00
91.625516 5.00
91.636390 5.00
91.672265 5.00
91.684781 5.00
91.716670 5.00
91.727517 5.00
91.758034 5.00
91.774032 5.00
91.799266 5.00
91.810141 5.00
91.840517 5.00
91.851391 4.68
91.887035 5.00
91.903032 5.00
91.928267 5.00
91.939017 5.00
91.969518 5.00
91.980392 4.68
92.016036 5.00
92.032036 5.00
92.057268 5.00
92.068143 4.68
92.098520 5.00
92.109393 5.00
92.145037 5.00
92.161033 5.00
92.186144 5.00
92.197019 5.00
92.227269 5.00
92.239787 5.00
92.268395 5.00
92.284395 5.00
92.315037 4.68
92.331035 5.00
92.356270 5.00
92.368672 5.00
92.397522 5.00
92.408396 5.00
92.444039 5.00
92.460036 5.00
92.485271 5.00
92.497661 5.00
92.526522 5.00
92.537396 5.00
92.567798 5.00
92.580276 5.00
92.609147 5.00
92.619915 5.00
92.650272 4.68
92.662663 5.00
92.691523 5.00
92.702273 5.00
92.732792 5.00
92.743523 5.00
92.774148 5.00
92.784913 5.00
92.815273 5.00
92.831274 5.00
92.856399 5.00
92.867149 5.00
92.903040 5.00
92.913793 5.00
92.944024 5.00
92.954793 5.00
92.985149 4.68
92.995917 5.00
93.026275 5.00
93.038665 4.68
93.067526 5.00
93.078276 5.00
93.108791 5.00
93.119526 5.00
93.150027 5.00
93.160792 5.00
93.191152 5.00
93.201918 4.68
93.232277 5.00
93.248277 5.00
93.273527 5.00
93.284277 5.00
93.320043 5.00
93.330795 5.00
93.361278 5.00
93.377278 5.00
93.407920 5.00
93.423920 5.00
93.449154 5.00
93.459920 5.00
93.490279 5.00
93.506279 5.00
93.531529 5.00
93.542279 5.00
93.572798 5.00
93.583530 5.00
93.614030 5.00
93.624797 5.00
93.655155 5.00
93.665922 5.00
93.696280 5.00
93.712156 5.00
93.737531 5.00
93.748280 5.00
93.783798 5.00
93.794531 5.00
93.825032 5.00
93.835798 5.00
93.866157 5.00
93.876925 5.00
93.907282 4.68
93.923282 5.00
93.953925 5.00
93.969924 5.00
93.995158 5.00
94.006033 5.00
94.036283 5.00
94.052283 5.00
94.077562 4.68
94.088416 5.00
94.118801 5.00
94.134924 5.00
94.160034 5.00
94.170925 5.00
94.201034 5.00
94.211925 5.00
94.242034 5.00
94.252927 5.00
94.283035 5.00
94.293928 5.00
94.324036 5.00
94.334927 5.00
94.365036 5.00
94.375926 5.00
94.406036 5.00
94.416926 5.00
94.447036 5.00
94.457930 5.00
94.488036 5.00
94.498930 5.00
94.529162 5.00
94.539912 5.00
94.570287 5.00
94.586287 5.00
94.619930 5.00
94.635929 5.00
94.661038 5.00
94.671930 5.00
94.702038 5.00
94.712931 5.00
94.743039 5.00
94.753930 5.00
94.784164 5.00
94.796691 5.00
94.825289 5.00
94.841418 5.00
94.868319 5.00
94.879164 5.00
94.909932 5.00
94.925933 5.00
94.951040 5.00
94.961931 5.00
94.992165 5.00
95.004695 4.68
95.033291 5.00
95.049166 5.00
95.076313 5.00
95.087166 5.00
95.117933 5.00
95.133935 5.00
95.159041 5.00
95.169933 5.00
95.200167 5.00
95.212569 5.00
95.241292 4.68
95.257292 5.00
95.284177 5.00
95.295043 5.00
95.325293 4.68
95.341293 5.00
95.368178 5.00
95.379044 5.00
95.409293 5.00
95.425294 5.00
95.452178 5.00
95.463044 5.00
95.493294 5.00
95.509294 5.00
95.539699 5.00
95.555699 5.00
95.581045 5.00
95.591938 5.00
95.622045 5.00
95.632939 5.00
95.663045 5.00
95.673920 5.00
95.704046 5.00
95.714939 5.00
95.745171 5.00
95.761171 5.00
95.786297 5.00
95.797046 5.00
95.832937 5.00
95.843702 5.00
95.874172 5.00
95.890047 5.00
95.915298 5.00
95.926047 5.00
95.961701 5.00
95.972430 5.00
96.003048 5.00
96.013940 5.00
96.044049 5.00
96.054938 5.00
96.085048 5.00
96.095939 5.00
96.126048 5.00
96.136798 5.00
96.167048 5.00
96.177798 5.00
96.208048 5.00
96.218798 5.00
96.249048 5.00
96.259799 5.00
96.290049 5.00
96.300799 5.00
96.331049 5.00
96.341800 5.00
96.372050 5.00
96.382800 5.00
96.413050 5.00
96.423800 5.00
96.454050 5.00
96.464800 5.00
96.495050 5.00
96.505800 5.00
96.536051 5.00
96.546801 4.68
96.577051 5.00
96.587801 5.00
96.618051 5.00
96.628802 5.00
96.659052 5.00
96.669802 5.00
96.700052 4.68
96.710802 5.00
96.741053 5.00
96.751803 5.00
96.782053 5.00
96.792803 5.00
96.823053 5.00
96.833803 5.00
96.864053 5.00
96.874803 5.00
96.905053 5.00
96.915804 5.00
96.946054 5.00
96.956804 5.00
96.987054 5.00
96.997804 5.00
97.028055 5.00
97.038805 5.00
97.069055 5.00
97.079805 5.00
97.110055 5.00
97.120805 5.00
97.151055 4.68
97.161806 5.00
97.192055 4.68
97.202806 5.00
97.233056 5.00
97.243806 5.00
97.274056 5.00
97.284807 5.00
97.315057 5.00
97.325807 5.00
97.356057 5.00
97.366807 5.00
97.397057 5.00
97.407808 5.00
97.438057 5.00
97.448808 4.68
97.479058 4.68
97.489808 5.00
97.520058 5.00
97.530809 5.00
97.561058 4.68
97.571809 4.68
97.602059 5.00
97.614560 5.00
97.643059 5.00
97.653809 5.00
97.684060 5.00
97.696560 5.00
97.725060 4.68
97.737560 5.00
97.766060 5.00
97.776810 4.68
97.807060 5.00
97.819561 4.68
97.848061 5.00
97.860562 5.00
97.889061 4.68
97.901562 5.00
97.930061 5.00
97.942563 5.00
97.971062 5.00
97.983437 5.00
98.012062 5.00
98.024438 4.68
98.053062 4.68
98.065438 5.00
98.094062 4.68
98.106438 4.68
98.135063 4.68
98.147439 5.00
98.176063 5.00
98.188439 5.00
98.217064 5.00
98.229439 5.00
98.258064 5.00
98.270439 5.00
98.299064 5.00
98.311440 5.00
98.340064 4.68
98.352440 5.00
98.381065 5.00
98.393441 5.00
98.422065 5.00
98.437940 5.00
98.463065 5.00
98.475441 5.00
98.504066 5.00
98.516441 5.00
98.545066 5.00
98.560942 5.00
98.586067 5.00
98.598442 5.00
98.627067 5.00
98.642942 5.00
98.668067 5.00
98.683942 5.00
98.709067 5.00
98.721443 5.00
98.750067 5.00
98.765943 5.00
98.791068 5.00
98.806943 5.00
98.832068 5.00
98.848069 5.00
98.873195 5.00
98.889070 5.00
98.914320 5.00
98.925195 5.00
98.955725 5.00
98.971725 5.00
98.997071 5.00
99.012946 5.00
99.038071 5.00
99.054072 5.00
99.079072 5.00
99.094946 5.00
99.120072 5.00
99.135947 5.00
99.161072 5.00
99.177072 4.68
99.202072 5.00
99.218073 4.68
99.243073 5.00
99.258948 5.00
99.284073 5.00
99.299948 5.00
99.325073 5.00
99.341074 5.00
99.366074 5.00
99.381948 5.00
99.407074 5.00
99.423075 5.00
99.448074 5.00
99.464074 5.00
99.489074 5.00
99.504967 5.00
99.530075 5.00
99.545950 5.00
99.571075 5.00
99.587075 5.00
99.612076 5.00
99.627951 5.00
99.653076 5.00
99.669076 5.00
99.694076 5.00
99.710077 5.00
99.735076 5.00
99.751077 5.00
99.776077 5.00
99.792077 5.00
99.817077 5.00
99.832952 5.00
99.858077 5.00
99.873953 5.00
99.899203 5.00
99.909953 5.00
99.940328 5.00
99.951078 5.00
99.986732 5.00
100.002579 5.00
100.027954 5.00
100.038719 5.00
100.068954 5.00
100.079722 5.00
100.109955 5.00
100.120722 5.00
100.150955 5.00
100.161723 5.00
100.191955 5.00
100.202720 5.00
100.232955 5.00
100.243723 5.00
100.273956 5.00
100.284721 5.00
100.314956 5.00
100.325722 5.00
100.355956 5.00
100.368457 5.00
100.396957 5.00
100.407723 5.00
100.437957 5.00
100.448724 5.00
100.478957 5.00
100.491459 5.00
100.519958 5.00
100.530723 5.00
100.560957 5.00
100.573460 5.00
100.601958 5.00
100.614460 5.00
100.642958 5.00
100.653724 5.00
100.683959 5.00
100.696460 5.00
100.724959 5.00
100.737460 5.00
100.765960 5.00
100.778334 5.00
100.806960 5.00
100.819335 5.00
100.847960 5.00
100.860335 5.00
100.888960 4.68
100.901336 4.68
100.930086 5.00
100.940978 5.00
100.971086 4.68
100.981961 5.00
101.012086 5.00
101.022962 4.68
101.053086 4.68
101.063962 4.68
101.094087 4.68
101.104962 5.00
101.135087 5.00
101.145962 5.00
101.176088 5.00
101.186963 4.68
101.217088 5.00
101.227963 5.00
101.258088 5.00
101.268963 4.68
101.299088 5.00
101.309963 5.00
101.340089 5.00
101.350964 4.68
101.381089 5.00
101.391964 4.68
101.422089 5.00
101.432965 5.00
101.463090 4.68
101.473965 5.00
101.504090 5.00
101.514981 5.00
101.545090 5.00
101.555966 5.00
101.586090 4.68
101.596966 5.00
101.627091 5.00
101.637966 5.00
101.668091 5.00
101.678966 5.00
101.709092 5.00
101.719967 5.00
101.750092 5.00
101.760967 5.00
101.791092 5.00
101.801967 5.00
101.832092 5.00
101.842968 4.68
101.873093 5.00
101.883967 5.00
101.914093 5.00
101.924968 5.00
101.955093 5.00
101.965968 5.00
101.996094 5.00
102.006969 5.00
102.037219 5.00
102.047969 5.00
102.083612 5.00
102.099610 5.00
102.124987 5.00
102.140987 5.00
102.165970 5.00
102.182095 5.00
102.207095 5.00
102.223095 5.00
102.248221 5.00
102.258971 4.68
102.294613 4.68
102.310611 5.00
102.335989 5.00
102.351989 4.68
102.376972 5.00
102.392972 5.00
102.417972 4.68
102.434097 5.00
102.458973 5.00
102.474972 5.00
102.500098 5.00
102.516098 5.00
102.541223 5.00
102.551973 5.00
102.587613 5.00
102.603477 5.00
102.628989 5.00
102.644991 5.00
102.669974 5.00
102.686099 5.00
102.710974 5.00
102.726974 5.00
102.751974 4.68
102.767974 5.00
102.792974 5.00
102.808975 4.68
102.833975 5.00
102.849990 5.00
102.875101 5.00
102.890976 5.00
102.916226 5.00
102.926976 5.00
102.962477 5.00
102.978478 5.00
103.003991 5.00
103.019991 5.00
103.046978 5.00
103.057745 5.00
103.088102 4.68
103.104103 5.00
103.130979 5.00
103.141870 5.00
103.171978 4.68
103.187996 4.68
103.213103 4.68
103.223978 5.00
103.255980 4.68
103.266744 4.68
103.296978 5.00
103.312994 5.00
103.337979 5.00
103.353995 5.00
103.379104 5.00
103.389980 5.00
103.421981 4.68
103.432746 5.00
103.463105 5.00
103.473980 5.00
103.506012 5.00
103.516874 5.00
103.548982 5.00
103.559873 5.00
103.589981 5.00
103.605998 5.00
103.630981 5.00
103.647000 5.00
103.672106 5.00
103.682982 4.68
103.718357 5.00
103.734357 5.00
103.759624 5.00
103.775501 5.00
103.801000 5.00
103.816998 5.00
103.841983 5.00
103.852748 4.68
103.882983 5.00
103.893750 5.00
103.923983 4.68
103.934752 4.68
103.966860 5.00
103.977764 4.68
104.007984 5.00
104.018751 5.00
104.049110 5.00
104.059985 5.00
104.095360 5.00
104.106235 5.00
104.136764 5.00
104.147640 4.68
104.177986 4.68
104.188753 5.00
104.219111 5.00
104.229986 5.00
104.265361 4.68
104.276111 5.00
104.306765 5.00
104.317639 5.00
104.347987 5.00
104.358752 5.00
104.394361 5.00
104.405112 4.68
104.435767 5.00
104.446640 4.68
104.476988 5.00
104.487755 5.00
104.518113 5.00
104.528988 5.00
104.564364 5.00
104.575113 5.00
104.605768 4.68
104.616642 4.68
104.647114 5.00
104.657991 5.00
104.693364 5.00
104.704239 5.00
104.734767 4.68
104.745491 5.00
104.776115 4.68
104.787007 5.00
104.822365 4.68
104.833115 4.68
104.863767 5.00
104.874492 5.00
104.904991 5.00
104.915758 5.00
104.946116 5.00
104.956991 5.00
104.992366 4.68
105.003117 4.68
105.033772 4.68
105.044643 5.00
105.075118 4.68
105.085993 4.68
105.121368 4.68
105.132243 4.68
105.162886 4.68
105.178885 5.00
105.204011 5.00
105.220118 4.68
105.244994 4.68
105.255887 5.00
105.285993 5.00
105.296761 5.00
105.327120 5.00
105.337994 5.00
105.373370 5.00
105.384119 5.00
105.414887 5.00
105.431011 4.68
105.456013 5.00
105.472120 5.00
105.497121 5.00
105.508013 5.00
105.543371 5.00
105.554121 5.00
105.584776 5.00
105.595649 5.00
105.626121 5.00
105.636996 5.00
105.672371 5.00
105.683121 5.00
105.713371 5.00
105.724120 4.68
105.754371 5.00
105.765121 5.00
105.795371 5.00
105.806121 5.00
105.836371 4.68
105.847122 5.00
105.877372 4.68
105.888122 5.00
105.918372 5.00
105.929122 5.00
105.959373 5.00
105.970123 4.68
106.000373 5.00
106.011123 4.68
106.041373 5.00
106.052123 4.68
106.082373 5.00
106.093123 5.00
106.123374 5.00
106.134124 5.00
106.164374 5.00
106.175124 4.68
106.205374 5.00
106.216125 5.00
106.246375 5.00
106.258877 4.68
106.287502 4.68
106.303375 5.00
106.328502 5.00
106.344376 5.00
106.369502 4.68
106.385376 4.68
106.410503 5.00
106.426376 4.68
106.451503 5.00
106.467376 5.00
106.492503 5.00
106.508377 5.00
106.533503 5.00
106.549377 4.68
106.574503 4.68
106.590377 4.68
106.615503 5.00
106.631378 4.68
106.656504 5.00
106.672378 5.00
106.697504 5.00
106.713378 4.68
106.738505 5.00
106.754378 5.00
106.779505 5.00
106.795379 5.00
106.820504 5.00
106.836379 5.00
106.862024 5.00
106.872771 5.00
106.903006 5.00
106.913774 5.00
106.944131 5.00
106.955007 5.00
106.990382 5.00
107.006257 4.68
107.031784 5.00
107.047664 5.00
107.073025 5.00
107.083772 5.00
107.119383 4.68
107.135258 4.68
107.160787 5.00
107.176787 5.00
107.202009 5.00
107.212773 5.00
107.243009 5.00
107.253777 5.00
107.284134 5.00
107.295009 5.00
107.330384 5.00
107.346259 5.00
107.371789 5.00
107.387788 5.00
107.413135 5.00
107.424010 5.00
107.459385 5.00
107.475260 5.00
107.500901 5.00
107.516790 5.00
107.542026 5.00
107.552778 5.00
107.588387 5.00
107.604261 5.00
107.629789 5.00
107.645665 5.00
107.671137 5.00
107.682012 5.00
107.717387 5.00
107.733262 5.00
107.758791 5.00
107.774790 5.00
107.800013 5.00
107.810781 5.00
107.841138 5.00
107.852013 5.00
107.887388 5.00
107.903264 5.00
107.928791 5.00
107.944666 5.00
107.970139 5.00
107.981015 5.00
108.016390 5.00
108.032265 5.00
108.057792 5.00
108.073669 5.00
108.099141 5.00
108.110016 5.00
108.145391 5.00
108.161265 5.00
108.186793 5.00
108.202670 5.00
108.228141 5.00
108.239016 5.00
108.274391 5.00
108.290267 5.00
108.315796 5.00
108.331794 4.68
108.357142 5.00
108.368017 5.00
108.403393 4.68
108.419268 5.00
108.444796 5.00
108.460795 5.00
108.487769 5.00
108.498673 5.00
108.529035 5.00
108.539784 5.00
108.575394 5.00
108.591394 5.00
108.616797 5.00
108.632674 5.00
108.659771 5.00
108.670674 5.00
108.700913 5.00
108.711660 5.00
108.743772 5.00
108.754675 5.00
108.785021 5.00
108.795788 5.00
108.827772 5.00
108.838521 5.00
108.870773 5.00
108.881521 5.00
108.912022 5.00
108.922789 5.00
108.958272 5.00
108.970803 5.00
108.999522 5.00
109.010272 5.00
109.040914 5.00
109.051663 5.00
109.087398 5.00
109.103274 5.00
109.128915 5.00
109.139666 5.00
109.175274 5.00
109.187802 5.00
109.216524 5.00
109.227274 5.00
109.257804 5.00
109.273791 5.00
109.304274 5.00
109.320399 5.00
109.345525 5.00
109.356274 5.00
109.386791 5.00
109.402667 5.00
109.427919 5.00
109.438667 5.00
109.474276 5.00
109.490401 5.00
109.515555 5.00
109.526401 5.00
109.556917 5.00
109.567670 5.00
109.597917 5.00
109.608667 5.00
109.644402 5.00
109.660402 5.00
109.685807 5.00
109.701796 5.00
109.732278 5.00
109.748403 5.00
109.776682 5.00
109.792795 5.00
109.817918 5.00
109.828672 5.00
109.864279 5.00
109.880279 5.00
109.905530 5.00
109.916279 5.00
109.946796 5.00
109.957530 5.00
109.993413 5.00
110.004155 5.00
110.034809 5.00
110.045682 5.00
110.081281 5.00
110.097413 5.00
110.122531 5.00
110.133281 5.00
110.163796 5.00
110.174531 5.00
110.210415 5.00
110.221157 5.00
110.251811 5.00
110.262687 5.00
110.298282 5.00
110.314282 5.00
110.339561 5.00
110.350416 5.00
110.380799 5.00
110.391684 5.00
110.427416 5.00
110.438283 5.00
110.468811 5.00
110.479563 5.00
110.515284 5.00
110.531159 5.00
110.556563 5.00
110.567412 5.00
110.597928 5.00
110.608686 5.00
110.644284 5.00
110.660412 5.00
110.685689 5.00
110.701928 5.00
110.727035 5.00
110.737928 5.00
110.773285 5.00
110.789285 5.00
110.814565 5.00
110.825414 5.00
110.856051 5.00
110.866927 5.00
110.897286 5.00
110.913414 5.00
110.938567 5.00
110.949416 5.00
110.980055 5.00
110.990930 5.00
111.021287 5.00
111.037163 5.00
111.062568 5.00
111.073288 5.00
111.104038 5.00
111.114932 5.00
111.150164 5.00
111.162695 5.00
111.191566 5.00
111.202418 5.00
111.234696 5.00
111.245568 5.00
111.277697 5.00
111.288569 5.00
111.320696 5.00
111.331567 5.00
111.363694 5.00
111.374420 5.00
111.406696 5.00
111.417568 5.00
111.449684 5.00
111.460568 5.00
111.492697 5.00
111.503571 5.00
111.539421 5.00
111.550292 5.00
111.580932 5.00
111.591694 5.00
111.627292 5.00
111.643421 5.00
111.668571 5.00
111.681043 5.00
111.711699 5.00
111.722573 5.00
111.758293 5.00
111.774421 5.00
111.799573 5.00
111.815695 4.68
111.840936 5.00
111.851698 5.00
111.887169 5.00
111.899698 5.00
111.928295 5.00
111.944295 5.00
111.969573 5.00
111.985699 5.00
112.010938 5.00
112.021700 5.00
112.057421 5.00
112.068295 5.00
112.098937 5.00
112.109699 5.00
112.145296 5.00
112.157047 5.00
112.186701 5.00
112.202939 5.00
112.233297 5.00
112.249429 5.00
112.274431 5.00
112.285297 5.00
112.315941 4.68
112.326688 5.00
112.357173 5.00
112.373298 5.00
112.398298 5.00
112.414298 4.68
112.439578 5.00
112.455575 5.00
112.486299 5.00
112.502426 5.00
112.527578 5.00
112.543704 5.00
112.568942 5.00
112.579692 4.68
112.610050 5.00
112.620925 5.00
112.651175 5.00
112.667175 5.00
112.692300 5.00
112.703175 5.00
112.733704 5.00
112.744578 5.00
112.780301 5.00
112.791176 5.00
112.821706 5.00
112.832428 5.00
112.868177 5.00
112.884301 5.00
112.909302 5.00
112.920177 5.00
112.955945 5.00
112.966706 5.00
112.997178 5.00
113.013178 5.00
113.038303 5.00
113.049178 5.00
113.079707 5.00
113.090581 5.00
113.126179 5.00
113.142304 5.00
113.167304 5.00
113.178179 5.00
113.208707 5.00
113.219583 5.00
113.255304 5.00
113.266055 5.00
113.296709 5.00
113.307585 5.00
113.343305 5.00
113.354181 5.00
113.384585 5.00
113.400709 5.00
113.431306 5.00
113.442305 5.00
113.472710 5.00
113.483585 5.00
113.519307 5.00
113.530182 5.00
113.560712 5.00
113.571585 5.00
113.607183 5.00
113.623307 5.00
113.648308 5.00
113.659183 5.00
113.689710 5.00
113.700434 4.68
113.736308 5.00
113.747183 5.00
113.777588 5.00
113.793713 5.00
113.824309 5.00
113.835184 5.00
113.865711 5.00
113.876436 5.00
113.912309 5.00
113.923184 5.00
113.953712 5.00
113.964437 5.00
114.000185 5.00
114.016310 5.00
114.041311 5.00
114.052186 5.00
114.082714 5.00
114.093588 5.00
114.129311 5.00
114.140062 5.00
114.170715 5.00
114.181590 5.00
114.217187 5.00
114.233312 5.00
114.258312 5.00
114.269187 5.00
114.299717 5.00
114.310592 5.00
114.346313 4.68
114.357063 5.00
114.387715 5.00
114.398440 5.00
114.434313 4.68
114.445188 5.00
114.475719 5.00
114.486594 5.00
114.522314 5.00
114.533065 5.00
114.563595 5.00
114.579593 5.00
114.610315 4.68
114.621190 4.68
114.651593 5.00
114.667593 5.00
114.698316 5.00
114.709191 5.00
114.739596 4.68
114.755718 5.00
114.786316 5.00
114.797191 5.00
114.827594 5.00
114.843595 4.68
114.870569 4.68
114.881443 4.68
114.917192 4.68
114.933068 5.00
114.958318 5.00
114.969192 5.00
114.999595 5.00
115.015595 5.00
115.046318 5.00
115.057193 5.00
115.087722 5.00
115.098596 5.00
115.134194 5.00
115.150319 4.68
115.175319 5.00
115.186069 5.00
115.216723 5.00
115.227598 5.00
115.259448 5.00
115.270320 5.00
115.300724 5.00
115.311599 5.00
115.347196 5.00
115.363321 5.00
115.388321 5.00
115.399196 5.00
115.429723 5.00
115.440448 5.00
115.471072 4.68
115.483448 5.00
115.512197 5.00
115.523072 5.00
115.553322 5.00
115.564072 4.68
115.594724 5.00
115.605449 5.00
115.636073 5.00
115.648450 5.00
115.677199 5.00
115.688073 5.00
115.718324 5.00
115.729074 5.00
115.759603 5.00
115.770450 5.00
115.801074 5.00
115.817199 5.00
115.842075 5.00
115.858199 5.00
115.883075 5.00
115.899200 5.00
115.924200 5.00
115.935075 5.00
115.965325 5.00
115.976076 5.00
116.006604 5.00
116.017452 5.00
116.047967 5.00
116.058718 4.68
116.089076 4.68
116.105202 5.00
116.130202 5.00
116.141077 5.00
116.171453 5.00
116.187606 5.00
116.218202 5.00
116.229078 5.00
116.259327 5.00
116.270078 5.00
116.300455 5.00
116.316607 5.00
116.341730 5.00
116.352455 5.00
116.382968 5.00
116.393722 5.00
116.424079 5.00
116.440204 5.00
116.465079 5.00
116.481204 5.00
116.506079 5.00
116.522205 5.00
116.547080 5.00
116.563205 5.00
116.588080 5.00
116.604206 5.00
116.629080 5.00
116.645206 5.00
116.670081 5.00
116.686205 5.00
116.711081 5.00
116.727206 5.00
116.752081 5.00
116.768206 5.00
116.793081 5.00
116.809207 5.00
116.834082 5.00
116.850207 5.00
116.875082 5.00
116.891208 5.00
116.916082 5.00
116.932082 4.68
116.957083 4.68
116.973208 5.00
116.998083 5.00
117.014208 5.00
117.039084 5.00
117.055208 5.00
117.080084 5.00
117.096209 5.00
117.121084 5.00
117.137209 5.00
117.162085 5.00
117.178084 5.00
117.203085 4.68
117.219210 5.00
117.244085 5.00
117.260210 5.00
117.285085 5.00
117.301085 5.00
117.326210 5.00
117.336961 5.00
117.367462 5.00
117.383586 5.00
117.414212 5.00
117.424961 5.00
117.455463 5.00
117.471587 5.00
117.502212 5.00
117.512962 5.00
117.543463 5.00
117.559463 5.00
117.586467 5.00
117.597338 5.00
117.629467 5.00
117.640338 5.00
117.676213 4.68
117.686963 5.00
117.717464 5.00
117.733589 5.00
117.764214 5.00
117.774964 5.00
117.805465 5.00
117.821589 5.00
117.848344 5.00
117.859090 5.00
117.891344 5.00
117.902090 5.00
117.934344 5.00
117.945090 5.00
117.977345 5.00
117.988091 5.00
118.023983 5.00
118.036345 5.00
118.065092 5.00
118.081216 5.00
118.106092 5.00
118.122092 5.00
118.147091 5.00
118.163217 5.00
118.188092 5.00
118.204217 5.00
118.229092 5.00
118.239968 5.00
118.270093 5.00
118.280968 5.00
118.311093 5.00
118.321968 5.00
118.352218 5.00
118.362969 5.00
118.393470 5.00
118.404344 5.00
118.440220 5.00
118.450969 5.00
118.481470 5.00
118.492345 5.00
118.528220 5.00
118.538970 5.00
118.569471 5.00
118.580345 5.00
118.616221 5.00
118.626971 5.00
118.657472 5.00
118.668346 5.00
118.703986 5.00
118.719988 5.00
118.745222 5.00
118.761097 5.00
118.786472 5.00
118.797347 5.00
118.832988 5.00
118.848989 5.00
118.874222 5.00
118.884972 5.00
118.915474 5.00
118.926348 5.00
118.962223 5.00
118.972973 5.00
119.003475 5.00
119.014348 5.00
119.049992 5.00
119.065992 5.00
119.091224 5.00
119.101974 5.00
119.132476 5.00
119.143349 5.00
119.179224 5.00
119.189974 5.00
119.220477 5.00
119.231350 5.00
119.267226 5.00
119.277975 5.00
119.308477 5.00
119.319350 5.00
119.349619 5.00
119.360478 5.00
119.390995 5.00
119.406995 5.00
119.432227 4.68
119.442977 5.00
119.473479 5.00
119.484352 5.00
119.519995 5.00
119.535995 4.68
119.561228 5.00
119.572103 5.00
119.602480 5.00
119.613353 5.00
119.649228 5.00
119.659978 5.00
119.690480 5.00
119.701354 5.00
119.736996 5.00
119.752996 5.00
119.778229 5.00
119.789104 5.00
119.819481 5.00
119.830355 5.00
119.865995 5.00
119.881997 5.00
119.907231 5.00
119.917981 5.00
119.948482 5.00
119.959356 5.00
119.994999 5.00
120.010998 5.00
120.036231 5.00
120.046982 5.00
120.077483 5.00
120.088357 5.00
120.124232 5.00
120.134982 5.00
120.165484 5.00
120.176357 5.00
120.207002 5.00
120.223000 5.00
120.248233 5.00
120.259108 5.00
120.289358 5.00
120.305358 5.00
120.335999 5.00
120.352000 5.00
120.377359 5.00
120.393359 5.00
120.422000 5.00
120.437999 5.00
120.463235 5.00
120.475752 5.00
120.509364 5.00
120.520235 5.00
120.556110 5.00
120.567002 5.00
120.597236 5.00
120.609629 5.00
120.638487 5.00
120.649361 5.00
120.685004 5.00
120.701003 5.00
120.726237 5.00
120.738629 4.68
120.767487 4.68
120.778362 5.00
120.814112 4.68
120.825005 5.00
120.855237 5.00
120.867628 4.68
120.901257 5.00
120.911988 5.00
120.948006 5.00
120.964007 5.00
120.989238 5.00
121.001631 4.68
121.030490 4.68
121.041364 5.00
121.071769 5.00
121.084244 5.00
121.113115 5.00
121.123990 4.68
121.154240 5.00
121.170240 5.00
121.195492 5.00
121.206365 5.00
121.236770 5.00
121.252883 5.00
121.278116 5.00
121.288991 5.00
121.319241 5.00
121.335242 5.00
121.360367 4.68
121.371241 5.00
121.406882 5.00
121.422882 5.00
121.448117 5.00
121.458992 5.00
121.489243 5.00
121.505242 5.00
121.530493 5.00
121.541368 5.00
121.571772 4.68
121.582494 5.00
121.613119 5.00
121.623994 5.00
121.654243 4.68
121.670119 5.00
121.695495 4.68
121.706369 5.00
121.736773 5.00
121.752885 5.00
121.778120 5.00
121.788995 5.00
121.819245 5.00
121.835245 5.00
121.860496 5.00
121.871370 5.00
121.901775 5.00
121.912496 5.00
121.942996 5.00
121.953761 5.00
121.983996 5.00
121.994762 5.00
122.025122 4.68
122.035997 5.00
122.066247 5.00
122.082247 5.00
122.110498 5.00
122.121372 5.00
122.157012 5.00
122.167765 5.00
122.198123 5.00
122.208998 5.00
122.239248 4.68
122.255248 4.68
122.280499 4.68
122.291373 4.68
122.321777 4.68
122.332500 4.68
122.363124 5.00
122.373999 5.00
122.404249 5.00
122.420249 5.00
122.445375 4.68
122.456125 5.00
122.492015 4.68
122.502768 5.00
122.533001 4.68
122.543766 5.00
122.574001 5.00
122.584769 5.00
122.615126 5.00
122.626001 5.00
122.656251 4.68
122.672251 5.00
122.697377 5.00
122.708251 5.00
122.744020 5.00
122.754894 5.00
122.785127 5.00
122.796002 5.00
122.826252 5.00
122.842252 5.00
122.867504 5.00
122.878378 5.00
122.908780 5.00
122.919505 5.00
122.950129 5.00
122.961004 5.00
122.991254 5.00
123.007128 5.00
123.032506 4.68
123.043379 4.68
123.073783 4.68
123.089897 4.68
123.115005 4.68
123.125772 4.68
123.156130 4.34
123.167029 4.34
123.197255 4.34
123.213255 4.34
123.238533 4.34
123.249381 4.34
123.279897 4.34
123.295770 4.68
123.321006 4.68
123.331896 4.34
123.362006 4.34
123.372897 4.34
123.403007 4.34
123.413898 4.34
123.444007 4.34
123.454897 4.34
123.485007 4.34
123.495898 4.34
123.526161 4.34
123.542396 4.34
