0.000000 0.000000
0.042075 4.34
0.053236 4.34
0.083712 4.34
0.096450 2.66
0.130586 2.34
0.141711 2.34
0.173906 2.34
0.184994 2.34
0.215568 2.34
0.226567 2.66
0.258852 2.66
0.269690 2.34
0.305563 2.34
0.316452 2.34
0.346968 2.34
0.357812 2.34
0.388453 2.34
0.404561 2.34
0.429686 2.34
0.442326 2.34
0.470964 2.34
0.481812 2.34
0.517561 2.34
0.528452 2.34
0.558686 2.34
0.571328 2.66
0.604840 2.34
0.615688 2.34
0.646451 2.34
0.662562 2.34
0.687688 2.66
0.700077 2.34
0.728966 2.34
0.739813 2.34
0.770579 2.34
0.781578 2.34
0.813736 2.34
0.824696 2.34
0.860583 2.34
0.871717 2.34
0.903748 2.34
0.914700 2.34
0.945468 2.34
0.956484 2.34
0.987125 4.02
0.998121 4.02
1.028698 4.02
1.041212 4.02
1.075570 4.02
1.086463 4.34
1.118725 4.34
1.129569 4.02
1.165567 4.02
1.176459 4.02
1.206692 4.02
1.219081 4.02
1.256332 4.02
1.268719 4.02
1.297442 4.02
1.308332 4.02
1.338443 4.02
1.349333 4.02
1.379443 4.02
1.390334 4.02
1.420592 4.02
1.431597 4.02
1.467487 4.34
1.478459 4.34
1.509261 4.34
1.525475 4.34
1.550829 4.34
1.567121 4.34
1.592469 4.34
1.603344 4.34
1.634150 4.34
1.650457 4.34
1.675705 4.34
1.691954 4.34
1.722576 4.34
1.733469 4.34
1.763985 4.34
1.774823 4.34
1.805466 4.34
1.816341 4.34
1.846697 4.34
1.862698 4.34
1.887978 4.34
1.898822 4.34
1.929339 4.34
1.945339 4.34
1.970573 4.34
1.981448 4.34
2.011698 4.34
2.027698 4.34
2.052968 4.34
2.063823 4.34
2.094464 4.34
2.105213 4.34
2.135698 4.34
2.151574 4.34
2.176951 4.34
2.187824 4.34
2.218227 4.34
2.228951 4.34
2.259575 4.34
2.270450 4.34
2.300700 4.34
2.316700 4.34
2.341952 4.34
2.352825 4.34
2.383230 4.34
2.399343 4.34
2.424466 4.34
2.435218 4.34
2.465701 4.34
2.481702 4.34
2.506827 4.34
2.517576 4.34
2.553470 4.34
2.564219 4.34
2.594577 4.34
2.605452 4.34
2.635702 4.34
2.651702 4.34
2.676953 4.34
2.687827 4.34
2.718232 4.34
2.734220 4.34
2.759578 4.34
2.770453 4.34
2.800703 4.34
2.816578 4.34
2.841954 4.34
2.852829 4.34
2.883233 4.34
2.899346 4.34
2.924580 4.34
2.935455 4.34
2.965705 4.34
2.981705 4.34
3.006956 4.34
3.017830 4.34
3.048233 4.34
3.064347 4.34
3.089581 4.34
3.102109 4.34
3.130706 4.34
3.146706 4.34
3.171831 4.34
3.182581 4.34
3.213236 4.34
3.229349 4.34
3.254582 4.34
3.265457 4.34
3.295707 4.34
3.311707 4.34
3.338717 4.34
3.349458 4.34
3.381717 4.34
3.392583 4.34
3.424717 4.34
3.435458 4.34
3.465833 4.34
3.476584 4.34
3.507237 4.34
3.523351 4.34
3.548584 4.34
3.560989 4.34
3.589834 4.34
3.600709 4.34
3.631352 4.34
3.642240 4.34
3.672585 4.34
3.684961 4.34
3.713710 4.34
3.724585 4.34
3.760103 4.34
3.772596 4.34
3.801461 4.34
3.812228 4.34
3.842586 4.34
3.858586 4.34
3.883711 4.34
3.899711 4.34
3.926597 4.34
3.937480 4.34
3.967712 4.34
3.983712 4.34
4.014116 4.34
4.026597 4.34
4.055481 4.34
4.066229 4.34
4.096712 4.34
4.107587 4.34
4.137838 4.34
4.148588 4.34
4.179242 4.34
4.195356 4.34
4.220589 4.34
4.232965 4.34
4.261839 4.34
4.272589 4.34
4.303244 4.34
4.319355 4.34
4.344590 4.34
4.360590 4.34
4.385715 4.34
4.396465 4.34
4.432120 4.34
4.448109 4.34
4.473480 4.34
4.484234 4.34
4.514716 4.34
4.525483 4.34
4.561120 4.34
4.571841 4.34
4.602484 4.34
4.613232 4.34
4.643717 4.34
4.654467 4.34
4.690119 4.34
4.700842 4.34
4.731483 4.34
4.742236 4.34
4.772593 4.34
4.788593 4.34
4.813718 4.34
4.824593 4.34
4.860110 4.34
4.876111 4.34
4.901487 4.34
4.912235 4.34
4.942719 4.34
4.953469 4.34
4.989123 4.34
5.005112 4.34
5.030486 4.34
5.041235 4.34
5.071720 4.34
5.082470 4.34
5.118113 4.34
5.134114 4.02
5.159487 4.34
5.170239 4.34
5.200721 4.34
5.211470 4.02
5.247112 4.34
5.263114 4.02
5.288489 4.34
5.299239 4.34
5.329721 4.02
5.340596 4.34
5.376125 4.34
5.386847 4.34
5.417489 4.34
5.428369 4.34
5.458598 4.34
5.474473 4.34
5.499723 4.02
5.510473 4.02
5.546128 4.34
5.562116 4.34
5.587490 4.34
5.598241 4.34
5.628724 4.34
5.639474 4.34
5.675129 4.34
5.691115 4.34
5.716492 4.34
5.727240 4.34
5.757725 4.34
5.768475 4.34
5.804117 4.34
5.820118 4.34
5.845476 4.34
5.856243 4.34
5.886601 4.34
5.902601 4.34
5.927726 4.34
5.938601 4.34
5.974117 4.34
5.986602 4.34
6.015491 4.34
6.027978 4.34
6.056727 4.34
6.067477 4.34
6.099620 4.34
6.110495 4.34
6.146130 4.34
6.162121 4.34
6.187495 4.34
6.200009 4.34
6.228728 4.34
6.239604 4.34
6.275118 4.34
6.285854 4.34
6.316494 4.02
6.328980 4.34
6.357729 4.34
6.368604 4.34
6.400481 4.02
6.411247 4.34
6.441605 4.34
6.457605 4.34
6.482730 4.02
6.493480 4.34
6.529135 4.34
6.545121 4.34
6.570371 4.02
6.581122 4.34
6.611606 4.34
6.627481 4.34
6.652731 4.34
6.663481 4.34
6.699134 4.34
6.714982 4.34
6.740482 4.34
6.753055 4.34
6.787388 4.34
6.798386 4.34
6.834156 4.34
6.850254 4.34
6.875487 4.34
6.891736 4.68
6.922266 4.68
6.933142 4.68
6.963614 5.00
6.979884 5.00
7.005143 5.00
7.021252 5.00
7.046376 5.00
7.057127 5.00
7.087734 5.00
7.098484 5.00
7.134135 5.00
7.149984 5.00
7.175373 5.00
7.186114 5.00
7.216376 5.00
7.227123 5.00
7.257750 5.00
7.268746 5.00
7.299386 5.00
7.310387 5.00
7.346149 5.00
7.362259 5.00
7.387408 5.00
7.398170 5.00
7.433988 5.00
7.444738 5.00
7.475254 5.00
7.485988 5.35
7.516380 5.00
7.527128 5.00
7.557743 5.35
7.568743 5.00
7.599258 5.00
7.610276 5.00
7.640875 5.00
7.651740 5.00
7.682255 5.00
7.693175 5.00
7.723614 5.35
7.739614 5.00
7.764739 5.00
7.775614 5.00
7.806144 5.00
7.822141 5.35
7.847751 5.00
7.858749 5.00
7.889391 5.00
7.902047 5.00
7.936031 5.00
7.952030 5.00
7.977493 5.35
7.993493 5.00
8.018617 5.00
8.034617 5.35
8.059741 5.35
8.070617 5.35
8.101144 5.35
8.117143 5.35
8.142498 5.00
8.158746 5.35
8.189029 5.35
8.205029 5.00
8.230495 5.35
8.246494 5.00
8.271619 5.35
8.287493 5.00
8.312743 5.35
8.323618 5.00
8.359146 5.35
8.375023 5.35
8.400494 5.35
8.416494 5.35
8.442176 5.35
8.458398 5.35
8.483750 5.35
8.494750 5.35
8.525160 5.00
8.541266 5.35
8.566497 5.35
8.582497 5.35
8.609531 5.35
8.620387 5.35
8.656151 5.35
8.672150 5.35
8.697496 5.35
8.713502 5.35
8.744165 5.35
8.760268 5.35
8.785500 5.35
8.801499 5.35
8.829155 5.35
8.840029 5.35
8.870498 5.35
8.886497 5.35
8.911623 5.35
8.922498 5.35
8.954517 5.35
8.965389 5.35
8.997530 5.35
9.008531 5.35
9.044028 5.35
9.060028 5.69
9.085514 5.69
9.101499 5.69
9.128517 5.69
9.139391 5.69
9.174879 5.69
9.187519 5.69
9.216391 6.01
9.228750 5.69
9.257501 5.69
9.273390 5.69
9.298626 5.69
9.309391 6.01
9.345140 5.69
9.356033 5.69
9.386756 6.01
9.397755 6.01
9.428273 6.36
9.439167 6.68
9.469630 7.02
9.480517 7.37
9.511284 7.37
9.522284 7.37
9.558177 7.37
9.569172 7.37
9.599756 7.37
9.610631 7.37
9.641164 7.37
9.652038 7.37
9.682504 7.37
9.698396 7.37
9.723503 7.37
9.734379 7.37
9.764504 7.37
9.775396 7.37
9.805629 7.02
9.816396 6.68
9.851883 6.68
9.867881 7.02
9.893394 6.68
9.909395 6.68
9.934505 6.68
9.950395 6.68
9.975505 7.02
9.986397 6.68
10.016506 6.68
10.027398 6.68
10.057506 6.68
10.068396 6.68
10.098506 6.68
10.109396 6.36
10.139631 6.36
10.150506 0.05
10.185883 6.01
10.201884 5.35
10.227418 5.00
10.243644 4.34
10.274285 4.34
10.285282 4.34
10.321051 4.34
10.337047 4.34
10.362511 4.34
10.378511 4.34
10.403635 4.34
10.414510 4.34
10.450039 4.34
10.465884 4.34
10.491509 4.34
10.507384 4.34
10.532509 4.34
10.543400 4.34
10.573509 4.34
10.584385 4.34
10.614510 4.34
10.625385 4.34
10.655635 4.34
10.666510 4.34
10.701886 4.34
10.718150 4.34
10.743522 4.34
10.754520 4.34
10.785161 4.34
10.796056 4.34
10.828391 4.34
10.839408 4.34
10.874890 4.34
10.890899 4.34
10.916406 4.34
10.932406 4.34
10.957637 4.34
10.968388 4.34
11.003889 4.34
11.019889 4.34
11.045404 4.34
11.061405 4.34
11.086388 4.34
11.102406 4.34
11.127388 4.34
11.143405 4.34
11.168389 4.34
11.184403 4.34
11.209389 4.34
11.225514 4.34
11.250514 4.34
11.266514 4.34
11.291515 4.34
11.302390 4.34
11.332515 4.34
11.343405 4.34
11.373515 4.34
11.384391 4.34
11.414515 4.34
11.425406 4.34
11.455516 4.34
11.466407 4.34
11.496516 4.34
11.507391 4.34
11.542930 4.34
