0.000000 0.000000
0.041961 4.34
0.053099 4.34
0.088856 4.34
0.099853 4.34
0.132156 2.66
0.143368 2.66
0.179028 2.34
0.191588 2.34
0.225998 2.66
0.238580 2.34
0.272843 2.66
0.297470 2.66
0.308452 2.34
0.338951 2.66
0.349700 2.66
0.380216 2.66
0.391224 2.66
0.426831 2.66
0.451341 2.66
0.462100 2.66
0.492699 2.66
0.508574 2.34
0.537098 2.66
0.552950 2.66
0.578339 2.66
0.589101 2.66
0.624575 2.66
0.635340 2.34
0.665701 2.66
0.681700 2.66
0.706977 2.34
0.717829 2.34
0.748340 2.34
0.759100 2.34
0.790021 2.34
0.802591 2.66
0.836860 2.34
0.847846 2.66
0.880160 2.66
0.891374 2.66
0.921713 2.34
0.937999 2.66
0.963355 2.66
0.974363 2.66
1.005013 4.02
1.021231 4.02
1.051842 4.34
1.062841 4.34
1.095115 4.34
1.105990 4.34
1.138112 4.34
1.148986 4.34
1.181107 4.02
1.191983 4.34
1.224108 4.34
1.234835 4.02
1.267107 4.02
1.277837 4.34
1.310107 4.34
1.320836 4.34
1.353107 4.34
1.363836 4.34
1.396108 4.34
1.406836 4.34
1.439154 4.34
1.450096 4.34
1.480868 4.34
1.491866 4.34
1.527719 4.34
1.538715 4.34
1.574861 4.34
1.585846 4.34
1.621713 4.34
1.637842 4.34
1.663355 4.34
1.674121 4.34
1.704710 4.34
1.720838 4.34
1.745837 4.34
1.756709 4.34
1.787112 4.34
1.803114 4.34
1.830115 4.34
1.840836 4.34
1.873113 4.34
1.883990 4.34
1.919585 4.34
1.932117 4.34
1.960710 4.34
1.976711 4.34
2.001990 4.34
2.018115 4.34
2.048711 4.34
2.064840 4.34
2.089836 4.34
2.100711 4.34
2.131353 4.34
2.142115 4.34
2.177841 4.34
2.188712 4.34
2.219354 4.34
2.230114 4.34
2.260587 4.34
2.276712 4.34
2.301712 4.34
2.317839 4.34
2.342993 4.34
2.359115 4.34
2.389713 4.34
2.405714 4.34
2.434119 4.34
2.450356 4.34
2.480714 4.34
2.496841 4.34
2.525118 4.34
2.535994 4.34
2.571714 4.34
2.582590 4.34
2.613120 4.34
2.623992 4.34
2.659715 4.34
2.670590 4.34
2.701374 4.34
2.712371 4.34
2.743018 4.34
2.759381 4.34
2.789854 4.68
2.800853 4.68
2.836722 4.68
2.847722 4.68
2.878131 4.68
2.889005 4.68
2.919595 4.68
2.935719 4.68
2.960845 4.68
2.971718 4.68
3.002358 4.68
3.013111 4.68
3.043593 4.68
3.059732 4.68
3.085249 4.68
3.096247 4.68
3.126852 4.68
3.137851 4.68
3.173723 4.68
3.184598 4.68
3.215127 4.68
3.226003 4.68
3.261720 4.68
3.272595 4.68
3.303125 4.68
3.313999 4.68
3.349601 4.68
3.365864 4.68
3.391238 4.68
3.402266 4.34
3.432857 4.34
3.443856 4.34
3.479727 4.34
3.490726 4.34
3.521136 4.34
3.532009 4.34
3.567723 4.34
3.578599 4.34
3.609128 4.34
3.620001 4.34
3.655722 4.34
3.666598 4.34
3.697001 4.34
3.713124 4.34
3.741000 4.34
3.757002 4.34
3.782366 4.34
3.793115 4.34
3.823473 4.34
3.834348 4.34
3.864474 4.34
3.875349 4.34
3.905474 4.34
3.916349 4.34
3.946599 4.34
3.962599 4.34
3.987724 4.34
3.998599 4.34
4.029004 4.34
4.045129 4.34
4.070365 4.34
4.081118 4.34
4.111476 4.34
4.122367 4.34
4.152476 4.34
4.163351 4.34
4.193476 4.34
4.204351 4.34
4.234476 4.34
4.245352 4.34
4.275477 4.34
4.286369 4.34
4.316477 4.34
4.327351 4.34
4.357477 4.34
4.368352 4.34
4.398478 4.34
4.409367 4.34
4.439478 4.34
4.451994 4.34
4.480603 4.34
4.496603 4.34
4.521728 4.68
4.532479 4.34
4.563008 4.34
4.579131 4.34
4.609729 4.34
4.620604 4.34
4.651008 4.34
4.667134 4.34
4.693981 4.34
4.704873 4.34
4.736981 4.34
4.747856 4.34
4.778370 4.68
4.789246 4.34
4.819480 4.34
4.831982 4.34
4.860605 4.34
4.876730 4.34
4.901731 4.34
4.912481 4.34
4.943008 4.34
4.959135 4.34
4.989732 4.34
5.000607 4.34
5.031134 4.34
5.042012 4.34
5.077732 4.34
5.088483 4.68
5.119137 4.34
5.130012 4.34
5.165733 4.34
5.176483 4.34
5.207138 4.34
5.218013 4.34
5.253609 4.34
5.269609 4.34
5.294734 4.34
5.305609 4.68
5.336137 4.34
5.346861 4.34
5.377484 4.34
5.389861 4.34
5.418485 4.34
5.434485 4.34
5.459610 4.34
5.470485 4.34
5.500735 4.34
5.511610 4.34
5.542263 4.34
5.553012 4.34
5.583611 4.34
5.594486 4.34
5.624736 4.34
5.635486 4.34
5.666013 4.34
5.676736 4.34
5.712612 4.34
5.723362 4.34
5.753737 4.34
5.764487 4.34
5.795014 4.34
5.805737 4.34
5.841612 4.34
5.852488 4.34
5.882738 4.34
5.893488 4.34
5.924017 4.34
5.934864 4.34
5.965489 4.34
5.981614 4.34
6.006613 4.34
6.017364 4.34
6.047739 4.34
6.058489 4.34
6.089016 4.34
6.099865 4.34
6.130490 4.34
6.146615 4.34
6.171615 4.34
6.182490 4.34
6.212740 4.34
6.223615 4.34
6.254145 4.34
6.265020 4.34
6.295491 4.34
6.311616 4.34
6.336491 4.34
6.352616 4.34
6.377616 4.34
6.388366 4.34
6.418869 4.34
6.435020 4.34
6.465617 4.34
6.476492 4.34
6.506868 4.34
6.523025 4.34
6.553618 4.34
6.564493 4.34
6.594869 4.34
6.610869 4.34
6.641619 4.34
6.652493 4.34
6.682744 4.34
6.693493 4.34
6.724022 4.34
6.734744 4.34
6.770619 4.34
6.781370 4.34
6.811744 4.34
6.822494 4.34
6.853024 4.34
6.863871 4.34
6.894386 4.34
6.905136 4.34
6.935370 4.34
6.946137 4.34
6.976496 4.34
6.992621 4.34
7.017496 4.34
7.033621 4.34
7.058496 4.34
7.074621 4.34
7.099621 4.34
7.110371 4.34
7.140747 4.34
7.151497 4.34
7.181997 4.34
7.192747 4.68
7.228622 4.34
7.239373 4.34
7.269747 4.34
7.280498 4.34
7.310998 4.34
7.321748 4.34
7.357623 4.34
7.368374 4.34
7.398875 4.34
7.414999 4.34
7.445624 4.34
7.456374 4.68
7.486749 4.34
7.497499 4.34
7.527999 4.68
7.538750 4.34
7.574625 4.68
7.585375 4.34
7.615876 4.34
7.632000 4.34
7.662625 4.34
7.673376 4.34
7.703876 4.34
7.720001 4.34
7.750626 4.34
7.761376 4.34
7.791877 4.34
7.807877 4.34
7.838627 4.34
7.849377 4.34
7.879878 4.34
7.896002 4.34
7.922756 4.34
7.933502 4.34
7.964003 4.34
7.974752 4.34
8.010628 4.34
8.021378 4.34
8.051879 4.34
8.068003 4.34
8.098629 4.34
8.109379 4.34
8.139880 4.34
8.156004 4.34
8.181397 4.34
8.193758 4.34
8.222504 4.34
8.238629 4.34
8.263505 4.34
8.274380 4.34
8.304505 4.34
8.315380 4.34
8.345505 4.34
8.356381 4.34
8.386505 4.34
8.397381 4.34
8.427506 4.34
8.438381 4.34
8.468506 4.34
8.479381 4.34
8.509506 4.34
8.520382 4.34
8.550631 4.34
8.561382 4.34
8.591883 4.34
8.602757 4.34
8.638633 4.34
8.649382 4.34
8.679758 4.34
8.695758 4.34
8.721008 4.34
8.731758 4.34
8.762398 4.34
8.778399 4.34
8.803633 4.34
8.814384 4.34
8.844885 4.34
8.855759 4.34
8.891634 4.34
8.902384 4.34
8.932886 4.34
8.943759 4.34
8.979635 4.34
8.990385 4.34
9.021010 4.34
9.031760 4.34
9.067402 4.34
9.083400 4.34
9.108511 4.34
9.119275 4.34
9.149636 4.34
9.160386 4.34
9.190888 4.34
9.201761 4.34
9.237636 4.34
9.248387 4.34
9.278888 4.34
9.289762 4.34
9.325637 4.34
9.336387 4.34
9.366889 4.34
9.377762 4.34
9.413638 4.34
9.424388 4.34
9.454918 4.34
9.465763 4.34
9.496405 4.34
9.512403 4.34
9.537639 4.34
9.548514 4.34
9.578890 4.34
9.589764 4.34
9.625640 4.34
9.636389 4.34
9.666891 4.34
9.677765 4.34
9.713640 4.34
9.724390 4.34
9.754891 4.34
9.765765 4.34
9.801640 4.34
9.812390 4.34
9.842892 4.34
9.853766 4.34
9.889642 4.34
9.902158 4.34
9.930892 4.34
9.941767 4.34
9.977642 4.34
9.988391 4.34
10.018767 4.34
10.034767 4.34
10.065407 4.34
10.081410 4.34
10.106643 4.34
10.119160 4.34
10.147894 4.34
10.158768 4.34
10.189409 4.34
10.205411 4.34
10.230643 4.34
10.241519 4.34
10.271894 4.34
10.282769 4.34
10.313411 4.34
10.329412 4.34
10.354644 4.34
10.365395 4.34
10.395896 4.34
10.406770 4.34
10.442412 4.34
10.458411 4.34
10.483645 4.34
10.494396 4.34
10.524896 4.34
10.535771 4.34
10.566412 4.34
10.582411 4.34
10.607646 4.34
10.618521 4.34
10.648771 4.34
10.664771 4.34
10.695415 4.34
10.711414 4.34
10.736647 4.34
10.749037 4.34
10.777899 4.34
10.788772 4.34
10.819175 4.34
10.831652 4.34
10.860523 4.34
10.871416 4.34
10.901648 4.34
10.914041 4.34
10.942773 4.34
10.958774 4.34
10.989416 4.34
11.005416 4.34
11.030649 4.34
11.043043 4.34
11.071901 4.34
11.082774 4.34
11.113179 4.34
11.129292 4.34
11.154400 4.34
11.165168 4.34
11.195525 4.34
11.206400 4.34
11.236650 4.34
11.252526 4.34
11.277902 4.34
11.288776 4.34
11.319180 4.34
11.335293 4.34
11.360527 4.34
11.371402 4.34
11.401652 4.34
11.417652 4.34
11.442903 4.34
11.453777 4.34
11.489420 4.34
11.500169 4.34
11.530652 4.34
11.546528 4.34
11.571904 4.34
11.582778 4.34
11.613182 4.34
11.629296 4.34
11.654404 4.34
11.665172 4.34
11.695404 4.34
11.706171 4.34
11.736404 4.34
11.747172 4.34
11.777405 4.34
11.788170 4.34
11.818530 4.34
11.829405 4.34
11.859655 4.34
11.875530 4.34
11.900906 4.34
11.911780 4.34
11.942184 4.34
11.952906 4.34
11.983406 4.34
11.994174 4.34
12.024531 4.34
12.035406 4.34
12.065656 4.34
12.081656 4.34
12.106908 4.34
12.117782 4.34
12.148184 4.34
12.158908 4.34
12.189533 4.34
12.200408 4.34
12.230658 4.34
12.246533 4.34
12.271908 4.34
12.282782 4.34
12.313188 4.34
12.329301 4.34
12.354534 4.34
12.365408 4.34
12.395659 4.34
12.411658 4.34
12.436910 4.34
12.447784 4.34
12.478189 4.34
12.488910 4.34
12.519535 4.34
12.530410 4.34
12.560660 4.34
12.576660 4.34
12.601785 4.34
12.612536 4.34
12.648425 4.34
12.659177 4.34
12.689536 4.34
12.700411 4.34
12.730661 4.34
12.746661 4.34
12.771912 4.34
12.782786 4.34
12.813190 4.34
12.829180 4.34
12.854412 4.34
12.865180 4.34
12.895537 4.34
12.906412 4.34
12.936662 4.34
12.952663 4.34
12.986305 4.34
13.002305 4.34
13.027538 4.34
13.040067 4.34
13.068663 4.34
13.084664 4.34
13.111674 4.34
13.122539 4.34
13.152915 4.34
13.163789 4.34
13.194431 4.34
13.205180 4.34
13.235540 4.34
13.246414 4.34
13.276665 4.34
13.292665 4.34
13.319675 4.34
13.330541 4.34
13.362676 4.34
13.373541 4.34
13.405676 4.34
13.416541 4.34
13.448551 4.34
13.459433 4.34
13.489666 4.34
13.505666 4.34
13.539307 4.34
13.555316 4.34
13.580417 4.34
13.591182 4.34
13.621542 4.34
13.633919 4.34
13.662667 4.34
13.678668 4.34
13.705574 4.34
13.716435 4.34
13.748574 4.34
13.759437 4.34
13.795072 4.34
13.807572 4.34
13.836419 4.34
13.847311 4.34
13.877544 4.34
13.893545 4.34
13.918669 4.34
13.929544 4.34
13.959795 4.34
13.970670 4.34
14.001198 4.34
14.017075 4.34
14.042546 4.34
14.054921 4.34
14.083671 4.34
14.094546 4.34
14.130075 4.34
14.140796 4.34
14.171440 4.34
14.182189 4.34
14.212671 4.34
14.223547 4.34
14.253796 4.34
14.264547 4.34
14.295202 4.34
14.311076 4.34
14.336548 4.34
14.352547 4.34
14.377673 4.34
14.388423 4.34
14.424066 4.34
14.434798 4.34
14.465440 4.34
14.476313 4.34
14.506674 4.34
14.517424 4.34
14.547674 4.34
14.558549 4.34
14.594078 4.34
14.610065 4.34
14.635442 4.34
14.646191 4.34
14.676675 4.34
14.687425 4.34
14.723068 4.34
14.739068 4.34
14.764445 4.34
14.780551 4.34
14.805426 4.34
14.816191 4.34
14.846426 4.34
14.857193 4.34
14.887551 4.34
14.903551 4.34
14.928677 4.34
14.939552 4.34
14.975347 4.34
14.986335 4.34
15.016937 4.34
15.027936 4.34
15.058559 4.34
15.074683 4.02
15.105091 4.34
15.121073 4.34
15.146449 4.34
15.157196 4.34
15.187805 4.34
15.198679 4.34
15.229209 4.34
15.245321 4.02
15.270457 4.34
15.281441 4.34
15.317332 4.34
15.328332 4.34
15.360602 4.34
15.371325 4.02
15.407327 4.34
15.418074 4.34
15.448682 4.02
15.459432 4.02
15.495324 4.02
15.506074 4.34
15.536448 4.34
15.547477 4.34
15.583332 4.34
