0.000000 0.000000
0.041709 4.34
0.057985 4.34
0.083370 4.34
0.094348 3.33
0.124983 2.66
0.135987 2.66
0.171984 2.66
0.182978 2.66
0.218818 2.34
0.229817 2.66
0.260455 2.66
0.271330 2.66
0.301968 2.66
0.312814 2.66
0.343454 2.66
0.354329 2.66
0.384687 2.66
0.400811 2.66
0.425975 2.66
0.436812 2.66
0.467329 2.66
0.478088 2.66
0.513562 2.34
0.524453 2.66
0.554687 2.66
0.570562 2.66
0.595964 2.66
0.606812 2.66
0.637329 2.66
0.648089 2.66
0.683689 2.66
0.699564 2.66
0.724967 2.34
0.735814 2.66
0.766479 2.34
0.777485 2.66
0.808110 2.66
0.824338 2.66
0.854980 2.66
0.865979 2.66
0.901828 2.66
0.912828 2.66
0.945143 2.66
0.956144 2.66
0.992006 4.02
1.004577 4.34
1.038824 4.34
1.049823 4.34
1.082106 4.34
1.092979 4.34
1.128697 4.34
1.144568 4.34
1.169693 4.34
1.185567 4.34
1.210691 4.34
1.226566 4.34
1.251691 4.34
1.267567 4.34
1.292691 4.34
1.308567 4.34
1.333693 4.34
1.349567 4.34
1.374692 4.02
1.390567 4.34
1.415693 4.34
1.431717 4.34
1.457360 4.34
1.468369 4.34
1.499119 4.34
1.515402 4.34
1.540706 4.34
1.557026 4.34
1.582351 4.34
1.593347 4.34
1.623996 4.34
1.636577 4.34
1.670825 4.34
1.681825 4.34
1.714106 4.34
1.724983 4.34
1.760698 4.34
1.776573 4.34
1.801822 4.34
1.812698 4.34
1.843487 4.34
1.854485 4.34
1.884953 4.34
1.895958 4.34
1.931835 4.34
1.942834 4.34
1.973475 4.34
1.984476 4.34
2.014955 4.34
2.025829 4.34
2.056469 4.34
2.067217 4.34
2.097826 4.34
2.108701 4.34
2.139230 4.34
2.149951 4.34
2.185700 4.34
2.201700 4.68
2.226955 4.34
2.239579 4.34
2.268469 4.34
2.279219 4.34
2.309702 4.34
2.325702 4.34
2.351107 4.34
2.367106 4.34
2.397702 4.34
2.413702 4.34
2.438827 4.34
2.449577 4.34
2.479954 4.34
2.492578 4.34
2.523106 4.34
2.533955 4.34
2.569703 4.34
2.585578 4.34
2.610829 4.34
2.621579 4.34
2.652108 4.34
2.667956 4.34
2.698704 4.34
2.714580 4.34
2.739829 4.34
2.750705 4.34
2.781080 4.34
2.797080 4.34
2.823957 4.34
2.834831 4.34
2.866958 4.34
2.877831 4.34
2.908234 4.34
2.919081 4.34
2.954707 4.34
2.970706 4.34
2.998958 4.34
3.011471 4.34
3.045707 4.34
3.061582 4.34
3.089975 4.34
3.102475 4.34
3.136707 4.34
3.152708 4.34
3.180978 4.34
3.197083 4.34
3.227708 4.34
3.238458 4.34
3.268977 4.34
3.284959 4.34
3.315709 4.34
3.326459 4.34
3.356960 4.34
3.372960 4.34
3.403710 4.34
3.414460 4.34
3.444977 4.34
3.460978 4.34
3.491710 4.34
3.502461 4.34
3.532836 4.34
3.543586 4.34
3.574086 4.34
3.584836 4.34
3.620712 4.34
3.631478 4.34
3.661962 4.34
3.677836 4.34
3.702962 4.34
3.718835 4.34
3.743962 4.34
3.759836 4.34
3.785086 4.34
3.795836 4.34
3.826087 4.34
3.836837 4.34
3.867087 4.34
3.877837 4.34
3.908088 4.34
3.918837 4.34
3.949088 4.34
3.959838 4.34
3.990089 4.34
4.000838 4.34
4.031089 4.34
4.041838 4.34
4.072088 4.34
4.082839 4.34
4.113089 4.34
4.123838 4.34
4.154089 4.34
4.164839 4.34
4.195090 4.34
4.205839 4.34
4.236090 4.34
4.246840 4.34
4.277091 4.34
4.287840 4.34
4.318091 4.34
4.328841 4.34
4.359091 4.34
4.369841 4.34
4.400091 4.34
4.410841 4.34
4.441091 4.34
4.451841 4.34
4.482092 4.34
4.492841 4.34
4.523092 4.34
4.533842 4.34
4.564092 4.34
4.574842 4.34
4.605093 4.34
4.615843 4.34
4.646093 4.34
4.656843 4.34
4.687093 4.34
4.697844 4.34
4.728094 4.34
4.738844 4.34
4.769094 4.34
4.779844 4.34
4.810094 4.34
4.820844 4.34
4.851096 4.34
4.861846 4.34
4.897721 4.34
4.908471 4.34
4.938973 4.34
4.955114 4.34
4.985722 4.34
4.996472 4.34
5.026974 4.34
5.043115 4.34
5.073723 4.34
5.084472 4.34
5.114975 4.34
5.131117 4.34
5.161723 4.34
5.172473 4.34
5.202849 4.34
5.213599 4.34
5.244376 4.34
5.255127 4.34
5.285474 4.34
5.297978 4.34
5.326475 4.34
5.338978 4.34
5.367601 4.34
5.383725 4.34
5.408600 4.34
5.424725 4.34
5.449725 4.34
5.460476 4.34
5.490977 4.34
5.507131 4.34
5.534007 4.34
5.544851 4.34
5.580727 4.34
5.591476 4.34
5.621995 4.34
5.638130 4.34
5.668727 4.34
5.679477 4.34
5.709978 4.34
5.726119 4.34
5.756728 4.34
5.767477 4.34
5.797853 4.34
5.810244 4.34
5.844495 4.34
5.856882 4.34
5.885496 4.34
5.897858 4.34
5.926729 4.34
5.937479 4.34
5.967981 4.34
5.984134 4.34
6.009122 4.34
6.019981 4.34
6.050497 4.34
6.062873 4.34
6.091730 4.34
6.102481 4.34
6.132983 4.34
6.143732 4.34
6.173981 4.34
6.189855 4.34
6.214981 4.34
6.230855 4.34
6.256106 4.34
6.266855 4.34
6.297106 4.34
6.307856 4.34
6.338107 4.34
6.348856 4.34
6.379107 4.34
6.389858 4.34
6.420109 4.34
6.430857 4.34
6.461107 4.34
6.471857 4.34
6.502108 4.34
6.512857 4.34
6.543108 4.34
6.553857 4.34
6.584109 4.34
6.594858 4.34
6.625109 4.34
6.635858 4.34
6.666112 4.34
6.676861 4.34
6.707109 4.34
6.717860 4.34
6.748114 4.34
6.758861 4.34
6.789115 4.34
6.799861 4.34
6.830116 4.34
6.840861 4.34
6.871115 4.34
6.881861 4.34
6.912112 4.34
6.922868 4.34
6.953119 4.34
6.963862 4.34
6.994112 4.34
7.004862 4.34
7.035113 4.34
7.045863 4.34
7.076113 4.34
7.086862 4.34
7.117113 4.34
7.127863 4.34
7.158114 4.34
7.168863 4.34
7.199114 4.34
7.209864 4.34
7.240114 4.34
7.250864 4.34
7.281115 4.34
7.291864 4.34
7.322114 4.34
7.332864 4.34
7.363142 4.34
7.373991 4.34
7.404491 4.34
7.420506 4.34
7.445494 4.34
7.461616 4.34
7.486617 4.34
7.497492 4.34
7.527742 4.34
7.538492 4.34
7.568867 4.34
7.584867 4.34
7.615509 4.34
7.631510 4.34
7.656742 4.34
7.667617 4.34
7.697994 4.34
7.708868 4.34
7.744510 4.34
7.760511 4.34
7.785744 4.34
7.796493 4.34
7.827195 4.34
7.838189 4.34
7.868753 4.34
7.881396 4.34
7.913516 4.34
7.929624 4.34
7.955034 4.34
7.965873 4.34
7.996516 4.34
8.012622 4.34
8.037872 4.34
8.054027 4.34
8.084636 4.34
8.095633 4.34
8.131416 4.34
8.142144 4.34
8.172875 4.34
8.189035 4.34
8.219624 4.34
8.230517 4.34
8.260748 4.34
8.273266 4.34
8.306877 4.34
8.317748 4.34
8.353516 4.34
8.369515 4.34
8.394748 4.34
8.407140 4.34
8.436026 4.34
8.446874 4.34
8.477514 4.34
8.493515 4.34
8.518749 4.34
8.531265 4.34
8.565525 4.34
