0.000000 0.000000
0.041863 4.34
0.052834 4.34
0.083491 4.34
0.094491 2.66
0.130468 2.34
0.141618 2.34
0.177481 2.34
0.188506 2.34
0.224369 2.34
0.235366 2.34
0.265954 2.34
0.276953 2.34
0.307594 2.34
0.323826 2.34
0.354075 2.34
0.366605 2.34
0.395591 2.34
0.408075 2.34
0.436700 2.34
0.447590 2.34
0.477700 2.34
0.488591 2.34
0.518701 2.34
0.529591 2.34
0.559701 2.34
0.570598 2.34
0.600701 2.34
0.611591 2.34
0.641702 2.34
0.652593 2.34
0.682701 2.34
0.693592 2.34
0.723827 2.34
0.734702 2.34
0.770519 2.34
0.781488 2.34
0.817376 2.34
0.828372 2.34
0.864530 2.34
0.877220 2.34
0.911379 2.34
0.922375 2.34
0.958660 2.34
0.974982 3.67
1.005507 4.02
1.016482 4.02
1.052371 4.02
1.063367 4.02
1.093723 4.02
1.109722 4.02
1.140082 4.02
1.156081 4.02
1.181597 4.02
1.197722 4.02
1.222719 4.02
1.238721 4.02
1.263705 4.02
1.274595 4.02
1.304831 4.02
1.315721 4.02
1.351082 4.02
1.367081 4.02
1.392357 4.02
1.403082 4.02
1.435654 4.02
1.446617 4.02
1.477235 4.02
1.493632 4.02
1.518847 4.02
1.529718 4.02
1.560483 4.02
1.571358 4.02
1.607251 4.02
1.623250 4.02
1.648842 4.02
1.659842 4.02
1.690375 4.34
1.701252 4.02
1.731732 4.02
1.747713 4.02
1.778087 4.02
1.794086 4.34
1.819622 4.34
1.835846 4.02
1.866386 4.02
1.877412 4.02
1.913235 4.34
1.929489 4.34
1.954844 4.34
1.965843 4.34
1.996374 4.34
2.007218 4.34
2.037730 4.34
2.053715 4.34
2.084216 4.34
2.100216 4.34
2.125728 4.34
2.141730 4.34
2.172088 4.34
2.182963 4.34
2.213620 4.34
2.229848 4.34
2.255222 4.34
2.271387 4.34
2.296843 4.34
2.307718 4.34
2.338375 4.34
2.349251 4.34
2.379732 4.34
2.395716 4.34
2.426090 4.34
2.438621 4.34
2.467492 4.34
2.480090 4.34
2.508715 4.34
2.519607 4.34
2.549716 4.34
2.560483 4.34
2.590716 4.34
2.601484 4.34
2.631841 4.34
2.642716 4.34
2.678091 4.34
2.694092 4.34
2.719607 4.34
2.735732 4.34
2.766092 4.34
2.782092 4.34
2.807494 4.34
2.820092 4.34
2.848843 4.34
2.859718 4.34
2.895093 4.34
2.907594 4.34
2.936498 4.34
2.952495 4.34
2.977844 4.34
2.988719 4.34
3.024094 4.34
3.040094 4.34
3.065496 4.34
3.081373 4.34
3.106844 4.34
3.117719 4.34
3.153094 4.34
3.169095 4.34
3.194500 4.34
3.210497 4.34
3.235846 4.34
3.246721 4.34
3.282096 4.34
3.294473 4.34
3.323501 4.34
3.339498 4.34
3.364721 4.34
3.375614 4.34
3.405847 4.34
3.416722 4.34
3.452097 4.34
3.467972 4.34
3.493499 4.34
3.509377 4.34
3.534848 4.34
3.545723 4.34
3.581098 4.34
3.596973 4.34
3.622501 4.34
3.638500 4.34
3.663724 4.34
3.674489 4.34
3.704724 4.34
3.715490 4.34
3.745724 4.34
3.756617 4.34
3.786725 4.34
3.797617 4.34
3.827725 4.34
3.838490 4.34
3.868850 4.34
3.879618 4.34
3.915101 4.34
3.939502 4.34
3.955377 4.34
3.980851 4.34
3.991617 4.34
4.027101 4.34
4.051506 4.34
4.067494 4.34
4.092852 4.34
4.103617 4.34
4.139102 4.34
4.163506 4.34
4.179492 4.34
4.204852 4.34
4.215619 4.34
4.251102 4.34
4.275507 4.34
4.291495 4.34
4.316853 4.34
4.327620 4.34
4.363104 4.34
4.387505 4.34
4.406508 4.34
4.423622 4.34
4.448854 4.34
4.459619 4.34
4.495105 4.34
4.510980 4.34
4.536510 4.34
4.552497 4.34
4.577855 4.34
4.588620 4.34
4.624113 4.34
4.639981 4.34
4.665496 4.34
4.681373 4.34
4.706623 4.34
4.717373 4.34
4.747856 4.34
4.758622 4.34
4.794113 4.34
4.809982 4.34
4.835497 4.34
4.851387 4.34
4.878513 4.34
4.889386 4.34
4.921513 4.34
4.932233 4.34
4.964514 4.34
4.975387 4.34
5.007514 4.34
5.018233 4.34
5.050512 4.34
5.061389 4.34
5.093517 4.34
5.104234 4.34
5.136513 4.34
5.147386 4.68
5.179515 4.34
5.190261 4.34
5.222515 4.34
5.233388 4.34
5.269119 4.34
5.284985 4.34
5.310501 4.34
5.326387 4.34
5.353504 4.34
5.364388 4.34
5.394736 4.34
5.405629 4.34
5.440986 4.34
5.457118 4.34
5.482266 4.34
5.493114 4.34
5.523752 4.34
5.534630 4.34
5.564987 4.34
5.577518 4.34
5.606393 4.34
5.618862 4.34
5.647738 4.34
5.658628 4.34
5.694117 4.34
5.718629 4.34
5.729391 4.34
5.761516 4.34
5.772268 4.34
5.808116 4.34
5.818989 4.34
5.849630 4.34
5.860393 4.34
5.896118 4.34
5.906990 4.34
5.937632 4.68
5.948394 4.68
5.983990 4.34
6.000119 4.34
6.028393 4.34
6.044394 4.34
6.069740 4.34
6.080634 4.34
6.115866 4.34
6.126632 4.34
6.156991 4.34
6.172991 4.34
6.198271 4.34
6.209121 4.34
6.239757 4.34
6.250635 4.34
6.280992 4.34
6.297123 4.34
6.322271 4.34
6.333123 4.34
6.363758 4.34
6.374634 4.34
6.404993 4.34
6.421122 4.34
6.446272 4.34
6.457122 4.34
6.487759 4.34
6.498634 4.34
6.533994 4.34
6.549994 4.34
6.575282 4.34
6.586122 4.34
6.616745 4.34
6.627636 4.34
6.662995 4.34
6.679123 4.34
6.707399 4.34
6.723400 4.34
6.748746 4.34
6.759638 4.34
6.795123 4.34
6.805996 4.34
6.836638 4.34
6.847400 4.34
6.877747 4.34
6.888639 4.34
6.924123 4.34
6.934997 4.34
6.965639 4.34
6.976402 4.34
7.011997 4.34
7.027997 4.34
7.053277 4.34
7.064124 4.34
7.094641 4.34
7.105402 4.34
7.141127 4.34
7.151998 4.34
7.182641 4.68
7.193403 4.68
7.229125 4.34
7.239999 4.34
7.270401 4.34
7.286640 4.34
7.311750 4.34
7.322640 4.34
7.358127 4.68
7.369000 4.34
7.399642 4.68
7.410391 4.34
7.445875 4.68
7.456644 4.34
7.487001 4.34
7.502876 4.68
7.528278 4.34
7.539127 4.68
7.571377 4.34
7.582278 4.34
7.614378 4.68
7.625281 4.68
7.655752 4.68
7.666644 4.68
7.701877 4.34
7.712642 4.34
7.743003 4.34
7.758878 4.34
7.784135 4.34
7.795003 4.34
7.825647 4.68
7.836396 4.68
7.871879 4.68
7.884394 4.34
7.913130 4.68
7.924004 4.68
7.954647 4.34
7.965396 4.68
8.000879 4.68
8.013381 4.68
8.042005 4.34
8.057880 4.68
8.086410 4.68
8.102284 4.68
8.127647 4.34
8.138398 4.68
8.174006 4.68
8.189880 4.68
8.215285 4.68
8.227881 4.68
8.256647 4.34
8.267398 4.34
8.302882 4.34
8.315383 4.34
8.344007 4.34
8.359882 4.34
8.385287 4.68
8.401285 4.68
8.428383 4.34
8.439286 4.68
8.474883 4.68
8.490883 4.68
8.516008 4.34
8.526883 4.34
8.557414 4.68
8.573652 4.68
8.600385 4.68
8.611287 4.68
8.647009 4.34
8.663135 4.68
8.688286 4.68
8.704286 4.34
8.735010 4.68
8.751136 4.34
8.776414 4.34
8.792412 4.34
8.823010 4.68
8.839010 4.68
8.864290 4.34
8.880414 4.34
8.905654 4.68
8.916402 4.68
8.946886 4.34
8.963011 4.68
8.988011 4.34
9.004012 4.68
9.029291 4.34
9.045415 4.34
9.076012 4.68
9.092138 4.68
9.117289 4.34
9.133416 4.68
9.164013 4.34
9.174763 4.34
9.205292 4.34
9.221416 4.34
9.252013 4.34
9.262764 4.34
9.293291 4.34
9.309419 4.34
9.334655 4.34
9.345415 4.34
9.375764 4.34
9.386639 4.34
9.416765 4.34
9.427640 4.34
9.457765 4.34
9.468657 4.34
9.498765 4.34
9.509640 4.68
9.539765 4.34
9.550641 4.34
9.580766 4.68
9.591641 4.34
9.621766 4.34
9.632658 4.34
9.662766 4.34
9.673641 4.34
9.703767 4.34
9.714642 4.34
9.744767 4.34
9.755642 4.34
9.785768 4.68
9.796642 4.34
9.826768 4.34
9.837643 4.34
9.867767 4.34
9.878643 4.68
9.908768 4.34
9.919643 4.34
9.949768 4.34
9.960643 4.34
9.990769 4.34
10.001644 4.34
10.031769 4.34
10.042644 4.34
10.072769 4.34
10.083644 4.34
10.113769 4.34
10.124645 4.34
10.154770 4.34
10.165645 4.34
10.195770 4.34
10.206645 4.34
10.236770 4.68
10.247646 4.34
10.277771 4.68
10.288646 4.68
10.318896 4.34
10.335021 4.34
10.360021 4.34
10.370896 4.34
10.401301 4.34
10.417148 4.34
10.448022 4.34
10.458772 4.34
10.489425 4.68
10.500148 4.34
10.536022 4.34
10.546898 4.34
10.577303 4.34
10.593301 4.34
10.624023 4.34
10.634773 4.34
10.665425 4.68
10.676149 4.68
10.712024 4.34
10.722899 4.68
10.753303 4.68
10.769303 4.68
10.800024 4.68
10.810900 4.34
10.841305 4.34
10.857429 4.34
10.888025 4.34
10.898776 4.68
10.929429 4.34
10.940152 4.34
10.976026 4.68
10.986776 4.68
11.017430 4.68
11.028304 4.68
11.064026 4.68
11.074776 4.68
11.105431 4.68
11.116304 4.68
11.152027 4.68
11.162778 4.34
11.193307 4.68
11.209432 4.34
11.239903 4.68
11.255778 4.68
11.281028 4.34
11.291903 4.68
11.322433 4.68
11.333307 4.34
11.369029 4.68
11.379778 4.34
11.410156 4.68
11.421029 4.68
11.453155 4.68
11.464029 4.68
11.496155 4.68
11.507030 4.68
11.539156 4.68
11.550030 4.68
11.582157 4.68
11.593030 4.68
11.623420 4.68
11.634157 4.68
11.669906 4.68
11.686031 4.68
11.711031 4.68
11.721781 4.68
11.752311 4.68
11.768435 4.68
11.793675 4.34
11.804422 4.68
11.839907 4.68
11.855782 4.68
11.881032 4.68
11.891783 4.68
11.922300 4.68
11.933032 4.34
11.968908 4.68
11.979658 4.68
12.010033 4.34
12.020783 4.68
12.051284 4.68
12.062034 4.34
12.097909 4.68
12.108659 4.34
12.139034 4.34
12.149784 4.34
12.180284 4.34
12.191035 4.34
12.226910 4.34
12.237659 4.68
12.268035 4.68
12.278785 4.34
12.309439 4.68
12.320285 4.68
12.350661 4.68
12.361552 4.68
12.391661 4.34
12.402554 4.68
12.432786 4.68
12.448787 4.68
12.473786 4.68
12.489912 4.68
12.514787 4.68
12.530912 4.68
12.555787 4.68
12.571912 4.34
12.596787 4.68
12.612913 4.34
12.637788 4.68
12.653912 4.68
12.678788 4.68
12.694788 4.34
12.719789 4.68
12.735913 4.34
12.760789 4.68
12.776788 4.68
12.801788 4.68
12.817914 4.68
12.842789 4.68
12.858915 4.68
12.883789 4.68
12.899914 4.68
12.924790 4.68
12.940915 4.68
12.965790 4.68
12.981915 4.68
13.006790 4.68
13.022915 4.34
13.047791 4.34
13.063916 4.68
13.088791 4.34
13.104791 4.34
13.129791 4.68
13.145916 4.68
13.170791 4.68
13.186916 4.68
13.211792 4.68
13.227917 4.68
13.252792 4.68
13.268792 4.34
13.293792 4.34
13.309918 4.34
13.334792 4.34
13.346684 4.34
13.375933 4.34
13.386680 4.34
13.417573 4.34
13.430179 4.34
13.459050 4.34
13.469924 4.34
13.500564 4.34
13.511441 4.34
13.542046 4.34
13.552921 4.34
13.583440 4.34
13.594171 4.34
13.624670 4.34
13.635437 4.34
13.665670 4.34
13.676438 4.34
13.707186 4.34
13.723462 4.34
13.754054 4.34
13.766697 4.34
13.800926 4.34
13.811674 4.34
13.844180 4.34
13.855049 4.34
13.890923 4.34
13.901798 4.34
13.932297 4.34
13.943048 4.34
13.978922 4.34
13.989672 4.34
14.020173 4.34
14.036173 4.34
14.066923 4.34
14.077673 4.34
14.108048 4.34
14.118798 4.34
14.151177 4.34
14.162049 4.34
14.194178 4.34
14.205049 4.34
14.237178 4.34
14.248049 4.34
14.280178 4.34
14.291049 4.34
14.326925 4.34
14.337674 4.34
14.368176 4.34
14.384300 4.34
14.414690 4.34
14.427078 4.34
14.455925 4.34
14.466675 4.34
14.497051 4.34
14.509443 4.34
14.543941 4.34
