0.000000 0.000000
0.042127 4.34
0.053217 4.34
0.089242 4.34
0.100238 2.66
0.131022 2.66
0.152786 2.66
0.164021 2.66
0.199758 2.66
0.210880 2.66
0.246576 2.66
0.257574 2.66
0.288091 2.66
0.298838 2.66
0.329571 2.66
0.340447 2.66
0.371085 2.66
0.382086 2.66
0.412445 2.66
0.424976 2.66
0.453837 2.66
0.466320 2.34
0.496974 2.34
0.507726 2.34
0.539975 2.66
0.550839 2.66
0.586570 2.66
0.597445 2.66
0.627724 2.66
0.638571 2.34
0.669089 2.66
0.679850 2.66
0.715571 2.66
0.726571 2.66
0.757210 2.66
0.768212 2.66
0.799027 2.66
0.815219 2.66
0.845587 2.66
0.856587 2.66
0.887342 2.34
0.903897 2.66
0.928997 2.66
0.946908 2.66
0.970601 3.33
0.981781 4.34
1.012231 4.34
1.023209 4.02
1.053872 4.34
1.070098 4.34
1.100579 4.34
1.111452 4.02
1.142095 4.34
1.153093 4.34
1.183451 4.34
1.199576 4.02
1.224729 4.34
1.235575 4.34
1.266218 4.34
1.277092 4.34
1.307451 4.34
1.323576 4.02
1.348729 4.34
1.359576 4.34
1.390217 4.34
1.401095 4.02
1.431784 4.02
1.444342 4.34
1.478869 4.34
1.495124 4.34
1.525713 4.34
1.536772 4.34
1.572583 4.34
1.583583 4.34
1.614225 4.34
1.625096 4.34
1.655915 4.34
1.673896 4.34
1.693882 4.34
1.717583 4.34
1.728583 4.34
1.759098 4.34
1.769849 4.34
1.800581 4.34
1.811581 4.34
1.842096 4.34
1.853097 4.34
1.883454 4.34
1.899455 4.34
1.924733 4.34
1.935580 4.34
1.966221 4.34
1.977097 4.34
2.007455 4.34
2.023581 4.34
2.048734 4.34
2.059581 4.34
2.090221 4.34
2.101096 4.34
2.131457 4.34
2.147457 4.34
2.172736 4.34
2.183582 4.34
2.215860 4.34
2.226735 4.34
2.257222 4.34
2.268100 4.34
2.303458 4.34
2.319458 4.34
2.344738 4.34
2.355583 4.34
2.387864 4.34
2.398739 4.34
2.430865 4.34
2.441738 4.34
2.477584 4.34
2.488459 4.34
2.518861 4.34
2.534737 4.34
2.560225 4.34
2.571102 4.34
2.601460 4.34
2.617460 4.34
2.642460 4.34
2.658335 4.34
2.683739 4.34
2.696336 4.34
2.726866 4.34
2.737739 4.34
2.769864 4.34
2.780739 4.34
2.816586 4.34
2.827461 4.34
2.857864 4.34
2.873854 4.34
2.900866 4.34
2.911743 4.34
2.947462 4.34
2.963462 4.34
2.988462 4.34
3.004338 4.34
3.029742 4.34
3.042339 4.34
3.076464 4.34
3.092588 4.34
3.117744 4.34
3.130339 4.34
3.161715 4.34
3.174339 4.34
3.202993 4.34
3.213716 4.34
3.249464 4.34
3.265340 4.34
3.290716 4.34
3.303340 4.34
3.331994 4.34
3.342869 4.34
3.378591 4.34
3.389340 4.34
3.419995 4.34
3.430743 4.34
3.466466 4.34
3.482466 4.34
3.507717 4.34
3.520216 4.34
3.548871 4.34
3.564982 4.34
3.591718 4.34
3.602592 4.34
3.632994 4.34
3.643871 4.34
3.679468 4.34
3.695592 4.34
3.720593 4.34
3.731343 4.34
3.761998 4.34
3.772873 4.34
3.808468 4.34
3.824468 4.34
3.849719 4.34
3.862219 4.34
3.890998 4.34
3.901873 4.34
3.932219 4.34
3.942985 4.34
3.973220 4.34
3.983987 4.34
4.014220 4.34
4.024988 4.34
4.055346 4.34
4.067721 4.34
4.096470 4.34
4.107221 4.34
4.137738 4.34
4.153873 4.34
4.184471 4.34
4.195221 4.34
4.225752 4.34
4.241739 4.34
4.267002 4.34
4.277722 4.34
4.308347 4.34
4.324472 4.34
4.349472 4.34
4.360223 4.34
4.390724 4.34
4.406875 4.34
4.437473 4.34
4.448223 4.34
4.478741 4.34
4.494877 4.34
4.519878 4.34
4.530725 4.34
4.561349 4.34
4.577474 4.34
4.602474 4.34
4.613224 4.34
4.643726 4.34
4.659876 4.34
4.684877 4.34
4.695600 4.34
4.731475 4.34
4.742225 4.34
4.772745 4.34
4.788879 4.34
4.814006 4.34
4.824728 4.34
4.855350 4.34
4.871476 4.34
4.896476 4.34
4.907226 4.34
4.937727 4.34
4.953727 4.34
4.984477 4.34
4.995352 4.34
5.025728 4.34
5.041882 4.34
5.067005 4.34
5.077728 4.34
5.108353 4.34
5.124353 4.34
5.149478 4.34
5.160228 4.34
5.190603 4.34
5.201353 4.34
5.232006 4.34
5.242729 4.34
5.273355 4.34
5.289479 4.34
5.314479 4.34
5.325229 4.34
5.355731 4.34
5.371872 4.34
5.402480 4.34
5.413230 4.34
5.443748 4.34
5.459885 4.34
5.484882 4.34
5.495731 4.34
5.531481 4.34
5.542231 4.34
5.572732 4.34
5.588884 4.34
5.619481 4.34
5.630232 4.34
5.660734 4.34
5.676884 4.34
5.707482 4.34
5.718232 4.34
5.748749 4.34
5.764887 4.34
5.795482 4.34
5.806358 4.34
5.836735 4.34
5.852888 4.34
5.879737 4.34
5.890608 4.34
5.922738 4.34
5.933609 4.34
5.964011 4.34
5.974735 4.34
6.005234 4.34
6.016002 4.34
6.046234 4.34
6.058738 4.34
6.087360 4.34
6.103485 4.34
6.128485 4.34
6.139235 4.34
6.169736 4.34
6.185736 4.34
6.216486 4.34
6.227236 4.34
6.257737 4.34
6.273890 4.34
6.298888 4.34
6.309612 4.34
6.345487 4.34
6.356361 4.34
6.386737 4.34
6.402890 4.34
6.429616 4.34
6.440362 4.34
6.472617 4.34
6.483362 4.34
6.515641 4.34
6.526488 4.34
6.558618 4.34
6.569363 4.34
6.605253 4.34
6.617618 4.34
6.646364 4.34
6.662489 4.34
6.687489 4.34
6.698364 4.34
6.728741 4.34
6.744894 4.34
6.769893 4.34
6.780741 4.34
6.811255 4.34
6.823620 4.34
6.852490 4.34
6.863240 4.34
6.893759 4.34
6.904616 4.34
6.935258 4.34
6.947620 4.34
6.976491 4.34
6.987241 4.34
7.017616 4.34
7.033616 4.34
7.064259 4.34
7.080258 4.34
7.105492 4.34
7.116367 4.34
7.146772 4.34
7.157492 4.34
7.193258 4.34
7.209260 4.34
7.234493 4.34
7.245243 4.34
7.275772 4.34
7.286618 4.34
7.317133 4.34
7.327886 4.34
7.358134 4.34
7.368884 4.34
7.399370 4.34
7.410135 4.34
7.440495 4.34
7.451369 4.34
7.481745 4.34
7.492494 4.34
7.528260 4.34
7.544260 4.34
7.569495 4.34
7.580370 4.34
7.610746 4.34
7.621496 4.34
7.657262 4.34
7.673263 4.34
7.698496 4.34
7.709371 4.34
7.739747 4.34
7.750496 4.34
7.786262 4.34
7.802264 4.34
7.827497 4.34
7.838247 4.34
7.868748 4.34
7.879497 4.34
7.915263 4.34
7.931248 4.34
7.956498 4.34
7.967248 4.34
7.997903 4.34
8.008749 4.34
8.039140 4.34
8.049889 4.34
8.080374 4.34
8.091141 4.34
8.121499 4.34
8.132374 4.34
8.162903 4.34
8.173749 4.34
8.204375 4.34
8.215144 4.34
8.245500 4.34
8.256250 4.34
8.286904 4.34
8.297751 4.34
8.328144 4.34
8.338904 4.34
8.369251 4.34
8.385251 4.34
8.410252 4.34
8.426251 4.34
8.451252 4.34
8.467252 4.34
8.492252 4.34
8.508252 4.34
8.533378 4.34
8.544143 4.34
8.574503 4.34
8.585378 4.34
8.617658 4.34
8.628503 4.34
8.664268 4.34
8.680254 4.34
8.705503 4.34
8.716254 4.34
8.746905 4.34
8.757636 4.34
8.788255 4.34
8.804254 4.34
8.829254 4.34
8.845272 4.34
8.870380 4.34
8.881148 4.34
8.911505 4.34
8.922380 4.34
8.954660 4.34
8.965505 4.34
9.001381 4.34
9.012256 4.34
9.042506 4.34
9.055149 4.34
9.083785 4.34
9.094635 4.34
9.125271 4.34
9.141382 4.34
9.166507 4.34
9.178910 4.34
9.207787 4.34
9.218635 4.34
9.249275 4.34
9.265383 4.34
9.290507 4.34
9.302913 4.34
9.331785 4.34
9.342636 4.34
9.378383 4.34
9.389276 4.34
9.419509 4.34
9.431910 4.34
9.460637 4.34
9.476789 4.34
9.507384 4.34
9.518260 4.34
9.548509 4.34
9.560912 4.34
9.595152 4.34
9.607538 4.34
9.636260 4.34
9.647152 4.34
9.677385 4.34
9.688136 4.34
9.718511 4.34
9.730915 4.34
9.768152 4.34
9.784151 4.34
9.809261 4.34
9.820153 4.34
9.850386 4.34
9.861262 4.34
9.891512 4.34
9.907512 4.34
9.932792 4.34
9.943641 4.34
9.974262 4.34
9.985154 4.34
10.015388 4.34
10.026155 4.34
10.056513 4.34
10.072513 4.34
10.103155 4.34
10.119155 4.34
10.144264 4.34
10.155156 4.34
10.185264 4.34
10.196157 4.34
10.226265 4.34
10.237154 4.34
10.267265 4.34
10.278156 4.34
10.308265 4.34
10.319156 4.34
10.349265 4.34
10.360156 4.34
10.390266 4.34
10.401158 4.34
10.431391 4.34
10.442266 4.34
10.472515 4.34
10.488390 4.34
10.513515 4.34
10.529390 4.34
10.554516 4.34
10.570390 4.34
10.595516 4.34
10.611391 4.34
10.636516 4.34
10.652391 4.34
10.677516 4.34
10.693392 4.34
10.721643 4.34
10.732391 4.34
10.762644 4.34
10.773392 4.34
10.803646 4.34
10.814392 4.34
10.844644 4.34
10.855393 4.34
10.885644 4.34
10.896393 4.34
10.926644 4.34
10.937393 4.34
10.967647 4.34
10.978393 4.34
11.008644 4.34
11.019393 4.34
11.049646 4.34
11.060394 4.34
11.090645 4.34
11.101394 4.34
11.131654 4.34
11.142521 4.34
11.178397 4.34
11.189271 4.34
11.219521 4.34
11.235522 4.34
11.260798 4.34
11.271653 4.34
11.302272 4.34
11.313163 4.34
11.343272 4.34
11.354040 4.34
11.384398 4.34
11.395147 4.34
11.425523 4.34
11.441523 4.34
11.466802 4.34
11.477523 4.34
11.508166 4.34
11.524274 4.34
11.549398 4.34
11.560166 4.34
11.590524 4.34
11.606524 4.34
11.631804 4.34
11.642651 4.34
11.673166 4.34
11.689166 4.34
11.714275 4.34
11.725150 4.34
11.755400 4.34
11.767916 4.34
11.796526 4.34
11.812526 4.34
11.837805 4.34
11.848526 4.34
11.879169 4.34
11.895169 4.34
11.920277 4.34
11.931168 4.34
11.961277 4.34
11.972152 4.34
12.002402 4.34
12.014806 4.34
12.043527 4.34
12.059402 4.34
12.086407 4.34
12.097152 4.34
12.127528 4.34
12.143402 4.34
12.174045 4.34
12.190170 4.34
12.215168 4.34
12.231170 4.34
12.256404 4.34
12.268808 4.34
12.297529 4.34
12.313529 4.34
12.343922 4.34
12.354655 4.34
12.385280 4.34
12.396169 4.34
12.426280 4.34
12.437156 4.34
12.467280 4.34
12.478170 4.34
12.508280 4.34
12.519170 4.34
12.549281 4.34
12.560172 4.34
12.590281 4.34
12.601156 4.34
12.631282 4.34
12.642157 4.34
12.672282 4.34
12.683157 4.34
12.713532 4.34
12.724282 4.34
12.759924 4.34
12.770659 4.34
12.801173 4.34
12.811926 4.34
12.842408 4.34
12.858283 4.34
12.883533 4.34
12.894283 4.34
12.929938 4.34
12.940660 4.34
12.971284 4.34
12.982174 4.34
13.012284 4.34
13.023159 4.34
13.053285 4.34
13.064160 4.34
13.094285 4.34
13.105160 4.34
13.135285 4.34
13.146161 4.34
13.176285 4.34
13.187160 4.34
13.217286 4.34
13.228161 4.34
13.258411 4.34
13.274286 4.34
13.299536 4.34
13.310286 4.34
13.345926 4.34
13.356663 4.34
13.387162 4.34
13.397928 4.34
13.428287 4.34
13.439162 4.34
13.469288 4.34
13.480163 4.34
13.510288 4.34
13.521163 4.34
13.551413 4.34
13.567289 4.34
13.592538 4.34
13.603288 4.34
13.638932 4.34
13.649664 4.34
13.680178 4.34
13.690932 4.34
13.721290 4.34
13.732164 4.34
13.762290 4.34
13.773165 4.34
13.803289 4.34
13.814165 4.34
13.844290 4.34
13.855165 4.34
13.885290 4.34
13.896165 4.34
13.926291 4.34
13.937166 4.34
13.967291 4.34
13.978166 4.34
14.008291 4.34
14.019166 4.34
14.049417 4.34
14.065291 4.34
14.090542 4.34
14.101292 4.34
14.136932 4.34
14.147668 4.34
14.178184 4.34
14.188935 4.34
14.219418 4.34
14.235292 4.34
14.260543 4.34
14.271293 4.34
14.306937 4.34
14.317669 4.34
14.348294 4.34
14.360823 4.34
14.389419 4.34
14.405294 4.34
14.430544 4.34
14.441294 4.34
14.476949 4.34
14.489429 4.34
14.518295 4.34
14.530822 4.34
14.559420 4.34
14.575295 4.34
14.600545 4.34
14.611296 4.34
14.646939 4.34
14.659431 4.34
14.688296 4.34
14.700825 4.34
14.729422 4.34
14.745297 4.34
14.772446 4.34
14.783297 4.34
14.818940 4.34
14.831307 4.34
14.860187 4.34
14.870938 4.34
14.901423 4.34
14.917423 4.34
14.942548 4.34
14.953423 4.34
14.988941 4.34
15.001307 4.34
15.030191 4.34
15.040939 4.34
15.071299 4.34
15.083675 4.34
15.112424 4.34
15.128299 4.34
15.153549 4.34
15.164424 4.34
15.199941 4.34
15.215800 4.34
15.241175 4.34
15.251943 4.34
15.282175 4.34
15.293068 4.34
15.323176 4.34
15.334068 4.34
15.364176 4.34
15.375080 4.34
15.405301 4.34
15.421177 4.34
15.446426 4.34
15.457177 4.34
15.487552 4.34
15.498302 4.34
15.534070 4.34
15.544955 4.34
15.575192 4.34
15.585945 4.34
15.616303 4.34
15.628678 4.34
15.657303 4.34
15.673178 4.34
15.698303 4.34
15.714178 4.34
15.739303 4.34
15.755179 4.34
15.780304 4.34
15.796179 4.34
15.821304 4.34
15.837179 4.34
15.862305 4.34
15.878180 4.34
15.903305 4.34
15.919180 4.34
15.944305 4.34
15.960180 4.34
15.985305 4.34
16.001181 4.34
16.026305 4.34
16.042181 4.34
16.067306 4.34
16.083181 4.34
16.108306 4.34
16.124182 4.34
16.149306 4.34
16.165182 4.34
16.190307 4.34
16.206182 4.34
16.231308 4.34
16.247182 4.34
16.272307 4.34
16.288183 4.34
16.313308 4.34
16.329183 4.34
16.354308 4.34
16.370183 4.34
16.395308 4.34
16.411183 4.34
16.436308 4.34
16.452183 4.34
16.477309 4.34
16.493184 4.34
16.518309 4.34
16.534184 4.34
16.559309 4.34
16.575185 4.34
16.600310 4.34
16.616185 4.34
16.641310 4.34
16.657185 4.34
16.682311 4.34
16.698185 4.34
16.723310 4.34
16.739186 4.34
16.764436 4.34
16.780311 4.34
16.805561 4.34
16.816312 4.34
16.851952 4.34
16.867811 4.34
16.893187 4.34
16.903955 4.34
16.934188 4.34
16.944954 4.34
16.975187 4.34
16.985954 4.34
17.016188 4.34
17.026953 4.34
17.057188 4.34
17.067955 4.34
17.098189 4.34
17.108956 4.34
17.139189 4.34
17.149957 4.34
17.180189 4.34
17.190954 4.34
17.221189 4.34
17.233690 4.34
17.262314 4.34
17.278190 4.34
17.303440 4.34
17.314190 4.34
17.349832 4.34
17.360565 4.34
17.391207 4.34
17.403706 4.34
17.432441 4.34
17.443191 4.34
17.478834 4.34
17.489566 4.34
17.520209 4.34
17.532722 4.34
17.561441 4.34
17.572192 4.34
17.607834 4.34
17.623834 4.34
17.649192 4.34
17.661567 4.34
17.690318 4.34
17.706318 4.34
17.731443 4.34
17.742193 4.34
17.777835 4.34
17.793834 4.34
17.819210 4.34
17.831568 4.34
17.860444 4.34
17.871193 4.34
17.906835 4.34
17.919224 4.34
17.948320 4.34
17.964194 4.34
17.989445 4.34
18.000194 4.34
18.035837 4.34
18.051838 4.34
18.077213 4.34
18.093321 4.34
18.118321 4.34
18.134196 4.34
18.159446 4.34
18.170321 4.34
18.205839 4.34
18.218227 4.34
18.247196 4.34
18.263211 4.34
18.288322 4.34
18.304197 4.34
18.329447 4.34
18.340197 4.34
18.375838 4.34
18.388217 4.34
18.417198 4.34
18.433215 4.34
18.458199 4.34
18.474216 4.34
18.499198 4.34
18.515214 4.34
18.540324 4.34
18.556199 4.34
18.581449 4.34
18.592324 4.34
18.627843 4.34
18.643839 4.34
18.669215 4.34
18.685216 4.34
18.710325 4.34
18.726200 4.34
18.751450 4.34
18.762325 4.34
18.797852 4.34
18.813719 4.34
18.839326 4.34
18.855201 4.34
18.880451 4.34
18.891201 4.34
18.926856 4.34
18.942732 4.34
18.968202 4.34
18.984216 4.34
19.009327 4.34
19.025202 4.34
19.050452 4.34
19.061202 4.34
19.096855 4.34
19.112732 4.34
19.138218 4.34
19.154219 4.34
19.179203 4.34
19.195221 4.34
19.220204 4.34
19.236220 4.34
19.261204 4.34
19.277221 4.34
19.302454 4.34
19.313204 4.34
19.348859 4.34
19.364705 4.34
19.390223 4.34
19.406219 4.34
19.431205 4.34
19.447220 4.34
19.472205 4.34
19.488224 4.34
19.513205 4.34
19.529223 4.34
19.554456 4.34
19.565331 4.34
19.600860 4.34
19.616847 4.34
19.642223 4.34
19.658223 4.34
19.683206 4.34
19.699207 4.34
19.724207 4.34
19.740207 4.34
19.765207 4.34
19.781225 4.34
19.806332 4.34
19.822208 4.34
19.849217 4.34
19.859987 4.34
19.890333 4.34
19.906209 4.34
19.933209 4.34
19.943975 4.34
19.974209 4.34
19.990209 4.34
20.015209 4.34
20.031209 4.34
20.056209 4.34
20.072210 4.34
20.097335 4.34
20.108210 4.34
20.140211 4.34
20.151102 4.34
20.181336 4.34
20.192228 4.34
20.224211 4.34
20.234990 4.34
20.265336 4.34
20.276211 4.34
20.308212 4.34
20.318979 4.34
20.349211 4.34
20.365212 4.34
20.390337 4.34
20.401212 4.34
20.433242 4.34
20.444102 4.34
20.476231 4.34
20.487106 4.34
20.517337 4.34
20.528231 4.34
20.563588 4.34
20.574463 4.34
20.604993 4.34
20.615867 4.34
20.646339 4.34
20.657214 4.34
20.692589 4.34
20.703339 4.34
20.733994 4.34
20.744869 4.34
20.775214 4.34
20.786105 4.34
20.816340 4.34
20.827215 4.34
20.862590 4.34
20.873340 4.34
20.903994 4.34
20.914870 4.34
20.945216 4.34
20.955983 4.34
20.986341 4.34
20.997216 4.34
21.032591 4.34
21.043341 4.34
21.074108 4.34
21.089984 4.34
21.115233 4.34
21.131342 4.34
21.156342 4.34
21.167218 4.34
21.202593 4.34
21.213343 4.34
21.243995 4.34
21.254719 4.34
21.285343 4.34
21.296218 4.34
21.331593 4.34
21.342344 4.34
21.372997 4.34
21.383720 4.34
21.414219 4.34
21.424984 4.34
21.455344 4.34
21.466220 4.34
21.501594 4.34
21.512345 4.34
21.543000 4.34
21.553875 4.34
21.584220 4.34
21.594987 4.34
21.625346 4.34
21.636220 4.34
21.671595 4.34
21.682346 4.34
21.713001 4.34
21.723723 4.34
21.754347 4.34
21.765222 4.34
21.800597 4.34
21.811347 4.34
21.842000 4.34
21.852874 4.34
21.883348 4.34
21.894223 4.34
21.929598 4.34
21.940473 4.34
21.971002 4.34
21.981875 4.34
22.012348 4.34
22.023223 4.34
22.058598 4.34
22.069474 4.34
22.100001 4.34
22.110725 4.34
22.141349 4.34
22.152224 4.34
22.187600 4.34
22.198350 4.34
22.229004 4.34
22.239879 4.34
22.270225 4.34
22.280994 4.34
22.311350 4.34
22.322226 4.34
22.357600 4.34
22.368351 4.34
22.399005 4.34
22.409880 4.34
22.440352 4.34
22.451227 4.34
22.486602 4.34
22.497477 4.34
22.528004 4.34
22.540602 4.34
22.569352 4.34
22.580228 4.34
22.615603 4.34
22.626478 4.34
22.657005 4.34
22.669603 4.34
22.698353 4.34
22.709229 4.34
22.744603 4.34
22.760603 4.34
22.786007 4.34
22.798604 4.34
22.827354 4.34
22.838229 4.34
22.873604 4.34
22.889604 4.34
22.915123 4.34
22.931121 4.34
22.956248 4.34
22.967123 4.34
23.002606 4.34
23.015107 4.34
23.044010 4.34
23.056606 4.34
23.085356 4.34
23.096231 4.34
23.131606 4.34
23.144107 4.34
23.173010 4.34
23.189011 4.34
23.214232 4.34
23.224997 4.34
23.255233 4.34
23.266000 4.34
23.296233 4.34
23.307000 4.34
23.337358 4.34
23.348233 4.34
23.383608 4.34
23.399608 4.34
23.425012 4.34
23.440888 4.34
23.466359 4.34
23.477234 4.34
23.512609 4.34
23.524985 4.34
23.554014 4.34
23.570012 4.34
23.595359 4.34
23.606235 4.34
23.641485 4.34
23.652234 4.34
23.682737 4.34
23.693611 4.34
23.724015 4.34
23.739891 4.34
23.765236 4.34
23.776001 4.34
23.806236 4.34
23.817004 4.34
23.847361 4.34
23.858237 4.34
23.893612 4.34
23.909487 4.34
23.935017 4.34
23.951017 4.34
23.976363 4.34
23.987237 4.34
24.022612 4.34
24.038488 4.34
24.064017 4.34
24.079893 4.34
24.105363 4.34
24.116239 4.34
24.151613 4.34
24.167488 4.34
24.193018 4.34
24.209018 4.34
24.234364 4.34
24.245240 4.34
24.280615 4.34
24.296489 4.34
24.322017 4.34
24.337893 4.34
24.363365 4.34
24.374241 4.34
24.409616 4.34
24.425490 4.34
24.451019 4.34
24.467020 4.34
24.492241 4.34
24.503006 4.34
24.533242 4.34
24.544008 4.34
24.574367 4.34
24.585242 4.34
24.620617 4.34
24.636492 4.34
24.662021 4.34
24.678019 4.34
24.703367 4.34
24.714136 4.34
24.749617 4.34
24.765493 4.34
24.791135 4.34
24.807136 4.34
24.832136 4.34
24.842885 4.34
24.873244 4.34
24.884011 4.34
24.914369 4.34
24.925137 4.34
24.960619 4.34
24.976619 4.34
25.002024 4.34
25.017897 4.34
25.043245 4.34
25.054010 4.34
25.084370 4.34
25.095138 4.34
25.130620 4.34
25.146621 4.34
25.172011 4.34
25.187898 4.34
25.213139 4.34
25.223888 4.34
25.254247 4.34
25.265015 4.34
25.297027 4.34
25.307747 4.34
25.340016 4.34
25.350901 4.34
25.382999 4.34
25.393901 4.34
25.424139 4.34
25.434889 4.34
25.467000 4.34
25.477748 4.34
25.508141 4.34
25.518889 4.34
25.551000 4.34
25.561749 4.34
25.592141 4.34
25.602892 4.34
25.635001 4.34
25.645749 4.34
25.676142 4.34
25.686893 4.34
25.722375 4.34
25.733143 4.34
25.763500 4.34
25.776001 4.34
25.804902 4.34
25.817376 4.34
25.846143 4.34
25.856905 4.34
25.887144 4.34
25.897906 4.34
25.930003 4.34
25.940752 4.34
25.971143 4.34
25.981904 4.34
26.017377 4.34
26.028145 4.34
26.058502 4.34
26.074633 4.34
26.099908 4.34
26.112502 4.34
26.141145 4.34
26.151907 4.34
26.187503 4.34
26.203635 4.34
26.228781 4.34
26.239636 4.34
26.270272 4.34
26.281022 4.34
26.311504 4.34
26.327637 4.34
26.352784 4.34
26.363638 4.02
26.394272 4.34
26.405022 4.34
26.435504 4.34
26.451638 4.34
26.476784 4.34
26.487636 4.34
26.518271 4.34
26.529148 4.34
26.564636 4.34
26.589149 4.34
26.599910 4.34
26.635635 4.34
26.646507 4.34
26.677149 4.34
26.687911 4.34
26.723382 4.34
26.734147 4.34
26.764507 4.34
26.780636 4.34
26.805786 4.34
26.816636 4.34
26.847275 4.34
26.858149 4.34
26.893383 4.34
26.904150 4.34
26.934508 4.34
26.950637 4.34
26.975787 4.34
26.986637 4.34
27.017277 4.34
27.028151 4.34
27.058509 4.34
27.074509 4.34
27.099788 4.34
27.110638 4.34
27.141277 4.34
27.152150 4.34
27.187385 4.34
27.198153 4.34
27.228511 4.34
27.244511 4.34
27.269788 4.34
27.280642 4.34
27.311153 4.34
27.321915 4.34
27.357386 4.34
27.368152 4.34
27.398511 4.34
27.414512 4.34
27.439792 4.34
27.450641 4.34
27.481262 4.34
27.492155 4.34
27.527388 4.34
27.538153 4.34
27.568513 4.34
27.584513 4.34
27.612916 4.34
27.628792 4.34
27.654264 4.34
27.665156 4.34
27.700389 4.34
27.711139 4.34
27.741514 4.34
27.757514 4.34
27.782791 4.34
27.793641 4.34
27.824157 4.34
27.834917 4.34
27.870515 4.34
27.886642 4.34
27.911795 4.34
27.922642 4.34
27.954892 4.34
27.965796 4.34
27.997910 4.34
28.008795 4.34
28.039266 4.34
28.050158 4.34
28.085392 4.34
28.096142 4.34
28.126517 4.34
28.142392 4.34
28.167794 4.34
28.180393 4.34
28.210924 4.34
28.221795 4.34
28.253925 4.34
28.264797 4.34
28.296912 4.34
28.307797 4.34
28.339913 4.34
28.350799 4.34
28.382895 4.34
28.393799 4.34
28.425895 4.34
28.436796 4.34
28.468896 4.34
28.479798 4.34
28.511896 4.34
28.522797 4.34
28.554896 4.34
28.565797 4.34
28.601395 4.34
28.613897 4.34
28.642521 4.34
28.658647 4.34
28.683801 4.34
28.696271 4.34
28.725164 4.34
28.735913 4.34
28.771396 4.34
28.783913 4.34
28.812522 4.34
28.828522 4.34
28.853802 4.34
28.866397 4.34
28.895165 4.34
28.905915 4.34
28.941677 4.34
28.952523 4.34
28.983166 4.34
28.993916 4.34
29.029650 4.34
29.040523 4.34
29.070929 4.34
29.087167 4.34
29.117399 4.34
29.129775 4.34
29.158524 4.34
29.174524 4.34
29.199803 4.34
29.215805 4.34
29.246400 4.34
29.262525 4.34
29.287525 4.34
29.303525 4.34
29.328802 4.34
29.344802 4.34
29.375401 4.34
29.391526 4.34
29.416526 4.34
29.432526 4.34
29.460806 4.34
29.476928 4.34
29.502167 4.34
29.512919 4.34
29.543277 4.34
29.554152 4.34
29.584402 4.34
29.600527 4.34
29.625528 4.34
29.636278 4.34
29.666808 4.34
29.682933 4.34
29.713528 4.34
29.724403 4.34
29.754809 4.34
29.770922 4.34
29.796170 4.34
29.806927 4.34
29.837279 4.34
29.848046 4.34
29.878404 4.34
29.894529 4.34
29.919530 4.34
29.930405 4.34
29.960809 4.34
29.976935 4.34
30.002170 4.34
30.012921 4.34
30.043281 4.34
30.054173 4.34
30.084281 4.34
30.095156 4.34
30.125281 4.34
30.136156 4.34
30.166282 4.34
30.177157 4.34
30.207282 4.34
30.218157 4.34
30.248282 4.34
30.259157 4.34
30.289283 4.34
30.300158 4.34
30.330282 4.34
30.341158 4.34
30.371283 4.34
30.382158 4.34
30.412283 4.34
30.423159 4.34
30.453284 4.34
30.464159 4.34
30.494284 4.34
30.505159 4.34
30.535284 4.34
30.546159 4.34
30.576285 4.34
30.587160 4.34
30.617285 4.34
30.628160 4.34
30.658285 4.34
30.669160 4.34
30.699285 4.34
30.710161 4.34
30.740286 4.34
30.751161 4.34
30.781286 4.34
30.792162 4.34
30.822286 4.34
30.833162 4.34
30.863286 4.34
30.874179 4.34
30.904287 4.34
30.920412 4.34
30.945287 4.34
30.956162 4.34
30.986288 4.34
30.997163 4.34
31.027413 4.34
31.043413 4.34
31.068538 4.34
31.079413 4.34
31.109815 4.34
31.125664 4.34
31.156538 4.34
31.167414 4.34
31.197818 4.34
31.213664 4.34
31.244539 4.34
31.255414 4.34
31.285818 4.34
31.301943 4.34
31.332415 4.34
31.348540 4.34
31.373540 4.34
31.384290 4.34
31.414817 4.34
31.430819 4.34
31.461415 4.34
31.477541 4.34
31.502540 4.34
31.513291 4.34
31.543820 4.34
31.559947 4.34
31.586793 4.34
31.597668 4.34
31.628183 4.34
31.638934 4.34
31.674418 4.34
31.690292 4.34
31.715542 4.34
31.726292 4.34
31.756819 4.34
31.772823 4.34
31.799794 4.34
31.810669 4.34
31.841186 4.34
31.851936 4.34
31.882419 4.34
31.898543 4.34
31.923544 4.34
31.934419 4.34
31.964823 4.34
31.980949 4.34
32.011419 4.34
32.027420 4.34
32.052545 4.34
32.063295 4.34
32.093949 4.34
32.104671 4.34
32.140421 4.34
32.156296 4.34
32.181546 4.34
32.192296 4.34
32.222826 4.34
32.238951 4.34
32.264297 4.34
32.280421 4.34
32.305422 4.34
32.316297 4.34
32.346674 4.34
32.362826 4.34
32.393423 4.34
32.404298 4.34
32.434548 4.34
32.445297 4.34
32.475828 4.34
32.486675 4.34
32.517192 4.34
32.527941 4.34
32.558174 4.34
32.568941 4.34
32.599174 4.34
32.609942 4.34
32.640174 4.34
32.650942 4.34
32.681175 4.34
32.691941 4.34
32.722175 4.34
32.732943 4.34
32.763175 4.34
32.773940 4.34
32.804175 4.34
32.814943 4.34
32.845190 4.34
32.856068 4.34
32.886176 4.34
32.896943 4.34
32.927176 4.34
32.937944 4.34
32.968177 4.34
32.978941 4.34
33.009177 4.34
33.019944 4.34
33.050178 4.34
33.060942 4.34
33.091177 4.34
33.101946 4.34
33.132178 4.34
33.142944 4.34
33.173178 4.34
33.183943 4.34
33.214178 4.34
33.224947 4.34
33.255179 4.34
33.265953 4.34
33.296179 4.34
33.306946 4.34
33.337179 4.34
33.347944 4.34
33.378180 4.34
33.388945 4.34
33.419180 4.34
33.429948 4.34
33.460180 4.34
33.470949 4.34
33.501181 4.34
33.511947 4.34
33.542181 4.34
33.552948 4.34
33.583181 4.34
33.593946 4.34
33.624181 4.34
33.634949 4.34
33.665181 4.34
33.675948 4.34
33.706182 4.34
33.716948 4.34
33.747182 4.34
33.757949 4.34
33.788183 4.34
33.798948 4.34
33.829183 4.34
33.839951 4.34
33.870183 4.34
33.880951 4.34
33.911183 4.34
33.921951 4.34
33.952184 4.34
33.962949 4.34
33.993184 4.34
34.003950 4.34
34.034184 4.34
34.044954 4.34
34.075185 4.34
34.085950 4.34
34.116185 4.34
34.126953 4.34
34.157185 4.34
34.167952 4.34
34.198185 4.34
34.210690 4.34
34.239186 4.34
34.249953 4.34
34.280201 4.34
34.292690 4.34
34.321311 4.34
34.337311 4.34
34.362311 4.34
34.378312 4.34
34.403312 4.34
34.419437 4.34
34.444312 4.34
34.460312 4.34
34.485312 4.34
34.501438 4.34
34.526313 4.34
34.542438 4.34
34.567313 4.34
34.583437 4.34
34.608313 4.34
34.624439 4.34
34.649314 4.34
34.665438 4.34
34.690314 4.34
34.706439 4.34
34.731314 4.34
34.747439 4.34
34.772314 4.34
34.788439 4.34
34.813440 4.34
34.824190 4.34
34.854722 4.34
34.870691 4.34
34.901440 4.34
34.912191 4.34
34.942692 4.34
34.958816 4.34
34.985570 4.34
34.996316 4.34
35.028570 4.34
35.039316 4.34
35.075209 4.34
35.087570 4.34
35.116441 4.34
35.127192 4.34
35.157567 4.34
35.173567 4.34
35.204208 4.34
35.220211 4.34
35.245443 4.02
35.256193 4.34
35.286694 4.02
35.297568 4.34
35.333443 4.34
35.344193 4.34
35.374568 4.34
35.390695 4.34
35.421209 4.34
35.437209 4.34
35.462444 4.34
35.473194 4.34
35.503569 4.34
35.515963 4.34
35.550213 4.34
35.566212 4.34
35.591445 4.34
35.602195 4.34
35.632696 4.34
35.643570 4.34
35.679446 4.34
35.690195 4.34
35.720697 4.34
35.731571 4.34
35.767447 4.34
35.778197 4.34
35.808572 4.34
35.824572 4.34
35.855214 4.34
35.871215 4.34
35.896448 4.34
35.907323 4.34
35.937573 4.34
35.953573 4.34
35.984213 4.34
36.000216 4.34
36.025448 4.34
36.036198 4.34
36.066699 4.34
36.077573 4.34
36.113216 4.34
36.129214 4.34
36.154449 4.34
36.165200 4.34
36.195701 4.34
36.206575 4.34
36.242215 4.34
36.258217 4.34
36.283450 4.34
36.294325 4.34
36.324702 4.34
36.335575 4.34
36.371451 4.34
36.382200 4.34
36.412703 4.34
36.423576 4.34
36.459219 4.34
36.475219 4.34
36.500452 4.34
36.511202 4.34
36.541703 4.34
36.552577 4.02
36.588453 4.34
36.599202 4.34
36.629704 4.34
36.640578 4.02
36.670846 4.34
36.681705 4.02
36.712328 4.34
36.723204 4.34
36.753453 4.34
36.764329 4.34
36.794705 4.34
36.805579 4.02
36.841222 4.34
36.857329 4.34
36.882454 4.34
36.893329 4.34
36.923723 4.34
36.934580 4.34
36.970331 4.34
36.981222 4.34
37.011455 4.34
37.022330 4.34
37.052723 4.34
37.063581 4.34
37.099456 4.34
37.112098 4.34
37.140708 4.34
37.151581 4.34
37.187222 4.34
37.203223 4.34
37.228457 4.34
37.240975 4.34
37.272709 4.34
37.283582 4.34
37.314225 4.34
37.330225 4.34
37.355458 4.34
37.366333 4.34
37.396710 4.34
37.407583 4.34
37.443226 4.34
37.459227 4.34
37.484459 4.34
37.496974 4.34
37.525710 4.34
37.536584 4.34
37.568464 4.34
37.579335 4.34
37.609711 4.34
37.620585 4.34
37.656225 4.34
37.672228 4.34
37.697460 4.34
37.709852 4.34
37.741712 4.34
37.752585 4.34
37.783228 4.34
37.799228 4.34
37.824461 4.34
37.836851 4.34
37.865713 4.34
37.876586 4.34
37.908466 4.34
37.919337 4.34
37.949714 4.34
37.960587 4.34
37.990989 4.34
38.001714 4.34
38.032213 4.34
38.042978 4.34
38.073338 4.34
38.084213 4.34
38.114463 4.34
38.126854 4.34
38.155715 4.34
38.166589 4.34
38.196994 4.34
38.212982 4.34
38.238214 4.34
38.248979 4.34
38.279340 4.34
38.290214 4.34
38.320465 4.34
38.332859 4.34
38.370107 4.34
38.386108 4.34
38.411215 4.34
38.421984 4.34
38.452341 4.34
38.463216 4.34
38.493466 4.34
38.509466 4.34
38.534718 4.34
38.545591 4.34
38.575996 4.34
38.592106 4.34
38.617217 4.34
38.627983 4.34
38.658342 4.34
38.669217 4.34
38.699467 4.34
38.715343 4.34
38.740719 4.34
38.751593 4.34
38.781996 4.34
38.792720 4.34
38.823218 4.34
38.833986 4.34
38.864343 4.02
38.875218 4.34
38.905469 4.34
38.921469 4.34
38.946721 4.34
38.957594 4.34
38.987997 4.34
38.998721 4.34
39.029220 4.34
39.039987 4.34
39.070345 4.34
39.081220 4.34
39.111470 4.34
39.127470 4.34
39.161113 4.34
39.177112 4.34
39.202346 4.34
39.213221 4.34
39.243471 4.34
39.259471 4.34
39.284723 4.02
39.295597 4.34
39.326001 4.34
39.342112 4.34
39.367222 4.34
39.377988 4.34
39.408348 4.34
39.419223 4.34
39.449473 4.34
39.465473 4.34
39.490598 4.34
39.501348 4.34
39.537241 4.34
39.547990 4.34
39.578349 4.34
39.589224 4.34
39.619474 4.02
39.635474 4.34
39.660726 4.34
39.671600 4.34
39.702004 4.34
39.717993 4.34
39.743225 4.34
39.753993 4.34
39.784351 4.34
39.795225 4.34
39.825475 4.34
39.841475 4.34
39.875118 4.34
39.891119 4.34
39.916227 4.34
39.926991 4.34
39.957352 4.34
39.968227 4.34
39.998477 4.34
40.014351 4.34
40.039728 4.34
40.050602 4.34
40.081006 4.34
40.097119 4.34
40.122228 4.34
40.132996 4.34
40.163353 4.34
40.175882 4.34
40.204478 4.34
40.220353 4.34
40.247488 4.34
40.258354 4.34
40.288603 4.34
40.299354 4.34
40.330008 4.34
40.346120 4.34
40.371354 4.34
40.383731 4.34
40.412604 4.34
40.423355 4.34
40.454007 4.34
40.466366 4.34
40.495355 4.34
40.507732 4.34
40.536480 4.34
40.547355 4.34
40.579366 4.34
40.590249 4.34
40.620481 4.34
40.636481 4.34
40.666885 4.34
40.679367 4.34
40.708232 4.34
40.718997 4.34
40.749357 4.34
40.765232 4.34
40.790482 4.34
40.806482 4.34
40.836888 4.34
40.849389 4.34
40.878251 4.34
40.889125 4.34
40.919484 4.34
40.930358 4.34
40.960609 4.34
40.971484 4.34
41.002125 4.34
41.013124 4.34
41.043359 4.34
41.055752 4.34
41.084484 4.34
41.095359 4.34
41.130890 4.34
41.146876 4.34
41.172250 4.02
41.183003 4.02
41.213486 4.34
41.224235 4.34
41.254611 4.34
41.265360 4.34
41.296015 4.34
41.312128 4.34
41.337361 4.34
41.353236 4.34
41.378487 4.34
41.389362 4.34
41.424889 4.34
41.435612 4.34
41.466256 4.34
41.477005 4.34
41.507487 4.34
41.518362 4.34
41.548613 4.02
41.559487 4.34
41.590017 4.34
41.606128 4.34
41.631363 4.34
41.647363 4.34
41.672488 4.34
41.683364 4.34
41.718896 4.34
41.729614 4.34
41.760258 4.34
41.771007 4.34
41.801490 4.34
41.812365 4.34
41.842615 4.34
41.853365 4.34
41.884020 4.34
41.900132 4.34
41.925365 4.34
41.941241 4.34
41.966490 4.34
41.977366 4.34
42.012883 4.34
42.028881 4.34
42.054258 4.34
42.065007 4.34
42.095492 4.34
42.106366 4.34
42.136617 4.34
42.147366 4.34
42.178022 4.34
42.193897 4.34
42.219367 4.34
42.235243 4.34
42.260493 4.34
42.271368 4.34
42.306883 4.34
42.317618 4.34
42.348136 4.34
42.358883 4.34
42.389244 4.34
42.400012 4.34
42.430244 4.34
42.441135 4.34
42.471369 4.34
42.487369 4.02
42.512495 4.34
42.523370 4.34
42.558888 4.34
42.574885 4.02
42.600137 4.02
42.610888 4.34
42.641371 4.34
42.657246 4.34
42.682496 4.34
42.693371 4.34
42.728900 4.34
42.744900 4.34
42.770139 4.34
42.780888 4.34
42.811247 4.34
42.823747 4.34
42.852372 4.34
42.868372 4.34
42.893497 4.02
42.904372 4.34
42.934902 4.34
42.947374 4.34
42.976373 4.34
42.992248 4.34
43.017498 4.34
43.028374 4.34
43.063903 4.34
43.079900 4.34
43.105142 4.02
43.115892 4.34
43.146249 4.34
43.158749 4.34
43.187375 4.34
43.203375 4.34
43.228499 4.34
43.239375 4.34
43.269903 4.02
43.282251 4.34
43.311375 4.34
43.327375 4.34
43.352501 4.34
43.363251 4.34
43.393904 4.34
43.409903 4.34
43.435143 4.34
43.445903 4.34
43.476377 4.34
43.492252 4.02
43.517502 4.34
43.528252 4.34
43.558753 4.34
43.569502 4.34
43.599907 4.02
43.615907 4.34
43.641144 4.02
43.651906 4.02
43.682378 4.02
43.698253 4.34
43.723503 4.34
43.734379 4.34
43.764907 4.34
43.780908 4.34
43.806254 4.02
43.818635 4.34
43.847379 4.34
43.863380 4.34
43.888505 4.34
43.899255 4.02
43.934909 4.34
43.950783 4.34
43.976256 4.34
43.992255 4.34
44.017255 4.34
44.033148 4.34
44.058381 4.34
44.074381 4.34
44.099506 4.34
44.110256 4.34
44.145911 4.34
44.161910 4.34
44.187257 4.34
44.203382 4.34
44.228382 4.34
44.244382 4.34
44.269507 4.34
44.280382 4.34
44.310912 4.34
44.326911 4.34
44.352258 4.34
44.368258 4.34
44.393383 4.34
44.409383 4.34
44.434508 4.34
44.445383 4.34
44.475910 4.34
44.491914 4.34
44.517151 4.34
44.527913 4.34
44.558384 4.34
44.574384 4.34
44.599509 4.34
44.610385 4.34
44.640912 4.34
44.656789 4.34
44.682260 4.34
44.698260 4.34
44.723385 4.34
44.739261 4.34
44.764510 4.34
44.775385 4.34
44.805915 4.34
44.821916 4.34
44.847154 4.34
44.858153 4.34
44.888262 4.34
44.904154 4.34
44.929262 4.34
44.945262 4.34
44.970387 4.34
44.986262 4.34
45.011512 4.34
45.022387 4.34
45.057917 4.34
45.073791 4.34
45.099263 4.34
45.116264 4.34
45.140388 4.34
45.156264 4.34
45.181513 4.34
45.192264 4.34
45.227916 4.34
45.243791 4.34
45.269264 4.34
45.285264 4.34
45.310264 4.34
45.326157 4.34
45.351265 4.34
45.367265 4.34
45.392390 4.34
45.408390 4.34
45.433515 4.34
45.444390 4.34
45.474920 4.34
45.490919 4.34
45.516266 4.34
45.532266 4.34
45.557392 4.34
45.573392 4.34
45.600286 4.34
45.611159 4.02
45.641267 4.34
45.657267 4.34
45.682267 4.34
45.698159 4.34
45.723268 4.34
45.739268 4.34
45.764393 4.34
45.775159 4.34
45.807269 4.34
45.818160 4.34
45.848269 4.34
45.864158 4.34
45.889394 4.34
45.900144 4.34
45.932270 4.34
45.943160 4.34
45.973394 4.34
45.984162 4.34
46.016271 4.34
46.027160 4.34
46.057395 4.34
46.068161 4.34
46.103646 4.34
46.116146 4.34
46.145161 4.34
46.157521 4.34
46.186271 4.34
46.202146 4.34
46.227271 4.34
46.238146 4.34
46.268271 4.34
46.279147 4.34
46.309271 4.34
46.320165 4.34
46.350272 4.34
46.361147 4.34
46.391272 4.34
46.402147 4.34
46.432273 4.34
46.443148 4.34
46.473398 4.34
46.484148 4.34
46.519650 4.34
46.535653 4.34
46.561165 4.34
46.577167 4.34
46.602149 4.34
46.614524 4.34
46.643274 4.34
46.659149 4.34
46.684274 4.34
46.695150 4.34
46.725275 4.34
46.736167 4.34
46.766400 4.34
46.777150 4.34
46.812652 4.34
46.828652 4.34
46.854166 4.34
46.870276 4.34
46.895151 4.34
46.911168 4.34
46.936151 4.34
46.952168 4.34
46.977169 4.34
46.993168 4.34
47.018152 4.34
47.034169 4.34
47.059152 4.34
47.075169 4.34
47.100278 4.34
47.116278 4.34
47.141278 4.34
47.152153 4.34
47.182278 4.34
47.193153 4.34
47.223278 4.34
47.234153 4.34
47.264279 4.34
47.275170 4.34
47.305279 4.34
47.316154 4.34
47.346279 4.34
47.357154 4.34
47.387404 4.34
47.398279 4.34
47.433655 4.34
47.449656 4.34
47.474933 4.34
47.485656 4.34
47.516280 4.34
47.532281 4.34
47.557281 4.34
47.568156 4.34
47.598281 4.34
47.609156 4.34
47.639406 4.34
47.650281 4.34
47.685657 4.34
47.701658 4.34
47.727199 4.34
47.743418 4.02
47.768848 4.34
47.785079 4.34
47.810413 4.34
47.821413 4.34
47.852068 4.68
47.864690 4.68
47.895188 4.68
47.906059 4.68
47.941812 4.68
47.957810 4.68
47.983174 4.68
47.999174 4.68
48.024172 4.68
48.040174 4.68
48.065175 4.68
48.081284 4.68
48.106174 4.68
48.122174 4.68
48.153079 4.68
48.169295 4.68
48.202809 4.68
48.218838 4.68
48.244056 4.68
48.256537 4.68
48.285177 4.68
48.301178 4.68
48.326287 4.68
48.342162 4.68
48.369192 4.68
48.380054 4.68
48.412193 4.68
48.423054 4.68
48.453844 4.68
48.470071 4.68
48.495419 4.68
48.506168 4.68
48.537055 4.68
48.549541 4.68
48.580195 4.68
48.591056 4.68
48.621692 4.68
48.637693 4.68
48.663055 4.68
48.675539 4.68
48.706188 4.68
48.717055 4.68
48.749191 4.68
48.760055 4.68
48.795539 4.68
48.808192 4.68
48.837053 4.68
48.853056 4.68
48.878180 4.68
48.894181 4.68
48.919182 4.68
48.935291 4.68
48.960179 4.68
48.976181 4.68
49.003066 4.68
49.014005 4.68
49.049922 4.68
49.060931 5.00
49.096702 5.35
49.112998 5.69
49.138301 6.01
49.149301 5.69
49.179924 5.69
49.190847 6.01
49.221187 5.69
49.231935 5.69
49.267671 5.69
49.283674 5.69
49.309186 5.69
49.325186 5.69
49.350294 6.01
49.361169 6.01
49.391293 6.01
49.402169 6.01
49.432293 6.01
49.443170 6.01
49.473419 6.01
49.484169 5.69
49.519671 5.69
49.535674 5.69
49.561186 5.69
49.577189 5.69
49.602170 5.69
49.612938 5.69
49.643170 6.01
49.653937 6.01
49.684171 6.01
49.694939 6.01
49.725296 6.01
49.736171 5.69
49.766296 5.69
49.777171 6.01
49.807297 6.01
49.818172 6.01
49.848297 6.01
49.859188 6.01
49.894547 6.01
49.905297 6.01
49.935674 6.01
49.951674 6.01
49.977190 5.69
49.993190 5.69
50.018173 6.01
50.028942 6.01
50.059173 6.01
50.069940 6.01
50.100174 6.01
50.110939 6.01
50.141174 6.01
50.151941 6.01
50.182174 5.69
50.192943 5.69
50.223175 5.69
50.233940 6.01
50.264191 6.01
50.274943 6.01
50.305300 6.01
50.316176 5.69
50.346300 5.69
50.357176 5.69
50.387301 5.69
50.398175 5.69
50.428301 5.69
50.439176 6.01
50.469301 6.01
50.480176 6.01
50.510302 6.01
50.521177 5.69
50.551302 5.69
50.562177 5.69
50.592303 6.01
50.603178 6.01
50.633302 6.01
50.644178 6.01
50.674302 6.01
50.685178 6.01
50.720428 5.69
50.731178 5.69
50.766680 5.69
50.782680 5.69
50.808195 6.01
50.824196 5.69
50.849196 5.69
50.859947 6.01
50.890304 6.01
50.901180 6.01
50.931304 5.69
50.942180 6.01
50.974056 6.01
50.984960 6.01
51.015195 5.69
51.025947 5.69
51.056180 6.01
51.066949 6.01
51.097181 6.01
51.107949 6.01
51.138181 6.01
51.148948 6.01
51.179182 5.69
51.189949 5.69
51.220182 5.69
51.230947 5.69
51.261182 5.69
51.271947 6.01
51.302182 6.01
51.312948 5.69
51.343182 6.01
51.353948 5.69
51.384183 5.69
51.394950 5.69
51.425183 5.69
51.435951 6.01
51.466184 6.01
51.476948 6.01
51.507184 6.01
51.517951 6.01
51.548184 6.01
51.558952 6.01
51.589185 5.69
51.599951 5.69
51.630185 5.69
51.640952 6.01
51.671185 6.01
51.681951 6.01
51.712185 6.01
51.722952 5.69
51.753186 5.69
51.763953 5.69
51.794186 5.69
51.804952 6.01
51.835186 6.01
51.845954 6.01
51.876186 6.01
51.886954 6.01
51.917187 6.01
51.927952 5.69
51.958187 5.69
51.968952 5.69
51.999188 6.01
52.009954 6.01
52.040188 5.69
52.050956 5.69
52.081187 5.69
52.091953 6.01
52.122188 5.69
52.132954 5.69
52.163203 5.69
52.174086 5.69
52.204189 5.69
52.214954 6.01
52.245189 6.01
52.255956 6.01
52.286314 6.01
52.297082 6.01
52.332440 6.01
52.343190 6.01
52.373691 5.69
52.384565 5.69
52.415207 6.01
52.425957 6.01
52.461565 6.01
52.477441 6.01
52.502970 5.69
52.518976 6.01
52.544316 6.01
52.555191 6.01
52.590566 5.69
52.606441 6.01
52.631971 6.01
52.647970 6.01
52.673317 6.01
52.684192 5.69
52.719567 6.01
52.735442 5.69
52.760971 5.69
52.777210 5.69
52.802318 6.01
52.813193 6.01
52.848568 6.01
52.864568 6.01
52.889972 6.01
52.906087 6.01
52.931319 6.01
52.942194 5.69
52.977569 5.69
52.993570 5.69
53.019087 5.69
53.035212 5.69
53.060212 5.69
53.071087 5.69
53.106570 5.69
53.122445 6.01
53.147974 5.69
53.163974 6.01
53.189321 5.69
53.200196 6.01
53.235571 6.01
53.251446 5.69
53.276976 5.69
53.292964 6.01
53.318197 5.69
53.328962 5.69
53.359322 6.01
53.370197 5.69
53.405572 6.01
53.421572 6.01
53.446977 6.01
53.462975 6.01
53.488198 6.01
53.498966 6.01
53.529199 6.01
53.539963 6.01
53.571950 5.69
53.582841 5.69
53.613217 6.01
53.623964 6.01
53.659574 6.01
53.675574 6.01
53.700978 6.01
53.716841 5.69
53.743951 6.01
53.754852 6.01
53.786952 6.01
53.797701 5.69
53.829952 6.01
53.840854 6.01
53.872952 6.01
53.883702 6.01
53.914216 5.69
53.924969 6.01
53.960576 6.01
53.976451 6.01
54.001980 6.01
54.017981 6.01
54.044953 6.01
54.055856 6.01
54.087953 6.01
54.098704 6.01
54.130954 6.01
54.141857 6.01
54.173954 5.69
54.184704 5.69
54.220578 5.69
54.236578 6.01
54.261983 5.69
54.277846 6.01
54.304955 6.01
54.315705 6.01
54.347955 6.01
54.358847 6.01
54.394454 5.69
54.406956 6.01
54.435706 6.01
54.446580 5.69
54.476983 6.01
54.492984 6.01
54.519956 6.01
54.530857 6.01
54.561230 5.69
54.571974 5.69
54.602456 6.01
54.614832 6.01
54.643707 6.01
54.654581 6.01
54.685223 6.01
54.695974 6.01
54.726457 5.69
54.742457 5.69
54.767708 5.69
54.778582 5.69
54.808987 6.01
54.824986 5.69
54.855582 6.01
54.866457 6.01
54.896987 6.01
54.913226 6.01
54.943458 6.01
54.959584 6.01
54.984709 6.01
54.995584 6.01
55.025988 6.01
55.041849 5.69
55.072459 5.69
55.088459 5.69
55.113710 5.69
55.124584 5.69
55.154989 6.01
55.165864 6.01
55.201460 5.69
55.217585 6.01
55.245862 6.01
55.261712 6.01
55.287226 6.01
55.297978 6.01
55.328461 6.01
55.344461 6.01
55.369739 5.69
55.380586 5.69
55.411229 5.69
55.422104 6.01
55.457337 5.69
55.468229 6.01
55.498462 6.01
55.514462 6.01
55.539743 5.69
55.550588 6.01
55.581104 6.01
55.591854 6.01
55.627463 5.69
55.643589 6.01
55.668732 6.01
55.679589 6.01
55.709867 6.01
55.725855 5.69
55.751232 6.01
55.761982 6.01
55.792464 6.01
55.808339 5.69
55.833715 6.01
55.844590 5.69
55.874992 5.69
55.885716 5.69
55.921465 6.01
55.937590 5.69
55.962716 6.01
55.973590 6.01
56.003995 6.01
56.014717 6.01
56.050466 6.01
56.066466 6.01
56.091592 6.01
56.102341 6.01
56.132995 6.01
56.143869 6.01
56.179467 6.01
56.195592 5.69
56.220719 6.01
56.231592 5.69
56.261995 5.69
56.272719 6.01
56.308593 6.01
56.319468 6.01
56.349995 6.01
56.360870 6.01
56.396468 6.01
56.412468 6.01
56.437720 6.01
56.448594 6.01
56.478996 5.69
56.489721 5.69
56.525595 6.01
56.536470 5.69
56.566997 5.69
56.577721 5.69
56.613346 6.01
56.624238 5.69
56.654471 5.69
56.670345 5.69
56.695722 6.01
56.706595 6.01
56.736999 6.01
56.747876 6.01
56.783596 5.69
56.794346 6.01
56.825001 5.69
56.835875 5.69
56.871597 6.01
56.882597 6.01
56.913114 5.69
56.924114 5.69
56.959597 5.69
56.970348 6.01
57.001114 5.69
57.012115 6.01
57.047598 6.01
57.058348 6.01
57.089113 6.01
57.099865 6.01
57.135599 5.69
57.146349 6.01
57.177001 5.69
57.187877 6.01
57.223474 6.01
57.239600 5.69
57.264726 6.01
57.277225 6.01
57.306002 5.69
57.316727 6.01
57.352600 5.69
57.363475 6.01
57.394004 5.69
57.404880 5.69
57.440476 6.01
57.456601 5.69
57.481728 6.01
57.494227 6.01
57.523006 5.69
57.533883 6.01
57.569602 6.01
57.580352 6.01
57.611006 6.01
57.621882 6.01
57.657603 5.69
57.668352 6.01
57.699007 5.69
57.709882 5.69
57.745478 6.01
57.761603 5.69
57.786730 6.01
57.802881 5.69
57.829731 6.01
57.840603 6.01
57.871009 6.01
57.881730 6.01
57.912355 5.69
57.924732 6.01
57.953479 6.01
57.964354 5.69
57.994732 6.01
58.007230 5.69
58.036009 6.01
58.046732 6.01
58.077356 6.01
58.093481 6.01
58.118481 6.01
58.129356 6.01
58.159734 5.69
58.175885 5.69
58.201011 6.01
58.211883 5.69
58.242357 5.69
58.258482 6.01
58.283482 6.01
58.294357 6.01
58.324607 6.01
58.335358 6.01
58.366013 5.69
58.376886 6.01
58.407233 5.69
58.417998 6.01
58.448233 6.01
58.459000 6.01
58.489359 6.01
58.505484 6.01
58.530484 6.01
58.541359 5.69
58.571736 5.69
58.587889 6.01
58.613011 6.01
58.623736 6.01
58.654360 6.01
58.670485 5.69
58.695485 6.01
58.706235 6.01
58.736736 6.01
58.752737 5.69
58.783486 6.01
58.794361 5.69
58.824738 6.01
58.840891 5.69
58.871487 6.01
58.882361 6.01
58.912611 6.01
58.923361 6.01
58.954017 6.01
58.964890 6.01
58.995362 6.01
59.011487 6.01
59.036487 6.01
59.047362 5.69
59.077740 6.01
59.093891 6.01
59.124488 6.01
59.135363 6.01
59.165740 5.69
59.181891 6.01
59.212488 6.01
59.223239 5.69
59.253740 6.01
59.269893 6.01
59.294891 5.69
59.305741 6.01
59.341490 6.01
59.352240 6.01
59.382742 6.01
59.398895 5.69
59.424018 6.01
59.434893 6.01
59.465241 6.01
59.476007 6.01
59.506366 6.01
59.522491 6.01
59.547491 6.01
59.558242 6.01
59.588771 6.01
59.604743 6.01
59.635492 6.01
59.646367 5.69
59.676742 6.01
59.692769 5.69
59.718019 6.01
59.728897 6.01
59.759368 6.01
59.775368 6.01
59.800493 6.01
59.811368 6.01
59.841744 5.69
59.857744 6.01
59.888369 5.69
59.904369 5.69
59.929494 6.01
59.940244 5.69
59.970744 6.01
59.986745 6.01
60.017369 6.01
60.033370 6.01
60.058495 6.01
60.069245 6.01
60.099620 6.01
60.112245 6.01
60.142749 5.69
60.153620 5.69
60.189371 6.01
60.205371 5.69
60.230496 6.01
60.241246 6.01
60.271747 5.69
60.287747 6.01
60.318372 6.01
60.334372 6.01
60.359497 6.01
60.370372 6.01
60.400748 6.01
60.416748 6.01
60.442140 6.01
60.452888 5.69
60.483373 6.01
60.499373 6.01
60.524373 6.01
60.540373 6.01
60.565498 6.01
60.576249 6.01
60.606900 6.01
60.617624 6.01
60.648143 5.69
60.658890 6.01
60.689374 6.01
60.705374 5.69
60.730500 6.01
60.741250 6.01
60.771904 6.01
60.782750 6.01
60.813142 6.01
60.823903 6.01
60.854375 6.01
60.865144 6.01
60.895501 5.69
60.906376 6.01
60.936751 6.01
60.947501 6.01
60.983266 6.01
60.995644 6.01
61.024635 6.01
61.040634 6.01
61.071271 6.01
61.087269 6.01
61.112635 6.01
61.128634 6.01
61.159270 6.01
61.175269 6.01
61.200503 6.01
61.211253 6.01
61.241906 6.01
61.252753 6.01
61.283254 6.01
61.299254 6.01
61.324253 6.01
61.340255 6.01
61.365254 6.01
61.381254 6.01
61.406379 6.01
61.417255 6.01
61.447504 6.01
61.458380 6.01
61.488785 6.01
61.499505 6.01
61.530256 6.01
61.546256 6.01
61.571256 6.01
61.587381 6.01
61.612256 6.01
61.628381 6.01
61.653256 6.01
61.669381 6.01
61.694382 6.01
61.705150 6.01
61.735507 6.01
61.746382 6.01
61.776911 6.01
61.787786 6.01
61.818258 6.01
61.834382 6.01
61.859383 6.01
61.870150 6.01
61.900508 6.01
61.911383 6.01
61.941911 6.01
61.952788 6.01
61.983258 6.01
61.999384 6.01
62.024384 6.01
62.035151 6.01
62.065509 6.01
62.076259 6.01
62.106914 6.01
62.117789 6.01
62.148260 6.01
62.164385 5.69
62.189385 6.01
62.200152 6.01
62.230510 5.69
62.241385 6.01
62.271915 6.01
62.282788 6.01
62.313261 6.01
62.329386 5.69
62.354261 5.35
62.370386 5.35
62.395900 5.00
62.406824 4.34
62.437534 4.34
62.448519 4.34
62.484392 4.34
62.495267 4.34
62.525926 4.34
62.536796 4.34
62.567264 4.34
62.583265 4.34
62.608389 4.34
62.619264 4.34
62.649513 4.34
62.660388 4.34
62.690792 4.34
62.701642 4.34
62.732264 4.34
62.748389 4.34
62.773264 4.34
62.789405 4.34
62.814899 4.34
62.825823 4.34
62.856650 4.34
62.872812 4.34
62.901281 4.34
62.917394 4.34
62.942800 4.34
62.953645 4.34
62.984267 4.34
63.000392 4.34
63.025391 4.34
63.036156 4.34
63.066517 4.34
63.079157 4.34
63.109521 4.34
63.120392 4.34
63.150795 4.34
63.161644 4.34
63.197392 4.34
63.208159 4.34
63.238517 4.34
63.250922 4.34
63.281522 4.34
63.292393 4.34
63.322798 4.34
63.333644 4.34
63.364269 4.34
63.380394 4.34
63.405394 4.34
63.416269 4.34
63.446518 4.34
63.462518 4.34
63.490795 4.34
63.501645 4.34
63.532408 4.34
