0.000000 0.000000
0.041806 4.34
0.052682 4.34
0.083344 4.34
0.094473 3.01
0.126633 2.66
0.137825 2.66
0.173440 2.66
0.184454 2.66
0.220071 2.66
0.236072 2.66
0.261179 2.66
0.277052 2.66
0.302176 2.66
0.318051 2.66
0.343176 2.66
0.359050 2.66
0.384175 2.66
0.400050 2.66
0.425175 2.66
0.441049 2.66
0.466175 2.66
0.482075 2.66
0.507442 2.66
0.518317 2.66
0.548676 2.66
0.559426 2.66
0.595077 2.66
0.605802 2.66
0.636442 2.66
0.647318 2.66
0.677677 2.66
0.688427 2.66
0.724079 2.66
0.734803 2.66
0.765693 2.66
0.776693 2.66
0.807332 2.66
0.818329 2.66
0.850630 2.66
0.861569 2.66
0.892209 2.66
0.908439 2.66
0.933830 2.66
0.944818 2.66
0.975598 4.02
0.991818 4.34
1.020208 4.34
1.036438 4.34
1.061812 4.34
1.072811 4.34
1.103324 4.34
1.114327 4.34
1.144683 4.34
1.155557 4.34
1.191323 4.34
1.202072 4.34
1.232432 4.34
1.243320 4.34
1.273432 4.34
1.284322 4.34
1.314433 4.34
1.325324 4.34
1.355433 4.34
1.366324 4.34
1.396448 4.34
1.408960 4.34
1.443346 4.34
1.454349 4.34
1.490231 4.34
1.501231 4.34
1.531817 4.34
1.542816 4.34
1.573331 4.34
1.584082 4.34
1.616600 4.34
1.627438 4.34
1.658215 4.34
1.669217 4.34
1.699692 4.34
1.710567 4.34
1.741335 4.34
1.752084 4.34
1.782689 4.34
1.793564 4.34
1.824094 4.34
1.840094 4.34
1.865454 4.68
1.877966 4.34
1.906687 4.34
1.917454 4.34
1.947687 4.34
1.958437 4.34
1.994093 4.34
2.010078 4.34
2.038090 4.34
2.050440 4.34
2.079456 4.34
2.095453 4.34
2.120439 4.34
2.132814 4.68
2.161565 4.34
2.177565 4.68
2.207815 4.68
2.218690 4.68
2.249333 4.34
2.260338 4.68
2.290441 4.68
2.302815 4.68
2.331441 4.34
2.347441 4.68
2.372441 4.34
2.384816 4.68
2.413567 4.68
2.429441 4.68
2.454692 4.68
2.465567 4.34
2.501097 4.34
2.517095 4.34
2.542443 4.68
2.558459 4.68
2.583568 4.68
2.599443 4.34
2.624693 4.68
2.635568 4.68
2.671097 4.34
2.687084 4.68
2.712459 4.34
2.728462 4.34
2.753569 4.34
2.769444 4.68
2.794694 4.68
2.805569 4.34
2.841101 4.34
2.857085 4.68
2.882461 4.34
2.898463 4.34
2.923695 4.34
2.934571 4.34
2.970087 4.34
2.986085 4.68
3.011463 4.68
3.027447 4.34
3.052572 4.68
3.068446 4.34
3.093697 4.34
3.104447 4.34
3.140101 4.34
3.156089 4.34
3.181465 4.34
3.197462 4.34
3.222448 4.34
3.238448 4.68
3.263448 4.34
3.279449 4.68
3.304449 4.34
3.320449 4.34
3.345448 4.34
3.361574 4.34
3.386449 4.34
3.402449 4.68
3.427575 4.34
3.443575 4.34
3.468700 4.68
3.479449 4.34
3.515090 4.34
3.530952 4.34
3.556467 4.34
3.572451 4.34
3.597451 4.34
3.613451 4.34
3.638576 4.34
3.654576 4.34
3.679701 4.34
3.690451 4.34
3.726092 4.34
3.741953 4.34
3.767231 4.68
3.777953 4.34
3.808453 4.68
3.824453 4.34
3.849453 4.34
3.865578 4.68
3.890453 4.68
3.906453 4.34
3.931578 4.68
3.947578 4.68
3.974454 4.34
3.985221 4.34
4.015454 4.34
4.031346 4.68
4.056454 4.34
4.072345 4.34
4.097455 4.34
4.113347 4.34
4.138455 4.68
4.154346 4.34
4.179580 4.68
4.195455 4.34
4.222456 4.34
4.233223 4.34
4.263456 4.68
4.279346 4.68
4.304456 4.68
4.320456 4.68
4.345582 4.68
4.361582 4.68
4.388457 4.68
4.399350 4.68
4.429457 4.34
4.445350 4.68
4.470583 4.68
4.481349 4.34
4.513489 4.34
4.524238 4.34
4.556487 4.34
4.567225 4.68
4.599489 4.34
4.610225 4.68
4.645834 4.68
4.656709 4.68
4.687226 4.34
4.697960 4.68
4.728585 4.68
4.739352 4.68
4.774835 4.68
4.785585 4.34
4.816241 4.34
4.826961 4.68
4.857461 4.68
4.873461 4.68
4.898586 4.68
4.909354 4.68
4.944837 4.68
4.969242 4.34
4.980114 4.68
5.010462 4.34
5.021229 4.68
5.051587 4.34
5.062355 4.68
5.097846 4.68
5.108588 4.68
5.139230 4.34
5.150118 4.68
5.180478 4.68
5.191229 4.68
5.226847 4.68
5.237714 4.34
5.268231 4.68
5.278964 4.68
5.309589 4.68
5.320357 4.68
5.355847 4.68
5.366589 4.34
5.397243 4.34
5.413232 4.34
5.438590 4.34
5.449355 4.68
5.484848 4.68
5.495591 4.34
5.526118 4.34
5.536993 4.68
5.567359 4.68
5.583233 4.34
5.608358 4.34
5.624232 4.68
5.649467 4.68
5.665359 4.34
5.690467 4.34
5.701232 4.68
5.731593 4.68
5.742360 4.34
5.777852 4.68
5.802245 4.68
5.812996 4.34
5.843469 4.68
5.854358 4.68
5.884469 4.34
5.895360 4.34
5.925469 4.68
5.936362 4.68
5.966470 4.68
5.977362 4.34
6.007470 4.68
6.018362 4.68
6.048470 4.34
6.059361 4.68
6.089470 4.68
6.100364 4.34
6.130471 4.68
6.141364 4.34
6.171471 4.34
6.182363 4.68
6.212596 4.34
6.223362 4.34
6.258850 4.34
6.274851 4.68
6.300362 4.68
6.316365 4.34
6.341472 4.34
6.357473 4.34
6.382473 4.34
6.393365 4.34
6.423473 4.34
6.434364 4.34
6.464474 4.34
6.475364 4.34
6.505474 4.34
6.516366 4.34
6.546599 4.34
6.557474 4.34
6.592856 4.34
6.608856 4.34
6.634367 4.34
6.650368 4.34
6.675475 4.34
6.686368 4.34
6.716600 4.34
6.727476 4.34
6.762855 4.34
6.778856 4.34
6.804130 4.68
6.815006 4.68
6.845476 4.68
6.861477 4.68
6.886477 4.34
6.897367 4.34
6.927602 4.34
6.938369 4.34
6.973855 4.34
6.989855 4.34
7.015370 4.68
7.031371 4.34
7.056478 4.34
7.072478 4.68
7.097478 4.34
7.108354 4.68
7.138479 4.34
7.149369 4.34
7.179496 4.68
7.190369 4.34
7.220604 4.34
7.231372 4.34
7.266858 4.68
7.282862 4.34
7.308372 4.34
7.324373 4.34
7.349480 4.34
7.360370 4.68
7.390481 4.34
7.401371 4.34
7.431481 4.68
7.442373 4.34
7.472481 4.34
7.483374 4.68
7.513482 4.68
7.524374 4.68
7.554607 4.68
7.565372 4.34
7.600867 4.68
7.616866 4.34
7.642011 4.34
7.657865 4.68
7.683483 4.68
7.694373 4.34
7.724483 4.34
7.735373 4.34
7.765484 4.34
7.776358 4.34
7.806484 4.68
7.817359 4.68
7.847609 4.68
7.858359 4.68
7.893860 4.34
7.909861 4.68
7.935375 4.34
7.951377 4.34
7.976378 4.34
7.987128 4.34
8.017611 4.34
8.028360 4.34
8.063862 4.34
8.079862 4.34
8.105378 4.34
8.121487 4.34
8.146362 4.34
8.157130 4.34
8.187487 4.34
8.198362 4.34
8.228487 4.34
8.239379 4.34
8.269487 4.34
8.280362 4.34
8.310488 4.34
8.321363 4.34
8.351488 4.34
8.362378 4.34
8.392613 4.34
8.403364 4.34
8.438903 4.34
8.454886 4.34
8.480381 4.34
8.496381 4.34
8.521382 4.34
8.532132 4.68
8.562615 4.34
8.573490 4.68
8.608866 4.34
8.624867 4.34
8.650381 4.34
8.666384 4.34
8.691616 4.34
8.702491 4.34
8.737868 4.34
8.753868 4.34
8.779382 4.34
8.795381 4.34
8.820367 4.34
8.831133 4.34
8.861492 4.34
8.872368 4.34
8.902493 4.34
8.913368 4.34
8.943493 4.34
8.954368 4.34
8.984618 4.34
8.995494 4.34
9.030870 4.34
9.046874 4.34
9.072386 4.34
9.088384 4.34
9.113494 4.34
9.124370 4.34
9.154495 4.34
9.165370 4.34
9.195495 4.34
9.206388 4.34
9.236495 4.34
9.247370 4.34
9.277495 4.34
9.288370 4.34
9.318496 4.34
9.329371 4.34
9.361247 4.34
9.372151 4.34
9.402386 4.34
9.413138 4.34
9.443512 4.34
9.454388 4.34
9.489873 4.34
9.505874 4.34
9.531269 4.34
9.547263 4.34
9.577748 4.34
9.593874 4.34
9.619028 4.34
9.629874 4.34
9.660499 4.34
9.671263 4.34
9.702051 4.34
9.713049 4.34
9.743504 4.34
9.754522 4.34
9.785037 4.34
9.795878 4.68
9.826519 4.68
9.837392 5.00
9.872876 5.00
9.888750 5.00
9.914138 5.35
9.926759 5.35
9.961059 5.35
9.971883 5.35
10.007754 5.35
10.023880 5.35
10.049038 5.35
10.059879 5.35
10.090503 5.35
10.101378 5.35
10.131753 5.35
10.144253 5.35
10.173031 5.35
10.183753 5.35
10.219892 5.35
10.230891 5.35
10.261512 5.35
10.272511 5.35
10.303009 5.35
10.314058 5.35
10.346258 5.35
10.357272 5.35
10.387506 5.35
10.398381 5.35
10.428756 5.35
10.441256 5.35
10.470035 5.35
10.480755 5.35
10.516954 5.35
10.528062 5.35
10.558513 5.35
10.569512 5.35
10.600010 5.35
10.611057 5.35
10.643136 5.35
10.654027 5.35
10.689884 5.35
10.700757 5.35
10.731399 5.35
10.742151 5.35
10.777884 5.35
10.788758 5.35
10.819513 5.35
10.830513 5.35
10.861042 5.35
10.871887 5.35
10.902400 5.35
10.913150 5.35
10.943759 5.69
10.959885 5.35
10.985037 5.69
10.995885 5.35
11.026384 5.35
11.037152 5.35
11.067510 5.35
11.078401 5.69
11.109141 5.35
11.125280 5.35
11.155763 5.35
11.171921 5.35
11.197402 5.35
11.208275 5.35
11.243762 5.35
11.259916 5.35
11.285038 5.35
11.295761 5.35
11.326400 5.35
11.337275 5.35
11.372762 5.35
11.389081 5.35
11.414415 5.35
11.425413 5.69
11.456069 5.69
11.466892 5.69
11.502765 5.69
11.518765 6.01
11.544411 6.01
11.555161 0.05
11.585767 0.05
11.601766 12.32
11.627174 6.01
11.643409 6.36
11.668390 0.05
11.679156 0.05
11.709390 6.01
11.720156 6.01
11.750390 0.05
11.761158 6.36
11.791390 6.36
11.802156 12.32
11.832391 12.32
11.843407 12.32
11.874076 6.36
11.886649 6.36
11.920898 0.05
11.931772 12.32
11.964147 6.36
11.975145 6.36
12.005413 6.36
12.016162 6.36
12.046768 0.05
12.062768 6.01
12.088018 12.32
12.098768 6.36
12.129411 0.05
12.140411 6.36
12.171070 6.36
12.183651 6.36
12.217900 0.05
12.228773 0.05
12.264772 6.01
12.280771 6.36
12.306148 6.01
12.322020 0.05
12.347413 6.01
12.358162 6.36
12.393645 6.01
12.404395 6.01
12.435021 0.05
12.445769 6.36
12.476410 0.05
12.487287 12.32
12.517396 12.32
12.528287 0.05
12.558396 6.01
12.569285 12.32
12.599397 0.05
12.610287 12.32
12.640397 12.32
12.651287 12.32
12.683175 0.05
12.693925 6.36
12.729930 6.36
12.740980 6.01
12.776777 6.36
12.787787 6.36
12.818421 6.36
12.829421 6.36
12.859938 6.36
12.870776 6.36
12.901293 6.36
12.912026 6.36
12.942650 6.36
12.953400 6.36
12.983931 6.36
12.994775 6.36
13.025293 6.36
13.036025 6.36
13.068180 6.36
13.078931 6.36
13.109788 6.36
13.120785 6.36
13.151424 6.36
13.162307 6.36
13.192940 6.36
13.203779 6.36
13.234420 6.36
13.245296 6.36
13.275935 6.36
13.286778 6.36
13.317420 6.36
13.328294 6.36
13.358652 6.36
13.371058 6.36
13.400061 6.36
13.416311 6.36
13.446954 6.36
13.457956 6.36
13.493784 6.36
13.504783 6.36
13.535301 6.36
13.546050 6.36
13.576656 6.36
13.592781 6.36
13.617936 6.36
13.628780 6.36
13.659420 6.36
13.670297 6.36
13.700950 6.36
13.711786 6.36
13.742300 6.36
13.753299 6.36
13.788783 6.36
13.799783 6.36
13.830298 6.36
13.841298 6.36
13.871656 6.36
13.887782 6.36
13.912937 6.36
13.923782 6.36
13.954423 6.36
13.965299 6.36
13.995658 6.36
14.011782 6.36
14.036938 6.36
14.047783 6.36
14.078425 6.36
14.089300 6.36
14.119659 6.36
14.135784 6.36
14.160940 6.36
14.171784 6.36
14.202425 6.36
14.213302 6.36
14.243660 6.36
14.259785 6.36
14.285315 6.36
14.296311 6.36
14.326956 6.36
14.337791 6.36
14.368431 6.36
14.379308 6.36
14.409944 6.36
14.420788 6.36
14.451430 6.36
14.462301 6.36
14.497662 6.36
14.513536 6.36
14.538940 6.36
14.549787 6.36
14.585794 6.36
14.596793 6.36
14.629078 6.36
14.639950 6.36
14.675971 6.36
14.686969 6.36
14.722793 6.36
14.733792 6.36
14.764309 6.36
14.775059 6.36
14.805666 6.36
14.821790 6.36
14.846946 6.36
14.857790 6.36
14.888433 6.36
14.899307 6.36
14.929665 6.36
14.945790 6.36
14.970944 6.36
14.981791 6.36
15.017806 6.36
15.028804 6.36
15.064682 6.36
15.075678 6.36
15.106315 6.36
15.117318 6.36
15.147797 6.36
15.158671 6.36
15.189437 6.36
15.200187 6.36
15.230794 6.36
15.241669 6.36
15.272198 6.36
15.283061 6.36
15.318793 6.36
15.329544 6.36
15.360198 6.36
15.370919 6.36
15.406794 6.36
15.417544 6.36
15.448199 6.36
15.458920 6.36
15.494670 6.36
15.510795 6.36
15.535921 6.36
15.546795 6.36
15.577200 6.36
15.587922 6.36
15.623671 6.36
15.639671 6.36
15.664922 6.36
15.675796 6.36
15.706200 6.36
15.717076 6.36
15.752797 6.36
15.763547 6.36
15.794199 6.36
15.804924 6.36
15.840673 6.36
15.856797 6.36
15.881939 6.36
15.894548 6.36
15.925050 6.36
15.935925 6.36
15.968050 6.36
15.978925 6.36
16.011051 6.36
16.021926 6.36
16.054051 6.36
16.064926 6.36
16.096926 6.36
16.107800 6.36
16.138204 6.36
16.149078 6.36
16.184675 6.36
16.200800 6.36
16.225927 6.36
16.238426 6.36
16.267205 6.36
16.278078 6.36
16.313801 6.36
16.324676 6.36
16.355204 6.36
16.366079 6.36
16.396552 6.36
16.408929 6.36
16.437677 6.36
16.453678 6.36
16.478929 6.36
16.491428 6.36
16.520207 6.36
16.531081 6.36
16.561553 6.36
16.573929 6.36
16.602678 6.36
16.613554 6.36
16.643931 6.36
16.660082 6.36
16.690679 6.36
16.701554 6.36
16.731931 6.36
16.744430 6.36
16.778680 6.36
16.789430 6.36
16.819932 6.36
16.836082 6.36
16.861209 6.36
16.871932 6.36
16.902556 6.36
16.918681 6.36
16.943681 6.36
16.954556 6.36
16.984933 6.36
17.001084 6.36
17.026210 6.36
17.037085 6.36
17.067432 6.36
17.078199 6.36
17.108433 6.36
17.119199 6.36
17.149558 6.36
17.165683 6.36
17.190683 6.36
17.201558 6.36
17.231935 6.36
17.248087 6.36
17.278684 6.36
17.289559 6.36
17.319936 6.36
17.336086 6.36
17.366685 6.36
17.377560 6.36
17.407936 6.36
17.424087 6.36
17.449089 6.36
17.459937 6.36
17.495686 6.36
17.506436 6.36
17.536937 6.36
17.552938 6.36
17.583686 6.36
17.594561 6.36
17.624938 6.36
17.641090 6.36
17.666216 6.36
17.677089 6.36
17.707563 6.36
17.723687 6.36
17.748688 6.36
17.759563 6.36
17.789939 6.36
17.806090 6.36
17.831217 6.36
17.842091 6.36
17.872563 6.36
17.888563 6.36
17.913689 6.36
17.924563 6.36
17.954941 6.36
17.971093 6.36
17.996219 6.36
18.007094 6.36
18.037565 6.36
18.053690 6.36
18.078690 6.36
18.089565 6.36
18.119815 6.36
18.130566 6.36
18.161217 6.36
18.171972 6.36
18.202441 6.36
18.213208 6.36
18.243567 6.36
18.259692 6.36
18.284692 6.36
18.295567 6.36
18.325943 6.36
18.342096 6.36
18.368947 6.36
18.379818 6.36
18.411947 6.36
18.422817 6.36
18.453220 6.36
18.463944 6.36
18.494444 6.36
18.505211 6.36
18.535569 6.36
18.551693 6.36
18.576694 6.36
18.587570 6.36
18.617963 6.36
18.634097 6.36
18.659097 6.36
18.669963 6.36
18.705695 6.68
18.716570 6.36
18.746947 6.36
18.762947 6.68
18.793696 6.36
18.804571 6.36
18.834948 6.36
18.851101 6.36
18.881697 6.36
18.892572 6.36
18.922948 6.36
18.938949 6.36
18.969697 6.36
18.980572 6.36
19.010950 6.36
19.027101 6.36
19.053827 6.36
19.064573 6.36
19.096827 6.36
19.107573 6.36
19.143465 6.36
19.155828 6.36
19.184824 6.36
19.197342 6.36
19.227855 6.36
19.238699 6.36
19.270854 6.36
19.281699 6.36
19.317467 6.36
19.329829 6.36
19.358700 6.36
19.369450 6.36
19.399951 6.36
19.410826 6.36
19.446474 6.36
19.462467 6.36
19.487701 6.36
19.498452 6.36
19.528952 6.36
19.539826 6.36
19.575470 6.36
19.591469 6.36
19.616702 6.36
19.627453 6.36
19.657954 6.36
19.668828 6.36
19.704471 6.36
19.720470 6.36
19.745703 6.36
19.756579 6.36
19.786954 6.36
19.797829 6.36
19.833704 6.36
19.844454 6.36
19.874984 6.36
19.885705 6.36
19.916455 6.36
19.928833 6.36
19.957455 6.36
19.973455 6.36
19.998455 6.36
20.014473 6.36
20.039456 6.36
20.055456 6.36
20.080581 6.36
20.091346 6.36
20.121706 6.36
20.132457 6.36
20.162957 6.36
20.173706 6.36
20.209582 6.36
20.220347 6.36
20.250707 6.36
20.261583 6.36
20.291958 6.36
20.302708 6.36
20.338476 6.36
20.354476 6.36
20.379708 6.36
20.390458 6.36
20.420959 6.36
20.431709 6.36
20.467476 6.36
20.483474 6.36
20.508709 6.36
20.519584 6.36
20.549961 6.36
20.560710 6.36
20.596475 6.36
20.612484 6.36
20.637711 6.36
20.648461 6.36
20.678961 6.36
20.689711 6.36
20.725478 6.36
20.741462 6.36
20.766711 6.36
20.777462 6.36
20.807962 6.36
20.818712 6.36
20.854479 6.36
20.870479 6.36
20.895712 6.36
20.906463 6.36
20.937116 6.36
20.947846 6.36
20.978353 6.36
20.989105 6.36
21.019589 6.36
21.030355 6.36
21.060714 6.36
21.071589 6.36
21.102117 6.36
21.112965 6.36
21.143356 6.36
21.154118 6.36
21.184590 6.36
21.195358 6.36
21.225715 6.36
21.236590 6.36
21.268850 6.36
21.279715 6.36
21.315483 6.36
21.331466 6.36
21.356716 6.36
21.367466 6.36
21.399852 6.36
21.410591 6.36
21.446485 6.36
21.462467 6.36
21.487717 6.36
21.500234 6.36
21.528998 6.36
21.539717 6.36
21.570468 6.36
21.586468 6.36
21.611593 6.36
21.622468 6.36
21.652718 6.36
21.663594 6.36
21.695849 6.36
21.706719 6.36
21.742594 6.36
21.753469 6.36
21.783719 6.36
21.796121 6.36
21.826725 6.36
21.837595 6.36
21.869725 6.36
21.880470 6.36
21.910999 6.36
21.921849 6.36
21.952364 6.36
21.964722 6.36
21.993850 6.36
22.009999 6.36
22.040596 6.36
22.051471 6.36
22.081721 6.36
22.094126 6.36
22.128365 6.36
22.144598 6.36
22.169472 6.36
22.180364 6.36
22.210598 6.36
22.221365 6.36
22.251723 6.36
22.264127 6.36
22.294743 6.36
22.305474 6.36
22.341599 6.36
22.352474 6.36
22.382724 6.36
22.398599 6.36
22.429366 6.36
22.445366 6.36
22.470475 6.36
22.481367 6.36
22.511475 6.36
22.522365 6.36
22.552600 6.36
22.563365 6.36
22.593726 6.36
22.609726 6.36
22.640369 6.36
22.656367 6.36
22.681477 6.36
22.692366 6.36
22.722477 6.36
22.733368 6.36
22.763477 6.36
22.774369 6.36
22.804478 6.36
22.815370 6.36
22.845603 6.36
22.856369 6.36
22.886728 6.36
22.902603 6.36
22.928007 6.36
22.938855 6.36
22.969479 6.36
22.980369 6.36
23.010604 6.36
23.021372 6.36
23.051729 6.36
23.067730 6.36
23.093006 6.36
23.103730 6.36
23.134480 6.36
23.145370 6.36
23.175606 6.36
23.186481 6.36
23.216731 6.68
23.232731 6.36
23.257857 6.68
23.268731 6.68
23.304607 6.36
23.315482 6.36
23.345732 6.36
23.361732 6.36
23.387011 6.36
23.397732 6.36
23.428482 6.36
23.439375 6.36
23.469608 6.36
23.480375 6.36
23.510733 6.36
23.526733 6.36
23.557375 6.36
23.573376 6.36
23.598609 6.36
23.609375 6.36
23.639734 6.36
23.655734 6.36
23.681015 6.36
23.691734 6.36
23.722377 6.36
23.738376 6.36
23.763610 6.36
23.774485 6.36
23.804735 6.36
23.820735 6.36
23.851379 6.36
23.867377 6.36
23.892611 6.36
23.903378 6.36
23.933736 6.36
23.949737 6.36
23.975015 6.36
23.985737 6.36
24.016362 6.36
24.032380 6.36
24.057487 6.36
24.068379 6.36
24.098488 6.36
24.109378 6.36
24.139488 6.36
24.150363 6.36
24.180488 6.36
24.191364 6.36
24.221489 6.36
24.232364 6.36
24.262614 6.36
24.273364 6.36
24.303739 6.36
24.319740 6.36
24.346745 6.36
24.357615 6.36
24.393383 6.36
24.409258 6.36
24.434491 6.36
24.445382 6.36
24.475491 6.36
24.486366 6.36
24.516491 6.36
24.527367 6.36
24.557491 6.36
24.568366 6.36
24.598492 6.36
24.609381 6.36
24.639492 6.36
24.650367 6.36
24.680492 6.36
24.691367 6.36
24.721493 6.36
24.732385 6.36
24.762493 6.36
24.773368 6.36
24.803494 6.36
24.814369 6.36
24.844494 6.36
24.855369 6.36
24.885619 6.36
24.898023 6.36
24.926744 6.36
24.942744 6.36
24.967871 6.36
24.978745 6.36
25.014386 6.36
25.025138 6.36
25.055496 6.36
25.066386 6.36
25.096621 6.36
25.109022 6.36
25.137746 6.36
25.148496 6.36
25.184513 6.36
25.195388 6.36
25.225747 6.36
25.236496 6.36
25.272140 6.36
25.282873 6.36
25.313498 6.36
25.324389 6.36
25.354498 6.36
25.365373 6.36
25.395498 6.36
25.406373 6.36
25.436498 6.36
25.447374 6.36
25.477499 6.36
25.488374 6.68
25.518499 6.68
25.529374 6.36
25.559500 6.36
25.570375 6.36
25.600499 6.36
25.611375 6.36
25.641500 6.36
25.652376 6.36
25.682500 6.36
25.693375 6.36
25.723500 6.36
25.734375 6.36
25.764501 6.36
25.775376 6.36
25.805501 6.36
25.816376 6.36
25.846626 6.36
25.862502 6.36
25.887752 6.36
25.898626 6.36
25.934154 6.36
25.944878 6.36
25.975395 6.36
25.986144 6.36
26.016628 6.36
26.032503 6.36
26.057753 6.36
26.068629 6.36
26.104158 6.36
26.114880 6.36
26.145504 6.36
26.156396 6.36
26.186504 6.36
26.197379 6.36
26.227504 6.36
26.238379 6.36
26.268505 6.36
26.279380 6.36
26.309505 6.36
26.320380 6.36
26.350506 6.36
26.361381 6.36
26.391506 6.36
26.402381 6.36
26.432507 6.36
26.443382 6.36
26.473507 6.36
26.484382 6.36
26.514632 6.36
26.530632 6.36
26.555757 6.36
26.566508 6.36
26.602399 6.36
26.613148 6.36
26.643383 6.36
26.654148 6.36
26.684509 6.36
26.695384 6.36
26.725509 6.36
26.736384 6.36
26.766508 6.36
26.777384 6.36
26.807509 6.36
26.818385 6.36
26.848509 6.36
26.859384 6.36
26.889510 6.36
26.900385 6.36
26.930635 6.36
26.946635 6.36
26.971760 6.36
26.982636 6.36
27.013163 6.36
27.029153 6.36
27.054511 6.36
27.067041 6.36
27.095511 6.36
27.106387 6.36
27.136637 6.36
27.152512 6.68
27.177762 6.36
27.188512 6.36
27.224167 6.36
27.234889 6.36
27.265404 6.36
27.276156 6.36
27.306638 6.36
27.322638 6.36
27.347763 6.36
27.358638 6.36
27.394280 6.36
27.410279 6.36
27.435389 6.36
27.446281 6.36
27.476390 6.36
27.487157 6.36
27.517390 6.36
27.528157 6.36
27.558390 6.36
27.569158 6.36
27.599390 6.36
27.610158 6.36
27.640391 6.36
27.651159 6.36
27.681391 6.36
27.692157 6.36
27.722392 6.36
27.733159 6.36
27.763392 6.36
27.774161 6.36
27.804392 6.36
27.815161 6.36
27.845392 6.36
27.856161 6.36
27.886392 6.36
27.897160 6.36
27.927393 6.36
27.938160 6.36
27.968393 6.36
27.979158 6.36
28.009394 6.36
28.020161 6.36
28.050394 6.36
28.061159 6.36
28.091395 6.36
28.102162 6.36
28.132520 6.36
28.148395 6.36
28.173520 6.36
28.185926 6.36
28.214521 6.36
28.230395 6.36
28.255521 6.36
28.271396 6.36
28.296521 6.36
28.312396 6.36
28.337521 6.36
28.353396 6.36
28.378522 6.36
28.394397 6.36
28.419522 6.36
28.435397 6.36
28.460522 6.36
28.476398 6.36
28.501523 6.36
28.517397 6.36
28.542523 6.36
28.558398 6.36
28.583523 6.36
28.599398 6.36
28.624524 6.36
28.640399 6.36
28.665523 6.36
28.681399 6.36
28.706524 6.36
28.722399 6.36
28.747524 6.36
28.763400 6.36
28.788525 6.36
28.804400 6.36
28.829525 6.36
28.845400 6.36
28.870526 6.36
28.886401 6.36
28.911526 6.36
28.927401 6.36
28.952526 6.36
28.968401 6.36
28.993526 6.36
29.009402 6.36
29.034526 6.36
29.050402 6.36
29.075527 6.36
29.091402 6.36
29.116527 6.36
29.132403 6.36
29.157652 6.36
29.168403 6.36
29.204028 6.36
29.214778 6.36
29.245420 6.36
29.256170 6.36
29.286654 6.36
29.297404 6.36
29.333045 6.36
29.343779 6.36
29.374419 6.36
29.385173 6.36
29.415530 6.36
29.431405 6.36
29.456655 6.36
29.467405 6.36
29.498185 6.36
29.514173 6.36
29.539406 6.36
29.550171 6.36
29.580406 6.36
29.591173 6.36
29.621407 6.36
29.632173 6.36
29.662407 6.36
29.673175 6.36
29.703407 6.36
29.714173 6.36
29.744533 6.36
29.760408 6.36
29.785658 6.36
29.796533 6.36
29.832051 6.36
29.844534 6.36
29.873425 6.36
29.885910 6.36
29.914659 6.36
29.925409 6.36
29.961052 6.36
29.977051 6.36
30.002424 6.36
30.014910 6.36
30.043410 6.36
30.054178 6.36
30.084410 6.36
30.096911 6.36
30.125535 6.36
30.141411 6.36
30.166661 6.36
30.177535 6.36
30.213054 6.36
30.225412 6.36
30.254412 6.36
30.266787 6.36
30.295412 6.36
30.307787 6.36
30.336537 6.36
30.352412 6.36
30.377663 6.36
30.388412 6.36
30.418663 6.36
30.429538 6.36
30.465067 6.36
30.481054 6.36
30.506430 6.36
30.522430 6.36
30.547414 6.36
30.559789 6.36
30.588539 6.36
30.604414 6.36
30.629664 6.36
30.640539 6.36
30.672446 6.36
30.683308 6.36
30.713665 6.36
30.724415 6.36
30.756445 6.36
30.767309 6.36
30.797666 6.36
30.808416 6.36
30.843948 6.36
30.859947 6.36
30.885433 6.36
30.901432 6.36
30.926667 6.36
30.937542 6.36
30.973059 6.36
30.988922 6.36
31.014418 6.36
31.030432 6.36
31.055543 6.36
31.071417 6.36
31.096668 6.36
31.107543 6.36
31.143072 6.36
31.159060 6.36
31.184434 6.36
31.200436 6.36
31.225544 6.36
31.241419 6.36
31.266669 6.36
31.277544 6.36
31.312921 6.36
31.328921 6.36
31.354435 6.36
31.370435 6.36
31.395671 6.36
31.406421 6.36
31.442062 6.36
31.458064 6.36
31.483436 6.36
31.499436 6.36
31.524547 6.36
31.540421 6.36
31.565672 6.36
31.576547 6.36
31.612077 6.36
31.628065 6.36
31.653437 6.36
31.669438 6.36
31.694548 6.36
31.710423 6.36
31.735673 6.36
31.746548 6.36
31.781925 6.36
31.797925 6.36
31.823442 6.36
31.839442 6.36
31.864674 6.36
31.875424 6.36
31.911067 6.36
31.927066 6.36
31.952440 6.36
31.968442 6.36
31.993551 6.36
32.009425 6.36
32.034676 6.36
32.045551 6.36
32.081066 6.36
32.096927 6.36
32.122551 6.36
32.138552 6.36
32.165428 6.36
32.176193 6.36
32.206427 6.36
32.222427 6.36
32.247552 6.36
32.263427 6.36
32.290429 6.36
32.301197 6.36
32.331553 6.36
32.347428 6.36
32.372678 6.36
32.383553 6.36
32.418930 6.36
32.434930 6.36
32.460447 6.36
32.476443 6.36
32.501679 6.36
32.512554 6.36
32.548073 6.36
32.564072 6.36
32.589448 6.36
32.605447 6.36
32.630430 6.36
32.646555 6.36
32.671556 6.36
32.682430 6.36
32.717935 6.36
32.728932 6.36
32.759448 6.36
32.775448 6.36
32.800557 6.36
32.811432 6.36
32.843433 6.36
32.854199 6.36
32.884432 6.36
32.900432 6.36
32.925558 6.36
32.936433 6.36
32.971808 6.36
32.982558 6.36
33.013210 6.36
33.023935 6.36
33.054434 6.36
33.070451 6.36
33.095434 6.36
33.111434 6.36
33.136434 6.36
33.152434 6.36
33.177559 6.36
33.188452 6.36
33.223810 6.36
33.234560 6.36
33.265215 6.36
33.276088 6.36
33.306561 6.36
33.317436 6.36
33.352811 6.36
33.363686 6.36
33.394214 6.36
33.405088 6.36
33.435437 6.36
33.446203 6.36
33.476437 6.36
33.487202 6.36
33.517562 6.36
33.528437 6.36
33.563812 6.36
33.574563 6.36
33.605218 6.36
33.616092 6.36
33.646438 6.36
33.657206 6.36
33.687439 6.36
33.698204 6.36
33.728564 6.36
33.739439 6.36
33.774814 6.36
33.785565 6.36
33.816219 6.36
33.827094 6.36
33.857440 6.36
33.868208 6.68
33.898440 6.36
33.909206 6.36
33.939565 6.68
33.950441 6.68
33.985816 6.36
33.996691 6.36
34.027221 6.68
34.037942 6.68
34.068441 6.68
34.079206 6.36
34.109567 6.68
34.120442 6.68
34.155817 6.36
34.166568 6.36
34.197222 6.36
34.208095 6.36
34.238443 6.36
34.249210 6.36
34.279444 6.36
34.290211 6.36
34.320443 6.36
34.331211 6.36
34.361569 6.36
34.372444 6.36
34.402569 6.36
34.413444 6.36
34.448819 6.68
34.459695 6.36
34.490225 6.36
34.501099 6.36
34.531571 6.68
34.542446 6.36
34.577821 6.68
34.588571 6.36
34.619223 6.36
34.629948 6.36
34.660571 6.36
34.671446 6.36
34.706821 6.36
34.717572 6.68
34.748227 6.36
34.759101 6.36
34.789572 6.36
34.800447 6.36
34.835823 6.36
34.846573 6.36
34.877103 6.36
34.887950 6.36
34.918448 6.36
34.929216 6.36
34.959574 6.36
34.970449 6.36
35.005824 6.36
35.016574 6.36
35.047226 6.36
35.059824 6.36
35.088575 6.36
35.099450 6.36
35.134825 6.36
35.150825 6.36
35.176342 6.36
35.192341 6.36
35.222826 6.36
35.238826 6.36
35.264343 6.36
35.280466 6.36
35.305469 6.36
35.321469 6.36
35.346577 6.36
35.357452 6.36
35.392827 6.36
35.405342 6.68
35.434343 6.36
35.450345 6.36
35.475469 6.36
35.486221 6.36
35.521828 6.36
35.534329 6.36
35.563232 6.36
35.575829 6.36
35.604579 6.36
35.615454 6.36
35.650829 6.36
35.663330 6.36
35.692233 6.36
35.708108 6.36
35.733580 6.36
35.744346 6.36
35.779830 6.36
35.792331 6.36
35.821345 6.36
35.837349 6.36
35.862581 6.36
35.873346 6.36
35.908831 6.36
35.924706 6.36
35.950349 6.36
35.966347 6.36
35.991348 6.36
36.007350 6.36
36.032347 6.36
36.048350 6.36
36.073349 6.36
36.089347 6.36
36.114583 6.36
36.125350 6.36
36.160833 6.36
36.176708 6.36
36.202225 6.36
36.218114 6.36
36.243352 6.36
36.259226 6.36
36.284352 6.36
36.300226 6.36
36.325352 6.36
36.336102 6.36
36.366350 6.36
36.377101 6.36
36.407585 6.36
36.418351 6.36
36.453835 6.36
36.469711 6.36
36.495239 6.36
36.511228 6.36
36.536461 6.36
36.547230 6.36
36.577587 6.68
36.588352 6.36
36.623836 6.36
36.648240 6.36
36.664116 6.68
36.689588 6.36
36.700353 6.36
36.735846 6.36
36.760242 6.36
36.776118 6.68
36.801588 6.68
36.812355 6.68
36.847847 6.68
36.872243 6.36
36.888118 6.36
36.913589 6.36
36.924357 6.36
36.959846 6.68
36.984244 6.36
37.000120 6.68
37.025590 6.68
37.036357 6.36
37.071848 6.36
37.096244 6.68
37.112117 6.36
37.137591 6.68
37.148358 6.68
37.183847 6.36
37.208482 6.68
37.219233 6.68
37.254850 6.36
37.270717 6.36
37.296235 6.68
37.312121 6.36
37.337467 6.36
37.348234 6.36
37.378593 6.36
37.389358 6.36
37.424849 6.36
37.440718 6.36
37.466361 6.36
37.482359 6.36
37.507469 6.36
37.518363 6.36
37.548469 6.36
37.559362 6.36
37.591250 6.36
37.602124 6.36
37.632595 6.36
37.643470 6.36
37.678848 6.36
37.694849 6.36
37.720362 6.36
37.736364 6.36
37.761471 6.36
37.772361 6.36
37.804251 6.36
37.815000 6.36
37.847251 6.36
37.858125 6.36
37.890251 6.68
37.901000 6.36
37.933253 6.36
37.944127 6.36
37.976250 6.68
37.987000 6.36
38.019253 6.68
38.030125 6.36
38.062253 6.68
38.073000 6.68
38.105254 6.36
38.116000 6.36
38.148254 6.36
38.159004 6.36
38.191254 6.36
38.202128 6.36
38.234255 6.36
38.245127 6.36
38.277255 6.68
38.288003 6.68
38.323854 6.68
38.334725 6.36
38.365118 6.36
38.377600 6.68
38.406476 6.68
38.417368 6.36
38.449243 6.36
38.460006 6.36
38.492227 6.68
38.503130 6.68
38.538855 6.36
38.549727 6.36
38.580370 6.36
38.591131 6.36
38.626603 6.36
38.637478 6.36
38.667728 6.36
38.680260 6.36
38.709007 6.36
38.719856 6.36
38.750479 6.36
38.761368 6.36
38.793135 6.36
38.804007 6.36
38.834479 6.36
38.845372 6.36
38.880856 6.36
38.891730 6.68
38.922371 6.36
38.933134 6.36
38.963481 6.36
38.974373 6.36
39.009731 6.68
39.025858 6.36
39.051009 6.36
39.061858 6.36
39.092482 6.68
39.103374 6.36
39.138607 6.68
39.149371 6.36
39.179732 6.36
39.195860 6.68
39.221010 6.36
39.231865 6.36
39.262376 6.36
39.273125 6.36
39.308865 6.36
39.319733 6.36
39.350377 6.36
39.361125 6.36
39.396866 6.36
39.407733 6.36
39.438374 6.68
39.449124 6.36
39.484609 6.36
39.495376 6.36
39.525735 6.36
39.541735 6.36
39.567014 6.36
39.577735 6.36
39.608375 6.36
39.619128 6.36
39.649361 6.36
39.660128 6.36
39.690361 6.36
39.701126 6.36
39.731362 6.36
39.742126 6.36
39.772362 6.36
39.783128 6.36
39.813362 6.36
39.824127 6.36
39.854362 6.36
39.865131 6.36
39.895488 6.36
39.906379 6.36
39.941738 6.36
39.957738 6.36
39.983017 6.36
39.993738 6.36
40.024379 6.36
40.035129 6.36
40.070865 6.36
40.081739 6.36
40.112385 6.36
40.123132 6.36
40.153490 6.36
40.164365 6.36
40.199867 6.36
40.210740 6.36
40.241143 6.36
40.257018 6.36
40.282383 6.36
40.293133 6.36
40.328616 6.36
40.339366 6.36
40.369742 6.36
40.385742 6.36
40.411020 6.36
40.423617 6.36
40.452492 6.36
40.463382 6.36
40.498618 6.36
40.509493 6.36
40.539743 6.36
40.555743 6.36
40.581021 6.68
40.591870 6.36
40.622384 6.36
40.633135 6.36
40.663369 6.36
40.674136 6.36
40.706121 6.36
40.717021 6.36
40.749121 6.36
40.759871 6.36
40.792122 6.36
40.802872 6.36
40.835122 6.36
40.845872 6.36
40.878122 6.36
40.889024 6.36
40.921122 6.36
40.931873 6.36
40.964122 6.36
40.975024 6.36
41.007123 6.36
41.017890 6.36
41.050123 6.36
41.061026 6.36
41.096747 6.36
41.107747 6.36
41.138265 6.36
41.149152 6.36
41.179623 6.36
41.192162 6.36
41.220905 6.36
41.231748 6.36
41.262265 6.68
41.273266 6.68
41.303624 6.68
41.316140 6.68
41.344875 6.68
41.355749 6.68
41.386391 6.36
41.397142 6.36
41.432749 6.36
41.448750 6.36
41.474029 6.36
41.486500 6.36
41.520751 6.36
41.536751 6.36
41.562030 6.36
41.578155 6.36
41.608751 6.36
41.624751 6.36
41.650032 6.36
41.666156 6.36
41.696752 6.36
41.712881 6.36
41.738029 6.36
41.753879 6.36
41.784628 6.36
41.800753 6.36
41.825753 6.36
41.841753 6.36
41.867031 6.36
41.883157 6.36
41.913754 6.36
41.929883 6.36
41.955034 6.36
41.971159 6.36
42.001754 6.36
42.012629 6.36
42.043035 6.36
42.059160 6.36
42.089755 6.36
42.100755 6.36
42.131157 6.36
42.142032 6.36
42.177756 6.36
42.188631 6.36
42.219032 6.36
42.235033 6.36
42.260399 6.36
42.271148 6.36
42.306632 6.36
42.322507 6.36
42.347757 6.36
42.358507 6.36
42.389037 6.36
42.405037 6.36
42.435758 6.36
42.446508 6.36
42.477161 6.36
42.488036 6.36
42.523758 6.36
42.534509 6.36
42.565036 6.36
42.581163 6.36
42.611759 6.36
42.622509 6.36
42.653036 6.36
42.669162 6.36
42.699635 6.36
42.715635 6.36
42.740760 6.36
42.751510 6.36
42.782040 6.36
42.798166 6.36
42.828636 6.36
42.844761 6.36
42.869887 6.36
42.880761 6.36
42.911403 6.36
42.922152 6.36
42.957637 6.36
42.973637 6.36
42.998762 6.36
43.009512 6.36
43.040043 6.36
43.056166 6.36
43.086638 6.36
43.102638 6.36
43.127763 6.36
43.138638 6.36
43.169168 6.36
43.180043 6.36
43.215514 6.36
43.226405 6.36
43.256514 6.36
43.267389 6.36
43.297640 6.36
43.313640 6.36
43.338765 6.36
43.349640 6.36
43.380015 6.36
43.395909 6.36
43.423033 6.36
43.433907 6.36
43.464408 6.36
43.475156 6.36
43.510641 6.36
43.526517 6.36
43.551767 6.36
43.562517 6.36
43.593017 6.36
43.609017 6.36
43.634408 6.36
43.645159 6.36
43.675518 6.36
43.686393 6.68
43.716517 6.36
43.727393 6.36
43.757518 6.36
43.768393 6.36
43.798518 6.36
43.809394 6.36
43.839519 6.36
43.852021 6.36
43.880519 6.36
43.891394 6.36
43.921769 6.36
43.932645 6.36
43.963020 6.36
43.979020 6.36
44.006022 6.36
44.016897 6.36
44.049022 6.36
44.059897 6.36
44.090175 6.36
44.101021 6.36
44.136646 6.36
44.152646 6.36
44.177771 6.36
44.188647 6.36
44.219176 6.36
44.230022 6.36
44.265522 6.36
44.278024 6.36
44.306523 6.36
44.319024 6.36
44.347523 6.36
44.359899 6.36
44.388523 6.36
44.400900 6.36
44.429523 6.36
44.441900 6.36
44.470524 6.36
44.482900 6.36
44.511524 6.36
44.523901 6.36
44.552525 6.36
44.564901 6.36
44.593525 6.36
44.605902 6.36
44.634525 6.36
44.646902 6.36
44.675651 6.36
44.686401 6.36
44.716902 6.36
44.729417 6.36
44.763651 6.36
44.774401 6.36
44.804903 6.36
44.817418 6.36
44.846180 6.36
44.856904 6.36
44.887402 6.36
44.898170 6.36
44.928528 6.36
44.944653 6.36
44.969528 6.36
44.981904 6.36
45.010653 6.36
45.021403 6.36
45.052029 6.36
45.062779 6.36
45.098654 6.36
45.109404 6.36
45.139780 6.36
45.150529 6.36
45.181308 6.36
45.192030 6.36
45.222655 6.36
45.233405 6.36
45.263935 6.36
45.280030 6.36
45.310656 6.36
45.321406 6.36
45.351936 6.36
45.368030 6.36
45.398656 6.36
45.409406 6.36
45.439907 6.36
45.456049 6.36
45.481049 6.36
45.491781 6.36
45.527657 6.36
45.538406 6.36
45.568909 6.36
45.585049 6.36
45.615658 6.36
45.626408 6.36
45.656909 6.36
45.673051 6.36
45.698188 6.36
45.709052 6.36
45.739409 6.36
45.750177 6.36
45.780534 6.36
45.796659 6.36
45.821659 6.36
45.832410 6.36
45.862911 6.36
45.879053 6.36
45.909660 6.36
45.920410 6.36
45.950911 6.36
45.967053 6.36
45.992190 6.36
46.008053 6.36
46.033411 6.36
46.044179 6.36
46.074412 6.36
46.085178 6.36
46.115412 6.36
46.126179 6.36
46.156412 6.36
46.167179 6.36
46.197412 6.36
46.208179 6.36
46.238538 6.36
46.254663 6.36
46.279663 6.36
46.290413 6.36
46.320914 6.36
46.337068 6.36
46.362193 6.36
46.373068 6.36
46.403414 6.36
46.414182 6.36
46.444415 6.36
46.455179 6.36
46.485415 6.36
46.496181 6.36
46.526415 6.36
46.537182 6.36
46.567665 6.36
46.578540 6.36
46.608917 6.36
46.625070 6.36
46.650193 6.36
46.660918 6.36
46.691541 6.36
46.707667 6.36
46.732667 6.36
46.743542 6.36
46.773919 6.36
46.789919 6.36
46.820667 6.36
46.831417 6.36
46.861793 6.36
46.874418 6.36
46.904923 6.36
46.915793 6.36
46.947923 6.36
46.958793 6.36
46.990924 6.36
47.001794 6.36
47.037670 6.36
47.048419 6.36
47.078794 6.36
47.089545 6.36
47.121924 6.36
47.132795 6.36
47.164925 6.36
47.175795 6.36
47.211671 6.36
47.222421 6.36
47.252949 6.68
47.269061 6.36
47.299671 6.36
47.310546 6.68
47.340953 6.68
47.357076 6.68
47.387672 6.36
47.398422 6.36
47.428797 6.36
47.441314 6.36
47.471802 6.68
47.482673 6.68
47.514803 6.36
47.525548 6.68
47.561440 6.36
47.573803 6.36
47.602674 6.36
47.613548 6.36
47.643926 6.36
47.654799 6.36
47.690675 6.36
47.701424 6.36
47.731926 6.36
47.742800 6.36
47.778440 6.36
47.794442 6.36
47.819675 6.36
47.830426 6.36
47.860927 6.36
47.871801 6.36
47.907676 6.36
47.918551 6.36
47.948928 6.36
47.959801 6.36
47.995444 6.68
48.011443 6.36
48.036677 6.36
48.047552 6.36
48.077929 6.36
48.088803 6.36
48.124678 6.36
48.135553 6.36
48.165930 6.36
48.176803 6.36
48.212446 6.36
48.228444 6.36
48.253679 6.36
48.264554 6.36
48.294931 6.36
48.305804 6.36
48.341679 6.68
48.352555 6.68
48.382931 6.68
48.393805 6.36
48.429448 6.36
48.445446 6.36
48.470680 6.36
48.481556 6.36
48.511933 6.36
48.522806 6.36
48.558681 6.36
48.569556 6.36
48.599933 6.36
48.610806 6.36
48.646449 6.36
48.662450 6.36
48.687682 6.36
48.698432 6.36
48.728934 6.36
48.739808 6.36
48.775683 6.36
48.786558 6.36
48.816935 6.36
48.827808 6.36
48.863448 6.36
48.879451 6.36
48.904684 6.36
48.915559 6.36
48.945935 6.36
48.956809 6.36
48.992685 6.36
49.003560 6.36
49.033937 6.36
49.044810 6.36
49.080451 6.36
49.096561 6.36
49.121686 6.36
49.132436 6.36
49.162937 6.36
49.173811 6.36
49.209686 6.36
49.220562 6.36
49.250937 6.68
49.261812 6.36
49.297452 6.36
49.313454 6.36
49.338687 6.68
49.349563 6.68
49.379812 6.36
49.395813 6.36
49.426455 6.36
49.442454 6.36
49.467688 6.36
49.478439 6.36
49.508940 6.36
49.519814 6.36
49.555689 6.36
49.568206 6.36
49.600093 6.36
49.610814 6.36
49.641455 6.36
49.657456 6.36
49.682690 6.36
49.695208 6.36
49.723941 6.36
49.734815 6.36
49.770458 6.36
49.786459 6.36
49.811691 6.36
49.822566 6.36
49.852942 6.36
49.863817 6.36
49.899459 6.68
49.915458 6.36
49.940692 6.36
49.953209 6.36
49.984943 6.36
49.995818 6.36
50.026460 6.36
50.042461 6.36
50.067693 6.36
50.080085 6.36
50.108944 6.36
50.119819 6.36
50.155459 6.36
50.171459 6.68
50.196694 6.36
50.209087 6.36
50.237945 6.36
50.248819 6.36
50.284461 6.36
50.300462 6.36
50.325695 6.36
50.338085 6.36
50.371712 6.36
50.382446 6.36
50.418463 6.36
50.434571 6.36
50.459696 6.36
50.472088 6.36
50.500977 6.36
50.511822 6.36
50.542462 6.36
50.553340 6.36
50.583571 6.36
50.594465 6.36
50.624698 6.36
50.640698 6.36
50.665979 6.36
50.676823 6.36
50.707466 6.36
50.718340 6.36
50.748699 6.36
50.761091 6.36
50.789966 6.36
50.800824 6.36
50.831464 6.36
50.842341 6.36
50.872699 6.36
50.888575 6.36
50.913950 6.36
50.924825 6.36
50.955227 6.36
50.965968 6.36
50.996576 6.36
51.007451 6.36
51.037701 6.36
51.053701 6.36
51.078953 6.36
51.089826 6.36
51.120343 6.36
51.136344 6.36
51.161577 6.36
51.172452 6.36
51.202702 6.36
51.218702 6.36
51.243827 6.36
51.254578 6.36
51.290578 6.36
51.301468 6.36
51.331703 6.36
51.347703 6.36
51.372955 6.36
51.383828 6.36
51.414230 6.68
51.424955 6.36
51.455454 6.36
51.466222 6.36
51.496454 6.68
51.507221 6.36
51.537455 6.36
51.548219 6.36
51.578580 6.36
51.589347 6.36
51.619705 6.36
51.635705 6.36
51.660956 6.36
51.671706 6.36
51.702349 6.36
51.718477 6.36
51.743457 6.36
51.754222 6.36
51.784582 6.36
51.795347 6.36
51.825707 6.36
51.841707 6.36
51.866832 6.36
51.877707 6.36
51.913583 6.36
51.924350 6.68
51.954708 6.36
51.970708 6.36
51.995958 6.36
52.006708 6.36
52.037226 6.36
52.053349 6.68
52.078584 6.68
52.089352 6.36
52.119709 6.36
52.135710 6.36
52.160834 6.36
52.171710 6.36
52.201960 6.68
52.212710 6.36
52.243228 6.36
52.259352 6.36
52.284461 6.36
52.295228 6.36
52.325586 6.36
52.336353 6.36
52.366712 6.36
52.382711 6.36
52.409713 6.36
52.420587 6.36
52.456354 6.36
52.472227 6.36
52.497587 6.36
52.508355 6.36
52.538713 6.36
52.554587 6.36
52.585355 6.36
52.601356 6.36
52.626588 6.36
52.639117 6.36
52.667714 6.36
52.683589 6.36
52.714354 6.36
52.730356 6.36
52.755589 6.68
52.768117 6.36
52.796715 6.36
52.812714 6.36
52.846355 6.36
52.862357 6.36
52.887590 6.36
52.899966 6.36
52.928716 6.36
52.944716 6.68
52.975118 6.68
52.985849 6.68
53.016359 6.68
53.032234 6.36
53.057592 6.36
53.069967 6.68
53.098717 6.68
53.114592 6.68
53.145359 6.36
53.156235 6.36
53.186486 6.36
53.197233 6.68
53.227718 6.36
53.243718 6.68
53.274123 6.68
53.286621 6.68
53.315469 6.68
53.326361 7.02
53.356469 7.37
53.367361 7.37
53.397594 7.02
53.409997 6.68
53.438720 6.68
53.449470 6.68
53.485124 6.68
53.495847 6.68
53.526219 6.68
53.542095 6.68
53.567220 6.68
53.579596 6.36
53.608220 6.68
53.624096 7.02
53.649220 7.37
53.661597 7.37
53.690220 7.37
53.706096 7.02
53.731221 7.02
53.747096 6.68
53.772221 6.68
53.784598 6.68
53.813222 6.68
53.829097 6.68
53.854222 6.68
53.870097 6.68
53.895222 6.68
53.907598 6.68
53.936223 6.68
53.952098 7.02
53.977223 7.37
53.989599 7.37
54.018223 7.02
54.034099 7.02
54.059223 6.68
54.075099 6.68
54.100224 6.68
54.116099 6.68
54.141224 6.68
54.157099 6.68
54.182225 6.68
54.198099 6.68
54.223225 6.68
54.239100 6.68
54.264225 7.02
54.280100 7.37
54.305225 7.37
54.321101 7.37
54.346226 7.02
54.362101 6.68
54.387226 6.68
54.403101 6.68
54.428226 6.68
54.444102 6.68
54.469227 6.68
54.485101 6.68
54.510227 6.68
54.526102 6.68
54.551228 6.68
54.567103 7.02
54.592228 7.37
54.608103 7.37
54.633228 7.37
54.649103 7.02
54.674228 7.02
54.690104 6.68
54.715229 6.68
54.731104 6.68
54.756229 6.68
54.772105 6.68
54.797229 6.68
54.813104 6.68
54.838230 6.68
54.854105 6.36
54.879230 6.36
54.895105 6.68
54.920230 7.02
54.936106 7.37
54.961231 7.37
54.977106 7.02
55.002231 6.68
55.018106 6.68
55.043232 6.68
55.059107 6.68
55.084232 6.68
55.100107 6.68
55.125232 6.68
55.141108 6.68
55.166232 6.36
55.182108 6.36
55.207233 6.68
55.223107 7.37
55.248233 7.37
55.264108 7.37
55.289233 7.02
55.305108 7.02
55.330234 6.68
55.346109 6.68
55.371234 6.68
55.387109 6.68
55.412234 6.68
55.428109 6.68
55.453235 6.68
55.469110 6.68
55.494235 6.36
55.510110 6.68
55.535235 7.02
55.551110 7.37
55.576236 7.37
55.592110 7.02
55.617236 7.02
55.633111 6.68
55.658236 6.68
55.674111 6.68
55.699236 6.68
55.715112 6.68
55.740237 6.68
55.756112 6.68
55.781237 6.68
55.797112 6.68
55.822238 6.68
55.838113 7.37
55.863238 7.37
55.879113 7.37
55.904238 7.02
55.920113 7.02
55.945238 6.68
55.961113 6.68
55.986239 6.68
56.002114 6.68
56.027239 6.68
56.043114 6.68
56.068240 6.68
56.084115 6.68
56.109240 6.36
56.125115 6.68
56.150240 7.02
56.160991 7.37
56.191241 7.37
56.201991 7.02
56.232241 7.02
56.242991 6.68
56.273241 6.68
56.283991 6.68
56.314241 6.68
56.324991 6.68
56.355242 6.68
56.365992 6.68
56.396242 6.68
56.406992 6.68
56.437242 6.68
56.447993 7.02
56.478243 7.37
56.488993 7.37
56.519243 7.02
56.529993 7.02
56.560244 6.68
56.570993 6.68
56.601244 6.68
56.611994 6.68
56.642244 6.68
56.652994 6.68
56.683244 6.68
56.693994 6.68
56.724244 6.68
56.734995 6.68
56.765245 7.02
56.775995 7.37
56.806245 7.37
56.816995 7.37
56.847246 7.02
56.857996 6.68
56.888246 6.68
56.898996 6.68
56.929247 6.68
56.939996 6.68
56.970247 6.68
56.980997 6.68
57.011247 6.68
57.021997 6.36
57.052247 6.68
57.062997 7.02
57.093247 7.37
57.103998 7.37
57.134248 7.37
57.144998 7.02
57.175248 7.02
57.185999 6.68
57.216249 6.68
57.226999 6.68
57.257249 6.68
57.267999 6.68
57.298249 6.68
57.308999 6.68
57.339250 6.68
57.350000 6.68
57.380250 6.68
57.391000 7.02
57.421250 7.37
57.432000 7.37
57.462251 7.02
57.473001 7.02
57.503251 6.68
57.514001 6.68
57.544251 6.68
57.555001 6.68
57.585252 6.68
57.596002 6.68
57.626252 6.68
57.637002 6.68
57.667252 6.68
57.678002 6.68
57.708253 7.37
57.719003 7.37
57.749252 7.37
57.760003 7.37
57.790253 7.02
57.801003 6.68
57.831253 6.68
57.842004 6.68
57.872254 6.68
57.883004 6.68
57.913254 6.68
57.924004 6.68
57.954255 6.68
57.965005 6.68
57.995255 6.68
58.006005 7.02
58.036255 7.37
58.047005 7.37
58.077256 7.02
58.088006 7.02
58.118255 6.68
58.129006 6.68
58.159256 6.68
58.170006 6.68
58.200256 6.68
58.211006 6.68
58.241257 6.68
58.252007 6.68
58.282257 6.36
58.293007 7.02
58.323258 7.37
58.334007 7.37
58.364258 7.69
58.375008 7.02
58.405258 7.02
58.416008 7.02
58.446258 6.68
58.457009 6.68
58.487258 6.68
58.498009 6.68
58.528259 6.68
58.539008 6.68
58.569259 6.68
58.580009 6.68
58.610260 6.68
58.621010 7.02
58.651260 7.37
58.662010 7.37
58.692260 7.02
58.703010 7.02
58.733261 6.68
58.744011 6.68
58.774261 6.68
58.785011 6.68
58.815261 6.68
58.826012 6.68
58.856261 6.68
58.867012 6.68
58.897262 6.68
58.908012 6.68
58.938262 7.02
58.949012 7.37
58.979263 7.37
58.990012 7.02
59.020263 7.02
59.031013 6.68
59.061263 6.68
59.072013 6.68
59.102263 6.68
59.113014 6.68
59.143264 6.68
59.154014 6.68
59.184264 6.68
59.195015 6.36
59.225264 7.02
59.236015 7.37
59.266265 7.37
59.277014 7.37
59.307265 7.02
59.318015 6.68
59.348266 6.68
59.359015 6.68
59.389266 6.68
59.400016 6.68
59.430266 6.68
59.441016 6.68
59.471266 6.68
59.482017 6.68
59.512267 6.68
59.523017 6.68
59.553267 7.37
59.564018 7.37
59.594267 7.37
59.605018 7.02
59.635268 7.02
59.646017 6.68
59.676268 6.68
59.687018 6.68
59.717269 6.68
59.728018 6.68
59.758269 6.68
59.769019 6.68
59.799269 6.68
59.810019 6.68
59.840269 6.68
59.851020 7.02
59.881270 7.37
59.892020 7.69
59.922270 7.37
59.933020 7.02
59.963270 6.68
59.974020 6.68
60.004271 6.68
60.015020 6.68
60.045271 6.68
60.056021 6.68
60.086271 6.68
60.097021 6.68
60.127272 6.68
60.138022 6.68
60.168272 7.02
60.179022 7.37
60.209272 7.37
60.220023 7.02
60.250273 7.02
60.261023 7.02
60.291273 6.68
60.302023 6.68
60.332273 6.68
60.343023 6.68
60.373274 6.68
60.384023 6.68
60.414274 6.68
60.425024 6.36
60.455274 6.68
60.466024 7.02
60.496274 7.37
60.507025 7.37
60.537419 7.02
60.553417 7.02
60.578526 6.68
60.589401 6.68
60.619527 6.68
60.630402 6.68
60.660527 6.68
60.671402 6.68
60.701527 6.68
60.712403 6.36
60.742527 6.36
60.753403 6.68
60.785405 7.02
60.796171 7.37
60.826529 7.37
60.842403 7.02
60.869405 7.02
60.880297 6.68
60.910529 6.68
60.921404 6.68
60.953406 6.68
60.964296 6.68
60.994530 6.68
61.005405 6.68
61.037406 6.68
61.048295 6.68
61.078405 6.68
61.094530 7.37
61.119530 7.37
61.130406 7.37
61.162407 7.02
61.173298 6.68
61.208656 6.68
61.219405 6.68
61.249937 6.68
61.265925 6.68
61.291425 6.68
61.307424 6.68
61.332407 6.68
61.348407 6.68
61.373407 6.36
61.389426 6.68
61.414533 7.02
61.425408 7.37
61.460783 7.02
61.473314 7.02
61.502298 6.68
61.518300 6.68
61.543427 6.68
61.559426 6.36
61.584534 6.68
61.595409 6.68
61.630785 6.68
61.641535 6.36
61.672189 6.36
61.683052 6.68
61.713410 7.02
61.724175 7.37
61.754536 7.37
61.765411 7.02
61.800786 6.68
61.811536 6.68
61.842191 6.68
61.853053 6.68
61.883537 6.68
61.894411 6.68
61.929787 6.68
61.940537 6.68
61.971066 6.36
61.981787 6.68
62.012429 7.02
62.028428 7.37
62.053413 7.37
62.064180 7.02
62.094538 6.68
62.105413 6.68
62.140788 6.68
62.156789 6.68
62.182306 6.68
62.198433 6.68
62.228789 6.68
62.239539 6.68
62.270191 6.68
62.280915 6.68
62.311415 7.02
62.322180 7.37
62.352416 7.37
62.363183 7.02
62.393416 6.68
62.404181 6.68
62.434415 6.68
62.445308 6.68
62.475416 6.68
62.486181 6.68
62.516542 6.68
62.527417 6.68
62.562792 6.68
62.573667 6.68
62.604196 7.02
62.615059 7.37
62.645418 7.37
62.656185 7.02
62.686417 7.02
62.697183 6.68
62.727544 6.68
62.738418 6.68
62.773794 6.68
62.784669 6.68
62.815198 6.68
62.826060 6.68
62.856544 6.68
62.867419 6.68
62.902794 6.36
62.913545 7.02
62.944188 7.37
62.954921 7.37
62.985545 7.02
62.996420 7.02
63.031796 6.68
63.042546 6.68
63.073198 6.68
63.083952 6.68
63.114421 6.68
63.125313 6.68
63.155547 6.68
63.166422 6.68
63.201797 6.68
63.212547 6.68
63.243201 7.02
63.255797 7.37
63.284548 7.37
63.295423 7.02
63.330798 6.68
63.341548 6.68
63.372203 6.68
63.384673 6.68
63.413424 6.68
63.424192 6.68
63.454549 6.68
63.465424 6.68
63.500799 6.68
63.516799 6.36
63.542201 7.02
63.554800 7.37
63.583425 7.37
63.594193 7.02
63.624425 6.68
63.635192 6.68
63.665551 6.68
63.676425 6.68
63.711801 6.68
63.724303 6.68
63.753205 6.68
63.765801 6.68
63.794552 6.68
63.805441 6.36
63.840802 6.68
63.853303 7.37
63.882205 7.37
63.894802 7.02
63.923428 6.68
63.934323 6.68
63.964553 6.68
63.975428 6.68
64.010803 6.68
64.023305 6.68
64.052319 6.68
64.068197 6.68
64.093554 6.36
64.104429 6.36
64.139804 7.02
64.155804 7.37
64.181321 7.37
64.197320 7.02
64.222447 7.02
64.233322 6.68
64.268806 6.68
64.284806 6.68
64.310321 6.68
64.326198 6.68
64.356806 6.68
64.369182 6.68
64.398210 6.36
64.414211 6.36
64.439557 6.68
64.450431 7.02
64.485807 7.37
64.501682 7.37
64.527212 7.02
64.543212 6.68
64.568433 6.68
64.579201 6.68
64.609558 6.68
64.620433 6.68
64.655809 6.68
64.671809 6.68
64.697212 6.68
64.713086 6.36
64.738434 6.68
64.749202 7.02
64.779434 7.37
64.790201 7.37
64.820560 7.02
64.831435 7.02
64.866810 6.68
64.882685 6.68
64.908214 6.68
64.924215 6.68
64.949561 6.68
64.960436 6.68
64.995811 6.68
65.011686 6.68
65.037216 6.68
65.053213 7.02
65.078437 7.37
65.089331 7.37
65.119562 7.37
65.130437 7.02
65.165812 6.68
65.181813 6.68
65.207216 6.68
65.223092 6.68
65.248563 6.68
65.259439 6.68
65.294814 6.68
65.310814 6.68
65.336218 6.68
65.352090 6.68
65.377564 7.02
65.388439 7.02
65.423814 6.68
65.439690 6.68
65.465095 6.68
65.475941 6.68
65.506458 6.36
65.517208 6.68
65.552816 6.68
65.568690 6.68
65.594220 6.68
65.610219 0.05
65.635441 4.68
65.646206 4.68
65.676442 4.68
65.687207 4.68
65.717442 4.68
65.728209 4.68
65.760193 4.68
65.770943 4.68
65.801457 4.68
65.812208 4.68
65.842567 4.68
65.853443 4.68
65.888819 4.68
65.904818 4.68
65.930085 4.68
65.940819 4.68
65.971460 4.68
65.982212 4.68
66.017819 4.68
66.033819 4.68
66.059099 4.68
66.069819 4.68
66.100461 4.68
66.111212 4.68
66.146820 4.68
66.162695 4.68
66.188225 4.68
66.204225 4.68
66.231196 4.68
66.242099 4.68
66.272463 4.68
66.283213 4.34
66.318822 4.34
66.334822 4.68
66.360098 4.68
66.372572 4.68
66.401464 4.68
66.412215 4.68
66.447822 4.68
66.463698 4.68
66.489226 4.68
66.505102 4.68
66.532230 4.68
66.543102 4.68
66.575229 4.68
66.585977 4.68
66.618229 4.34
66.629101 4.68
66.664824 4.68
66.680699 4.68
66.706342 4.68
66.717340 4.68
66.752825 4.68
66.768825 4.68
66.794229 4.68
66.810230 4.68
66.837202 4.68
66.848104 4.68
66.878466 4.68
66.889218 4.68
66.919701 4.68
66.932203 4.68
66.960953 4.68
66.971826 4.34
67.002230 4.68
67.018077 4.68
67.043470 4.34
67.054220 4.68
67.084703 4.68
67.097097 4.68
67.125954 4.68
67.136828 4.68
67.167232 4.68
67.183345 4.68
67.213828 4.68
67.229829 4.68
67.255345 4.68
67.266345 4.68
67.301829 4.34
67.317705 4.68
67.343234 4.68
67.359106 4.68
67.389705 4.68
67.405705 4.68
67.430985 4.68
67.441830 4.68
67.472347 4.68
67.483096 4.68
67.518706 4.68
67.534831 4.68
67.559957 4.68
67.570832 4.68
67.601234 4.68
67.611957 4.68
67.647707 4.68
67.663707 4.68
67.688958 4.68
67.699707 4.68
67.730223 4.34
67.740958 4.68
67.776833 4.34
67.787708 4.68
67.818236 4.68
67.828959 4.68
67.864834 4.68
67.889236 4.34
67.899959 4.68
67.935834 4.68
67.946585 4.68
67.977228 4.68
67.987960 4.68
68.023710 4.68
68.039585 4.68
68.064835 4.68
68.075710 4.34
68.106240 4.68
68.117114 4.68
68.152836 4.68
68.163586 4.68
68.194229 4.68
68.204962 4.68
68.240836 4.68
68.251587 4.68
68.282241 4.68
68.293116 4.68
68.328712 4.68
68.344712 4.68
68.369963 4.68
68.380713 4.68
68.411229 4.68
68.422117 4.68
68.457845 4.34
68.468589 4.68
68.499118 4.68
68.514964 4.68
68.540356 4.68
68.551116 4.68
68.586714 4.68
68.602847 4.68
68.627965 4.68
68.638715 4.68
68.669232 4.68
68.680117 4.68
68.715590 4.68
68.726356 4.68
68.756716 4.68
68.772848 4.34
68.800966 4.68
68.811716 4.68
68.842121 4.34
68.858245 4.68
68.883467 4.68
68.894234 4.68
68.929717 4.68
68.945850 4.68
68.970996 4.68
68.981850 4.68
69.012235 4.68
69.023123 4.68
69.058846 4.68
69.069718 4.68
69.100361 4.68
69.111124 4.68
69.146848 4.68
69.157719 4.68
69.188359 4.68
69.199123 4.68
69.234847 4.68
69.245720 4.68
69.276123 4.68
69.292364 4.68
69.319126 4.68
69.329848 4.68
69.362126 4.68
69.372848 4.68
69.408721 4.68
69.424596 4.34
69.449999 4.68
69.466123 4.68
69.493127 4.68
69.504001 4.68
69.536127 4.68
69.547002 4.34
69.579116 4.34
69.590003 4.68
69.622116 4.34
69.632999 4.68
69.665116 4.68
69.675853 4.68
69.711599 4.34
69.724117 4.68
69.752724 4.68
69.768724 4.68
69.794129 4.68
69.810002 4.68
69.840724 4.68
69.856854 4.34
69.882003 4.34
69.894475 4.68
69.923368 4.68
69.934128 4.68
69.964600 4.68
69.980601 4.68
70.005725 4.68
70.021601 4.68
70.047005 4.68
70.063130 4.68
70.093727 4.68
70.109727 4.68
70.138129 4.68
70.154131 4.68
70.184727 4.68
70.200727 4.68
70.229132 4.68
70.239855 4.68
70.275727 4.68
70.286478 4.68
70.317005 4.68
70.333007 4.68
70.363729 4.68
70.374479 4.68
70.405009 4.68
70.421007 4.68
70.451729 4.68
70.462479 4.68
70.493010 4.68
70.509010 4.68
70.539730 4.68
70.550605 4.68
70.581134 4.34
70.592008 4.68
70.627606 4.34
70.643606 4.68
70.668731 4.68
70.679606 4.68
70.710009 4.68
70.726133 4.68
70.756606 4.68
70.772732 4.34
70.797731 4.34
70.808482 4.68
70.839012 4.68
70.855012 4.68
70.885733 4.68
70.896608 4.68
70.927136 4.68
70.938011 4.34
70.973608 4.68
70.989609 4.34
71.014733 4.68
71.025609 4.34
71.056138 4.68
71.067012 4.68
71.102609 4.68
71.118485 4.34
71.143861 4.68
71.154735 4.68
71.185140 4.68
71.196014 4.68
71.231611 4.68
71.247611 4.68
71.272736 4.68
71.283611 4.34
71.314138 4.68
71.325013 4.68
71.360737 4.68
71.371612 4.68
71.402014 4.68
71.418140 4.68
71.448737 4.68
71.459612 4.68
71.490139 4.68
71.500864 4.68
71.536613 4.68
71.552738 4.68
71.577738 4.68
71.588488 4.68
71.619018 4.68
71.635140 4.68
71.665739 4.68
71.676614 4.68
71.707144 4.68
71.718018 4.68
71.753615 4.68
71.769739 4.68
71.794740 4.68
71.805615 4.68
71.836018 4.68
71.852144 4.68
71.882740 4.68
71.893616 4.68
71.924144 4.68
71.935019 4.68
71.970741 4.68
71.981616 4.68
72.012144 4.68
72.023019 4.68
72.058617 4.68
72.074742 4.68
72.099742 4.68
72.110617 4.68
72.141148 4.68
72.152022 4.68
72.187618 4.68
72.203743 4.68
72.228743 4.68
72.239618 4.68
72.270020 4.68
72.286148 4.68
72.316744 4.68
72.327619 4.68
72.358024 4.68
72.374147 4.68
72.404745 4.68
72.415620 4.68
72.446025 4.68
72.462148 4.68
72.492745 4.68
72.503621 4.34
72.534148 4.68
72.545024 4.68
72.580746 4.68
72.591622 4.68
72.622025 4.68
72.638148 4.68
72.668747 4.68
72.679497 4.68
72.710025 4.68
72.726026 4.68
72.756748 4.68
72.767497 4.68
72.798024 4.68
72.814027 4.34
72.840875 4.68
72.851748 4.68
72.887624 4.34
72.903748 4.68
72.928749 4.68
72.939624 4.68
72.970029 4.68
72.986153 4.68
73.016749 4.68
73.027500 4.68
73.058154 4.34
73.068876 4.68
73.099391 4.34
73.110141 4.68
73.140501 4.68
73.152877 4.68
73.181626 4.68
73.192501 4.34
73.222751 4.68
73.233502 4.68
73.264031 4.68
73.274751 4.68
73.310627 4.68
73.321502 4.68
73.351752 4.68
73.362502 4.34
73.393032 4.34
73.403879 4.34
73.434503 4.68
73.450628 4.68
73.475504 4.68
73.491504 4.68
73.516503 4.68
73.532629 4.68
73.557629 4.68
73.568379 4.68
73.598754 4.68
73.609504 4.34
73.640159 4.34
73.650880 4.68
73.681397 4.68
73.692149 4.68
73.722630 4.68
73.733505 4.68
73.763755 4.68
73.774505 4.68
73.805035 4.34
73.815882 4.68
73.846506 4.68
73.862631 4.68
73.887632 4.68
73.898507 4.68
73.928757 4.68
73.939507 4.68
73.970283 4.68
73.981280 4.34
74.011761 4.68
74.022636 4.34
74.053168 4.34
74.064010 4.34
74.094384 4.34
74.105179 4.34
74.135508 4.34
74.151634 4.34
74.176509 4.34
74.192634 4.34
74.217509 4.34
74.233634 4.34
74.258510 4.34
74.274510 4.34
74.299510 4.34
74.315510 4.34
74.340510 4.34
74.356635 4.34
74.381636 4.34
74.392511 4.34
74.422761 4.34
74.433636 4.34
74.464279 4.34
74.475152 4.34
74.505636 4.34
74.516386 4.34
74.546762 4.34
74.557511 4.34
74.588064 4.34
74.598889 4.34
74.629649 4.68
74.640523 4.68
74.672906 4.34
74.683896 4.34
74.719768 4.34
74.730642 4.34
74.766641 4.34
74.777390 4.34
74.807892 4.34
74.824015 4.34
74.850895 4.34
74.861765 4.34
74.897639 4.34
74.908390 4.34
74.938891 4.34
74.954891 4.34
74.985641 4.34
74.996390 4.34
75.026766 4.34
75.037515 4.68
75.068016 4.68
75.078766 4.34
75.114641 4.68
75.125392 4.68
75.155893 4.34
75.171920 4.68
75.198893 4.34
75.209642 4.68
75.245643 4.68
75.256392 4.68
75.286893 4.68
75.303018 4.68
75.329897 4.68
75.340768 4.68
75.376643 4.68
75.387394 4.34
75.417768 4.68
75.430410 4.68
75.459019 4.68
75.469769 4.68
75.505644 4.34
75.516394 4.68
75.547156 4.34
