0.000000 0.000000
0.041807 4.34
0.052679 4.34
0.083436 4.34
0.099696 3.01
0.130467 2.66
0.146697 2.66
0.177464 2.66
0.193680 2.66
0.224052 2.66
0.236553 2.66
0.265049 2.66
0.277426 2.66
0.306048 2.66
0.318422 2.66
0.347047 2.66
0.359423 2.66
0.388074 2.66
0.404061 2.66
0.429312 2.34
0.440064 2.34
0.470422 2.66
0.482797 2.66
0.511423 2.66
0.523797 2.34
0.552422 2.34
0.564797 2.34
0.593423 2.34
0.605798 2.66
0.634423 2.34
0.646798 2.66
0.675423 2.34
0.687798 2.34
0.716424 2.34
0.732423 2.34
0.757688 2.34
0.768689 2.66
0.799343 2.34
0.810328 2.34
0.846379 2.34
0.859085 2.66
0.893351 2.66
0.904328 2.34
0.940203 2.34
0.951348 2.34
0.987351 4.02
0.998346 4.02
1.034204 4.02
1.045205 4.02
1.075682 4.02
1.086556 4.02
1.117323 4.34
1.128074 4.34
1.158679 4.34
1.169554 4.02
1.200082 4.34
1.216068 4.34
1.241446 4.02
1.257429 4.34
1.282553 4.02
1.298553 4.02
1.323678 4.34
1.334428 4.02
1.369958 4.02
1.385956 4.02
1.413929 4.02
1.424689 4.02
1.455192 4.34
1.465941 4.34
1.496815 4.34
1.507816 4.34
1.538464 4.34
1.554687 4.34
1.585099 4.34
1.601079 4.34
1.626324 4.34
1.637345 4.34
1.673251 4.34
1.684210 4.34
1.714812 4.34
1.725687 4.34
1.756328 4.34
1.767079 4.34
1.797684 4.34
1.808559 4.34
1.839090 4.34
1.855075 4.34
1.880448 4.34
1.896433 4.34
1.921682 4.34
1.932558 4.34
1.968075 4.34
1.984073 4.34
2.009450 4.34
2.025433 4.34
2.050434 4.34
2.066434 4.34
2.091434 4.34
2.107434 4.34
2.132559 4.34
2.148559 4.34
2.173684 4.34
2.189560 4.34
2.220087 4.34
2.235936 4.34
2.261435 4.34
2.277327 4.34
2.302560 4.34
2.318435 4.34
2.343685 4.34
2.354436 4.34
2.390090 4.34
2.405937 4.34
2.431328 4.34
2.442076 4.34
2.472437 4.34
2.488328 4.34
2.513562 4.34
2.529437 4.34
2.556437 4.34
2.567328 4.34
2.597562 4.34
2.613437 4.34
2.640438 4.34
2.651331 4.34
2.681456 4.34
2.697329 4.34
2.722564 4.34
2.733329 4.34
2.765470 4.34
2.776206 4.34
2.808469 4.34
2.819207 4.34
2.851471 4.34
2.862206 4.34
2.894472 4.34
2.905207 4.34
2.940815 4.34
2.951565 4.34
2.982207 4.34
2.993092 4.34
3.023441 4.34
3.039333 4.34
3.064566 4.02
3.075331 4.34
3.107472 4.34
3.118207 4.34
3.153816 4.34
3.164691 4.34
3.195208 4.34
3.205942 4.34
3.236567 4.34
3.247341 4.34
3.279347 4.34
3.290211 4.34
3.320568 4.34
3.331336 4.34
3.366825 4.34
3.377693 4.34
3.408223 4.34
3.419098 4.34
3.449569 4.34
3.460336 4.34
3.495827 4.34
3.506568 4.34
3.537211 4.34
3.548099 4.34
3.578569 4.34
3.589336 4.34
3.624827 4.34
3.635570 4.34
3.666224 4.34
3.677100 4.34
3.707570 4.34
3.718336 4.34
3.753828 4.34
3.778224 4.34
3.788946 4.34
3.819446 4.34
3.830213 4.34
3.860571 4.34
3.871339 4.34
3.906830 4.34
3.917572 4.34
3.948216 4.34
3.959102 4.34
3.989573 4.34
4.000448 4.34
4.035832 4.34
4.046698 4.34
4.077213 4.34
4.087978 4.34
4.118573 4.34
4.129338 4.34
4.164828 4.34
4.180829 4.34
4.206342 4.34
4.222342 4.34
4.247450 4.34
4.263450 4.34
4.288450 4.34
4.299341 4.34
4.329450 4.34
4.340344 4.34
4.370575 4.34
4.381450 4.34
4.416828 4.34
4.432829 4.34
4.458105 4.34
4.468979 4.34
4.499452 4.34
4.515576 4.34
4.540451 4.34
4.551345 4.34
4.581451 4.34
4.592344 4.34
4.622452 4.34
4.633342 4.34
4.663577 4.34
4.674345 4.34
4.709832 4.34
4.725832 4.34
4.751346 4.34
4.780832 4.34
4.796832 4.34
4.822345 4.34
4.838346 4.34
4.863454 4.34
4.879454 4.34
4.904454 4.34
4.915347 4.34
4.945580 4.34
4.956346 4.34
4.991835 4.34
5.007835 4.34
5.033347 4.34
5.049347 4.34
5.074455 4.34
5.090455 4.34
5.115455 4.34
5.126348 4.34
5.156581 4.34
5.167346 4.34
5.202836 4.34
5.227349 4.34
5.256835 4.34
5.272836 4.34
5.298350 4.34
5.314349 4.34
5.339457 4.34
5.355582 4.34
5.380458 4.34
5.391350 4.34
5.421584 4.34
5.432351 4.34
5.467834 4.34
5.483834 4.34
5.509351 4.34
5.525351 4.02
5.550459 4.34
5.561349 4.34
5.591584 4.34
5.602459 4.34
5.637835 4.34
5.653835 4.34
5.679351 4.34
5.695351 4.34
5.720460 4.34
5.731352 4.34
5.761585 4.34
5.772350 4.34
5.807839 4.34
5.823839 4.34
5.849352 4.34
5.865353 4.34
5.890586 4.34
5.901353 4.34
5.936838 4.34
5.952838 4.34
5.978352 4.34
5.994354 4.34
6.019462 4.34
6.030354 4.34
6.060462 4.34
6.071338 4.34
6.101463 4.34
6.112353 4.34
6.142588 4.34
6.153463 4.34
6.188840 4.34
6.204840 4.34
6.230464 4.34
6.241356 4.34
6.271589 4.34
6.282464 4.34
6.317840 4.34
6.333841 4.34
6.359356 4.34
6.375354 4.34
6.400590 4.34
6.411339 4.34
6.446845 4.34
6.462844 4.34
6.488357 4.34
6.504357 4.34
6.529466 4.34
6.540359 4.34
6.570466 4.34
6.581341 4.34
6.611466 4.34
6.622341 4.34
6.652592 4.34
6.663467 4.34
6.693844 4.34
6.709844 4.34
6.735359 4.34
6.751360 4.34
6.776342 4.34
6.787110 4.34
6.817468 4.34
6.828343 4.34
6.858468 4.34
6.869343 4.34
6.899468 4.34
6.910344 4.34
6.940594 4.34
6.951343 4.34
6.986845 4.34
7.002846 4.34
7.028362 4.34
7.044361 4.34
7.069470 4.34
7.080345 4.34
7.110469 4.34
7.121345 4.34
7.151470 4.34
7.162346 4.34
7.192470 4.34
7.203345 4.34
7.233596 4.34
7.244471 4.34
7.279847 4.34
7.295851 4.34
7.321125 4.34
7.332002 4.34
7.362471 4.34
7.373364 4.34
7.403472 4.34
7.414348 4.34
7.444472 4.34
7.455347 4.34
7.485473 4.34
7.496366 4.34
7.531723 4.34
7.542598 4.34
7.573003 4.34
7.583723 4.34
7.614367 4.34
7.630474 4.34
7.655474 4.34
7.666349 4.34
7.696474 4.34
7.707349 4.34
7.737475 4.34
7.748350 4.34
7.778475 4.34
7.789350 4.34
7.819475 4.34
7.830350 4.34
7.860600 4.34
7.871350 4.34
7.906851 4.34
7.922852 4.34
7.948368 4.34
7.964368 4.34
7.991227 4.34
8.002005 4.34
8.032368 4.34
8.043117 4.34
8.073352 4.34
8.084116 4.34
8.114477 4.34
8.125352 4.34
8.157228 4.34
8.168132 4.34
8.198371 4.34
8.209117 4.34
8.241233 4.34
8.252007 4.34
8.282371 4.34
8.298371 4.34
8.323354 4.34
8.334121 4.34
8.364479 4.34
8.375354 4.34
8.407230 4.34
8.418007 4.34
8.448480 4.34
8.459355 4.34
8.491231 4.34
8.502009 4.34
8.532371 4.34
8.543247 4.34
8.578730 4.34
8.594730 4.34
8.620248 4.34
8.636248 4.34
8.663233 4.34
8.674136 4.34
8.704481 4.34
8.715371 4.34
8.750731 4.34
8.763233 4.34
8.792136 4.34
8.808374 4.34
8.833483 4.34
8.844372 4.34
8.876109 4.34
8.886859 4.34
8.917372 4.34
8.928123 4.34
8.960110 4.34
8.970860 4.34
9.001375 4.34
9.012123 4.34
9.047609 4.34
9.058484 4.34
9.088734 4.34
9.104734 4.34
9.130014 4.34
9.140861 4.34
9.171484 4.34
9.182378 4.34
9.217610 4.34
9.228485 4.34
9.258735 4.34
9.274735 4.34
9.300139 4.34
9.316140 4.34
9.341376 4.34
9.352137 4.34
9.382486 4.34
9.393376 4.34
9.428736 4.34
9.444612 4.34
9.470014 4.34
9.480737 4.34
9.511380 4.34
9.522255 4.34
9.557738 4.34
9.573738 4.34
9.599255 4.34
9.615253 4.34
9.640381 4.34
9.651254 4.34
9.686738 4.34
9.702739 4.34
9.728140 4.34
9.744143 4.34
9.769489 4.34
9.780381 4.34
9.815614 4.34
9.826490 4.34
9.856740 4.34
9.872614 4.34
9.898018 4.34
9.908866 4.34
9.939490 4.34
9.950365 4.34
9.985616 4.02
9.996366 4.34
10.026741 4.34
10.042741 4.34
10.067867 4.34
10.078741 4.34
10.109133 4.34
10.125018 4.34
10.150385 4.34
10.161134 4.34
10.196617 4.34
10.207492 4.34
10.237742 4.34
10.253618 4.34
10.279022 4.34
10.289869 4.34
10.320386 4.34
10.331136 4.34
10.366618 4.34
10.377493 4.34
10.407744 4.34
10.423744 4.34
10.449024 4.34
10.459870 4.34
10.490387 4.34
10.501138 4.34
10.531388 4.34
10.542135 4.34
10.572370 4.34
10.583138 4.34
10.613370 4.34
10.624138 4.34
10.654371 4.34
10.665137 4.34
10.695370 4.34
10.706137 4.34
10.736371 4.34
10.747138 4.34
10.777371 4.34
10.788136 4.34
10.818372 4.34
10.829138 4.34
10.859372 4.34
10.870138 4.34
10.900372 4.34
10.911140 4.34
10.941372 4.34
10.952140 4.34
10.982373 4.34
10.993139 4.34
11.023373 4.34
11.034140 4.34
11.066125 4.34
11.076998 4.34
11.107391 4.34
11.118140 4.34
11.153624 4.34
11.164374 4.34
11.194876 4.34
11.205749 4.34
11.236392 4.34
11.247143 4.34
11.282624 4.34
11.295127 4.34
11.323877 4.34
11.334750 4.34
11.365155 4.34
11.381141 4.34
11.408127 4.34
11.419001 4.34
11.451127 4.34
11.461895 4.34
11.494127 4.34
11.505002 4.34
11.535395 4.34
11.546270 4.34
11.581627 4.34
11.594144 4.34
11.622752 4.34
11.638753 4.34
11.664003 4.34
11.676377 4.34
11.705393 4.34
11.716268 4.34
11.751628 4.34
11.764034 4.34
11.792908 4.34
11.803754 4.34
11.834396 4.34
11.845269 4.34
11.877021 4.34
11.887754 4.34
11.918398 4.34
11.929144 4.34
11.961006 4.34
11.971755 4.34
12.002397 4.34
12.013148 4.34
12.048630 4.34
12.061006 4.34
12.089882 4.34
12.100756 4.34
12.131161 4.34
12.142006 4.34
12.177631 4.34
12.193631 4.34
12.221882 4.34
12.232757 4.34
12.263399 4.34
12.274149 4.34
12.304507 4.34
12.315382 4.34
12.345508 4.34
12.356383 4.34
12.386633 4.34
12.402508 4.34
12.427758 4.34
12.438633 4.34
12.469276 4.34
12.480009 4.34
12.515759 4.34
12.526634 4.34
12.557162 4.34
12.568010 4.34
12.603635 4.34
12.619634 4.34
12.644886 4.34
12.655760 4.34
12.686402 4.34
12.697150 4.34
12.727635 4.34
12.743635 4.34
12.768887 4.34
12.779761 4.34
12.810401 4.34
12.821153 4.34
12.851636 4.34
12.867511 4.34
12.892761 4.34
12.903636 4.34
12.934165 4.34
12.945039 4.34
12.980637 4.34
12.996637 4.34
13.021889 4.34
13.032763 4.34
13.063406 4.34
13.074155 4.34
13.104638 4.34
13.120638 4.34
13.145890 4.34
13.156763 4.34
13.187168 4.34
13.198031 4.34
13.233639 4.34
13.249639 4.34
13.274918 4.34
13.285765 4.34
13.316166 4.34
13.326891 4.34
13.362765 4.34
13.373515 4.34
13.404169 4.34
13.414891 4.34
13.450515 4.34
13.461406 4.34
13.491641 4.34
13.507766 4.34
13.532892 4.34
13.543766 4.34
13.574168 4.34
13.584892 4.34
13.620642 4.34
13.636517 4.34
13.661893 4.34
13.672767 4.34
13.703410 4.34
13.714159 4.34
13.749768 4.34
13.760518 4.34
13.791173 4.34
13.802035 4.34
13.837768 4.34
13.848518 4.34
13.879173 4.34
13.889895 4.34
13.925644 4.34
13.941519 4.34
13.966895 4.34
13.977770 4.34
14.008173 4.34
14.019046 4.34
14.054770 4.34
14.065520 4.34
14.096175 4.34
14.107039 4.34
14.142521 4.34
14.155021 4.34
14.183646 4.34
14.199771 4.34
14.224897 4.34
14.237522 4.34
14.268023 4.34
14.278897 4.34
14.309176 4.34
14.319898 4.34
14.355772 4.34
14.366647 4.34
14.397174 4.34
14.407897 4.34
14.443647 4.34
14.459523 4.34
14.484899 4.34
14.497414 4.34
14.526290 4.34
14.537042 4.34
14.572649 4.34
14.588774 4.34
14.613927 4.34
14.630053 4.34
14.656900 4.34
14.667774 4.34
14.699901 4.34
14.710774 4.34
14.741177 4.34
14.751901 4.34
14.782400 4.34
14.793167 4.34
14.828775 4.34
14.839526 4.34
14.870181 4.34
14.881055 4.34
14.911526 4.34
14.923902 4.34
14.952651 4.34
14.963401 4.34
14.993903 4.34
15.010043 4.34
15.035056 4.34
15.045904 4.34
15.076527 4.34
15.088904 4.34
15.117652 4.34
15.128528 4.34
15.158904 4.34
15.174904 4.34
15.205654 4.34
15.216528 4.34
15.246934 4.34
15.263055 4.34
15.293654 4.34
15.304404 4.34
15.334905 4.34
15.350905 4.34
15.381654 4.34
15.392529 4.34
15.422906 4.34
15.439059 4.34
15.469655 4.34
15.480530 4.34
15.510780 4.34
15.521530 4.34
15.552186 4.34
15.563058 4.34
15.593531 4.34
15.609656 4.34
15.634656 4.02
15.645531 4.34
15.675908 4.34
15.692058 4.34
15.722657 4.34
15.733407 4.34
15.763909 4.34
15.780062 4.34
15.805187 4.34
15.816062 4.34
15.846533 4.34
15.862658 4.34
15.887658 4.34
15.898533 4.34
15.928909 4.34
15.945062 4.34
15.975659 4.34
15.986409 4.34
16.016911 4.34
16.033063 4.34
16.063659 4.34
16.074410 4.34
16.104911 4.34
16.121063 4.34
16.146187 4.34
16.156911 4.34
16.187535 4.34
16.203660 4.34
16.228661 4.34
16.239536 4.34
16.269941 4.34
16.285942 4.34
16.316661 4.34
16.327536 4.34
16.357786 4.34
16.368537 4.34
16.399191 4.34
16.410064 4.34
16.440412 4.34
16.451303 4.34
16.481413 4.34
16.492180 4.34
16.522413 4.34
16.533192 4.34
16.563412 4.34
16.574182 4.34
16.604539 4.34
16.620663 4.34
16.645664 4.34
16.656538 4.34
16.686789 4.34
16.697539 4.34
16.728191 4.34
16.738915 4.34
16.769539 4.34
16.785664 4.34
16.810665 4.34
16.821540 4.34
16.851916 4.34
16.867917 4.34
16.898665 4.34
16.909541 4.34
16.939917 4.34
16.956069 4.34
16.986666 4.34
16.997416 4.34
17.027917 4.34
17.043918 4.34
17.070922 4.34
17.081792 4.34
17.113922 4.34
17.124792 4.34
17.156922 4.34
17.167792 4.34
17.203668 4.34
17.214418 4.34
17.244919 4.34
17.261070 4.34
17.291668 4.34
17.302418 4.34
17.332920 4.34
17.349072 4.34
17.379669 4.34
17.390419 4.34
17.420920 4.34
17.437074 4.34
17.467437 4.34
17.479799 4.34
17.508670 4.34
17.519420 4.34
17.549950 4.34
17.566072 4.34
17.596670 4.34
17.607545 4.34
17.637940 4.34
17.653921 4.34
17.684671 4.34
17.695546 4.34
17.725922 4.34
17.742076 4.34
17.772439 4.34
17.788436 4.34
17.813672 4.34
17.824422 4.34
17.854923 4.34
17.865797 4.34
17.897802 4.34
17.908548 4.34
17.944439 4.34
17.960441 4.34
17.985673 4.34
17.996548 4.34
18.026924 4.34
18.037799 4.34
18.068079 4.34
18.078925 4.34
18.109440 4.34
18.125439 4.34
18.150674 4.34
18.161550 4.34
18.191800 4.34
18.207800 4.34
18.238442 4.34
18.254440 4.34
18.279675 4.34
18.290426 4.34
18.320800 4.34
18.336800 4.34
18.367444 4.34
18.383442 4.34
18.408676 4.34
18.419426 4.34
18.449943 4.34
18.460802 4.34
18.491067 4.34
18.501802 4.34
18.532445 4.34
18.548445 4.34
18.573677 4.34
18.584428 4.34
18.614944 4.34
18.625803 4.34
18.656445 4.34
18.672445 4.34
18.697679 4.34
18.708553 4.34
18.738930 4.34
18.749803 4.34
18.785679 4.34
18.796429 4.34
18.826930 4.34
18.837805 4.34
18.873447 4.34
18.889448 4.34
18.914679 4.34
18.925430 4.34
18.955931 4.34
18.966805 4.34
19.002681 4.34
19.013556 4.34
19.043932 4.34
19.054806 4.34
19.090446 4.34
19.106446 4.34
19.131681 4.34
19.142432 4.34
19.172933 4.34
19.183806 4.34
19.219448 4.34
19.235450 4.34
19.260682 4.34
19.271557 4.34
19.301934 4.34
19.312808 4.34
19.348558 4.34
19.359451 4.34
19.389683 4.34
19.400433 4.34
19.430808 4.34
19.446809 4.34
19.477450 4.34
19.493449 4.34
19.518684 4.34
19.529434 4.34
19.561813 4.34
19.572560 4.34
19.608451 4.34
19.624453 4.34
19.649685 4.34
19.660560 4.34
19.690935 4.34
19.701686 4.34
19.737454 4.34
19.753451 4.34
19.778686 4.34
19.789436 4.34
19.819937 4.34
19.830687 4.34
19.866562 4.34
19.877330 4.34
19.907687 4.34
19.920205 4.34
19.948812 4.34
19.964812 4.34
19.995563 4.34
20.006330 4.34
20.036688 4.34
20.047438 4.34
20.077938 4.34
20.088688 4.34
20.124456 4.34
20.140454 4.34
20.165688 4.34
20.178080 4.34
20.206939 4.34
20.217814 4.34
20.253457 4.34
20.269455 4.34
20.294690 4.34
20.307095 4.34
20.335940 4.34
20.346690 4.34
20.382457 4.34
20.398459 4.34
20.423691 4.34
20.436092 4.34
20.469709 4.34
20.480566 4.34
20.512695 4.34
20.523566 4.34
20.553942 4.34
20.564691 4.34
20.595209 4.34
20.607710 4.34
20.636567 4.34
20.647334 4.34
20.677693 4.34
20.690084 4.34
20.718943 4.34
20.729693 4.34
20.760210 4.34
20.772698 4.34
20.801568 4.34
20.812337 4.34
20.842693 4.34
20.858694 4.34
20.883944 4.34
20.894693 4.34
20.925211 4.34
20.941336 4.34
20.966570 4.34
20.977334 4.34
21.007695 4.34
21.023695 4.34
21.048946 4.34
21.059695 4.34
21.090212 4.34
21.106336 4.02
21.131571 4.34
21.142337 4.34
21.172696 4.34
21.188696 4.34
21.222338 4.34
21.238337 4.34
21.263572 4.34
21.274340 4.34
21.304697 4.34
21.320697 4.34
21.345976 4.34
21.356829 4.34
21.387464 4.34
21.398214 4.34
21.428698 4.34
21.444698 4.34
21.469978 4.34
21.480826 4.34
21.511340 4.34
21.527216 4.34
21.552449 4.34
21.563341 4.34
21.593449 4.34
21.604342 4.34
21.634575 4.34
21.645339 4.34
21.675700 4.34
21.691700 4.34
21.716980 4.34
21.727828 4.34
21.758343 4.34
21.774343 4.34
21.799576 4.34
21.810450 4.34
21.840701 4.34
21.856701 4.34
21.881980 4.34
21.892830 4.02
21.923469 4.34
21.934341 4.34
21.964702 4.34
21.980577 4.02
22.005981 4.34
22.016702 4.34
22.047452 4.34
22.058342 4.34
22.088453 4.34
22.099345 4.34
22.130020 4.34
22.141012 4.34
22.171584 4.34
22.182584 4.34
22.218349 4.34
22.234240 4.68
22.260024 4.68
22.271013 4.68
22.301587 4.68
22.312586 4.68
22.348460 4.68
22.359351 4.68
22.389839 4.68
22.400707 4.68
22.436582 4.68
22.447457 4.68
22.477985 4.68
22.488835 4.68
22.519456 4.68
22.530349 4.68
22.562718 4.68
22.573717 4.68
22.604340 4.68
22.615357 4.68
22.645841 4.68
22.656711 4.68
22.687352 4.68
22.703349 4.68
22.728584 4.68
22.741115 4.68
22.769708 4.68
22.785583 4.68
22.812738 4.68
22.823583 4.68
22.854364 4.68
22.865363 4.68
22.896008 4.68
22.907006 4.68
22.937589 4.68
22.950122 4.68
22.984355 4.68
23.000356 4.68
23.025586 4.68
23.037991 4.68
23.066710 4.68
23.082710 4.68
23.113112 4.68
23.123837 4.68
23.154716 4.68
23.170890 5.00
23.196365 5.35
23.207361 5.00
23.238006 5.35
23.249003 5.35
23.279590 5.35
23.295715 5.35
23.322619 5.35
23.333464 5.35
23.369351 5.35
23.380104 5.35
23.410463 5.35
23.421352 5.35
23.451462 5.35
23.462351 5.35
23.498354 5.35
23.509228 5.69
23.540032 5.69
23.551026 6.01
23.581594 5.69
23.597718 5.69
23.631358 5.69
23.642110 5.69
23.672842 5.69
23.683716 5.69
23.714358 6.01
23.725106 6.01
23.755340 6.01
23.766105 6.01
23.796358 6.01
23.807110 6.01
23.837590 6.01
23.853590 5.69
23.878716 5.69
23.889590 5.69
23.925356 6.01
23.936106 5.69
23.966592 6.01
23.982466 6.01
24.007717 6.01
24.018466 6.01
24.054121 6.01
24.070121 6.01
24.095360 6.01
24.106110 5.69
24.136468 6.01
24.147361 5.69
24.177593 6.01
24.193468 5.69
24.218718 6.01
24.229593 5.69
24.265122 6.01
24.281110 6.01
24.306360 6.01
24.317110 6.01
24.347594 6.01
24.363594 5.69
24.388719 5.69
24.399469 5.69
24.429881 5.69
24.440719 6.01
24.471363 5.69
24.482238 6.01
24.512595 5.69
24.528595 6.01
24.553720 6.01
24.564595 6.01
24.600123 6.01
24.616126 6.01
24.641361 6.01
24.652114 5.69
24.682596 5.69
24.698597 6.01
24.723721 6.01
24.734597 6.01
24.770124 6.01
24.780848 6.01
24.811472 5.69
24.822365 6.01
24.852472 6.01
24.863348 5.69
24.893473 5.69
24.904348 5.69
24.934598 5.69
24.950474 5.69
24.975723 5.69
24.986598 6.01
25.022127 6.01
25.032850 6.01
25.063474 6.01
25.074367 6.01
25.104474 5.69
25.115350 5.69
25.145475 5.69
25.156350 6.01
25.186600 6.01
25.202475 6.01
25.227725 6.01
25.238600 6.01
25.274494 6.01
25.287005 6.01
25.315726 6.01
25.326476 6.01
25.362368 5.69
25.373116 5.69
25.403477 6.01
25.416003 6.01
25.444602 5.69
25.460477 5.69
25.485727 6.01
25.496477 6.01
25.532131 6.01
25.548244 6.01
25.573478 6.01
25.586005 6.01
25.614603 6.01
25.630478 6.01
25.655728 6.01
25.666603 5.69
25.697133 5.69
25.709614 5.69
25.738479 6.01
25.749370 6.01
25.779479 6.01
25.795480 6.01
25.820479 6.01
25.832856 6.01
25.861480 5.69
25.873856 5.69
25.902480 5.69
25.914857 5.69
25.943480 6.01
25.955857 6.01
25.989730 6.01
26.000481 6.01
26.031135 5.69
26.047121 6.01
26.072371 6.01
26.083122 6.01
26.113482 5.69
26.125858 5.69
26.154607 5.69
26.170482 5.69
26.195732 6.01
26.206607 6.01
26.242124 6.01
26.254493 6.01
26.283482 6.01
26.299483 6.01
26.324483 6.01
26.336859 5.69
26.365483 5.69
26.377859 5.69
26.406608 6.01
26.422484 6.01
26.453013 6.01
26.469011 6.01
26.494484 6.01
26.506861 6.01
26.535484 6.01
26.551485 6.01
26.576485 6.01
26.592485 6.01
26.617610 5.69
26.628485 5.69
26.658736 6.01
26.669486 6.01
26.700140 6.01
26.716138 6.01
26.741487 5.69
26.757486 6.01
26.782486 6.01
26.798362 6.01
26.823486 6.01
26.839362 5.69
26.864487 6.01
26.880487 6.01
26.905487 6.01
26.921488 6.01
26.946488 6.01
26.962488 6.01
26.987488 5.69
27.003363 5.69
27.028488 5.69
27.044488 6.01
27.069488 6.01
27.085488 6.01
27.110489 6.01
27.126489 6.01
27.151489 6.01
27.167489 5.69
27.192489 6.01
27.208364 6.01
27.233490 6.01
27.249365 6.01
27.274615 6.01
27.285490 6.01
27.321007 6.01
27.337007 6.01
27.362381 6.01
27.373133 6.01
27.403616 6.01
27.414366 6.01
27.449991 6.01
27.460741 6.01
27.491131 6.01
27.507008 6.01
27.532382 6.01
27.543132 6.01
27.573617 6.01
27.584367 6.01
27.614742 6.01
27.625492 6.01
27.661148 6.01
27.676993 6.01
27.702368 6.01
27.713136 6.01
27.743369 6.01
27.754135 6.01
27.784369 6.01
27.795134 6.01
27.825369 6.01
27.836135 6.01
27.866369 6.01
27.877135 6.01
27.907369 5.69
27.918136 5.69
27.948370 6.01
27.959136 6.01
27.989370 6.01
28.000136 6.01
28.030370 6.01
28.041135 6.01
28.071371 6.01
28.082136 5.69
28.112372 5.69
28.123138 5.69
28.153371 6.01
28.164139 6.01
28.194372 6.01
28.205137 6.01
28.235372 6.01
28.246140 6.01
28.276372 6.01
28.287140 5.69
28.317372 5.69
28.328141 6.01
28.358373 6.01
28.370873 6.01
28.399373 5.69
28.411892 6.01
28.440373 6.01
28.451141 6.01
28.481374 5.69
28.493875 5.69
28.522374 6.01
28.534906 6.01
28.563375 6.01
28.575905 5.69
28.604375 6.01
28.616903 6.01
28.645374 6.01
28.657904 5.69
28.686375 6.01
28.698750 6.01
28.727375 6.01
28.739750 6.01
28.768376 6.01
28.780751 6.01
28.809376 6.01
28.821751 5.69
28.850376 5.69
28.862751 6.01
28.891377 6.01
28.903752 6.01
28.932377 6.01
28.944752 6.01
28.973377 6.01
28.985752 5.69
29.014377 6.01
29.026753 6.01
29.055378 5.69
29.067752 5.35
29.096378 5.35
29.112378 5.35
29.137378 5.35
29.149753 5.35
29.178379 5.35
29.194379 5.35
29.219379 5.35
29.235397 5.00
29.260379 5.00
29.272754 5.35
29.301380 5.35
29.317505 5.35
29.342380 5.35
29.358398 5.35
29.383380 5.00
29.399398 5.00
29.425090 4.68
29.441286 4.34
29.466636 4.34
29.477511 4.34
29.508277 4.34
29.519279 4.34
29.549758 4.34
29.560759 4.34
29.591274 4.34
29.602275 4.34
29.632632 4.34
29.643383 4.34
29.674007 4.34
29.689916 4.34
29.715276 4.34
29.726022 4.34
29.756383 4.34
29.772508 4.34
29.797508 4.34
29.813522 4.34
29.839162 4.34
29.850041 4.34
29.880763 4.34
29.891637 4.34
29.922402 4.34
29.938414 4.34
29.963635 4.34
29.974510 4.34
30.010152 4.34
30.020885 4.34
30.051510 4.34
30.067385 4.34
30.092635 4.34
30.103402 4.34
30.139027 4.34
30.155027 4.34
30.180404 4.34
30.196386 4.34
30.221511 4.34
30.237387 4.34
30.262636 4.34
30.273386 4.34
30.308887 4.34
30.324887 4.34
30.350405 4.34
30.366405 4.34
30.391638 4.34
30.402513 4.34
30.438028 4.34
30.454028 4.34
30.479405 4.34
30.495404 4.34
30.520388 4.34
30.536654 4.34
