0.000000 0.000000
0.041895 4.34
0.063328 4.34
0.079465 4.34
0.105115 3.01
0.121459 2.66
0.146866 2.66
0.163084 2.66
0.191725 2.66
0.207953 2.66
0.232825 2.66
0.243573 2.66
0.273822 2.34
0.284572 2.66
0.314821 2.66
0.325571 2.66
0.355821 2.66
0.366570 2.66
0.396959 2.66
0.407836 2.66
0.443320 2.66
0.459320 2.66
0.484597 2.66
0.497070 2.66
0.525960 2.66
0.536837 2.66
0.568724 2.34
0.579474 2.66
0.611723 2.66
0.622474 2.66
0.654723 2.66
0.665473 2.66
0.697724 2.66
0.708474 2.66
0.739072 2.66
0.749963 2.66
0.780733 2.66
0.796963 2.34
0.822332 2.66
0.838766 2.66
0.863969 2.66
0.874965 2.34
0.905625 2.66
0.921850 2.34
0.952589 2.34
0.968995 3.33
0.999503 4.02
1.010501 4.34
1.046331 4.02
1.057330 4.34
1.087845 4.34
1.098842 4.34
1.129327 4.34
1.140202 4.02
1.170843 4.34
1.181842 4.34
1.213728 4.34
1.224477 4.34
1.260076 4.34
1.270966 4.34
1.301201 4.02
1.313729 4.34
1.342327 4.34
1.353202 4.34
1.383603 4.34
1.395967 4.34
1.430343 4.34
1.441343 4.34
1.472124 4.34
1.488623 4.34
1.513886 4.34
1.525000 4.34
1.555463 4.34
1.566463 4.34
1.602335 4.34
1.613209 4.34
1.643854 4.34
1.654866 4.34
1.685464 4.34
1.696463 4.34
1.732335 4.34
1.743209 4.34
1.773852 4.34
1.784618 4.34
1.815207 4.34
1.827615 4.34
1.856488 4.34
1.867331 4.34
1.897974 4.34
1.908849 4.34
1.939206 4.34
1.955207 4.34
1.980485 4.34
1.991331 4.34
2.021972 4.34
2.032848 4.34
2.063207 4.34
2.079207 4.34
2.104488 4.34
2.115333 4.34
2.145976 4.34
2.156850 4.34
2.187208 4.34
2.203208 4.34
2.228488 4.34
2.239333 4.34
2.269977 4.34
2.280851 4.34
2.311209 4.34
2.327209 4.34
2.352209 4.34
2.368209 4.34
2.393490 4.34
2.404335 4.34
2.434978 4.34
2.445851 4.34
2.476210 4.34
2.492086 4.34
2.517210 4.34
2.533211 4.34
2.558491 4.34
2.569336 4.34
2.599978 4.34
2.610853 4.34
2.641392 4.34
2.652366 4.34
2.682992 4.34
2.693970 4.34
2.724784 4.34
2.740973 4.34
2.766221 4.34
2.782219 4.34
2.807735 4.34
2.818610 4.34
2.854341 4.34
2.865216 4.34
2.895749 4.34
2.906619 4.34
2.942214 4.34
2.958213 4.34
2.983492 4.34
2.994339 4.34
3.024980 4.34
3.035978 4.34
3.066644 4.34
3.082869 4.34
3.113346 4.34
3.124220 4.34
3.154861 4.34
3.165612 4.34
3.196217 4.34
3.212342 4.34
3.237216 4.34
3.253341 4.34
3.278497 4.34
3.291091 4.34
3.319984 4.34
3.330858 4.34
3.361217 4.34
3.377217 4.34
3.402497 4.34
3.415092 4.34
3.445622 4.34
3.456467 4.34
3.486859 4.34
3.497607 4.34
3.533343 4.34
3.544093 4.34
3.574860 4.34
3.585620 4.34
3.621218 4.34
3.637344 4.34
3.662499 4.34
3.675094 4.34
3.706469 4.34
3.717219 4.34
3.749595 4.34
3.760470 4.34
3.790863 4.34
3.801610 4.34
3.837345 4.34
3.848095 4.34
3.878737 4.34
3.889624 4.34
3.921597 4.34
3.932346 4.34
3.964597 4.34
3.975472 4.34
4.007597 4.34
4.018472 4.34
4.048739 4.34
4.059472 4.34
4.095096 4.34
4.107598 4.34
4.136222 4.68
4.152222 4.68
4.177473 4.68
4.189972 4.34
4.218740 4.34
4.229628 4.34
4.265348 4.34
4.276098 4.34
4.306750 4.34
4.317474 4.68
4.348099 4.68
4.360475 4.34
4.389224 4.68
4.405224 4.34
4.430474 4.34
4.442975 4.34
4.471740 4.34
4.482475 4.34
4.512975 4.34
4.523725 4.34
4.554100 4.34
4.566508 4.68
4.595225 4.34
4.611358 4.68
4.636629 4.68
4.652630 4.68
4.683101 4.34
4.695507 4.34
4.724226 4.68
4.735101 4.34
4.765629 4.34
4.776477 4.34
4.811984 4.34
4.822744 4.34
4.853102 4.34
4.865507 4.34
4.894476 4.68
4.910478 4.34
4.935745 4.34
4.946478 4.34
4.982103 4.34
4.998228 4.34
5.023228 4.34
5.034103 4.68
5.064634 4.34
5.075508 4.68
5.111229 4.68
5.121979 4.68
5.152631 4.68
5.163507 4.68
5.199229 4.34
5.210105 4.68
5.240634 4.34
5.251510 4.68
5.287230 4.68
5.298106 4.68
5.328633 4.68
5.339358 4.34
5.375231 4.68
5.386106 4.34
5.416510 4.68
5.432511 4.34
5.463232 4.68
5.474107 4.68
5.504359 4.68
5.515232 4.68
5.545874 4.34
5.556636 4.34
5.586982 4.34
5.597874 4.68
5.628108 4.34
5.644108 4.34
5.669233 4.68
5.680108 4.68
5.710635 4.68
5.721362 4.68
5.757233 4.68
5.768109 4.68
5.798637 4.68
5.809513 4.68
5.845235 4.34
5.856110 4.68
5.886639 4.68
5.897513 4.68
5.933235 4.68
5.944110 4.68
5.974639 4.34
5.985514 4.68
6.021236 4.68
6.032110 4.68
6.062640 4.68
6.073513 4.68
6.109236 4.34
6.120111 4.34
6.150639 4.68
6.161515 4.68
6.196986 4.68
6.207736 4.68
6.237986 4.34
6.248739 4.68
6.278986 4.68
6.289737 4.34
6.319987 4.68
6.330736 4.68
6.360987 4.68
6.371737 4.34
6.401986 4.34
6.412737 4.68
6.442987 4.34
6.453737 4.68
6.483987 4.68
6.494738 4.68
6.524988 4.68
6.535738 4.68
6.565988 4.34
6.576738 4.34
6.606990 4.68
6.619522 4.34
6.648115 4.68
6.664115 4.68
6.689240 4.34
6.700115 4.34
6.730520 4.34
6.746643 4.34
6.777241 4.68
6.788116 4.68
6.818520 4.68
6.834647 4.68
6.864992 4.68
6.877523 4.34
6.905991 4.68
6.916884 4.68
6.946992 4.68
6.959511 4.34
6.988118 4.68
7.004117 4.68
7.029243 4.68
7.040118 4.34
7.070523 4.34
7.086646 4.34
7.117243 4.68
7.128118 4.34
7.158524 4.68
7.174521 4.68
7.199994 4.68
7.212371 4.68
7.241119 4.68
7.257119 4.68
7.282244 4.68
7.292994 4.68
7.323526 4.34
7.339525 4.34
7.370245 4.68
7.381120 4.68
7.411650 4.34
7.422371 4.68
7.458121 4.34
7.474121 4.68
7.499246 4.68
7.509996 4.68
7.540526 4.68
7.551373 4.68
7.581997 4.68
7.598122 4.68
7.622997 4.68
7.639122 4.68
7.664122 4.68
7.674872 4.68
7.705247 4.68
7.716123 4.68
7.746651 4.68
7.757506 4.68
7.787998 4.34
7.804123 4.68
7.829124 4.68
7.839873 4.34
7.870249 4.34
7.880999 4.68
7.911527 4.68
7.922249 4.68
7.958124 4.34
7.968874 4.34
7.999249 4.34
8.010124 4.68
8.040529 4.68
8.051377 4.68
8.082000 4.68
8.098126 4.68
8.123126 4.34
8.134001 4.68
8.164251 4.34
8.175000 4.68
8.205530 4.34
8.216251 4.68
8.252127 4.68
8.263002 4.34
8.293252 4.68
8.304002 4.68
8.334531 4.68
8.345252 4.68
8.381127 4.68
8.392002 4.34
8.422253 4.68
8.433003 4.34
8.463656 4.34
8.474532 4.68
8.505003 4.34
8.521128 4.68
8.546003 4.68
8.562129 4.34
8.587129 4.68
8.597879 4.34
8.628254 4.34
8.644254 4.68
8.669533 4.68
8.680381 4.34
8.711005 4.34
8.727130 4.34
8.752005 4.68
8.768130 4.68
8.793005 4.68
8.809131 4.34
8.834130 4.34
8.845006 4.68
8.875256 4.34
8.886005 4.34
8.916650 4.34
8.927536 4.34
8.958006 4.68
8.974131 4.34
8.999007 4.34
9.015132 4.68
9.040132 4.34
9.050883 4.34
9.081257 4.34
9.092008 4.34
9.122537 4.68
9.133384 4.34
9.169133 4.34
9.180008 4.34
9.210258 4.34
9.221008 4.34
9.251537 4.34
9.262266 4.34
9.298134 4.68
9.309009 4.34
9.339385 4.68
9.355385 4.34
9.386135 4.68
9.396884 4.34
9.427260 4.68
9.438010 4.34
9.468539 4.68
9.479386 4.34
9.510010 4.34
9.526010 4.68
9.551136 4.68
9.561886 4.34
9.592261 4.34
9.603011 4.68
9.638903 4.34
9.651390 4.68
9.680012 4.34
9.696137 4.34
9.721012 4.68
9.737137 4.68
9.762012 4.34
9.778012 4.68
9.803013 4.34
9.819137 4.34
9.844013 4.34
9.860138 4.34
9.885013 4.34
9.901138 4.34
9.926139 4.34
9.936889 4.34
9.967264 4.68
9.979661 4.68
10.010268 4.68
10.021139 4.34
10.051543 4.34
10.062264 4.34
10.098139 4.68
10.108890 4.34
10.139264 4.68
10.155265 4.34
10.180544 4.68
10.191391 4.68
10.221907 4.68
10.234269 4.34
10.263015 4.68
10.279016 4.34
10.304016 4.34
10.320141 4.34
10.345016 4.68
10.355892 4.34
10.386017 4.34
10.396892 4.34
10.427017 4.34
10.437892 4.34
10.468017 4.34
10.478892 4.34
10.509017 4.68
10.519892 4.68
10.550018 4.34
10.560893 4.34
10.591018 4.34
10.601893 4.34
10.632143 4.68
10.642894 4.68
10.673269 4.34
10.689269 4.34
10.719910 4.34
10.735911 4.68
10.761019 4.34
10.771784 4.34
10.802020 4.34
10.812895 4.34
10.843020 4.34
10.853895 4.34
10.884020 4.34
10.894895 4.34
10.925020 4.34
10.935896 4.34
10.966146 4.68
10.976896 4.68
11.007271 4.68
11.023271 4.34
11.048550 4.68
11.059398 4.68
11.089913 4.34
11.105913 4.34
11.131147 4.68
11.142022 4.34
11.172398 4.68
11.183272 4.34
11.218914 4.34
11.234918 4.68
11.260148 4.34
11.271023 4.68
11.301399 4.34
11.312273 4.34
11.348149 4.68
11.359024 4.34
11.389274 4.34
11.405274 4.34
11.430550 4.34
11.441399 4.68
11.471915 4.34
11.487915 4.34
11.513025 4.34
11.523900 4.34
11.554025 4.34
11.564900 4.34
11.595025 4.34
11.605901 4.34
11.636025 4.34
11.646901 4.34
11.677025 4.34
11.687901 4.34
11.718026 4.68
11.728901 4.34
11.759026 4.34
11.769902 4.68
11.800027 4.34
11.810902 4.34
11.841027 4.68
11.851902 4.34
11.882027 4.68
11.892903 4.34
11.923027 4.34
11.933903 4.68
11.964027 4.68
11.974904 4.34
12.005028 4.34
12.015903 4.68
12.046028 4.68
12.056904 4.68
12.087029 4.34
12.097904 4.68
12.128029 4.34
12.138904 4.68
12.169029 4.34
12.179904 4.34
12.210029 4.68
12.220905 4.68
12.251030 4.34
12.261905 4.68
12.292279 4.34
12.308280 4.34
12.335281 4.34
12.346030 4.34
12.378281 4.34
12.389031 4.34
12.419531 4.34
12.430281 4.34
12.460921 4.34
12.476923 4.68
12.502032 4.34
12.512907 4.34
12.543032 4.34
12.553907 4.68
12.584033 4.68
12.594908 4.34
12.625032 4.34
12.635908 4.68
12.666032 4.68
12.676799 4.34
12.707033 4.68
12.717908 4.34
12.748033 4.68
12.758909 4.34
12.789034 4.68
12.799909 4.68
12.830034 4.34
12.840909 4.34
12.871034 4.34
12.881909 4.34
12.912034 4.34
12.922910 4.34
12.953035 4.34
12.963910 4.68
12.994035 4.34
13.004910 4.34
13.035035 4.34
13.045911 4.34
13.076036 4.34
13.086911 4.34
13.117036 4.34
13.127911 4.34
13.158036 4.34
13.168912 4.68
13.199037 4.68
13.209912 4.68
13.240037 4.34
13.250912 4.68
13.281037 4.68
13.291912 4.34
13.322037 4.34
13.332805 4.34
13.363038 4.34
13.373913 4.34
13.404038 4.34
13.414913 4.68
13.445038 4.68
13.455914 4.34
13.486038 4.68
13.496914 4.34
13.527039 4.34
13.537914 4.34
13.568039 4.68
13.578914 4.34
13.609040 4.68
13.619915 4.34
13.650165 4.34
13.666040 4.34
13.691290 4.34
13.702040 4.68
13.737932 4.34
13.748680 4.34
13.779041 4.34
13.789931 4.68
13.820166 4.68
13.836041 4.34
13.861418 4.68
13.872291 4.68
13.902935 4.34
13.913684 4.68
13.943917 4.68
13.954683 4.68
13.984917 4.34
13.995684 4.68
14.025918 4.34
14.036685 4.34
14.067043 4.34
14.077918 4.34
14.108168 4.68
14.124043 4.68
14.149293 4.68
14.160043 4.34
14.195935 4.34
14.206683 4.34
14.237044 4.68
14.247919 4.34
14.278169 4.34
14.294169 4.34
14.319421 4.68
14.330295 4.68
14.360688 4.68
14.376688 4.34
14.402046 4.68
14.412920 4.68
14.443171 4.34
14.459045 4.34
14.484422 4.34
14.495295 4.68
14.531063 4.34
14.541939 4.68
14.572423 4.68
14.583297 4.68
14.613699 4.34
14.624423 4.68
14.654922 4.68
14.665689 4.68
14.696048 4.34
14.706922 4.34
14.737172 4.68
14.753048 4.68
14.778424 4.34
14.789298 4.34
14.819700 4.34
14.835816 4.34
14.860924 4.68
14.871690 4.68
14.902049 4.68
14.912924 4.34
14.943174 4.34
14.959174 4.34
14.984426 4.34
14.995299 4.34
15.025941 4.68
15.036691 4.68
15.067175 4.68
15.083175 4.68
15.108300 4.68
15.119050 4.34
15.149703 4.68
15.165816 4.68
15.190926 4.68
15.201693 4.68
15.231926 4.34
15.242691 4.68
15.273052 4.34
15.283927 4.68
15.314177 4.68
15.330177 4.34
15.357186 4.34
15.368052 4.34
15.400186 4.34
15.410928 4.68
15.443187 4.34
15.454053 4.68
15.486187 4.68
15.496928 4.34
15.529207 4.34
15.540053 4.34
15.570818 4.34
15.586819 4.68
15.612054 4.34
15.624431 4.34
15.653304 4.68
15.664054 4.68
15.694706 4.34
15.710820 4.34
15.736055 4.34
15.748431 4.34
15.777305 4.34
15.788055 4.34
15.818711 4.68
15.831065 4.68
15.860056 4.68
15.872432 4.68
15.901181 4.68
15.911931 4.68
15.947586 4.68
15.960066 4.68
15.989057 4.68
16.001433 4.68
16.030182 4.68
16.041056 4.68
16.073067 4.68
16.083950 4.34
16.114182 4.34
16.125057 4.68
16.160587 4.34
16.171308 4.68
16.201949 4.34
16.212702 4.68
16.243183 4.68
16.254059 4.34
16.284309 4.68
16.295059 4.68
16.325588 4.34
16.341589 4.34
16.367059 4.68
16.382934 4.68
16.408184 4.68
16.418934 4.68
16.454588 4.68
16.470578 4.68
16.495952 4.68
16.506700 4.68
16.537185 4.68
16.548060 4.34
16.578311 4.34
16.589061 4.68
16.619714 4.68
16.635831 4.68
16.660954 4.34
16.671705 4.34
16.702062 4.68
16.718062 4.34
16.743187 4.68
16.754062 4.68
16.789591 4.68
16.805580 4.34
16.830955 4.68
16.841704 4.34
16.872188 4.34
16.882938 4.34
16.918593 4.68
16.934582 4.68
16.959956 4.68
16.970705 4.68
17.001188 4.68
17.012064 4.68
17.047592 4.68
17.058314 4.68
17.088956 4.34
17.099707 4.68
17.130190 4.68
17.141065 4.68
17.179832 4.68
17.190582 4.68
17.221065 4.68
17.237066 4.68
17.262190 4.68
17.272941 4.68
17.308585 4.68
17.324581 4.68
17.350066 4.68
17.365942 4.68
17.391191 4.68
17.401942 4.68
17.432317 4.68
17.443067 4.68
17.473720 4.68
17.489832 4.68
17.515068 4.68
17.530942 4.68
17.556193 4.68
17.567068 4.34
17.602596 4.68
17.618583 4.68
17.643961 4.68
17.654834 4.68
17.685193 4.34
17.695944 4.68
17.728099 4.34
17.738962 4.34
17.774596 4.68
17.785319 4.68
17.815961 4.34
17.828475 4.68
17.857195 4.34
17.867945 4.34
17.903599 4.68
17.919585 4.34
17.944963 4.68
17.957473 4.34
17.986196 4.34
17.996946 4.68
18.029088 4.68
18.039963 4.68
18.075598 4.68
18.091588 4.68
18.116965 4.34
18.129478 4.34
18.158197 4.68
18.169072 4.68
18.204602 4.34
18.217090 4.34
18.245963 4.34
18.258476 4.68
18.287198 4.68
18.298073 4.34
18.330089 4.68
18.340963 4.68
18.376600 4.68
18.388966 4.68
18.418074 4.34
18.434074 4.68
18.459199 4.34
18.469949 4.68
18.505589 4.68
18.517979 4.68
18.546964 4.34
18.562965 4.68
18.588075 4.68
18.603950 4.68
18.629201 4.68
18.639950 4.34
18.675604 4.68
18.687980 4.68
18.716969 4.34
18.732968 4.34
18.758077 4.68
18.773951 4.68
18.799202 4.68
18.810077 4.34
18.845605 4.34
18.861594 4.34
18.886969 4.68
18.902967 4.68
18.928202 4.68
18.939077 4.34
18.974608 4.34
18.990593 4.68
19.015970 4.68
19.031968 4.68
19.057078 4.68
19.072953 4.68
19.098203 4.68
19.109079 4.68
19.144607 4.68
19.156956 4.68
19.185972 4.68
19.201970 4.68
19.227079 4.34
19.242954 4.68
19.268205 4.34
19.279080 4.68
19.314610 4.34
19.330608 4.34
19.355956 4.34
19.371956 4.34
19.396956 4.34
19.412956 4.34
19.437956 4.34
19.453956 4.34
19.479081 4.34
19.494956 4.34
19.520207 4.34
19.531082 4.34
19.566610 4.34
19.582598 4.34
19.607975 4.34
19.623975 4.34
19.649207 4.34
19.659958 4.34
19.695599 4.34
19.711600 4.34
19.736975 4.34
19.752974 4.34
19.777959 4.34
19.793966 4.34
19.819084 4.34
19.835084 4.34
19.860209 4.34
19.870959 4.34
19.906599 4.34
19.922478 4.68
19.947978 4.68
19.963977 4.34
19.988960 4.34
20.004960 4.34
20.029961 4.34
20.045961 4.34
20.070961 4.68
20.087086 4.34
20.111961 4.34
20.127961 4.34
20.152961 4.34
20.168962 4.68
20.194087 4.68
20.210086 4.68
20.235212 4.34
20.245962 4.34
20.281602 4.68
20.297462 4.34
20.322979 4.68
20.339087 4.34
20.364088 4.34
20.380088 4.34
20.406964 4.68
20.417730 4.34
20.448088 4.34
20.464088 4.34
20.490964 4.68
20.501730 4.34
20.531964 4.34
20.547964 4.68
20.572964 4.68
20.588965 4.34
20.614089 4.34
20.629964 4.34
20.655214 4.68
20.666090 4.68
20.701609 4.34
20.717605 4.68
20.742981 4.68
20.759090 4.68
20.784090 4.34
20.799966 4.68
20.826996 4.34
20.837856 4.68
20.869997 4.68
20.880857 4.34
20.912996 4.68
20.923858 4.34
20.955998 4.34
20.966860 4.68
20.998999 4.68
21.009734 4.34
21.041997 4.68
21.052861 4.34
21.084997 4.68
21.095861 4.68
21.127986 4.34
21.138748 4.68
21.170999 4.68
21.181859 4.68
21.213987 4.68
21.224859 4.68
21.260344 4.68
21.271219 4.34
21.301861 4.68
21.314219 4.68
21.343095 4.68
21.353860 4.68
21.389344 4.68
21.400095 4.68
21.430736 4.68
21.441470 4.68
21.472096 4.68
21.482863 4.34
21.518346 4.68
21.529096 4.68
21.559750 4.68
21.570472 4.68
21.601097 4.34
21.611972 4.68
21.647347 4.68
21.658097 4.68
21.688751 4.68
21.699626 4.68
21.730097 4.68
21.740865 4.34
21.776347 4.34
21.787098 4.34
21.817740 4.34
21.828473 4.34
21.859099 4.34
21.869863 4.34
21.905349 4.34
21.916099 4.34
21.946626 4.34
21.957349 4.34
21.987864 4.34
22.003742 4.34
22.029100 4.34
22.039867 4.34
22.075357 4.34
22.086100 4.34
22.116742 4.34
22.127475 4.34
22.158101 4.34
22.168868 4.34
22.204358 4.34
22.215100 4.34
22.245743 4.34
22.256629 4.34
22.287101 4.34
22.297866 4.34
22.333359 4.34
22.344102 4.34
22.374756 4.68
22.385477 4.34
22.416102 4.34
22.426868 4.34
22.457615 4.34
22.468537 4.34
22.499233 4.34
22.510231 4.34
22.540762 4.34
22.551753 4.34
22.582229 4.34
22.593104 4.34
22.623672 4.34
22.634509 4.34
22.664979 4.34
22.680979 4.34
22.706104 4.34
22.716869 4.34
22.752559 4.34
22.768771 4.34
22.795897 4.34
22.806874 4.34
22.838891 4.34
22.849873 4.34
22.885362 4.34
22.901362 4.34
22.926871 4.34
22.942874 4.34
22.967981 4.34
22.983981 4.34
23.008982 4.34
23.019872 4.34
23.049982 4.34
23.060873 4.34
23.090982 4.34
23.101873 4.34
23.132108 4.34
23.142983 4.34
23.178361 4.34
23.194361 4.34
23.219876 4.34
23.249234 4.34
23.259984 4.34
23.290635 4.34
23.301510 4.34
23.332000 4.34
23.348109 4.34
23.372984 4.34
23.383874 4.34
23.413984 4.34
23.424877 4.34
23.454985 4.34
23.465876 4.34
23.495985 4.34
23.506876 4.34
23.537124 4.34
