0.000000 0.000000
0.047108 4.34
0.057961 4.34
0.088335 4.34
0.104540 4.34
0.129979 2.66
0.146355 2.34
0.171746 2.34
0.182718 2.34
0.213380 2.34
0.229586 2.34
0.254458 2.34
0.265208 2.34
0.295456 2.34
0.306207 2.34
0.336455 2.34
0.347206 2.34
0.377454 2.34
0.388205 2.34
0.418592 2.34
0.429357 2.34
0.464829 2.34
0.477354 2.34
0.505955 2.34
0.521955 2.34
0.547080 2.34
0.557955 2.34
0.588596 2.34
0.599354 2.34
0.634831 2.34
0.647357 2.34
0.675831 2.34
0.686705 2.34
0.716956 2.34
0.732956 2.34
0.758233 2.34
0.770858 2.34
0.805117 2.34
0.816119 2.34
0.848389 2.34
0.859412 2.34
0.889985 2.34
0.900986 2.34
0.931618 2.34
0.942637 2.34
0.973224 2.34
0.989488 3.67
1.020094 4.02
1.031093 4.02
1.063378 4.02
1.074373 4.02
1.104963 4.02
1.121088 4.02
1.146602 4.02
1.157600 4.02
1.187961 4.02
1.204085 4.02
1.229236 4.02
1.241711 4.02
1.275961 4.02
1.291835 4.02
1.317238 4.02
1.333360 4.34
1.360363 4.02
1.371238 4.02
1.406836 4.02
1.422962 4.02
1.448115 4.02
1.459121 4.02
1.494977 4.34
1.505998 4.02
1.536346 4.34
1.552629 4.34
1.577970 4.34
1.588969 4.34
1.619488 4.34
1.630362 4.34
1.660842 4.34
1.673261 4.34
1.702483 4.34
1.713245 4.34
1.743839 4.02
1.756246 4.34
1.784964 4.34
1.800839 4.34
1.825964 4.34
1.841964 4.34
1.867243 4.34
1.883215 4.34
1.908493 4.34
1.919215 4.34
1.949840 4.34
1.962244 4.34
1.990966 4.34
2.001716 4.34
2.032091 4.34
2.042841 4.34
2.073369 4.34
2.084216 4.34
2.119842 4.34
2.135842 4.34
2.160967 4.34
2.171716 4.34
2.202217 4.34
2.218092 4.34
2.243496 4.34
2.254218 4.34
2.284718 4.34
2.295485 4.34
2.325718 4.34
2.336484 4.34
2.366843 4.34
2.382718 4.34
2.407969 4.34
2.418843 4.34
2.449094 4.34
2.459844 4.34
2.490219 4.34
2.506094 4.34
2.531373 4.34
2.542094 4.34
2.577845 4.34
2.593845 4.34
2.619127 4.34
2.630120 4.02
2.665977 4.34
2.676852 4.34
2.707634 4.34
2.718639 4.34
2.749115 4.68
2.759977 4.68
2.795852 4.34
2.811976 4.68
2.840508 4.68
2.851383 4.34
2.881974 4.68
2.892849 4.68
2.923377 4.68
2.934223 4.68
2.969847 4.34
2.985847 4.68
3.011122 4.68
3.022128 4.68
3.057979 4.68
3.068979 4.68
3.099493 4.68
3.110493 4.68
3.140976 4.68
3.151976 4.68
3.182381 4.68
3.193225 4.68
3.228849 4.68
3.244850 4.68
3.269974 4.68
3.280850 4.68
3.311378 4.68
3.322107 4.68
3.357853 4.68
3.373978 5.00
3.399383 5.00
3.410256 5.00
3.445977 5.00
3.456851 5.00
3.487381 5.00
3.498108 4.68
3.533976 4.68
3.544744 5.00
3.575381 5.00
3.586255 5.00
3.621977 5.00
3.632728 5.00
3.665294 4.68
3.676288 5.00
3.712127 5.00
3.724734 5.00
3.755274 5.00
3.766109 5.00
3.801981 5.00
3.812855 5.00
3.843385 4.68
3.854260 4.68
3.889979 5.00
3.900854 5.00
3.931258 4.68
3.947383 5.00
3.974261 4.68
3.985108 4.68
4.015860 4.68
4.031984 4.68
4.057529 4.68
4.068507 4.68
4.099116 4.68
4.111735 4.68
4.142263 4.68
4.153113 4.68
4.188982 4.68
4.199982 5.00
4.232258 5.00
4.243111 5.00
4.278981 5.00
4.289731 5.00
4.320382 5.00
4.331317 5.00
4.361990 5.00
4.372989 5.00
4.403506 5.00
4.414379 5.00
4.445116 5.00
4.457627 5.00
4.488111 5.00
4.498985 5.00
4.534859 5.00
4.550984 5.00
4.575983 4.68
4.586859 4.68
4.617386 5.00
4.628415 5.00
4.658988 5.00
4.669988 4.68
4.705862 4.68
4.716737 5.00
4.747267 4.68
4.758115 4.68
4.788735 5.00
4.804860 4.68
4.829860 5.00
4.840736 5.00
4.870986 4.68
4.881736 5.00
4.912390 4.68
4.923114 5.00
4.953867 4.68
4.964742 5.00
4.995401 4.68
5.006275 4.68
5.036739 4.68
5.052864 4.68
5.077863 4.68
5.088738 5.00
5.118988 5.00
5.129863 5.00
5.160393 5.00
5.171265 5.00
5.201738 4.68
5.217863 4.68
5.243154 5.00
5.259268 5.00
5.289869 4.68
5.318864 4.68
5.329752 4.68
5.360519 4.34
5.371520 4.34
5.402122 4.34
5.418285 4.34
5.451994 4.34
5.462869 4.34
5.493400 4.34
5.504273 4.34
5.534742 4.34
5.550866 4.34
5.575741 4.34
5.591866 4.34
5.616741 4.34
5.632866 4.34
5.657741 4.34
5.673867 4.34
5.698741 4.34
5.714867 4.34
5.739742 4.34
5.755868 4.34
5.780867 4.34
5.791634 4.34
5.822118 4.34
5.838270 4.34
5.871868 4.34
5.882743 4.34
5.912994 4.34
5.923868 4.34
5.954397 4.34
5.965270 4.34
5.995744 4.34
6.011869 4.34
6.036744 4.34
6.052869 4.34
6.077869 4.34
6.088635 4.34
6.118994 4.34
6.129869 4.34
6.160272 4.34
6.171122 4.34
6.201745 4.34
6.217870 4.34
6.242745 4.34
6.258871 4.34
6.283871 4.34
6.294746 4.34
6.324996 4.34
6.335746 4.34
6.366274 4.34
6.377122 4.34
6.407747 4.34
6.423871 4.34
6.448747 4.34
6.464872 4.34
6.489747 4.34
6.505872 4.34
6.530747 4.34
6.546873 4.34
6.571873 4.34
6.582748 4.34
6.612998 4.34
6.625640 4.34
6.654401 4.34
6.665275 4.34
6.695641 4.34
6.706388 4.34
6.736874 4.34
6.747624 4.34
6.777999 4.34
6.788749 4.34
6.819126 4.34
6.835125 4.34
6.865874 4.34
6.876625 4.34
6.907000 4.34
6.919643 4.34
6.948279 4.34
6.959001 4.34
6.994876 4.34
7.005751 4.34
7.036001 4.34
7.048643 4.34
7.079130 4.34
7.090001 4.34
7.122131 4.34
7.133002 4.34
7.168877 4.34
7.179627 4.34
7.210002 4.34
7.222395 4.34
7.253006 4.34
7.263753 4.34
7.294283 4.34
7.305129 4.34
7.335753 4.34
7.351878 4.34
7.376878 4.34
7.387754 4.34
7.418004 4.34
7.430396 4.34
7.459283 4.34
7.470159 4.34
7.500754 4.34
7.516879 4.34
7.541879 4.34
7.552630 4.34
7.583148 4.34
7.599284 4.34
7.626009 4.34
7.636755 4.34
7.667285 4.34
7.678131 4.34
7.708756 4.34
7.719645 4.34
7.749755 4.34
7.760631 4.34
7.790756 4.34
7.801631 4.34
7.831756 4.34
7.842523 4.34
7.872757 4.34
7.883649 4.34
7.913757 4.34
7.924632 4.34
7.954757 4.34
7.965647 4.34
7.995883 4.34
8.006758 4.34
8.037008 4.34
8.053008 4.34
8.083650 4.34
8.099651 4.34
8.124759 4.34
8.135651 4.34
8.165759 4.34
8.176634 4.34
8.206759 4.34
8.217634 4.34
8.247760 4.34
8.258634 4.34
8.288760 4.34
8.299635 4.34
8.329760 4.34
8.340635 4.34
8.370760 4.34
8.381636 4.34
8.411761 4.34
8.422636 4.34
8.452886 4.34
8.463761 4.34
8.494011 4.34
8.510011 4.34
8.540652 4.34
8.556654 4.34
8.581887 4.34
8.592762 4.34
8.623012 4.34
8.639012 4.34
8.664293 4.34
8.675012 4.34
8.705655 4.34
8.721656 4.34
8.746763 4.34
8.757656 4.34
8.787763 4.34
8.798638 4.34
8.828764 4.34
8.839639 4.34
8.869764 4.34
8.880639 4.34
8.910764 4.34
8.921639 4.34
8.951764 4.34
8.962639 4.68
8.992890 4.68
9.003765 4.34
9.034015 4.68
9.050015 4.34
9.075296 4.34
9.086015 4.34
9.116656 4.34
9.132658 4.34
9.157766 4.34
9.168658 4.34
9.198891 4.34
9.209642 4.34
9.240016 4.68
9.256017 4.34
9.286660 4.34
9.302659 4.68
9.327767 4.68
9.338657 4.34
9.368768 4.34
9.379643 4.34
9.409768 4.34
9.420643 4.34
9.450767 4.34
9.461643 4.68
9.491768 4.68
9.502643 4.34
9.532768 4.34
9.543660 4.68
9.573769 4.34
9.584644 4.68
9.614769 4.34
9.625644 4.68
9.655894 4.68
9.666644 4.34
9.697145 4.34
9.708019 4.68
9.738664 4.34
9.754662 4.34
9.779894 4.68
9.790645 4.34
9.821021 4.34
9.837020 4.34
9.867662 4.34
9.883663 4.34
9.908896 4.34
9.921411 4.34
9.950021 4.34
9.966021 4.34
9.993025 4.34
10.003772 4.34
10.035901 4.34
10.046772 4.34
10.077022 4.34
10.093022 4.34
10.119902 4.34
10.130648 4.34
10.161023 4.34
10.177023 4.34
10.203902 4.34
10.214773 4.34
10.245023 4.34
10.261149 4.34
10.287903 4.34
10.298649 4.34
10.329024 4.34
10.345024 4.34
10.375541 4.34
10.387903 4.34
10.416650 4.68
10.432667 4.34
10.457650 4.68
10.468544 4.68
10.498650 4.34
10.509541 4.68
10.539650 4.34
10.550542 4.34
10.580651 4.34
10.591542 4.68
10.621651 4.34
10.632416 4.34
10.662651 4.34
10.673419 4.68
10.703652 4.34
10.714418 4.34
10.744652 4.34
10.755419 4.34
10.785652 4.34
10.796420 4.68
10.826653 4.68
10.837418 4.68
10.867652 4.34
10.878420 4.68
10.908653 4.34
10.919419 4.34
10.949653 4.34
10.960419 4.68
10.990654 4.34
11.001544 4.68
11.031654 4.68
11.042419 4.34
11.072654 4.68
11.083421 4.68
11.113655 4.68
11.124422 4.34
11.154654 4.68
11.165547 4.34
11.195655 4.34
11.206420 4.34
11.236671 4.34
11.247421 4.34
11.277780 4.68
11.288656 4.34
11.318781 4.34
11.329656 4.34
11.359781 4.68
11.370656 4.34
11.400781 4.68
11.411657 4.68
11.441782 4.68
11.452657 4.68
11.482782 4.34
11.493657 4.34
11.523782 4.68
11.534658 4.68
11.564783 4.34
11.575658 4.68
11.605783 4.34
11.616658 4.68
11.646783 4.68
11.657659 4.68
11.687783 4.34
11.698659 4.68
11.728784 4.68
11.739659 4.34
11.769785 4.68
11.780659 4.68
11.810784 4.68
11.821660 4.68
11.851785 4.34
11.862660 4.34
11.892785 4.34
11.903660 4.34
11.933786 4.68
11.944661 4.34
11.974785 4.34
11.985661 4.34
12.015785 4.34
12.026661 4.34
12.056786 4.68
12.067678 4.34
12.097786 4.68
12.108661 4.68
12.138787 4.34
12.149662 4.34
12.179787 4.34
12.190662 4.68
12.220912 4.34
12.236787 4.68
12.262038 4.68
12.272787 4.34
12.308679 4.34
12.319431 4.34
12.349788 4.68
12.360663 4.34
12.390913 4.34
12.406788 4.34
12.433923 4.34
12.444664 4.34
12.475039 4.34
12.485789 4.34
12.516441 4.68
12.528923 4.68
12.557665 4.68
12.568557 4.34
12.598665 4.34
12.609557 4.34
12.639665 4.34
12.650432 4.34
12.680666 4.68
12.691432 4.34
12.721666 4.34
12.732434 4.68
12.762666 4.68
12.773433 4.68
12.803666 4.34
12.814432 4.68
12.844792 4.34
12.857168 4.34
12.885917 4.34
12.901917 4.68
12.928801 4.34
12.939684 4.34
12.969917 4.34
12.985917 4.34
13.012823 4.34
13.023686 4.34
13.055821 4.34
13.066684 4.34
13.098803 4.68
13.109685 4.68
13.139919 4.34
13.155794 4.68
13.186321 4.34
13.197044 4.34
13.227687 4.34
13.238437 4.34
13.268920 4.34
13.284920 4.34
13.315314 4.34
13.326045 4.34
13.356687 4.34
13.367441 4.34
13.397920 4.34
13.408796 4.34
13.444312 4.34
13.455046 4.34
13.485688 4.34
13.496561 4.34
13.526921 4.34
13.537672 4.34
13.573325 4.34
13.589315 4.34
13.614797 4.34
13.630672 4.34
13.655922 4.34
13.666797 4.34
13.702329 4.34
13.713048 4.34
13.743691 4.34
13.754439 4.34
13.784923 4.34
13.795673 4.34
13.826049 4.34
13.836798 4.34
13.867453 4.34
13.883567 4.34
13.908799 4.34
13.924675 4.34
13.949924 4.34
13.960799 4.34
13.991049 4.34
14.001924 4.34
14.032452 4.34
14.048566 4.34
14.073800 4.34
14.089675 4.34
14.114926 4.34
14.125801 4.34
14.161331 4.34
14.177318 4.34
14.202801 4.34
14.218802 4.34
14.243926 4.34
14.254677 4.34
14.290331 4.34
14.306320 4.34
14.331695 4.34
14.342443 4.34
14.372927 4.34
14.383678 4.34
14.414052 4.34
14.424803 4.34
14.455570 4.34
14.466321 4.34
14.496803 4.34
14.512678 4.34
14.537929 4.34
14.548678 4.34
14.584332 4.34
14.600321 4.34
14.625702 4.34
14.638362 4.34
14.672580 4.34
14.683579 4.34
14.715847 4.34
14.726701 4.02
14.762571 4.02
14.773324 4.02
14.803932 4.34
14.814682 4.34
14.850571 4.34
14.861321 4.34
14.891680 4.34
14.902569 4.34
14.932681 4.02
14.943570 4.02
14.973681 4.34
14.984573 4.34
15.014682 4.02
15.025574 4.34
15.057861 4.34
15.068814 4.34
15.104590 4.34
15.115452 4.34
15.145935 4.34
15.156810 4.34
15.192685 4.34
15.203489 4.02
15.233934 4.34
15.244809 4.34
15.280338 4.34
15.291059 4.34
15.321700 4.34
15.334185 4.34
15.362934 4.34
15.373685 4.34
15.409338 4.34
15.420059 4.34
15.450702 4.34
15.463215 4.34
15.491935 4.34
15.502685 4.34
15.538338 4.34
15.549377 4.34
