0.000000 0.000000
0.041970 4.34
0.052972 4.34
0.089111 4.34
0.100110 2.66
0.136099 2.34
0.147292 2.66
0.183097 2.66
0.194095 2.66
0.224217 2.66
0.240088 2.66
0.265214 2.66
0.277587 2.66
0.306212 2.34
0.322085 2.66
0.347212 2.34
0.363084 2.66
0.388210 2.66
0.400585 2.66
0.429237 2.34
0.445238 2.66
0.475960 2.66
0.486711 2.66
0.517085 2.34
0.527961 2.34
0.558600 2.66
0.569337 2.66
0.599711 2.66
0.610600 2.66
0.640712 2.66
0.651602 2.66
0.681712 2.66
0.692603 2.66
0.722712 2.66
0.733605 2.66
0.764281 2.34
0.780408 2.34
0.811095 2.66
0.822093 2.34
0.852630 2.34
0.863601 2.34
0.894271 2.34
0.910492 2.66
0.935855 2.66
0.952295 2.66
0.977638 4.02
0.988622 4.34
1.019098 4.34
1.030097 4.02
1.065971 4.02
1.076845 4.02
1.107373 4.02
1.118249 4.02
1.148843 4.02
1.164968 4.34
1.189966 4.34
1.200842 4.34
1.231244 4.34
1.247243 4.34
1.272608 4.34
1.283354 4.34
1.313842 4.34
1.329842 4.02
1.354966 4.34
1.365717 4.34
1.396245 4.02
1.412366 4.02
1.443108 4.34
1.454108 4.34
1.489985 4.34
1.500980 4.34
1.531627 4.34
1.542625 4.34
1.573268 4.34
1.589367 4.02
1.620098 4.34
1.631304 4.34
1.666979 4.34
1.677978 4.34
1.708620 4.34
1.719617 4.34
1.750099 4.34
1.760974 4.34
1.791616 4.34
1.802617 4.34
1.833097 4.34
1.844097 4.34
1.874614 4.34
1.885614 4.34
1.915721 4.34
1.926614 4.34
1.956722 4.34
1.967614 4.34
1.997847 4.34
2.013855 4.34
2.038847 4.34
2.054848 4.34
2.079973 4.34
2.090848 4.34
2.121098 4.34
2.133740 4.34
2.167849 4.34
2.183973 4.34
2.208974 4.34
2.219724 4.34
2.250225 4.34
2.266376 4.34
2.293228 4.34
2.304099 4.34
2.334504 4.34
2.345377 4.34
2.375849 4.34
2.391975 4.34
2.416975 4.34
2.427725 4.34
2.458241 4.34
2.474380 4.34
2.501230 4.34
2.512101 4.34
2.547976 4.34
2.558725 4.34
2.589228 4.34
2.605379 4.34
2.632106 4.34
2.642852 4.34
2.675106 4.34
2.685852 4.34
2.718107 4.34
2.728852 4.34
2.761134 4.34
2.771852 4.34
2.807978 4.34
2.818728 4.34
2.849103 4.34
2.861621 4.34
2.892107 4.34
2.902978 4.34
2.935108 4.34
2.945979 4.34
2.978108 4.34
2.988979 4.34
3.024747 4.34
3.037108 4.34
3.065979 4.34
3.076730 4.34
3.107259 4.34
3.118105 4.34
3.148746 4.34
3.161109 4.34
3.189981 4.34
3.200856 4.34
3.231260 4.34
3.242105 4.34
3.277748 4.34
3.293749 4.34
3.318981 4.34
3.329732 4.34
3.360107 4.34
3.376107 4.34
3.406750 4.34
3.422749 4.34
3.447982 4.34
3.458732 4.34
3.489263 4.34
3.500108 4.34
3.530748 4.34
3.546750 4.34
3.571983 4.34
3.582858 4.34
3.613235 4.34
3.624109 4.34
3.659984 4.34
3.670859 4.34
3.701236 4.34
3.712109 4.34
3.747750 4.34
3.763859 4.34
3.788985 4.34
3.799860 4.34
3.830237 4.34
3.841109 4.34
3.876985 4.34
3.887736 4.34
3.918237 4.34
3.929111 4.34
3.964986 4.34
3.975736 4.34
4.006112 4.34
4.022112 4.34
4.052862 4.34
4.063737 4.34
4.093987 4.34
4.104737 4.34
4.138238 4.34
4.149113 4.34
4.184988 4.34
4.195863 4.34
4.226239 4.34
4.237113 4.34
4.272988 4.34
4.283863 4.34
4.314239 4.34
4.325114 4.34
4.360755 4.34
4.376756 4.34
4.401989 4.34
4.412739 4.34
4.443270 4.34
4.454115 4.34
4.484757 4.34
4.500865 4.34
4.525866 4.34
4.536740 4.34
4.566991 4.34
4.577741 4.34
4.608241 4.34
4.619115 4.34
4.649396 4.34
4.660242 4.34
4.690757 4.34
4.706760 4.34
4.731992 4.34
4.742742 4.34
4.773243 4.34
4.784117 4.34
4.819760 4.34
4.835759 4.34
4.860993 4.34
4.871742 4.34
4.902244 4.34
4.913118 4.34
4.948759 4.34
4.964758 4.34
4.989994 4.34
5.000744 4.34
5.031244 4.34
5.042118 4.34
5.072761 4.34
5.088760 4.34
5.113994 4.34
5.126512 4.34
5.155245 4.34
5.166120 4.34
5.201762 4.34
5.217761 4.34
5.242995 4.34
5.253745 4.34
5.284246 4.34
5.295120 4.34
5.330762 4.34
5.346763 4.34
5.371996 4.34
5.384514 4.34
5.413247 4.34
5.424122 4.34
5.459872 4.34
5.470762 4.34
5.500997 4.34
5.513389 4.34
5.547017 4.34
5.557873 4.34
5.593873 4.34
5.604763 4.34
5.634998 4.34
5.647388 4.34
5.676250 4.34
5.687123 4.34
5.717527 4.34
5.730004 4.34
5.758875 4.34
5.769749 4.34
5.799999 4.34
5.812392 4.34
5.841279 4.34
5.852124 4.34
5.882768 4.34
5.898875 4.34
5.924000 4.34
5.936394 4.34
5.965281 4.34
5.976126 4.34
6.006766 4.34
6.017643 4.34
6.048001 4.34
6.060395 4.34
6.089267 4.34
6.100126 4.34
6.130530 4.34
6.141253 4.34
6.171752 4.34
6.182518 4.34
6.212877 4.34
6.223752 4.34
6.254003 4.34
6.270002 4.34
6.295254 4.34
6.306128 4.34
6.336532 4.34
6.352521 4.34
6.377879 4.34
6.388754 4.34
6.419004 4.34
6.434878 4.34
6.460282 4.34
6.471129 4.34
6.501769 4.34
6.512647 4.34
6.542880 4.34
6.553755 4.34
6.584005 4.34
6.600005 4.34
6.625257 4.34
6.636130 4.34
6.666795 4.34
6.677769 4.34
6.708437 4.34
6.719300 4.34
6.749778 4.34
6.760651 4.34
6.791293 4.34
6.802133 4.34
6.832894 4.34
6.843892 4.34
6.879659 4.34
6.895888 4.68
6.921137 4.68
6.932011 4.68
6.967773 5.00
6.978769 5.00
7.009438 5.00
7.020432 5.00
7.050889 5.00
7.061889 5.00
7.097655 5.00
7.113655 5.00
7.139011 5.00
7.154885 5.00
7.180261 5.00
7.191135 5.00
7.221539 5.35
7.237653 5.35
7.262900 5.00
7.273898 5.00
7.309770 5.35
7.320768 5.35
7.351266 5.00
7.367140 5.00
7.392890 5.00
7.403889 5.35
7.439656 5.35
7.455655 5.00
7.480887 5.00
7.491653 5.35
7.522137 5.35
7.538137 5.35
7.563801 5.00
7.574776 5.00
7.605442 5.00
7.616437 5.00
7.647018 5.35
7.663143 5.35
7.688553 5.00
7.704660 5.00
7.729891 5.00
7.740659 5.00
7.771265 5.00
7.782014 5.00
7.812543 5.35
7.828532 5.00
7.853909 5.35
7.866547 5.00
7.900771 5.35
7.911663 5.35
7.944019 5.35
7.954894 5.35
7.985535 5.00
8.001661 5.00
8.026892 5.35
8.037657 5.00
8.068016 5.00
8.084016 5.00
8.111017 5.00
8.121766 5.00
8.154024 5.00
8.164771 5.00
8.195538 5.35
8.211665 5.35
8.237019 5.35
8.253019 5.00
8.280018 5.35
8.290893 5.35
8.322893 5.35
8.333657 5.35
8.364018 5.00
8.380018 5.00
8.406893 5.35
8.417660 5.35
8.448018 5.35
8.464018 5.00
8.490894 5.00
8.501662 5.00
8.532019 5.00
8.548019 5.35
8.578421 5.35
8.589144 5.35
8.619663 5.35
8.635663 5.35
8.660895 5.35
8.673270 5.35
8.702020 5.35
8.712770 5.00
8.748666 5.35
8.759559 5.35
8.790157 5.35
8.801022 5.35
8.831547 5.00
8.847441 5.35
8.872662 5.00
8.883412 5.35
8.913770 5.35
8.924536 5.35
8.954772 5.35
8.965535 5.35
8.995772 5.35
9.006539 5.35
9.037156 5.35
9.048028 5.00
9.078542 5.35
9.094670 5.35
9.120026 5.35
9.136160 5.35
9.166431 5.35
9.182431 5.35
9.207664 5.35
9.218429 5.35
9.248774 5.35
9.259542 5.35
9.289775 5.00
9.300542 5.35
9.330926 5.35
9.347186 5.35
9.377780 5.35
9.388548 5.35
9.424569 5.35
9.440795 5.35
9.466182 5.35
9.477171 5.35
9.507814 11.65
9.518815 8.03
9.554676 2.39
9.565673 7.69
9.596159 2.39
9.607030 12.32
9.637672 8.70
9.648435 0.37
9.678903 8.03
9.694903 8.35
9.720028 6.68
9.730902 8.70
9.766432 12.32
9.782432 8.70
9.815670 6.68
9.826433 8.70
9.856779 6.68
9.867670 8.35
9.897779 2.04
9.908671 6.68
9.938904 8.70
9.954779 12.32
9.980029 8.70
9.990780 7.69
10.026433 7.37
10.042433 8.35
10.067780 6.68
10.078673 8.70
10.108781 12.32
10.119671 8.70
10.149906 7.69
10.165906 7.69
10.191031 9.04
10.201781 6.36
10.237434 8.70
10.253436 12.32
10.278782 8.70
10.289675 7.37
10.319782 7.69
10.330672 8.70
10.360907 6.36
10.376782 8.70
10.402032 6.68
10.412782 8.35
10.448675 2.04
10.459435 8.03
10.489908 2.39
10.505908 6.36
10.531033 8.70
10.541783 0.05
10.577675 8.35
10.588438 1.06
10.618784 8.03
10.629676 8.70
10.659909 6.36
10.675785 8.70
10.701034 6.36
10.711785 8.35
10.747440 8.35
10.758164 8.03
10.788785 2.39
10.799678 6.68
10.829910 8.70
10.845910 6.36
10.871036 8.70
10.881911 8.03
10.912438 7.02
10.928439 9.04
10.953676 12.32
10.964441 8.70
10.994787 7.37
11.007315 8.03
11.035787 2.39
11.046679 6.36
11.076788 8.70
11.089426 0.37
11.119972 4.34
11.130921 4.34
11.161562 4.34
11.172435 4.34
11.203042 4.34
11.213917 4.34
11.244683 4.34
11.255434 4.34
11.286040 4.34
11.296915 4.34
11.332444 4.34
11.348443 4.34
11.373790 4.34
11.386166 4.34
11.414790 4.34
11.427168 4.34
11.455915 4.34
11.471790 4.34
11.497041 4.34
11.507790 4.34
11.543445 4.34
11.559705 4.34
11.585050 4.34
11.596062 4.34
11.626689 4.34
11.637688 4.34
11.673456 4.34
11.689453 4.34
11.714794 4.34
11.730794 4.34
11.756043 4.34
11.766918 4.34
11.797446 4.34
11.813444 4.34
11.838792 4.34
11.851169 4.34
11.879793 4.34
11.895793 4.34
11.920793 4.34
11.936669 4.34
11.961794 4.34
11.974169 4.34
12.002794 4.34
12.018669 4.34
12.043794 4.34
12.059669 4.34
12.084794 4.34
12.100670 4.34
12.125794 4.34
12.141670 4.34
12.166795 4.34
12.182671 4.34
12.207795 4.34
12.223796 4.34
12.248921 4.34
12.264921 4.34
12.290045 4.34
12.300796 4.34
12.336449 4.34
12.352323 4.34
12.377797 4.34
12.393797 4.34
12.418797 4.34
12.434672 4.34
12.459797 4.34
12.475672 4.34
12.500797 4.34
12.516812 4.34
12.542447 4.34
