0.000000 0.000000
0.041970 4.34
0.058263 4.34
0.083722 4.34
0.105501 2.66
0.121859 2.66
0.150359 2.66
0.161359 2.66
0.197343 2.34
0.208340 2.66
0.240628 2.66
0.251605 2.66
0.282118 2.34
0.298120 2.66
0.323601 2.66
0.339600 2.66
0.366611 2.66
0.377476 2.66
0.409611 2.66
0.420473 2.66
0.452609 2.66
0.463475 2.66
0.495609 2.66
0.506476 2.66
0.538612 2.66
0.549474 2.34
0.581609 2.34
0.592473 2.66
0.624612 2.66
0.635476 2.34
0.667612 2.34
0.678477 2.34
0.710614 2.34
0.721476 2.66
0.757409 2.34
0.768351 2.34
0.804347 2.66
0.815258 2.66
0.851283 2.34
0.862363 2.66
0.892850 2.66
0.903721 2.66
0.934617 2.66
0.956291 2.34
0.967365 4.02
0.997850 4.34
1.008721 4.02
1.039487 4.02
1.055720 4.02
1.086249 4.34
1.097135 4.34
1.127608 4.34
1.138479 4.02
1.169120 4.34
1.185123 4.02
1.210602 4.02
1.226603 4.02
1.251603 4.02
1.262482 4.02
1.297964 4.02
1.313965 4.34
1.339240 4.02
1.349965 4.02
1.380607 4.02
1.396606 4.02
1.427303 4.34
1.438356 4.02
1.468856 4.34
1.479856 4.34
1.510524 4.34
1.526729 4.34
1.557352 4.34
1.568350 4.34
1.598848 4.34
1.609598 4.34
1.640505 4.34
1.656730 4.34
1.687370 4.34
1.698351 4.34
1.734261 4.34
1.745137 4.34
1.775616 4.34
1.786490 4.34
1.817130 4.34
1.833126 4.34
1.858613 4.34
1.874610 4.34
1.899595 4.34
1.910485 4.34
1.940720 4.34
1.951613 4.34
1.986970 4.34
2.002970 4.34
2.028375 4.34
2.039096 4.34
2.069720 4.34
2.080613 4.34
2.110721 4.34
2.121596 4.34
2.151721 4.34
2.162597 4.34
2.192722 4.34
2.203597 4.34
2.233722 4.34
2.244597 4.34
2.274723 4.34
2.285597 4.34
2.315722 4.34
2.326598 4.34
2.356723 4.34
2.367598 4.34
2.397723 4.34
2.408598 4.34
2.443974 4.34
2.459973 4.34
2.485252 4.34
2.496130 4.34
2.526741 4.34
2.537614 4.34
2.573101 4.34
2.589101 4.34
2.614616 4.34
2.630617 4.34
2.655600 4.34
2.666365 4.34
2.696600 4.34
2.707367 4.34
2.737601 4.34
2.748367 4.34
2.778601 4.34
2.789367 4.34
2.819601 4.34
2.830369 4.34
2.860601 4.34
2.871368 4.34
2.901601 4.34
2.912509 4.34
2.943311 4.34
2.954361 4.34
2.986486 4.34
2.997503 4.34
3.033267 4.68
3.044108 4.68
3.074731 4.68
3.085621 5.00
3.121106 5.00
3.137106 5.00
3.162739 5.35
3.173738 5.35
3.204361 5.35
3.216984 5.35
3.245733 5.35
3.256607 5.35
3.287135 5.35
3.303134 5.35
3.328622 5.35
3.339495 5.35
3.371507 5.35
3.382230 5.35
3.412605 5.35
3.423496 5.35
3.454309 5.35
3.465285 5.35
3.501113 5.35
3.512113 5.35
3.542735 5.35
3.553633 5.35
3.583984 5.35
3.600113 5.35
3.625626 5.35
3.636376 5.35
3.666982 5.35
3.679484 5.35
3.708233 5.35
3.718982 5.35
3.755116 5.35
3.766116 5.35
3.796737 5.69
3.807736 5.69
3.838112 5.69
3.848985 5.69
3.879398 5.69
3.895396 5.69
3.920609 5.69
3.931377 5.69
3.961610 5.69
3.972375 5.69
4.002610 5.69
4.013376 5.69
4.043611 5.69
4.054377 5.69
4.090135 5.69
4.101301 5.69
4.131744 5.69
4.142743 5.69
4.173367 5.69
4.185866 5.69
4.220116 5.69
4.230989 5.69
4.261380 5.69
4.277377 5.69
4.307988 5.69
4.323987 5.69
4.349237 5.69
4.359987 5.69
4.392376 5.69
4.403396 5.69
4.439309 5.69
4.455636 5.69
4.485991 5.69
4.502121 5.69
4.527403 5.69
4.543631 5.69
4.573864 5.69
4.584614 5.69
4.615115 5.69
4.625989 5.69
4.656629 5.69
4.667516 5.69
4.702989 5.69
4.718990 5.69
4.744511 6.01
4.760744 6.01
4.786140 6.01
4.797147 6.01
4.827630 6.01
4.838509 6.01
4.873866 6.01
4.884616 6.01
4.914991 6.01
4.930991 6.01
4.956241 6.01
4.966991 6.01
4.997507 6.01
5.013506 6.01
5.039167 6.01
5.049998 6.01
5.082411 6.01
5.093262 6.01
5.129153 6.01
5.139995 6.01
5.170638 6.01
5.181511 6.01
5.216994 6.01
5.232993 6.01
5.258511 6.01
5.274634 6.01
5.302244 6.01
5.313318 6.01
5.349162 6.01
5.360130 6.01
5.392377 6.01
5.403269 6.01
5.439160 6.01
5.449998 6.01
5.480639 6.01
5.491388 6.01
5.521997 6.01
5.537996 6.01
5.563401 6.01
5.579401 6.01
5.606443 6.01
5.617403 6.01
5.648002 12.32
5.664292 6.36
5.689668 6.68
5.700632 6.68
5.731296 6.68
5.747523 6.36
5.778292 6.36
5.794411 6.36
5.821377 12.32
5.832394 6.36
5.862642 6.36
5.873391 6.36
5.908999 6.36
5.924874 6.36
5.950401 6.36
5.966515 6.36
5.992022 6.36
6.003010 6.36
6.033651 0.05
6.044650 6.01
6.075130 6.36
6.086004 12.32
6.116395 6.36
6.132394 6.36
6.159378 6.36
6.170281 6.36
6.206001 12.32
6.221876 6.36
6.247404 0.05
6.263535 6.36
6.289013 6.01
6.300012 6.01
6.330653 6.36
6.341653 12.32
6.372132 6.36
6.383006 6.36
6.413649 0.05
6.424398 6.36
6.455003 0.05
6.470879 6.36
6.496409 6.36
6.512405 6.36
6.542878 0.05
6.555379 6.36
6.584415 12.32
6.600647 6.36
6.626015 6.68
6.637010 6.68
6.667653 7.02
6.678401 7.02
6.709007 6.68
6.725006 6.36
6.750412 6.36
6.761274 6.36
6.796880 6.36
6.812880 6.36
6.838132 6.36
6.849005 6.36
6.879648 0.05
6.890397 0.05
6.926021 6.36
6.937019 6.36
6.967641 6.36
6.978640 6.36
7.009139 6.36
7.020011 12.32
7.050652 6.36
7.061405 6.36
7.092136 6.36
7.103009 6.36
7.133412 6.36
7.144276 6.36
7.179758 12.32
7.190648 6.36
7.221023 6.36
7.232021 6.01
7.262663 6.36
7.273642 6.36
7.304142 12.32
7.315014 0.05
7.351013 6.36
7.361887 12.32
7.392654 6.36
7.403402 12.32
7.434168 6.36
7.450137 6.36
7.475653 6.36
7.486400 6.36
7.522165 6.36
7.533011 6.36
7.563667 6.36
7.574641 6.68
7.605328 7.02
7.621545 7.02
7.652143 6.68
7.663143 6.36
7.699016 6.36
7.709889 6.36
7.740443 6.36
7.751302 6.36
7.787012 6.36
7.797888 6.36
7.828418 6.36
7.839291 6.36
7.874902 6.36
7.891205 6.36
7.916535 6.36
7.927549 6.68
7.958150 6.68
7.969149 7.02
8.005019 7.02
8.016019 6.68
8.046409 6.68
8.057284 6.36
8.093016 6.36
8.103891 6.36
8.134419 6.36
8.145294 6.36
8.180890 6.36
8.196890 6.36
8.222141 6.36
8.233015 6.36
8.269019 6.36
8.279894 6.36
8.312287 6.68
8.323335 7.02
8.359154 7.02
8.370210 7.02
8.406026 6.68
8.417024 6.36
8.447666 6.01
8.463905 6.01
8.489328 4.34
8.505546 4.34
8.536149 4.34
8.547023 4.34
8.583022 4.34
8.593896 4.34
8.624413 4.34
8.635288 4.34
8.671020 4.34
8.681894 4.34
8.712424 4.34
8.723298 4.34
8.758769 4.34
8.769659 4.34
8.799894 4.34
8.815769 4.34
8.841037 4.34
8.851895 4.34
8.882424 4.34
8.893146 4.34
8.929020 4.34
8.939895 4.34
8.970423 4.34
8.981300 4.34
9.016896 4.34
9.032895 4.34
9.058021 4.34
9.068896 4.34
9.099426 4.34
9.110301 4.34
9.141035 4.34
9.152034 4.34
9.184282 4.34
9.195324 4.34
9.225902 4.34
9.242027 4.34
9.267434 4.34
9.278419 4.34
9.314025 4.34
9.324899 4.34
9.355429 4.34
9.366306 4.34
9.402023 4.34
9.412774 4.34
9.443542 4.34
9.454428 4.34
9.490024 4.34
9.500899 4.34
9.531683 4.34
