0.000000 0.000000
0.041957 4.34
0.054601 4.34
0.088839 4.34
0.099975 2.66
0.132168 2.66
0.143528 2.34
0.173845 2.66
0.184834 2.34
0.217134 2.34
0.228080 2.66
0.258720 2.34
0.274828 2.66
0.300231 2.34
0.311076 2.34
0.341718 2.34
0.357826 2.34
0.382950 2.34
0.393700 2.34
0.424227 2.66
0.435074 2.34
0.470825 2.66
0.481715 2.34
0.511825 2.34
0.522700 2.34
0.552825 2.66
0.563715 2.34
0.593825 2.34
0.604701 2.66
0.634826 2.34
0.645701 2.34
0.675826 2.34
0.686702 2.34
0.716826 2.34
0.727701 2.34
0.758274 2.34
0.769275 2.34
0.799959 2.34
0.812366 2.34
0.846870 2.34
0.857980 2.34
0.893733 2.34
0.904727 2.34
0.935527 2.34
0.951856 2.34
0.977285 4.02
0.988386 4.02
1.018837 4.02
1.029836 4.02
1.065600 4.02
1.077992 4.34
1.106832 4.02
1.117723 4.02
1.148236 4.02
1.159081 4.02
1.189722 4.34
1.200594 4.34
1.230955 4.34
1.246955 4.02
1.272232 4.02
1.283080 4.02
1.313594 4.34
1.329473 4.02
1.354706 4.02
1.370723 4.34
1.395844 4.02
1.406722 4.02
1.442723 4.34
1.453754 4.34
1.484538 4.34
1.500860 4.34
1.525969 4.34
1.542288 4.34
1.572843 4.02
1.583841 4.34
1.619608 4.02
1.635727 4.02
1.661395 4.34
1.672389 4.34
1.702966 4.02
1.719090 4.34
1.749606 4.34
1.765605 4.34
1.798604 4.34
1.814602 4.34
1.839961 4.34
1.855961 4.34
1.889603 4.34
1.905602 4.34
1.930835 4.34
1.941727 4.34
1.971961 4.34
1.987961 4.34
2.013213 4.34
2.024086 4.34
2.054490 4.34
2.065213 4.34
2.095837 4.34
2.106712 4.34
2.137225 4.34
2.148225 4.34
2.178845 4.34
2.189845 4.34
2.225725 4.34
2.236722 4.68
2.267389 4.68
2.278387 4.68
2.308969 4.68
2.324967 4.68
2.355735 4.68
2.366483 4.68
2.397090 4.68
2.407966 4.68
2.443730 4.68
2.454480 4.34
2.484964 4.68
2.500840 4.68
2.531727 4.68
2.542726 4.68
2.574975 4.68
2.585972 4.68
2.621740 4.68
2.632486 4.68
2.663094 4.68
2.673968 4.68
2.709733 4.68
2.720484 4.68
2.751092 4.68
2.761842 4.68
2.797732 4.68
2.808757 4.68
2.839218 4.68
2.850092 4.34
2.880740 4.68
2.891487 4.68
2.922222 4.68
2.933095 4.68
2.963500 4.68
2.979613 4.68
3.004844 4.68
3.017372 4.68
3.045969 4.68
3.061969 4.68
3.088978 4.68
3.099844 4.68
3.130220 4.68
3.141094 4.68
3.171499 4.68
3.187610 4.68
3.212720 4.68
3.223486 4.68
3.253720 4.68
3.264488 4.68
3.294845 4.68
3.305721 4.68
3.335970 4.68
3.351971 4.68
3.385612 4.68
3.401613 4.68
3.426847 4.68
3.439376 4.68
3.467971 4.68
3.483972 4.68
3.511002 4.68
3.521738 4.68
3.557489 4.68
3.569877 4.68
3.598848 4.68
3.611254 4.68
3.639973 4.68
3.650848 4.68
3.682870 4.68
3.693741 4.68
3.729377 4.68
3.740098 4.68
3.770742 4.68
3.781489 4.68
3.811974 4.68
3.827974 4.68
3.861617 4.68
3.877615 4.68
3.902724 4.68
3.913492 4.68
3.943850 4.68
3.956227 4.68
3.984975 4.68
3.995850 4.68
4.027860 4.68
4.038743 4.68
4.068976 4.68
4.079726 4.68
4.115366 4.68
4.127861 4.68
4.156852 4.68
4.172727 4.68
4.197977 4.68
4.208852 4.68
4.244381 4.68
4.260370 4.68
4.285744 4.68
4.296494 4.68
4.326978 4.68
4.337728 4.68
4.373370 4.68
4.384103 4.68
4.414745 4.68
4.425496 4.68
4.455978 4.68
4.466729 4.68
4.502372 4.68
4.513104 4.68
4.543749 4.68
4.554621 4.68
4.584980 4.68
4.595729 4.68
4.631382 4.68
4.642105 4.68
4.672745 4.68
4.683495 4.68
4.713731 4.68
4.724499 4.68
4.754731 4.68
4.770731 4.68
4.795856 4.68
4.811731 4.68
4.836981 4.68
4.847856 4.68
4.883386 4.68
4.899375 4.68
4.924749 4.68
4.935499 4.68
4.965858 4.68
4.981732 4.68
5.006983 4.68
5.017857 4.68
5.053375 4.68
5.069373 4.68
5.094750 4.68
5.105500 4.68
5.135983 4.68
5.146733 4.68
5.182389 4.68
5.198375 4.68
5.223749 4.68
5.234500 4.68
5.264984 4.68
5.275859 4.68
5.311375 4.68
5.322110 4.68
5.352750 4.68
5.363502 4.68
5.393986 4.68
5.404860 4.68
5.440376 4.68
5.451111 4.68
5.481751 4.68
5.494237 4.68
5.522986 4.68
5.533862 4.68
5.569390 4.68
5.585378 4.68
5.610755 4.68
5.621504 4.68
5.651862 4.68
5.667737 4.68
5.692988 4.68
5.703737 4.68
5.739380 4.68
5.755378 4.68
5.780758 4.68
5.793240 4.68
5.821988 4.68
5.832863 4.68
5.868393 4.68
5.884381 4.68
5.909757 4.68
5.922240 4.68
5.950864 4.68
5.966864 4.68
5.991989 4.68
6.002739 4.68
6.038392 4.68
6.054383 4.68
6.079757 4.68
6.092259 4.68
6.120991 4.68
6.131741 4.68
6.167394 4.68
6.183384 4.68
6.208758 4.68
6.221259 4.68
6.249991 4.68
6.260867 4.68
6.292883 4.68
6.303758 4.68
6.339398 4.68
6.355385 4.68
6.380759 4.68
6.393117 4.68
6.421993 4.68
6.432868 4.68
6.468385 4.68
6.484384 4.68
6.509759 4.68
6.525761 4.68
6.550869 4.68
6.566744 4.68
6.591994 4.68
6.602744 4.68
6.638398 4.68
6.650772 4.68
6.679763 4.68
6.695762 4.68
6.720745 4.68
6.736745 4.68
6.761870 4.68
6.777745 4.68
6.802995 4.68
6.813870 4.68
6.849275 4.68
6.861774 4.68
6.890763 4.68
6.906762 4.68
6.931996 4.68
6.942746 4.68
6.978389 4.68
6.994279 4.68
7.019765 4.68
7.035765 4.68
7.060872 4.68
7.076747 4.68
7.101997 4.68
7.112748 4.68
7.148390 4.68
7.164391 4.68
7.189766 4.68
7.205748 4.68
7.230748 4.68
7.246749 4.68
7.271749 4.68
7.287749 4.68
7.312874 5.00
7.328749 5.00
7.353999 4.68
7.364874 4.68
7.400390 4.68
7.416250 4.68
7.441767 4.68
7.457768 4.68
7.482875 4.68
7.498751 4.68
7.524000 4.68
7.534876 4.68
7.570279 4.68
7.586252 4.68
7.611769 4.68
7.627768 4.68
7.653001 4.68
7.663877 4.68
7.699394 4.68
7.715392 4.68
7.740769 5.00
7.756752 4.68
7.781877 4.68
7.797752 4.68
7.823003 4.68
7.833752 4.68
7.869395 4.68
7.885394 4.68
7.910753 4.68
7.926646 4.68
7.951879 4.68
7.967754 4.68
7.993004 4.68
8.003879 4.68
8.039254 4.68
8.050004 4.68
8.080533 4.68
8.091409 4.68
8.121880 4.68
8.137880 4.68
8.163005 4.68
8.173880 4.68
8.209398 4.68
8.225256 4.68
8.250649 4.68
8.261398 4.68
8.291881 4.68
8.307756 4.68
8.334757 4.68
8.345524 4.68
8.375882 4.68
8.391882 4.68
8.418758 4.68
8.429522 4.68
8.459757 4.68
8.475647 4.68
8.500758 4.68
8.516651 4.68
8.541883 4.68
8.557883 4.68
8.584786 4.68
8.595526 4.68
8.626009 4.68
8.636884 4.68
8.672413 4.68
8.688414 4.68
8.713652 4.68
8.726134 4.68
8.756789 4.68
8.767527 4.68
8.799790 4.68
8.810527 4.68
8.842789 4.68
8.853527 4.68
8.885790 4.68
8.896528 4.68
8.928789 4.68
8.939526 4.68
8.971790 4.68
8.982528 4.68
9.014792 4.68
9.025528 4.68
9.057792 4.68
9.068529 4.68
9.104144 4.68
9.114887 4.68
9.145528 4.68
9.156417 4.68
9.186654 4.68
9.202530 4.68
9.227888 4.68
9.238653 4.68
9.274146 4.68
9.284888 4.68
9.315543 4.68
9.326418 4.68
9.356889 4.68
9.367656 4.68
9.403147 4.68
9.414014 4.68
9.444532 4.68
9.455295 4.68
9.485765 4.68
9.496532 4.68
9.526765 4.68
9.537532 4.68
9.567890 4.68
9.578663 4.68
9.614147 4.68
9.624890 4.68
9.655544 4.68
9.666294 4.68
9.696891 4.68
9.707658 4.68
9.743144 5.00
9.759144 5.00
9.784419 4.68
9.795144 4.68
9.825767 4.68
9.841892 4.68
9.866893 4.68
9.877767 4.68
9.913147 4.68
9.937661 4.68
9.967146 4.68
9.983147 4.68
10.008662 4.68
10.024662 4.68
10.049769 4.68
10.065769 4.68
10.090894 4.68
10.101769 4.68
10.137148 4.68
10.161663 4.68
10.191148 4.68
10.207149 4.68
10.232662 4.68
10.248661 4.68
10.273895 4.68
10.284645 4.68
10.320149 4.68
10.336149 4.68
10.361663 4.68
10.377663 4.68
10.402771 4.68
10.418771 4.68
10.443896 4.68
10.454772 4.68
10.485300 4.68
10.501301 4.68
10.526665 4.68
10.542663 4.68
10.567773 4.68
10.583772 4.68
10.608898 4.68
10.619773 4.68
10.655155 4.68
10.679666 5.00
10.709153 4.68
10.725155 4.68
10.750664 4.68
10.766667 4.68
10.791774 4.68
10.807774 4.68
10.832899 4.68
10.843666 4.68
10.879155 4.68
10.903667 4.68
10.933153 4.68
10.949155 4.68
10.974669 4.68
10.990667 4.68
11.015775 4.68
11.031776 4.68
11.056901 4.68
11.067776 4.68
11.103156 4.68
11.127668 4.68
11.157154 4.68
11.173156 4.68
11.198431 4.68
11.209304 4.68
11.239777 4.68
11.255777 4.68
11.280777 4.68
11.291670 4.68
11.321778 4.68
11.332668 4.68
11.362903 4.68
11.373778 4.68
11.409157 4.68
11.425160 4.68
11.450307 4.68
11.466307 4.68
11.491779 4.68
11.507779 4.68
11.532904 4.68
11.543779 4.68
11.579161 4.68
11.595309 4.68
11.620672 4.68
11.636673 4.68
11.661780 4.68
11.672673 4.68
11.702905 4.68
11.713780 4.68
11.749163 4.68
11.765163 4.68
11.790673 4.68
11.806671 5.00
11.831906 5.00
11.842674 4.68
11.878158 4.68
11.894161 4.68
11.919436 4.68
11.930158 4.68
11.960673 4.68
11.976782 4.68
12.001658 4.68
12.017675 4.68
12.042658 4.68
12.058674 4.68
12.083675 4.68
12.099677 5.00
12.124658 4.68
12.140675 4.68
12.165659 4.68
12.176426 4.68
12.206659 4.68
12.217427 4.68
12.247659 4.68
12.258428 4.68
12.288660 4.68
12.299424 4.68
12.329660 4.68
12.340425 4.68
12.370785 4.68
12.381677 4.68
12.411785 4.68
12.422661 4.68
12.452786 4.68
12.463661 4.68
12.493786 4.68
12.504676 4.68
12.534912 4.68
12.545661 4.68
12.581163 4.68
12.597163 4.68
12.622679 4.68
12.638680 4.68
12.663662 4.68
12.674428 4.68
12.704663 4.68
12.715431 4.68
12.745788 4.68
12.756663 4.68
12.786788 4.68
12.797663 4.68
12.827789 4.68
12.838664 4.68
12.868788 4.68
12.879664 4.68
12.909789 4.68
12.920682 4.68
12.950789 4.68
12.961664 4.68
12.991789 4.68
13.002665 4.68
13.032790 4.68
13.043682 4.68
13.073790 4.68
13.084665 4.68
13.114791 4.68
13.125666 4.68
13.155791 4.68
13.166666 4.68
13.196792 4.68
13.207683 4.68
13.237791 4.68
13.248666 4.68
13.278791 5.00
13.289667 4.68
13.319792 4.68
13.330683 4.68
13.360792 4.68
13.371667 4.68
13.401793 4.68
13.412668 4.68
13.442793 4.68
13.453668 4.68
13.483793 4.68
13.494683 4.68
13.530043 4.68
13.540794 4.68
13.571323 4.68
13.582171 4.68
13.612794 4.68
13.623686 5.00
13.653794 4.68
13.664669 4.68
13.694795 4.68
13.705670 4.68
13.737546 4.68
13.748447 4.68
13.778795 4.68
13.789685 4.68
13.819921 4.68
13.830796 4.68
13.866172 4.68
13.882175 4.68
13.907451 4.68
13.920046 4.68
13.948797 4.68
13.959688 4.68
13.989796 4.68
14.000672 4.68
14.032548 4.68
14.043325 4.68
14.073689 4.68
14.089688 4.68
14.116549 4.68
14.127451 4.68
14.157798 4.68
14.168689 4.68
14.200550 4.68
14.211328 4.68
14.241689 4.68
14.257691 4.68
14.288178 4.68
14.299175 4.68
14.329692 4.68
14.345567 4.68
14.370800 4.68
14.381690 4.68
14.417050 4.68
14.429581 4.68
14.458569 4.68
14.474441 4.68
14.505050 4.68
14.517581 4.68
14.546566 4.68
14.562569 4.68
14.587693 4.68
14.598569 4.68
14.634051 4.68
14.650051 4.68
14.675456 4.68
14.688052 4.68
14.716802 4.68
14.727694 4.68
14.762927 4.68
14.773802 4.68
14.804052 4.68
14.816553 4.68
14.845333 4.68
14.856052 4.68
14.886701 4.68
14.897445 4.68
14.932928 4.68
14.943679 4.68
14.974053 4.68
14.989929 4.68
15.015333 4.68
15.026180 4.68
15.056804 4.68
15.067697 4.68
15.102929 4.68
15.113680 4.68
15.144055 4.68
15.156431 5.00
15.185335 4.68
15.196181 5.00
15.226806 4.68
15.237696 4.68
15.272931 4.68
15.283681 4.68
15.314057 5.00
15.326432 4.68
15.355336 4.68
15.366182 4.68
15.396807 4.68
15.407698 4.68
15.443057 4.68
15.458932 4.68
15.484337 4.68
15.495183 4.68
15.525808 4.68
15.536700 4.68
15.571933 4.68
15.582808 4.68
15.613185 4.68
15.624058 4.68
15.654702 4.68
15.665449 4.68
15.695684 4.68
15.706451 4.68
15.736684 4.68
15.747451 4.68
15.777810 4.68
15.788684 4.68
15.824060 4.68
15.839934 4.68
15.865462 4.68
15.881464 4.68
15.906703 4.68
15.917452 4.68
15.947686 4.68
15.958452 4.68
15.988686 4.68
15.999454 4.68
16.029686 4.68
16.040454 4.68
16.070687 4.68
16.081452 4.68
16.111687 4.68
16.122452 4.68
16.152687 4.68
16.163452 4.68
16.193688 4.68
16.204456 4.68
16.234688 4.68
16.245580 4.68
16.275688 4.68
16.286456 4.68
16.316689 4.68
16.327457 4.68
16.357689 4.68
16.368454 4.68
16.398689 4.68
16.409457 4.68
16.439689 4.68
16.450457 4.68
16.480689 4.68
16.491457 4.68
16.521706 4.68
16.532457 4.68
16.567940 4.68
16.578690 5.00
16.609191 4.68
16.620065 4.68
16.650709 4.68
16.661458 4.68
16.696941 4.68
16.707692 4.68
16.738192 4.68
16.749066 4.68
16.779709 4.68
16.790460 4.68
16.825942 4.68
16.836692 4.68
16.867193 4.68
16.878067 4.68
16.908707 4.68
16.919460 4.68
16.949693 4.68
16.960461 4.68
16.990693 4.68
17.001459 4.68
17.033444 5.00
17.044194 4.68
17.074709 4.68
17.085460 4.68
17.120944 4.68
17.131694 4.68
17.162069 4.68
17.178069 4.68
17.203320 4.68
17.215945 4.68
17.244712 4.68
17.255463 4.68
17.287446 4.68
17.298196 4.68
17.328713 4.68
17.339462 4.68
17.371447 4.68
17.382197 4.68
17.412711 4.68
17.423463 4.68
17.455447 4.68
17.466198 4.68
17.498448 4.68
17.509322 4.68
17.541479 4.68
17.552228 4.68
17.584478 4.68
17.595322 4.68
17.627479 4.68
17.638229 4.68
17.670479 4.68
17.681323 4.68
17.713480 4.68
17.724228 4.68
17.756354 4.68
17.767227 4.68
17.799343 4.68
17.810230 4.68
17.845824 4.68
17.856714 4.68
17.886824 4.68
17.897700 4.68
17.932950 4.68
17.945327 4.68
17.974220 4.68
17.985075 4.68
18.015717 4.68
18.026467 4.68
18.056951 4.68
18.069328 4.68
18.101326 4.68
18.113826 4.68
18.142718 4.68
18.153595 4.68
18.183952 4.68
18.196344 4.68
18.225077 4.68
18.235952 4.68
18.266595 4.68
18.277594 4.68
18.307720 4.68
18.318596 4.68
18.354078 4.68
18.364953 4.68
18.395482 4.68
18.406328 4.68
18.441832 4.68
18.452704 4.68
18.482954 4.68
18.495330 4.68
18.524233 4.68
18.535079 4.68
18.565597 4.68
18.576344 4.68
18.611830 4.68
18.622705 4.68
18.652955 4.68
18.668830 4.68
18.694237 4.68
18.705080 4.68
18.735721 4.68
18.746598 4.68
18.782081 4.68
18.792831 4.68
18.823486 4.68
18.834350 4.68
18.870081 4.68
18.880832 4.68
18.911486 4.68
18.922348 4.68
18.957957 4.68
18.973833 4.68
18.999209 4.68
19.010083 4.68
19.040725 4.68
19.051482 4.68
19.081958 4.68
19.098083 4.68
19.123209 4.68
19.134084 4.68
19.164724 4.68
19.175476 4.68
19.205958 4.68
19.221959 4.68
19.247210 4.68
19.258084 4.68
19.288728 4.68
19.299477 4.68
19.335085 4.68
19.345835 4.68
19.376489 4.68
19.387365 4.68
19.422961 4.68
19.439085 4.68
19.464241 4.68
19.475086 4.68
19.505729 4.68
19.516601 4.68
19.551961 4.68
19.568087 4.68
19.593228 4.68
19.604087 4.68
19.634602 4.68
19.645355 4.68
19.681087 4.68
19.691837 4.68
19.722492 4.68
19.733355 4.68
19.769088 4.68
19.779838 4.68
19.810493 4.68
19.821215 4.68
19.857089 4.68
19.867964 4.68
19.898491 4.68
19.909366 4.68
19.945089 4.68
19.955840 4.68
19.986494 4.68
19.997368 4.68
20.032840 4.68
20.043731 4.68
20.073965 4.68
20.089965 4.68
20.115217 4.68
20.127841 4.68
20.156609 4.68
20.167606 4.68
20.199361 4.68
20.210235 4.68
20.245967 4.68
20.261966 4.68
20.287233 4.68
20.299842 4.68
20.330360 4.68
20.341234 4.68
20.377092 4.68
20.387843 4.68
20.418497 4.68
20.429360 4.68
20.464968 4.68
20.480968 4.68
20.509373 4.68
20.525247 4.68
20.556093 4.68
20.566969 4.68
20.597611 4.68
20.608612 4.68
20.644095 4.68
20.654969 4.68
20.685498 4.68
20.696363 4.68
20.732095 4.68
20.742845 4.68
20.773500 4.68
20.784374 4.68
20.820096 4.68
20.830846 4.68
20.861500 4.68
20.872374 4.68
20.908096 4.68
20.918847 4.68
20.949500 4.68
20.965615 4.68
20.996096 4.68
21.006847 4.68
21.037500 4.68
21.048375 4.68
21.078848 4.68
21.094973 4.68
21.119973 4.68
21.130848 4.68
21.161251 4.68
21.177375 4.68
21.207973 4.68
21.218848 4.68
21.249225 4.68
21.265224 4.68
21.295974 4.68
21.306724 4.68
21.337225 4.68
21.353378 4.68
21.378510 4.68
21.389225 4.68
21.419850 4.68
21.435975 4.68
21.460975 4.68
21.471850 4.68
21.502100 4.68
21.512851 4.68
21.543505 4.68
21.554377 4.68
21.584851 4.68
21.600976 4.68
21.625976 4.68
21.636726 4.68
21.667228 4.68
21.683381 4.68
21.713977 4.68
21.724727 4.68
21.755229 4.68
21.771379 4.68
21.801978 4.68
21.812853 4.68
21.843230 4.68
21.859381 4.68
21.889978 4.68
21.900728 4.68
21.931230 4.68
21.947381 4.68
21.972508 4.68
21.983381 4.68
22.013855 4.68
22.029979 4.68
22.054979 4.68
22.065854 4.68
22.096231 4.68
22.112385 4.68
22.137507 4.68
22.148262 4.68
22.178856 4.68
22.194980 4.68
22.219981 4.68
22.230856 4.68
22.261232 4.68
22.277383 4.68
22.302509 4.68
22.313232 4.68
22.343732 4.68
22.354497 4.68
22.384857 4.68
22.400981 4.68
22.425982 4.68
22.436857 4.68
22.467250 4.68
22.483387 4.68
22.513983 4.68
22.524858 4.68
22.555236 4.68
22.571235 4.68
22.601984 4.68
22.612858 4.68
22.643108 4.68
22.653859 4.68
22.684513 4.68
22.695388 4.68
22.725734 4.68
22.736501 4.68
22.766860 4.68
22.782985 4.68
22.807985 4.68
22.818859 4.68
22.849237 4.68
22.865390 4.68
22.890513 4.68
22.901390 4.68
22.931861 4.68
22.947986 4.68
22.972986 4.68
22.983736 4.68
23.014111 4.68
23.024862 4.68
23.057242 4.68
23.068111 4.68
23.103987 4.68
23.114862 4.68
23.145266 4.68
23.161268 4.68
23.191988 4.68
23.202863 4.68
23.233269 4.68
23.249238 4.68
23.274392 4.68
23.285239 4.68
23.320988 4.68
23.331863 4.68
23.362240 4.68
23.378392 4.68
23.405118 4.68
23.415864 4.68
23.448132 4.68
23.458864 4.68
23.489391 4.68
23.500115 4.68
23.535990 4.68
23.546740 4.68
23.577270 4.68
23.593272 4.68
23.618758 4.68
23.631132 4.68
23.659991 4.68
23.670741 4.68
23.701396 4.68
23.712243 4.68
23.747992 4.68
23.758742 4.68
23.789243 4.68
23.805244 4.68
23.835992 4.68
23.846867 4.68
23.877244 4.68
23.888117 4.68
23.923758 4.68
23.936123 4.68
23.964993 4.68
23.975868 4.68
24.006245 4.68
24.017119 4.68
24.052762 4.68
24.068759 4.68
24.093994 4.68
24.104744 4.68
24.135246 4.68
24.146119 4.68
24.181762 4.68
24.197762 4.68
24.222995 4.68
24.233870 4.68
24.264246 4.68
24.275120 4.68
24.310761 4.68
24.326760 4.68
24.351996 4.68
24.362746 4.68
24.393121 4.68
24.409121 4.68
24.439765 4.68
24.455763 4.68
24.480997 4.68
24.491747 4.68
24.522248 4.68
24.533122 4.68
24.568764 4.68
24.584764 4.68
24.609998 4.68
24.620873 4.68
24.651248 4.68
24.662123 4.68
24.697765 4.68
24.713766 4.68
24.738999 4.68
24.749874 4.68
24.780250 4.68
24.791124 4.68
24.821402 4.68
24.832250 4.68
24.862767 4.68
24.878769 4.68
24.904000 4.68
24.914750 4.68
24.945251 4.68
24.956125 4.68
24.991768 4.68
25.007766 4.68
25.033001 4.68
25.043876 4.68
25.074126 4.68
25.090126 4.68
25.120768 4.68
25.136769 4.68
25.162002 4.68
25.172877 4.68
25.203253 4.68
25.214127 4.68
25.249768 4.68
25.265769 4.68
25.291002 4.68
25.301753 4.68
25.332254 4.68
25.343128 4.68
25.379004 4.68
25.389753 4.68
25.420254 4.68
25.431004 4.68
25.466769 4.68
25.482769 4.68
25.508004 4.68
25.518755 4.68
25.549255 4.68
25.560004 4.68
25.595880 4.68
25.606648 4.68
25.637005 4.68
25.647880 4.68
25.678256 4.68
25.689005 4.68
25.724881 4.68
25.735648 4.68
25.766006 4.68
25.778523 4.68
25.807131 4.68
25.823131 4.68
25.853773 4.68
25.869773 4.68
25.895007 4.68
25.907525 4.68
25.936257 4.68
25.947007 4.68
25.982775 4.68
25.998774 4.68
26.024008 4.68
26.036525 4.68
26.065258 4.68
26.076008 4.68
26.111776 4.68
26.127758 4.68
26.153009 4.68
26.179134 4.68
26.195134 4.68
26.225776 4.68
26.241775 4.68
26.267009 4.68
26.279414 4.68
26.308260 4.68
26.319010 4.68
26.354777 4.68
26.370655 4.68
26.395885 4.68
26.406653 4.68
26.437011 4.68
26.449416 4.68
26.478260 4.68
26.489011 4.68
26.524778 4.68
26.540779 4.68
26.566012 4.68
26.578415 4.68
26.609043 4.68
26.619762 4.68
26.655779 4.68
26.666531 4.68
26.697012 4.68
26.709416 4.68
26.743653 4.68
26.756044 4.68
26.784763 4.68
26.795531 4.68
26.825764 4.68
26.836531 4.68
26.866889 4.68
26.877656 4.68
26.908014 4.68
26.924014 4.68
26.949294 4.68
26.965293 4.68
26.990765 4.68
27.001533 4.68
27.031765 4.68
27.042530 4.68
27.072766 4.68
27.083534 4.68
27.113766 4.68
27.124534 4.68
27.154766 4.68
27.170656 4.68
27.195891 4.68
27.206657 4.68
27.237016 4.68
27.253016 4.68
27.278294 4.68
27.289146 4.68
27.319785 4.68
27.330658 4.68
27.361017 4.68
27.376892 4.68
27.407658 4.68
27.423659 4.68
27.448893 4.68
27.459659 4.68
27.490018 4.68
27.506018 4.68
27.531296 4.68
27.542147 4.68
27.572787 4.68
27.583662 4.68
27.614019 4.68
27.630019 4.68
27.660662 4.68
27.676661 4.68
27.701770 4.68
27.712662 4.68
27.742770 4.68
27.753663 4.68
27.783895 4.68
27.794771 4.68
27.825021 4.68
27.841021 4.68
27.866297 4.68
27.877151 4.68
27.907787 4.68
27.918663 4.68
27.949021 4.68
27.964897 4.68
27.995665 4.68
28.011897 4.68
28.036772 4.68
28.047664 4.68
28.077772 4.68
28.088665 4.68
28.118773 4.68
28.129665 4.68
28.159773 4.68
28.170667 4.68
28.200774 4.68
28.211666 4.68
28.241774 4.68
28.252665 4.68
28.282774 4.68
28.293664 4.68
28.323899 4.68
28.334666 4.68
28.365024 4.68
28.381025 4.68
28.406303 4.68
28.417025 4.68
28.447668 4.68
28.463542 4.68
28.488900 4.68
28.499776 4.68
28.530025 4.68
28.545901 4.68
28.576668 4.68
28.592668 4.68
28.617901 4.68
28.628776 4.68
28.659026 4.68
28.675027 4.68
28.700304 4.68
28.711027 4.68
28.741778 4.68
28.752669 4.68
28.782777 4.68
28.793669 4.68
28.823778 4.68
28.834653 4.68
28.864903 4.68
28.877432 4.68
28.906028 4.68
28.922028 4.68
28.949039 4.68
28.959904 4.68
28.992039 4.68
29.002904 4.68
29.038670 4.68
29.054669 4.68
29.079780 4.68
29.090672 4.68
29.120905 4.68
29.133307 4.68
29.162030 4.68
29.178030 4.68
29.204937 4.68
29.215781 4.68
29.251673 4.68
29.267675 4.68
29.292906 4.68
29.305311 4.68
29.334031 4.68
29.350031 4.68
29.383436 4.68
29.394158 4.68
29.424782 4.68
29.435672 4.68
29.465783 4.68
29.476657 4.68
29.506783 4.68
29.517675 4.68
29.547908 4.68
29.563909 4.68
29.589033 4.68
29.599908 4.68
29.635548 4.68
29.647914 4.68
29.676909 4.68
29.692784 4.68
29.718034 4.68
29.728784 4.68
29.764439 4.68
29.780438 4.68
29.805676 4.68
29.816425 4.68
29.846910 4.68
29.862910 4.68
29.888036 4.68
29.898910 4.68
29.934437 4.68
29.945162 4.68
29.975786 4.68
29.986680 4.68
30.016786 4.68
30.027661 4.68
30.057911 4.68
30.073787 4.68
30.099037 4.68
30.109912 4.68
30.140199 4.68
30.151037 4.68
30.181678 4.68
30.192430 4.68
30.222913 4.68
30.238913 4.68
30.264038 4.68
30.274914 4.68
30.310443 4.68
30.326431 4.68
30.351680 4.68
30.362429 4.68
30.392789 4.68
30.403682 4.68
30.433914 4.68
30.449789 4.68
30.475039 4.68
30.485790 4.68
30.521438 4.68
30.537430 4.68
30.562790 4.68
30.573666 4.68
30.603791 4.68
30.614666 4.68
30.644791 4.68
30.655666 4.68
30.685791 4.68
30.696667 4.68
30.726791 4.68
30.737558 4.68
30.767792 4.68
30.778667 4.68
30.808792 4.68
30.819667 4.68
30.849792 4.68
30.860668 4.68
30.890793 4.68
30.901668 4.68
30.931793 4.68
30.942669 4.68
30.972793 4.34
30.983668 4.34
31.013793 4.34
31.024668 4.34
31.054794 4.34
31.065669 4.34
31.095794 4.34
31.106669 4.34
31.136795 4.34
31.147670 4.34
31.177794 4.34
31.188670 4.34
31.219060 4.34
31.230058 4.34
31.260700 4.34
31.271697 4.34
31.302051 4.34
31.312926 4.34
31.343692 4.34
31.354441 4.34
31.385048 4.34
31.395923 4.34
31.431563 4.34
31.447688 4.34
31.472797 4.34
31.483688 4.34
31.513922 4.34
31.529922 4.34
31.556948 4.34
31.567804 4.34
31.598589 4.34
31.609461 4.34
31.640051 4.34
31.651050 4.34
31.681455 4.34
31.693935 4.34
31.722799 4.34
31.733691 4.34
31.763799 4.34
31.776328 4.34
31.804799 4.34
31.817327 4.34
31.845924 4.34
31.861799 4.34
31.887049 4.34
31.897800 4.34
31.928454 4.34
31.944443 4.34
31.969800 4.34
31.982177 4.34
32.010800 4.34
32.023177 4.34
32.051801 4.34
32.064177 4.34
32.092801 4.34
32.105178 4.34
32.133802 4.34
32.146205 4.34
32.175052 4.34
32.185802 4.34
32.221444 4.34
32.233833 4.34
32.262802 4.34
32.275178 4.34
32.303928 4.34
32.319803 4.34
32.345053 4.34
32.355803 4.34
32.391457 4.34
32.407331 4.34
32.432696 4.34
32.443444 4.34
32.473804 4.34
32.489679 4.34
32.514804 4.34
32.530819 4.34
