0.000000 0.000000
0.041719 4.34
0.057826 4.34
0.083106 4.34
0.099332 2.66
0.130397 2.66
0.152115 2.66
0.168344 2.34
0.198951 2.66
0.209699 2.66
0.240074 2.66
0.252447 2.34
0.281071 2.66
0.293446 2.66
0.322072 2.34
0.337944 2.66
0.363194 2.34
0.379069 2.66
0.404193 2.34
0.420069 2.34
0.445193 2.66
0.461069 2.66
0.486193 2.66
0.502070 2.66
0.527194 2.66
0.543070 2.66
0.568194 2.66
0.584070 2.66
0.609194 2.66
0.625070 2.34
0.650195 2.34
0.666071 2.34
0.691195 2.34
0.707071 2.66
0.732195 2.66
0.748213 2.34
0.773836 2.66
0.784849 2.34
0.815470 2.66
0.826469 2.66
0.857114 2.34
0.873497 2.34
0.903957 2.34
0.914956 2.34
0.950839 2.34
0.961961 3.67
0.997835 4.02
1.008707 4.34
1.039471 4.02
1.050472 4.02
1.080954 4.02
1.091953 4.02
1.127827 4.02
1.138577 4.02
1.169103 4.34
1.185200 4.34
1.215825 4.34
1.226575 4.02
1.256950 4.02
1.267825 4.34
1.298200 4.02
1.308950 4.02
1.344826 4.02
1.355575 4.34
1.385951 4.34
1.396826 4.02
1.427402 4.02
1.438360 4.34
1.469157 4.34
1.485362 4.34
1.515960 4.34
1.526961 4.34
1.562835 4.34
1.573709 4.34
1.604478 4.34
1.615474 4.34
1.646142 4.34
1.662358 4.34
1.692961 4.34
1.703961 4.34
1.739833 4.34
1.750708 4.34
1.781207 4.34
1.791957 4.34
1.827831 4.34
1.838581 4.34
1.869111 4.34
1.885205 4.34
1.915830 4.34
1.926580 4.34
1.957098 4.34
1.973081 4.34
2.003831 4.34
2.014581 4.34
2.045082 4.34
2.061206 4.34
2.091832 4.34
2.102581 4.34
2.133083 4.34
2.149083 4.34
2.179832 4.34
2.190582 4.34
2.221083 4.34
2.237083 4.34
2.262361 4.34
2.273083 4.34
2.303583 4.34
2.314350 4.34
2.344584 4.34
2.355351 4.34
2.385584 4.34
2.398087 4.34
2.426584 4.34
2.437350 4.34
2.467584 4.34
2.478349 4.34
2.508584 4.34
2.521114 4.34
2.549602 4.34
2.560476 4.34
2.590710 4.34
2.606710 4.34
2.631710 4.34
2.647710 4.34
2.672711 4.34
2.688711 4.34
2.713711 4.34
2.729836 4.34
2.754836 4.34
2.765586 4.34
2.796087 4.34
2.812212 4.34
2.839091 4.34
2.849962 4.34
2.885837 4.34
2.896587 4.34
2.927088 4.34
2.943212 4.34
2.969967 4.34
2.980713 4.34
3.012967 4.34
3.023713 4.34
3.059606 4.34
3.071967 4.34
3.100839 4.34
3.111589 4.34
3.142089 4.34
3.158214 4.34
3.188607 4.34
3.200968 4.34
3.229839 4.34
3.240590 4.34
3.271090 4.34
3.287215 4.34
3.313969 4.34
3.324715 4.34
3.360607 4.34
3.376609 4.34
3.401841 4.34
3.412591 4.34
3.443092 4.34
3.453966 4.34
3.489609 4.34
3.505610 4.34
3.530967 4.34
3.543370 4.34
3.577609 4.34
3.589972 4.34
3.618842 4.34
3.629592 4.34
3.665729 4.34
3.676727 4.34
3.707369 4.34
3.718367 4.34
3.748721 4.68
3.759612 4.68
3.789970 4.68
3.805969 4.68
3.836612 4.68
3.852609 4.68
3.877844 4.34
3.888594 4.68
3.919095 4.34
3.929969 4.68
3.965845 4.68
3.976594 4.34
4.007097 4.68
4.017969 4.68
4.053845 4.68
4.064594 4.68
4.094970 4.68
4.111121 4.68
4.141720 4.34
4.152613 4.68
4.182846 4.68
4.193596 4.68
4.224123 4.68
4.234971 4.68
4.265611 4.68
4.281722 4.68
4.306991 4.68
4.323144 4.68
4.353877 4.68
4.366515 4.68
4.400732 4.68
4.411731 4.68
4.442247 4.68
4.453246 4.68
4.483727 4.68
4.494619 4.68
4.525278 4.68
4.536132 4.68
4.566619 4.68
4.582617 4.68
4.607849 4.68
4.618600 4.68
4.648975 4.68
4.665131 4.68
4.690130 4.68
4.700975 4.34
4.736725 4.68
4.747619 4.68
4.777850 4.68
4.788726 4.68
4.819131 4.68
4.829976 4.68
4.860619 4.68
4.876727 4.68
4.901852 4.34
4.912727 4.68
4.943130 4.68
4.953976 4.68
4.984619 4.68
5.000727 4.68
5.025852 4.68
5.036727 4.68
5.067133 4.68
5.077978 4.68
5.108618 4.68
5.124729 4.68
5.149853 4.68
5.160728 4.68
5.191134 4.68
5.201979 4.68
5.232622 4.68
5.248729 4.68
5.273854 4.68
5.284604 4.68
5.315132 4.68
5.325979 4.68
5.356620 4.68
5.372730 4.68
5.397855 4.68
5.408730 4.68
5.439133 4.68
5.449980 4.68
5.480623 4.68
5.496731 4.68
5.521856 4.68
5.532624 4.68
5.563136 4.68
5.573982 4.68
5.604622 4.68
5.620732 4.68
5.645857 4.68
5.656607 4.68
5.687138 4.68
5.697982 4.68
5.728625 4.68
5.744732 4.68
5.769858 4.68
5.782262 4.68
5.815863 4.68
5.826733 4.68
5.857110 4.68
5.867983 4.68
5.898387 4.68
5.910864 4.68
5.939609 4.68
5.955624 4.68
5.980610 4.68
5.996628 4.68
6.021610 4.68
6.037500 4.68
6.062735 4.68
6.073610 4.68
6.103860 4.68
6.116254 4.68
6.145111 4.68
6.155985 4.68
6.186389 4.68
6.197112 4.68
6.227611 4.68
6.238380 4.68
6.268861 4.68
6.281254 4.68
6.309987 4.68
6.320736 4.68
6.356629 4.68
6.367377 4.68
6.397612 4.68
6.408381 4.34
6.438737 4.68
6.449612 4.68
6.479862 4.68
6.495863 4.68
6.521114 4.68
6.531988 4.68
6.562628 4.68
6.573381 4.68
6.603864 4.68
6.619739 4.68
6.645115 4.68
6.655989 4.68
6.686393 4.68
6.697115 4.68
6.727740 4.68
6.738615 4.68
6.768865 4.68
6.784865 4.68
6.810116 4.68
6.820990 4.68
6.851395 4.68
6.862116 4.68
6.892616 4.68
6.903382 4.68
6.933616 4.68
6.944382 4.68
6.974616 4.68
6.985385 4.68
7.015617 4.68
7.026383 4.68
7.056742 4.68
7.067617 4.68
7.097867 4.68
7.113868 4.68
7.139118 4.34
7.149992 4.68
7.180397 4.68
7.196511 4.68
7.221743 4.68
7.232618 4.68
7.262868 4.68
7.278869 4.68
7.303993 4.68
7.314744 4.68
7.350637 4.68
7.361385 4.68
7.391620 4.68
7.402384 4.68
7.432745 4.68
7.443620 4.68
7.473870 4.68
7.489870 4.68
7.515151 4.68
7.525995 4.68
7.556400 4.68
7.567121 4.68
7.597746 4.68
7.608621 4.68
7.638871 4.68
7.654872 4.68
7.688513 4.68
7.704512 4.68
7.729747 4.68
7.740622 4.68
7.770872 4.68
7.786872 4.68
7.812141 4.68
7.822997 4.68
7.853402 4.68
7.869515 4.68
7.894748 4.68
7.905640 4.68
7.935873 4.68
7.951873 4.68
7.978897 4.68
7.989749 4.68
8.025641 4.68
8.036392 4.68
8.066874 4.68
8.082749 4.68
8.108125 4.68
8.119000 4.68
8.149401 4.68
8.160126 4.68
8.190750 4.68
8.201625 4.68
8.231875 4.34
8.247876 4.68
8.274885 4.68
8.285751 4.68
8.316127 4.68
8.327001 4.68
8.357403 4.68
8.368127 4.68
8.398627 4.68
8.409395 4.68
8.439752 4.68
8.452281 4.68
8.480877 4.68
8.496877 4.68
8.522002 4.68
8.532753 4.68
8.563406 4.68
8.579518 4.68
8.604628 4.68
8.615395 4.68
8.645628 4.68
8.656393 4.68
8.686753 4.68
8.699130 4.68
8.727879 4.68
8.743879 4.68
8.770764 4.68
8.781644 4.68
8.811879 4.68
8.827879 4.68
8.858282 4.68
8.869004 4.68
8.899653 4.68
8.910398 4.68
8.940880 4.68
8.956880 4.68
8.990523 4.68
9.006524 4.68
9.031631 4.68
9.042396 4.68
9.072757 4.68
9.085132 4.68
9.113882 4.68
9.124757 4.68
9.160272 4.68
9.171007 4.68
9.201650 4.68
9.212523 4.68
9.242882 4.68
9.253632 4.68
9.289287 4.68
9.305276 4.68
9.330648 4.68
9.341400 4.68
9.371884 4.68
9.382634 4.68
9.418277 4.68
9.434274 4.68
9.459650 4.68
9.470401 4.68
9.500885 4.68
9.511759 4.68
9.547294 4.68
9.563276 4.68
9.588652 4.68
9.599403 4.68
9.629885 4.68
9.640760 4.68
9.676289 4.68
9.692276 4.68
9.717650 4.68
9.728402 4.68
9.758636 4.68
9.769403 4.68
9.799762 4.68
9.815636 4.34
9.840887 4.68
9.851762 4.68
9.887289 4.68
9.898012 4.68
9.928655 4.34
9.939405 4.68
9.969888 4.34
9.980763 4.68
10.016278 4.68
10.027013 4.34
10.057656 4.34
10.068404 4.68
10.098888 4.68
10.109639 4.68
10.145281 4.68
10.156013 4.68
10.186639 4.68
10.197404 4.68
10.227640 4.68
10.238407 4.68
10.268765 4.68
10.284765 4.68
10.309890 4.68
10.320640 4.68
10.356280 4.34
10.372284 4.34
10.397532 4.68
10.408281 4.68
10.438641 4.68
10.449409 4.68
10.479642 4.68
10.490534 4.68
10.520767 4.68
10.536767 4.68
10.561892 4.68
10.572767 4.68
10.608283 4.68
10.619017 4.68
10.649533 4.68
10.660284 4.68
10.690643 4.68
10.701410 4.68
10.731768 4.68
10.747768 4.68
10.772893 4.68
10.783768 4.68
10.819535 4.68
10.830287 4.68
10.860769 4.68
10.876769 4.68
10.901894 4.68
10.912769 4.68
10.948537 4.68
10.959297 4.68
10.989645 4.68
11.000411 4.68
11.030771 4.68
11.046646 4.68
11.071895 4.68
11.082646 4.68
11.113299 4.68
11.125771 4.68
11.154539 4.68
11.165286 4.68
11.195646 4.68
11.211646 4.68
11.236772 4.68
11.252647 4.68
11.277897 4.68
11.288772 4.68
11.319301 4.68
11.331773 4.68
11.360773 4.68
11.376648 4.68
11.401897 4.68
11.412773 4.68
11.443300 4.68
11.455649 4.68
11.484774 4.68
11.500774 4.68
11.525899 4.68
11.536774 4.68
11.567303 4.68
11.583301 4.68
11.608542 4.68
11.619301 4.68
11.649650 4.68
11.662030 4.68
11.690775 4.68
11.706775 4.68
11.731900 4.68
11.742650 4.68
11.773305 4.68
11.789302 4.68
11.814651 4.68
11.830651 4.68
11.855776 4.68
11.871651 4.68
11.896901 4.68
11.907652 4.68
11.943179 4.68
11.959179 4.68
11.984667 4.68
12.000652 4.68
12.025902 4.68
12.036653 4.68
12.072305 4.68
12.088184 4.68
12.113653 4.68
12.129546 4.68
12.154653 4.68
12.170654 4.68
12.195654 4.68
12.211546 4.68
12.236654 4.68
12.249032 4.68
12.277654 4.68
12.293546 4.68
12.318779 4.68
12.334655 4.68
12.359905 4.68
12.370655 4.68
12.406310 4.68
12.422185 4.68
12.447656 4.68
12.463655 4.68
12.488781 4.68
12.504656 4.68
12.529906 4.68
12.540781 4.68
12.576308 4.68
12.592185 4.68
12.617657 4.68
12.633549 4.68
12.658657 4.68
12.674657 4.68
12.699783 4.68
12.715783 4.34
12.740908 4.68
12.751783 4.68
12.782311 4.68
12.798313 4.68
12.823658 4.68
12.839658 4.68
12.864659 4.68
12.880548 4.68
12.905659 4.68
12.921549 4.68
12.946784 4.68
12.962784 4.68
12.987909 4.68
12.998784 4.68
13.034312 4.68
13.050189 4.68
13.075660 4.68
13.091552 4.68
13.116660 4.68
13.132552 4.68
13.157786 4.68
13.173786 4.68
13.198911 4.68
13.209786 4.68
13.245191 4.68
13.261190 4.68
13.286662 4.68
13.302662 4.68
13.327787 4.68
13.343787 4.68
13.368912 4.68
13.379662 4.68
13.415318 4.68
13.431191 4.68
13.456663 4.68
13.472663 4.68
13.497663 4.68
13.513556 4.68
13.538788 4.68
13.554789 4.68
13.581665 4.68
13.592554 4.68
13.622789 4.68
13.638789 4.68
13.663914 4.68
13.674789 4.68
13.705316 4.68
13.721194 4.68
13.746665 4.68
13.762665 4.68
13.787665 4.68
13.803555 4.68
13.828790 4.68
13.844666 4.68
13.871696 4.68
13.882559 4.68
13.914667 4.68
13.925557 4.68
13.955791 4.68
13.966666 4.68
13.998668 4.34
14.009558 4.68
14.039667 4.68
14.055559 4.68
14.080792 4.68
14.091667 4.68
14.127043 4.68
14.139668 4.68
14.168559 4.68
14.181049 4.68
14.209668 4.68
14.225668 4.68
14.250669 4.68
14.266543 4.68
14.291668 4.68
14.307544 4.68
14.332794 4.68
14.343559 4.68
14.379045 4.68
14.391545 4.68
14.420562 4.68
14.432920 4.68
14.461670 4.68
14.477545 4.68
14.502670 4.68
14.513545 4.68
14.543670 4.68
14.554560 4.68
14.584796 4.68
14.595546 4.68
14.625796 4.68
14.636546 4.68
14.672198 4.68
14.684547 4.68
14.713562 4.68
14.729562 4.68
14.754547 4.68
14.766922 4.68
14.795672 4.68
14.811548 4.68
14.836673 4.68
14.847548 4.68
14.877673 4.68
14.888548 4.68
14.918673 4.68
14.929549 4.68
14.959673 4.68
14.970549 4.34
15.006050 4.68
15.022050 4.68
15.047328 4.68
15.058203 4.68
15.088569 4.34
15.104567 4.68
15.129675 4.68
15.145550 4.34
15.170674 4.68
15.181550 4.34
15.211675 4.68
15.222551 4.68
15.252801 4.68
15.263676 4.68
15.299052 4.68
15.315055 4.68
15.340568 4.68
15.356568 4.68
15.381677 4.68
15.397552 4.68
15.422676 4.68
15.433552 4.34
15.463677 4.68
15.474552 4.68
15.504802 4.68
15.515677 4.34
15.551054 4.68
15.567057 4.68
15.592569 4.68
15.608570 4.68
15.633678 4.34
15.649678 4.68
15.674678 4.68
15.685554 4.68
15.715679 4.68
15.726554 4.68
15.756679 4.34
15.767554 4.68
15.797679 4.68
15.808554 4.68
15.838805 4.68
15.849680 4.68
15.885057 4.68
15.901056 4.68
15.926571 4.68
15.942570 4.68
15.967681 4.68
15.978572 4.68
16.008681 4.68
16.019570 4.68
16.049681 4.68
16.060556 4.68
16.090681 4.68
16.101557 4.68
16.131682 4.68
16.142557 4.68
16.172682 4.68
16.183557 4.68
16.213682 4.68
16.224558 4.68
16.254682 4.68
16.265558 4.68
16.301059 4.68
16.317059 4.68
16.342576 4.68
16.358575 4.68
16.383559 4.68
16.399574 4.68
16.424684 4.68
16.440684 4.68
16.465684 4.68
16.476560 4.68
16.506684 4.68
16.517574 4.68
16.547810 4.68
16.558560 4.68
16.594061 4.68
16.610064 4.68
16.635575 4.68
16.651575 4.68
16.676560 4.68
16.692686 4.68
16.717561 4.68
16.733577 4.68
16.758561 4.68
16.774578 4.68
16.799562 4.68
16.815579 4.68
16.840562 4.68
16.856579 4.68
16.881563 4.68
16.897579 4.68
16.922688 4.68
16.933563 4.68
16.963687 4.68
16.974563 4.68
17.004688 4.68
17.015563 5.00
17.045688 4.68
17.056563 4.68
17.086689 4.68
17.097564 4.68
17.127689 4.68
17.138564 4.68
17.168689 4.68
17.179565 4.68
17.209689 4.68
17.220581 4.68
17.250689 4.68
17.261564 4.68
17.291690 4.68
17.302566 4.68
17.332690 4.68
17.343565 4.68
17.373816 4.68
17.384566 4.68
17.420067 4.68
17.436070 4.68
17.461581 4.68
17.477583 4.68
17.502692 4.68
17.513567 4.68
17.543817 4.68
17.554692 4.68
17.590072 4.34
17.601069 4.68
17.631345 4.68
17.642069 4.68
17.672693 4.68
17.683568 4.68
17.713693 4.68
17.724568 4.68
17.754693 4.68
17.765568 4.68
17.800943 4.68
17.811694 4.68
17.842346 4.68
17.853070 4.68
17.883587 4.68
17.894462 4.68
17.924694 4.68
17.935570 4.68
17.966071 4.68
17.982074 4.68
18.007587 4.68
18.023588 4.68
18.048571 4.68
18.059336 4.68
18.089570 4.68
18.100345 4.68
18.130571 4.68
18.141338 4.68
18.171697 4.68
18.182571 4.68
18.212696 4.68
18.223572 4.68
18.253697 4.68
18.264572 4.68
18.299947 4.68
18.310822 4.68
18.341073 4.68
18.357073 4.68
18.382590 4.68
18.398590 4.68
18.423698 4.68
18.434573 4.68
18.464698 4.68
18.475574 4.68
18.505699 4.68
18.516466 4.68
18.546698 4.68
18.557574 4.68
18.587699 4.68
18.598574 4.68
18.628699 4.68
18.639575 4.68
18.669700 4.68
18.680575 4.68
18.710700 4.68
18.721575 4.68
18.751701 4.68
18.762576 4.68
18.792701 4.68
18.803576 4.68
18.833700 4.68
18.844577 4.68
18.874701 4.68
18.885469 4.68
18.915702 4.68
18.926576 4.68
18.956702 4.68
18.967577 4.68
18.997702 4.68
19.008577 4.68
19.040453 4.68
19.051203 4.68
19.081578 4.68
19.092343 4.68
19.122578 4.68
19.133344 4.68
19.163578 4.68
19.174344 4.68
19.204579 4.68
19.215347 4.68
19.245579 4.68
19.256347 4.68
19.286579 4.68
19.297347 4.68
19.327580 4.68
19.338347 4.68
19.368580 4.68
19.379348 4.68
19.409580 4.68
19.420348 4.68
19.450580 4.68
19.461348 4.68
19.491581 4.68
19.502348 4.68
19.532581 4.68
19.543346 4.68
19.573582 4.68
19.584348 4.68
19.614582 4.68
19.625348 4.68
19.655582 4.68
19.666347 4.68
19.696582 4.68
19.707347 4.68
19.737582 4.68
19.748350 4.68
19.778583 4.68
19.789348 4.68
19.819583 4.68
19.830351 4.68
19.860584 4.68
19.871348 4.68
19.901584 4.68
19.912351 4.68
19.942585 4.68
19.953352 4.68
19.983584 4.68
19.994350 4.68
20.024584 4.68
20.035350 4.68
20.065585 4.68
20.076351 4.68
20.106585 4.68
20.117353 4.68
20.147585 5.00
20.158350 4.68
20.188586 4.68
20.199354 4.68
20.229586 4.68
20.240353 4.68
20.270586 4.68
20.281354 4.68
20.311712 4.68
20.322587 4.68
20.357837 4.68
20.368587 4.68
20.398962 4.68
20.414837 4.68
20.440364 4.68
20.456366 4.68
20.481588 4.68
20.492353 4.68
20.522713 4.68
20.533588 4.68
20.568963 4.68
20.584963 4.68
20.610367 4.68
20.626368 4.68
20.651589 4.68
20.662355 4.68
20.692589 4.68
20.703357 4.68
20.733590 4.68
20.744358 4.68
20.774715 4.68
20.785590 4.68
20.820965 4.68
20.836840 4.68
20.862368 4.68
20.878369 4.68
20.903716 4.68
20.914591 4.68
20.949966 4.68
20.965841 4.68
20.991231 4.68
21.001966 4.68
21.032608 4.68
21.043359 4.68
21.078967 4.68
21.094842 4.68
21.120371 4.68
21.136359 4.68
21.161718 4.68
21.172593 4.68
21.207968 4.68
21.223968 4.68
21.249236 4.68
21.260094 4.68
21.290594 4.68
21.301360 4.68
21.331719 4.68
21.342594 4.68
21.377969 4.68
21.393844 4.68
21.419371 4.68
21.435235 4.68
21.460595 4.68
21.471362 4.68
21.503346 4.68
21.514235 4.68
21.544720 4.68
21.555595 4.68
21.590970 4.68
21.606846 4.68
21.632376 4.68
21.648722 4.68
21.675348 5.00
21.686250 4.68
21.716615 4.68
21.727364 4.68
21.762972 4.68
21.778847 4.68
21.804490 4.68
21.820612 4.68
21.845614 4.68
21.856364 4.68
21.891972 4.68
21.907973 4.68
21.933491 4.68
21.949366 4.68
21.974614 4.68
21.985366 4.68
22.017350 4.68
22.028100 4.68
22.060350 4.68
22.071251 4.68
22.101617 4.68
22.112364 4.68
22.147975 4.68
22.163850 4.68
22.189379 4.68
22.205379 4.68
22.232351 4.68
22.243254 4.68
22.275352 4.68
22.286120 4.68
22.321850 4.68
22.334352 4.68
22.363117 4.68
22.373976 4.68
22.404619 4.68
22.415368 4.68
22.446132 4.68
22.456977 4.68
22.487382 4.68
22.503257 4.68
22.530382 5.00
22.541256 4.68
22.573371 4.68
22.584119 4.68
22.619853 4.68
22.635853 4.68
22.661134 4.68
22.671978 4.68
22.702621 4.68
22.713496 4.68
22.748854 4.68
22.761385 5.00
22.790132 4.68
22.800979 4.68
22.831624 4.68
22.842373 4.68
22.872855 4.68
22.885231 4.68
22.913980 4.68
22.929855 4.68
22.955385 4.68
22.971383 4.68
23.001856 4.68
23.017856 4.68
23.043107 4.68
23.053981 4.68
23.084384 4.68
23.100248 4.68
23.130981 4.68
23.146982 4.68
23.172383 4.68
23.188387 4.68
23.218732 4.68
23.229625 4.68
23.259857 4.68
23.275733 4.68
23.301109 4.68
23.311983 4.68
23.342387 4.68
23.353109 4.68
23.388858 4.68
23.404984 4.68
23.433263 4.68
23.449250 4.68
23.474624 4.68
23.485377 4.68
23.515860 4.68
23.531985 4.68
23.557141 4.68
23.567985 4.68
23.598627 4.68
23.609502 4.68
23.644985 4.68
23.655736 4.68
23.686390 4.68
23.697266 4.68
23.732986 4.68
23.743736 4.68
23.774391 4.68
23.785266 4.68
23.820862 4.68
23.836987 4.68
23.862114 4.68
23.872987 4.68
23.903504 4.68
23.914254 4.68
23.949987 4.68
23.960862 4.68
23.991392 4.68
24.002114 4.68
24.037863 4.68
24.053863 4.68
24.079114 4.68
24.089989 4.68
24.120268 4.68
24.136115 4.68
24.161632 4.68
24.172381 4.68
24.202864 4.68
24.218739 4.68
24.243990 4.68
24.254740 4.68
24.285394 4.68
24.296116 4.68
24.331741 4.68
24.342632 4.68
24.372866 4.68
24.388740 4.34
24.414117 4.68
24.424990 4.68
24.455270 4.68
24.471257 4.68
24.496634 4.68
24.507385 4.68
24.537867 4.68
24.553992 4.68
24.579118 5.00
24.589992 4.68
24.620396 4.68
24.631118 4.68
24.666868 4.68
24.682868 4.34
24.708119 4.68
24.718993 4.68
24.749395 4.68
24.760119 4.68
24.795869 4.34
24.811869 4.68
24.840272 4.68
24.856399 4.68
24.881637 4.68
24.892385 4.68
24.922869 4.68
24.938870 4.68
24.964121 4.68
24.974995 4.68
25.005397 4.68
25.016121 4.68
25.051995 4.68
25.062745 4.68
25.093399 4.68
25.104272 4.68
25.139746 4.68
25.152265 4.68
25.180871 4.68
25.196746 4.68
25.225276 4.68
25.241274 4.68
25.268248 4.68
25.279123 4.68
25.311248 4.68
25.322123 4.68
25.354248 4.68
25.365124 4.68
25.397249 4.68
25.408124 4.68
25.443874 4.68
25.459998 4.68
25.485124 4.68
25.497749 4.68
25.526516 4.68
25.537515 4.68
25.572999 4.68
25.583749 4.68
25.614518 4.68
25.625264 4.68
25.657126 4.68
25.668000 4.68
25.698404 4.68
25.709277 4.68
25.744751 4.68
25.757127 4.68
25.785876 4.68
25.801876 4.68
25.827155 4.68
25.843280 4.68
25.870128 4.68
25.881001 4.68
25.911517 4.68
25.922270 4.68
25.957876 4.68
25.973877 4.68
26.002282 4.68
26.018519 4.68
26.048878 4.68
26.059628 4.68
26.090157 4.68
26.106282 4.68
26.136879 4.68
26.147628 4.68
26.178129 4.68
26.194129 4.68
26.224879 4.68
26.235754 5.00
26.266130 4.68
26.278630 4.68
26.307407 4.68
26.318130 4.68
26.348630 4.68
26.359397 4.68
26.389755 4.68
26.405755 4.68
26.430880 4.68
26.441630 4.68
26.472006 4.34
26.482881 4.68
26.513408 4.68
26.524132 4.68
26.554631 4.68
26.565397 4.68
26.595757 4.68
26.607649 4.68
26.636882 4.68
26.647632 4.68
26.678007 4.68
26.688757 4.68
26.719411 4.34
26.730284 4.68
26.760633 4.68
26.771400 4.68
26.801758 4.68
26.817883 4.68
26.842883 4.68
26.853634 4.68
26.884136 4.68
26.900135 4.68
26.930884 4.68
26.941634 4.68
26.972135 4.68
26.988135 4.68
27.018885 4.68
27.029634 4.68
27.060135 4.68
27.076288 4.68
27.101288 4.68
27.112010 4.68
27.147886 4.68
27.158635 4.68
27.189137 4.68
27.205136 4.68
27.235886 4.68
27.246636 4.68
27.277137 4.68
27.293291 4.68
27.318415 4.68
27.329137 4.68
27.359762 4.68
27.375887 4.68
27.400887 4.68
27.411637 4.68
27.442166 4.68
27.458139 4.68
27.488888 4.68
27.499638 4.68
27.530013 4.68
27.540763 4.68
27.571417 4.68
27.582139 4.68
27.612639 4.68
27.623406 4.68
27.653639 4.68
27.664405 4.68
27.694764 4.68
27.710765 4.68
27.735889 4.68
27.746765 4.68
27.777140 4.68
27.793140 4.68
27.818419 4.68
27.829295 4.68
27.859766 4.68
27.875641 4.68
27.900891 4.68
27.911641 4.68
27.942141 4.68
27.958141 4.68
27.983533 4.68
27.994284 4.68
28.024767 4.68
28.040767 4.68
28.065892 4.68
28.076642 4.68
28.107143 4.68
28.123143 4.68
28.150146 4.68
28.161017 4.34
28.191408 4.68
28.202143 4.68
28.232768 4.68
28.248768 4.68
28.273893 4.68
28.284644 4.68
28.315144 4.68
28.331144 4.68
28.361770 4.68
28.377769 4.68
28.402894 4.68
28.413644 4.68
28.444300 4.68
28.455145 4.68
28.490770 4.68
28.506770 4.68
28.531895 4.68
28.542771 4.68
28.573289 4.68
28.584146 4.68
28.619771 4.68
28.635771 4.34
28.660896 4.68
28.671771 4.68
28.702147 4.68
28.718147 4.68
28.745032 4.68
28.755897 4.68
28.791664 4.68
28.807664 4.68
28.832897 4.68
28.843773 4.68
28.874299 4.68
28.885028 4.68
28.915773 4.68
28.931773 4.68
28.956898 4.68
28.967773 4.68
28.998304 4.68
29.009031 4.68
29.039540 4.68
29.050303 4.68
29.080649 4.68
29.093034 4.68
29.121775 4.68
29.132542 4.68
29.162900 4.68
29.173650 4.68
29.204303 4.68
29.215032 4.68
29.245776 4.68
29.256543 4.34
29.286901 4.34
29.297651 4.34
29.328178 4.34
29.339032 4.34
29.369669 4.34
29.385651 4.34
29.410902 4.34
29.421777 4.34
29.452034 4.34
29.468035 4.34
29.498668 4.34
29.514669 4.34
29.539902 4.34
29.550778 4.34
29.581308 4.34
29.592181 4.34
29.622653 4.34
29.638779 4.34
29.663778 4.34
29.674653 4.34
29.704904 4.34
29.715779 4.34
29.746305 4.34
29.757032 4.34
29.787655 4.34
29.803780 4.34
29.828780 4.34
29.839655 4.34
29.869905 4.34
29.880655 4.34
29.911182 4.34
29.922033 4.34
29.957780 4.34
29.968656 4.34
29.998905 4.34
30.009656 4.34
30.040311 4.34
30.051034 4.34
30.081657 4.34
30.097781 4.34
30.122656 4.34
30.138782 4.34
30.163657 4.34
30.179782 4.34
30.204657 4.34
30.220782 4.34
30.245658 4.34
30.261783 4.34
30.286783 4.34
30.297550 4.34
30.327908 4.34
30.338783 4.68
30.369310 4.34
30.380188 4.34
30.410658 4.34
30.426784 4.34
30.451784 4.34
30.462552 4.34
30.492909 4.34
30.503659 4.34
30.534315 4.34
30.545038 4.34
30.575660 4.34
30.591785 4.34
30.616660 4.34
30.632785 4.34
30.657801 4.34
30.668670 4.34
30.701090 4.34
30.712047 4.34
30.747916 4.34
30.760560 4.34
30.794789 4.34
30.805665 4.34
30.836194 4.34
30.847040 4.34
30.877663 4.34
30.893788 4.34
30.918663 4.34
30.934788 4.34
30.959662 4.34
30.975788 4.34
31.006301 4.34
31.017208 4.34
31.047922 4.34
31.060564 4.34
31.094794 4.34
31.105668 4.34
31.136200 4.34
31.147046 4.34
31.177666 4.34
31.193791 4.34
31.218790 4.34
31.229557 4.34
31.259915 4.34
31.272557 4.34
31.301192 4.34
31.312041 4.34
31.347790 4.34
31.358558 4.34
31.388915 4.34
31.401317 4.34
31.430201 4.34
31.440915 4.34
31.471667 4.34
31.487667 4.34
31.512667 4.34
31.528807 4.34
