0.000000 0.000000
0.046963 4.34
0.057838 4.34
0.090283 4.02
0.101356 2.34
0.131872 2.66
0.142871 2.34
0.175262 2.34
0.186231 2.34
0.216459 2.34
0.227208 2.34
0.257584 2.66
0.268583 2.66
0.299224 2.34
0.315456 2.34
0.345862 2.34
0.361860 2.34
0.387346 2.34
0.403343 2.34
0.428330 2.34
0.439218 2.34
0.469330 2.34
0.480220 2.34
0.510330 2.34
0.521221 2.34
0.551331 2.34
0.562221 2.34
0.592332 2.66
0.603222 2.34
0.633332 2.34
0.644222 2.34
0.674331 2.66
0.685220 2.34
0.715582 2.34
0.726332 2.34
0.757153 2.34
0.769722 2.34
0.804143 2.34
0.816716 2.66
0.851110 2.66
0.862127 2.34
0.898010 2.34
0.909007 2.34
0.944737 2.34
0.961115 3.67
0.986363 4.02
0.997362 4.02
1.028004 4.02
1.039003 4.34
1.071249 4.34
1.082230 4.34
1.117870 4.34
1.133868 4.02
1.159350 4.34
1.175461 4.34
1.200337 4.34
1.211226 4.02
1.241336 4.02
1.252224 4.02
1.282336 4.02
1.293227 4.02
1.323336 4.02
1.334227 4.02
1.364336 4.02
1.375228 4.02
1.405352 4.34
1.416290 4.02
1.447160 4.34
1.463477 4.34
1.494058 4.34
1.505160 4.34
1.541014 4.34
1.552011 4.34
1.584258 4.34
1.595238 4.34
1.631161 4.34
1.647476 4.34
1.672895 4.34
1.683893 4.34
1.714470 4.34
1.725363 4.34
1.756094 4.34
1.766880 4.34
1.797469 4.34
1.813912 4.34
1.839121 4.34
1.855369 4.34
1.885996 4.34
1.897026 4.34
1.932894 4.34
1.943889 4.34
1.974471 4.34
1.985365 4.34
2.015989 4.34
2.026877 4.34
2.057360 4.34
2.068236 4.34
2.103718 4.34
2.119717 4.34
2.147967 4.34
2.158718 4.34
2.189396 4.34
2.200362 4.34
2.231034 4.68
2.242044 4.34
2.277898 4.68
2.288722 4.68
2.319362 4.68
2.330237 4.68
2.365876 4.34
2.376721 4.68
2.407359 4.68
2.418237 4.68
2.453720 4.34
2.469720 4.68
2.495123 4.68
2.511238 4.68
2.536470 4.34
2.547362 4.68
2.582721 4.34
2.598721 4.68
2.624238 4.68
2.640364 4.68
2.665363 4.68
2.676240 4.34
2.711721 4.68
2.727722 4.34
2.753237 4.34
2.769112 4.34
2.799848 4.34
2.810722 4.68
2.841365 4.68
2.852113 4.68
2.887723 4.68
2.903598 4.68
2.929126 4.68
2.945125 4.68
2.973003 4.34
2.983723 4.68
3.014364 4.68
3.025117 4.68
3.060724 4.68
3.076599 4.68
3.102240 4.34
3.118117 4.68
3.148852 4.68
3.159725 4.34
3.190365 4.34
3.201115 4.68
3.236725 4.68
3.252600 4.34
3.278127 4.68
3.294131 4.68
3.319476 4.68
3.330351 4.68
3.365726 4.68
3.381601 4.68
3.407003 4.68
3.417727 4.68
3.448368 4.34
3.459119 4.68
3.494727 4.34
3.510602 4.68
3.536006 4.68
3.546854 4.68
3.577478 4.68
3.588353 4.68
3.623728 4.34
3.639603 4.68
3.665130 4.34
3.681131 4.68
3.706354 4.34
3.717121 4.34
3.747479 4.34
3.758354 4.68
3.793729 4.68
3.809605 4.34
3.835134 4.34
3.851132 4.68
3.876480 4.68
3.887372 4.68
3.922730 4.34
3.938606 4.34
3.964132 4.34
3.979997 4.34
4.007107 4.34
4.018008 4.68
4.048481 4.68
4.059356 4.68
4.094731 4.34
4.110606 4.34
4.136137 4.34
4.152136 4.68
4.179124 4.34
4.189997 4.68
4.222123 4.68
4.232889 4.68
4.265125 4.68
4.275998 4.68
4.306375 4.68
4.317252 4.34
4.349109 4.34
4.360014 4.68
4.390376 4.34
4.401126 4.68
4.433110 4.68
4.443878 4.68
4.476110 4.68
4.486860 4.34
4.517375 4.34
4.528251 4.68
4.560141 4.68
4.570889 4.34
4.603139 4.68
4.613889 4.68
4.649611 4.68
4.662140 4.34
4.690891 4.68
4.701736 4.68
4.732251 4.68
4.743003 4.34
4.778737 4.68
4.794611 4.34
4.820254 4.68
4.831139 4.68
4.861612 4.68
4.873988 4.68
4.902864 4.68
4.913737 4.68
4.944142 4.68
4.960140 4.68
4.990738 4.68
5.006738 4.68
5.032142 4.68
5.048004 4.34
5.078738 4.34
5.089614 4.68
5.120257 4.34
5.131141 4.68
5.166614 4.68
5.182614 4.68
5.207865 4.68
5.218740 4.68
5.249144 4.68
5.265144 4.68
5.295615 4.68
5.311615 4.68
5.336866 4.68
5.347741 4.68
5.378008 4.68
5.394131 4.34
5.419384 4.34
5.430258 4.34
5.465741 4.68
5.476491 4.68
5.507146 4.68
5.517868 4.68
5.553742 4.68
5.564492 4.68
5.595019 4.68
5.611133 4.68
5.636385 4.68
5.647133 4.68
5.682743 4.68
5.693493 4.68
5.724145 4.68
5.734870 4.68
5.770744 4.68
5.781619 4.34
5.812149 4.68
5.823021 4.68
5.858744 4.68
5.869494 4.68
5.900147 4.34
5.911024 4.68
5.946745 4.68
5.957495 4.68
5.988147 4.68
5.998872 4.68
6.034495 4.68
6.045387 4.68
6.075621 4.68
6.091620 4.68
6.116872 4.68
6.127746 4.68
6.158150 4.68
6.169026 4.68
6.204746 4.68
6.215497 4.68
6.246149 4.68
6.256873 4.68
6.292747 4.68
6.303622 4.34
6.334153 4.68
6.344874 4.68
6.380622 4.34
6.396748 4.34
6.421874 4.34
6.432748 4.68
6.463153 4.34
6.474025 4.34
6.509624 4.68
6.525749 4.68
6.550875 4.34
6.561749 4.34
6.592151 4.68
6.602875 4.68
6.638625 4.68
6.654750 4.34
6.682876 4.34
6.693750 4.68
6.724392 4.68
6.735142 4.68
6.765625 4.34
6.781501 4.34
6.806876 4.34
6.817751 4.68
6.848018 4.68
6.863877 4.68
6.889393 4.68
6.900143 4.68
6.935752 4.68
6.946502 4.68
6.977157 4.68
6.987878 4.68
7.023627 4.34
7.039753 4.68
7.068030 4.68
7.083879 4.68
7.109396 4.68
7.120146 4.34
7.150628 4.68
7.166503 4.68
7.191879 4.68
7.202753 4.68
7.233033 4.34
7.249144 4.68
7.274159 4.34
7.284880 4.68
7.320629 4.68
7.336629 4.34
7.361880 4.68
7.372755 4.68
7.405006 4.68
7.415897 4.68
7.448006 4.68
7.458882 4.68
7.489158 4.68
7.499882 4.68
7.535755 4.68
7.546631 4.34
7.577273 4.68
7.588273 4.34
7.623632 4.34
7.639632 4.68
7.664913 4.68
7.681037 4.68
7.711632 4.68
7.727758 4.68
7.752757 4.68
7.763633 4.34
7.794162 4.34
7.804884 4.68
7.840633 4.68
7.856759 4.68
7.881885 4.34
7.894384 4.34
7.923162 4.34
7.934038 4.34
7.969759 4.34
7.980509 4.34
8.011038 4.68
8.026886 4.34
8.057635 4.34
8.073760 4.34
8.098903 4.34
8.115039 4.68
8.140162 4.68
8.150887 4.34
8.181510 4.68
8.193886 4.34
8.222636 4.68
8.233511 4.34
8.264040 4.34
8.274761 4.34
8.310637 4.34
8.321512 4.68
8.351887 4.68
8.368040 4.34
8.398637 4.34
8.409512 4.34
8.439906 4.68
8.456041 4.68
8.486638 4.68
8.497513 4.68
8.527889 4.34
8.543889 4.34
8.569167 4.68
8.580042 4.68
8.610514 4.34
8.626639 4.68
8.651639 4.68
8.662389 4.68
8.692890 4.68
8.709043 4.34
8.734168 4.68
8.745043 4.68
8.775390 4.34
8.786155 4.34
8.816516 4.34
8.832640 4.68
8.857640 4.34
8.868515 4.34
8.898892 4.34
8.914892 4.68
8.945641 4.68
8.956516 4.34
8.986892 4.34
9.002892 4.68
9.033642 4.68
9.044517 4.68
9.074892 4.68
9.090893 4.68
9.116172 4.68
9.127047 4.68
9.157518 4.68
9.173517 4.68
9.198643 4.68
9.209518 4.34
9.239894 4.68
9.255894 4.68
9.286644 4.34
9.297518 4.68
9.327769 4.34
9.338519 4.68
9.369171 4.68
9.379894 4.68
9.410519 4.68
9.426519 4.68
9.451645 4.68
9.462395 4.68
9.492896 4.68
9.508895 4.68
9.539521 4.68
9.555521 4.68
9.580646 4.68
9.591521 4.68
9.621771 4.68
9.632646 4.68
9.663289 4.68
9.674038 4.68
9.704397 4.68
9.715290 4.68
9.745522 4.68
9.761522 4.68
9.786647 4.68
9.797522 4.34
9.827897 4.34
9.843898 4.34
9.869165 4.34
9.879898 4.68
9.910398 4.34
9.921165 4.34
9.951523 4.34
9.967523 4.34
9.992648 4.34
10.003524 4.34
10.033928 4.34
10.049899 4.34
10.080524 4.34
10.096399 4.34
10.121650 4.34
10.132525 4.68
10.162900 4.68
10.178900 4.34
10.204166 4.34
10.214900 4.68
10.245401 4.34
10.256168 4.34
10.286401 4.34
10.298905 4.34
10.327401 4.34
10.339905 4.34
10.368526 4.34
10.384527 4.34
10.409652 4.34
10.420527 4.34
10.451055 4.34
10.461776 4.34
10.497527 4.34
10.513527 4.34
10.538652 4.68
10.549403 4.68
10.580054 4.34
10.590903 4.34
10.626528 4.34
10.642528 4.34
10.667653 4.34
10.678529 4.68
10.709058 4.34
10.719904 4.68
10.750296 4.68
10.761058 4.68
10.791405 4.68
10.803808 4.68
10.832530 4.68
10.848529 4.68
10.873655 4.34
10.884530 4.68
10.915060 4.68
10.925935 4.34
10.956297 4.68
10.967057 4.34
10.997531 4.68
11.013655 4.68
11.038656 4.34
11.049531 4.68
11.080061 4.68
11.090936 4.68
11.121406 4.68
11.137406 4.68
11.162407 4.34
11.174811 4.34
11.203407 4.34
11.219407 4.34
11.244532 4.34
11.255407 4.68
11.285658 4.68
11.296408 4.68
11.326935 4.68
11.337787 4.34
11.373534 4.68
11.384409 4.68
11.414659 4.68
11.425534 4.68
11.456062 4.68
11.466938 4.68
11.497426 4.68
11.513534 4.34
11.538660 4.34
11.549410 4.68
11.580064 4.34
11.590937 4.68
11.621410 4.34
11.637535 4.68
11.662536 4.68
11.673302 4.68
11.703661 4.34
11.714536 4.68
11.745065 4.68
11.755938 4.68
11.786411 4.68
11.802536 4.68
11.827412 4.68
11.843537 4.34
11.868412 4.34
11.884537 4.68
11.909413 4.68
11.925537 4.68
11.950412 4.68
11.966538 4.68
11.991538 4.68
12.002304 4.68
12.032663 4.68
12.043538 4.68
12.074065 4.68
12.084794 4.68
12.115414 4.68
12.131539 4.68
12.156539 4.68
12.167306 4.68
12.197664 4.34
12.208539 4.68
12.238945 4.68
12.249665 4.68
12.280415 4.34
12.296540 4.68
12.321415 4.34
12.337541 4.68
12.362541 4.34
12.373306 4.68
12.403666 4.68
12.414416 4.68
12.445070 4.34
12.455946 4.34
12.486417 4.68
12.502541 4.68
12.527542 4.68
12.538307 4.68
12.568667 4.68
12.579542 4.68
12.609947 4.34
12.620794 4.68
12.651432 4.68
12.667543 4.68
12.692668 4.68
12.703418 4.68
12.733945 4.68
12.744795 4.68
12.780543 4.68
12.791419 4.34
12.821669 4.34
12.832419 4.68
12.864799 4.34
12.875669 4.68
12.911544 4.34
12.922419 4.68
12.952670 4.68
12.963545 4.34
12.993949 4.34
13.004670 4.34
13.035421 4.68
13.051545 4.68
13.076546 4.68
13.087312 4.68
13.117671 4.34
13.130313 4.68
13.158949 4.68
13.169671 4.68
13.200421 4.68
13.216546 4.34
13.241422 4.68
13.257547 4.68
13.282547 4.68
13.293297 4.34
13.323673 4.34
13.336312 4.34
13.369824 4.34
13.380811 4.34
13.411430 4.34
13.422430 4.34
13.452965 4.34
13.463803 4.34
13.494427 4.34
13.505316 4.34
13.535811 4.34
13.551955 4.34
13.582549 4.34
13.593317 4.34
13.623674 4.34
13.636192 4.34
13.670550 4.34
13.681440 4.34
13.713689 4.34
13.724680 4.34
13.756685 4.34
13.767678 4.34
13.803552 4.34
13.814427 4.34
13.844803 4.34
13.855676 4.34
13.891552 4.34
13.902302 4.02
13.932677 4.34
13.948552 4.34
13.973956 4.34
13.984804 4.34
14.015428 4.34
14.026320 4.34
14.056427 4.34
14.067302 4.34
14.097428 4.34
14.108318 4.34
14.138428 4.34
14.149303 4.34
14.179553 4.34
14.190304 4.34
14.220679 4.34
14.236679 4.34
14.261805 4.34
14.272679 4.34
14.308555 4.34
14.319430 4.34
14.349680 4.34
14.365680 4.34
14.390958 4.34
14.401807 4.34
14.432430 4.34
14.443321 4.34
14.473431 4.34
14.484306 4.34
14.514431 4.34
14.525336 4.34
