0.000000 0.000000
0.042019 4.34
0.058222 4.34
0.088604 4.34
0.104832 4.34
0.130332 2.66
0.141345 2.66
0.172111 2.66
0.188348 2.66
0.213742 2.66
0.224579 2.66
0.254949 2.66
0.270822 2.66
0.295947 2.66
0.311821 2.66
0.336945 2.66
0.352820 2.66
0.377945 2.66
0.393819 2.66
0.418944 2.66
0.434819 2.66
0.459945 2.66
0.475819 2.66
0.500945 2.66
0.516820 2.66
0.541944 2.66
0.557820 2.66
0.582945 2.66
0.598821 2.66
0.623945 2.66
0.639820 2.66
0.664946 2.66
0.680820 2.66
0.705946 2.66
0.721821 2.66
0.746946 2.66
0.762821 2.66
0.793892 2.66
0.806463 2.66
0.840740 2.66
0.851741 2.66
0.884033 2.66
0.895109 2.66
0.925753 2.34
0.936749 2.66
0.972770 2.66
0.983851 4.02
1.014336 4.34
1.025208 4.34
1.055976 4.34
1.072206 4.34
1.102739 4.34
1.113625 4.34
1.144203 4.34
1.155094 4.34
1.185605 4.34
1.201606 4.34
1.227089 4.02
1.243092 4.34
1.268091 4.34
1.278968 4.34
1.314451 4.34
1.330451 4.02
1.355968 4.34
1.371967 4.34
1.397094 4.34
1.407968 4.34
1.438242 4.34
1.449235 4.34
1.479843 4.34
1.492468 4.34
1.526754 4.34
1.537756 4.34
1.569962 4.34
1.580982 4.34
1.611459 4.34
1.627458 4.34
1.652974 4.34
1.669098 4.34
1.694207 4.34
1.705081 4.34
1.736956 4.34
1.747859 4.34
1.778205 4.34
1.789096 4.34
1.820956 4.34
1.831734 4.34
1.862098 4.34
1.872848 4.34
1.908456 4.34
1.924456 4.34
1.949735 4.34
1.960582 4.68
1.991207 4.34
2.002099 4.34
2.037332 4.34
2.048083 4.34
2.078457 4.34
2.090833 4.34
2.119736 4.34
2.130457 4.34
2.161098 4.34
2.171976 4.34
2.207458 4.34
2.223458 4.34
2.248975 4.34
2.264974 4.34
2.295459 4.34
2.311585 4.34
2.336737 4.34
2.347459 4.34
2.378102 4.34
2.388853 4.34
2.424460 4.34
2.440460 4.34
2.465977 4.34
2.482102 4.34
2.512461 4.34
2.528336 4.34
2.553864 4.34
2.569866 4.34
2.595103 4.34
2.605854 4.34
2.641462 4.34
2.657462 4.34
2.682864 4.34
2.698867 4.34
2.724212 4.34
2.735102 4.34
2.770462 4.34
2.786337 4.34
2.811867 4.34
2.828105 4.34
2.853213 4.34
2.864105 4.34
2.899464 4.34
2.915339 4.34
2.940982 4.34
2.956857 4.34
2.987464 4.34
3.003590 4.34
3.028743 4.34
3.039464 4.34
3.070106 4.34
3.080858 4.34
3.116465 4.34
3.132341 4.34
3.157744 4.34
3.168607 4.34
3.199108 4.68
3.209857 4.34
3.245466 4.34
3.261341 4.34
3.286745 4.34
3.297592 4.34
3.328109 4.34
3.338857 4.34
3.374342 4.34
3.385217 4.34
3.415468 4.34
3.431342 4.34
3.456747 4.34
3.467468 4.34
3.498108 4.34
3.508859 4.34
3.544468 4.34
3.560469 4.34
3.585871 4.34
3.601872 4.34
3.627112 4.34
3.637861 4.34
3.668095 4.34
3.678862 4.34
3.709095 4.34
3.719862 4.34
3.750095 4.34
3.760862 4.34
3.791095 4.34
3.801862 4.34
3.832096 4.34
3.842864 4.34
3.873096 4.34
3.883864 4.34
3.914096 4.34
3.924864 4.34
3.955097 4.34
3.965865 4.34
3.996097 4.34
4.006865 4.68
4.037097 4.68
4.047865 4.34
4.078098 4.34
4.088865 4.34
4.119098 4.34
4.129866 4.34
4.160098 4.34
4.170866 4.68
4.202849 4.34
4.213723 4.34
4.244118 4.34
4.254865 4.34
4.285099 4.34
4.295865 4.34
4.327850 4.34
4.338600 4.34
4.369117 4.34
4.379865 4.34
4.410100 4.34
4.420867 4.34
4.452868 4.34
4.463725 4.34
4.495852 4.34
4.506601 4.34
4.538852 4.34
4.549726 4.34
4.581868 4.34
4.592621 4.34
4.624871 4.34
4.635726 4.34
4.667870 4.34
4.678619 4.34
4.710871 4.34
4.721727 4.34
4.753869 4.34
4.764619 4.34
4.796869 4.34
4.807621 4.34
4.839759 4.34
4.850635 4.34
4.882748 4.34
4.893622 4.34
4.925759 4.34
4.936635 4.34
4.968760 4.34
4.979634 4.34
5.011758 4.34
5.022479 4.34
5.053120 4.34
5.063996 4.34
5.099355 4.34
5.111760 4.34
5.140636 4.34
5.151481 4.34
5.182123 4.34
5.192872 4.34
5.228356 4.34
5.240732 4.34
5.269624 4.34
5.280482 4.34
5.310874 4.34
5.321608 4.34
5.357357 4.34
5.373232 4.34
5.401626 4.34
5.412483 4.34
5.443127 4.34
5.454000 4.34
5.484358 4.34
5.500233 4.34
5.525639 4.34
5.536483 4.34
5.567127 4.34
5.577999 4.34
5.613484 4.34
5.624359 4.34
5.655001 4.34
5.665734 4.34
5.701485 4.34
5.712360 4.34
5.743002 4.34
5.753735 4.34
5.789360 4.34
5.805361 4.34
5.830629 4.34
5.841486 4.34
5.872129 4.34
5.882877 4.34
5.913361 4.34
5.929236 4.34
5.954612 4.34
5.965486 4.34
5.995890 4.34
6.006752 4.34
6.042362 4.34
6.058487 4.34
6.083613 4.34
6.094488 4.34
6.125130 4.34
6.135881 4.34
6.166363 4.34
6.182238 4.34
6.207631 4.34
6.218488 4.34
6.249132 4.34
6.259881 4.34
6.290364 4.34
6.306489 4.34
6.331489 4.34
6.342364 4.34
6.372894 4.34
6.383758 4.34
6.419490 4.34
6.430365 4.34
6.460893 4.34
6.471617 4.34
6.507491 4.34
6.518366 4.34
6.548893 4.34
6.559618 4.34
6.595491 4.34
6.606367 4.34
6.636896 4.34
6.647772 4.34
6.683492 4.34
6.694242 4.34
6.724898 4.34
6.735757 4.34
6.771493 4.34
6.782243 4.34
6.812896 4.34
6.823770 4.34
6.859493 4.34
6.870368 4.34
6.900898 4.34
6.911775 4.34
6.947494 4.34
6.958244 4.34
6.988494 4.34
6.999244 4.34
7.029774 4.34
7.045762 4.34
7.071138 4.34
7.081888 4.34
7.117495 4.34
7.128246 4.34
7.158900 4.34
7.169761 4.34
7.205371 4.34
7.221371 4.34
7.249776 4.34
7.265623 4.34
7.291141 4.34
7.301889 4.34
7.332372 4.34
7.348247 4.34
7.373623 4.34
7.386247 4.34
7.416749 4.34
7.427624 4.34
7.459749 4.34
7.470642 4.34
7.502749 4.34
7.513624 4.34
7.545780 4.34
7.556654 4.34
7.592499 4.34
7.603499 4.34
7.634016 4.34
7.644904 4.34
7.675374 4.34
7.691249 4.34
7.716626 4.34
7.729140 4.34
7.757903 4.34
7.768627 4.34
7.799250 4.34
7.811627 4.34
7.840375 4.34
7.856376 4.34
7.881644 4.34
7.897782 4.34
7.924628 4.34
7.935501 4.34
7.971377 4.34
7.987252 4.34
8.012658 4.34
8.028779 4.34
8.059377 4.34
8.070128 4.34
8.100659 4.34
8.116783 4.34
8.147378 4.34
8.158128 4.34
8.188646 4.34
8.204782 4.34
8.235379 4.34
8.246254 4.34
8.276630 4.34
8.292630 4.34
8.323380 4.34
8.334129 4.34
8.364630 4.34
8.385895 4.34
8.396631 4.34
8.427130 4.34
8.437898 4.34
8.468131 4.34
8.479024 4.34
8.509255 4.34
8.525381 4.34
8.550381 4.34
8.561256 4.34
8.591633 4.34
8.607785 4.34
8.632912 4.34
8.643785 4.34
8.674257 4.34
8.690382 4.34
8.715382 4.34
8.726133 4.34
8.756507 4.68
8.767382 4.34
8.797911 4.34
8.808788 4.34
8.839133 4.68
8.850025 4.34
8.880134 4.34
8.891024 4.34
8.921259 4.34
8.937260 4.34
8.962384 4.34
8.973134 4.34
9.003635 4.34
9.019789 4.34
9.044902 4.34
9.055636 4.34
9.086136 4.34
9.096905 4.34
9.127261 4.34
9.143386 4.34
9.168386 4.34
9.179136 4.34
9.209637 4.34
9.225790 4.34
9.256386 4.34
9.267262 4.34
9.297638 4.34
9.313638 4.34
9.344387 4.34
9.355137 4.34
9.385638 4.34
9.401790 4.34
9.426916 4.34
9.437797 4.34
9.468263 4.34
9.484263 4.34
9.509389 4.34
9.520263 4.34
9.550640 4.68
9.566793 4.34
9.591917 4.34
9.602792 4.34
9.633265 4.34
9.649264 4.34
9.674390 4.34
9.685265 4.34
9.715641 4.34
9.731794 4.34
9.756919 4.34
9.767794 4.34
9.798266 4.34
9.814391 4.34
9.839391 4.34
9.850141 4.34
9.880516 4.34
9.891391 4.34
9.923646 4.68
9.934516 4.34
9.970392 4.34
9.981142 4.34
10.011642 4.68
10.027797 4.34
10.058393 4.34
10.069268 4.34
10.099644 4.34
10.115798 4.34
10.142648 4.34
10.153518 4.34
10.185674 4.34
10.196518 4.34
10.226798 4.34
10.237644 4.34
10.273394 4.34
10.284145 4.34
10.314519 4.34
10.327145 4.34
10.355798 4.34
10.366520 4.34
10.402395 4.34
10.413145 4.34
10.443674 4.34
10.459674 4.34
10.490396 4.34
10.501146 4.34
10.531521 4.34
10.543912 4.34
10.574541 4.34
10.585396 4.34
10.621396 4.34
10.632147 4.34
10.662666 4.34
10.678803 4.34
10.709398 4.34
10.720272 4.34
10.750649 4.34
10.766802 4.34
10.797165 4.34
10.809527 4.34
10.838399 4.34
10.849273 4.34
10.879665 4.34
10.895804 4.34
10.921167 4.34
10.933558 4.34
10.962274 4.34
10.973164 4.34
11.003399 4.34
11.014274 4.34
11.044679 4.34
11.055525 4.34
11.091276 4.34
11.102151 4.34
11.132401 4.34
11.143276 4.34
11.176804 4.34
11.187526 4.34
11.218168 4.34
11.234276 4.34
11.259402 4.34
11.270277 4.34
11.300652 4.34
11.311527 4.34
11.347170 4.34
11.363169 4.34
11.388402 4.34
11.399153 4.34
11.429684 4.34
11.440528 4.34
11.471171 4.34
11.487171 4.34
11.512403 4.34
11.523154 4.34
11.553528 4.34
11.569529 4.34
11.600279 4.34
11.611169 4.34
11.641405 4.34
11.652279 4.34
11.682656 4.34
11.693530 4.34
11.723807 4.34
11.734530 4.34
11.765172 4.34
11.781170 4.34
11.806406 4.34
11.817156 4.34
11.847531 4.34
11.863657 4.34
11.894173 4.34
11.910174 4.34
11.935406 4.34
11.946282 4.34
11.976658 4.34
11.987532 4.34
12.023174 4.34
12.039174 4.34
12.064408 4.34
12.075158 4.34
12.105659 4.34
12.116533 4.34
12.146814 4.34
12.157533 4.34
12.188176 4.34
12.204175 4.34
12.229409 4.34
12.240159 4.34
12.270688 4.34
12.281409 4.34
12.312174 4.34
12.328176 4.34
12.353410 4.34
12.364160 4.34
12.394661 4.34
12.405410 4.34
12.441410 4.34
12.452161 4.34
12.482661 4.34
12.493410 4.34
12.529176 4.34
12.545286 4.34
12.570411 4.34
12.581286 4.34
12.611816 4.34
12.622662 4.34
12.653056 4.34
12.663803 4.34
12.694162 4.34
12.710288 4.34
12.735288 4.34
12.746054 4.34
12.776413 4.34
12.787163 4.34
12.817664 4.34
12.828413 4.34
12.864179 4.34
12.880164 4.34
12.905414 4.34
12.917931 4.34
12.946539 4.34
12.962539 4.34
12.993182 4.34
13.009182 4.34
13.034415 4.34
13.046932 4.34
13.077552 4.34
13.088415 4.34
13.124183 4.34
13.140166 4.34
13.165291 4.34
13.176058 4.34
13.206416 4.34
13.217291 4.34
13.247667 4.34
13.258416 4.34
13.294185 4.34
13.310185 4.34
13.335417 4.34
13.347821 4.34
13.376668 4.34
13.387417 4.34
13.423184 4.34
13.439184 4.34
13.464418 4.34
13.476823 4.34
13.507434 4.34
13.518168 4.34
13.554184 4.34
13.570184 4.34
13.595419 4.34
13.607824 4.34
13.636670 4.34
13.647419 4.34
13.683186 4.34
13.699170 4.34
13.724420 4.34
13.740420 4.34
13.771072 4.34
13.787062 4.34
13.812172 4.34
13.822936 4.34
13.853171 4.34
13.863938 4.34
13.894172 4.34
13.904939 4.34
13.935172 4.34
13.945940 4.34
13.976172 4.34
13.986940 4.34
14.017172 4.34
14.027940 4.34
14.058298 4.34
14.069173 4.34
14.099423 4.34
14.115423 4.34
14.140702 4.34
14.151551 4.34
14.182064 4.34
14.198066 4.34
14.223299 4.34
14.234065 4.34
14.264424 4.34
14.280424 4.34
14.305704 4.34
14.316552 4.34
14.347069 4.34
14.363067 4.34
14.388175 4.34
14.399065 4.34
14.429301 4.34
14.440176 4.34
14.470426 4.34
14.486426 4.34
14.511702 4.34
14.522555 4.34
14.553191 4.34
14.564069 4.34
14.594427 4.34
14.610426 4.34
14.635706 4.34
14.646556 4.34
14.677068 4.34
14.692945 4.34
14.718303 4.34
14.729178 4.34
14.759428 4.34
14.775303 4.34
14.806071 4.34
14.822303 4.34
14.847303 4.34
14.858071 4.34
14.888429 4.34
14.904429 4.34
14.929707 4.34
14.940560 4.34
14.971194 4.34
14.982072 4.34
15.012430 4.34
15.028430 4.34
15.053559 4.34
15.064430 4.34
15.100305 4.34
15.111180 4.34
15.141431 4.34
15.157430 4.34
15.182711 4.34
15.193559 4.34
15.224181 4.34
15.235075 4.34
15.265307 4.34
15.276182 4.34
15.306432 4.34
15.322432 4.34
15.353075 4.34
15.369073 4.34
15.394183 4.34
15.405074 4.34
15.435308 4.34
15.446183 4.34
15.476433 4.34
15.492433 4.34
15.517713 4.34
15.528560 4.34
15.559184 4.34
15.570078 4.34
15.600184 4.34
15.611077 4.34
15.641309 4.34
15.652060 4.34
15.682435 4.34
15.698435 4.34
15.732077 4.34
15.748077 4.34
15.773310 4.34
15.785840 4.34
15.814435 4.34
15.830436 4.34
15.857446 4.34
15.868311 4.34
15.898714 4.34
15.909563 4.34
15.940187 4.34
15.951078 4.34
15.981187 4.34
15.992080 4.34
16.022188 4.34
16.033080 4.34
16.063313 4.34
16.074188 4.34
16.104438 4.34
16.120438 4.34
16.151080 4.34
16.167080 4.34
16.192314 4.34
16.204719 4.34
16.233439 4.34
16.249439 4.34
16.276319 4.34
16.287190 4.34
16.317440 4.34
16.333440 4.34
16.360320 4.34
16.371190 4.34
16.401440 4.34
16.417440 4.34
16.447843 4.34
16.458572 4.34
16.489083 4.34
16.505191 4.34
16.530192 4.34
16.540957 4.34
16.571192 4.34
16.582084 4.34
16.612192 4.34
16.623067 4.34
16.653317 4.34
16.665722 4.34
16.694442 4.34
16.705317 4.34
16.740846 4.34
16.756835 4.34
16.782085 4.34
16.792837 4.34
16.823319 4.34
16.839318 4.34
16.864608 4.34
16.875444 4.34
16.906084 4.34
16.916837 4.34
16.947194 4.34
16.958086 4.34
16.988320 4.34
17.004195 4.34
17.029445 4.34
17.040320 4.34
17.075849 4.34
17.091836 4.34
17.117086 4.34
17.127839 4.34
17.158071 4.34
17.168847 4.34
17.199071 4.34
17.209837 4.34
17.240072 4.34
17.250839 4.34
17.281197 4.34
17.292072 4.34
17.322322 4.34
17.338322 4.34
17.363447 4.34
17.374198 4.34
17.409851 4.34
17.420574 4.34
17.451198 4.34
17.462089 4.34
17.492198 4.34
17.503074 4.34
17.533199 4.34
17.544090 4.34
17.574324 4.34
17.590199 4.34
17.615449 4.34
17.626324 4.34
17.662090 4.34
17.672843 4.34
17.703200 4.34
17.714075 4.34
17.744200 4.68
17.755075 4.34
17.785200 4.34
17.796076 4.34
17.826201 4.34
17.837076 4.34
17.867201 4.34
17.878076 4.34
17.908326 4.34
17.924202 4.34
17.949452 4.34
17.960202 4.34
17.995856 4.34
18.006578 4.34
18.037096 4.34
18.047846 4.34
18.078328 4.34
18.094203 4.34
18.119453 4.34
18.130203 4.34
18.165856 4.34
18.176580 4.34
18.207204 4.34
18.218095 4.34
18.248204 4.34
18.259080 4.34
18.289204 4.34
18.300097 4.34
18.330205 4.34
18.341080 4.34
18.371205 4.34
18.382080 4.34
18.412206 4.34
18.423081 4.34
18.453206 4.34
18.464081 4.34
18.494331 4.34
18.510206 4.34
18.535456 4.34
18.546207 4.34
18.576861 4.34
18.592859 4.34
18.618097 4.34
18.628849 4.34
18.659207 4.34
18.671736 4.34
18.700208 4.34
18.712737 4.34
18.741208 4.34
18.752083 4.34
18.782208 4.34
18.794739 4.34
18.823209 4.34
18.835739 4.34
18.864209 4.34
18.876738 4.34
18.905209 4.34
18.917586 4.34
18.946335 4.34
18.962334 4.34
18.987460 4.34
18.998335 4.34
19.033977 4.34
19.044864 4.34
19.075210 4.34
19.087586 4.34
19.116211 4.34
19.128586 4.34
19.157211 4.34
19.169587 4.34
19.198336 4.34
19.214211 4.34
19.239462 4.34
19.250211 4.34
19.285855 4.34
19.298221 4.34
19.327212 4.34
19.339588 4.34
19.368338 4.34
19.384213 4.34
19.409463 4.34
19.420213 4.34
19.450979 4.34
19.461744 4.34
19.492214 4.34
19.508214 4.34
19.533214 4.34
19.549214 4.34
19.574214 4.34
19.586590 4.34
19.615214 4.34
19.631215 4.34
19.656214 4.34
19.672090 4.34
19.697215 4.34
19.709591 4.34
19.738340 4.34
19.749215 4.34
19.784731 4.34
19.800743 4.34
19.826216 4.34
19.842091 4.34
19.867216 4.34
19.883091 4.34
19.908341 4.34
19.919217 4.34
19.954717 4.34
19.965467 4.34
19.995869 4.34
20.011717 4.34
20.037093 4.34
20.047860 4.34
20.078093 4.34
20.088860 4.34
20.119093 4.34
20.129861 4.34
20.160094 4.34
20.170861 4.34
20.201094 4.34
20.211860 4.34
20.242094 4.68
20.252859 4.34
20.283095 4.34
20.293860 4.34
20.324094 4.34
20.334862 4.34
20.365095 4.34
20.375862 4.34
20.408260 4.34
20.419233 4.34
20.454992 4.34
20.465848 4.34
20.496473 4.34
20.507347 4.34
20.537990 4.34
20.548877 4.34
20.579347 4.34
20.595222 4.34
20.620471 4.34
20.631222 4.34
20.666864 4.34
20.682723 4.34
20.708098 4.34
20.718864 4.34
20.749098 4.34
20.759866 4.34
20.790363 4.34
20.801360 4.34
20.832010 4.34
20.843021 4.68
20.875230 4.68
20.886118 4.68
20.921852 4.68
20.937726 4.68
20.963116 4.68
20.975602 4.68
21.004350 4.68
21.015100 4.68
21.050725 4.68
21.061475 4.68
21.092118 4.68
21.104602 4.68
21.133241 4.68
21.149502 4.68
21.174891 4.68
21.185859 4.68
21.216484 5.00
21.227482 5.00
21.258123 4.68
21.270607 4.68
21.301231 4.68
21.312120 4.68
21.342479 4.68
21.353229 5.00
21.383882 5.00
21.399728 5.00
21.425103 5.00
21.437634 5.00
21.471857 5.00
21.487999 5.00
21.513230 5.00
21.529230 5.00
21.554355 5.00
21.565105 5.00
21.600730 5.00
21.613260 5.00
21.642123 5.00
21.654636 5.00
21.683230 5.00
21.699105 5.00
21.724231 5.00
21.740106 5.00
21.765231 5.00
21.781370 5.00
21.806880 5.00
21.817735 5.00
21.848485 5.00
21.859485 5.00
21.890002 5.00
21.901002 5.00
21.931233 5.00
21.947107 5.00
21.972232 5.00
21.982998 5.00
22.013232 5.00
22.024108 5.00
22.054233 5.00
22.065108 5.00
22.095358 5.00
22.106248 5.00
22.137028 5.00
22.147904 5.00
22.183613 5.00
22.196112 5.00
22.225128 5.00
22.241124 5.00
22.266360 5.00
22.277110 5.00
22.312751 5.00
22.328611 5.00
22.354110 5.00
22.366485 5.00
22.395110 5.00
22.407486 5.00
22.436235 5.00
22.457909 5.00
22.468760 5.00
22.499490 5.00
22.510365 5.00
22.541006 5.00
22.552007 5.00
22.582363 5.00
22.593112 5.00
22.628754 5.00
22.644753 5.00
22.670130 5.00
22.686127 5.00
22.711238 5.00
22.727113 5.00
22.752363 5.00
22.763113 5.00
22.794024 5.00
22.806648 5.00
22.840892 5.00
22.851890 5.00
22.882493 5.00
22.893368 5.00
22.923898 5.00
22.934776 5.00
22.965241 5.00
22.981241 5.00
23.006366 5.00
23.017115 5.00
23.052757 5.00
23.068645 5.00
23.094377 5.00
23.105375 5.00
23.140787 5.00
23.156890 5.00
23.182137 5.00
23.198134 5.00
23.223369 5.00
23.234244 5.00
23.264761 5.00
23.280762 5.00
23.306134 5.00
23.322132 5.00
23.347118 5.00
23.363243 5.00
23.388244 5.00
23.404243 5.00
23.429368 5.00
23.440249 5.00
23.470890 5.00
23.481622 5.00
23.512372 5.00
23.523371 5.00
23.553779 5.00
23.569639 5.00
23.595245 5.00
23.611245 5.00
23.636370 5.00
23.647120 5.00
23.682774 5.00
23.698761 5.00
23.724245 5.00
23.740246 5.00
23.765371 5.00
23.776246 5.00
23.806895 5.00
23.817904 5.00
23.850131 5.00
23.861148 5.00
23.891629 5.00
23.907787 5.00
23.933250 5.00
23.949249 5.35
23.979779 5.35
23.995766 5.35
24.021139 5.00
24.037138 5.35
24.062123 5.35
24.078123 5.00
24.108891 5.35
24.119624 5.00
24.155799 5.00
24.166799 5.35
24.197379 5.35
24.208254 5.00
24.238912 5.35
24.249769 5.00
24.280377 5.00
24.291251 5.35
24.321782 5.35
24.332627 5.35
24.363250 5.00
24.374125 5.00
24.406126 5.00
24.416896 5.00
24.447777 5.00
24.458810 5.00
24.489385 5.00
24.500385 5.00
24.531022 5.00
24.543381 5.00
24.577660 5.00
24.593660 5.00
24.619142 5.00
24.635143 5.00
24.665503 5.00
24.678031 5.00
24.706778 5.00
24.722654 5.00
24.748260 5.00
24.759134 5.00
24.789822 5.00
24.800808 5.00
24.831385 5.00
24.842262 5.00
24.872917 5.00
24.883908 5.00
24.914257 5.00
24.925131 5.00
24.960632 5.00
24.976631 5.00
25.002148 5.00
25.018147 5.00
25.043131 5.00
25.053898 5.00
25.089800 5.00
25.100916 5.00
25.131383 5.00
25.142261 5.00
25.173028 5.00
25.189259 5.00
25.219508 5.00
25.230383 5.00
25.260913 5.00
25.271787 5.00
25.302132 5.00
25.312899 5.00
25.343257 5.00
25.354133 5.00
25.389508 5.00
25.400258 5.00
25.431038 5.00
25.447273 5.00
25.477801 5.00
25.488656 5.00
25.519262 5.00
25.530136 5.00
25.565637 5.00
25.581636 5.00
25.606915 5.00
25.617636 5.00
25.648135 5.00
25.658903 5.00
25.689260 5.00
25.700135 5.00
25.735510 5.00
25.746385 5.00
25.777036 5.00
25.793274 5.00
25.818647 5.00
25.834915 5.00
25.860268 5.00
25.871143 5.00
25.901907 5.00
25.912781 5.00
25.943265 5.00
25.954139 5.00
25.989639 4.68
26.005639 5.00
26.031164 5.00
26.047156 5.00
26.077639 4.68
26.093912 4.68
26.119159 4.68
26.137028 4.68
26.160822 4.68
26.171821 5.00
26.204022 5.00
26.215039 5.00
26.250804 5.00
26.261677 5.00
26.292159 5.00
26.308159 5.00
26.338516 5.00
26.349391 5.00
26.379921 5.00
26.392515 5.00
26.421266 5.00
26.432141 5.00
26.467516 5.00
26.483516 5.00
26.508921 5.00
26.521516 5.00
26.550266 5.00
26.561141 5.00
26.596516 5.00
26.612517 5.00
26.638035 5.00
26.654157 5.00
26.684518 5.00
26.695267 5.00
26.725921 5.00
26.738518 5.00
26.767144 4.68
26.777909 5.00
26.808144 5.00
26.818911 5.00
26.849269 5.00
26.860144 5.35
26.895519 5.00
26.911519 5.00
26.937035 5.00
26.953037 5.00
26.978162 5.00
26.989037 5.00
27.024520 5.00
27.035270 5.00
27.066036 5.00
27.081912 5.00
27.107271 5.00
27.118146 5.00
27.153521 5.00
27.166023 5.00
27.194927 5.00
27.207522 5.00
27.236147 5.00
27.246912 5.00
27.277273 5.00
27.288147 5.00
27.323523 5.00
27.336024 5.00
27.364927 5.00
27.382028 4.68
27.406273 4.68
27.417148 5.00
27.452523 5.00
27.464900 5.00
27.493801 5.00
27.504650 5.00
27.535274 5.00
27.546149 5.00
27.581524 5.00
27.597400 5.00
27.622805 5.00
27.633651 5.00
27.664168 5.00
27.674917 5.00
27.710525 5.00
27.726400 5.00
27.751930 5.00
27.767931 5.00
27.793276 5.00
27.804151 5.00
27.839526 5.00
27.855527 5.00
27.880936 5.00
27.896932 5.00
27.922277 5.00
27.933152 5.00
27.968527 5.00
27.984402 5.00
28.009932 4.68
28.025929 4.68
28.051153 5.00
28.061920 5.00
28.092278 5.00
28.103153 5.00
28.138528 5.00
28.154528 5.00
28.179933 5.00
28.195808 5.00
28.221154 5.00
28.231921 5.00
28.262154 5.00
28.272922 5.00
28.303280 5.00
28.314155 5.00
28.349530 5.00
28.365405 5.00
28.390935 5.00
28.406935 5.00
28.432156 5.00
28.442923 5.00
28.473156 5.00
28.483923 5.00
28.514281 5.00
28.525157 5.00
28.560531 5.00
28.576407 5.00
28.601934 5.00
28.617810 5.00
28.643157 4.68
28.653923 4.68
28.684283 5.00
28.695158 5.00
28.730533 5.00
28.746533 5.00
28.771938 5.00
28.787812 5.00
28.813284 5.00
28.824159 5.00
28.859534 5.00
28.875534 5.00
28.900938 5.00
28.916940 5.00
28.942285 5.00
28.953049 5.00
28.988535 5.00
29.012940 5.00
29.028939 5.00
29.054286 5.00
29.065051 5.00
29.100536 5.00
29.124941 5.00
29.140941 5.00
29.167912 5.00
29.178662 5.00
29.209055 5.00
29.219802 5.00
29.251913 5.00
29.262662 4.68
29.293054 4.68
29.303803 5.00
29.335914 5.00
29.346663 5.00
29.377053 5.00
29.387806 5.00
29.419914 5.00
29.430664 5.00
29.461055 5.00
29.471806 5.00
29.503915 5.00
29.514665 5.00
29.545056 5.00
29.555806 5.00
29.587916 5.00
29.598818 5.00
29.629055 5.00
29.639807 5.00
29.671916 5.00
29.682665 5.00
29.713056 5.00
29.723808 5.00
29.755916 5.00
29.766666 5.00
29.797056 5.00
29.807809 5.00
29.839917 5.00
29.850666 5.00
29.881057 5.00
29.891809 4.68
29.927542 4.68
29.943417 5.00
29.968945 5.00
29.984820 5.00
30.015551 5.00
30.031418 5.00
30.056945 5.00
30.072820 5.00
30.103418 5.35
30.119418 5.00
30.144669 5.00
30.155419 5.00
30.185935 5.00
30.201934 5.00
30.227060 5.00
30.237824 5.00
30.273552 5.00
30.289419 5.00
30.314950 5.00
30.344553 5.00
30.360552 5.00
30.385950 5.00
30.401825 5.00
30.432554 5.00
30.448421 5.00
30.473938 5.00
30.489826 5.00
30.520554 4.68
30.536555 4.68
30.561952 5.00
30.577824 5.00
30.608555 5.00
30.624422 5.00
30.649939 5.00
30.665940 5.00
30.696557 5.00
30.720952 5.00
30.731703 5.00
30.767551 5.00
30.778423 5.00
30.809067 5.00
30.819826 5.00
30.855424 5.00
30.871424 5.00
30.896829 5.00
30.913068 5.00
30.938175 5.00
30.949066 5.00
30.984553 5.00
30.995425 5.00
31.026067 5.00
31.036830 5.00
31.072555 5.00
31.083426 5.00
31.114068 5.00
31.124830 5.00
31.160426 4.68
31.176556 4.68
31.201707 5.00
31.212556 5.00
31.243068 5.00
31.253832 5.00
31.289427 5.00
31.305556 5.00
31.330832 5.00
31.347071 5.00
31.372178 5.00
31.383068 5.00
31.418428 5.00
31.434559 5.00
31.459710 5.00
31.470560 5.00
31.501179 5.00
31.512069 5.00
31.547561 5.00
31.558429 5.00
31.589071 5.00
31.599835 5.00
31.635430 5.00
31.651561 5.00
31.676710 5.00
31.687560 5.00
31.718180 5.00
31.729074 5.00
31.764560 4.68
31.775431 4.68
31.806074 4.68
31.816836 5.00
31.852560 5.00
31.863432 5.00
31.894072 5.00
31.904837 5.00
31.940432 5.00
31.956432 5.00
31.981836 5.00
31.997837 5.00
32.024840 5.00
32.035714 5.00
32.066183 5.00
32.077074 5.00
32.112560 5.00
32.123434 5.00
32.154075 5.00
32.164836 5.00
32.196841 5.00
32.207714 5.00
32.238185 5.00
32.249077 5.00
32.284561 5.00
32.295435 5.00
32.326077 5.00
32.336837 5.00
32.372563 5.00
32.383435 4.68
32.414079 4.68
32.424840 4.68
32.456813 5.00
32.467563 5.00
32.499813 5.00
32.510717 5.00
32.542813 5.00
32.553714 5.00
32.585813 5.00
32.596716 5.00
32.628814 5.00
32.639564 5.00
32.671814 5.35
32.682717 5.00
32.714815 5.00
32.725564 5.00
32.761438 5.00
32.777565 5.00
32.802716 5.00
32.815189 5.00
32.845832 5.35
32.856717 5.35
32.888816 5.00
32.899566 5.00
32.935439 5.00
32.951440 5.00
32.976717 5.00
32.989315 5.00
33.018083 5.00
33.028833 4.68
33.064316 5.00
33.080316 5.00
33.105567 5.00
33.116441 5.00
33.147084 5.00
33.157835 5.00
33.193567 5.00
33.204442 5.00
33.234845 5.00
33.250847 5.00
33.281442 5.00
33.297442 5.00
33.322722 5.00
33.338720 5.00
33.369318 5.00
33.385318 5.00
33.410443 5.00
33.426443 5.00
33.451570 5.00
33.462443 5.00
33.493086 5.00
33.503837 5.00
33.534319 5.00
33.550444 5.00
33.575445 5.00
33.591445 5.00
33.616746 5.00
33.632723 5.00
33.663445 4.68
33.674320 4.68
33.704849 5.00
33.715571 5.00
33.751321 5.00
33.767446 5.00
33.792446 5.00
33.803196 5.00
33.833726 5.00
33.849852 5.00
33.880446 5.00
33.891323 5.00
33.921727 5.00
33.937849 5.00
33.968448 5.00
33.979323 5.00
34.009725 5.00
34.025858 5.00
34.051091 5.00
34.061840 5.00
34.097324 5.00
34.113324 5.00
34.138449 5.00
34.149199 5.00
34.179727 5.00
34.195596 5.00
34.226449 5.00
34.237324 5.00
34.267979 5.00
34.278852 4.68
34.309325 4.68
34.325450 5.00
34.350450 5.00
34.361200 5.00
34.391855 5.00
34.402730 5.00
34.438451 5.00
34.449201 5.00
34.479857 5.00
34.490732 5.00
34.526452 5.00
34.537202 5.00
34.567856 5.00
34.578731 5.00
34.614452 5.00
34.625202 5.00
34.655856 5.00
34.666730 5.00
34.702453 5.00
34.713203 5.00
34.743739 5.00
34.759857 5.00
34.785096 5.35
34.795845 5.00
34.826329 5.00
34.842454 5.00
34.867454 5.00
34.878329 5.00
34.908858 4.68
34.919734 4.68
34.955222 5.00
34.966098 5.00
34.996330 5.00
35.012455 5.00
35.037597 5.00
35.048456 5.00
35.080724 5.00
35.091598 5.00
35.122098 5.00
35.132973 5.00
35.168456 5.00
35.179456 5.00
35.209861 5.00
35.220734 5.00
35.256457 5.00
35.267208 5.00
35.297862 5.00
35.308737 5.00
35.344458 5.00
35.355208 5.00
35.385862 5.00
35.396737 5.00
35.432458 5.00
35.443209 5.00
35.473864 5.00
35.484736 5.00
35.520334 5.00
35.536334 4.68
35.561739 4.68
35.577586 5.00
35.608459 5.00
35.619210 5.00
35.649865 5.00
35.660737 5.00
35.696336 5.00
35.712336 5.00
35.737460 5.00
35.748211 5.00
35.778864 5.00
35.789588 5.00
35.825461 5.00
35.836337 5.00
35.866864 5.00
35.877588 5.00
35.913462 5.00
35.924212 5.00
35.954742 5.00
35.970867 5.00
36.001463 5.00
36.012213 5.00
36.042742 5.00
36.058865 5.00
36.085590 5.00
36.096463 5.00
36.128590 5.00
36.139463 5.00
36.175339 4.68
36.191464 4.68
36.216464 5.00
36.227214 5.00
36.257744 5.00
36.273867 5.00
36.304215 5.00
36.320340 5.00
36.345340 5.00
36.356215 5.00
36.386592 5.00
36.399110 5.00
36.433341 5.00
36.444216 5.00
36.474593 5.00
36.490593 5.00
36.521341 5.00
36.532092 5.00
36.562466 5.00
36.573217 5.00
36.603746 5.00
36.614594 5.00
36.645110 5.00
36.655858 5.00
36.686217 5.00
36.702218 5.00
36.727218 5.00
36.743343 5.00
36.768218 5.00
36.784344 4.68
36.809219 4.68
36.825344 5.00
36.850219 5.00
36.866344 5.00
36.891220 5.00
36.907345 5.00
36.932219 5.00
36.948345 5.00
36.973220 5.00
36.989345 5.00
37.014220 5.00
37.030345 5.00
37.055220 5.00
37.071346 5.00
37.096221 5.00
37.112221 5.00
37.137221 5.00
37.153346 5.00
37.178221 5.00
37.194347 5.00
37.219222 5.00
37.235347 5.00
37.260222 5.00
37.276348 5.00
37.301222 5.00
37.317347 5.00
37.342223 5.00
37.358348 5.00
37.383223 5.00
37.399348 4.68
37.424348 4.68
37.435099 4.68
37.465600 4.68
37.481724 5.00
37.512349 5.00
37.523099 5.00
37.553601 5.00
37.569602 5.00
37.600350 5.00
37.611100 5.00
37.641601 5.00
37.657725 5.00
37.688351 5.00
37.699100 5.00
37.729476 5.00
37.740226 5.00
37.770726 5.00
37.781476 5.00
37.817351 5.00
37.828102 5.00
37.858604 5.00
37.874603 5.00
37.905352 5.00
37.916102 5.00
37.946603 5.00
37.962728 5.00
37.993353 5.00
38.004103 5.00
38.034604 5.00
38.050604 4.68
38.081353 4.68
38.092104 5.00
38.122605 5.00
38.138729 5.00
38.169354 5.00
38.180104 5.00
38.210606 5.00
38.226730 5.00
38.253608 5.00
38.264480 5.00
38.300355 5.00
38.311105 5.00
38.341607 5.00
38.357607 5.00
38.388356 5.00
38.399106 5.00
38.429608 5.00
38.445731 5.00
38.472611 5.00
38.483481 5.00
38.515612 5.00
38.526482 5.00
38.556732 5.00
38.567482 5.00
38.603357 5.00
38.614108 5.00
38.644609 5.00
38.660733 4.68
38.691358 4.68
38.702108 4.68
38.732610 5.00
38.748733 5.00
38.775489 5.00
38.786234 5.00
38.818489 5.00
38.829234 5.00
38.861514 5.00
38.872359 5.00
38.908360 5.00
38.919110 5.00
38.949640 5.00
38.965735 5.00
38.996360 5.00
39.007110 5.00
39.037485 5.00
39.053642 5.00
39.080518 5.00
39.091486 5.00
39.127361 5.00
39.138111 5.00
39.168628 5.00
39.184753 5.00
39.210129 5.00
39.226130 5.00
39.251362 5.00
39.262112 5.00
39.292614 4.68
39.303488 4.68
39.339363 4.68
39.350113 5.00
39.380488 5.00
39.396488 5.00
39.427130 5.00
39.443131 5.00
39.468364 5.00
39.479239 5.00
39.509616 5.00
39.520489 5.00
39.556130 5.00
39.572131 5.00
39.597365 5.00
39.608240 5.00
39.638617 5.00
39.649490 5.00
39.685366 5.00
39.696115 5.00
39.726618 5.00
39.737491 5.00
39.773366 5.00
39.784116 5.00
39.814492 5.00
39.830491 5.00
39.861139 5.00
39.877134 5.00
39.902492 5.00
39.918492 4.68
39.952367 4.68
39.963117 5.00
39.993619 5.00
40.004493 5.00
40.040136 5.00
40.056135 5.00
40.081368 5.00
40.092244 5.00
40.122494 5.00
40.138494 5.00
40.163774 5.00
40.174621 5.00
40.205244 5.00
40.216137 5.00
40.246370 5.00
40.257245 5.00
40.287621 5.00
40.298495 5.00
40.334138 5.00
40.350136 5.00
40.375370 5.00
40.386246 5.00
40.416496 5.00
40.432496 5.00
40.463136 5.00
40.479139 5.00
40.504372 5.00
40.515247 5.00
40.545624 4.68
40.556497 4.68
40.592139 4.68
40.608141 5.00
40.633373 5.00
40.644123 5.00
40.674624 5.00
40.685498 5.00
40.721374 5.00
40.732123 5.00
40.762625 5.00
40.773499 5.00
40.809142 5.00
40.825139 5.00
40.850374 5.00
40.861124 5.00
40.891643 5.00
40.902500 5.00
40.938250 5.00
40.949142 5.00
40.979375 5.00
40.990250 5.00
41.020626 5.00
41.031501 5.00
41.067144 5.00
41.083143 5.00
41.108376 5.00
41.119251 5.00
41.149627 5.00
41.160502 4.68
41.191142 4.68
41.207145 4.68
41.232377 5.00
41.243252 5.00
41.273629 5.00
41.284502 5.00
41.320143 5.00
41.336144 5.00
41.361378 5.00
41.373894 5.00
41.402629 5.00
41.413503 5.00
41.449147 5.00
41.465145 5.00
41.490379 5.00
41.502897 5.00
41.531630 5.00
41.542504 5.00
41.578146 5.00
41.594147 5.00
41.619380 5.00
41.631771 5.00
41.665384 5.00
41.676130 5.00
41.706632 5.00
41.717506 5.00
41.753150 5.00
41.769149 5.00
41.794382 4.68
41.806773 4.68
41.838633 4.68
41.849507 5.00
41.880150 5.00
41.896149 5.00
41.921382 5.00
41.933773 5.00
41.962633 5.00
41.973507 5.00
42.003910 5.00
42.014634 5.00
42.045258 5.00
42.056133 5.00
42.086383 5.00
42.102383 5.00
42.127635 5.00
42.138509 5.00
42.168911 5.00
42.179666 5.00
42.210260 5.00
42.221152 5.00
42.251385 5.00
42.267385 5.00
42.292510 5.00
42.303385 5.00
42.339154 5.00
42.349902 5.00
42.380261 5.00
42.391136 5.00
42.421386 4.68
42.437386 4.68
42.462638 4.68
42.473512 5.00
42.503916 5.00
42.519904 5.00
42.545262 5.00
42.556137 5.00
42.586388 5.00
42.602262 5.00
42.627639 5.00
42.638512 5.00
42.668916 5.00
42.679639 5.00
42.710263 5.00
42.721138 5.00
42.751388 5.00
42.767388 5.00
42.792642 5.00
42.803514 5.00
42.833919 5.00
42.844670 5.00
42.875265 5.00
42.886155 5.00
42.916390 5.00
42.932389 5.00
42.957515 5.00
42.968390 5.00
43.004265 5.00
43.015158 5.00
43.045391 4.68
43.061391 4.68
43.086657 4.68
43.097516 5.00
43.128159 5.00
43.138909 5.00
43.169392 5.00
43.185392 5.00
43.210643 5.00
43.221517 5.00
43.252157 5.00
43.262911 5.00
43.293393 5.00
43.309268 5.00
43.334645 5.00
43.345518 5.00
43.375922 5.00
43.392033 5.00
43.417269 5.00
43.428144 5.00
43.458394 5.00
43.474394 5.00
43.499645 5.00
43.510519 5.00
43.540922 5.00
43.551647 5.00
43.582270 5.00
43.593145 5.00
43.623520 5.00
43.634270 5.00
43.670161 5.00
43.680913 4.68
43.711146 4.68
43.721913 5.00
43.752271 5.00
43.763147 5.00
43.793396 5.00
43.809397 5.00
43.834648 5.00
43.845522 5.00
43.881039 5.00
43.897040 5.00
43.922272 5.00
43.933148 5.00
43.963398 5.00
43.979398 5.00
44.004649 5.00
44.015523 5.00
44.045927 5.00
44.062039 5.00
44.087149 5.00
44.097917 5.00
44.128274 5.00
44.139149 5.00
44.169399 5.00
44.185399 5.00
44.210525 5.00
44.221274 5.00
44.251927 5.00
44.264410 5.00
44.293151 5.00
44.303918 4.68
44.334276 4.68
44.346652 4.68
44.375401 5.00
44.391401 5.00
44.418286 5.00
44.429167 5.00
44.459401 5.00
44.475402 5.00
44.502287 5.00
44.513167 5.00
44.543402 5.00
44.559402 5.00
44.589805 5.00
44.600527 5.00
44.631170 5.00
44.641918 5.00
44.672403 5.00
44.688278 5.00
44.715288 5.00
44.726172 5.00
44.756403 5.00
44.772279 5.00
44.802808 5.00
44.815289 5.00
44.844279 5.00
44.856671 5.00
44.885404 5.00
44.896280 5.00
44.931796 4.68
44.942530 4.68
44.973173 4.68
44.984047 5.00
45.014406 5.00
45.025156 5.00
45.060798 5.00
45.076799 5.00
45.102174 5.00
45.113050 5.00
45.143406 5.00
45.154157 5.00
45.189811 5.00
45.205798 5.00
45.231172 5.00
45.241924 5.00
45.272282 5.00
45.288157 5.00
45.313408 5.00
45.324158 5.00
45.359798 5.00
45.370533 5.00
45.401176 5.00
45.411925 5.00
45.442409 5.00
45.453159 5.00
45.488813 5.00
45.499534 5.00
45.530177 5.00
45.540927 5.00
45.571410 4.68
45.582285 4.68
45.617803 5.00
45.628535 5.00
45.659161 5.00
45.669928 5.00
45.700286 5.00
45.716161 5.00
45.741411 5.00
45.752161 5.00
45.787803 5.00
45.798536 5.00
45.829054 5.00
45.839806 5.00
45.870162 5.00
45.881052 5.00
45.911162 5.00
45.921927 5.00
45.952163 5.00
45.962931 5.00
45.993288 5.00
46.009163 5.00
46.034413 5.00
46.045163 5.00
46.080806 5.00
46.096805 5.00
46.122054 5.00
46.132804 5.00
46.163165 5.00
46.173929 4.68
46.204290 4.68
46.220290 4.68
46.245415 5.00
46.256166 5.00
46.291818 5.00
46.307818 5.00
46.333057 5.00
46.343806 5.00
46.374291 5.00
46.390291 5.00
46.415416 5.00
46.426291 5.00
46.462059 5.00
46.472819 5.00
46.503167 5.00
46.513935 5.00
46.544293 5.00
46.560167 5.00
46.585417 5.00
46.596168 5.00
46.632061 5.00
46.642811 5.00
46.673168 5.00
46.683935 5.00
46.714293 5.00
46.730293 5.00
46.755419 5.00
46.766169 5.00
46.796822 4.68
46.807551 4.68
46.838060 4.68
46.848822 4.68
46.879295 5.00
46.895295 5.00
46.920420 5.00
46.931295 5.00
46.961420 5.00
46.972296 5.00
47.002826 5.00
47.018826 5.00
47.044063 5.00
47.054825 5.00
47.085171 5.00
47.095938 5.00
47.126172 5.00
47.138699 5.00
47.167172 5.00
47.179553 5.00
47.208297 5.00
47.224297 5.00
47.249422 5.00
47.260172 5.00
47.290827 5.00
47.306825 5.00
47.332173 5.00
47.344553 5.00
47.373298 5.00
47.389298 5.00
47.414424 5.00
47.425299 4.68
47.460826 4.68
47.476828 4.68
47.502066 5.00
47.512827 5.00
47.543300 5.00
47.559300 5.00
47.584425 5.00
47.595300 5.00
47.625829 5.00
47.638185 5.00
47.667301 5.00
47.683176 5.00
47.708426 5.00
47.719176 5.00
47.749829 5.00
47.765829 5.00
47.791177 5.00
47.807177 5.00
47.832302 5.00
47.848302 5.00
47.873427 5.00
47.884302 5.00
47.914831 5.00
47.930830 5.00
47.956302 5.00
47.972178 5.00
48.002706 5.00
48.018707 5.00
48.044179 5.00
48.060178 4.68
48.085179 4.68
48.101071 4.68
48.126304 5.00
48.142179 5.00
48.167429 5.00
48.178305 5.00
48.208832 5.00
48.224835 5.00
48.250180 5.00
48.266074 5.00
48.291305 5.00
48.307306 5.00
48.332431 5.00
48.343181 5.00
48.373834 5.00
48.389837 5.00
48.415182 5.00
48.431074 5.00
48.456307 5.00
48.472307 5.00
48.497432 5.00
48.508307 5.00
48.538835 5.00
48.554711 5.00
48.580182 5.00
48.596075 5.00
48.621183 5.00
48.637073 5.00
48.662308 5.00
48.678308 5.00
48.703433 4.68
48.714308 4.68
48.744836 5.00
48.760715 5.00
48.786184 5.00
48.802075 5.00
48.827309 5.00
48.843184 5.00
48.868435 5.00
48.879184 5.00
48.909839 5.00
48.925840 5.00
48.951077 5.00
48.961839 5.00
48.992311 5.00
49.008311 5.00
49.033436 5.00
49.044186 5.00
49.079840 5.00
49.095842 5.00
49.121186 5.00
49.137079 5.00
49.162312 5.00
49.178187 5.00
49.203437 5.00
49.214187 5.00
49.244840 5.00
49.260843 5.00
49.286079 5.00
49.296830 5.00
49.327313 4.68
49.343313 4.68
49.370190 4.68
49.381079 5.00
49.411189 5.00
49.427064 5.00
49.452314 5.00
49.468189 5.00
49.495191 5.00
49.506081 5.00
49.536315 5.00
49.552315 5.00
49.579191 5.00
49.590082 5.00
49.620315 5.00
49.631082 5.00
49.663192 5.00
49.674081 5.00
49.704190 5.00
49.720191 5.00
49.745191 5.00
49.761191 5.00
49.786191 5.00
49.802192 5.00
49.827316 5.00
49.838067 5.00
49.870193 5.00
49.881084 5.00
49.911192 5.00
49.927068 5.00
49.952193 4.68
49.968068 4.68
49.993318 4.68
50.004068 5.00
50.036087 5.00
50.046958 5.00
50.077319 5.00
50.088195 5.00
50.120070 5.00
50.130962 5.00
50.161070 5.00
50.173445 5.00
50.202069 5.00
50.214445 5.00
50.243195 5.00
50.259070 5.00
50.284320 5.00
50.295070 5.00
50.330725 5.00
50.343102 5.00
50.372196 5.00
50.388196 5.00
50.413321 5.00
50.424196 5.00
50.456073 5.00
50.466837 5.00
50.497197 5.00
50.513072 5.00
50.538322 5.00
50.549198 5.00
50.584574 4.68
50.600574 4.68
50.626091 4.68
50.642090 5.00
50.667073 5.00
50.679448 5.00
50.708074 5.00
50.724088 5.00
50.749074 5.00
50.761449 5.00
50.790074 5.00
50.806199 5.00
50.831199 5.00
50.847199 5.00
50.872200 5.00
50.883075 5.00
50.913200 5.00
50.924075 5.00
50.954325 5.00
50.965200 5.00
51.000731 5.00
51.016594 5.00
51.042201 5.00
51.058201 5.00
51.083326 5.00
51.094076 5.00
51.129732 5.00
51.145730 5.00
51.171202 5.00
51.187077 5.00
51.212327 4.68
51.223077 4.68
51.258579 5.00
51.274579 5.00
51.300093 5.00
51.316094 5.00
51.341328 5.00
51.352078 5.00
51.387580 5.00
51.403580 5.00
51.429096 5.00
51.445095 5.00
51.470204 5.00
51.486080 5.00
51.511205 5.00
51.522080 5.00
51.552205 5.00
51.563080 5.00
51.593205 5.00
51.604080 5.00
51.634330 5.00
51.645081 5.00
51.680583 5.00
51.696586 5.00
51.722100 5.00
51.738096 5.00
51.763207 5.00
51.779081 5.00
51.804207 5.00
51.815082 5.00
51.845207 4.68
51.856082 4.68
51.886332 5.00
51.897082 5.00
51.932584 5.00
51.948587 5.00
51.974101 5.00
51.990098 5.00
52.015084 5.00
52.031209 5.00
52.056083 5.00
52.072101 5.00
52.097209 5.00
52.113209 5.00
52.138209 5.00
52.149084 5.00
52.179209 5.00
52.190085 5.00
52.220210 5.00
52.231085 5.00
52.261210 5.00
52.272085 5.00
52.302211 5.00
52.313085 5.00
52.343211 5.00
52.354086 5.00
52.384212 5.00
52.395087 5.00
52.425211 5.00
52.436086 5.00
52.466212 4.68
52.477087 4.68
52.507212 5.00
52.518087 5.00
52.548212 5.00
52.559088 5.00
52.589213 5.00
52.600088 5.00
52.630213 5.00
52.641088 5.00
52.671213 5.00
52.682088 5.00
52.712339 5.00
52.723214 5.00
52.758591 5.00
52.774593 5.00
52.800105 5.00
52.816107 5.00
52.841215 5.00
52.852090 5.00
52.882215 5.00
52.893090 5.00
52.923215 5.00
52.934108 5.00
52.969465 5.00
52.980215 5.00
53.010745 5.00
53.021466 5.00
53.052109 5.00
53.068108 5.00
53.093091 4.68
53.109217 4.68
53.134092 5.00
53.150107 5.00
53.175092 5.00
53.191092 5.00
53.216093 5.00
53.232110 5.00
53.257093 5.00
53.273093 5.00
53.298093 5.00
53.314093 5.00
53.339093 5.00
53.349858 5.00
53.380094 5.00
53.390862 5.00
53.421094 5.00
53.431861 5.00
53.462094 5.00
53.472862 5.00
53.503095 5.00
53.513860 5.00
53.544095 5.00
53.554863 5.00
53.585096 5.00
53.595862 5.00
53.626095 5.00
53.636864 5.00
53.667095 5.00
53.677863 5.00
53.708096 4.68
53.718861 4.68
53.749097 4.68
53.759864 5.00
53.790097 5.00
53.800864 5.00
53.831097 5.00
53.841863 5.00
53.872098 5.00
53.882863 5.00
53.913098 5.00
53.923867 5.00
53.954098 5.00
53.964863 5.00
53.995098 5.00
54.005864 5.00
54.036098 5.00
54.046865 5.00
54.077099 5.00
54.087866 5.00
54.118350 5.00
54.129099 5.00
54.159600 5.00
54.175600 5.00
54.201116 5.00
54.217118 5.00
54.242100 5.00
54.252866 5.00
54.283100 5.00
54.293868 5.00
54.324100 5.00
54.334867 4.68
54.365101 4.68
54.375869 5.00
54.406101 5.00
54.416868 5.00
54.447102 5.00
54.457867 5.00
54.488102 5.00
54.498867 5.00
54.529103 5.00
54.539870 5.00
54.570102 5.00
54.580870 5.00
54.611103 5.00
54.621870 5.00
54.652103 5.00
54.662869 5.00
54.693103 5.00
54.703869 5.00
54.734104 5.00
54.744869 5.00
54.775104 5.00
54.785871 5.00
54.816104 5.00
54.826871 5.00
54.857105 5.00
54.867870 5.00
54.898105 5.00
54.908870 5.00
54.939105 5.00
54.949995 4.68
54.980106 4.68
54.990999 4.68
55.021106 5.00
55.031996 5.00
55.062106 5.00
55.072874 5.00
55.103107 5.00
55.113999 5.00
55.144107 5.00
55.154997 5.00
55.185107 5.00
55.196000 5.00
55.226108 5.00
55.236874 5.00
55.267233 5.00
55.278108 5.00
55.313482 5.00
55.325985 5.00
55.354886 5.00
55.367483 5.00
55.396234 5.00
55.407109 5.00
55.442484 5.00
55.454985 5.00
55.483887 5.00
55.499889 5.00
55.525235 5.00
55.536110 5.00
55.571485 5.00
55.583987 4.68
55.612888 4.68
55.625360 4.68
55.654111 5.00
55.664878 5.00
55.695111 5.00
55.705878 5.00
55.736112 5.00
55.746878 5.00
55.777237 5.00
55.788112 5.00
55.823487 5.00
55.835863 5.00
55.864892 5.00
55.880890 5.00
55.906113 5.00
55.916878 5.00
55.947113 5.00
55.957878 5.00
55.988114 5.00
55.998881 5.00
56.029114 5.00
56.039882 5.00
56.070114 5.00
56.080879 5.00
56.111115 5.00
56.121879 5.00
56.152114 5.00
56.162880 5.00
56.193115 5.00
56.203881 4.68
56.234240 4.68
56.245115 4.68
56.280490 5.00
56.296366 5.00
56.321895 5.00
56.337895 5.00
56.363241 5.00
56.374116 5.00
56.409491 5.00
56.425491 5.00
56.450894 5.00
56.466895 5.00
56.492242 5.00
56.503117 5.00
56.538492 5.00
56.554367 5.00
56.579897 5.00
56.595895 5.00
56.621118 5.00
56.631885 5.00
56.662243 5.00
56.673118 5.00
56.708493 5.00
56.724369 5.00
56.749896 5.00
56.765761 5.00
56.791244 5.00
56.802119 5.00
56.837494 5.00
56.853370 4.68
56.878900 4.68
56.894898 5.00
56.920120 5.00
56.931012 5.00
56.961246 5.00
56.972137 5.00
57.007496 5.00
57.023371 5.00
57.048898 5.00
57.065137 5.00
57.090121 5.00
57.100888 5.00
57.131247 5.00
57.142122 5.00
57.177497 5.00
57.193497 5.00
57.218900 5.00
57.234766 5.00
57.260248 5.00
57.271123 5.00
57.306498 5.00
57.322373 5.00
57.347901 5.00
57.363905 5.00
57.390875 5.00
57.401779 5.00
57.432249 5.00
57.443124 5.00
57.478499 4.68
57.494374 4.68
57.519902 4.68
57.535768 5.00
57.562876 5.00
57.573780 5.00
57.604144 5.00
57.614893 5.00
57.650501 5.00
57.666501 5.00
57.691906 5.00
57.707769 5.00
57.734878 5.00
57.745780 5.00
57.776144 5.00
57.786894 5.00
57.822502 5.00
57.838502 5.00
57.863905 5.00
57.879771 5.00
57.906879 5.00
57.917781 5.00
57.949879 5.00
57.960646 5.00
57.992879 5.00
58.003647 5.00
58.035880 5.00
58.046647 5.00
58.077144 5.00
58.087894 4.68
58.118379 4.68
58.130880 4.68
58.162784 5.00
58.178770 5.00
58.204146 5.00
58.214909 5.00
58.245380 5.00
58.257911 5.00
58.286662 5.00
58.297505 5.00
58.328148 5.00
58.339023 5.00
58.374256 5.00
58.385131 5.00
58.415381 5.00
58.427911 5.00
58.456664 5.00
58.467507 5.00
58.498147 5.00
58.509024 5.00
58.539382 5.00
58.551774 5.00
58.581025 5.00
58.591775 5.00
58.627508 5.00
58.638258 5.00
58.668912 5.00
58.684785 5.00
58.715508 5.00
58.731509 4.68
58.756915 4.68
58.772789 5.00
58.803509 5.00
58.819509 5.00
58.844788 5.00
58.861027 5.00
58.886151 5.00
58.896903 5.00
58.927385 5.00
58.943385 5.00
58.968654 5.00
58.979511 5.00
59.010159 5.00
59.021029 5.00
59.051386 5.00
59.067511 5.00
59.092512 5.00
59.103387 5.00
59.134027 5.00
59.144780 5.00
59.180512 5.00
59.191513 5.00
59.221917 5.00
59.232640 5.00
59.268513 5.00
59.279388 5.00
59.309916 5.00
59.320640 5.00
59.356389 4.68
59.372389 4.68
59.397640 4.68
59.408514 5.00
59.438920 5.00
59.449794 5.00
59.485514 5.00
59.496264 5.00
59.526919 5.00
59.537793 5.00
59.573515 5.00
59.584265 5.00
59.614917 5.00
59.625642 5.00
59.661391 5.00
59.677391 5.00
59.702642 5.00
59.713516 5.00
59.744159 5.00
59.754907 5.00
59.785392 5.00
59.801267 5.00
59.826644 5.00
59.837517 5.00
59.867920 5.00
59.878796 5.00
59.914517 5.00
59.925268 5.00
59.955920 5.00
59.966645 4.68
60.002393 4.68
60.018393 4.68
60.043645 5.00
60.054519 5.00
60.084924 5.00
60.095646 5.00
60.131394 5.00
60.147519 5.00
60.172646 5.00
60.183520 5.00
60.213923 5.00
60.224646 5.00
60.260520 5.00
60.271395 5.00
60.301923 5.00
60.312800 5.00
60.348521 5.00
60.359271 5.00
60.389925 5.00
60.400799 5.00
60.436521 5.00
60.447272 5.00
60.477928 5.00
60.488801 5.00
60.524522 5.00
60.535398 5.00
60.565925 5.00
60.576649 5.00
60.612398 4.68
60.628523 4.68
60.653523 4.68
60.664274 5.00
60.694926 5.00
60.705801 5.00
60.741399 5.00
60.757399 5.00
60.782651 5.00
60.793524 5.00
60.823927 5.00
60.834668 5.00
60.870525 5.00
60.881400 5.00
60.911930 5.00
60.922805 5.00
60.958401 5.00
60.974401 5.00
60.999652 5.00
61.010526 5.00
61.040806 5.00
61.056917 5.00
61.082169 5.00
61.092917 5.00
61.123402 5.00
61.139277 5.00
61.164527 5.00
61.175277 5.00
61.205930 5.00
61.216805 5.00
61.252403 4.68
61.268402 4.68
61.293654 5.00
61.306154 5.00
61.334931 5.00
61.345808 5.00
61.381404 5.00
61.397279 5.00
61.422654 5.00
61.435154 5.00
61.463810 5.00
61.479934 5.00
61.510405 5.00
61.526404 5.00
61.551656 5.00
61.564155 5.00
61.592933 5.00
61.603656 5.00
61.639531 5.00
61.650406 5.00
61.680935 5.00
61.691810 5.00
61.727531 5.00
61.738406 5.00
61.768937 5.00
61.779812 5.00
61.810282 5.00
61.826283 5.00
61.851407 5.00
61.862157 4.68
61.892532 4.68
61.903408 5.00
61.933937 5.00
61.944659 5.00
61.975283 5.00
61.991409 5.00
62.016409 5.00
62.027159 5.00
62.057660 5.00
62.073813 5.00
62.104284 5.00
62.120285 5.00
62.145410 5.00
62.156159 5.00
62.186535 5.00
62.197285 5.00
62.227938 5.00
62.238814 5.00
62.269177 5.00
62.279926 5.00
62.310286 5.00
62.326286 5.00
62.351411 5.00
62.362286 5.00
62.392662 5.00
62.408663 5.00
62.433942 5.00
62.444815 5.00
62.475287 5.00
62.491180 4.68
62.516412 4.68
62.527162 4.68
62.557538 5.00
62.568413 5.00
62.598944 5.00
62.609663 5.00
62.640288 5.00
62.656288 5.00
62.681413 5.00
62.692164 5.00
62.722664 5.00
62.738664 5.00
62.769289 5.00
62.785290 5.00
62.810414 5.00
62.821289 5.00
62.851540 5.00
62.862289 5.00
62.892945 5.00
62.903819 5.00
62.934290 5.00
62.950291 5.00
62.975415 5.00
62.986291 5.00
63.016666 5.35
63.032666 5.00
63.063291 5.00
63.079291 5.00
63.104417 5.00
63.115167 4.68
63.145819 4.68
63.156542 5.00
63.192293 5.00
63.208293 5.00
63.233418 5.00
63.244293 5.00
63.274822 5.00
63.285551 5.00
63.321293 5.00
63.337294 5.00
63.362418 5.00
63.373169 5.00
63.403823 5.00
63.414669 5.00
63.450294 5.00
63.466294 5.00
63.491419 5.00
63.502170 5.00
63.532822 5.00
63.543670 5.00
63.579295 5.00
63.595296 5.00
63.620420 5.00
63.631296 5.00
63.661826 5.00
63.672701 5.00
63.708296 5.00
63.724421 5.00
63.749421 4.68
63.760172 4.68
63.790827 5.00
63.801702 5.00
63.837422 5.00
63.848172 5.00
63.878827 5.00
63.889556 5.00
63.925423 5.00
63.936297 5.00
63.966551 5.00
63.977423 5.00
64.009676 5.00
64.020551 5.00
64.052676 5.00
64.063553 5.00
64.093828 5.00
64.104703 5.00
64.140424 5.00
64.151300 5.00
64.181553 5.00
64.194065 5.00
64.224553 5.00
64.235425 5.00
64.271301 5.00
64.287301 5.00
64.312426 5.00
64.323176 5.00
64.353555 5.00
64.366068 4.68
64.396553 4.68
64.407426 5.00
64.443302 5.00
64.459427 5.00
64.484427 5.00
64.495302 5.00
64.525831 5.00
64.536706 5.00
64.567178 5.00
64.583303 5.00
64.608178 5.00
64.620555 5.00
64.649304 5.00
64.660179 5.00
64.690428 5.00
64.701304 5.00
64.731834 5.00
64.742709 5.00
64.773179 5.00
64.789304 5.00
64.814180 5.00
64.830305 5.00
64.855305 5.00
64.866073 5.00
64.896430 5.00
64.907305 5.00
64.937960 5.00
64.948835 5.00
64.979306 5.00
64.990181 4.68
65.020431 4.68
65.031306 5.00
65.061711 5.00
65.072559 5.00
65.103197 5.00
65.119307 5.00
65.144432 5.00
65.155182 5.00
65.185836 5.00
65.196560 5.00
65.227183 5.00
65.243308 5.00
65.268183 5.00
65.284308 5.00
65.309183 5.00
65.325309 5.00
65.350184 5.00
65.366309 5.00
65.391185 5.00
65.407309 5.00
65.432184 5.00
65.448309 5.00
65.473185 5.00
65.489310 5.00
65.514185 5.00
65.530310 5.00
65.555186 5.00
65.571185 5.00
65.596186 5.00
65.612311 4.68
65.637185 4.68
65.653311 4.68
65.678186 5.00
65.694311 5.00
65.719186 5.00
65.735312 5.00
65.760187 5.00
65.776312 5.00
65.801312 5.00
65.812077 5.00
65.842437 5.00
65.853312 5.00
65.883716 5.00
65.894564 5.00
65.925188 5.00
65.941313 5.00
65.966314 5.00
65.977189 5.00
66.007439 5.00
66.018189 5.00
66.048717 5.00
66.059564 5.00
66.090189 5.00
66.106314 5.00
66.131190 5.00
66.147315 5.00
66.172315 5.00
66.183065 5.00
66.213440 5.00
66.224315 5.00
66.256612 4.68
66.281215 4.34
66.297448 4.34
66.322734 4.34
66.333581 4.34
66.364320 4.34
66.375194 4.34
66.405721 4.34
66.416616 4.34
66.447192 4.34
66.463318 4.34
66.488318 4.34
66.499083 4.34
66.529443 4.34
66.540317 4.34
66.570719 4.34
66.581595 4.34
66.617193 4.34
66.633193 4.34
66.658318 4.34
66.669068 4.34
66.699599 4.34
66.715719 4.34
66.746319 4.34
66.757194 4.34
66.787597 4.34
66.803719 4.34
66.829330 4.34
66.840200 4.34
66.872623 4.34
66.883631 4.34
66.915605 4.34
66.926447 4.34
66.962322 4.34
66.973197 4.34
67.003321 4.34
67.014086 4.34
67.044322 4.34
67.055087 4.34
67.085602 4.34
67.101607 4.34
67.128477 4.34
67.139323 4.34
67.171477 4.34
67.182322 4.34
67.214478 4.34
67.225322 4.34
67.255724 4.34
67.266448 4.34
67.297090 4.34
67.313090 4.34
67.338324 4.34
67.349199 4.34
67.379449 4.34
67.391965 4.34
67.420607 4.34
67.431449 4.34
67.463462 4.34
67.474200 4.34
67.510200 4.34
67.521093 4.34
67.551614 4.34
