0.000000 0.000000
0.047484 4.34
0.063815 4.34
0.094304 4.34
0.105312 2.66
0.141315 2.34
0.152313 2.34
0.188322 2.34
0.199318 2.34
0.235166 2.34
0.246165 2.34
0.276804 2.34
0.287681 2.34
0.318298 2.34
0.329162 2.34
0.359802 2.34
0.370549 2.34
0.406161 2.34
0.417035 2.34
0.447437 2.34
0.463676 2.34
0.494161 2.34
0.504911 2.34
0.535437 2.34
0.551435 2.34
0.582036 2.34
0.598161 2.34
0.623323 2.34
0.634161 2.34
0.664678 2.34
0.675438 2.34
0.706037 2.34
0.722037 2.34
0.747322 2.34
0.758162 2.34
0.794178 2.34
0.805176 2.34
0.835814 2.34
0.846827 2.34
0.877490 2.34
0.893834 2.34
0.924313 2.34
0.935376 2.34
0.971324 2.34
0.982323 4.02
1.018050 4.02
1.034173 4.02
1.059690 4.02
1.070692 4.02
1.101171 4.02
1.112169 4.02
1.142812 4.02
1.153576 4.02
1.184299 4.02
1.195167 4.02
1.227446 4.02
1.238332 4.02
1.274042 4.02
1.290167 4.02
1.315328 4.02
1.327917 4.02
1.359685 4.02
1.370432 4.02
1.406043 4.02
1.422043 4.02
1.450827 4.02
1.463500 4.02
1.492463 4.02
1.508712 4.02
1.539054 4.02
1.555320 4.02
1.580695 4.02
1.591696 4.34
1.622174 4.02
1.633172 4.02
1.665484 4.02
1.676480 4.02
1.712178 4.34
1.723184 4.34
1.759055 4.02
1.775179 4.02
1.800707 4.02
1.811705 4.34
1.842319 4.34
1.854929 4.34
1.889176 4.34
1.900175 4.34
1.930693 4.34
1.941690 4.34
1.972173 4.34
1.983173 4.34
2.013690 4.34
2.024687 4.34
2.055047 4.34
2.071047 4.34
2.096326 4.34
2.108938 4.34
2.143183 4.34
2.154332 4.34
2.190054 4.34
2.206178 4.34
2.231694 4.34
2.242692 4.34
2.273051 4.34
2.289176 4.34
2.314175 4.34
2.325050 4.34
2.355579 4.34
2.366451 4.34
2.401925 4.34
2.414300 4.34
2.443050 4.34
2.459050 4.34
2.484175 4.34
2.495050 4.34
2.525580 4.34
2.536330 4.34
2.572051 4.34
2.588051 4.34
2.613329 4.34
2.629453 4.34
2.660051 4.34
2.675926 4.34
2.701302 4.34
2.713820 4.34
2.744303 4.34
2.755177 4.34
2.785582 4.34
2.796304 4.34
2.832053 4.34
2.848053 4.34
2.873178 4.34
2.883928 4.34
2.914458 4.34
2.925304 4.34
2.955929 4.34
2.972054 4.34
2.997054 4.34
3.007804 4.34
3.038179 4.68
3.048929 4.34
3.079456 4.34
3.090180 4.68
3.126055 4.34
3.136805 4.34
3.167180 4.34
3.183180 4.34
3.208458 4.34
3.219180 4.34
3.255056 4.34
3.265931 4.34
3.296181 4.34
3.306931 4.34
3.337698 4.34
3.348460 4.34
3.378931 4.34
3.395057 4.34
3.420182 4.34
3.430931 4.34
3.461585 4.34
3.472462 4.34
3.502825 4.34
3.513574 4.34
3.543933 4.34
3.560058 4.34
3.584933 4.34
3.600933 4.34
3.626058 4.34
3.636934 4.34
3.667183 4.34
3.677934 4.34
3.708464 4.34
3.719311 4.34
3.749934 4.34
3.766059 4.34
3.791059 4.34
3.801810 4.34
3.832185 4.34
3.842935 4.34
3.873590 4.34
3.884465 4.34
3.914810 4.34
3.925576 4.34
3.955811 4.34
3.966578 4.34
3.996811 4.34
4.007580 4.34
4.037936 4.34
4.054061 4.34
4.079062 4.34
4.089811 4.34
4.120187 4.34
4.130937 4.34
4.161467 4.34
4.172187 4.34
4.208062 4.34
4.218937 4.34
4.249188 4.34
4.259937 4.34
4.290465 4.34
4.301188 4.34
4.337063 4.34
4.347814 4.34
4.378188 4.34
4.388939 4.34
4.419591 4.34
4.430315 4.34
4.460814 4.34
4.471582 4.34
4.501814 4.34
4.512563 4.34
4.542814 4.34
4.553564 4.34
4.583814 4.34
4.594564 4.34
4.624814 4.34
4.635564 4.34
4.665815 4.34
4.676565 4.34
4.706815 4.34
4.717565 4.34
4.747815 4.34
4.758565 4.34
4.788815 4.34
4.799566 4.34
4.829815 4.34
4.840566 4.34
4.870816 4.34
4.881566 4.34
4.911816 4.34
4.922566 4.68
4.952817 4.34
4.963566 4.68
4.993817 4.34
5.006318 4.34
5.034817 4.34
5.045567 4.68
5.075817 4.34
5.086568 4.68
5.116818 4.68
5.127568 4.34
5.157818 4.34
5.168568 4.34
5.198818 4.34
5.211320 4.68
5.239819 4.34
5.250568 4.68
5.280819 4.34
5.291569 4.34
5.321819 4.34
5.334195 4.34
5.362819 4.68
5.375195 4.68
5.403820 4.34
5.414570 4.34
5.444820 4.34
5.457209 4.34
5.486079 4.02
5.496828 4.34
5.527076 4.34
5.537826 4.34
5.568074 4.34
5.578824 4.34
5.609073 4.34
5.619823 4.34
5.650073 4.02
5.660822 4.34
5.691072 4.34
5.701822 4.34
5.732071 4.34
5.742822 4.02
5.773084 4.34
5.783958 4.34
5.814205 4.02
5.830079 4.34
5.855202 4.02
5.871078 4.34
5.896201 4.34
5.912075 4.34
5.937200 4.34
5.949576 4.34
5.978200 4.02
5.994074 4.34
6.019199 4.34
6.035074 4.34
6.060199 4.34
6.076074 4.02
6.101199 4.34
6.117075 4.34
6.142199 4.34
6.158075 4.02
6.183200 4.34
6.199075 4.02
6.224200 4.34
6.240075 4.34
6.265201 4.34
6.281075 4.34
6.306201 4.34
6.322076 4.02
6.347202 4.34
6.363076 4.34
6.388202 4.34
6.404077 4.34
6.429202 4.34
6.445077 4.34
6.470202 4.34
6.486077 4.34
6.511328 4.34
6.522078 4.34
6.557842 4.34
