0.000000 0.000000
0.041871 4.34
0.052723 4.34
0.083489 4.34
0.096162 2.66
0.134010 2.66
0.146674 2.66
0.180894 2.66
0.191913 2.34
0.222094 2.34
0.237968 2.34
0.263092 2.66
0.278967 2.34
0.304090 2.34
0.319965 2.66
0.345090 2.34
0.360965 2.66
0.386089 2.34
0.401963 2.66
0.427089 2.66
0.443089 2.66
0.468089 2.34
0.483964 2.34
0.509088 2.66
0.524965 2.66
0.550089 2.34
0.565964 2.34
0.591090 2.66
0.606965 2.66
0.632090 2.34
0.647965 2.34
0.673091 2.34
0.688965 2.34
0.714090 2.34
0.730091 2.34
0.755358 2.34
0.766358 2.34
0.797131 2.34
0.813352 2.34
0.838803 2.34
0.849884 2.34
0.885856 2.34
0.896873 2.34
0.932900 2.34
0.943892 2.34
0.976177 4.02
0.987230 4.34
1.017766 4.34
1.033990 4.34
1.059225 4.02
1.070115 4.34
1.100629 4.34
1.116629 4.02
1.142112 4.02
1.158111 4.02
1.185123 4.34
1.195983 4.02
1.228122 4.02
1.238987 4.02
1.271123 4.02
1.281986 4.02
1.314124 4.34
1.324988 4.02
1.357124 4.02
1.367987 4.02
1.400123 4.02
1.410987 4.02
1.441795 4.02
1.452810 4.34
1.483362 4.34
1.494385 4.34
1.525011 4.34
1.541231 4.02
1.571873 4.34
1.582772 4.34
1.613353 4.34
1.624250 4.34
1.655011 4.34
1.671233 4.34
1.701877 4.34
1.712876 4.34
1.748640 4.34
1.764637 4.34
1.790118 4.34
1.806121 4.34
1.833867 4.34
1.844743 4.34
1.875226 4.34
1.886101 4.34
1.921476 4.34
1.937476 4.34
1.962993 4.34
1.979117 4.34
2.009633 4.34
2.025631 4.34
2.051120 4.34
2.067119 4.34
2.092227 4.34
2.103102 4.34
2.138477 4.34
2.149227 4.34
2.179882 4.34
2.190756 4.34
2.221228 4.34
2.232103 4.34
2.267478 4.34
2.283479 4.34
2.308881 4.34
2.319605 4.34
2.350229 4.34
2.361120 4.34
2.396479 4.34
2.407229 4.34
2.437995 4.34
2.453872 4.34
2.479121 4.34
2.495120 4.34
2.520230 4.34
2.531122 4.34
2.566480 4.34
2.577231 4.34
2.607883 4.34
2.618607 4.34
2.649231 4.34
2.660124 4.34
2.695481 4.34
2.711481 4.34
2.736886 4.34
2.747760 4.34
2.778232 4.34
2.789107 4.34
2.824482 4.34
2.835357 4.34
2.865887 4.34
2.876762 4.34
2.907108 4.34
2.917874 4.34
2.948108 4.34
2.958875 4.34
2.989108 4.34
2.999876 4.34
3.030234 4.68
3.041109 4.68
3.076484 5.00
3.087234 5.00
3.117751 5.00
3.128611 5.00
3.164795 5.35
3.175792 5.35
3.207994 5.35
3.219011 5.35
3.254773 5.35
3.265616 5.35
3.296130 5.35
3.312113 5.35
3.342645 5.35
3.358613 5.35
3.384129 5.35
3.400126 5.35
3.430486 5.35
3.443002 5.35
3.472123 5.35
3.483122 5.35
3.513786 5.35
3.524786 5.35
3.556993 5.35
3.568010 5.35
3.603616 5.35
3.619616 5.35
3.645132 5.35
3.661239 5.35
3.691488 5.35
3.703989 5.35
3.732893 5.35
3.745503 5.35
3.779786 5.35
3.790783 5.35
3.823032 5.35
3.834011 5.35
3.869648 5.35
3.880492 5.35
3.911133 5.35
3.922006 5.35
3.957491 5.35
3.973490 5.35
3.998764 5.35
4.009643 5.35
4.040142 5.35
4.051121 5.35
4.081622 5.35
4.092498 5.69
4.123247 5.69
4.134121 5.69
4.164792 5.69
4.175621 5.69
4.206135 5.69
4.216916 5.69
4.247493 5.69
4.263493 5.69
4.289010 5.69
4.305135 5.69
4.332770 6.01
4.343493 6.01
4.374134 6.01
4.384896 5.69
4.415631 5.69
4.426630 6.01
4.457252 6.01
4.468252 6.01
4.498785 6.01
4.509663 6.01
4.540248 6.01
4.551123 6.01
4.581496 5.69
4.593873 6.01
4.622902 6.01
4.638898 5.69
4.672495 5.69
4.688496 5.69
4.714026 5.69
4.730256 6.01
4.755671 5.69
4.766630 6.01
4.797251 5.69
4.808140 5.69
4.838780 5.69
4.849656 5.69
4.880139 5.69
4.891012 5.69
4.926497 5.69
4.942497 5.69
4.967772 5.69
4.978497 5.69
5.014820 5.69
5.025811 5.69
5.056264 6.01
5.067258 6.01
5.097907 6.01
5.114132 12.32
5.144629 6.01
5.155379 12.32
5.186253 6.01
5.197143 6.01
5.227659 6.36
5.238501 6.01
5.269018 6.01
5.285017 6.01
5.310142 6.01
5.321018 0.05
5.356806 6.36
5.369385 6.01
5.403637 6.36
5.414790 6.01
5.445147 0.05
5.456021 6.01
5.486660 6.01
5.497504 6.01
5.528142 12.32
5.539018 6.01
5.574502 6.01
5.590377 6.01
5.615779 0.05
5.626502 6.01
5.662833 12.32
5.679158 6.01
5.704510 6.36
5.720634 6.01
5.746159 12.32
5.757024 6.01
5.787664 6.01
5.798505 6.01
5.829024 6.01
5.845020 12.32
5.870129 6.01
5.881021 6.36
5.912909 6.01
5.923659 6.01
5.959636 6.36
5.970635 6.01
6.001028 12.32
6.011776 6.36
6.047507 6.36
6.063382 0.05
6.091787 0.05
6.102633 6.36
6.133148 0.05
6.143899 12.32
6.179506 6.36
6.195381 0.05
6.220908 0.05
6.236786 12.32
6.263911 12.32
6.274762 6.36
6.305544 6.68
6.321818 6.68
6.347030 6.68
6.357780 6.68
6.388512 6.36
6.404636 0.05
6.430028 6.36
6.440779 6.36
6.476510 6.01
6.492384 6.01
6.518025 6.36
6.534134 0.05
6.559026 6.01
6.569786 6.01
6.605508 6.01
6.621384 12.32
6.646785 6.01
6.659259 0.05
6.688149 6.01
6.699027 6.01
6.729384 12.32
6.741913 6.36
6.770636 0.05
6.781385 0.05
6.811900 6.01
6.827787 12.32
6.853024 6.36
6.864050 6.01
6.894648 6.36
6.905647 6.36
6.941528 6.68
6.952527 7.02
6.982906 7.02
6.998903 6.68
7.029513 6.36
7.045388 6.36
7.070791 6.36
7.086638 6.36
7.112027 6.36
7.122776 6.36
7.158388 6.36
7.174263 6.36
7.199639 6.36
7.210389 6.36
7.241162 6.36
7.252152 6.36
7.282815 6.36
7.299040 6.36
7.329644 6.36
7.340393 6.36
7.371035 6.36
7.381840 6.36
7.412525 6.36
7.428643 6.36
7.453916 12.32
7.469908 6.36
7.500390 12.32
7.516538 6.36
7.542044 6.36
7.552913 6.36
7.583531 6.36
7.594395 6.36
7.624910 6.36
7.635924 6.36
7.671527 6.36
7.682393 6.36
7.712922 6.36
7.723643 6.36
7.759525 6.36
7.770268 6.36
7.800911 6.36
7.812069 6.36
7.842545 6.36
7.853543 6.36
7.885854 6.68
7.896915 7.02
7.932687 7.37
7.943534 7.02
7.979531 6.68
7.990397 6.36
8.020913 6.36
8.031912 6.36
8.062529 6.36
8.073396 6.36
8.103925 6.36
8.114799 6.36
8.150528 6.36
8.161271 6.36
8.191911 6.36
8.202921 6.36
8.233543 6.36
8.244542 6.68
8.276815 6.68
8.287686 7.02
8.318402 7.37
8.334529 7.37
8.360054 7.02
8.371061 6.68
8.401531 6.01
8.412403 5.35
8.444846 4.68
8.455808 4.34
8.491701 4.34
8.504280 4.34
8.538532 4.34
8.549403 4.34
8.580046 4.34
8.590812 4.34
8.621401 4.34
8.637529 4.34
8.665806 4.34
8.682044 4.34
8.707150 4.34
8.718043 4.34
8.753400 4.34
8.769528 4.34
8.795041 4.34
8.805802 4.34
8.836151 4.34
8.847043 4.34
8.882529 4.34
8.893401 4.34
8.924043 4.34
8.934805 4.34
8.970531 4.34
8.981402 4.34
9.012044 4.34
9.022805 4.34
9.058402 4.34
9.074403 4.34
9.099682 4.34
9.110739 4.34
9.146544 4.34
9.157554 4.34
9.189823 4.34
9.200696 4.34
9.236536 4.34
9.247406 4.34
9.277813 4.34
9.294048 4.34
9.324405 4.34
9.340533 4.34
9.365680 4.34
9.378280 4.34
9.407047 4.34
9.417808 4.34
9.453280 4.34
9.465810 4.34
9.494405 4.34
9.510280 4.34
9.535794 4.34
