0.000000 0.000000
0.043611 4.34
0.054629 4.02
0.085214 4.34
0.096212 4.34
0.126860 2.66
0.137999 2.34
0.168470 2.34
0.184877 2.34
0.215518 2.34
0.231732 2.34
0.262336 2.34
0.273336 2.34
0.303851 2.34
0.314849 2.34
0.345333 2.34
0.356207 2.34
0.386848 2.34
0.397846 2.34
0.433207 2.34
0.449206 2.34
0.477607 2.34
0.493482 2.34
0.524207 2.34
0.540082 2.34
0.568608 2.34
0.584610 2.34
0.609847 2.34
0.620608 2.34
0.656207 2.34
0.672082 2.34
0.697484 2.34
0.713485 2.34
0.738849 2.34
0.749598 2.34
0.780349 2.34
0.791348 2.34
0.821861 2.34
0.832858 2.34
0.863475 2.34
0.879731 2.34
0.910643 2.34
0.926862 2.34
0.952361 2.34
0.963362 2.34
0.999225 3.67
1.010224 4.02
1.040862 4.02
1.051859 4.02
1.082341 4.02
1.093340 4.02
1.123855 4.02
1.134604 4.02
1.165213 4.02
1.176088 4.02
1.206612 4.02
1.217338 4.02
1.248087 4.02
1.264087 4.02
1.289213 4.02
1.299962 4.02
1.330489 4.02
1.346489 4.02
1.377213 4.02
1.387962 4.02
1.418490 4.02
1.434614 4.02
1.465353 4.02
1.476353 4.34
1.512348 4.02
1.523350 4.02
1.553879 4.34
1.564872 4.02
1.595345 4.34
1.606219 4.02
1.636860 4.34
1.647611 4.34
1.678217 4.34
1.689092 4.02
1.719622 4.34
1.730498 4.34
1.761228 4.34
1.772226 4.02
1.803006 4.02
1.819228 4.34
1.844648 4.34
1.860868 4.34
1.886222 4.34
1.897097 4.34
1.927864 4.34
1.938869 4.34
1.969219 4.34
1.980094 4.34
2.010344 4.34
2.021218 4.34
2.051498 4.34
2.067498 4.34
2.092862 4.34
2.103611 4.34
2.134481 4.34
2.150750 4.34
2.181351 4.34
2.193976 4.02
2.228223 4.34
2.239098 4.34
2.269632 4.34
2.280506 4.34
2.316221 4.34
2.327096 4.02
2.357501 4.34
2.373624 4.34
2.404221 4.34
2.414970 4.34
2.445488 4.34
2.461623 4.34
2.492221 4.34
2.502971 4.34
2.533499 4.34
2.549623 4.34
2.580222 4.34
2.590972 4.34
2.621502 4.02
2.637626 4.34
2.668222 4.34
2.679097 4.02
2.709491 4.34
2.725490 4.02
2.756223 4.34
2.767098 4.34
2.797348 4.34
2.809973 4.34
2.840477 4.34
2.851349 4.34
2.883478 4.34
2.894349 4.34
2.926478 4.34
2.937349 4.34
2.969478 4.34
2.980349 4.34
3.010628 4.34
3.021475 4.34
3.057225 4.34
3.068100 4.34
3.098350 4.34
3.110992 4.34
3.141393 4.34
3.152100 4.34
3.184383 4.34
3.195226 4.34
3.227377 4.34
3.238101 4.02
3.270377 4.34
3.281226 4.34
3.316995 4.34
3.329355 4.02
3.358227 4.34
3.368977 4.34
3.399352 4.34
3.411870 4.34
3.440632 4.34
3.451497 4.34
3.482103 4.34
3.498228 4.34
3.523228 4.02
3.533978 4.34
3.564509 4.34
3.580496 4.34
3.605997 4.34
3.621997 4.34
3.647229 4.34
3.658104 4.02
3.688481 4.34
3.699354 4.34
3.729631 4.34
3.740481 4.02
3.770997 4.34
3.783384 4.34
3.812230 4.02
3.823105 4.34
3.853481 4.34
3.864355 4.34
3.900231 4.02
3.910981 4.34
3.941482 4.34
3.952356 4.34
3.987998 4.34
4.003999 4.02
4.029232 4.02
4.039982 4.34
4.070482 4.34
4.081357 4.34
4.116998 4.34
4.133000 4.34
4.158233 4.02
4.168983 4.34
4.199484 4.02
4.210358 4.02
4.240637 4.34
4.251358 4.34
4.282002 4.34
4.297999 4.34
4.323233 4.34
4.333984 4.02
4.364484 4.34
4.375359 4.02
4.411001 4.34
4.427002 4.02
4.452235 4.02
4.462985 4.34
4.493486 4.02
4.504360 4.34
4.540003 4.02
4.556000 4.34
4.581236 4.02
4.591986 4.34
4.622515 4.34
4.633236 4.34
4.664004 4.34
4.680004 4.02
4.705236 4.34
4.715987 4.34
4.746488 4.02
4.757237 4.02
4.793005 4.34
4.809002 4.34
4.834238 4.34
4.845112 4.34
4.875488 4.02
4.886362 4.34
4.922113 4.02
4.932878 4.34
4.963238 4.34
4.973988 4.02
5.004489 4.34
5.015239 4.34
5.051006 4.34
5.067007 4.34
5.092239 4.34
5.103114 4.34
5.133490 4.34
5.144239 4.34
5.174642 4.34
5.185365 4.34
5.215882 4.34
5.226634 4.34
5.257116 4.34
5.267881 4.34
5.298241 4.34
5.308991 4.34
5.339491 4.34
5.350241 4.34
5.386008 4.34
5.402006 4.34
5.427242 4.34
5.437992 4.34
5.468492 4.34
5.479242 4.02
5.515010 4.34
5.530992 4.02
5.556368 4.34
5.572367 4.34
5.603010 4.34
5.619010 4.34
5.644243 4.02
5.654993 4.34
5.687379 4.02
5.698118 4.34
5.734010 4.34
5.750011 4.02
5.775244 4.02
5.801494 4.34
5.812244 4.34
5.844376 4.34
5.855120 4.34
5.899377 4.34
5.915377 4.34
5.946012 4.34
5.962011 4.02
5.987246 4.34
5.999648 4.34
6.028496 4.34
6.039246 4.34
6.071273 4.34
6.081996 4.34
6.118014 4.34
6.134012 4.34
6.159246 4.34
6.171652 4.34
6.200497 4.34
6.211247 4.34
6.247012 4.34
6.263013 4.34
6.288247 4.34
6.300652 4.34
6.335016 4.34
6.351013 4.34
6.376248 4.02
6.388652 4.34
6.422889 4.34
6.435253 4.34
6.464249 4.34
6.480249 4.34
6.513889 4.34
6.529890 4.34
6.555125 4.34
6.566000 4.02
6.596250 4.34
6.612250 4.34
6.637530 4.34
6.648378 4.34
6.678893 4.34
6.694892 4.34
6.720001 4.34
6.730891 4.34
6.761126 4.34
6.771891 4.34
6.802251 4.34
6.814655 4.34
6.843379 4.34
6.854251 4.34
6.890127 4.34
6.901002 4.34
6.931252 4.34
6.947252 4.34
6.972531 4.34
6.983380 4.34
7.014003 4.34
7.024896 4.34
7.055019 4.34
7.065893 4.34
7.096253 4.34
7.112254 4.34
7.137533 4.34
7.148382 4.34
7.179004 4.02
7.189895 4.34
7.220004 4.34
7.230896 4.34
7.261005 4.34
7.271895 4.34
7.302130 4.02
7.312897 4.34
7.343255 4.34
7.359255 4.02
7.384535 4.34
7.395386 4.34
7.426006 4.34
7.436898 4.34
7.467006 4.34
7.477899 4.34
7.508006 4.34
7.518897 4.34
7.549132 4.34
7.560007 4.34
7.590256 4.34
7.606257 4.34
7.631537 4.34
7.642387 4.34
7.677899 4.34
7.693775 4.34
7.719008 4.34
7.729900 4.34
7.760008 4.34
7.770900 4.34
7.801009 4.34
7.811899 4.34
7.842134 4.34
7.853009 4.34
7.883259 4.34
7.899259 4.34
7.924538 4.34
7.935386 4.02
7.965902 4.34
7.981902 4.34
8.007010 4.34
8.017902 4.34
8.048010 4.34
8.058902 4.34
8.089135 4.34
8.099903 4.34
8.130260 4.34
8.146261 4.34
8.179903 4.34
8.195903 4.34
8.221136 4.34
8.232012 4.34
8.262261 4.34
8.278262 4.34
8.303540 4.34
8.314388 4.34
8.344905 4.34
8.360905 4.34
8.386013 4.34
8.396904 4.34
8.427013 4.34
8.437905 4.34
8.468013 4.34
8.478913 4.34
8.509013 4.34
8.519888 4.34
8.550014 4.34
8.560907 4.34
8.591139 4.34
8.603668 4.34
8.632264 4.34
8.648264 4.34
8.675269 4.34
8.686140 4.34
8.718274 4.34
8.729015 4.34
8.761269 4.34
8.772015 4.34
8.807908 4.34
8.823909 4.34
8.849141 4.34
8.861544 4.34
8.890266 4.34
8.906266 4.34
8.933146 4.34
8.944017 4.34
8.974267 4.02
8.990266 4.34
9.020910 4.34
9.036909 4.34
9.062142 4.34
9.074547 4.34
9.103267 4.34
9.119268 4.34
9.153036 4.34
9.163908 4.34
9.194268 4.34
9.210268 4.34
9.244035 4.34
9.254909 4.34
9.285269 4.34
9.296144 4.34
9.331672 4.34
9.342395 4.34
9.372911 4.34
9.383663 4.34
9.414145 4.34
9.426549 4.34
9.460396 4.34
9.471270 4.34
9.501913 4.34
9.512662 4.34
9.542912 4.34
9.553671 4.34
9.584021 4.34
9.594914 4.34
9.625021 4.34
9.635896 4.34
9.666022 4.34
9.676897 4.34
9.707147 4.34
9.723022 4.34
9.748272 4.34
9.759147 4.34
9.794674 4.34
9.805399 4.34
9.836023 4.34
9.846913 4.34
9.877022 4.02
9.887916 4.02
9.918023 4.34
9.928899 4.34
9.959273 4.34
9.970148 4.34
10.005666 4.34
10.021664 4.34
10.047024 4.02
10.057914 4.34
10.088025 4.34
10.098916 4.34
10.129025 4.34
10.139900 4.34
10.170025 4.34
10.180900 4.34
10.211025 4.34
10.221900 4.34
10.252025 4.34
10.262901 4.34
10.293026 4.34
10.303901 4.34
10.334026 4.34
10.344901 4.34
10.375027 4.02
10.385919 4.34
10.416027 4.34
10.426902 4.02
10.457027 4.34
10.467902 4.34
10.498028 4.34
10.508902 4.34
10.539028 4.34
10.549921 4.34
10.580028 4.02
10.590903 4.34
10.621028 4.02
10.631904 4.34
10.662029 4.02
10.672918 4.34
10.703029 4.34
10.713903 4.34
10.744029 4.02
10.754904 4.34
10.785154 4.34
10.801029 4.34
10.826280 4.02
10.837155 4.34
10.872685 4.02
10.883406 4.34
10.914030 4.02
10.924920 4.34
10.955030 4.34
10.965905 4.02
10.996031 4.34
11.006906 4.02
11.037031 4.02
11.047906 4.34
11.078032 4.34
11.088907 4.34
11.119032 4.34
11.131560 4.34
11.160032 4.34
11.170907 4.34
11.201032 4.02
11.211907 4.34
11.242032 4.34
11.254562 4.34
11.283033 4.34
11.295562 4.34
11.324033 4.34
11.334923 4.34
11.365033 4.34
11.377563 4.34
11.406033 4.34
11.416909 4.34
11.447034 4.34
11.459563 4.34
11.488034 4.34
11.500563 4.34
11.529159 4.02
11.545159 4.02
11.570285 4.34
11.581160 4.34
11.616678 4.02
11.632678 4.34
11.658036 4.34
11.670412 4.34
11.699036 4.34
11.711412 4.34
11.740286 4.34
11.751286 4.34
11.781804 4.34
11.792688 4.02
11.823037 4.02
11.835413 4.34
11.864162 4.34
11.880162 4.34
11.910564 4.34
11.921287 4.34
11.951930 4.34
11.962805 4.34
11.992913 4.34
12.003806 4.34
12.033913 4.34
12.044680 4.34
12.075039 4.34
12.087414 4.34
12.116039 4.34
12.131914 4.34
12.157039 4.34
12.169415 4.34
12.198039 4.34
12.213915 4.34
12.239040 4.34
12.254915 4.34
12.280040 4.34
12.296040 4.34
12.321040 4.34
12.333416 4.34
12.362040 4.34
12.377916 4.02
12.403040 4.34
12.419041 4.34
12.444041 4.34
12.460041 4.34
12.485041 4.34
12.501042 4.34
12.526042 4.34
12.541933 4.02
12.567167 4.34
12.578042 4.34
12.608292 4.34
12.619042 4.34
12.649698 4.34
12.665936 4.34
12.690934 4.02
12.701683 4.34
12.732043 4.34
12.747918 4.34
12.773168 4.34
12.784044 4.34
12.814294 4.34
12.825044 4.02
12.860698 4.02
12.876544 4.34
12.901919 4.34
12.912687 4.34
12.942919 4.34
12.953684 4.34
12.983920 4.34
12.994687 4.34
13.024920 4.34
13.035687 4.34
13.065920 4.02
13.076688 4.34
13.106921 4.34
13.117688 4.34
13.147921 4.02
13.158689 4.34
13.188921 4.34
13.199688 4.34
13.229938 4.34
13.240686 4.34
13.271047 4.34
13.286922 4.34
13.312046 4.34
13.327922 4.34
13.353047 4.34
13.368922 4.34
13.394047 4.34
13.409923 4.34
13.435048 4.34
13.450923 4.34
13.476048 4.34
13.491924 4.34
13.517049 4.34
13.532924 4.34
13.558174 4.34
13.574049 4.02
13.599299 4.34
13.610049 4.02
13.645692 4.34
13.661692 4.34
13.686925 4.34
13.697693 4.34
13.727925 4.34
13.738693 4.02
13.768926 4.34
13.779694 4.02
13.809925 4.34
13.820692 4.34
13.850926 4.34
13.861694 4.34
13.891942 4.34
13.904427 4.34
13.933051 4.34
13.948927 4.34
13.974052 4.34
13.989926 4.34
14.015052 4.34
14.030927 4.34
14.056052 4.34
14.071927 4.34
14.097052 4.34
14.112928 4.34
14.138053 4.34
14.153928 4.34
14.179053 4.34
14.194929 4.34
14.220178 4.34
14.230929 4.34
14.266554 4.34
14.277304 4.34
14.307946 4.34
14.320445 4.02
14.349179 4.34
14.359930 4.34
14.395555 4.34
14.408056 4.34
14.436946 4.34
14.449446 4.34
14.478180 4.34
14.488931 4.34
14.524556 4.34
14.536959 4.34
14.565946 4.34
14.578306 4.34
14.607056 4.34
14.617932 4.34
14.648056 4.02
14.658824 4.34
14.689056 4.34
14.699824 4.34
14.730057 4.34
14.740822 4.34
14.771057 4.34
14.781932 4.34
14.812058 4.34
14.822825 4.02
14.853058 4.34
14.863933 4.34
14.894058 4.34
14.904933 4.34
14.935184 4.34
14.945933 4.34
14.981558 4.34
14.993935 4.34
15.022950 4.34
15.038951 4.34
15.064060 4.34
15.079935 4.34
15.105185 4.34
15.115935 4.34
15.151578 4.34
15.163936 4.34
15.193060 4.02
15.209061 4.34
15.234185 4.34
15.244936 4.34
15.280579 4.34
15.296582 4.34
15.321951 4.34
15.337937 4.34
15.363062 4.02
15.378937 4.34
15.404187 4.34
15.414937 4.34
15.450580 4.34
15.466438 4.02
15.492062 4.34
15.507938 4.34
15.533188 4.34
15.544063 4.34
15.579581 4.34
15.595578 4.34
15.620953 4.34
15.637063 4.34
15.661939 4.34
15.677939 4.02
15.703064 4.34
15.719064 4.34
15.744189 4.34
15.755064 4.34
15.790583 4.34
15.806583 4.02
15.831955 4.34
15.847956 4.34
15.873065 4.34
15.888940 4.34
15.914191 4.34
15.924940 4.02
15.960582 4.34
15.976582 4.34
16.001956 4.34
16.017959 4.34
16.043066 4.34
16.058942 4.34
16.084192 4.34
16.095066 4.34
16.130443 4.34
16.146443 4.34
16.171960 4.34
16.187959 4.34
16.213193 4.34
16.223942 4.34
16.259585 4.02
16.275584 4.34
16.300958 4.34
16.316959 4.34
16.342069 4.34
16.357944 4.34
16.383194 4.34
16.394069 4.34
16.429586 4.34
16.445445 4.02
16.470962 4.02
16.486961 4.02
16.512070 4.02
16.527944 4.02
16.553195 4.02
16.564070 4.34
16.599447 4.02
16.615447 4.02
16.640961 4.34
16.656961 4.02
16.683947 4.34
16.694723 4.34
16.725071 4.34
16.740961 4.34
16.767947 4.02
16.778714 4.34
16.809072 4.34
16.824947 4.34
16.851948 4.02
16.862840 4.02
16.892947 4.34
16.908965 4.34
16.933947 4.02
16.949965 4.34
16.974948 4.34
16.990948 4.02
17.015948 4.02
17.031948 4.34
17.057073 4.34
17.067948 4.02
17.099949 4.34
17.110716 4.34
17.140949 4.34
17.156966 4.34
17.182074 4.34
17.192950 4.34
17.228325 4.34
17.240979 4.34
17.269842 4.34
17.282325 4.34
17.310950 4.34
17.326967 4.34
17.352076 4.34
17.362951 4.34
17.394827 4.34
17.405843 4.34
17.436076 4.02
17.446968 4.34
17.482326 4.34
17.493077 4.34
17.523732 4.34
17.534607 4.34
17.565077 4.34
17.575969 4.34
17.611327 4.34
17.627327 4.34
17.652732 4.34
17.663454 4.34
17.693953 4.34
17.704719 4.34
17.735078 4.34
17.745953 4.34
17.781328 4.34
17.792203 4.34
17.822732 4.34
17.833609 4.34
17.864080 4.34
17.874955 4.34
17.905079 4.34
17.915971 4.34
17.951329 4.34
17.967330 4.34
17.992733 4.34
18.003456 4.34
18.034081 4.34
18.044955 4.34
18.080331 4.34
18.091080 4.34
18.121735 4.34
18.132599 4.34
18.163081 4.34
18.173957 4.34
18.209332 4.34
18.220081 4.34
18.250736 4.34
18.261611 4.34
18.292082 4.34
18.302957 4.02
18.338332 4.34
18.349082 4.34
18.379737 4.34
18.390459 4.34
18.421083 4.34
18.431958 4.02
18.467333 4.34
18.478083 4.34
18.508738 4.34
18.519613 4.34
18.550084 4.02
18.560959 4.34
18.596335 4.34
18.607084 4.02
18.637739 4.34
18.648613 4.34
18.679085 4.34
18.689960 4.34
18.725335 4.34
18.736210 4.34
18.766738 4.02
18.777614 4.34
18.808086 4.34
18.818961 4.02
18.854336 4.34
18.865211 4.34
18.895741 4.34
18.906613 4.02
18.937087 4.02
18.947962 4.02
18.983337 4.34
18.994087 4.34
19.024741 4.02
19.035463 4.34
19.065962 4.34
19.076730 4.34
19.107088 4.34
19.117964 4.34
19.153338 4.02
19.164213 4.02
19.194740 4.34
19.207214 4.02
19.236089 4.02
19.246964 4.02
19.282339 4.34
19.293089 4.34
19.323744 4.34
19.334618 4.34
19.365090 4.34
19.375965 4.34
19.411340 4.34
19.422090 4.34
19.452742 4.34
19.465215 4.34
19.493966 4.02
19.504733 4.34
19.535091 4.34
19.545983 4.02
19.581341 4.34
19.592091 4.02
19.622745 4.34
19.635341 4.34
19.664092 4.02
19.674984 4.34
19.710342 4.34
19.722844 4.34
19.751747 4.34
19.764218 4.02
19.793093 4.34
19.803967 4.34
19.839343 4.34
19.851845 4.02
19.880858 4.34
19.896860 4.02
19.921986 4.34
19.932862 4.34
19.968344 4.34
19.984344 4.34
20.009859 4.34
20.026095 4.34
20.050985 4.34
20.061861 4.34
20.092095 4.34
20.102970 4.34
20.138345 4.34
20.150846 4.34
20.179735 4.34
20.192221 4.02
20.220971 4.34
20.231861 4.02
20.262096 4.34
20.272971 4.02
20.308346 4.34
20.324221 4.34
20.349752 4.02
20.365752 4.02
20.391097 4.34
20.401972 4.34
20.437348 4.34
20.453222 4.34
20.478865 4.34
20.495098 4.02
20.519989 4.34
20.530740 4.34
20.561098 4.02
20.571974 4.34
20.607348 4.02
20.623348 4.34
20.648752 4.34
20.664628 4.34
20.689974 4.34
20.700741 4.02
20.730974 4.34
20.741740 4.34
20.771975 4.02
20.782740 4.34
20.812975 4.34
20.823742 4.34
20.853976 4.34
20.864742 4.34
20.895101 4.34
20.905976 4.02
20.941351 4.34
20.957351 4.02
20.982755 4.02
20.998753 4.02
21.023977 4.02
21.034744 4.02
21.065102 4.02
21.075977 4.02
21.111352 4.02
21.127352 4.34
21.152755 4.34
21.168632 4.34
21.193977 4.34
21.204744 4.34
21.234978 4.34
21.245744 4.34
21.275978 4.02
21.286743 4.02
21.317103 4.34
21.327978 4.34
21.363353 4.34
21.379354 4.02
21.404633 4.34
21.415480 4.34
21.445997 4.34
21.456873 4.02
21.492355 4.02
21.508229 4.02
21.533762 4.34
21.549760 4.34
21.575105 4.02
21.585980 4.34
21.621355 4.34
21.637230 4.34
21.662872 4.34
21.678998 4.34
21.703998 4.34
21.714749 4.34
21.750356 4.02
21.766232 4.34
21.791874 4.34
21.808000 4.34
21.832998 4.34
21.843751 4.34
21.879357 4.34
21.895232 4.34
21.920761 4.02
21.936637 4.02
21.961984 4.34
21.972751 4.34
22.004734 4.34
22.015484 4.34
22.047734 4.34
22.058637 4.34
22.089001 4.34
22.099751 4.34
22.135359 4.02
22.151234 4.34
22.176762 4.34
22.192636 4.34
22.219736 4.34
22.230485 4.34
22.261000 4.34
22.271753 4.34
22.307361 4.34
22.323235 4.34
22.348638 4.34
22.361111 4.34
22.389878 4.34
22.400626 4.34
22.432737 4.34
22.443639 4.02
22.473877 4.34
22.484630 4.02
22.516738 4.34
22.527487 4.02
22.559766 4.02
22.570640 4.34
22.602766 4.34
22.613488 4.34
22.645767 4.34
22.656643 4.34
22.688766 4.34
22.699488 4.02
22.731769 4.34
22.742488 4.34
22.778363 4.02
22.802756 4.34
22.818630 4.34
22.845770 4.34
22.856641 4.34
22.888770 4.34
22.899644 4.34
22.935240 4.34
22.951365 4.02
22.979642 4.02
22.992240 4.34
23.020881 4.34
23.031633 4.34
23.067116 4.34
23.077883 4.34
23.108241 4.34
23.120644 4.34
23.149491 4.34
23.160241 4.34
23.190759 4.34
23.206758 4.34
23.231885 4.34
23.242635 4.34
23.278117 4.34
23.288883 4.34
23.319242 4.34
23.331635 4.34
23.360493 4.34
23.371243 4.34
23.401761 4.34
23.417759 4.34
23.442885 4.02
23.453635 4.34
23.489377 4.34
23.500118 4.34
23.530773 4.34
23.541619 4.34
23.577244 4.34
23.593377 4.34
23.618495 4.02
23.629245 4.34
23.659762 4.34
23.670649 4.34
23.706378 4.34
23.717120 4.34
23.747774 4.34
23.758649 4.02
23.794379 4.34
23.805121 4.02
23.835763 4.34
23.846649 4.34
23.882376 4.34
23.893247 4.34
23.923775 4.02
23.934649 4.34
23.970379 4.02
23.981122 4.34
24.011763 4.34
24.022527 4.34
24.058247 4.02
24.074123 4.34
24.099528 4.34
24.110380 4.02
24.140766 4.34
24.151651 4.02
24.187249 4.34
24.203377 4.34
24.228526 4.02
24.239377 4.34
24.269890 4.02
24.280651 4.34
24.311250 4.02
24.327125 4.02
24.352527 4.34
24.363379 4.02
24.394000 4.34
24.404890 4.34
24.440250 4.34
24.456251 4.34
24.484655 4.02
24.500893 4.34
24.526001 4.02
24.536894 4.02
24.572126 4.34
24.582891 4.34
24.613251 4.02
24.629252 4.02
24.654531 4.02
24.665379 4.02
24.696020 4.02
24.706892 4.34
24.737253 4.34
24.753253 4.02
24.778529 4.34
24.789381 4.34
24.821658 4.34
24.832530 4.02
24.864656 4.02
24.875382 4.34
24.907660 4.34
24.918382 4.34
24.949004 4.34
24.959894 4.34
24.995384 4.34
25.006255 4.34
25.036897 4.34
25.047657 4.34
25.083255 4.34
25.099255 4.02
25.124535 4.34
25.137131 4.34
25.165898 4.34
25.176660 4.34
25.212256 4.34
25.228387 4.34
25.253385 4.34
25.264256 4.34
25.294899 4.34
25.305659 4.34
25.341256 4.34
25.357386 4.34
25.382537 4.02
25.395132 4.34
25.425648 4.34
25.436386 4.34
25.468662 4.34
25.479536 4.34
25.515258 4.34
25.531133 4.34
25.556536 4.34
25.569134 4.34
25.599665 4.34
25.610537 4.34
25.642664 4.34
25.653537 4.34
25.689259 4.02
25.705386 4.34
25.730536 4.34
25.743135 4.34
25.777260 4.34
25.793386 4.34
25.821662 4.34
25.837664 4.34
25.864512 4.34
25.875390 4.34
25.905902 4.34
25.916663 4.34
25.952261 4.34
25.968261 4.34
25.996666 4.34
26.012664 4.34
26.043261 4.34
26.059262 4.34
26.087663 4.34
26.103665 4.34
26.134262 4.02
26.150262 4.34
26.178664 4.34
26.189541 4.34
26.225263 4.02
26.241263 4.34
26.269665 4.34
26.285667 4.34
26.316263 4.34
26.332263 4.34
26.360667 4.34
26.371541 4.34
26.407264 4.34
26.418139 4.34
26.448545 4.34
26.464542 4.34
26.495264 4.34
26.506140 4.34
26.536668 4.34
26.547392 4.34
26.583265 4.34
26.594016 4.02
26.624544 4.02
26.640544 4.02
26.671141 4.34
26.687141 4.34
26.712393 4.34
26.723266 4.34
26.753907 4.34
26.764657 4.34
26.795017 4.34
26.805909 4.34
26.836017 4.34
26.846907 4.02
26.877018 4.34
26.887893 4.02
26.918018 4.34
26.928893 4.34
26.959017 4.34
26.969893 4.34
27.000144 4.34
27.016144 4.02
27.041269 4.02
27.052018 4.02
27.082547 4.34
27.098671 4.02
27.129269 4.02
27.140144 4.34
27.170548 4.34
27.186549 4.02
27.217144 4.34
27.233145 4.34
27.258270 4.02
27.269020 4.02
27.299549 4.02
27.315549 4.34
27.346146 4.34
27.362146 4.34
27.387271 4.02
27.398021 4.34
27.428548 4.34
27.444548 4.34
27.475271 4.34
27.486272 4.34
27.516551 4.34
27.532550 4.34
27.557912 4.02
27.568663 4.34
27.599148 4.34
27.615148 4.34
27.640273 4.34
27.651148 4.34
27.681552 4.34
27.697400 4.34
27.728149 4.34
27.744149 4.34
27.769274 4.02
27.780024 4.34
27.810677 4.02
27.821553 4.34
27.857150 4.34
27.873150 4.34
27.898275 4.34
27.909025 4.02
27.939553 4.02
27.955677 4.34
27.986275 4.02
27.997151 4.02
28.027552 4.02
28.043556 4.02
28.074276 4.34
28.085025 4.34
28.115553 4.02
28.131554 4.34
28.162276 4.34
28.173027 4.02
28.203678 4.34
28.214403 4.02
28.250277 4.02
28.263028 4.02
28.291680 4.34
28.302558 4.34
28.338277 4.34
28.349028 4.02
28.379556 4.34
28.395680 4.02
28.420919 4.34
28.431669 4.34
28.462154 4.02
28.478154 4.34
28.503279 4.02
28.514154 4.34
28.544557 4.34
28.560684 4.34
28.587531 4.34
28.598406 4.34
28.630532 4.34
28.641406 4.34
28.673532 4.34
28.684407 4.34
28.714683 4.02
28.725407 4.34
28.761280 4.34
28.772031 4.02
28.802683 4.02
28.813561 4.34
28.849282 4.02
28.860157 4.34
28.890683 4.34
28.901560 4.34
28.937157 4.34
28.953282 4.34
28.978282 4.34
28.989032 4.34
29.019562 4.34
29.035691 4.34
29.066283 4.34
29.077033 4.34
29.107562 4.34
29.123409 4.02
29.154159 4.34
29.165034 4.02
29.195284 4.34
29.206034 4.34
29.236561 4.02
29.247410 4.34
29.278035 4.34
29.294160 4.34
29.319035 4.34
29.335160 4.34
29.360035 4.34
29.376160 4.34
29.401035 4.34
29.417161 4.34
29.442036 4.34
29.454411 4.34
29.483161 4.34
29.493911 4.34
29.524286 4.02
29.535036 4.34
29.565689 4.34
29.576566 4.02
29.606929 4.34
29.617679 4.34
29.648037 4.34
29.664163 4.34
29.689037 4.34
29.705163 4.34
29.730162 4.02
29.741038 4.34
29.771288 4.34
29.782163 4.34
29.812690 4.34
29.823415 4.34
29.854039 4.34
29.870164 4.34
29.895164 4.34
29.905914 4.34
29.936289 4.34
29.947039 4.34
29.977691 4.34
29.988415 4.34
30.019039 4.34
30.035165 4.34
30.060040 4.34
30.076040 4.34
30.101040 4.34
30.117165 4.02
30.142040 4.02
30.158166 4.34
30.183041 4.34
30.199166 4.34
30.224041 4.34
30.240167 4.34
30.265041 4.34
30.281042 4.34
30.306042 4.34
30.322167 4.34
30.347167 4.34
30.357917 4.34
30.388418 4.34
30.404418 4.34
30.429689 4.34
30.440573 4.34
30.470918 4.34
30.481683 4.02
30.511918 4.02
30.522684 4.34
30.552919 4.02
30.563686 4.34
30.593919 4.02
30.604685 4.34
30.634919 4.34
30.645685 4.34
30.675920 4.34
30.686685 4.34
30.716920 4.34
30.727688 4.34
30.757920 4.34
30.768688 4.34
30.798921 4.34
30.809686 4.34
30.839921 4.34
30.850687 4.34
30.880921 4.34
30.891689 4.34
30.921921 4.34
30.932687 4.34
30.962921 4.34
30.973690 4.34
31.003921 4.34
31.014688 4.02
31.044922 4.34
31.060938 4.34
31.085922 4.34
31.096689 4.34
31.126923 4.34
31.137689 4.34
31.167923 4.34
31.178689 4.34
31.208923 4.34
31.219688 4.34
31.249923 4.34
31.262427 4.34
31.290924 4.34
31.303428 4.34
31.331924 4.34
31.342692 4.34
31.372924 4.34
31.385429 4.02
31.413925 4.34
31.424692 4.34
31.454925 4.34
31.465691 4.34
31.495925 4.34
31.508429 4.34
31.536925 4.34
31.549302 4.34
31.577926 4.34
31.590305 4.34
31.618926 4.34
31.631306 4.34
31.659927 4.34
31.672321 4.34
31.700927 4.34
31.713306 4.02
31.741927 4.02
31.754331 4.34
31.783458 4.34
31.799552 4.02
31.824945 4.02
31.837307 4.34
31.866052 4.34
31.882053 4.34
31.907053 4.34
31.923179 4.34
31.948178 4.34
31.958928 4.34
31.989458 4.34
32.005459 4.34
32.036054 4.34
32.046947 4.34
32.077054 4.34
32.087930 4.34
32.118054 4.34
32.128929 4.34
32.159055 4.34
32.169930 4.34
32.200055 4.34
32.210930 4.34
32.241055 4.34
32.251931 4.34
32.282056 4.34
32.292931 4.34
32.323055 4.34
32.333931 4.34
32.364056 4.34
32.374931 4.34
32.405057 4.34
32.415932 4.34
32.446182 4.34
32.456932 4.34
32.487307 4.34
32.503433 4.02
32.533948 4.02
32.550058 4.34
32.575057 4.34
32.585933 4.34
32.616058 4.34
32.626933 4.34
32.657058 4.02
32.667934 4.34
32.698058 4.02
32.708934 4.34
32.739059 4.34
32.749934 4.34
32.780184 4.34
32.790934 4.02
32.821435 4.34
32.832309 4.34
32.868185 4.02
32.878935 4.34
32.909436 4.02
32.920310 4.34
32.955954 4.34
32.971953 4.34
32.997185 4.34
33.007936 4.34
33.038437 4.34
33.049311 4.34
33.085186 4.34
33.095936 4.34
33.126454 4.34
33.137311 4.34
33.173187 4.34
33.183937 4.34
33.214438 4.34
33.225312 4.34
33.261187 4.34
33.271937 4.34
33.302439 4.34
33.313313 4.34
33.349188 4.34
33.359938 4.34
33.390439 4.34
33.401314 4.02
33.437189 4.34
33.447938 4.34
33.478314 4.34
33.494315 4.02
33.524956 4.34
33.540957 4.02
33.566190 4.34
33.577065 4.34
33.607442 4.34
33.618315 4.02
33.653958 4.34
33.669957 4.34
33.695191 4.02
33.705940 4.02
33.736442 4.34
33.747315 4.02
33.782959 4.34
33.798959 4.34
33.824191 4.34
33.835066 4.34
33.865443 4.34
33.876317 4.34
33.912192 4.02
33.922942 4.34
33.953443 4.34
33.964317 4.34
33.999961 4.02
34.015960 4.34
34.041193 4.34
34.051943 4.34
34.082318 4.34
34.098318 4.34
34.128962 4.34
34.144960 4.34
34.170194 4.34
34.182711 4.34
34.216323 4.02
34.227194 4.02
34.262963 4.34
34.278962 4.34
34.304195 4.34
34.316711 4.34
34.345446 4.34
34.356320 4.34
34.391960 4.34
34.407962 4.34
34.433196 4.34
34.445586 4.34
34.474447 4.34
34.485321 4.34
34.515946 4.34
34.531964 4.02
34.556947 4.34
34.573071 4.02
34.597947 4.02
34.614072 4.34
34.638948 4.02
34.654965 4.34
34.679947 4.34
34.695965 4.34
34.720948 4.02
34.736965 4.02
34.761948 4.34
34.777965 4.34
34.803073 4.34
34.813948 4.34
34.844199 4.34
34.860199 4.34
34.885324 4.34
34.896074 4.34
34.931966 4.34
34.942717 4.02
34.973075 4.34
34.983950 4.02
35.014200 4.34
35.030200 4.34
35.060605 4.34
35.071325 4.34
35.101968 4.34
35.112718 4.34
35.143201 4.34
35.159201 4.34
35.192841 4.02
35.208843 4.02
35.233951 4.34
35.244717 4.34
35.275076 4.34
35.285952 4.34
35.316202 4.34
35.332202 4.34
35.357453 4.02
35.368327 4.34
35.403843 4.34
35.419843 4.34
35.444953 4.34
35.455721 4.34
35.486203 4.34
35.502203 4.34
35.535844 4.34
35.551847 4.34
35.577079 4.34
35.587954 4.02
35.618204 4.34
35.634204 4.34
35.659456 4.34
35.670329 4.34
35.700733 4.02
35.716845 4.02
35.741955 4.34
35.752723 4.02
35.782956 4.34
35.793846 4.34
35.824080 4.34
35.834956 4.34
35.865206 4.34
35.881081 4.34
35.906457 4.34
35.917331 4.02
35.947733 4.34
35.963849 4.34
35.988957 4.34
35.999725 4.34
36.029957 4.02
36.040725 4.02
36.070957 4.34
36.081723 4.34
36.111958 4.34
36.122722 4.34
36.152958 4.34
36.163724 4.34
36.194084 4.34
36.204959 4.34
36.235208 4.02
36.251209 4.34
36.284851 4.34
36.300851 4.02
36.325959 4.34
36.336725 4.34
36.366960 4.34
36.377727 4.34
36.407960 4.34
36.418726 4.34
36.449085 4.34
36.459960 4.34
36.490210 4.34
36.506210 4.34
36.531461 4.34
36.542336 4.34
36.577851 4.34
36.593854 4.34
36.619086 4.02
36.629961 4.34
36.660211 4.34
36.676211 4.34
36.703236 4.34
36.714087 4.34
36.749980 4.34
36.760728 4.34
36.791337 4.34
36.802212 4.34
36.832855 4.34
36.843740 4.34
36.874088 4.02
36.884981 4.02
36.915213 4.34
36.931088 4.34
36.956494 4.34
36.967339 4.34
36.997980 4.34
37.008857 4.02
37.038964 4.34
37.049857 4.02
37.079965 4.02
37.090730 4.34
37.120965 4.34
37.131857 4.02
37.161965 4.02
37.172733 4.34
37.203090 4.34
37.215496 4.02
37.244215 4.02
37.260090 4.34
37.287100 4.02
37.297984 4.34
37.328216 4.34
37.344091 4.34
37.371101 4.34
37.381985 4.34
37.412217 4.34
37.428092 4.34
37.455101 4.02
37.465984 4.34
37.496217 4.02
37.512092 4.02
37.542593 4.34
37.553343 4.34
37.583984 4.34
37.594860 4.34
37.625219 4.34
37.635969 4.34
37.668104 4.34
37.678987 4.34
37.709219 4.34
37.720094 4.34
37.755611 4.02
37.768104 4.02
37.797095 4.02
37.812970 4.02
37.838219 4.34
37.849094 4.34
37.884623 4.02
37.900612 4.34
37.925987 4.34
37.936739 4.02
37.967220 4.34
37.977971 4.34
38.013623 4.02
38.024346 4.34
38.054987 4.02
38.065740 4.34
38.096097 4.34
38.111972 4.34
38.137222 4.34
38.148097 4.34
38.183614 4.02
38.194347 4.34
38.224989 4.34
38.235738 4.02
38.266223 4.34
38.276973 4.02
38.312628 4.34
38.323348 4.02
38.353990 4.34
38.364741 4.34
38.395223 4.34
38.405974 4.34
38.441616 4.34
38.452349 4.34
38.482992 4.34
38.493743 4.34
38.524225 4.02
38.535099 4.34
38.570630 4.34
38.586616 4.34
38.611975 4.34
38.622740 4.34
38.653100 4.34
38.668976 4.34
38.694226 4.34
38.704976 4.34
38.735351 4.34
38.746101 4.34
38.776756 4.34
38.792869 4.34
38.818102 4.34
38.834102 4.34
38.859227 4.34
38.869977 4.34
38.905618 4.34
38.916352 4.02
38.946995 4.34
38.957749 4.34
38.988228 4.34
38.998978 4.34
39.029353 4.34
39.040103 4.34
39.070757 4.34
39.086630 4.34
39.112104 4.34
39.127979 4.34
39.153229 4.34
39.163979 4.34
39.199621 4.34
39.215621 4.34
39.240997 4.02
39.253480 4.34
39.282230 4.34
39.293105 4.34
39.323355 4.34
39.334105 4.34
39.364759 4.34
39.380635 4.34
39.405981 4.34
39.416747 4.34
39.447106 4.34
39.462981 4.34
39.488231 4.34
39.498982 4.34
39.529357 4.34
39.540232 4.34
39.570761 4.34
39.586873 4.34
39.612108 4.34
39.628107 4.34
39.653232 4.34
39.663982 4.34
39.696109 4.34
39.707000 4.34
39.737233 4.34
39.748108 4.34
39.778358 4.34
39.789108 4.34
39.819762 4.34
39.830637 4.34
39.861109 4.34
39.876984 4.34
39.902234 4.34
39.913109 4.34
39.948627 4.34
39.964627 4.34
39.990003 4.34
40.002514 4.02
40.031235 4.34
40.042110 4.34
40.074015 4.34
40.084877 4.02
40.115236 4.34
40.126110 4.34
40.158013 4.34
40.168753 4.34
40.199236 4.34
40.209987 4.34
40.242018 4.34
40.252755 4.34
40.283237 4.34
40.294112 4.34
40.329488 4.34
40.340237 4.34
40.370764 4.34
40.381640 4.34
40.411988 4.34
40.424363 4.34
40.452988 4.34
40.465363 4.34
40.494114 4.34
40.510113 4.34
40.535239 4.34
40.545989 4.02
40.581489 4.34
40.592239 4.34
40.622754 4.34
40.633644 4.02
40.663989 4.34
40.679882 4.34
40.704990 4.34
40.717365 4.34
40.745990 4.34
40.761881 4.34
40.786991 4.34
40.802880 4.34
40.827991 4.34
40.843991 4.34
40.869116 4.34
40.884991 4.34
40.910116 4.34
40.920884 4.34
40.951241 4.34
40.962117 4.34
40.997644 4.34
41.013494 4.34
41.038884 4.34
41.049632 4.02
41.079993 4.34
41.095993 4.02
41.121118 4.02
41.136993 4.34
41.162243 4.02
41.172994 4.34
41.203647 4.34
41.219648 4.34
41.244884 4.34
41.255636 4.34
41.285994 4.34
41.301886 4.34
41.327119 4.34
41.342995 4.34
41.368244 4.02
41.379120 4.34
41.409648 4.34
41.425648 4.34
41.450885 4.34
41.461649 4.34
41.491995 4.34
41.507888 4.34
41.533121 4.34
41.549121 4.34
41.574246 4.34
41.585121 4.02
41.615496 4.34
41.626246 4.34
41.656762 4.34
41.667652 4.34
41.698122 4.02
41.714122 4.34
41.739247 4.34
41.749997 4.02
41.780649 4.34
41.796652 4.34
41.821998 4.34
41.838123 4.34
41.862998 4.34
41.878888 4.34
41.904123 4.34
41.919999 4.02
41.945248 4.34
41.955999 4.02
41.986654 4.34
42.002653 4.34
42.028000 4.34
42.044000 4.02
42.069125 4.34
42.085000 4.34
42.110250 4.02
42.121125 4.34
42.151653 4.34
42.167530 4.34
42.193000 4.34
42.209000 4.34
42.234001 4.34
42.249890 4.34
42.275001 4.34
42.290892 4.34
42.316002 4.34
42.332002 4.34
42.357002 4.34
42.372895 4.34
42.398001 4.34
42.413893 4.34
42.439002 4.34
42.455002 4.34
42.480002 4.34
42.496128 4.34
42.521003 4.34
42.537003 4.34
42.562003 4.34
42.577896 4.02
42.603004 4.34
42.618895 4.34
42.644129 4.34
42.654896 4.34
42.687034 4.34
42.697894 4.34
42.730035 4.34
42.740895 4.34
42.773034 4.34
42.783895 4.34
42.819384 4.34
42.843895 4.34
42.856384 4.34
42.890385 4.34
42.902908 4.34
42.931897 4.34
42.944255 4.34
42.973006 4.34
42.988897 4.02
43.014131 4.34
43.024899 4.34
43.060385 4.34
43.072912 4.02
43.101899 4.02
43.117897 4.02
43.143132 4.02
43.153897 4.02
43.189386 4.34
43.205386 4.02
43.230900 4.34
43.243258 4.34
43.272008 4.02
43.282900 4.34
43.313008 4.34
43.323898 4.34
43.354008 4.34
43.364898 4.34
43.395009 4.34
43.405900 4.34
43.436009 4.34
43.446902 4.34
43.477134 4.02
43.487902 4.34
43.523385 4.02
43.539385 4.34
43.564901 4.34
43.581010 4.34
43.606010 4.34
43.622011 4.34
43.647011 4.34
43.657903 4.34
43.688136 4.34
43.698901 4.34
43.734388 4.34
43.750391 4.34
43.775665 4.34
43.786540 4.02
43.817012 4.34
43.832901 4.02
43.858137 4.34
43.868902 4.02
43.904399 4.34
43.920541 4.34
43.945903 4.34
43.961904 4.34
43.987013 4.34
44.002904 4.34
44.028139 4.02
44.038904 4.34
44.074389 4.34
44.090389 4.34
44.115906 4.34
44.131904 4.34
44.157140 4.34
44.167905 4.34
44.203390 4.34
44.219394 4.34
44.244905 4.34
44.260905 4.34
44.285890 4.34
44.302015 4.02
44.326890 4.34
44.342906 4.02
44.367891 4.34
44.383907 4.34
44.408909 4.34
44.424906 4.34
44.449891 4.34
44.465907 4.02
44.490892 4.02
44.506909 4.34
44.531892 4.34
44.547783 4.34
44.572892 4.02
44.589017 4.34
44.613893 4.02
44.629908 4.02
44.654893 4.34
44.670910 4.34
44.695910 4.34
44.711911 4.02
44.736893 4.34
44.752909 4.34
44.778019 4.34
44.793894 4.34
44.819019 4.34
44.829894 4.34
44.860019 4.34
44.870894 4.02
44.901019 4.34
44.911894 4.34
44.942020 4.34
44.952895 4.02
44.983020 4.34
44.993911 4.34
45.024020 4.34
45.034896 4.34
45.065020 4.34
45.075896 4.34
45.106146 4.34
45.116896 4.34
45.152397 4.34
45.168397 4.34
45.193914 4.34
45.209911 4.02
45.235022 4.34
45.245914 4.34
45.276022 4.34
45.286897 4.34
45.317022 4.34
45.327898 4.34
45.358023 4.02
45.368915 4.34
45.399023 4.34
45.409898 4.34
45.440023 4.34
45.450899 4.34
45.481023 4.34
45.491899 4.34
45.522149 4.34
45.533024 4.34
45.568400 4.34
45.584403 4.34
45.609678 4.34
45.620553 4.34
45.651025 4.34
45.661915 4.34
45.692025 4.34
45.702900 4.34
45.733025 4.34
45.743901 4.02
45.774151 4.34
45.784900 4.34
45.820402 4.34
45.836405 4.34
45.861918 4.34
45.877916 4.34
45.903027 4.34
45.913919 4.34
45.944026 4.34
45.954902 4.34
45.985027 4.34
45.995902 4.34
46.026027 4.34
46.036902 4.34
46.067028 4.34
46.077903 4.34
46.108028 4.34
46.118903 4.02
46.149029 4.34
46.159904 4.34
46.190028 4.34
46.200904 4.34
46.231029 4.34
46.241904 4.34
46.272029 4.34
46.282904 4.34
46.313029 4.34
46.323905 4.34
46.354029 4.02
46.364905 4.34
46.395030 4.34
46.405905 4.02
46.436030 4.02
46.446905 4.34
46.477030 4.34
46.487906 4.34
46.518031 4.34
46.528906 4.34
46.564410 4.34
46.575408 4.34
46.605921 4.02
46.621921 4.02
46.647032 4.34
46.657906 4.34
46.688032 4.02
46.698907 4.34
46.729032 4.34
46.739907 4.34
46.770033 4.34
46.780908 4.34
46.811033 4.34
46.821800 4.34
46.852033 4.34
46.862908 4.34
46.893033 4.34
46.903909 4.34
46.934033 4.34
46.944909 4.34
46.975034 4.34
46.985909 4.34
47.016034 4.34
47.026909 4.34
47.057035 4.34
47.067910 4.02
47.098035 4.34
47.108910 4.34
47.139036 4.34
47.149910 4.34
47.180035 4.34
47.190911 4.34
47.221036 4.34
47.231911 4.02
47.262036 4.34
47.272911 4.34
47.303036 4.34
47.313912 4.34
47.344036 4.34
47.354912 4.34
47.385037 4.34
47.395912 4.34
47.426037 4.34
47.436912 4.34
47.467037 4.34
47.477912 4.34
47.508038 4.34
47.518913 4.34
47.554288 4.34
47.565038 4.02
47.595568 4.34
47.606415 4.34
47.637039 4.34
47.647931 4.34
47.678164 4.34
47.688914 4.34
47.724415 4.34
47.740419 4.34
47.765929 4.02
47.781931 4.34
47.807040 4.02
47.817915 4.34
47.849791 4.34
47.860694 4.34
47.891040 4.34
47.901915 4.34
47.933791 4.34
47.944694 4.02
47.975041 4.34
47.985916 4.34
48.017792 4.34
48.028693 4.02
48.059042 4.34
48.069917 4.34
48.105292 4.34
48.116042 4.34
48.146571 4.02
48.157418 4.34
48.187932 4.34
48.198685 4.34
48.230793 4.34
48.241696 4.34
48.271934 4.34
48.282686 4.34
48.314794 4.34
48.325570 4.34
48.355936 4.34
48.366684 4.34
48.398795 4.34
48.409572 4.34
48.439935 4.34
48.450811 4.34
48.482812 4.02
48.493813 4.02
48.529295 4.02
48.541824 4.02
48.570575 4.02
48.581296 4.34
48.611935 4.34
48.622814 4.02
48.654672 4.34
48.665440 4.34
48.695936 4.34
48.706688 4.34
48.742171 4.34
48.752922 4.34
48.783297 4.02
48.799296 4.34
48.824547 4.34
48.835297 4.34
48.865547 4.02
48.876297 4.34
48.906941 4.34
48.917688 4.02
48.953173 4.34
48.963923 4.34
48.994298 4.34
49.010298 4.34
49.035425 4.34
49.046299 4.34
49.076941 4.34
49.087691 4.34
49.123174 4.02
49.133924 4.34
49.164425 4.34
49.175300 4.34
49.205942 4.34
49.216702 4.02
49.246925 4.34
49.257690 4.34
49.287925 4.34
49.298817 4.02
49.328926 4.02
49.339692 4.34
49.369926 4.02
49.380693 4.34
49.410926 4.34
49.421693 4.34
49.451927 4.34
49.462692 4.34
49.492926 4.34
49.503694 4.02
49.533927 4.34
49.544819 4.34
49.574927 4.34
49.585695 4.34
49.615928 4.34
49.626695 4.34
49.656928 4.34
49.667696 4.34
49.697929 4.34
49.708696 4.34
49.738929 4.34
49.749694 4.34
49.779929 4.34
49.790697 4.34
49.820929 4.02
49.831698 4.34
49.861929 4.34
49.872822 4.02
49.902930 4.34
49.913696 4.02
49.943930 4.34
49.954697 4.34
49.984930 4.34
49.995698 4.34
50.025931 4.34
50.036698 4.34
50.066931 4.34
50.077698 4.34
50.107931 4.34
50.118699 4.34
50.148932 4.34
50.159699 4.34
50.189932 4.02
50.200699 4.02
50.230932 4.34
50.241699 4.34
50.271932 4.34
50.282697 4.34
50.312933 4.34
50.323700 4.34
50.353933 4.34
50.364698 4.34
50.394933 4.34
50.405701 4.34
50.435934 4.34
50.446700 4.34
50.476934 4.34
50.487701 4.34
50.519685 4.34
50.530559 4.34
50.562685 4.34
50.573435 4.02
50.605685 4.02
50.616560 4.34
50.646951 4.34
50.657702 4.02
50.689686 4.34
50.700560 4.02
50.730951 4.34
50.741702 4.34
50.773686 4.34
50.784561 4.34
50.816687 4.34
50.827437 4.34
50.857951 4.34
50.868703 4.34
50.900688 4.34
50.911439 4.34
50.943687 4.34
50.954562 4.34
50.990312 4.34
51.006187 4.02
51.031714 4.34
51.047715 4.34
51.074688 4.34
51.085578 4.02
51.115953 4.34
51.126706 4.34
51.158689 4.34
51.169581 4.02
51.199954 4.02
51.210706 4.34
51.246189 4.34
51.258690 4.34
51.287440 4.34
51.298314 4.34
51.328957 4.34
51.339707 4.34
51.370190 4.02
51.386065 4.02
51.411441 4.34
51.422315 4.34
51.452956 4.34
51.463834 4.34
51.499066 4.34
51.509941 4.34
51.540191 4.34
51.556191 4.02
51.581443 4.34
51.592316 4.34
51.622957 4.34
51.633708 4.34
51.664192 4.02
51.680192 4.34
51.705444 4.02
51.716317 4.34
51.746958 4.34
51.757708 4.34
51.793318 4.02
51.804193 4.34
51.834722 4.34
51.850720 4.02
51.881193 4.34
51.897069 4.34
51.922445 4.34
51.933319 4.34
51.963724 4.34
51.974445 4.34
52.010194 4.34
52.026070 4.34
52.051446 4.34
52.062320 4.34
52.092723 4.34
52.103446 4.34
52.139196 4.34
52.155071 4.34
52.183446 4.34
52.194320 4.34
52.224962 4.34
52.235712 4.34
52.266197 4.34
52.282071 4.34
52.307447 4.34
52.318321 4.34
52.348723 4.02
52.359447 4.34
52.395197 4.34
52.411197 4.02
52.436448 4.34
52.447323 4.34
52.477591 4.34
52.493591 4.34
52.518966 4.34
52.529715 4.34
52.560198 4.34
52.576198 4.02
52.601450 4.02
52.612324 4.34
52.642966 4.34
52.653714 4.02
52.689199 4.34
52.705324 4.34
52.730450 4.34
52.741324 4.34
52.771727 4.34
52.782450 4.34
52.818325 4.02
52.829200 4.02
52.859727 4.34
52.870452 4.34
52.906200 4.34
52.922201 4.34
52.947451 4.34
52.958326 4.34
52.988728 4.34
52.999452 4.34
53.035327 4.34
53.046202 4.34
53.076728 4.34
53.087453 4.02
53.123327 4.34
53.134202 4.34
53.164732 4.34
53.175595 4.34
53.211078 4.34
53.221969 4.02
53.252204 4.02
53.268203 4.34
53.296609 4.34
53.312719 4.34
53.337971 4.34
53.348719 4.02
53.379204 4.34
53.395079 4.34
53.420455 4.34
53.431330 4.34
53.461596 4.34
53.477455 4.34
53.502971 4.34
53.513723 4.34
53.549205 4.02
53.565330 4.34
53.590457 4.02
53.601331 4.34
53.631973 4.34
53.642723 4.34
53.673206 4.34
53.689081 4.34
53.714458 4.34
53.725331 4.34
53.755737 4.34
53.766610 4.34
53.802332 4.02
53.813082 4.34
53.843734 4.34
53.854459 4.34
53.890333 4.34
53.901208 4.34
53.931738 4.34
53.942613 4.34
53.978208 4.02
53.994209 4.34
54.019460 4.02
54.030334 4.34
54.060736 4.34
54.071460 4.34
54.107334 4.02
54.118209 4.34
54.148740 4.34
54.159460 4.34
54.195085 4.34
54.207586 4.34
54.236210 4.34
54.252210 4.34
54.277461 4.34
54.289960 4.34
54.318739 4.34
54.329612 4.34
54.365211 4.34
54.381211 4.34
54.409614 4.34
54.425855 4.34
54.456212 4.34
54.472337 4.34
54.500615 4.34
54.516740 4.34
54.547212 4.34
54.563337 4.34
54.591614 4.34
54.607855 4.02
54.638213 4.34
54.654088 4.02
54.682617 4.34
54.693492 4.34
54.729214 4.34
54.740089 4.34
54.770495 4.34
54.786617 4.34
54.817214 4.34
54.828089 4.34
54.858484 4.34
54.874465 4.34
54.905215 4.34
54.915965 4.02
54.946466 4.34
54.958965 4.02
54.987745 4.34
54.998466 4.34
55.029091 4.34
55.045216 4.34
55.070216 4.02
55.081091 4.02
55.111467 4.34
55.127618 4.34
55.152744 4.34
55.163620 4.34
55.193967 4.34
55.204735 4.34
55.234967 4.34
55.245732 4.34
55.276093 4.34
55.292217 4.02
55.317218 4.34
55.328093 4.34
55.358469 4.34
55.374620 4.34
55.399629 4.02
55.410469 4.34
55.446219 4.02
55.456969 4.34
55.487485 4.02
55.503624 4.02
55.534219 4.02
55.544990 4.34
55.575471 4.34
55.591624 4.34
55.622220 4.34
55.633095 4.34
55.663472 4.34
55.679622 4.34
55.704750 4.02
55.715624 4.34
55.745971 4.34
55.756738 4.34
55.787096 4.34
55.803221 4.34
55.828221 4.34
55.839096 4.34
55.869502 4.34
55.885623 4.34
55.916222 4.34
55.927097 4.34
55.957473 4.34
55.973473 4.34
56.004222 4.02
56.014973 4.34
56.045474 4.34
56.061627 4.02
56.086628 4.02
56.097474 4.34
56.133224 4.34
56.143973 4.34
56.174475 4.34
56.190627 4.34
56.215752 4.34
56.226626 4.02
56.257100 4.34
56.273100 4.34
56.298225 4.34
56.308975 4.34
56.339350 4.34
56.350225 4.34
56.380754 4.34
56.391476 4.34
56.421976 4.34
56.432743 4.34
56.462976 4.34
56.473743 4.34
56.504101 4.34
56.520226 4.34
56.545226 4.34
56.555977 4.34
56.586477 4.02
56.602629 4.34
56.633227 4.02
56.643977 4.34
56.674478 4.34
56.690478 4.34
56.721228 4.34
56.732103 4.34
56.762479 4.34
56.778632 4.02
56.803632 4.34
56.814479 4.02
56.850228 4.34
56.866228 4.34
56.894632 4.34
56.905479 4.02
56.941229 4.34
56.952104 4.34
56.982480 4.34
56.998480 4.02
57.029230 4.34
57.039980 4.02
57.070633 4.34
57.081481 4.34
57.117231 4.34
57.127980 4.34
57.158481 4.02
57.174636 4.02
57.199635 4.34
57.210511 4.34
57.246231 4.34
57.257106 4.34
57.287482 4.02
57.303637 4.34
57.330361 4.34
57.341107 4.34
57.376998 4.02
57.389361 4.34
57.418108 4.34
57.434232 4.34
57.459233 4.02
57.469983 4.02
57.500484 4.34
57.516484 4.34
57.547234 4.34
57.558109 4.34
57.588485 4.34
57.599359 4.02
57.629637 4.34
57.640486 4.34
57.671003 4.34
57.683364 4.34
57.712234 4.34
57.723110 4.02
57.753486 4.34
57.764360 4.02
57.800000 4.34
57.812365 4.34
57.841235 4.34
57.852110 4.34
57.882514 4.34
57.893361 4.34
57.929112 4.34
57.939986 4.34
57.970236 4.34
57.980987 4.34
58.011487 4.34
58.022237 4.34
58.058112 4.34
58.068877 4.02
58.099237 4.34
58.109987 4.34
58.140488 4.34
58.151238 4.02
58.187113 4.02
58.197878 4.02
58.228238 4.34
58.238988 4.02
58.269363 4.02
58.285363 4.02
58.319114 4.34
58.329881 4.34
58.360239 4.02
58.370989 4.34
58.401490 4.02
58.412240 4.34
58.448006 4.34
58.464006 4.34
58.489240 4.34
58.499991 4.34
58.530490 4.34
58.541366 4.34
58.577116 4.34
58.587883 4.34
58.618241 4.34
58.628991 4.02
58.659491 4.34
58.670241 4.02
58.706007 4.34
58.722009 4.02
58.747242 4.02
58.758117 4.02
58.788647 4.34
58.799493 4.02
58.829884 4.34
58.840636 4.34
58.870992 4.02
58.887008 4.34
58.911993 4.34
58.927993 4.02
58.953118 4.34
58.963887 4.34
58.994243 4.02
59.004994 4.34
59.035647 4.34
59.046494 4.02
59.076887 4.02
59.087635 4.34
59.118120 4.02
59.128887 4.34
59.159245 4.34
59.169995 4.34
59.202398 4.34
59.213245 4.02
59.249010 4.34
59.265014 4.34
59.290245 4.34
59.300996 4.02
59.331496 4.02
59.342246 4.34
59.378013 4.34
59.394012 4.34
59.419246 4.34
59.430122 4.34
59.460650 4.34
59.471497 4.02
59.501888 4.02
59.512651 4.34
59.543122 4.34
59.554014 4.02
59.584247 4.34
59.596998 4.02
59.627392 4.02
59.638248 4.02
59.674014 4.34
59.689998 4.02
59.715249 4.34
59.725998 4.34
59.758380 4.34
59.769249 4.02
59.801397 4.34
59.812377 4.34
59.848125 4.34
59.859000 4.02
59.889250 4.34
59.901892 4.34
59.930528 4.02
59.941379 4.34
59.972000 4.02
59.988126 4.02
60.013126 4.34
60.024001 4.34
60.054251 4.34
60.066655 4.02
60.097281 4.34
60.108001 4.34
60.144127 4.34
60.155002 4.34
60.185252 4.34
60.197657 4.34
60.231896 4.34
60.244280 4.34
60.273128 4.34
60.284002 4.34
60.314253 4.02
60.326657 4.02
60.355532 4.34
60.366382 4.02
60.396895 4.34
60.412896 4.34
60.438004 4.34
60.448896 4.34
60.479004 4.02
60.489897 4.34
60.520129 4.34
60.530895 4.34
60.561255 4.34
60.573657 4.34
60.607895 4.34
60.624130 4.34
60.649005 4.34
60.659898 4.34
60.690131 4.34
60.700898 4.34
60.731256 4.34
60.747256 4.34
60.772534 4.34
60.783386 4.34
60.813899 4.34
60.829897 4.34
60.855007 4.34
60.865899 4.34
60.896132 4.34
60.906899 4.34
60.937257 4.34
60.953257 4.34
60.978537 4.02
60.989386 4.34
61.019899 4.34
61.035900 4.34
61.061133 4.34
61.072009 4.02
61.102258 4.02
61.118259 4.34
61.143385 4.34
61.154259 4.34
61.190134 4.02
61.201009 4.34
61.231259 4.02
61.247259 4.34
61.272538 4.34
61.283385 4.34
61.313900 4.34
61.329901 4.34
61.355135 4.34
61.365902 4.34
61.396261 4.02
61.412260 4.34
61.437539 4.34
61.448390 4.02
61.478902 4.34
61.494903 4.02
61.520011 4.34
61.530901 4.34
61.561012 4.34
61.571902 4.34
61.602137 4.34
61.613012 4.34
61.643262 4.34
61.659262 4.02
61.684541 4.34
61.695389 4.34
61.725905 4.34
61.741905 4.34
61.767138 4.34
61.777903 4.34
61.808263 4.34
61.824264 4.34
61.849390 4.34
61.860264 4.34
61.896139 4.34
61.907014 4.34
61.937264 4.34
61.953264 4.02
61.978544 4.34
61.989390 4.34
62.020015 4.34
62.030905 4.34
62.061015 4.34
62.071905 4.34
62.102141 4.34
62.112891 4.02
62.143266 4.34
62.159141 4.34
62.186275 4.34
62.197016 4.34
62.227392 4.34
62.238267 4.34
62.274142 4.34
62.286671 4.02
62.315267 4.34
62.331267 4.34
62.358271 4.34
62.369142 4.34
62.401276 4.34
62.412018 4.34
62.442545 4.34
62.453268 4.34
62.484018 4.34
62.494910 4.34
62.525018 4.34
62.535912 4.02
62.566144 4.34
62.578661 4.34
62.607269 4.34
62.623269 4.34
62.650273 4.34
62.661019 4.34
62.693274 4.02
62.704020 4.34
62.736273 4.34
62.747020 4.34
62.779150 4.34
62.789895 4.34
62.820270 4.02
62.836270 4.34
62.863150 4.34
62.874021 4.34
62.904271 4.34
62.920271 4.02
62.950663 4.34
62.963150 4.02
62.992022 4.02
63.002913 4.02
63.033022 4.34
63.043914 4.34
63.074022 4.02
63.084898 4.02
63.115022 4.34
63.125898 4.02
63.156023 4.34
63.166899 4.34
63.197023 4.34
63.207915 4.02
63.238023 4.02
63.248899 4.34
63.279024 4.34
63.289899 4.02
63.320024 4.34
63.330914 4.34
63.361024 4.34
63.371900 4.34
63.402025 4.02
63.412900 4.34
63.443024 4.02
63.453900 4.34
63.484025 4.34
63.494915 4.02
63.525025 4.34
63.535901 4.34
63.566026 4.34
63.576917 4.34
63.607026 4.02
63.617901 4.34
63.648026 4.34
63.658902 4.02
63.689026 4.02
63.699902 4.02
63.730027 4.34
63.740902 4.34
63.771153 4.34
63.787027 4.34
63.812278 4.34
63.823028 4.34
63.858920 4.34
63.869670 4.34
63.900153 4.34
63.916028 4.34
63.941278 4.34
63.952028 4.34
63.987671 4.34
63.998405 4.34
64.029029 4.02
64.039921 4.34
64.070030 4.34
64.080904 4.34
64.111029 4.34
64.121905 4.34
64.152030 4.02
64.162905 4.34
64.193030 4.34
64.203905 4.02
64.234031 4.34
64.244906 4.34
64.275031 4.34
64.285906 4.34
64.316030 4.34
64.326906 4.34
64.357031 4.34
64.367906 4.34
64.398031 4.34
64.408907 4.02
64.439032 4.34
64.449907 4.34
64.480032 4.02
64.490907 4.34
64.521033 4.34
64.531908 4.34
64.562158 4.34
64.578033 4.34
64.603283 4.34
64.614033 4.34
64.649676 4.34
64.660409 4.34
64.691034 4.34
64.701925 4.34
64.732034 4.34
64.742909 4.34
64.773034 4.02
64.783909 4.34
64.814034 4.34
64.824910 4.34
64.855035 4.34
64.865910 4.34
64.896035 4.34
64.906910 4.34
64.937035 4.02
64.947911 4.34
64.978036 4.34
64.988911 4.34
65.019036 4.02
65.029911 4.34
65.060036 4.34
65.070911 4.34
65.101036 4.34
65.111912 4.34
65.142037 4.34
65.152912 4.34
65.183037 4.34
65.193912 4.34
65.224038 4.34
65.234803 4.02
65.265038 4.34
65.275913 4.02
65.306038 4.34
65.318566 4.34
65.347038 4.34
65.359566 4.34
65.388040 4.34
65.398914 4.34
65.429039 4.34
65.441567 4.34
65.470164 4.34
65.486039 4.34
65.511289 4.34
65.522039 4.34
65.557807 4.34
65.568681 4.34
65.599040 4.34
65.611416 4.34
65.640165 4.02
65.656041 4.34
65.681290 4.02
65.692041 4.02
65.727683 4.02
65.740051 4.34
65.768917 4.34
65.779684 4.34
65.809917 4.02
65.820682 4.34
65.850917 4.34
65.861684 4.34
65.891935 4.34
65.902810 4.34
65.933167 4.34
65.949042 4.34
65.979558 4.34
65.990293 4.34
66.020934 4.34
66.031686 4.34
66.062043 4.02
66.077919 4.02
66.103043 4.34
66.118919 4.34
66.144043 4.02
66.156420 4.34
66.185044 4.34
66.200919 4.34
66.226044 4.34
66.238421 4.34
66.267045 4.34
66.282920 4.02
66.308045 4.34
66.323920 4.02
66.349046 4.34
66.364920 4.34
66.390046 4.34
66.405921 4.34
66.431045 4.02
66.446921 4.02
66.472046 4.02
66.487922 4.02
66.513046 4.34
66.528922 4.02
66.554047 4.02
66.569922 4.02
66.595047 4.02
66.610922 4.02
66.636047 4.02
66.651923 4.02
66.677048 4.34
66.692923 4.02
66.718048 4.02
66.733923 4.34
66.759048 4.34
66.774924 4.34
66.800048 4.02
66.815924 4.02
66.841049 4.34
66.856924 4.02
66.882049 4.02
66.897924 4.34
66.923049 4.02
66.938925 4.02
66.964049 4.02
66.979925 4.02
67.005050 4.02
67.020925 4.02
67.046050 4.02
67.061926 4.34
67.087051 4.34
67.102926 4.02
67.128051 4.34
67.143926 4.34
67.169051 4.02
67.184926 4.34
67.210051 4.02
67.225927 4.34
67.251051 4.02
67.266927 4.02
67.292052 4.02
67.307927 4.02
67.333052 4.02
67.348928 4.34
67.374053 4.02
67.389928 4.02
67.415053 4.02
67.430928 4.02
67.456053 4.02
67.471928 4.02
67.497053 4.02
67.512929 4.34
67.538054 4.34
67.553929 4.34
67.579054 4.02
67.594929 4.02
67.620054 4.02
67.635930 4.34
67.661054 4.02
67.676929 4.02
67.702055 4.02
67.717930 4.02
67.743055 4.34
67.758930 4.34
67.784055 4.34
67.799931 4.02
67.825056 4.02
67.840931 4.34
67.866056 4.34
67.881931 4.34
67.907056 4.34
67.922931 4.02
67.948056 4.34
67.963932 4.34
67.989057 4.34
68.004932 4.34
68.030057 4.02
68.045932 4.34
68.071057 4.34
68.086933 4.34
68.112058 4.34
68.127933 4.34
68.153058 4.34
68.168933 4.34
68.194059 4.02
68.209933 4.34
68.235184 4.34
68.245934 4.34
68.281574 4.34
68.292309 4.34
68.322951 4.34
68.335435 4.02
68.364184 4.34
68.374935 4.34
68.410577 4.34
68.426578 4.34
68.451952 4.34
68.464310 4.34
68.493185 4.02
68.503936 4.34
68.535936 4.34
68.546827 4.34
68.577061 4.34
68.593061 4.02
68.618186 4.02
68.628937 4.02
68.664579 4.34
68.676938 4.34
68.706062 4.34
68.722062 4.34
68.747187 4.34
68.757936 4.34
68.793579 4.34
68.809578 4.02
68.834953 4.34
68.851063 4.34
68.876063 4.34
68.891938 4.34
68.917188 4.34
68.927937 4.34
68.963580 4.34
68.979579 4.02
69.004963 4.02
69.020957 4.34
69.046190 4.34
69.056939 4.02
69.092441 4.34
69.108441 4.34
69.133958 4.34
69.149958 4.34
69.175190 4.02
69.185940 4.34
69.221459 4.34
69.237445 4.34
69.262957 4.34
69.278957 4.34
69.304066 4.34
69.319941 4.34
69.345191 4.34
69.355941 4.34
69.391584 4.34
69.407583 4.34
69.432960 4.34
69.448958 4.34
69.473943 4.34
69.489958 4.34
69.515068 4.34
69.530943 4.34
69.556193 4.34
69.566943 4.34
69.602587 4.02
69.618585 4.34
69.643960 4.34
69.659960 4.34
69.685069 4.34
69.700944 4.34
69.726194 4.34
69.737069 4.34
69.772599 4.34
69.788588 4.34
69.813945 4.34
69.829962 4.02
69.854945 4.34
69.870963 4.34
69.895946 4.34
69.911963 4.34
69.937071 4.34
69.952946 4.34
69.978196 4.34
69.989071 4.34
70.024600 4.34
70.040590 4.34
70.066072 4.34
70.081947 4.34
70.107197 4.02
70.118072 4.34
70.153602 4.34
70.169588 4.34
70.194963 4.34
70.210966 4.34
70.236073 4.34
70.251948 4.34
70.277198 4.34
70.288073 4.34
70.323602 4.34
70.339590 4.02
70.364966 4.34
70.380965 4.34
70.405949 4.02
70.421949 4.34
70.446949 4.34
70.462966 4.34
70.488075 4.34
70.503950 4.02
70.530950 4.02
70.541843 4.34
70.572075 4.34
70.588076 4.34
70.614951 4.02
70.625718 4.34
70.661201 4.34
70.672076 4.34
70.707605 4.02
70.723452 4.34
70.748951 4.34
70.764966 4.34
70.790077 4.34
70.805952 4.34
70.832953 4.34
70.843717 4.34
70.874078 4.34
70.884953 4.34
70.916953 4.02
70.927719 4.34
70.958077 4.34
70.968954 4.34
71.000954 4.34
71.011719 4.34
71.042078 4.34
71.052953 4.34
71.084954 4.34
71.095719 4.34
71.126080 4.34
71.136954 4.02
71.168955 4.34
71.179722 4.34
71.210079 4.34
71.220955 4.34
71.256330 4.34
71.267080 4.34
71.297734 4.34
71.308609 4.34
71.339081 4.34
71.349955 4.34
71.381831 4.34
71.392596 4.02
71.422973 4.02
71.438973 4.34
71.469331 4.34
71.481859 4.34
71.510849 4.34
71.526974 4.34
71.551974 4.34
71.567974 4.34
71.593082 4.34
71.603957 4.34
71.639332 4.34
71.650083 4.34
71.680600 4.34
71.691460 4.34
71.721975 4.34
71.737976 4.34
71.763084 4.02
71.773959 4.34
71.809334 4.34
71.825334 4.34
71.850849 4.34
71.866726 4.34
71.892085 4.34
71.902977 4.34
71.938335 4.34
71.949085 4.02
71.979737 4.34
71.990461 4.34
72.021085 4.34
72.031961 4.34
72.067335 4.34
72.078086 4.34
72.108740 4.34
72.119616 4.34
72.150086 4.02
72.160961 4.34
72.196336 4.34
72.207087 4.34
72.237741 4.34
72.248617 4.34
72.279087 4.34
72.289962 4.02
72.325338 4.34
72.336212 4.34
72.366741 4.34
72.377617 4.34
72.408088 4.02
72.418963 4.02
72.454338 4.34
72.470339 4.34
72.495853 4.34
72.511730 4.34
72.536980 4.34
72.552981 4.34
72.583339 4.34
72.594214 4.34
72.624744 4.02
72.635619 4.34
72.665965 4.34
72.676731 4.34
72.706965 4.02
72.717730 4.02
72.747965 4.34
72.758734 4.34
72.789091 4.02
72.799966 4.02
72.835341 4.02
72.846091 4.34
72.876743 4.02
72.887467 4.34
72.917967 4.34
72.928732 4.02
72.959092 4.34
72.969967 4.34
73.005342 4.34
73.016092 4.34
73.046745 4.34
73.057468 4.34
73.088093 4.34
73.098968 4.34
73.134343 4.02
73.150343 4.34
73.175859 4.34
73.191984 4.02
73.216984 4.34
73.233094 4.34
73.257969 4.02
73.268736 4.34
73.298970 4.34
73.309734 4.34
73.340095 4.02
73.350970 4.02
73.386345 4.02
73.397094 4.02
73.427737 4.34
73.440220 4.02
73.469095 4.34
73.479971 4.34
73.515346 4.34
73.527847 4.02
73.556861 4.02
73.572865 4.34
73.597990 4.34
73.613989 4.34
73.639097 4.34
73.649972 4.34
73.685347 4.34
73.697849 4.34
73.726752 4.34
73.739348 4.34
73.768097 4.34
73.778989 4.02
73.814347 4.34
73.830348 4.34
73.856853 4.34
73.867628 4.34
73.897990 4.34
73.908864 4.02
73.944349 4.34
73.960349 4.34
73.985866 4.02
74.001866 4.34
74.027099 4.34
74.037975 4.02
74.073350 4.34
74.089350 4.34
74.114752 4.02
74.127100 4.02
74.156100 4.34
74.166975 4.34
74.202350 4.02
74.214727 4.34
74.243868 4.34
74.259993 4.02
74.290351 4.34
74.302727 4.02
74.331757 4.34
74.347755 4.02
74.373102 4.02
74.383977 4.34
74.419352 4.34
74.431728 4.34
74.460867 4.02
74.476868 4.02
74.507353 4.02
74.523353 4.02
74.548868 4.34
74.564871 4.02
74.589995 4.34
74.600871 4.02
74.636353 4.34
74.652354 4.34
74.677871 4.34
74.693994 4.02
74.724354 4.34
74.740229 4.02
74.765633 4.02
74.776510 4.34
74.806995 4.34
74.817746 4.34
74.853355 4.02
74.869230 4.34
74.894759 4.02
74.910760 4.34
74.935981 4.34
74.946747 4.34
74.976981 4.02
74.987748 4.34
75.018107 4.02
75.028982 4.34
75.064356 4.34
75.080357 4.34
75.105759 4.34
75.121634 4.34
75.146982 4.34
75.157749 4.34
75.188107 4.34
75.198983 4.34
75.234358 4.34
75.250358 4.34
75.275637 4.34
75.286484 4.34
75.317001 4.34
75.327751 4.34
75.363359 4.34
75.379234 4.02
75.404764 4.34
75.420636 4.02
75.445985 4.34
75.456877 4.02
75.487109 4.34
75.497985 4.02
75.533360 4.02
75.549235 4.34
75.574762 4.02
75.590639 4.34
75.616111 4.34
75.626877 4.34
75.662361 4.34
75.678237 4.34
75.703764 4.34
75.719763 4.34
75.744987 4.34
75.755752 4.02
75.786112 4.34
75.796879 4.34
75.832362 4.02
75.848362 4.02
75.873880 4.34
75.889880 4.34
75.914879 4.34
75.925630 4.02
75.955989 4.34
75.966881 4.34
75.998739 4.34
76.009489 4.34
76.039880 4.34
76.050630 4.34
76.082739 4.34
76.093489 4.34
76.123880 4.34
76.134632 4.34
76.166740 4.34
76.177641 4.34
76.207882 4.02
76.218631 4.02
76.250741 4.34
76.261490 4.34
76.291886 4.34
76.302633 4.34
76.334741 4.34
76.345491 4.34
76.375883 4.34
76.386633 4.34
76.418742 4.34
76.429491 4.34
76.459883 4.34
76.470633 4.34
76.502759 4.34
76.513492 4.34
76.545773 4.34
76.556492 4.34
76.588770 4.34
76.599644 4.34
76.635368 4.34
76.651243 4.02
76.676770 4.34
76.692645 4.34
76.719773 4.34
76.730648 4.34
76.762775 4.34
76.773494 4.34
76.809376 4.34
76.825244 4.02
76.850649 4.34
76.866771 4.02
76.891884 4.34
76.902648 4.34
76.938120 4.34
76.948887 4.34
76.979245 4.34
76.995245 4.34
77.020496 4.34
77.031245 4.34
77.061764 4.34
77.077650 4.02
77.102886 4.34
77.113648 4.02
77.149246 4.02
77.165246 4.02
77.190497 4.34
77.201246 4.34
77.231764 4.34
77.247651 4.02
77.272997 4.34
77.283766 4.34
77.319379 4.34
77.335248 4.34
77.360775 4.34
77.376650 4.02
77.407123 4.02
77.417999 4.34
77.448248 4.02
77.464382 4.02
77.489528 4.34
77.500383 4.02
77.530889 4.34
77.541651 4.02
77.577377 4.34
77.588249 4.34
77.618893 4.34
77.629652 4.34
77.660000 4.34
77.670890 4.34
77.706379 4.02
77.717250 4.34
77.747894 4.02
77.758655 4.02
77.794251 4.02
77.810251 4.02
77.838655 4.02
77.854893 4.34
77.880017 4.02
77.890895 4.02
77.921251 4.02
77.937380 4.34
77.962531 4.02
77.973380 4.34
78.004002 4.34
78.014894 4.34
78.050381 4.02
78.074895 4.02
78.085655 4.02
78.121253 4.34
78.137253 4.02
78.162533 4.34
78.173382 4.34
78.204005 4.02
78.214895 4.34
78.250382 4.34
78.266534 4.02
78.291896 4.02
78.302656 4.34
78.338385 4.34
78.349255 4.34
78.379897 4.02
78.390657 4.34
78.426255 4.02
78.442256 4.34
78.467659 4.34
78.483898 4.34
78.509006 4.34
78.519897 4.34
78.555256 4.34
78.571256 4.34
78.596536 4.02
78.607386 4.34
78.638007 4.02
78.648898 4.34
78.684257 4.02
78.700386 4.02
78.725659 4.02
78.755387 4.34
78.766258 4.02
78.796898 4.34
78.807661 4.02
78.843133 4.34
78.853900 4.34
78.884258 4.34
78.900134 4.34
78.925537 4.34
78.936259 4.02
78.966901 4.02
78.977664 4.34
79.013259 4.34
79.029385 4.02
79.054663 4.34
79.071010 4.34
79.097664 4.34
79.108540 4.34
79.140665 4.34
79.151538 4.02
79.183665 4.02
79.194540 4.02
79.226664 4.02
79.237390 4.02
79.269664 4.02
79.280541 4.34
79.312653 4.02
79.323542 4.34
79.355653 4.34
79.366539 4.02
79.402262 4.34
79.418388 4.02
79.443540 4.34
79.456013 4.34
79.486666 4.34
79.497390 4.34
79.529639 4.34
79.540542 4.34
79.576013 4.34
79.586903 4.34
79.617138 4.34
79.629640 4.34
79.658264 4.34
79.674139 4.34
79.699666 4.34
79.715908 4.34
79.746140 4.34
79.762140 4.34
79.787265 4.34
79.803140 4.34
79.828545 4.34
79.844544 4.34
79.875265 4.34
79.891394 4.34
79.916391 4.34
79.927266 4.34
79.957908 4.34
79.968658 4.02
80.004392 4.34
80.015267 4.34
80.045909 4.34
80.056660 4.02
80.092142 4.34
80.108143 4.02
80.133267 4.34
80.149267 4.34
80.174546 4.34
80.190547 4.02
80.221268 4.34
80.232143 4.34
80.262672 4.34
80.273548 4.02
80.309269 4.02
80.320144 4.34
80.350395 4.34
80.361269 4.34
80.391909 4.02
80.402662 4.34
80.433020 4.02
80.443911 4.34
80.474145 4.34
80.490145 4.34
80.515396 4.34
80.526270 4.34
80.556673 4.34
80.567548 4.02
80.603270 4.34
80.614146 4.34
80.644789 4.02
80.655786 4.34
80.686021 4.34
80.696896 4.34
80.727147 4.02
80.743146 4.34
80.768272 4.02
80.779147 4.02
80.809552 4.02
80.825677 4.34
80.856272 4.34
80.867023 4.34
80.897552 4.34
80.913677 4.02
80.944273 4.34
80.955149 4.34
80.985552 4.34
81.001677 4.34
81.032274 4.34
81.043024 4.34
81.073550 4.34
81.089400 4.34
81.120274 4.34
81.131025 4.34
81.161554 4.34
81.177556 4.34
81.208275 4.34
81.219150 4.34
81.249677 4.02
81.260555 4.34
81.296275 4.34
81.307026 4.34
81.337555 4.34
81.353555 4.34
81.384276 4.34
81.395152 4.34
81.425553 4.34
81.441556 4.34
81.466919 4.34
81.477669 4.34
81.508027 4.34
81.518918 4.34
81.549152 4.34
81.565152 4.34
81.590278 4.34
81.601153 4.02
81.631681 4.34
81.642405 4.34
81.678278 4.34
81.689029 4.34
81.719557 4.34
81.735682 4.02
81.766279 4.34
81.777029 4.34
81.807682 4.34
81.818559 4.34
81.854279 4.34
81.865030 4.34
81.895684 4.34
81.906405 4.34
81.942280 4.34
81.953030 4.34
81.983559 4.34
81.999559 4.34
82.030281 4.34
82.041031 4.34
82.071560 4.34
82.087685 4.02
82.118156 4.34
82.134031 4.34
82.159282 4.02
82.170031 4.02
82.200561 4.02
82.216685 4.34
82.247282 4.34
82.258032 4.34
82.288562 4.34
82.304685 4.34
82.335283 4.34
82.346158 4.34
82.376687 4.34
82.387563 4.34
82.423159 4.34
82.439283 4.34
82.464284 4.34
82.475159 4.34
82.505563 4.02
82.521689 4.34
82.552284 4.34
82.563160 4.34
82.593687 4.34
82.604411 4.34
82.640285 4.34
82.651160 4.34
82.681564 4.34
82.697564 4.34
82.728285 4.34
82.739036 4.02
82.769562 4.02
82.785412 4.34
82.816286 4.34
82.827162 4.34
82.857564 4.34
82.873563 4.34
82.900413 4.34
82.911287 4.02
82.947162 4.34
82.963287 4.02
82.988287 4.34
82.999037 4.34
83.029566 4.34
83.045692 4.34
83.076288 4.34
83.087038 4.34
83.117567 4.34
83.128414 4.34
83.159039 4.02
83.171415 4.34
83.200039 4.34
83.216039 4.34
83.241039 4.34
83.257164 4.34
83.282164 4.02
83.293040 4.34
83.323290 4.02
83.334040 4.02
83.364570 4.34
83.375416 4.34
83.411166 4.02
83.421915 4.34
83.452291 4.02
83.463041 4.34
83.493572 4.34
83.504417 4.34
83.540166 4.34
83.551042 4.34
83.581418 4.34
83.597418 4.34
83.628167 4.34
83.639042 4.34
83.669292 4.34
83.680042 4.02
83.710571 4.02
83.721419 4.34
83.751935 4.34
83.762685 4.02
83.793043 4.34
83.809043 4.34
83.834043 4.34
83.850169 4.34
83.875044 4.34
83.891044 4.34
83.916044 4.34
83.932169 4.34
83.957044 4.34
83.973169 4.34
83.998045 4.02
84.014170 4.34
84.039045 4.34
84.055170 4.02
84.080045 4.02
84.096171 4.02
84.121045 4.02
84.137046 4.34
84.162046 4.34
84.178172 4.34
84.203046 4.34
84.219171 4.02
84.244046 4.34
84.260171 4.34
84.285047 4.34
84.301047 4.02
84.326047 4.34
84.342172 4.34
84.367047 4.34
84.383047 4.02
84.408047 4.34
84.424173 4.34
84.449048 4.34
84.465173 4.34
84.490048 4.02
84.506173 4.34
84.531048 4.34
84.547174 4.34
84.572048 4.34
84.588174 4.34
84.613049 4.02
84.629174 4.34
84.654049 4.34
84.670049 4.34
84.695050 4.02
84.711175 4.34
84.736050 4.34
84.752175 4.34
84.777050 4.34
84.793175 4.02
84.818050 4.34
84.834050 4.34
84.859051 4.34
84.875176 4.34
84.900051 4.34
84.916176 4.34
84.941051 4.34
84.957176 4.02
84.982052 4.34
84.998176 4.34
85.023052 4.34
85.039052 4.02
85.064053 4.34
85.080177 4.34
85.105053 4.34
85.121052 4.34
85.146052 4.34
85.162178 4.34
85.187053 4.34
85.203178 4.34
85.228053 4.34
85.244178 4.34
85.269054 4.34
85.285179 4.34
85.310053 4.34
85.326179 4.34
85.351054 4.34
85.367179 4.34
85.392054 4.34
85.408180 4.34
85.433055 4.34
85.449180 4.02
85.474055 4.02
85.490055 4.02
85.515055 4.34
85.531055 4.02
85.556056 4.34
85.572181 4.02
85.597055 4.02
85.613056 4.02
85.638056 4.34
85.654181 4.34
85.679056 4.34
85.695056 4.02
85.720057 4.34
85.730823 4.34
85.761057 4.02
85.777182 4.34
85.802058 4.34
85.818182 4.34
85.843057 4.34
85.859183 4.34
85.884058 4.34
85.900183 4.34
85.925058 4.34
85.941183 4.34
85.966058 4.34
85.976933 4.34
86.007059 4.34
86.017934 4.34
86.048184 4.34
86.058934 4.02
86.089435 4.34
86.100309 4.02
86.136185 4.34
86.146935 4.34
86.177436 4.02
86.188310 4.34
86.224185 4.34
86.234935 4.02
86.265310 4.34
86.281311 4.02
86.311953 4.34
86.327951 4.34
86.353186 4.02
86.363936 4.34
86.394311 4.34
86.410312 4.34
86.440954 4.34
86.456955 4.34
86.482187 4.34
86.492937 4.34
86.523438 4.34
86.534312 4.34
86.570188 4.34
86.580938 4.34
86.611439 4.34
86.622313 4.34
86.658188 4.34
86.668938 4.34
86.699313 4.34
86.715313 4.34
86.745957 4.34
86.761956 4.34
86.787189 4.34
86.798065 4.34
86.828441 4.34
86.839315 4.34
86.874957 4.34
86.890940 4.34
86.916190 4.34
86.926940 4.34
86.957441 4.34
86.968316 4.34
87.004191 4.34
87.014940 4.34
87.045442 4.34
87.056316 4.34
87.091960 4.34
87.107959 4.34
87.133191 4.34
87.143942 4.34
87.174443 4.02
87.185317 4.34
87.221192 4.34
87.231942 4.34
87.262443 4.34
87.273317 4.34
87.309193 4.02
87.319942 4.34
87.350318 4.34
87.366318 4.34
87.396961 4.34
87.412960 4.34
87.438193 4.34
87.448944 4.34
87.479445 4.34
87.490319 4.02
87.525961 4.34
87.541959 4.34
87.567195 4.34
87.578070 4.34
87.608447 4.34
87.619320 4.34
87.654960 4.34
87.670963 4.34
87.696196 4.34
87.707071 4.34
87.737447 4.34
87.748321 4.34
87.778588 4.34
87.789448 4.34
87.820072 4.34
87.830946 4.02
87.861196 4.34
87.871947 4.34
87.902448 4.34
87.913322 4.02
87.948962 4.34
87.964966 4.34
87.990198 4.34
88.000948 4.34
88.031449 4.34
88.042323 4.34
88.077966 4.34
88.093965 4.34
88.119199 4.34
88.131717 4.34
88.165328 4.34
88.176199 4.34
88.211970 4.34
88.227967 4.34
88.253200 4.34
88.263949 4.34
88.294450 4.34
88.305325 4.34
88.340968 4.34
88.356965 4.34
88.382200 4.02
88.394593 4.34
88.423451 4.34
88.434326 4.34
88.469967 4.34
88.485969 4.34
88.511201 4.34
88.523592 4.34
88.557206 4.34
88.568077 4.34
88.598454 4.34
88.609327 4.34
88.644845 4.34
88.657207 4.34
88.686078 4.34
88.696953 4.34
88.727203 4.34
88.743203 4.34
88.768455 4.34
88.779328 4.34
88.809844 4.34
88.822208 4.34
88.851079 4.34
88.861954 4.34
88.892204 4.34
88.904596 4.34
88.933455 4.34
88.944329 4.34
88.974971 4.34
88.985721 4.34
89.016205 4.34
89.028599 4.34
89.057456 4.34
89.068330 4.34
89.098735 4.34
89.114848 4.34
89.139956 4.34
89.150724 4.34
89.180956 4.34
89.191723 4.34
89.221956 4.34
89.232722 4.34
89.263082 4.34
89.273957 4.34
89.304207 4.34
89.320207 4.34
89.345332 4.34
89.356207 4.34
89.391974 4.34
89.402725 4.34
89.433083 4.34
89.443958 4.34
89.474208 4.34
89.490208 4.34
89.515459 4.34
89.526333 4.34
89.561852 4.34
89.577852 4.34
89.602959 4.34
89.613726 4.34
89.644085 4.34
89.654960 4.34
89.685210 4.34
89.701210 4.34
89.726461 4.34
89.737335 4.34
89.772853 4.34
89.788851 4.34
89.813960 4.34
89.824729 4.34
89.855086 4.34
89.865961 4.02
89.896211 4.02
89.912211 4.34
89.937462 4.34
89.948336 4.34
89.983854 4.02
89.999727 4.34
90.024962 4.34
90.035730 4.34
90.065962 4.34
90.076728 4.34
90.106963 4.34
90.117731 4.34
90.148088 4.34
90.158963 4.34
90.189213 4.34
90.205213 4.34
90.230464 4.34
90.241339 4.34
90.276854 4.34
90.292855 4.34
90.318089 4.34
90.328964 4.02
90.359214 4.34
90.375214 4.34
90.408857 4.34
90.424857 4.34
90.450090 4.02
90.460965 4.34
90.491215 4.34
90.507215 4.34
90.532466 4.34
90.543341 4.34
90.573984 4.34
90.584731 4.34
90.615216 4.34
90.631216 4.34
90.658227 4.34
90.669092 4.34
90.699468 4.34
90.710342 4.34
90.740859 4.34
90.756859 4.34
90.781968 4.34
90.792859 4.34
90.822968 4.34
90.833860 4.34
90.863968 4.34
90.874859 4.34
90.905094 4.34
90.917623 4.34
90.946219 4.34
90.962219 4.34
90.989228 4.34
90.999969 4.34
91.032228 4.34
91.042970 4.34
91.075228 4.34
91.085970 4.34
91.116345 4.34
91.127095 4.34
91.157749 4.34
91.173861 4.34
91.199095 4.34
91.211471 4.34
91.240221 4.34
91.261346 4.34
91.272096 4.34
91.302750 4.34
91.315105 4.34
91.344097 4.34
91.356472 4.34
91.385221 4.34
91.395972 4.34
91.428106 4.34
91.438990 4.34
91.469222 4.02
91.485222 4.34
91.515627 4.34
91.526348 4.02
91.556990 4.02
91.567740 4.34
91.598223 4.34
91.609098 4.34
91.644616 4.34
91.660614 4.34
91.685990 4.34
91.696739 4.02
91.727224 4.34
91.738099 4.34
91.773628 4.02
91.789615 4.02
91.814990 4.34
91.825740 4.34
91.856100 4.34
91.868508 4.34
91.897225 4.34
91.908100 4.02
91.943617 4.34
91.954350 4.34
91.984993 4.34
91.995742 4.02
92.026226 4.34
92.036976 4.34
92.072629 4.34
92.088619 4.34
92.113995 4.02
92.124745 4.34
92.155227 4.34
92.166102 4.34
92.201620 4.34
92.217618 4.34
92.242994 4.34
92.253745 4.34
92.284228 4.34
92.294977 4.34
92.330620 4.34
92.341353 4.34
92.371996 4.34
92.382745 4.34
92.413229 4.34
92.424104 4.34
92.459631 4.34
92.470354 4.34
92.500998 4.34
92.511873 4.34
92.541980 4.34
92.552759 4.34
92.583105 4.34
92.599105 4.34
92.624230 4.34
92.635105 4.34
92.670621 4.34
92.686624 4.34
92.711999 4.34
92.722749 4.34
92.753231 4.34
92.764106 4.34
92.799622 4.34
92.810357 4.34
92.840999 4.34
92.851748 4.34
92.882232 4.34
92.893108 4.34
92.928636 4.34
92.944623 4.34
92.969998 4.34
92.980748 4.34
93.010983 4.34
93.021751 4.34
93.052108 4.34
93.068108 4.34
93.093234 4.34
93.103984 4.34
93.139624 4.34
93.150359 4.34
93.181001 4.34
93.191752 4.34
93.222235 4.34
93.233110 4.34
93.263360 4.34
93.274110 4.34
93.304765 4.34
93.320877 4.34
93.345986 4.34
93.356750 4.34
93.387111 4.34
93.402986 4.34
93.428236 4.34
93.439111 4.34
93.474641 4.34
93.490627 4.34
93.515879 4.34
93.526630 4.02
93.556880 4.34
93.567627 4.34
93.598112 4.34
93.614112 4.34
93.639237 4.34
93.649987 4.34
93.685629 4.02
93.701631 4.34
93.726880 4.34
93.737631 4.34
93.767988 4.02
93.778879 4.34
93.809114 4.02
93.825113 4.02
93.850239 4.34
93.860988 4.34
93.896631 4.34
93.912629 4.34
93.937881 4.34
93.948631 4.34
93.978990 4.34
93.991490 4.34
94.019990 4.34
94.032365 4.34
94.061116 4.34
94.076990 4.34
94.102241 4.34
94.113116 4.34
94.148643 4.34
94.164645 4.34
94.189884 4.34
94.200634 4.34
94.231117 4.34
94.246992 4.02
94.272242 4.34
94.282992 4.34
94.318644 4.34
94.330994 4.34
94.360118 4.02
94.375993 4.34
94.401243 4.34
94.412118 4.34
94.442645 4.34
94.454994 4.34
94.483884 4.34
94.494636 4.34
94.525119 4.34
94.541119 4.34
94.566244 4.34
94.576994 4.34
94.607648 4.34
94.623648 4.34
94.648884 4.34
94.659649 4.34
94.690120 4.34
94.705995 4.34
94.731245 4.34
94.742120 4.34
94.772649 4.34
94.788648 4.34
94.813888 4.34
94.824649 4.34
94.855121 4.34
94.871122 4.34
94.896246 4.34
94.906996 4.34
94.937650 4.34
94.953651 4.34
94.978891 4.34
94.989652 4.34
95.019998 4.34
95.035889 4.34
95.061123 4.34
95.077123 4.34
95.102247 4.34
95.113123 4.34
95.143653 4.34
95.159650 4.34
95.184998 4.34
95.200999 4.34
95.225999 4.34
95.241999 4.34
95.266999 4.34
95.282998 4.34
95.307999 4.34
95.323999 4.34
95.349125 4.34
95.365125 4.34
95.390250 4.34
95.401125 4.34
95.431652 4.34
95.447527 4.34
95.473000 4.34
95.489001 4.34
95.514126 4.34
95.530126 4.34
95.555250 4.34
95.566127 4.34
95.596654 4.34
95.612530 4.34
95.638002 4.34
95.654127 4.34
95.679127 4.34
95.695127 4.34
95.720252 4.34
95.731002 4.34
95.766656 4.34
95.782657 4.34
95.808003 4.34
95.824003 4.34
95.849003 4.34
95.864896 4.34
95.890003 4.34
95.906003 4.34
95.931129 4.34
95.947129 4.34
95.972254 4.34
95.983004 4.34
96.013658 4.34
96.029533 4.34
96.055005 4.34
96.071005 4.34
96.096005 4.34
96.111895 4.34
96.137130 4.34
96.153005 4.34
96.178255 4.34
96.189006 4.34
96.219658 4.34
96.235660 4.34
96.261006 4.34
96.277131 4.34
96.302131 4.34
96.318006 4.34
96.345007 4.34
96.355899 4.34
96.386007 4.34
96.401900 4.34
96.427007 4.34
96.442898 4.34
96.468132 4.34
96.478898 4.34
96.511008 4.34
96.521900 4.34
96.552133 4.34
96.562898 4.34
96.595009 4.34
96.605901 4.34
96.636009 4.34
96.652009 4.34
96.677009 4.34
96.692901 4.34
96.718134 4.34
96.728901 4.34
96.761010 4.34
96.771899 4.34
96.802135 4.34
96.812901 4.34
96.848385 4.34
96.860904 4.34
96.889903 4.34
96.902260 4.34
96.931136 4.34
96.942011 4.34
96.977386 4.34
96.993388 4.34
97.018904 4.34
97.031388 4.34
97.060012 4.34
97.070902 4.34
97.101011 4.34
97.111902 4.34
97.142012 4.34
97.152904 4.34
97.183137 4.34
97.193905 4.34
97.229391 4.34
97.245396 4.34
97.270903 4.34
97.286904 4.34
97.312013 4.34
97.328014 4.34
97.353139 4.34
97.364014 4.34
97.399390 4.34
97.415390 4.34
97.440906 4.34
97.456906 4.34
97.482015 4.34
97.497890 4.34
97.523140 4.34
97.533890 4.34
97.569391 4.34
97.585392 4.34
97.610905 4.34
97.626906 4.34
97.652141 4.34
97.662907 4.34
97.698394 4.34
97.714392 4.34
97.739909 4.34
97.755908 4.34
97.781017 4.34
97.797017 4.34
97.822017 4.34
97.832892 4.34
97.863017 4.34
97.873892 4.34
97.904143 4.34
97.915018 4.34
97.950394 4.34
97.966394 4.34
97.991909 4.34
98.007893 4.34
98.032893 4.34
98.048909 4.34
98.074018 4.34
98.084894 4.34
98.115019 4.34
98.125894 4.34
98.156144 4.34
98.166894 4.34
98.202396 4.34
98.218396 4.34
98.243912 4.34
98.259913 4.34
98.284895 4.34
98.300911 4.34
98.326020 4.34
98.336896 4.34
98.367021 4.34
98.377896 4.34
98.408146 4.34
98.418896 4.34
98.454398 4.34
98.470398 4.34
98.495914 4.34
98.511911 4.34
98.537022 4.34
98.553022 4.34
98.578147 4.34
98.589022 4.34
98.624399 4.34
98.640399 4.34
98.665676 4.34
98.676550 4.34
98.707023 4.34
98.722899 4.34
98.748023 4.34
98.758899 4.34
98.789024 4.34
98.799899 4.34
98.830024 4.34
98.840900 4.34
98.871024 4.02
98.881917 4.34
98.913901 4.34
98.924677 4.34
98.955024 4.34
98.971025 4.34
98.996025 4.34
99.006900 4.02
99.037150 4.02
99.047901 4.34
99.083402 4.34
99.099405 4.34
99.124920 4.34
99.140918 4.34
99.165901 4.34
99.182026 4.34
99.207026 4.34
99.223027 4.02
99.248152 4.02
99.259027 4.34
99.294404 4.34
99.310404 4.34
99.335920 4.34
99.351919 4.34
99.377028 4.02
99.387903 4.34
99.418028 4.34
99.428903 4.34
99.459028 4.34
99.469904 4.02
99.500029 4.34
99.510904 4.34
99.541154 4.34
99.551904 4.34
99.587406 4.34
99.603409 4.34
99.628682 4.34
99.639406 4.34
99.669923 4.34
99.686030 4.34
99.711030 4.34
99.721906 4.34
99.752030 4.34
99.762905 4.34
99.793031 4.34
99.803906 4.34
99.834031 4.34
99.844906 4.34
99.875031 4.34
99.885923 4.34
99.916157 4.34
99.927031 4.34
99.962407 4.34
99.978408 4.34
100.003924 4.34
100.019923 4.34
100.045033 4.34
100.055908 4.34
100.086033 4.34
100.096926 4.34
100.127033 4.34
100.137908 4.34
100.168033 4.34
100.178908 4.34
100.209034 4.34
100.219909 4.34
100.250034 4.34
100.260909 4.34
100.291034 4.34
100.301910 4.34
100.332034 4.34
100.342910 4.34
100.373035 4.34
100.383910 4.34
100.414035 4.34
100.424910 4.34
100.455035 4.34
100.465911 4.34
100.496035 4.34
100.506911 4.34
100.537036 4.34
100.547911 4.34
100.578036 4.34
100.588911 4.34
100.619037 4.34
100.629912 4.34
100.660037 4.34
100.670912 4.34
100.701037 4.34
100.711912 4.34
100.742037 4.34
100.752912 4.34
100.783038 4.34
100.793913 4.34
100.824038 4.02
100.834913 4.34
100.865038 4.34
100.875913 4.34
100.906039 4.34
100.916914 4.34
100.947039 4.34
100.957914 4.34
100.988039 4.34
100.998914 4.34
101.029039 4.34
101.039915 4.34
101.070039 4.34
101.080915 4.34
101.111040 4.34
101.121916 4.34
101.152040 4.34
101.162916 4.34
101.193041 4.34
101.203916 4.34
101.239291 4.34
101.250041 4.34
101.280568 4.34
101.291291 4.34
101.321932 4.34
101.338042 4.34
101.363042 4.34
101.373917 4.34
101.404042 4.34
101.414918 4.34
101.445042 4.34
101.455917 4.34
101.486042 4.34
101.496918 4.34
101.527043 4.34
101.537918 4.34
101.573293 4.34
101.584043 4.34
101.614572 4.34
101.625420 4.34
101.655937 4.34
101.666684 4.34
101.696919 4.34
101.707687 4.34
101.737920 4.34
101.748686 4.34
101.778920 4.34
101.789685 4.34
101.819920 4.34
101.830686 4.34
101.860920 4.34
101.871686 4.34
101.901920 4.34
101.912813 4.34
101.942921 4.34
101.953815 4.34
101.983921 4.34
101.994812 4.34
102.024922 4.34
102.035814 4.34
102.065922 4.34
102.076815 4.34
102.106922 4.34
102.117813 4.34
102.147922 4.34
102.158691 4.34
102.188923 4.34
102.199688 4.34
102.229923 4.34
102.240689 4.34
102.270923 4.34
102.281692 4.34
102.311924 4.34
102.322689 4.34
102.352924 4.34
102.363690 4.34
102.393924 4.34
102.404692 4.34
102.434924 4.34
102.445690 4.34
102.475925 4.34
102.486691 4.34
102.516925 4.34
102.527692 4.34
102.557926 4.34
102.568693 4.34
102.598926 4.34
102.609691 4.34
102.639926 4.34
102.650695 4.34
102.680927 4.34
102.691691 4.34
102.721926 4.34
102.732694 4.34
102.762927 4.34
102.773692 4.34
102.803927 4.34
102.814694 4.34
102.844928 4.34
102.855693 4.34
102.885928 4.34
102.896694 4.34
102.926928 4.34
102.937695 4.34
102.967928 4.34
102.978694 4.34
103.008928 4.34
103.019696 4.34
103.049929 4.34
103.060696 4.34
103.090929 4.34
103.101697 4.34
103.131930 4.34
103.142696 4.34
103.172930 4.34
103.183695 4.34
103.213930 4.34
103.224695 4.34
103.254930 4.34
103.265698 4.34
103.295931 4.34
103.306696 4.34
103.336931 4.34
103.347696 4.34
103.377931 4.34
103.388697 4.34
103.418931 4.34
103.429698 4.34
103.459931 4.34
103.470698 4.34
103.500932 4.02
103.511697 4.34
103.541932 4.34
103.552698 4.34
103.582933 4.34
103.593698 4.34
103.623933 4.34
103.634699 4.34
103.664933 4.34
103.675699 4.34
103.706059 4.34
103.716934 4.34
103.752183 4.34
103.762934 4.34
103.793435 4.34
103.804309 4.34
103.834951 4.34
103.845701 4.34
103.881309 4.34
103.897310 4.34
103.922560 4.34
103.933310 4.34
103.963950 4.34
103.974700 4.34
104.010310 4.34
104.026186 4.34
104.051712 4.34
104.067715 4.34
104.092936 4.34
104.103702 4.34
104.135687 4.34
104.146438 4.34
104.176953 4.34
104.187703 4.34
104.223312 4.34
104.239187 4.34
104.264717 4.34
104.280579 4.34
104.307688 4.34
104.318580 4.34
104.348955 4.34
104.359703 4.34
104.395313 4.34
104.411188 4.34
104.436717 4.34
104.452716 4.34
104.479690 4.34
104.490579 4.34
104.520955 4.34
104.531704 4.34
104.567314 4.34
104.583190 4.34
104.608718 4.34
104.624717 4.34
104.651691 4.34
104.662441 4.34
104.694691 4.34
104.705441 4.34
104.737691 4.34
104.748442 4.34
104.780692 4.34
104.791594 4.34
104.821958 4.34
104.832709 4.34
104.868317 4.34
104.884191 4.34
104.909597 4.34
104.922066 4.34
104.952693 4.34
104.963594 4.34
104.995708 4.34
105.006458 4.34
105.042193 4.02
105.054693 4.02
105.083318 4.34
105.094193 4.34
105.124721 4.34
105.140722 4.34
105.167694 4.34
105.178444 4.34
105.214319 4.34
105.225319 4.34
105.255837 4.34
105.266837 4.34
105.302195 4.34
105.314726 4.34
105.343476 4.02
105.354320 4.34
105.384960 4.34
105.395836 4.34
105.426195 4.34
105.438588 4.34
105.467463 4.34
105.478321 4.34
105.508964 4.02
105.519712 4.34
105.550196 4.34
105.562573 4.34
105.591448 4.34
105.602321 4.34
105.632725 4.34
105.648726 4.34
105.679197 4.34
105.695197 4.34
105.720449 4.34
105.731322 4.34
105.761725 4.34
105.777590 4.34
105.808323 4.34
105.819198 4.34
105.849729 4.34
105.860591 4.34
105.896199 4.34
105.912199 4.34
105.937468 4.34
105.948324 4.34
105.978966 4.34
105.989843 4.34
106.020200 4.34
106.036075 4.34
106.061325 4.34
106.072200 4.34
106.102840 4.34
106.113593 4.34
106.149325 4.02
106.160075 4.34
106.190728 4.34
106.201452 4.34
106.237326 4.34
106.248201 4.34
106.278728 4.34
106.289594 4.34
106.325202 4.34
106.341201 4.34
106.366454 4.34
106.377327 4.34
106.407732 4.34
106.418605 4.34
106.454077 4.34
106.464953 4.34
106.495203 4.02
106.511078 4.34
106.536455 4.34
106.547328 4.34
106.577731 4.02
106.588455 4.34
106.624204 4.34
106.640329 4.02
106.665456 4.34
106.676329 4.34
106.706732 4.34
106.717456 4.34
106.753205 4.34
106.769329 4.34
106.797457 4.34
106.808330 4.34
106.838973 4.34
106.849720 4.34
106.880206 4.34
106.896081 4.34
106.921457 4.34
106.932331 4.34
106.962734 4.34
106.973598 4.34
107.009332 4.34
107.020081 4.34
107.050733 4.34
107.061459 4.34
107.097207 4.34
107.113083 4.34
107.138459 4.34
107.149332 4.34
107.179735 4.34
107.190601 4.34
107.226208 4.34
107.242208 4.34
107.267460 4.34
107.278333 4.34
107.308738 4.34
107.319614 4.34
107.355209 4.34
107.371209 4.34
107.399614 4.34
107.415601 4.02
107.440977 4.34
107.451728 4.34
107.482210 4.34
107.498085 4.34
107.523462 4.34
107.534335 4.34
107.564738 4.34
107.575462 4.34
107.611336 4.34
107.622211 4.34
107.652738 4.34
107.663615 4.34
107.699212 4.34
107.715211 4.34
107.740463 4.34
107.751337 4.34
107.781739 4.34
107.792614 4.34
107.828212 4.34
107.844337 4.02
107.869492 4.02
107.881977 4.34
107.912590 4.34
107.923464 4.34
107.955590 4.34
107.966465 4.34
107.996981 4.34
108.007732 4.34
108.038214 4.34
108.054339 4.02
108.079466 4.34
108.092089 4.34
108.120742 4.02
108.131616 4.34
108.167090 4.34
108.179591 4.34
108.208215 4.34
108.224215 4.34
108.249466 4.34
108.261966 4.34
108.290743 4.34
108.301620 4.34
108.337216 4.34
108.353340 4.34
108.378341 4.34
108.389216 4.34
108.419745 4.34
108.430468 4.02
108.460967 4.34
108.471732 4.34
108.507342 4.34
108.518092 4.34
108.548747 4.02
108.559619 4.34
108.595218 4.34
108.611218 4.34
108.636470 4.34
108.652622 4.34
108.677746 4.34
108.688470 4.34
108.718969 4.34
108.729737 4.34
108.760094 4.34
108.776219 4.34
108.801219 4.34
108.811970 4.02
108.842471 4.34
108.854970 4.34
108.883862 4.34
108.894610 4.34
108.924970 4.34
108.935737 4.02
108.965971 4.34
108.976736 4.34
109.006971 4.34
109.017738 4.34
109.047971 4.34
109.058737 4.34
109.089096 4.34
109.105221 4.34
109.130222 4.34
109.140972 4.34
109.171489 4.34
109.187472 4.34
109.218223 4.34
109.228972 4.34
109.259474 4.34
109.275625 4.02
109.300751 4.34
109.311626 4.34
109.342098 4.34
109.358098 4.34
109.383223 4.34
109.393973 4.34
109.424475 4.34
109.440628 4.34
109.465753 4.34
109.476475 4.34
109.506974 4.34
109.517743 4.34
109.547975 4.02
109.558740 4.34
109.589100 4.34
109.605225 4.34
109.630225 4.34
109.640975 4.34
109.671477 4.34
109.687627 4.34
109.712753 4.34
109.723627 4.34
109.753976 4.34
109.764742 4.34
109.795101 4.34
109.811226 4.34
109.836226 4.34
109.847102 4.34
109.877503 4.34
109.893629 4.34
109.924227 4.34
109.935102 4.34
109.965494 4.02
109.981629 4.34
110.012228 4.34
110.023103 4.34
110.053497 4.34
110.069630 4.34
110.094869 4.34
110.105620 4.34
110.135979 4.34
110.146871 4.34
110.176979 4.34
110.187746 4.02
110.217979 4.34
110.228745 4.34
110.258979 4.34
110.269747 4.34
110.299980 4.34
110.310746 4.34
110.341105 4.34
110.357230 4.34
110.382230 4.34
110.392980 4.34
110.423482 4.02
110.439632 4.34
110.464759 4.34
110.475770 4.34
110.506364 4.34
110.518988 4.02
110.553112 4.02
110.569236 4.34
110.597665 4.02
110.608516 4.34
110.644233 4.34
110.655108 4.34
110.685636 4.34
110.696483 4.34
110.732260 4.34
110.743244 4.34
110.779116 4.34
110.790115 4.02
110.820651 4.02
110.831494 4.34
110.867112 4.34
110.883111 4.34
110.908641 4.34
110.919516 4.34
110.955235 4.34
110.966110 4.34
110.996485 4.34
111.012486 4.34
111.043235 4.34
111.054110 4.34
111.084513 4.34
111.100637 4.34
111.131235 4.34
111.142111 4.34
111.172487 4.34
111.188488 4.34
111.215365 4.34
111.226111 4.34
111.258367 4.34
111.269111 4.34
111.305002 4.02
111.317366 4.34
111.346237 4.02
111.356987 4.02
111.387488 4.02
111.403488 4.34
111.434113 4.34
111.450113 4.02
111.475238 4.34
111.485988 4.34
111.516363 4.34
111.532363 4.34
111.563128 4.34
