0.000000 0.000000
0.041837 4.34
0.052868 4.68
0.083639 4.68
0.096203 3.33
0.130468 2.66
0.141473 2.66
0.173774 2.66
0.184885 2.66
0.220609 2.66
0.231609 2.66
0.267462 2.66
0.278318 2.66
0.308957 2.66
0.319834 2.66
0.350454 2.66
0.361316 2.66
0.391956 2.66
0.402717 2.66
0.433065 2.66
0.443961 2.66
0.479190 3.01
0.489956 2.66
0.520316 2.66
0.536190 2.66
0.561715 2.66
0.577591 2.66
0.603083 2.66
0.613955 2.66
0.644317 2.66
0.660191 2.66
0.688716 2.66
0.704591 2.66
0.729959 2.66
0.740718 2.66
0.771638 2.66
0.787858 2.66
0.818471 2.66
0.829469 2.66
0.865345 2.66
0.881721 2.66
0.906974 2.66
0.917972 2.66
0.948646 2.66
0.964976 2.66
0.995477 4.34
1.006474 4.34
1.038739 4.34
1.049716 4.34
1.085459 4.34
1.096323 4.34
1.126963 4.34
1.137713 4.34
1.173452 4.34
1.184323 4.34
1.214961 4.34
1.225835 4.34
1.261321 4.34
1.277321 4.34
1.305596 4.34
1.318072 4.34
1.346962 4.34
1.357838 4.34
1.393322 4.34
1.409481 4.34
1.434863 4.34
1.445869 4.34
1.476483 4.34
1.487481 4.34
1.523335 4.34
1.539653 4.34
1.570483 4.34
1.581480 4.34
1.617330 4.68
1.628330 4.34
1.658972 4.68
1.669846 4.68
1.700461 4.68
1.711327 5.00
1.741967 5.00
1.752843 5.00
1.783486 5.35
1.794327 5.35
1.830336 5.35
1.841336 5.35
1.871976 5.35
1.882853 5.35
1.913467 5.69
1.924330 5.35
1.954969 5.69
1.965848 5.35
1.996328 5.69
2.012455 5.35
2.037609 5.35
2.053731 5.69
2.084328 5.69
2.100481 5.35
2.125985 5.69
2.136858 5.69
2.167629 5.69
2.183746 5.69
2.214333 5.69
2.225332 5.35
2.255846 5.69
2.266850 5.69
2.302330 5.69
2.313206 5.69
2.343607 5.69
2.359609 5.69
2.384972 5.35
2.395969 5.69
2.426637 5.69
2.442860 5.69
2.473520 5.69
2.486090 6.01
2.520337 5.69
2.531336 6.01
2.561974 6.01
2.572851 6.01
2.603486 6.01
2.614334 6.01
2.644973 6.01
2.655849 5.69
2.686333 6.01
2.697332 6.01
2.727608 5.69
2.743795 6.01
2.774467 6.01
2.785465 6.01
2.815992 6.01
2.826984 5.69
2.857337 6.01
2.868211 6.01
2.898765 5.69
2.909616 6.01
2.945210 5.69
2.961335 6.01
2.986335 6.01
2.997210 6.01
3.027614 6.01
3.043757 6.01
3.074340 6.01
3.085215 6.01
3.115745 6.01
3.126622 5.69
3.162212 6.01
3.178337 6.01
3.203337 6.01
3.214211 6.01
3.244741 6.01
3.255617 5.69
3.291213 5.69
3.307337 6.01
3.332479 6.01
3.343477 6.01
3.379346 6.01
3.390338 6.01
3.420983 12.32
3.431734 6.36
3.462340 6.36
3.473216 6.36
3.503744 6.36
3.514620 6.36
3.550215 6.36
3.566214 12.32
3.591496 0.05
3.602340 6.36
3.632982 6.36
3.643855 6.36
3.674090 6.36
3.690353 6.36
3.715726 6.36
3.731867 6.36
3.757348 6.36
3.768347 6.36
3.798991 12.32
3.809735 6.36
3.840344 6.36
3.851219 6.36
3.881470 6.36
3.892343 6.36
3.922982 6.36
3.933735 6.36
3.969093 6.36
3.979983 12.32
4.010728 6.36
4.026871 6.36
4.052350 6.36
4.063349 6.36
4.093992 6.36
4.104740 6.36
4.135479 6.36
4.146346 6.36
4.176987 6.36
4.187736 6.36
4.218344 6.36
4.229220 6.36
4.259862 6.36
4.270852 6.36
4.301351 6.36
4.312350 6.36
4.344626 6.68
4.355648 7.02
4.386231 7.37
4.402354 7.37
4.427870 7.02
4.438871 7.37
4.469350 7.37
4.480225 7.37
4.516224 7.37
4.532224 7.37
4.557491 7.37
4.570098 7.37
4.598866 7.37
4.609627 7.37
4.645222 7.37
4.661362 7.37
4.686878 7.37
4.697878 7.37
4.728480 7.37
4.741104 7.37
4.775352 7.37
4.786352 7.37
4.818602 7.37
4.829510 7.37
4.860013 7.37
4.870866 7.37
4.901100 7.37
4.917225 7.37
4.942100 7.37
4.958376 7.37
4.983736 7.37
4.994659 7.37
5.025357 7.37
5.036357 7.37
5.072230 7.37
5.083104 7.37
5.113480 7.37
5.125996 7.37
5.156480 7.37
5.167352 7.37
5.197602 7.37
5.213479 7.37
5.244246 7.37
5.255240 7.37
5.291239 7.37
5.302380 7.69
5.332881 8.03
5.343882 8.35
5.374358 8.35
5.385233 8.35
5.421232 8.35
5.432106 8.35
5.462482 8.35
5.478730 8.35
5.506482 8.35
5.522605 8.35
5.553230 8.35
5.563980 8.35
5.594481 8.35
5.606997 8.35
5.641496 8.35
5.671237 8.35
5.682107 8.35
5.712484 8.35
5.728607 8.35
5.759232 8.35
5.769982 8.35
5.800483 8.35
5.816606 8.35
5.847232 8.35
5.857982 8.35
5.888484 8.35
5.904747 8.35
5.935367 8.35
5.946365 8.35
5.982239 8.35
5.993112 8.35
6.023771 8.35
6.034611 8.35
6.065236 8.35
6.076235 8.35
6.106766 8.35
6.117610 8.35
6.147984 8.35
6.158752 8.35
6.188985 8.35
6.199918 8.35
6.230648 8.35
6.246895 8.35
6.272242 8.35
6.283116 8.35
6.313882 8.35
6.324739 8.35
6.355363 8.35
6.366363 8.35
6.396766 8.35
6.407488 8.35
6.437987 8.35
6.448753 8.35
6.478986 8.35
6.489752 8.35
6.520494 8.35
6.536636 8.35
6.567249 8.70
6.578248 9.04
6.608889 9.04
6.619888 9.04
6.650368 9.04
6.661242 9.04
6.691777 9.04
6.702616 9.04
6.733115 9.04
6.749240 9.04
6.774240 9.04
6.784989 9.04
6.815490 9.04
6.831614 9.04
6.856767 9.04
6.867779 9.04
6.898370 9.36
6.911008 9.71
6.945246 10.03
6.956255 10.03
6.986912 10.72
6.999502 10.72
7.028507 11.04
7.044780 11.38
7.075373 11.38
7.088018 11.38
7.122246 11.70
7.133120 11.70
7.165500 11.70
7.176369 11.38
7.208498 11.38
7.219368 11.70
7.255243 11.70
7.265993 11.70
7.296494 11.70
7.312618 11.70
7.339497 11.70
7.350368 11.70
7.386244 11.70
7.396993 11.70
7.427369 11.70
7.439994 11.70
7.470499 11.70
7.481369 11.70
7.517245 11.70
7.527994 11.70
7.558513 11.70
7.574650 11.70
7.605246 11.70
7.615995 11.70
7.646524 11.70
7.662649 11.70
7.693246 11.70
7.703995 11.70
7.734528 11.70
7.750516 11.70
7.781247 11.70
7.791997 11.70
7.822499 11.70
7.838638 11.70
7.869015 11.70
7.881377 11.70
7.910248 11.70
7.921123 11.70
7.951500 11.70
7.967640 11.70
7.994378 11.70
8.005123 11.70
8.041016 11.70
8.053378 11.70
8.081999 11.70
8.094379 11.70
8.123000 11.70
8.139016 11.38
8.164000 11.70
8.176379 11.70
8.205125 11.70
8.216000 11.70
8.246250 11.70
8.257125 11.70
8.287502 11.70
8.298375 11.70
8.334252 11.70
8.345000 11.70
8.375532 11.70
8.386376 11.70
8.417019 11.70
8.433127 11.70
8.458252 11.70
8.469002 11.70
8.499532 11.70
8.510377 11.70
8.541020 11.70
8.557020 11.70
8.582253 11.70
8.593128 11.70
8.623505 11.70
8.634378 11.70
8.670020 11.70
8.686018 11.70
8.711254 11.70
8.722129 11.70
8.752505 11.70
8.763379 11.70
8.799022 11.70
8.815022 11.70
8.840255 11.70
8.851005 11.70
8.881380 11.70
8.897381 11.70
8.928022 11.70
8.944023 11.70
8.969256 11.70
8.980006 11.70
9.010508 11.70
9.021381 11.70
9.057256 11.70
9.068006 11.70
9.098508 11.70
9.109382 11.70
9.145257 11.70
9.156133 11.70
9.186509 11.70
9.197382 11.70
9.233133 11.70
9.244025 11.70
9.274258 11.70
9.285009 11.70
9.315510 11.70
9.326383 11.70
9.362259 11.70
9.373133 11.70
9.403511 11.70
9.414384 11.70
9.450026 11.70
9.466027 11.70
9.491260 11.70
9.502010 11.70
9.532512 11.70
9.543385 11.70
9.579260 11.70
9.590136 11.70
9.620512 11.70
9.631386 11.70
9.667029 11.70
9.683028 11.70
9.708261 11.70
9.719137 11.70
9.749513 11.70
9.760387 11.70
9.796262 11.70
9.807137 11.70
9.837514 11.70
9.848387 11.70
9.884030 11.70
9.900028 11.70
9.925263 11.70
9.936139 11.70
9.966514 11.70
9.977389 11.70
10.013264 11.70
10.024139 11.70
10.054516 11.70
10.065389 11.70
10.095669 11.70
10.106389 11.70
10.137032 11.70
10.153030 11.70
10.178265 11.70
10.190784 11.70
10.219516 11.70
10.230264 11.70
10.260516 11.70
10.271264 11.70
10.301517 11.70
10.312265 11.70
10.342518 11.70
10.353265 11.70
10.383517 11.70
10.394265 11.70
10.424517 11.70
10.435266 11.70
10.465517 11.70
10.476266 11.70
10.506517 11.70
10.517266 11.70
10.547518 11.70
10.558266 11.70
10.588517 11.70
10.599267 11.70
10.629518 11.70
10.640267 11.70
10.670518 11.70
10.681267 11.70
10.711519 11.70
10.722268 11.70
10.752519 11.70
10.763268 11.70
10.793519 11.70
10.804269 11.70
10.834519 11.70
10.845269 11.70
10.875519 11.70
10.886269 11.70
10.916520 11.70
10.927269 11.70
10.957520 11.70
10.968270 11.70
10.998521 11.70
11.009270 11.70
11.039521 11.70
11.050270 11.70
11.080521 11.70
11.091270 11.70
11.121522 11.70
11.132271 11.70
11.162522 11.70
11.173271 11.70
11.203522 11.70
11.214272 11.70
11.244522 11.70
11.255272 11.70
11.285523 11.70
11.296272 11.70
11.326523 11.70
11.337273 11.70
11.367524 11.70
11.378273 11.70
11.408524 11.70
11.419273 11.70
11.449524 11.70
11.460273 11.70
11.490525 11.70
11.501274 11.70
11.531525 11.70
11.542274 11.70
11.572525 11.70
11.583275 11.70
11.613526 11.70
11.624275 11.70
11.654528 11.70
11.665401 11.70
11.695805 11.70
11.711917 11.70
11.737152 11.70
11.748027 11.70
11.778277 11.70
11.794277 11.70
11.819529 11.70
11.830403 11.70
11.860806 11.70
11.876919 11.70
11.902028 11.70
11.912796 11.70
11.943028 11.70
11.953794 11.70
11.984029 11.70
11.994794 11.70
12.025279 11.70
12.041279 11.70
12.074920 11.70
12.090920 11.70
12.116030 11.70
12.126798 11.70
12.157031 11.70
12.167796 11.70
12.198156 11.70
12.209031 11.70
12.239281 11.70
12.255281 11.70
12.280533 11.70
12.291406 11.70
12.321922 11.70
12.337799 11.70
12.363157 11.70
12.374032 11.70
12.404407 11.70
12.415282 11.70
12.451157 11.70
12.462050 11.70
12.492283 11.70
12.508283 11.70
12.533552 11.70
12.544408 11.70
12.575050 11.70
12.585923 11.70
12.616284 11.70
12.632284 11.70
12.659294 11.70
12.670159 11.70
12.700536 11.70
12.711409 11.70
12.741812 11.70
12.752536 11.70
12.783035 11.70
12.793801 11.70
12.824035 11.70
12.834803 11.70
12.865036 11.70
12.875801 11.70
12.906161 11.70
12.918690 11.70
12.947286 11.70
12.963286 11.70
12.990297 11.70
13.001037 11.70
13.033296 11.70
13.044162 11.70
13.074539 11.70
13.085412 11.70
13.115815 11.70
13.126539 11.70
13.157163 11.70
13.169691 11.70
13.198288 11.70
13.214288 11.70
13.241298 11.70
13.252163 11.70
13.284299 11.70
13.295164 11.70
13.327299 11.70
13.338039 11.70
13.370174 11.70
13.381055 11.70
13.411289 11.70
13.427290 11.70
13.457175 11.70
13.468058 11.70
13.498291 11.70
13.514291 11.70
13.541175 11.70
13.552058 11.70
13.582291 11.70
13.598291 11.70
13.628696 11.70
13.641168 11.70
13.670167 11.70
13.682542 11.70
13.711292 11.70
13.727292 11.70
13.757697 11.70
13.770169 11.70
13.799043 11.70
13.809810 11.70
13.840168 11.70
13.856168 11.70
13.881293 11.70
13.892043 11.70
13.927686 11.70
13.940170 11.70
13.968937 11.70
13.979684 11.70
14.010169 11.70
14.026169 11.70
14.051295 11.70
14.062169 11.70
14.097938 11.70
14.108685 11.70
14.139170 11.70
14.155046 11.70
14.180296 11.70
14.191046 11.70
14.221421 11.70
14.232296 11.70
14.262811 11.70
14.278701 11.70
14.304047 11.70
14.314815 11.70
14.345047 11.70
14.355812 11.70
14.386047 11.70
14.396815 11.70
14.427047 11.70
14.437816 11.70
14.468173 11.70
14.484173 11.70
14.509298 11.70
14.520048 11.70
14.555940 11.70
14.566691 11.70
14.597049 11.70
14.607814 11.70
14.638049 11.70
14.648815 11.70
14.679049 11.70
14.689816 11.70
14.720050 11.70
14.730816 11.70
14.761050 11.70
14.771816 11.70
14.802051 11.70
14.812816 11.70
14.843068 11.70
14.853829 11.70
14.884301 11.70
14.895176 11.70
14.930944 11.70
14.941705 11.70
14.972177 11.70
14.988052 11.70
15.013301 11.70
15.024052 11.70
15.059944 11.70
15.070707 11.70
15.101178 11.70
15.117178 11.70
15.142303 11.70
15.153178 11.70
15.183436 11.70
15.194178 11.70
15.224831 11.70
15.240708 11.70
15.266179 11.70
15.282054 11.70
15.307304 11.70
15.318180 11.70
15.353708 11.70
15.369710 11.70
15.395055 11.70
15.405822 11.70
15.436055 11.70
15.446823 11.70
15.477056 11.70
15.487948 11.70
15.518181 11.70
15.534056 11.70
15.559306 11.70
15.570182 11.70
15.605717 11.70
15.621709 11.70
15.647074 11.70
15.657947 11.70
15.688307 11.70
15.699183 11.70
15.734950 11.70
15.745711 11.70
15.776058 11.70
15.786950 11.70
15.817058 11.70
15.829585 11.70
15.858058 11.70
15.868951 11.70
15.899059 11.70
15.911588 11.70
15.940059 11.70
15.950952 11.70
15.981059 11.70
15.991950 11.70
16.022185 11.70
16.038185 11.70
16.063310 11.70
16.074060 11.70
16.104712 11.70
16.117195 11.70
16.146061 11.70
16.158590 11.70
16.187061 11.70
16.197954 11.70
16.228186 11.70
16.244187 11.70
16.269312 11.70
16.280187 11.70
16.310716 11.70
16.326715 11.70
16.352062 11.70
16.364442 11.70
16.393187 11.70
16.409188 11.70
16.434313 11.70
16.445188 11.70
16.475706 11.70
16.488094 11.70
16.517064 11.70
16.533064 11.70
16.558189 11.70
16.574189 11.70
16.599314 11.70
16.610189 11.70
16.640719 11.70
16.653095 11.70
16.682065 11.70
16.698065 11.70
16.723065 11.70
16.735442 11.70
16.764190 11.70
16.780190 11.70
16.805316 11.70
16.816190 11.70
16.851718 11.70
16.867720 11.70
16.893066 11.70
16.905444 11.70
16.934192 11.70
16.950067 11.70
16.975317 11.70
16.986067 11.70
17.016722 11.70
17.032722 11.70
17.058068 11.70
17.073958 11.70
17.099068 11.70
17.114960 11.70
17.140193 11.70
17.156194 11.70
17.181319 11.70
17.192069 11.70
17.222723 11.70
17.238596 11.70
17.264069 11.70
17.280069 11.70
17.305195 11.70
17.321195 11.70
17.346320 11.70
17.357070 11.70
17.387964 11.70
17.398712 11.70
17.429071 11.70
17.444946 11.70
17.470196 11.70
17.486196 11.70
17.511321 11.70
17.522196 11.70
17.552725 11.70
17.568601 11.70
17.593962 11.70
17.604712 11.70
17.635073 11.70
17.650947 11.70
17.676197 11.70
17.692197 11.70
17.717323 11.70
17.728198 11.70
17.763728 11.70
17.779725 11.70
17.804966 11.70
17.815715 11.70
17.846199 11.70
17.862199 11.70
17.887324 11.70
17.898074 11.70
17.933728 11.70
17.949604 11.70
17.975075 11.70
17.991075 11.70
18.016075 11.70
18.031950 11.70
18.057075 11.70
18.073076 11.70
18.098075 11.70
18.113951 11.70
18.139076 11.70
18.155076 11.70
18.180076 11.70
18.195951 11.70
18.221201 11.70
18.232077 11.70
18.264078 11.70
18.274968 11.70
18.305202 11.70
18.321202 11.70
18.348079 11.70
18.358968 11.70
18.389078 11.70
18.405078 11.70
18.430078 11.70
18.446079 11.70
18.471078 11.70
18.487079 11.70
18.512204 11.70
18.528204 11.70
18.555081 11.70
18.565973 11.70
18.596205 11.70
18.612079 11.70
18.639081 11.70
18.649972 11.70
18.680205 11.70
18.691081 11.70
18.723082 11.70
18.733973 11.70
18.764206 11.70
18.775081 11.70
18.807083 11.70
18.817971 11.70
18.848081 11.70
18.864081 11.70
18.889082 11.70
18.904957 11.70
18.930082 11.70
18.946082 11.70
18.971082 11.70
18.986958 11.70
19.012083 11.70
19.028083 11.70
19.053083 11.70
19.068958 11.70
19.094083 11.70
19.110083 11.70
19.135083 11.70
19.145959 11.70
19.176084 11.70
19.186959 11.70
19.217084 11.70
19.227959 11.70
19.258209 11.70
19.269085 11.70
19.304491 11.70
19.320460 11.70
19.345977 11.70
19.358335 11.70
19.387086 11.70
19.403085 11.70
19.428086 11.70
19.438961 11.70
19.469086 11.70
19.479961 11.70
19.510087 11.70
19.520962 11.70
19.551087 11.70
19.561962 11.70
19.592087 11.70
19.602963 11.70
19.633087 11.70
19.643979 11.70
19.674088 11.70
19.684977 11.70
19.715088 11.70
19.725963 11.70
19.756088 11.70
19.766963 11.70
19.797089 11.70
19.807964 11.70
19.838089 11.70
19.848964 11.70
19.879090 11.70
19.889965 11.70
19.920090 11.70
19.930965 11.70
19.961089 11.70
19.971965 11.70
20.002090 11.70
20.012965 11.70
20.043090 11.70
20.053965 11.70
20.084091 11.70
20.094966 11.70
20.125091 11.70
20.135966 11.70
20.166091 11.70
20.176967 11.70
20.207092 11.70
20.217967 11.70
20.248217 11.70
20.259092 11.70
20.294469 11.70
20.310488 11.70
20.335986 11.70
20.351984 11.70
20.376968 11.70
20.393093 11.70
20.418094 11.70
20.434094 11.70
20.459219 11.70
20.470094 11.70
20.505622 11.70
20.521624 11.70
20.547094 11.70
20.562984 11.70
20.588219 11.70
20.598970 11.70
20.634471 11.70
20.650472 11.70
20.675986 11.70
20.691987 11.70
20.717096 11.70
20.727971 11.70
20.759972 11.70
20.770739 11.70
20.801096 11.70
20.816972 11.70
20.842097 11.70
20.852972 11.70
20.883097 11.70
20.893972 11.70
20.924097 11.70
20.934973 11.70
20.965097 11.70
20.975973 11.70
21.007974 11.70
21.018741 11.70
21.049099 11.70
21.064973 11.70
21.091975 11.70
21.102741 11.70
21.132974 11.70
21.149099 11.70
21.173974 11.70
21.189974 11.70
21.214974 11.70
21.230975 11.70
21.255975 11.70
21.271975 11.70
21.296975 11.70
21.312976 11.70
21.337976 11.70
21.353976 11.70
21.378976 11.70
21.394993 11.70
21.419976 11.70
21.436101 11.70
21.460976 11.70
21.476976 11.70
21.501978 11.70
21.517977 11.70
21.542977 11.70
21.558992 11.70
21.583977 11.70
21.599978 11.70
21.624978 11.70
21.640978 11.70
21.665978 11.70
21.681993 11.70
21.706979 11.70
21.723104 11.70
21.747979 11.70
21.763978 11.70
21.788979 11.70
21.804979 11.70
21.829979 11.70
21.845979 11.70
21.870980 11.70
21.886980 11.70
21.911980 11.70
21.927980 11.70
21.952980 11.70
21.968999 11.70
21.993980 11.70
22.010106 11.70
22.034981 11.70
22.050982 11.70
22.075981 11.70
22.091981 11.70
22.116981 11.70
22.132981 11.70
22.157982 11.70
22.173982 11.70
22.198982 11.70
22.214982 11.70
22.239983 11.70
22.256000 11.70
22.280983 11.70
22.297108 11.70
22.322108 11.70
22.332983 11.70
22.363108 11.70
22.373984 11.70
22.404108 11.70
22.414984 11.70
22.445108 11.70
22.455984 11.70
22.486109 11.70
22.496984 11.70
22.527109 11.70
22.537984 11.70
22.568110 11.70
22.578985 11.70
22.609110 11.70
22.619879 11.70
22.655490 11.70
22.666487 11.70
22.697001 11.70
22.713004 11.70
22.737986 11.70
22.748752 11.70
22.778987 11.70
22.789754 11.70
22.819987 11.70
22.830752 11.70
22.860987 11.70
22.871755 11.70
22.901988 11.70
22.912753 11.70
22.942987 11.70
22.953755 11.70
22.983988 11.70
22.994755 11.70
23.024988 11.70
23.035755 11.70
23.065989 11.70
23.076755 11.70
23.106989 11.70
23.117754 11.70
23.147989 11.70
23.158754 11.70
23.188990 11.70
23.199757 11.70
23.230115 11.70
23.240990 11.70
23.276365 11.70
23.287115 11.70
23.317768 11.70
23.328491 11.70
23.359116 11.70
23.369991 11.70
23.405366 11.70
23.416117 11.70
23.446770 11.70
23.457492 11.70
23.487992 11.70
23.498759 11.70
23.528992 11.70
23.539760 11.70
23.570117 11.70
23.580993 11.70
23.616368 11.70
23.627243 11.70
23.657771 11.70
23.668636 11.70
23.699119 11.70
23.709993 11.70
23.745369 11.70
23.756244 11.70
23.786772 11.70
23.799370 11.70
23.828120 11.70
23.838995 11.70
23.874370 11.70
23.885245 11.70
23.915774 11.70
23.928370 11.70
23.957120 11.70
23.967996 11.70
24.003371 11.70
24.015872 11.70
24.044773 11.70
24.057246 11.70
24.086122 11.70
24.096996 11.70
24.132372 11.70
24.144873 11.70
24.173775 11.70
24.186372 11.70
24.215123 11.70
24.225998 11.70
24.261373 11.70
24.273874 11.70
24.302776 11.70
24.315373 11.70
24.344016 11.70
24.354889 11.70
24.385124 11.70
24.395999 11.70
24.431374 11.70
24.447374 11.70
24.472892 11.70
24.488893 11.70
24.514015 11.70
24.524890 11.70
24.560375 11.70
24.572876 11.70
24.601894 11.70
24.618015 11.70
24.643016 11.70
24.653768 11.70
24.689251 11.70
24.700126 11.70
24.730503 11.70
24.741377 11.70
24.771895 11.70
24.787893 11.70
24.813002 11.70
24.823769 11.70
24.854127 11.70
24.865020 11.70
24.900377 11.70
24.916378 11.70
24.941782 11.70
24.957658 11.70
24.983003 11.70
24.993770 11.70
25.024004 11.70
25.034770 11.70
25.065129 11.70
25.076004 11.70
25.111379 11.70
25.127254 11.70
25.152785 11.70
25.168782 11.70
25.194005 11.70
25.204778 11.70
25.235130 11.70
25.246006 11.70
25.281381 11.70
25.297256 11.70
25.322784 11.70
25.338785 11.70
25.364131 11.70
25.375021 11.70
25.410381 11.70
25.426257 11.70
25.451785 11.70
25.467785 11.70
25.493007 11.70
25.503773 11.70
25.534133 11.70
25.545007 11.70
25.580383 11.70
25.596383 11.70
25.621788 11.70
25.637787 11.70
25.663134 11.70
25.674009 11.70
25.709384 11.70
25.725259 11.70
25.750664 11.70
25.766776 11.70
25.792019 11.70
25.803027 11.70
25.833010 11.70
25.843778 11.70
25.874010 11.70
25.884778 11.70
25.915010 11.70
25.925779 11.70
25.961261 11.70
25.972136 11.70
26.002513 11.70
26.013386 11.70
26.043791 11.70
26.059791 11.70
26.085137 11.70
26.096012 11.70
26.131387 11.70
26.147262 11.70
26.172789 11.70
26.188667 11.70
26.214138 11.70
26.225030 11.70
26.260388 11.70
26.276263 11.70
26.301791 12.05
26.317781 11.70
26.344764 11.70
26.355515 11.70
26.387765 11.70
26.398668 11.70
26.429140 11.70
26.440014 11.70
26.475390 11.70
26.491264 11.70
26.516671 11.70
26.527390 11.70
26.558032 11.70
26.568780 11.70
26.604391 11.70
26.620265 11.70
26.645796 11.70
26.662031 11.70
26.687141 11.70
26.698016 11.70
26.733267 11.70
26.744142 11.70
26.774518 11.70
26.785392 11.70
26.815794 11.70
26.831670 11.70
26.858768 11.70
26.869671 11.70
26.901769 11.70
26.912673 11.70
26.943037 11.70
26.953784 11.70
26.989394 11.70
27.005269 11.70
27.030797 11.70
27.046797 11.70
27.073770 11.70
27.084520 11.70
27.116770 11.70
27.127674 11.70
27.158037 11.70
27.168788 11.70
27.200771 11.70
27.211672 11.70
27.242039 11.70
27.252788 11.70
27.288271 11.70
27.300772 11.70
27.329522 11.70
27.340397 11.70
27.371038 11.70
27.381789 11.70
27.412272 11.70
27.424772 11.70
27.453523 11.70
27.464397 11.70
27.494801 11.70
27.510800 11.70
27.541397 11.70
27.557398 11.70
27.582801 11.70
27.598675 11.70
27.629273 11.70
27.645399 11.70
27.670525 11.70
27.681399 11.70
27.711801 11.70
27.727679 11.70
27.758400 11.70
27.774400 11.70
27.799679 11.70
27.815790 11.70
27.841042 11.70
27.851792 11.70
27.882275 11.70
27.898275 11.70
27.923401 11.70
27.939401 11.70
27.964805 11.70
27.975528 11.70
28.011401 11.70
28.022277 11.70
28.052805 11.70
28.063528 11.70
28.099277 11.70
28.115402 11.70
28.140682 11.70
28.156807 11.70
28.182044 11.70
28.192795 11.70
28.223278 11.70
28.239278 11.70
28.267683 11.70
28.283810 11.70
28.309046 11.70
28.319806 11.70
28.350279 11.70
28.362029 11.70
28.391531 11.70
28.402404 11.70
28.432809 11.70
28.443684 11.70
28.479405 11.70
28.490155 11.70
28.520807 11.70
28.531532 11.70
28.567405 11.70
28.578281 11.70
28.608811 11.70
28.619683 11.70
28.655407 11.70
28.666156 11.70
28.696809 11.70
28.707687 11.70
28.743407 11.70
28.754160 11.70
28.784811 11.70
28.795684 11.70
28.831283 11.70
28.847158 11.70
28.872534 11.70
28.883408 11.70
28.913811 11.70
28.924688 11.70
28.960409 11.70
28.971159 11.70
29.001813 11.70
29.012688 11.70
29.048284 11.70
29.064285 11.70
29.089536 11.70
29.100410 11.70
29.130815 11.70
29.141690 11.70
29.177411 11.70
29.188160 11.70
29.218927 11.70
29.229676 11.70
29.265411 11.70
29.276161 11.70
29.306815 11.70
29.317692 11.70
29.353162 11.70
29.364037 11.70
29.394287 11.70
29.410287 11.70
29.435412 11.70
29.446287 11.70
29.476817 11.70
29.487539 11.70
29.523163 11.70
29.534038 11.70
29.564288 11.70
29.580164 11.70
29.605540 11.70
29.616414 11.70
29.646816 11.70
29.657541 11.70
29.693414 11.70
29.704164 11.70
29.734818 11.70
29.745693 11.70
29.781415 11.70
29.792165 11.70
29.822694 11.70
29.838683 11.70
29.865667 11.70
29.876542 11.70
29.907056 11.70
29.917808 11.70
29.948291 11.70
29.964292 11.70
29.989543 11.70
30.002167 11.70
30.030822 11.70
30.041542 11.70
30.077292 11.70
30.093292 11.70
30.118570 11.70
30.134543 11.70
30.161670 11.70
30.172543 11.70
30.204670 11.70
30.215544 11.70
30.247688 11.70
30.258544 11.70
30.290670 11.70
30.301544 11.70
30.333574 11.70
30.344419 11.70
30.376575 11.70
30.387419 11.70
30.419575 11.70
30.430419 11.70
30.460812 11.70
30.471545 11.70
30.507295 11.70
30.523421 11.70
30.548296 11.70
30.564296 11.70
30.589574 11.70
30.605700 11.70
30.636171 11.70
30.648577 11.70
30.677297 11.70
30.693297 11.70
30.718548 11.70
30.731047 11.70
30.759814 11.70
30.770548 11.70
30.801173 11.70
30.813577 11.70
30.842298 11.70
30.853048 11.70
30.883700 11.70
30.894423 11.70
30.930174 11.70
30.942580 11.70
30.971299 11.70
30.982049 11.70
31.012704 11.70
31.028817 11.70
31.059175 11.70
31.075175 11.70
31.100300 11.70
31.111050 11.70
31.141704 11.70
31.152551 11.70
31.188176 11.70
31.204051 11.70
31.229301 11.70
31.240176 11.70
31.270703 11.70
31.281434 11.70
31.317177 11.70
31.333177 11.70
31.358302 11.70
31.369177 11.70
31.399707 11.70
31.410553 11.70
31.446178 11.70
31.462303 11.70
31.487303 11.70
31.498179 11.70
31.528708 11.70
31.539554 11.70
31.575304 11.70
31.586179 11.70
31.616581 11.70
31.632707 11.70
31.663305 11.70
31.674054 11.70
31.704708 11.70
31.715584 11.70
31.751305 11.70
31.762180 11.70
31.792709 11.70
31.803584 11.70
31.839181 11.70
31.855305 11.70
31.880306 11.70
31.891181 11.70
31.921710 11.70
31.932585 11.70
31.968307 11.70
31.979182 11.70
32.009584 11.70
32.025712 11.70
32.056183 11.70
32.072307 11.70
32.097308 11.70
32.108183 11.70
32.138712 11.70
32.149585 11.70
32.185308 11.70
32.196184 11.70
32.226713 11.70
32.237588 11.70
32.273309 11.70
32.284184 11.70
32.314839 11.70
32.325711 11.70
32.356185 11.70
32.372184 11.70
32.397310 11.70
32.408185 11.70
32.438713 11.70
32.449439 11.70
32.485310 11.70
32.496061 11.70
32.526714 11.70
32.537590 11.70
32.573311 11.70
32.584187 11.70
32.614716 11.70
32.625592 11.70
32.661312 11.70
32.672187 11.70
32.702717 11.70
32.713591 11.70
32.749188 11.70
32.765312 11.70
32.790313 11.70
32.801063 11.70
32.831718 11.70
32.842443 11.70
32.878314 11.70
32.889189 11.70
32.919719 11.70
32.930593 11.70
32.966189 11.70
32.982314 11.70
33.007314 11.70
33.018065 11.70
33.048719 11.70
33.059595 11.70
33.095315 11.70
33.106066 11.70
33.136595 11.70
33.152718 11.70
33.183316 11.70
33.194066 11.70
33.224594 11.70
33.240594 11.70
33.271317 11.70
33.282192 11.70
33.312719 11.70
33.323567 11.70
33.354068 11.70
33.366444 11.70
33.395068 11.70
33.407444 11.70
33.436193 11.70
33.452193 11.70
33.477318 11.70
33.488193 11.70
33.518724 11.70
33.529599 11.70
33.559960 11.70
33.570723 11.70
33.601194 11.70
33.617194 11.70
33.642724 11.70
33.653452 11.70
33.684070 11.70
33.696447 11.70
33.725195 11.70
33.735961 11.70
33.766320 11.70
33.777195 11.70
33.807724 11.70
33.818601 11.70
33.849071 11.70
33.865197 11.70
33.890197 11.70
33.900961 12.05
33.931322 11.70
33.942197 11.70
33.972724 11.70
33.983449 11.70
34.013965 11.70
34.024713 11.70
34.055073 11.70
34.071198 11.70
34.096198 11.70
34.106948 11.70
34.137323 11.70
34.148198 11.70
34.178603 11.70
34.189450 11.70
34.225199 11.70
34.236074 11.70
34.266325 11.70
34.277199 11.70
34.307840 11.70
34.318605 11.70
34.349075 11.70
34.365200 11.70
34.390076 11.70
34.406200 11.70
34.431076 11.70
34.447201 11.70
34.472076 11.70
34.488201 11.70
34.513077 11.70
34.529202 11.70
34.554202 11.70
34.565077 11.70
34.595327 11.70
34.606077 11.70
34.636453 11.70
34.652453 11.70
34.683203 11.70
34.694078 11.70
34.724328 11.70
34.735078 11.70
34.765732 11.70
34.776607 11.70
34.806972 11.70
34.817722 11.70
34.848204 11.70
34.859078 11.70
34.889329 11.70
34.900079 11.70
34.930734 11.70
34.941609 11.70
34.971971 11.70
34.982722 11.70
35.013080 11.70
35.029205 11.70
35.054205 11.70
35.064955 11.70
35.095330 11.70
35.106081 11.70
35.136736 11.70
35.147610 11.70
35.177973 11.70
35.188724 11.70
35.219081 11.70
35.235207 11.70
35.260082 11.70
35.276082 11.70
35.301082 11.70
35.317207 11.70
35.342083 11.70
35.358083 11.70
35.383083 11.70
35.399208 11.70
35.424083 11.70
35.440209 11.70
35.465084 11.70
35.481209 11.70
35.506209 11.70
35.516959 11.70
35.547334 11.70
35.559976 11.70
35.588611 11.70
35.599334 11.70
35.635085 11.70
35.651210 11.70
35.676085 11.70
35.692211 11.70
35.717211 11.70
35.728086 11.70
35.758336 11.70
35.770978 11.70
35.799615 11.70
35.810463 11.70
35.841086 11.70
35.857212 11.70
35.882087 11.70
35.898212 11.70
35.923212 11.70
35.934087 11.70
35.964337 11.70
35.976729 11.70
36.005616 11.70
36.016464 11.70
36.047088 11.70
36.063213 11.70
36.088214 11.70
36.099089 11.70
36.129339 11.70
36.141729 11.70
36.170619 11.70
36.181465 11.70
36.217214 11.70
36.228089 11.70
36.258339 11.70
36.270730 11.70
36.299618 11.70
36.310340 11.70
36.341091 11.70
36.357216 11.70
36.382215 11.70
36.393091 11.70
36.423483 11.70
36.434341 11.70
36.464981 11.70
36.481091 11.70
36.506216 11.70
36.516967 11.70
36.547342 11.70
36.563485 11.70
36.594092 11.70
36.604985 11.70
36.635093 11.70
36.645968 11.70
36.676093 11.70
36.686968 11.70
36.717093 11.70
36.727968 11.70
36.758093 11.70
36.768969 11.70
36.799094 11.70
36.809969 11.70
36.840094 11.70
36.850969 11.70
36.881094 11.70
36.891969 11.70
36.922094 11.70
36.932969 11.70
36.963095 11.70
36.973985 11.70
37.004095 11.70
37.014970 11.70
37.045096 11.70
37.055971 11.70
37.086221 11.70
37.096971 11.70
37.127346 11.70
37.143346 11.70
37.168625 11.70
37.179473 11.70
37.209989 11.70
37.225987 11.70
37.251222 11.70
37.262097 11.70
37.292347 11.70
37.308348 11.70
37.333627 11.70
37.344474 11.70
37.374989 11.70
37.390990 11.70
37.416223 11.70
37.427098 11.70
37.457349 11.70
37.473349 11.70
37.498628 11.70
37.509349 11.70
37.539992 11.70
37.555991 11.70
37.581100 11.70
37.591975 11.70
37.622100 11.70
37.632975 11.70
37.663100 11.70
37.673975 11.70
37.704100 11.70
37.714976 11.70
37.745101 11.70
37.755976 11.70
37.786101 11.70
37.796976 11.70
37.827102 11.70
37.837977 11.70
37.868102 11.70
37.878977 11.70
37.909102 11.70
37.919978 11.70
37.950102 11.70
37.960978 11.70
37.991103 11.70
38.001978 11.70
38.032103 11.70
38.042978 11.70
38.073103 11.70
38.083979 12.05
38.114104 11.70
38.124979 11.70
38.155104 12.05
38.165979 11.70
38.196105 11.70
38.206980 11.70
38.237105 11.70
38.247980 11.70
38.278105 11.70
38.288980 11.70
38.319105 11.70
38.329980 11.70
38.360105 11.70
38.370981 11.70
38.401106 11.70
38.411981 11.70
38.442106 11.70
38.452982 11.70
38.483106 11.70
38.493982 11.70
38.524107 11.70
38.534982 11.70
38.565108 11.70
38.575997 11.70
38.606107 11.70
38.616983 11.70
38.647108 11.70
38.657983 11.70
38.688108 11.70
38.698983 11.70
38.729108 11.70
38.739984 11.70
38.770109 11.70
38.780984 11.70
38.811109 11.70
38.821985 11.70
38.852109 11.70
38.862985 11.70
38.893110 11.70
38.903985 11.70
38.934487 11.70
38.945360 11.70
38.976000 11.70
38.992003 11.70
39.017110 11.70
39.027986 11.70
39.058111 11.70
39.068986 11.70
39.099111 11.70
39.109987 11.70
39.140112 11.70
39.150987 11.70
39.181112 11.70
39.191987 11.70
39.222112 11.70
39.232988 11.70
39.263112 11.70
39.273988 11.70
39.304113 11.70
39.314863 11.70
39.345113 11.70
39.355988 11.70
39.386113 11.70
39.396989 11.70
39.427114 11.70
39.437989 11.70
39.468114 11.70
39.478990 11.70
39.509115 11.70
39.519990 11.70
39.550115 11.70
39.560990 11.70
39.591115 11.70
39.601991 11.70
39.632240 11.70
39.648115 11.70
39.673492 11.70
39.684366 11.70
39.715007 11.70
39.725759 11.70
39.756241 11.70
39.772117 11.70
39.797493 11.70
39.808367 11.70
39.839008 11.70
39.849757 11.70
39.880242 11.70
39.896118 11.70
39.921367 11.70
39.932242 11.70
39.968008 11.70
39.978758 11.70
40.009118 11.70
40.019993 11.70
40.050243 11.70
40.066244 11.70
40.091495 11.70
40.102369 11.70
40.132762 11.70
40.148761 11.70
40.173995 11.70
40.184762 11.70
40.215120 11.70
40.225995 11.70
40.256245 11.70
40.272246 11.70
40.305889 11.70
40.321888 11.70
40.347121 11.70
40.357996 11.70
40.388246 11.70
40.404246 11.70
40.429513 11.70
40.440372 11.70
40.470890 11.70
40.486890 11.70
40.512122 11.70
40.522998 11.70
40.553247 11.70
40.569248 11.70
40.594499 11.70
40.605373 11.70
40.641013 11.70
40.651766 11.70
40.682123 11.70
40.692999 11.70
40.723249 11.70
40.739249 11.70
40.764501 11.70
40.775374 11.70
40.806015 11.70
40.816768 11.70
40.847250 11.70
40.863250 11.70
40.890260 11.70
40.901125 11.70
40.931502 11.70
40.942375 11.70
40.972781 11.70
40.988769 11.70
41.014126 11.70
41.025001 11.70
41.055251 11.70
41.071126 11.70
41.096503 11.70
41.107377 11.70
41.137781 11.70
41.153895 11.70
41.179003 11.70
41.189767 11.70
41.220003 11.70
41.230768 11.70
41.261128 11.70
41.272003 11.70
41.302253 11.70
41.318253 11.70
41.345263 11.70
41.356129 11.70
41.388264 11.70
41.399129 11.70
41.431264 11.70
41.442130 11.70
41.474264 11.70
41.485129 11.70
41.517265 11.70
41.528130 11.70
41.560266 11.70
41.571131 11.70
41.601381 11.70
41.612130 11.70
41.642786 11.70
41.658898 11.70
41.684131 11.70
41.696508 11.70
41.725256 11.70
41.741256 11.70
41.768142 11.70
41.779024 11.70
41.809257 11.70
41.825257 11.70
41.852142 11.70
41.863023 11.70
41.893258 11.70
41.909258 11.70
41.936143 11.70
41.947025 11.70
41.977258 11.70
41.993258 11.70
42.023662 11.70
42.036144 11.70
42.065134 11.70
42.081134 11.70
42.106259 11.70
42.117134 11.70
42.147385 11.70
42.158134 11.70
42.188787 11.70
42.204664 11.70
42.230135 11.70
42.242541 11.70
42.271261 11.70
42.282011 11.70
42.317665 11.70
42.333664 11.70
42.359027 11.70
42.369779 11.70
42.400262 11.70
42.411012 12.05
42.441387 12.05
42.452262 11.70
42.482793 11.70
42.498666 11.70
42.524138 11.70
42.540012 11.70
42.565263 11.70
42.576013 11.70
42.611655 11.70
42.627655 11.70
42.653030 11.70
42.663781 11.70
42.694264 11.70
42.705014 11.70
42.735389 11.70
42.746139 11.70
42.776793 11.70
42.792907 11.70
42.818140 11.70
42.834015 11.70
42.859265 11.70
42.870015 11.70
42.905658 11.70
42.916390 11.70
42.947032 12.05
42.957783 11.70
42.988266 12.05
42.999141 11.70
43.029391 11.70
43.040141 11.70
43.070796 11.70
43.086908 11.70
43.112142 11.70
43.128142 11.70
43.153268 11.70
43.164017 11.70
43.199660 11.70
43.215658 11.70
43.241036 11.70
43.251786 11.70
43.282268 11.70
43.293143 11.70
43.323394 11.70
43.334144 12.05
43.364796 11.70
43.380672 11.70
43.406144 11.70
43.422019 11.70
43.447270 11.70
43.458145 11.70
43.493674 11.70
43.509660 11.70
43.535035 11.70
43.545785 11.70
43.576271 11.70
43.587146 11.70
43.617396 11.70
43.628146 11.70
43.658798 11.70
43.674675 11.70
43.700022 11.70
43.710790 11.70
43.741022 11.70
43.751789 11.70
43.782147 11.70
43.798147 11.70
43.823272 11.70
43.834147 11.70
43.869666 11.70
43.885666 11.70
43.911038 11.70
43.921791 11.70
43.952273 11.70
43.963148 11.70
43.998665 11.70
44.014667 11.70
44.040041 11.70
44.052526 11.70
44.081274 11.70
44.092025 11.70
44.127676 11.70
44.138400 11.70
44.169042 11.70
44.181542 11.70
44.210275 11.70
44.221150 11.70
44.256679 11.70
44.272668 11.70
44.298043 11.70
44.310528 11.70
44.339151 11.70
44.355027 11.70
44.380277 11.70
44.391027 11.70
44.426680 11.70
44.442669 11.70
44.468044 11.70
44.480403 11.70
44.509028 11.70
44.521403 11.70
44.550028 11.70
44.562403 11.70
44.591153 11.70
44.607029 11.70
44.632278 11.70
44.643029 11.70
44.678683 11.70
44.694670 11.70
44.720046 11.70
44.732404 12.05
44.761155 11.70
44.777030 11.70
44.802280 11.70
44.813030 11.70
44.848685 11.70
44.864561 11.70
44.890031 11.70
44.902406 11.70
44.931031 11.70
44.947031 11.70
44.972156 11.70
44.988032 11.70
45.013281 11.70
45.024157 11.70
45.059674 11.70
45.075675 11.70
45.101047 11.70
45.117158 11.70
45.142032 11.70
45.158033 11.70
45.183033 11.70
45.199033 11.70
45.224033 11.70
45.240034 11.70
45.265034 11.70
45.277408 11.70
45.306159 11.70
45.322034 11.70
45.347284 11.70
45.358159 11.70
45.393566 11.70
45.409565 11.70
45.435053 11.70
45.451053 11.70
45.476285 11.70
45.487035 11.70
45.522678 11.70
45.538678 11.70
45.564051 11.70
45.580053 11.70
45.605161 11.70
45.621036 11.70
45.646287 11.70
45.657036 11.70
45.692677 11.70
45.708538 11.70
45.733814 11.70
45.744539 11.70
45.775038 11.70
45.791038 11.70
45.816163 11.70
45.832038 11.70
45.857288 11.70
45.868163 11.70
45.903691 11.70
45.919680 11.70
45.945056 11.70
45.961039 11.70
45.986039 11.70
46.002039 11.70
46.027040 11.70
46.043039 11.70
46.068165 11.70
46.084040 11.70
46.109290 12.05
46.120165 11.70
46.155693 11.70
46.171542 11.70
46.197056 11.70
46.213041 12.05
46.238041 11.70
46.254041 11.70
46.279167 11.70
46.295041 11.70
46.320292 11.70
46.331167 12.05
46.366572 11.70
46.377292 11.70
46.408061 11.70
46.423935 11.70
46.449292 11.70
46.460043 11.70
46.495686 11.70
46.511684 11.70
46.536935 11.70
46.549418 11.70
46.578044 11.70
46.594044 11.70
46.619044 11.70
46.634937 11.70
46.660169 11.70
46.676169 12.05
46.703045 11.70
46.713937 11.70
46.744045 11.70
46.759935 11.70
46.785170 11.70
46.801045 12.05
46.828046 11.70
46.838811 11.70
46.869046 11.70
46.884938 11.70
46.910046 11.70
46.925936 11.70
46.951172 11.70
46.961939 11.70
46.994048 11.70
47.004815 11.70
47.035047 11.70
47.050940 11.70
47.076047 11.70
47.091938 11.70
47.117048 11.70
47.133048 11.70
47.158173 11.70
47.168940 11.70
47.201049 11.70
47.211815 11.70
47.242049 11.70
47.257942 11.70
47.283049 11.70
47.298939 11.70
47.324174 11.70
47.334941 11.70
47.370432 11.70
47.381175 11.70
47.411829 11.70
47.422550 11.70
47.453175 11.70
47.463941 11.70
47.499432 11.70
47.510176 11.70
47.540818 11.70
47.551705 11.70
47.582176 11.70
47.592941 11.70
47.628434 11.70
47.639302 11.70
47.669831 11.70
47.680704 11.70
47.711177 11.70
47.721944 11.70
47.757435 11.70
47.781705 11.70
47.792435 11.70
47.822946 11.70
47.838821 11.70
47.864178 11.70
47.874945 11.70
47.910438 11.70
47.921179 11.70
47.951819 11.70
47.962709 11.70
47.993179 11.70
48.004054 11.70
48.039439 12.05
48.050180 11.70
48.080824 11.70
48.091710 11.70
48.122180 11.70
48.133055 12.05
48.168435 11.70
48.184436 11.70
48.209949 11.70
48.225950 12.05
48.251057 11.70
48.267056 11.70
48.292057 11.70
48.302948 11.70
48.333182 11.70
48.343950 11.70
48.379435 11.70
48.395436 12.05
48.420949 11.70
48.436952 11.70
48.462058 11.70
48.477948 11.70
48.503058 11.70
48.513950 11.70
48.544184 11.70
48.554948 12.05
48.590438 11.70
48.614949 12.05
48.644438 11.70
48.660438 11.70
48.685953 11.70
48.701951 12.05
48.727060 11.70
48.743060 11.70
48.768185 11.70
48.779061 11.70
48.814441 11.70
48.838954 11.70
48.868442 11.70
48.884445 11.70
48.909954 11.70
48.925954 11.70
48.951062 11.70
48.967062 11.70
48.992187 11.70
49.003062 11.70
49.038445 11.70
49.062954 11.70
49.092442 11.70
49.108444 11.70
49.133955 11.70
49.149957 11.70
49.175064 11.70
49.191063 11.70
49.216189 11.70
49.226956 11.70
49.262444 11.70
49.286956 11.70
49.316442 11.70
49.332444 11.70
49.357956 11.70
49.373958 11.70
49.399065 11.70
49.415065 11.70
49.440190 11.70
49.451066 11.70
49.486446 11.70
49.502596 11.70
49.527960 12.05
49.543957 12.05
49.569066 11.70
49.585067 11.70
49.610067 11.70
49.620959 11.70
49.651192 11.70
49.661942 11.70
49.697447 11.70
49.713446 11.70
49.738961 11.70
49.754958 11.70
49.780068 11.70
49.790961 11.70
49.821193 11.70
49.831961 11.70
49.867445 11.70
49.883445 11.70
49.908712 11.70
49.919599 11.70
49.950069 11.70
49.960962 11.70
49.991070 12.05
50.001962 11.70
50.032195 11.70
50.042945 11.70
50.078447 11.70
50.094447 11.70
50.119961 11.70
50.136071 11.70
50.160962 11.70
50.176961 11.70
50.202071 11.70
50.212964 11.70
50.243072 11.70
50.253962 11.70
50.284072 11.70
50.294947 11.70
50.325197 11.70
50.336073 11.70
50.371448 11.70
50.387448 11.70
50.412964 11.70
50.428966 11.70
50.454073 11.70
50.464964 11.70
50.495074 11.70
50.505966 11.70
50.536074 11.70
50.546949 11.70
50.577074 11.70
50.587950 11.70
50.618075 11.70
50.628964 11.70
50.659075 11.70
50.669950 11.70
50.700200 11.70
50.710950 11.70
50.746454 11.70
50.757451 11.70
50.787968 11.70
50.803968 11.70
50.828951 11.70
50.839718 11.70
50.870076 11.70
50.880952 11.70
50.911076 11.70
50.921952 11.70
50.952077 11.70
50.962952 11.70
50.993078 12.05
51.003952 12.05
51.034203 11.70
51.044953 11.70
51.080453 11.70
51.096457 11.70
51.121732 11.70
51.132605 11.70
51.162969 11.70
51.173721 11.70
51.204204 11.70
51.215080 11.70
51.250458 11.70
51.261455 11.70
51.291972 11.70
51.307974 11.70
51.332955 11.70
51.343721 11.70
51.374080 11.70
51.384955 11.70
51.415080 11.70
51.425956 11.70
51.456081 11.70
51.466956 11.70
51.497081 11.70
51.507956 11.70
51.538207 11.70
51.548957 11.70
51.579487 11.70
51.595485 11.70
51.620975 11.70
51.636973 11.70
51.662083 11.70
51.672972 11.70
51.703208 11.70
51.714083 11.70
51.749459 11.70
51.765459 11.70
51.790974 11.70
51.806976 11.70
51.832084 11.70
51.842976 11.70
51.873084 11.70
51.883960 11.70
51.915836 11.70
51.926614 11.70
51.956976 11.70
51.972978 11.70
51.998085 11.70
52.008960 11.70
52.039085 11.70
52.049960 11.70
52.081837 11.70
52.092739 11.70
52.123086 11.70
52.133976 11.70
52.164086 11.70
52.174961 11.70
52.206838 11.70
52.217854 11.70
52.248087 11.70
52.258977 11.70
52.289087 11.70
52.299962 11.70
52.335337 11.70
52.351338 11.70
52.376853 11.70
52.392856 11.70
52.418089 11.70
52.428981 11.70
52.464492 11.70
52.480482 11.70
52.505980 11.70
52.521982 11.70
52.552486 11.70
52.563484 11.70
52.593983 11.70
52.604731 11.70
52.636841 11.70
52.647744 11.70
52.678090 11.70
52.688982 11.70
52.724215 11.70
52.734966 11.70
52.765341 11.70
52.777842 11.70
52.806746 11.70
52.822743 11.70
52.848092 11.70
52.858984 11.70
52.894342 11.70
52.906843 11.70
52.935744 11.70
52.951747 11.70
52.977093 11.70
52.987985 11.70
53.019719 11.70
53.030470 11.70
53.061093 11.70
53.071984 11.70
53.107219 11.70
53.118094 11.70
53.148344 11.70
53.164344 11.70
53.189748 11.70
53.205748 11.70
53.231095 11.70
53.241986 11.70
53.277220 11.70
53.287970 11.70
53.318345 11.70
53.334345 11.70
53.359738 11.70
53.375738 11.70
53.400987 11.70
53.411739 11.70
53.442096 11.70
53.452971 11.70
53.488222 11.70
53.499097 11.70
53.529347 11.70
53.545222 11.70
53.570626 11.70
53.581473 11.70
53.611990 11.70
53.622741 11.70
53.652973 11.70
53.663741 11.70
53.694098 11.70
53.704973 11.70
53.740348 11.70
53.756348 11.70
53.781628 11.70
53.792475 11.70
53.822990 11.70
53.833740 11.70
53.869224 12.05
53.880099 11.70
53.910349 11.70
53.926350 11.70
53.951627 11.70
53.962477 11.70
53.992992 11.70
54.003740 11.70
54.039225 11.70
54.049975 11.70
54.080351 11.70
54.096226 11.70
54.121630 11.70
54.132351 11.70
54.162994 11.70
54.173743 11.70
54.209226 11.70
54.219977 11.70
54.250353 11.70
54.266227 11.70
54.291602 11.70
54.302353 11.70
54.332995 11.70
54.343745 11.70
54.373978 11.70
54.384746 11.70
54.414979 11.70
54.425744 11.70
54.455979 11.70
54.466744 11.70
54.496979 11.70
54.507746 11.70
54.537980 11.70
54.548746 11.70
54.578980 11.70
54.589745 11.70
54.619980 11.70
54.630748 11.70
54.660980 11.70
54.671747 11.70
54.701980 11.70
54.712747 11.70
54.742981 11.70
54.753749 11.70
54.783981 11.70
54.794747 11.70
54.824982 11.70
54.835874 11.70
54.871357 11.70
54.887483 11.70
54.912607 11.70
54.923358 11.70
54.954000 11.70
54.964749 11.70
55.000233 11.70
55.010983 11.70
55.041485 11.70
55.052358 11.70
55.082999 11.70
55.093752 11.70
55.129234 11.70
55.139984 11.70
55.170485 11.70
55.181360 11.70
55.211750 11.70
55.227609 11.70
55.253000 11.70
55.263753 11.70
55.299235 11.70
55.311736 11.70
55.343505 11.70
55.354361 11.70
55.384751 11.70
55.400611 11.70
55.426001 11.70
55.436754 11.70
55.472236 11.70
55.484737 11.70
55.513488 11.70
55.524362 11.70
55.555004 11.70
55.565753 11.70
55.601238 11.70
55.611988 11.70
55.642517 11.70
55.653238 11.70
55.684006 11.70
55.694880 11.70
55.726769 11.70
55.737520 11.70
55.769645 11.70
55.780520 11.70
55.812646 11.70
55.823520 11.70
55.859239 11.70
55.871632 11.70
55.903615 11.70
55.916115 11.70
55.945006 11.70
55.955882 11.70
55.986241 11.70
55.998634 11.70
56.027509 11.70
56.038366 11.70
56.069007 11.70
56.079758 11.70
56.115366 11.70
56.131241 11.70
56.156770 11.70
56.173009 11.70
56.203367 11.70
56.219367 11.70
56.244772 11.70
56.255494 11.70
56.291119 11.70
56.302008 11.70
56.332243 11.70
56.348118 11.70
56.373494 11.70
56.384368 11.70
56.414773 11.70
56.425636 11.70
56.461244 11.70
56.477244 11.70
56.505649 11.70
56.521496 11.70
56.552120 11.70
56.562995 11.70
56.593245 11.70
56.609245 11.70
56.634524 11.70
56.645370 11.70
56.675886 12.05
56.686639 11.70
56.722371 12.05
56.733246 12.05
56.763889 11.70
56.774889 12.05
56.810372 11.70
56.821372 11.70
56.851889 11.70
56.862890 11.70
56.898372 12.05
56.909372 11.70
56.939890 11.70
56.950775 11.70
56.981248 11.70
56.997373 11.70
57.022374 11.70
57.033123 11.70
57.063778 11.70
57.074641 12.05
57.110249 12.05
57.126374 11.70
57.151501 11.70
57.162374 12.05
57.193017 11.70
57.203766 11.70
57.234250 11.70
57.250250 11.70
57.275502 11.70
57.286376 11.70
57.317018 11.70
57.327768 12.05
57.358251 11.70
57.374126 11.70
57.399503 11.70
57.410376 11.70
57.440642 11.70
57.456657 11.70
57.482020 11.70
57.492767 11.70
57.528377 11.70
57.539127 11.70
57.569780 11.70
57.580504 11.70
57.616378 11.70
57.627128 11.70
57.657780 11.70
57.668505 12.05
57.704254 11.70
57.720379 11.70
57.745506 11.70
57.756379 11.70
57.786781 11.70
57.797506 11.70
57.833379 11.70
57.844255 11.70
57.874785 11.70
57.885659 11.70
57.921130 11.70
57.932006 11.70
57.962255 11.70
57.978256 11.70
58.003507 11.70
58.014381 11.70
58.044786 11.70
58.055659 11.70
58.091382 12.05
58.102131 11.70
58.132786 11.70
58.143509 11.70
58.179382 11.70
58.190257 11.70
58.220787 11.70
58.231509 11.70
58.267258 11.70
58.283383 11.70
58.311661 11.70
58.327787 11.70
58.354635 11.70
58.365510 11.70
58.397636 11.70
58.408510 11.70
58.440636 11.70
58.451511 11.70
58.483637 12.05
58.494511 12.05
58.530260 12.05
58.546385 12.05
58.571512 11.70
58.584010 12.05
58.612789 12.05
58.623512 11.70
58.659386 11.70
58.670261 12.05
58.700666 11.70
58.716776 12.05
58.743513 11.70
58.754387 11.70
58.784792 11.70
58.795667 11.70
58.831387 11.70
58.842137 11.70
58.872790 11.70
58.883514 12.05
58.914138 12.05
58.926515 12.05
58.955263 11.70
58.971263 12.05
58.996388 11.70
59.007263 11.70
59.037792 11.70
59.048516 11.70
59.079139 12.05
59.091516 11.70
59.120265 11.70
59.131015 11.70
59.161516 11.70
59.177517 11.70
59.208265 11.70
59.219016 11.70
59.249546 11.70
59.265670 11.70
59.296266 11.70
59.307016 11.70
59.337517 11.70
59.353668 12.05
59.384266 12.05
59.395142 12.05
59.425518 12.05
59.441669 11.70
59.466796 12.05
59.477518 12.05
59.508143 11.70
59.524268 11.70
59.549268 11.70
59.560018 11.70
59.590549 11.70
59.606671 11.70
59.637269 11.70
59.648144 11.70
59.678520 11.70
59.694674 12.05
59.719800 12.05
59.730673 11.70
59.761145 11.70
59.777270 11.70
59.802270 11.70
59.813145 12.05
59.843395 11.70
59.854145 11.70
59.884799 11.70
59.895674 11.70
59.926146 12.05
59.942270 11.70
59.967271 11.70
59.978021 11.70
60.008522 11.70
60.024673 11.70
60.055272 11.70
60.066147 11.70
60.096524 11.70
60.112674 12.05
60.137801 11.70
60.148524 12.05
60.179148 11.70
60.195273 11.70
60.220273 11.70
60.231148 11.70
60.261553 11.70
60.277678 12.05
60.308274 12.05
60.319149 11.70
60.349524 11.70
60.365677 11.70
60.390679 11.70
60.401525 12.05
60.437274 11.70
60.448025 12.05
60.478526 12.05
60.494677 12.05
60.519916 12.05
60.530668 12.05
60.561025 11.70
60.571918 12.05
60.602026 12.05
60.612793 12.05
60.643026 12.05
60.653794 12.05
60.684151 12.05
60.700276 12.05
60.725276 11.70
60.736152 12.05
60.766528 11.70
60.782528 11.70
60.813278 12.05
60.824153 12.05
60.854529 12.05
60.870683 12.05
60.895808 12.05
60.906682 12.05
60.937153 12.05
60.953279 12.05
60.978278 12.05
60.989154 11.70
61.019404 11.70
61.030279 11.70
61.060681 12.05
61.071531 12.05
61.102155 12.05
61.118280 12.05
61.143280 12.05
61.154155 11.70
61.184532 12.05
61.200686 11.70
61.231281 12.05
61.242156 12.05
61.272533 12.05
61.288683 12.05
61.319281 12.05
61.330157 12.05
61.360533 12.05
61.376684 12.05
61.407282 12.05
61.418157 12.05
61.448534 12.05
61.464687 12.05
61.491412 12.05
61.502283 12.05
61.532688 11.70
61.543563 12.05
61.574051 12.05
61.586433 11.70
61.615284 12.05
61.626159 12.05
61.656409 12.05
61.668802 12.05
61.703053 12.05
61.715414 12.05
61.744035 12.05
61.756414 12.05
61.785035 12.05
61.801052 12.05
61.826035 12.05
61.838414 12.05
61.867161 12.05
61.883286 12.05
61.908286 12.05
61.919161 12.05
61.949537 11.70
61.960411 12.05
61.996054 11.70
62.008417 12.05
62.037162 12.05
62.048037 11.70
62.078287 12.05
62.089162 11.70
62.119540 11.70
62.130413 12.05
62.166288 12.05
62.177163 12.05
62.207540 12.05
62.218413 12.05
62.254164 12.05
62.265063 12.05
62.295289 12.05
62.306039 12.05
62.336540 12.05
62.347414 12.05
62.383289 12.05
62.394040 12.05
62.424541 11.70
62.435415 12.05
62.465694 12.05
62.476541 12.05
62.507057 11.70
62.523057 12.05
62.548291 12.05
62.559040 12.05
62.589571 12.05
62.600291 12.05
62.636060 11.70
62.652065 11.70
62.677292 12.05
62.688042 12.05
62.718571 12.05
62.729292 12.05
62.759934 12.05
62.770684 11.70
62.801168 12.05
62.811934 12.05
62.842293 12.05
62.853043 12.05
62.883544 12.05
62.894293 12.05
62.930058 12.05
62.946061 11.70
62.971294 12.05
62.982044 11.70
63.012545 11.70
63.023294 11.70
63.059061 12.05
63.075061 11.70
63.100295 12.05
63.111045 12.05
63.141546 11.70
63.152295 12.05
63.188171 12.05
63.198939 12.05
63.229296 12.05
63.240046 12.05
63.270546 12.05
63.281296 12.05
63.317061 12.05
63.333047 11.70
63.358297 12.05
63.369047 12.05
63.399422 12.05
63.415422 12.05
63.446065 12.05
63.462065 12.05
63.487298 12.05
63.498048 12.05
63.528700 11.70
63.539423 12.05
63.569941 11.70
63.580702 11.70
63.611049 11.70
63.627049 12.05
63.652175 12.05
63.662942 12.05
63.693300 12.05
63.704175 12.05
63.734704 12.05
63.745550 12.05
63.775941 12.05
63.786704 12.05
63.816940 12.05
63.827706 12.05
63.858051 12.05
63.874051 12.05
63.899176 12.05
63.909941 12.05
63.940301 12.05
63.952819 11.70
63.981704 12.05
63.992434 12.05
64.022943 11.70
64.033706 11.70
64.064177 11.70
64.075053 11.70
64.105303 12.05
64.116178 12.05
64.148439 12.05
64.159303 11.70
64.195070 11.70
64.211071 12.05
64.236304 12.05
64.248708 11.70
64.279309 12.05
64.290179 12.05
64.320580 12.05
64.331437 12.05
64.367072 12.05
64.383055 12.05
64.408305 12.05
64.420710 12.05
64.449586 12.05
64.460433 12.05
64.491073 12.05
64.507181 11.70
64.532305 11.70
64.544711 12.05
64.578337 12.05
64.589057 12.05
64.625182 12.05
64.636057 12.05
64.666307 12.05
64.678711 12.05
64.707584 12.05
64.718435 12.05
64.749058 12.05
64.759949 12.05
64.790183 12.05
64.800950 12.05
64.831308 12.05
64.847437 12.05
64.872588 12.05
64.883438 11.70
64.914075 11.38
64.924952 11.38
64.955309 11.38
64.971309 10.72
64.996589 10.37
65.007439 10.72
65.038077 10.72
65.048952 10.37
65.079310 10.72
65.095185 10.72
65.120590 10.72
65.131442 10.72
65.162078 10.72
65.172952 10.72
65.203186 10.72
65.213954 10.72
65.244311 10.72
65.260312 10.72
65.285591 10.72
65.296442 10.72
65.327062 10.72
65.337954 10.37
65.368187 10.37
65.379062 10.37
65.409313 10.37
65.425313 10.37
65.455954 10.37
65.471955 10.72
65.497189 10.37
65.507955 10.72
65.538314 10.37
65.554314 10.37
65.579591 10.37
65.590442 10.37
65.621064 10.37
65.631956 10.37
65.662189 10.37
65.672959 10.37
65.703315 10.37
65.719315 10.37
65.744442 10.37
65.755315 10.37
65.791191 10.37
65.802066 10.37
65.832316 10.37
65.848316 10.37
65.873596 10.37
65.884442 10.03
65.915067 10.03
65.925957 10.03
65.956067 9.71
65.966959 9.71
65.997067 9.71
66.007957 9.71
66.038067 9.71
66.048943 9.36
66.079193 9.36
66.089960 9.04
66.120318 9.36
66.136318 9.36
66.161598 9.04
66.172318 9.36
66.202961 9.36
66.218961 9.04
66.244194 9.36
66.254959 9.04
66.285320 9.04
66.301319 9.04
66.326596 9.04
66.337446 9.36
66.368070 9.36
66.378960 9.04
66.409070 9.04
66.419946 9.04
66.450071 9.04
66.460964 9.04
66.491071 9.04
66.501946 9.04
66.532072 9.36
66.542964 9.36
66.573071 9.04
66.583947 9.04
66.614197 9.04
66.626725 9.04
66.655322 9.04
66.671322 9.04
66.696449 9.36
66.707322 9.04
66.737964 9.04
66.753965 9.04
66.779074 9.04
66.789967 9.04
66.820073 9.04
66.830948 9.04
66.861199 9.04
66.873726 9.04
66.902324 9.04
66.918324 9.04
66.945328 9.04
66.956200 9.04
66.991967 9.04
67.007843 9.04
67.033076 9.04
67.043968 9.04
67.074075 9.04
67.084951 9.04
67.115075 9.04
67.125950 9.04
67.156076 9.04
67.166951 9.04
67.197076 9.04
67.207968 9.04
67.238077 8.70
67.248952 8.70
67.279077 8.35
67.289952 8.03
67.320077 8.35
67.330969 8.03
67.361078 8.03
67.371953 8.35
67.402078 8.35
67.412953 8.03
67.443078 8.35
67.453953 8.03
67.484079 8.35
67.494971 8.35
67.525079 8.03
67.535954 7.69
67.566204 7.69
67.578606 7.37
67.607330 7.37
67.618079 7.02
67.653733 6.68
67.664456 0.05
67.694969 5.69
67.705705 5.35
67.736080 5.35
67.746973 5.35
67.777081 5.35
67.787956 5.00
67.818081 4.68
67.828956 4.68
67.859082 4.68
67.869957 4.68
67.900082 4.68
67.910957 4.68
67.941081 4.68
67.951957 4.68
67.982082 4.68
67.992957 4.68
68.023083 4.68
68.033958 4.68
68.064083 4.68
68.074958 4.68
68.105083 4.68
68.115958 4.68
68.146084 4.68
68.156959 4.68
68.187084 4.68
68.197959 4.68
68.228084 4.68
68.238959 4.68
68.269084 4.68
68.279960 4.68
68.310210 4.68
68.326085 4.68
68.351335 4.68
68.362210 4.68
68.397978 4.68
68.408726 4.68
68.439086 4.68
68.449961 4.68
68.480086 4.68
68.490961 4.68
68.521086 4.68
68.531961 4.68
68.562212 4.68
68.578087 4.68
68.603337 4.68
68.614087 4.68
68.649730 4.68
68.660464 4.68
68.691088 4.68
68.701979 4.68
68.732088 4.68
68.742963 4.68
68.773089 4.68
68.783963 4.68
68.814214 4.68
68.830089 4.68
68.855339 4.68
68.866214 4.68
68.901729 4.68
68.912465 4.68
68.943090 4.68
68.953979 4.68
68.984090 4.68
68.994965 4.68
69.025091 4.68
69.035965 4.68
69.066216 4.68
69.082091 4.68
69.107341 4.68
69.118091 4.68
69.153733 4.68
69.169731 4.68
69.195092 4.68
69.205967 4.68
69.236092 4.68
69.246967 4.68
69.277092 4.68
69.287967 4.68
69.318217 4.68
69.334093 4.68
69.359343 4.68
69.370218 4.68
69.405983 4.68
69.416737 4.68
69.447093 4.68
69.457969 4.68
69.488094 4.68
69.500624 4.68
69.529094 4.68
69.539969 4.68
69.570219 4.68
69.586095 4.68
69.611345 4.68
69.622220 4.68
69.657738 4.68
69.670230 4.68
69.698971 4.68
69.709737 4.68
69.740221 4.68
69.757222 4.68
69.781346 4.68
69.792096 4.68
69.822757 4.68
69.838739 4.68
69.864097 4.68
69.876627 4.68
69.905222 4.68
69.921097 4.68
69.948107 4.68
69.958988 4.68
69.989223 4.68
70.005098 4.68
70.032108 4.68
70.042990 4.68
70.073099 4.68
70.085475 4.68
70.114098 4.68
70.126476 4.68
70.155224 4.68
70.171224 4.68
70.196349 4.68
70.207099 4.68
70.242754 4.68
70.255109 4.68
70.283990 4.68
70.294743 4.68
70.325101 4.68
70.337476 4.68
70.366101 4.68
70.378477 4.68
70.407100 4.68
70.422976 4.68
70.448101 4.68
70.460477 4.68
70.489101 4.68
70.504977 4.68
70.530102 4.68
70.545977 4.68
70.571102 4.68
70.586977 4.68
70.612103 4.68
70.624478 4.68
70.653103 4.68
70.668978 4.68
70.694103 4.68
70.706479 4.68
70.735103 4.68
70.750979 4.68
70.776104 4.68
70.791979 4.68
70.817104 4.68
70.832979 4.68
70.858104 4.68
70.873979 4.68
70.899105 4.68
70.914980 4.68
70.940105 4.68
70.955980 4.68
70.981105 4.68
70.996980 4.68
71.022105 4.68
71.037981 4.68
71.063106 4.68
71.078981 4.68
71.104106 4.68
71.119982 4.68
71.145106 4.68
71.160982 4.68
71.186107 4.68
71.201982 4.68
71.227107 4.68
71.242982 4.68
71.268108 4.68
71.283982 4.68
71.309108 4.68
71.324983 4.68
71.350108 4.68
71.365983 4.68
71.391108 4.68
71.406984 4.68
71.432109 4.68
71.447984 4.68
71.473109 4.68
71.488984 4.68
71.514109 4.68
71.529985 4.68
71.555110 4.68
71.570985 4.68
71.596110 4.68
71.611986 4.68
71.637110 4.68
71.652985 4.68
71.686611 4.68
71.697361 4.68
71.728003 4.68
71.738752 4.68
71.768987 4.68
71.779754 4.68
71.809987 4.68
71.820753 4.68
71.850987 4.68
71.861755 4.68
71.891987 4.68
71.902754 4.68
71.932987 4.68
71.943755 4.68
71.973988 4.68
71.984756 4.68
72.014988 4.68
72.025755 4.68
72.055989 4.68
72.066756 4.68
72.097006 4.68
72.107757 4.68
72.138114 4.68
72.153989 4.68
72.179239 4.68
72.189990 4.68
72.225633 4.68
72.236365 4.68
72.267009 4.68
72.279492 4.68
72.308240 4.68
72.319009 4.68
72.354631 4.68
72.365366 4.68
72.396008 4.68
72.408508 4.68
72.437242 4.68
72.447992 4.68
72.480133 4.68
72.491007 4.68
72.526644 4.68
72.539136 4.68
72.567993 4.68
72.580509 4.68
72.608993 4.68
72.619760 4.68
72.649993 4.68
72.662495 4.68
72.691119 4.68
72.707119 4.68
72.732244 4.68
72.743119 4.68
72.778648 4.68
72.794634 4.68
72.819995 4.68
72.832369 4.68
72.860995 4.68
72.873370 4.68
72.902120 4.68
72.917995 4.68
72.943245 4.68
72.954120 4.68
72.989636 4.68
73.001997 4.68
73.031121 4.68
73.046997 4.68
73.072247 4.68
73.083121 4.68
73.118639 4.68
73.134637 4.68
73.160013 4.68
73.176012 4.68
73.201123 4.68
73.216998 4.68
73.242248 4.68
73.252997 4.68
73.288499 4.68
73.304499 4.68
73.330013 4.68
73.346013 4.68
73.371249 4.68
73.382124 4.68
73.417641 4.68
73.433641 4.68
73.459017 4.68
73.475015 4.68
73.500125 4.68
73.515999 4.68
73.541250 4.68
73.552125 4.68
73.587654 4.68
73.603641 4.68
73.629017 4.68
73.645017 4.68
73.670001 4.68
73.686018 4.68
73.711126 4.68
73.727002 4.68
73.752251 4.68
73.763127 4.68
73.798656 4.68
73.814643 4.68
73.840017 4.68
73.856019 4.68
73.881127 4.68
73.897003 4.68
73.922253 4.68
73.933003 4.68
73.968657 4.68
73.984645 4.68
74.010129 4.68
74.026129 4.68
74.051254 4.68
74.062129 4.68
74.097659 4.68
74.113506 4.68
74.139130 4.68
74.155130 4.68
74.180255 4.68
74.191130 4.68
74.226534 4.68
74.242522 4.68
74.268023 4.68
74.284022 4.68
74.309255 4.68
74.320131 4.68
74.355660 4.68
74.371649 4.68
74.397022 4.68
74.413023 4.68
74.438007 4.68
74.454132 4.68
74.479132 4.68
74.495132 4.68
74.520257 4.68
74.531132 4.68
74.566663 4.68
74.582650 4.68
74.608024 4.68
74.624026 4.68
74.649009 4.68
74.665024 4.68
74.690134 4.68
74.706009 4.68
74.731259 4.68
74.742009 4.68
74.777651 4.68
74.793652 4.68
74.819025 4.68
74.835027 4.68
74.860135 4.68
74.876135 4.68
74.903011 4.68
74.913778 4.68
74.944011 4.68
74.960011 4.68
74.985011 4.68
75.001011 4.68
75.026136 4.68
75.042012 4.68
75.069012 4.68
75.079777 4.68
75.110012 4.68
75.126137 4.68
75.151012 4.68
75.167012 4.68
75.192013 4.68
75.208013 4.68
75.233138 4.68
75.244013 4.68
75.276014 4.68
75.286780 4.68
75.317138 4.68
75.328014 4.68
75.360015 4.68
75.370781 4.68
75.401014 4.68
75.417014 4.68
75.442140 4.68
75.453015 4.68
75.485016 4.68
75.495783 4.68
75.526140 4.68
75.537015 4.68
75.572391 4.68
75.583140 4.68
75.613794 4.68
75.624668 4.68
75.655141 4.68
75.666035 4.68
75.701391 4.68
75.713923 4.68
75.742907 4.68
75.755267 4.68
75.789392 4.68
75.801923 4.68
75.830908 4.68
75.846908 4.68
75.872018 4.68
75.888035 4.68
75.913143 4.68
75.924018 4.68
75.959393 4.68
75.970143 4.68
76.000798 4.68
76.011680 4.68
76.042144 4.68
76.053019 4.68
76.088394 4.68
76.099144 4.68
76.129799 4.68
76.140675 4.68
76.176716 4.68
76.187710 4.68
76.218276 4.68
76.229151 4.68
76.259926 4.68
76.275924 4.68
76.301152 4.68
76.312039 4.68
76.342677 4.68
76.353524 4.68
76.384038 4.68
76.400147 4.68
76.425147 4.68
76.436022 4.68
76.471527 4.68
76.482524 4.68
76.513039 4.68
76.529041 4.68
76.554148 4.68
76.565023 4.68
76.600398 4.68
76.611148 4.68
76.641804 4.68
76.652678 4.68
76.683024 4.68
76.693789 4.68
76.724024 4.68
76.734792 4.68
76.765024 4.68
76.775792 4.68
76.806025 4.68
76.816790 4.68
76.852653 4.68
76.863702 4.68
76.894280 4.68
76.905155 4.68
76.935814 4.68
76.946685 4.68
76.977153 4.68
76.988028 4.68
77.023529 4.68
77.039528 4.68
77.064806 4.68
77.075681 4.68
77.106152 4.68
77.117027 4.68
77.152402 4.68
77.163153 4.68
77.193807 4.68
77.204680 4.68
77.235028 4.68
77.245795 4.68
77.276029 4.68
77.286795 4.68
77.317029 4.68
77.327796 4.68
77.358154 4.68
77.369029 4.68
77.404404 4.68
77.415155 4.68
77.445807 4.68
77.456531 4.68
77.487155 4.68
77.498030 4.68
77.533532 4.68
77.549681 4.68
