0.000000 0.000000
0.041897 4.34
0.053004 4.34
0.083464 4.34
0.094483 4.34
0.125251 2.66
0.146974 2.66
0.158159 2.66
0.194105 2.66
0.210356 2.66
0.240999 2.66
0.251997 2.66
0.287867 2.34
0.298709 2.34
0.329350 2.66
0.340226 2.66
0.370861 2.66
0.381707 2.66
0.412346 2.66
0.423223 2.66
0.458706 2.66
0.474706 2.66
0.499981 2.34
0.510706 2.66
0.541348 2.66
0.552223 2.66
0.587708 2.66
0.603707 2.34
0.628981 2.66
0.639707 2.66
0.670349 2.66
0.681225 2.66
0.716708 2.66
0.732709 2.66
0.758225 2.66
0.774476 2.34
0.799878 2.66
0.810878 2.66
0.843129 2.34
0.854162 2.66
0.884723 2.66
0.901259 2.66
0.926368 2.66
0.937366 2.66
0.967998 2.66
0.980737 3.67
1.014901 4.02
1.025899 4.34
1.058139 4.34
1.069011 4.02
1.105005 4.34
1.117590 4.34
1.146356 4.34
1.157231 4.34
1.187714 4.34
1.203713 4.34
1.228869 4.34
1.239713 4.02
1.270228 4.34
1.286230 4.34
1.311355 4.34
1.322230 4.34
1.357713 4.34
1.373713 4.34
1.401992 4.34
1.414464 4.34
1.449003 4.34
1.465248 4.34
1.495905 4.34
1.506870 4.34
1.542729 4.34
1.553740 4.34
1.589722 4.34
1.600597 4.34
1.631364 4.34
1.642237 4.34
1.672860 4.34
1.683718 4.34
1.714360 4.34
1.725110 4.34
1.755717 4.34
1.771717 4.34
1.796995 4.34
1.809591 4.34
1.843592 4.34
1.856093 4.34
1.884843 4.34
1.895717 4.34
1.925996 4.34
1.942110 4.34
1.967361 4.34
1.978111 4.34
2.008718 4.34
2.024593 4.34
2.050123 4.34
2.065999 4.34
2.093095 4.34
2.103998 4.34
2.134361 4.34
2.145111 4.34
2.175595 4.34
2.188096 4.34
2.216846 4.34
2.227720 4.34
2.257989 4.34
2.270471 4.34
2.299363 4.34
2.310112 4.34
2.345596 4.34
2.357972 4.34
2.386847 4.34
2.397721 4.34
2.428361 4.34
2.439239 4.34
2.469597 4.34
2.481988 4.34
2.510848 4.34
2.521722 4.34
2.552364 4.34
2.563113 4.34
2.598723 4.34
2.614598 4.34
2.640125 4.68
2.656126 4.34
2.686724 4.34
2.697473 4.34
2.728002 4.34
2.744241 4.34
2.774599 4.34
2.790724 4.34
2.815851 4.34
2.826724 4.34
2.857129 4.34
2.867851 4.34
2.903600 4.34
2.919600 4.34
2.944851 4.34
2.955726 4.34
2.986128 4.34
2.997003 4.34
3.032476 4.34
3.043368 4.34
3.073601 4.34
3.089477 4.34
3.114853 4.34
3.125727 4.34
3.156368 4.34
3.167119 4.34
3.197602 4.34
3.213602 4.34
3.238853 4.34
3.249728 4.34
3.280133 4.34
3.291005 4.34
3.326603 4.34
3.342728 4.68
3.367854 4.34
3.378729 4.34
3.409133 4.34
3.420006 4.34
3.455604 4.34
3.471604 4.34
3.500009 4.34
3.516134 4.34
3.541374 4.34
3.552120 4.34
3.582605 4.34
3.598480 4.34
3.623856 4.34
3.634731 4.34
3.665133 4.34
3.675857 4.34
3.711606 4.34
3.727606 4.34
3.752857 4.34
3.763732 4.34
3.794135 4.34
3.805009 4.34
3.840607 4.34
3.856732 4.34
3.885010 4.34
3.901011 4.34
3.926374 4.34
3.937123 4.34
3.967608 4.34
3.983483 4.34
4.008859 4.34
4.019733 4.34
4.049999 4.34
4.065860 4.34
4.091377 4.34
4.102127 4.34
4.137484 4.34
4.148360 4.34
4.178610 4.34
4.194610 4.34
4.219735 4.34
4.230485 4.34
4.261137 4.34
4.271861 4.34
4.307611 4.34
4.323736 4.34
4.348862 4.34
4.359736 4.34
4.390138 4.34
4.400862 4.34
4.436611 4.34
4.452737 4.34
4.477891 4.34
4.490488 4.34
4.519377 4.34
4.530257 4.34
4.565613 4.34
4.581738 4.34
4.606864 4.34
4.617738 4.34
4.648141 4.34
4.659017 4.34
4.694614 4.34
4.710614 4.34
4.739016 4.34
4.755018 4.34
4.781991 4.34
4.792882 4.34
4.824991 4.34
4.835865 4.34
4.867991 4.34
4.878866 4.34
4.910992 4.34
4.921866 4.34
4.953992 4.34
4.964867 4.34
4.996992 4.34
5.007867 4.34
5.039867 4.34
5.050742 4.34
5.081145 4.34
5.092021 4.34
5.127617 4.34
5.143617 4.34
5.168868 4.34
5.181367 4.34
5.210022 4.34
5.226260 4.34
5.256617 4.34
5.272743 4.34
5.297743 4.34
5.308493 4.34
5.339147 4.34
5.350022 4.34
5.385619 4.34
5.401619 4.34
5.426870 4.34
5.439370 4.34
5.468261 4.34
5.479012 4.34
5.509370 4.34
5.520262 4.34
5.550495 4.34
5.562872 4.34
5.591620 4.34
5.602371 4.34
5.632871 4.34
5.645371 4.34
5.674150 4.34
5.684873 4.34
5.715497 4.34
5.731622 4.34
5.756622 4.34
5.767372 4.34
5.797901 4.34
5.814024 4.34
5.844622 4.34
5.855373 4.34
5.885747 4.34
5.896498 4.34
5.927152 4.34
5.937874 4.34
5.968373 4.34
5.979139 4.34
6.009499 4.34
6.025499 4.34
6.050624 4.34
6.061499 4.34
6.091894 4.34
6.108027 4.34
6.133266 4.34
6.144152 4.34
6.174375 4.34
6.185142 4.34
6.215500 4.34
6.231500 4.34
6.256625 4.34
6.267500 4.34
6.298287 4.34
6.309280 4.34
6.339754 4.34
6.350629 4.34
6.381145 4.34
6.392032 4.34
6.422778 4.34
6.433893 4.34
6.469791 4.68
6.495886 4.68
6.512151 4.68
6.542768 4.68
6.553632 4.68
6.584150 4.68
6.595022 4.68
6.625630 4.68
6.636505 4.68
6.667035 4.68
6.677880 4.68
6.713504 4.68
6.729504 4.68
6.754787 4.68
6.767391 4.68
6.801511 4.68
6.817509 4.68
6.843170 4.68
6.854045 4.68
6.884632 4.68
6.895508 4.68
6.926036 4.68
6.936882 5.00
6.972506 4.68
6.988396 4.68
7.013631 5.00
7.024382 4.68
7.055035 5.00
7.065882 5.00
7.096638 5.00
7.107638 5.00
7.139892 5.00
7.150773 5.00
7.186510 5.00
7.202635 5.00
7.227769 5.00
7.240384 5.00
7.269148 5.00
7.279884 5.00
7.315508 5.00
7.331634 5.00
7.356634 5.00
7.367509 5.00
7.398171 5.00
7.409164 5.00
7.439509 5.00
7.455509 5.00
7.480634 5.00
7.491385 5.00
7.522037 5.00
7.532769 5.00
7.568510 5.00
7.584510 5.00
7.609635 5.00
7.620385 5.00
7.650886 5.00
7.666769 5.00
7.693965 5.00
7.705001 5.00
7.735513 5.00
7.746517 5.00
7.777052 5.00
7.787926 5.00
7.823640 5.00
7.834514 5.00
7.865044 5.00
7.875920 5.00
7.911638 5.00
7.922514 5.00
7.952917 5.00
7.969041 5.00
7.999639 5.00
8.010389 5.00
8.041164 5.00
8.052213 5.00
8.082782 5.00
8.099060 5.00
8.129645 5.00
8.140644 5.00
8.171173 5.00
8.182048 5.00
8.212517 5.00
8.223391 5.00
8.253918 5.00
8.270041 5.00
8.295406 5.00
8.307796 5.00
8.336640 5.00
8.347391 5.00
8.378042 5.00
8.388772 5.00
8.419647 5.00
8.430647 5.00
8.461181 5.00
8.472057 5.00
8.502520 5.00
8.513394 5.00
8.543775 5.00
8.559924 5.00
8.590518 5.00
8.601393 5.00
8.631643 5.00
8.642393 5.00
8.673048 5.00
8.683921 5.00
8.714519 5.00
8.725534 5.00
8.756049 5.00
8.766926 5.00
8.797395 5.00
8.813520 5.00
8.838395 5.00
8.854519 5.00
8.879395 5.00
8.895520 5.00
8.920395 5.00
8.936520 5.00
8.961395 5.00
8.977520 5.00
9.002396 5.00
9.018521 5.00
9.043396 5.00
9.059658 5.00
9.085033 5.00
9.096030 5.00
9.126651 5.00
9.137526 5.00
9.173526 5.00
9.184400 5.00
9.214775 5.00
9.230927 5.00
9.264523 5.00
9.275399 5.00
9.305648 5.00
9.316398 5.00
9.347053 5.00
9.358051 5.00
9.388663 5.00
9.399654 5.00
9.435527 5.00
9.446403 5.00
9.476935 5.00
9.487778 5.00
9.518401 5.00
9.534525 5.00
9.559526 5.00
9.570293 5.00
9.600651 5.00
9.611526 5.00
9.641930 5.00
9.652778 5.00
9.683294 5.00
9.694174 5.00
9.725016 5.00
9.746538 5.00
9.757409 5.00
9.788176 5.00
9.799175 5.00
9.829656 5.00
9.840531 5.00
9.876530 5.00
9.887406 5.00
9.917780 5.00
9.933780 5.00
9.964529 5.35
9.975296 5.00
10.005654 5.00
10.016404 5.00
10.047186 5.00
10.057932 5.00
10.088658 5.00
10.114795 5.00
10.130940 5.00
10.161532 5.00
10.172407 5.00
10.202782 5.00
10.218782 5.00
10.249531 5.00
10.260406 5.00
10.290656 5.00
10.301531 5.00
10.332058 5.00
10.342783 5.00
10.373537 5.00
10.384539 5.00
10.416806 5.00
10.427660 5.00
10.463534 5.00
10.474409 5.00
10.504785 5.00
10.520936 5.00
10.548939 5.00
10.559658 5.00
10.595533 5.00
10.606283 5.00
10.636659 5.00
10.649301 5.00
10.677937 5.35
10.688785 5.00
10.719546 5.00
10.730417 5.00
10.762703 5.00
10.773665 5.00
10.809538 5.00
10.820413 5.00
10.852692 5.00
10.863661 5.00
10.899536 5.00
10.910411 5.00
10.940813 5.00
10.956814 5.00
10.983686 5.00
10.994536 5.00
11.026720 5.00
11.037667 5.00
11.073416 5.00
11.084290 5.00
11.114840 5.00
11.125664 5.00
11.156304 5.00
11.172306 5.00
11.197538 5.00
11.208288 5.00
11.238663 5.00
11.251056 5.00
11.279943 5.00
11.290663 5.00
11.321304 5.00
11.337307 5.00
11.362987 5.00
11.373964 5.00
11.404420 5.00
11.415294 5.00
11.445954 5.00
11.456794 5.00
11.487417 5.00
11.498292 4.68
11.528666 5.00
11.544666 5.00
11.575306 5.00
11.591308 5.00
11.616541 5.00
11.627416 5.00
11.657869 5.00
11.679434 5.00
11.690316 4.68
11.720797 4.68
11.731821 4.68
11.762428 4.68
11.773427 5.00
11.803967 5.00
11.814800 5.00
11.845422 5.00
11.856296 5.00
11.886951 5.00
11.897797 5.00
11.928420 5.00
11.939311 5.00
11.969668 5.00
11.985669 5.00
12.010948 5.00
12.021795 5.00
12.052311 5.00
12.068312 5.00
12.093419 5.00
12.104313 5.00
12.134420 5.00
12.145295 5.00
12.175420 5.00
12.186312 5.00
12.216420 5.00
12.227296 5.00
12.257421 5.00
12.268296 5.00
12.298421 5.00
12.309296 5.00
12.339671 5.00
12.355672 4.68
12.380950 4.68
12.391798 4.68
12.422422 5.00
12.433315 5.00
12.463422 5.00
12.474298 5.00
12.504548 5.00
12.515423 5.00
12.545672 5.00
12.561673 5.00
12.586953 5.00
12.597800 5.00
12.628424 5.00
12.639316 5.00
12.669423 5.00
12.680299 5.00
12.710674 5.00
12.726830 5.00
12.757425 5.00
12.768317 5.00
12.798675 5.00
12.814675 5.00
12.845317 5.00
12.861316 5.00
12.886551 5.00
12.897426 5.00
12.927676 5.00
12.943676 5.00
12.968953 5.00
12.979676 4.68
13.010318 4.68
13.026319 4.68
13.051552 5.00
13.062302 5.00
13.092677 5.00
13.108677 5.00
13.135681 5.00
13.146427 5.00
13.178682 5.00
13.189428 5.00
13.219956 5.00
13.230804 5.00
13.261429 5.00
13.272304 5.00
13.302553 5.00
13.315070 5.00
13.343679 5.00
13.359679 5.00
13.386683 5.00
13.397429 5.00
13.429683 5.00
13.440429 5.00
13.472683 5.00
13.483430 5.00
13.515559 5.00
13.526306 5.00
13.556680 5.00
13.572681 5.00
13.599560 4.68
13.610306 4.68
13.640681 4.68
13.656681 5.00
13.683560 5.00
13.694307 5.00
13.724681 5.00
13.740682 5.00
13.767561 5.00
13.778307 5.00
13.808682 5.00
13.824682 5.00
13.849808 5.00
13.860682 5.00
13.891326 5.00
13.907324 5.00
13.932433 5.00
13.943308 5.00
13.973434 5.00
13.984309 5.00
14.014434 5.00
14.025309 5.00
14.055434 5.00
14.066310 5.00
14.096435 5.00
14.107310 5.00
14.137435 5.00
14.148310 5.00
14.178435 5.00
14.189311 5.00
14.219435 5.00
14.230310 4.68
14.260436 4.68
14.271311 4.68
14.301436 5.00
14.312311 5.00
14.342437 5.00
14.353312 5.00
14.383437 5.00
14.394312 5.00
14.424437 5.00
14.435312 5.00
14.465437 5.00
14.476312 5.00
14.506437 5.00
14.517313 5.00
14.547438 5.00
14.558314 5.00
14.588438 5.00
14.599313 5.00
14.629439 5.00
14.640314 5.00
14.670439 5.00
14.681314 5.00
14.711439 5.00
14.722315 5.00
14.752439 5.00
14.763315 5.00
14.793440 5.00
14.804330 5.00
14.834440 5.00
14.845315 4.68
14.875440 4.68
14.886316 4.68
14.916441 5.00
14.927316 5.00
14.957441 5.00
14.968316 5.00
14.998442 5.00
15.009317 5.00
15.039442 5.00
15.050317 5.00
15.080443 5.00
15.091332 5.00
15.121442 5.00
15.132317 5.00
15.162442 5.00
15.173318 5.00
15.203443 5.00
15.214318 5.00
15.244443 5.00
15.255319 5.00
15.285443 5.00
15.296319 5.00
15.326570 5.00
15.342444 5.00
15.367694 5.00
15.378444 5.00
15.414335 5.00
15.425086 5.00
15.455320 5.00
15.466086 4.68
15.496320 4.68
15.507086 4.68
15.537446 4.68
15.548321 5.00
15.578571 5.00
15.594445 5.00
15.619823 5.00
15.630696 5.00
15.666339 5.00
15.677088 5.00
15.707447 5.00
15.718322 5.00
15.748572 5.00
15.764572 5.00
15.789824 5.00
15.800697 5.00
15.831340 5.00
15.842088 5.00
15.872573 5.00
15.888448 5.00
15.913825 5.00
15.924699 5.00
15.955341 5.00
15.966089 5.00
15.996573 5.00
16.012449 5.00
16.039584 5.00
16.050450 5.00
16.080700 5.00
16.091450 5.00
16.122103 4.68
16.134585 4.68
16.163450 4.68
16.175977 5.00
16.204575 5.00
16.220576 5.00
16.247586 5.00
16.258451 5.00
16.290586 5.00
16.301451 5.00
16.333461 5.00
16.344345 5.00
16.374576 5.00
16.390452 5.00
16.417462 5.00
16.428345 5.00
16.458577 5.00
16.474453 5.00
16.501463 5.00
16.512346 5.00
16.542578 5.00
16.558453 5.00
16.585463 5.00
16.596345 5.00
16.626578 5.00
16.642454 5.00
16.672983 5.00
16.685464 5.00
16.714455 5.00
16.726831 5.00
16.755579 4.68
16.766455 4.68
16.801984 5.00
16.817973 5.00
16.843347 5.00
16.854221 5.00
16.884580 5.00
16.895456 5.00
16.927479 5.00
16.938348 5.00
16.973986 5.00
16.989974 5.00
17.015349 5.00
17.026099 5.00
17.056582 5.00
17.067457 5.00
17.102986 5.00
17.115467 5.00
17.144457 5.00
17.160457 5.00
17.185583 5.00
17.196333 5.00
17.231976 5.00
17.247973 5.00
17.273348 5.00
17.284100 5.00
17.314584 5.00
17.325334 5.00
17.360989 5.00
17.376977 4.68
17.402335 4.68
17.413102 5.00
17.443460 5.00
17.459460 5.00
17.484585 5.00
17.495335 5.00
17.530976 5.00
17.541710 5.00
17.572353 5.00
17.583103 5.00
17.613586 5.00
17.624461 5.00
17.659990 5.00
17.675977 5.00
17.701354 5.00
17.712103 5.00
17.742587 5.00
17.753463 5.00
17.788989 5.00
17.799713 5.00
17.830353 5.00
17.841103 5.00
17.871588 5.00
17.882463 5.00
17.917981 5.00
17.933978 5.00
17.959355 5.00
17.970107 4.68
18.000589 4.68
18.011339 4.68
18.046993 4.68
18.057714 5.00
18.088356 5.00
18.099107 5.00
18.129357 5.00
18.140107 5.00
18.170341 5.00
18.181108 5.00
18.211341 5.00
18.222106 5.00
18.252466 5.00
18.268341 5.00
18.293591 5.00
18.304341 5.00
18.334717 5.00
18.345467 5.00
18.376109 5.00
18.391984 5.00
18.417467 5.00
18.433468 5.00
18.458592 5.00
18.469468 5.00
18.504997 5.00
18.520985 5.00
18.546110 5.00
18.561986 5.00
18.587469 5.00
18.603344 5.00
18.628594 4.68
18.639344 4.68
18.674996 4.68
18.685719 5.00
18.716362 5.00
18.728861 5.00
18.757345 5.00
18.768111 5.00
18.798470 5.00
18.814345 5.00
18.839596 5.00
18.850345 5.00
18.882472 5.00
18.893363 5.00
18.923596 5.00
18.934471 5.00
18.966473 5.00
18.977364 5.00
19.007597 5.00
19.018346 5.00
19.050473 5.00
19.061364 5.00
19.091597 5.00
19.102472 5.00
19.134474 5.00
19.145364 5.00
19.175598 5.00
19.186473 5.00
19.218349 5.00
19.229115 5.00
19.259349 4.68
19.271723 4.68
19.300349 4.68
19.312724 5.00
19.341474 5.00
19.357350 5.00
19.382599 5.00
19.393475 5.00
19.429005 5.00
19.444992 5.00
19.470366 5.00
19.482725 5.00
19.511600 5.00
19.522350 5.00
19.557867 5.00
19.573852 5.00
19.599367 5.00
19.615370 5.00
19.640602 5.00
19.651477 5.00
19.686994 5.00
19.702994 5.00
19.728369 5.00
19.744369 5.00
19.769352 5.00
19.781727 5.00
19.810478 5.00
19.826478 5.00
19.851603 5.00
19.862478 4.68
19.898006 4.68
19.913883 4.68
19.939372 5.00
19.955370 5.00
19.980354 5.00
19.996354 5.00
20.021354 5.00
20.037479 5.00
20.062354 5.00
20.078355 5.00
20.103355 5.00
20.119355 5.00
20.144480 5.00
20.160356 5.00
20.185605 5.00
20.196356 5.00
20.231999 5.00
20.247999 5.00
20.273373 5.00
20.289481 5.00
20.314482 5.00
20.330357 5.00
20.355606 5.00
20.366481 5.00
20.402012 5.00
20.417997 5.00
20.443124 5.00
20.453858 5.00
20.484483 5.00
20.500358 4.68
20.525608 4.68
20.536358 4.68
20.572012 5.00
20.588001 5.00
20.613376 5.00
20.629376 5.00
20.654484 5.00
20.670359 5.00
20.700734 5.00
20.711610 5.00
20.742252 5.00
20.753251 5.00
20.783485 5.00
20.799360 5.00
20.824610 5.00
20.835361 5.00
20.871003 5.00
20.886861 5.00
20.912378 5.00
20.928379 5.00
20.953486 5.00
20.969362 5.00
20.994611 5.00
21.005362 5.00
21.041017 5.00
21.057005 5.00
21.082379 5.00
21.098362 5.00
21.123363 4.68
21.139363 4.68
21.164363 4.68
21.180363 4.68
21.205363 5.00
21.221364 5.00
21.246488 5.00
21.262363 5.00
21.289364 5.00
21.300132 5.00
21.330489 5.00
21.346364 5.00
21.371614 5.00
21.382364 5.00
21.418007 5.00
21.434008 5.00
21.459383 5.00
21.475365 5.00
21.500490 5.00
21.516365 5.00
21.541615 5.00
21.552490 5.00
21.587866 5.00
21.603867 5.00
21.629384 5.00
21.645385 5.00
21.672368 5.00
21.683146 5.00
21.713367 5.00
21.729367 5.00
21.754367 4.68
21.776058 4.68
21.787151 4.34
21.817625 4.34
21.828624 4.34
21.859141 4.34
21.870015 4.34
21.900497 4.34
21.911263 4.34
21.946872 4.34
21.962872 4.34
21.988386 4.34
22.004371 4.34
22.029495 4.34
22.040370 4.34
22.072276 4.34
22.083011 4.34
22.113370 4.34
22.129370 4.34
22.154496 4.34
22.165371 4.34
22.200746 4.34
22.211496 4.34
22.242148 4.34
22.252873 4.34
22.283497 4.34
22.294371 4.34
22.329746 4.34
22.340497 4.34
22.371149 4.34
22.381901 4.34
22.412497 4.34
22.423373 4.34
22.458748 4.34
22.469498 4.34
22.500150 4.34
22.511027 4.34
22.543317 4.34
