0.000000 0.000000
0.041835 4.34
0.052711 4.34
0.088208 4.02
0.098964 4.02
0.134852 2.66
0.145839 2.66
0.176227 2.66
0.192339 2.66
0.219586 2.34
0.230334 2.34
0.260582 2.34
0.271332 2.34
0.301581 2.34
0.312330 2.34
0.342581 2.34
0.358581 2.34
0.384095 2.34
0.400224 2.34
0.430579 2.34
0.446579 2.34
0.472095 2.34
0.488223 2.34
0.513222 2.34
0.529220 2.34
0.554330 2.34
0.565205 2.34
0.600581 2.34
0.616581 2.34
0.642097 2.34
0.658221 2.34
0.688456 2.34
0.699206 2.34
0.734736 2.34
0.750725 2.34
0.776348 2.34
0.787347 2.34
0.818000 2.34
0.834228 2.34
0.864866 2.34
0.876005 2.34
0.911987 2.34
0.924594 2.34
0.958860 2.34
0.970037 2.66
1.005723 4.02
1.021846 4.02
1.049141 4.02
1.060112 4.02
1.095715 4.02
1.111714 4.02
1.139982 4.02
1.152587 4.02
1.181337 4.02
1.192211 4.02
1.227586 4.02
1.243585 4.02
1.268990 4.02
1.281585 4.02
1.310336 4.02
1.321211 4.02
1.356586 4.02
1.369087 4.02
1.398104 4.02
1.414226 4.02
1.439352 4.02
1.450352 4.02
1.481007 4.02
1.497226 4.34
1.527874 4.34
1.538724 4.02
1.574722 4.02
1.585720 4.34
1.616343 4.34
1.627111 4.34
1.658001 4.34
1.674225 4.34
1.704887 4.02
1.715886 4.34
1.751730 4.34
1.762728 4.68
1.793349 4.68
1.804348 4.68
1.834987 4.68
1.851113 4.68
1.881875 4.68
1.892718 4.68
1.923139 4.68
1.933888 4.68
1.969594 4.68
1.985593 4.68
2.010966 4.68
2.023342 4.68
2.051967 4.68
2.064340 4.68
2.092965 4.68
2.108840 4.68
2.133965 5.00
2.146340 5.00
2.174965 5.00
2.190841 5.00
2.215966 5.00
2.228341 4.68
2.256966 4.68
2.269341 5.00
2.297967 5.00
2.313841 5.00
2.338967 5.00
2.354853 4.68
2.379975 5.00
2.395849 5.00
2.421097 5.00
2.431846 5.00
2.462096 5.00
2.472846 5.00
2.503094 5.00
2.513844 5.00
2.544094 5.00
2.554843 5.00
2.585093 5.00
2.595843 5.00
2.626094 5.00
2.636844 5.00
2.667236 5.00
2.678234 5.00
2.713806 5.00
2.724904 4.68
2.755354 5.00
2.766353 5.00
2.797023 5.00
2.813225 5.00
2.843599 5.00
2.859599 5.00
2.885115 5.00
2.914597 5.00
2.930472 5.00
2.956001 5.00
2.971990 5.00
2.997348 5.00
3.008114 5.00
3.039001 5.00
3.054875 5.00
3.080113 5.00
3.090866 5.00
3.121348 5.00
3.132114 5.00
3.167599 5.00
3.183598 5.00
3.209004 5.00
3.224876 5.00
3.250349 5.00
3.261117 5.00
3.296608 5.00
3.312475 5.00
3.338133 5.00
3.354358 5.00
3.379774 4.68
3.390622 5.00
3.423022 5.00
3.433890 5.00
3.469730 5.00
3.480612 5.00
3.511030 5.00
3.527120 5.00
3.553978 5.00
3.564878 5.00
3.595116 5.00
3.605881 5.00
3.636227 5.00
3.646992 5.00
3.682937 5.00
3.699245 5.00
3.729787 5.00
3.740775 5.00
3.776619 5.00
3.792617 5.00
3.818247 5.00
3.828996 5.00
3.859613 5.00
3.875613 5.00
3.901015 5.00
3.916912 5.00
3.943980 5.00
3.954757 5.00
3.985229 5.00
3.995996 5.00
4.026621 5.00
4.037614 5.00
4.068235 5.00
4.079234 5.00
4.109732 5.00
4.120483 5.00
4.151122 5.00
4.161889 5.00
4.193997 5.00
4.204886 5.00
4.237011 5.00
4.247886 5.00
4.283481 5.00
4.299609 5.00
4.328008 5.00
4.344258 5.00
4.369622 5.00
4.380620 5.00
4.411238 5.00
4.422127 5.00
4.452616 5.00
4.463486 5.00
4.494123 5.00
4.504869 5.00
4.540614 5.00
4.551483 5.00
4.582125 5.00
4.592884 5.00
4.624908 5.00
4.635778 5.00
4.671871 5.00
4.688154 5.00
4.718792 5.00
4.729794 5.00
4.765620 5.00
4.776489 5.00
4.807131 4.68
4.817893 5.00
4.848615 5.00
4.859486 5.00
4.890128 5.00
4.900890 5.00
4.936486 5.00
4.952486 5.00
4.977890 5.00
4.994157 4.68
5.024805 5.00
5.035801 5.00
5.071633 5.00
5.082631 4.68
5.113245 4.68
5.124120 4.68
5.154780 4.68
5.165622 4.68
5.196241 5.00
5.207130 4.68
5.237489 4.68
5.253619 4.68
5.278619 4.68
5.289489 4.68
5.320130 4.68
5.330891 4.68
5.361928 4.68
5.378144 4.68
5.403629 5.00
5.414628 5.00
5.445246 5.00
5.456245 5.00
5.486622 5.00
5.497493 5.00
5.528131 5.00
5.538896 5.00
5.569491 5.00
5.585619 5.00
5.610765 5.00
5.621617 5.00
5.652130 5.00
5.663281 5.00
5.693810 5.00
5.706382 5.00
5.740638 5.00
5.751625 5.00
5.782247 5.00
5.793142 5.00
5.823781 5.00
5.834625 5.00
5.865136 5.00
5.875886 5.00
5.906494 5.00
5.922493 5.00
5.947493 5.00
5.963493 5.00
5.988771 5.00
5.999791 5.00
6.035690 5.00
6.046804 5.00
6.078921 5.00
6.089790 5.00
6.121911 5.00
6.132780 5.00
6.168625 5.00
6.179497 5.00
6.210139 5.00
6.220888 5.00
6.256371 5.00
6.267245 5.00
6.297496 5.00
6.313496 5.00
6.339152 5.00
6.350166 5.00
6.380829 5.00
6.397154 4.68
6.427635 4.68
6.438633 4.68
6.470919 4.68
6.481789 4.68
6.513912 4.68
6.524783 4.68
6.556909 4.68
6.567779 4.68
6.599905 4.68
6.610776 4.68
6.642903 4.68
6.653775 4.68
6.689639 4.68
6.700646 4.68
6.736508 4.68
6.747507 4.68
6.778148 4.68
6.789030 4.68
6.819641 4.68
6.830503 4.68
6.860894 4.68
6.876894 4.68
6.902144 4.68
6.913016 4.68
6.943375 4.68
6.955905 4.68
6.984375 4.68
6.996926 4.68
7.025779 4.68
7.038391 4.68
7.072660 4.34
7.083656 4.34
7.119507 4.34
7.130507 4.34
7.160792 4.34
7.176898 4.34
7.205022 4.34
7.216021 4.34
7.246378 4.34
7.258880 4.34
7.287629 4.34
7.298502 4.34
7.329145 4.34
7.339896 4.34
7.375630 4.34
7.386503 4.34
7.417145 4.34
7.428021 4.34
7.458379 4.34
7.474505 4.34
7.499504 4.34
7.515379 4.34
7.540781 4.34
7.556909 4.34
7.582147 4.34
7.592897 4.34
7.623255 4.34
7.634130 4.34
7.664380 4.34
7.680505 4.34
7.705505 4.34
7.721380 4.34
7.746783 4.34
7.762782 4.34
7.788148 4.34
7.798899 4.34
7.829256 4.34
7.840147 4.34
7.870257 4.34
7.881132 4.34
7.911257 4.34
7.922132 4.34
7.952382 4.34
7.968507 4.34
7.993507 4.34
8.004382 4.34
8.034784 4.34
8.050788 4.34
8.081383 4.34
8.097383 4.34
8.122508 4.34
8.133258 4.34
8.163786 4.34
8.179634 4.34
8.205151 4.34
8.215901 4.34
8.246259 4.34
8.257134 4.34
8.287259 4.34
8.298135 4.34
8.328260 4.34
8.339135 4.34
8.369260 4.34
8.380135 4.34
8.410261 4.34
8.421136 4.34
8.451261 4.34
8.462136 4.34
8.492386 4.34
8.508511 4.34
8.533511 4.34
8.544386 4.34
8.574789 4.34
8.590791 4.34
8.621511 4.34
8.632387 4.34
8.662916 4.34
8.673638 4.34
8.709387 4.34
8.725513 4.34
8.750513 4.34
8.761388 4.34
8.791793 4.34
8.807918 4.34
8.838513 4.34
8.849389 4.34
8.879918 4.34
8.890793 4.34
8.926515 4.34
8.937264 4.34
8.967791 4.34
8.983793 4.34
9.014515 4.34
9.025390 4.34
9.055794 4.34
9.071919 4.34
9.102515 4.34
9.113390 4.34
9.143795 4.34
9.159920 4.68
9.190516 4.34
9.201391 4.34
9.231793 4.34
9.247910 4.68
9.278516 4.34
9.289392 4.34
9.319793 4.34
9.335796 4.34
9.366392 4.34
9.382517 4.34
9.407517 4.34
9.418268 4.34
9.448921 4.34
9.459796 4.34
9.495518 4.34
9.506268 4.34
9.536795 4.34
9.552645 4.34
9.583519 4.34
9.594394 4.34
9.624796 4.34
9.640645 4.34
9.666161 4.34
9.676911 4.34
9.712270 4.34
9.723145 4.34
9.753269 4.34
9.764145 4.34
9.794270 4.34
9.805145 4.34
9.835270 4.34
9.846146 4.34
9.876271 4.34
9.887146 4.34
9.917271 4.34
9.929772 4.34
9.958396 4.34
9.974521 4.34
9.999648 4.34
10.012272 4.34
10.042774 4.34
10.053648 4.34
10.085774 4.34
10.096649 4.34
10.128774 4.34
10.139649 4.34
10.171774 4.34
10.182650 4.34
10.214650 4.34
10.225523 4.34
10.257650 4.34
10.268523 4.34
10.300651 4.34
10.311524 4.34
10.343651 4.34
10.354524 4.34
10.384926 4.34
10.395651 4.34
10.426166 4.34
10.436917 4.34
10.467275 4.34
10.479652 4.34
10.508275 4.34
10.524276 4.34
10.549275 4.34
10.565401 4.34
10.590275 4.34
10.602652 4.34
10.631276 4.34
10.643652 4.34
10.672276 4.34
10.684652 4.34
10.713277 4.34
10.725653 4.68
10.754277 4.34
10.770402 4.34
10.795277 4.34
10.811403 4.34
10.836277 4.34
10.852278 4.34
10.877278 4.34
10.893403 4.34
10.918278 4.68
10.934403 4.68
10.959278 4.34
10.975403 4.34
11.000279 4.34
11.016404 4.34
11.041279 4.34
11.057279 4.34
11.082279 4.34
11.098405 4.34
11.123279 4.34
11.139405 4.34
11.164280 4.34
11.180405 4.34
11.205280 4.34
11.221405 4.34
11.246281 4.34
11.262281 4.34
11.287406 4.34
11.298156 4.34
11.328657 4.34
11.344781 4.34
11.375406 4.34
11.386156 4.34
11.416676 4.34
11.432782 4.34
11.463407 4.34
11.474157 4.34
11.504687 4.34
11.520686 4.34
11.551407 4.34
11.562158 4.68
11.592659 4.34
11.608783 4.34
11.639409 4.34
11.650159 4.34
11.680659 4.34
11.696783 4.34
11.727409 4.34
11.738159 4.34
11.768659 4.34
11.784784 4.34
11.809939 4.34
11.820784 4.34
11.851160 4.34
11.861925 4.34
11.892160 4.34
11.902925 4.34
11.933161 4.34
11.943927 4.34
11.974161 4.68
11.984928 4.68
12.015161 4.68
12.025926 4.68
12.056161 4.34
12.066927 4.34
12.097161 4.34
12.107930 4.34
12.138162 4.34
12.148927 4.68
12.179162 4.68
12.189927 4.34
12.220162 4.68
12.230930 4.34
12.261162 4.34
12.271928 4.34
12.302163 4.34
12.312930 4.34
12.343163 4.34
12.353930 4.34
12.384164 4.34
12.394929 4.34
12.425164 4.34
12.435929 4.34
12.466164 4.34
12.476932 4.34
12.507164 4.34
12.517931 4.68
12.548165 4.34
12.558932 4.34
12.589165 4.68
12.599932 4.34
12.630165 4.34
12.640932 4.34
12.671291 4.34
12.687415 4.34
12.712416 4.68
12.723166 4.68
12.753667 4.34
12.769791 4.34
12.794791 4.34
12.805542 4.34
12.841417 4.34
12.852167 4.68
12.882668 4.34
12.898668 4.68
12.925671 4.68
12.936542 4.34
12.972418 4.68
12.983168 4.34
13.013542 4.68
13.026184 4.34
13.056548 4.68
13.067419 4.68
13.099548 4.34
13.110293 4.34
13.142548 4.34
13.153294 4.34
13.185549 4.34
13.196294 4.34
13.228549 4.34
13.239294 4.34
13.275185 4.34
13.287549 4.34
13.316295 4.34
13.332420 4.34
13.357420 4.34
13.368170 4.34
13.398546 4.34
13.410938 4.34
13.445186 4.34
13.461188 4.34
13.486421 4.68
13.497171 4.34
13.527700 4.34
13.538546 4.34
13.569189 4.34
13.585186 4.34
13.610422 4.34
13.621172 4.34
13.651673 4.34
13.662547 4.34
13.698423 4.34
13.709172 4.34
13.739673 4.34
13.750548 4.34
13.786188 4.34
13.798552 4.34
13.827423 4.34
13.838174 4.34
13.868675 4.34
13.879549 4.34
13.909829 4.34
13.920675 4.34
13.951191 4.34
13.967189 4.34
13.992425 4.34
14.003300 4.34
14.033691 4.34
14.044550 4.34
14.080425 4.34
14.091175 4.34
14.121676 4.34
14.132551 4.34
14.168192 4.34
14.184191 4.34
14.209426 4.34
14.220302 4.34
14.250678 4.34
14.261552 4.34
14.297427 4.34
14.308177 4.34
14.338678 4.34
14.349552 4.34
14.385195 4.34
14.401192 4.34
14.426428 4.34
14.437178 4.34
14.467679 4.34
14.478553 4.34
14.514428 4.34
14.525178 4.34
14.555680 4.34
14.566554 4.34
14.602196 4.34
14.618196 4.34
14.643429 4.34
14.654179 4.34
14.684554 4.68
14.700555 4.34
14.731196 4.68
14.747196 4.34
14.772430 4.34
14.783181 4.68
14.813681 4.34
14.824555 4.68
14.860198 4.68
14.876199 4.68
14.901431 4.68
14.912182 4.34
14.942682 4.68
14.953556 4.34
14.989197 4.68
15.005307 4.68
15.030557 4.34
15.046557 4.34
15.077197 4.34
15.093201 4.68
15.118433 4.68
15.129308 4.68
15.159685 4.34
15.170558 4.68
15.206202 4.34
15.222200 4.68
15.247434 4.34
15.258184 4.68
15.288559 4.34
15.304559 4.68
15.335201 4.68
15.351184 4.68
15.376434 4.68
15.387309 4.34
15.417686 4.34
15.428560 4.34
15.464203 4.34
15.480204 4.34
15.505435 4.68
15.516310 4.68
15.546687 4.68
15.557561 4.34
15.593204 4.34
15.609203 4.34
15.634436 4.68
15.645187 4.68
15.675562 4.68
15.691562 4.34
15.722205 4.34
15.738202 4.68
15.763437 4.34
15.775955 4.34
15.809580 4.68
15.820312 4.68
15.856203 4.68
15.872205 4.68
15.897438 4.68
15.909831 4.34
15.938689 4.34
15.949563 4.34
15.985206 4.34
16.001314 4.34
16.026439 4.34
16.038830 4.34
16.067718 4.34
16.078564 4.34
16.114315 4.68
16.125207 4.34
16.155440 4.34
16.167832 4.34
16.201444 4.68
16.212316 4.68
16.242691 4.34
16.253565 4.34
16.283969 4.68
16.296445 4.68
16.325316 4.34
16.336191 4.34
16.366441 4.68
16.378835 4.68
16.407693 4.68
16.418567 4.68
16.448972 4.34
16.459693 4.34
16.490317 4.68
16.501193 4.68
16.531442 4.68
16.547443 4.68
16.572694 4.34
16.583568 4.34
16.613973 4.34
16.626447 4.68
16.655319 4.34
16.666194 4.34
16.696444 4.34
16.712444 4.34
16.737569 4.68
16.748319 4.34
16.784212 4.68
16.794961 4.34
16.825320 4.68
16.836195 4.34
16.866445 4.34
16.882445 4.34
16.907696 4.34
16.918571 4.34
16.954087 4.68
16.970086 4.34
16.995321 4.68
17.006212 4.68
17.036446 4.34
17.052446 4.68
17.077699 4.68
17.088572 4.68
17.118979 4.34
17.129699 4.68
17.160322 4.68
17.171198 4.34
17.201447 4.68
17.217447 4.68
17.242699 4.34
17.253572 4.34
17.289216 4.68
17.299966 4.34
17.330198 4.68
17.340966 4.34
17.371324 4.34
17.382199 4.68
17.412574 4.68
17.423324 4.68
17.459215 4.34
17.469965 4.34
17.500449 4.68
17.516324 4.68
17.541700 4.68
17.552575 4.34
17.582980 4.68
17.599093 4.34
17.624326 4.68
17.635200 4.34
17.665450 4.68
17.681450 4.34
17.706702 4.34
17.717576 4.34
17.747981 4.68
17.764095 4.34
17.789327 4.34
17.800202 4.68
17.830452 4.34
17.846452 4.68
17.871577 4.68
17.882327 4.34
17.918220 4.68
17.928967 4.68
17.959203 4.34
17.969971 4.68
18.000203 4.34
18.010971 4.68
18.041328 4.68
18.052204 4.34
18.082453 4.34
18.098454 4.68
18.123579 4.34
18.134329 4.68
18.170222 4.34
18.180971 4.34
18.211204 4.34
18.221973 4.34
18.252205 4.34
18.262970 4.34
18.293330 4.34
18.304205 4.34
18.334455 4.34
18.350455 4.34
18.375581 4.34
18.386456 4.34
18.416983 4.34
18.427707 4.68
18.458206 4.34
18.468971 4.68
18.499332 4.68
18.511861 4.34
18.540457 4.68
18.556457 4.68
18.583466 4.34
18.594207 4.68
18.626466 4.34
18.637332 4.68
18.669466 4.68
18.680333 4.68
18.712342 4.68
18.723226 4.68
18.753458 4.34
18.769334 4.68
18.796343 4.34
18.807225 4.68
18.837459 4.68
18.853334 4.34
18.878584 4.34
18.889334 4.34
18.919988 4.68
18.932344 4.68
18.961335 4.34
18.973711 4.34
19.002459 4.68
19.018460 4.34
19.048864 4.34
19.061359 4.34
19.090336 4.34
19.102729 4.34
19.131461 4.34
19.147336 4.34
19.177865 4.34
19.188586 4.34
19.219229 4.34
19.229979 4.34
19.260462 4.34
19.271212 4.34
19.303347 4.34
19.314231 4.34
19.344462 4.34
19.355212 4.34
19.390855 4.68
19.401588 4.34
19.432230 4.34
19.442980 4.68
19.473588 4.34
19.484463 4.34
19.515107 4.34
19.525856 4.34
19.556230 4.34
19.566982 4.34
19.597339 4.34
19.613214 4.34
19.638464 4.34
19.649339 4.34
19.684856 4.34
19.700857 4.34
19.726232 4.68
19.737107 4.68
19.767465 4.68
19.778216 4.68
19.813858 4.34
19.829858 4.34
19.855233 4.68
19.865982 4.34
19.896341 4.68
19.912216 4.68
19.937467 4.68
19.948216 4.34
19.978592 4.68
19.989467 4.34
20.019994 4.34
20.035869 4.68
20.061343 4.34
20.077343 4.68
20.102468 4.68
20.113342 4.68
20.148861 4.68
20.164860 4.34
20.190112 4.68
20.200861 4.34
20.231219 4.34
20.241986 4.68
20.272219 4.34
20.283110 4.34
20.313344 4.34
20.329344 4.34
20.354469 4.34
20.365220 4.68
20.400861 4.34
20.416863 4.68
20.442113 4.68
20.452862 4.34
20.483221 4.68
20.493986 4.68
20.524221 4.34
20.534988 4.68
20.565346 4.34
20.581346 4.34
20.606471 4.34
20.617221 4.34
20.652864 4.68
20.663596 4.68
20.694113 4.68
20.704865 4.68
20.735223 4.68
20.745990 4.34
20.776223 4.34
20.786990 4.68
20.817223 4.68
20.827990 4.68
20.858223 4.68
20.868991 4.68
20.899223 4.68
20.909990 4.68
20.940224 4.68
20.950991 4.68
20.981349 4.34
20.997349 4.68
21.022474 4.68
21.033225 4.68
21.069117 4.68
21.079866 4.68
21.110118 4.34
21.120866 4.34
21.151350 4.34
21.167225 4.34
21.192475 4.68
21.203226 4.68
21.233878 4.68
21.249881 4.34
21.275116 4.34
21.285878 4.34
21.316351 4.68
21.332227 4.34
21.357476 4.34
21.368352 4.68
21.398881 4.68
21.414881 4.34
21.440120 4.34
21.450879 4.34
21.481120 4.68
21.491869 4.68
21.522353 4.34
21.538228 4.68
21.563478 4.34
21.574353 4.68
21.604881 4.68
21.620881 4.68
21.646228 4.34
21.658610 4.68
21.687353 4.68
21.703354 4.68
21.728479 4.68
21.739354 4.68
21.769760 4.68
21.780479 4.68
21.811230 4.68
21.823608 4.68
21.852355 4.68
21.868356 4.68
21.893480 4.34
21.904355 4.34
21.934883 4.34
21.947240 4.68
21.976356 4.68
21.992356 4.68
22.017481 4.34
22.028357 4.68
22.058886 4.68
22.074762 4.34
22.100232 4.34
22.116232 4.68
22.141232 4.34
22.153610 4.68
22.182232 4.34
22.198232 4.68
22.223358 4.68
22.239358 4.68
22.264483 4.68
22.275358 4.68
22.305887 4.68
22.321885 4.68
22.347126 4.68
22.357886 4.34
22.388359 4.68
22.404234 4.68
22.429484 4.68
22.440359 4.34
22.475763 4.68
22.491763 4.34
22.517250 4.34
22.533235 4.68
22.558485 4.68
22.569235 4.68
22.599887 4.34
22.615764 4.34
22.641236 4.34
22.657236 4.34
22.682361 4.68
22.698236 4.34
22.723486 4.34
22.734361 4.68
22.764889 4.68
22.780764 4.68
22.806237 4.68
22.822362 4.68
22.847253 4.68
22.863237 4.68
22.888488 4.34
22.899237 4.68
22.929892 4.68
22.945889 4.68
22.971238 4.34
22.987238 4.34
23.012363 4.34
23.028363 4.68
23.053488 4.68
23.064363 4.68
23.094891 4.68
23.110894 4.68
23.136239 4.34
23.152129 4.68
23.177364 4.68
23.193240 4.68
23.218490 4.68
23.229365 4.68
23.259892 4.68
23.275893 4.68
23.301131 4.68
23.311895 4.68
23.342241 4.68
23.358240 4.68
23.383241 4.68
23.399133 4.68
23.424366 4.68
23.440366 4.68
23.465492 4.34
23.476367 4.68
23.506895 4.68
23.522866 4.68
23.548117 4.68
23.558895 4.68
23.589243 4.68
23.605243 4.68
23.630368 4.68
23.646368 4.68
23.673243 4.34
23.684133 4.68
23.714368 4.34
23.730368 4.68
23.755493 4.68
23.766244 4.68
23.796898 4.68
23.812897 4.68
23.838136 4.68
23.850620 4.68
23.879369 4.68
23.895369 4.68
23.922262 4.68
23.933137 4.68
23.965246 4.68
23.976138 4.68
24.006245 4.68
24.022138 4.68
24.047246 4.68
24.063137 4.68
24.088371 4.34
24.099121 4.68
24.131247 4.34
24.142136 4.68
24.172371 4.34
24.183122 4.34
24.215248 4.68
24.226139 4.68
24.256372 4.34
24.267123 4.34
24.302623 4.68
24.315248 4.34
24.344141 4.68
24.356624 4.68
24.385373 4.34
24.396138 4.68
24.431624 4.34
24.444124 4.34
24.472900 4.34
24.488777 4.68
24.514141 4.34
24.526499 4.68
24.555374 4.34
24.566124 4.68
24.601629 4.68
24.617779 4.68
24.643143 4.68
24.655500 4.34
24.684250 4.34
24.695142 4.68
24.725250 4.34
24.736143 4.68
24.766251 4.34
24.777126 4.68
24.807376 4.34
24.818126 4.68
24.853630 4.68
24.869779 4.68
24.894906 4.68
24.905782 4.68
24.936252 4.34
24.952252 4.68
24.977377 4.34
24.988252 4.68
25.023629 4.68
25.039629 4.68
25.065145 4.68
25.081144 4.68
25.106378 4.68
25.117128 4.68
25.152630 4.68
25.168633 4.68
25.194145 4.68
25.210146 4.68
25.235129 4.68
25.251254 4.34
25.276129 4.68
25.292146 4.34
25.317130 4.68
25.333145 4.68
25.358255 4.68
25.374130 4.68
25.399254 4.68
25.410131 4.34
25.440380 4.34
25.451131 4.34
25.486632 4.68
25.502663 4.68
25.528148 4.68
25.544146 4.68
25.569257 4.68
25.580149 4.34
25.610257 4.68
25.621147 4.68
25.651256 4.68
25.662132 4.34
25.692257 4.34
25.703132 4.68
25.733257 4.34
25.744132 4.68
25.774258 4.34
25.785133 4.34
25.815258 4.34
25.826133 4.68
25.856258 4.68
25.867134 4.68
25.902634 4.68
25.918635 4.68
25.944149 4.68
25.960149 4.68
25.985259 4.68
26.001260 4.68
26.026260 4.68
26.037135 4.68
26.067260 4.68
26.078135 4.68
26.108260 4.68
26.119135 4.68
26.149260 4.68
26.160135 4.34
26.190261 4.68
26.201136 4.68
26.231261 4.68
26.242136 4.68
26.272386 4.68
26.283137 4.68
26.318637 4.68
26.334637 4.34
26.360154 4.68
26.376152 4.34
26.401262 4.68
26.412152 4.68
26.442263 4.34
26.453138 4.34
26.483263 4.68
26.494138 4.34
26.524262 4.68
26.535138 4.68
26.565263 4.34
26.576138 4.68
26.606263 4.68
26.617138 4.68
26.647264 4.68
26.658139 4.34
26.688389 4.34
26.699264 4.34
26.734640 4.34
26.750643 4.34
26.776159 4.34
26.792155 4.34
26.817140 4.34
26.833265 4.68
26.858265 4.34
26.869157 4.34
26.899266 4.34
26.910141 4.68
26.940391 4.68
26.951266 4.68
26.986642 4.68
27.002675 4.34
27.028158 4.34
27.044159 4.34
27.069267 4.68
27.080142 4.68
27.110267 4.34
27.121142 4.68
27.151267 4.34
27.162143 4.68
27.192393 4.34
27.203268 4.68
27.238645 4.34
27.254648 4.34
27.280160 4.68
27.296161 4.68
27.321269 4.68
27.332144 4.68
27.362269 4.68
27.373143 4.68
27.403269 4.68
27.414145 4.68
27.444269 4.68
27.455144 4.68
27.485270 4.68
27.496145 4.68
27.526270 4.34
27.537160 4.68
27.567271 4.68
27.578146 4.68
27.608271 4.34
27.619146 4.34
27.649271 4.68
27.660146 4.68
27.690271 4.34
27.701146 4.34
27.731271 4.34
27.742146 4.34
27.777521 4.68
27.788272 4.68
27.818802 4.34
27.829648 4.68
27.860165 4.68
27.876273 4.34
27.901148 4.34
27.911915 4.34
27.942273 4.34
27.953148 4.68
27.983273 4.34
27.994148 4.34
28.024274 4.34
28.035149 4.68
28.070524 4.34
28.081399 4.34
28.111803 4.34
28.122524 4.34
28.153164 4.68
28.169166 4.68
28.194275 4.34
28.205150 4.68
28.235275 4.34
28.246150 4.34
28.276276 4.34
28.287150 4.34
28.317276 4.34
28.328151 4.34
28.358276 4.34
28.369151 4.34
28.399276 4.34
28.410151 4.34
28.440277 4.34
28.451152 4.34
28.481277 4.34
28.492152 4.68
28.522277 4.68
28.533152 4.34
28.563277 4.34
28.574153 4.34
28.604277 4.34
28.615152 4.34
28.645278 4.68
28.656153 4.34
28.686278 4.34
28.697153 4.34
28.727279 4.34
28.738154 4.34
28.768279 4.34
28.779154 4.34
28.809279 4.34
28.820154 4.34
28.850279 4.34
28.861154 4.34
28.891279 4.34
28.902155 4.34
28.932280 4.34
28.943155 4.34
28.973280 4.34
28.984155 4.34
29.014281 4.34
29.025156 4.34
29.055281 4.34
29.066156 4.34
29.096281 4.34
29.107156 4.34
29.139034 4.34
29.149934 4.34
29.180172 4.34
29.190922 4.34
29.221282 4.34
29.232157 4.68
29.264034 4.34
29.274782 4.34
29.305176 4.34
29.321172 4.34
29.346158 4.34
29.356924 4.34
29.387158 4.68
29.397924 4.68
29.428159 4.34
29.438924 4.68
29.469159 4.34
29.479924 4.68
29.510158 4.34
29.521051 4.34
29.551176 4.34
29.561925 4.34
29.594035 4.34
29.604939 4.34
29.635175 4.34
29.645928 4.34
29.678036 4.34
29.688785 4.34
29.719177 4.34
29.729926 4.34
29.762036 4.34
29.772786 4.34
29.803161 4.34
29.813929 4.34
29.844162 4.34
29.854927 4.68
29.885162 4.68
29.895929 4.34
29.926162 4.34
29.936928 4.68
29.967162 4.34
29.977930 4.34
30.008163 4.34
30.018939 4.34
30.049163 4.34
30.059929 4.34
30.090163 4.34
30.100928 4.68
30.131163 4.34
30.141931 4.34
30.172163 4.34
30.182929 4.34
30.213164 4.34
30.223930 4.34
30.254164 4.34
30.264932 4.34
30.295289 4.34
30.306165 4.34
30.341540 4.34
30.357415 4.34
30.382942 4.34
30.398943 4.34
30.424291 4.34
30.435165 4.68
30.470541 4.68
30.486416 4.34
30.512058 4.34
30.527934 4.34
30.553166 4.34
30.563932 4.34
30.594167 4.34
30.604934 4.68
30.635167 4.34
30.645933 4.34
30.676167 4.34
30.686936 4.68
30.717168 4.34
30.727933 4.34
30.758293 4.34
30.769168 4.68
30.804543 4.68
30.820418 4.68
30.846060 4.34
30.862186 4.34
30.887186 4.34
30.897936 4.34
30.933544 4.68
30.949419 4.68
30.974947 4.68
30.990946 4.34
31.016295 4.34
31.027187 4.34
31.062544 4.68
31.078420 4.34
31.103950 4.68
31.119812 4.34
31.145170 4.34
31.155937 4.34
31.186171 4.68
31.196937 4.34
31.227171 4.34
31.237939 4.68
31.268296 4.34
31.279171 4.68
31.314546 4.34
31.330422 4.68
31.355949 4.34
31.371951 4.34
31.397172 4.68
31.407937 4.34
31.438173 4.34
31.448939 4.34
31.479173 4.34
31.489940 4.34
31.520298 4.68
31.531173 4.34
31.566548 4.34
31.582549 4.34
31.607953 4.68
31.623814 4.34
31.650925 4.34
31.661675 4.34
31.693925 4.68
31.704675 4.34
31.735175 4.34
31.745941 4.68
31.776175 4.68
31.786942 4.68
31.818926 4.68
31.829815 4.68
31.860192 4.34
31.870944 4.68
31.906551 4.68
31.922426 4.68
31.947954 4.34
31.964301 4.34
31.990927 4.68
32.001832 4.68
32.033957 4.68
32.044708 4.68
32.076943 4.34
32.087694 4.68
32.119943 4.68
32.130693 4.34
32.162928 4.34
32.173820 4.68
32.205929 4.68
32.216679 4.34
32.247196 4.68
32.257944 4.34
32.289929 4.68
32.300679 4.68
32.332929 4.34
32.343831 4.68
32.375930 4.68
32.386680 4.68
32.418930 4.34
32.429834 4.68
32.460195 4.68
32.470945 4.68
32.501430 4.68
32.513931 4.68
32.542681 4.68
32.553556 4.68
32.583958 4.68
32.599957 4.34
32.626931 4.34
32.637821 4.34
32.669932 4.34
32.680682 4.34
32.716306 4.34
32.727198 4.68
32.757431 4.68
32.769933 4.68
32.798683 4.34
32.809557 4.68
32.839961 4.34
32.855962 4.34
32.886433 4.68
32.898934 4.34
32.927711 4.34
32.938558 4.34
32.969201 4.34
32.979951 4.34
33.015309 4.34
33.026184 4.34
33.056434 4.34
33.068840 4.34
33.097714 4.34
33.108559 4.34
33.139202 4.34
33.150077 4.34
33.180435 4.34
33.192826 4.34
33.221704 4.34
33.232560 4.34
33.263076 4.68
33.273829 4.34
33.304200 4.68
33.314951 4.68
33.350436 4.68
33.366436 4.68
33.391688 4.68
33.402561 4.68
33.433203 4.34
33.444079 4.68
33.474437 4.68
33.490312 4.68
33.515688 4.68
33.526562 4.34
33.556965 4.68
33.567840 4.68
33.603313 4.68
33.614188 4.68
33.644438 4.68
33.660313 4.68
33.685689 4.34
33.696563 4.34
33.727206 4.34
33.737954 4.68
33.768439 4.34
33.784314 4.34
33.809719 4.68
33.820564 4.68
33.851208 4.34
33.861955 4.34
33.897440 4.34
33.913440 4.34
33.938705 4.34
33.949565 4.68
33.980208 4.34
33.990956 4.68
34.021441 4.34
34.037441 4.68
34.062566 4.34
34.073441 4.34
34.103846 4.34
34.120083 4.34
34.150442 4.34
34.166442 4.34
34.191721 4.34
34.202567 4.68
34.233210 4.34
34.244082 4.68
34.274442 4.34
34.290318 4.34
34.315711 4.34
34.326568 4.34
34.356970 4.34
34.367835 4.34
34.403568 4.34
34.414318 4.34
34.444972 4.34
34.455848 4.34
34.491444 4.68
34.507569 4.68
34.532695 4.34
34.543570 4.68
34.573971 4.68
34.584696 4.68
34.620444 4.34
34.636445 4.34
34.661696 4.68
34.672570 4.68
34.702972 4.34
34.713850 4.68
34.749446 4.68
34.765571 4.34
34.790571 4.34
34.801321 4.68
34.831975 4.68
34.842727 4.68
34.878447 4.68
34.894447 4.68
34.919698 4.68
34.930572 4.68
34.960974 4.68
34.971699 4.34
35.007573 4.68
35.018448 4.68
35.048975 4.68
35.059852 4.34
35.095573 4.68
35.106324 4.68
35.136978 4.68
35.147852 4.68
35.183574 4.68
35.194324 4.68
35.224978 4.34
35.235853 4.68
35.271449 4.34
35.287450 4.34
35.312701 4.34
35.323575 4.68
35.353976 4.68
35.364702 4.34
35.400575 4.68
35.411451 4.68
35.441979 4.68
35.452702 4.68
35.488576 4.34
35.499326 4.68
35.530092 4.34
35.540843 4.68
35.576577 4.68
35.587452 4.68
35.618095 4.34
35.629095 4.68
35.664452 4.34
35.680452 4.68
35.708857 4.68
35.725096 4.68
35.755453 4.68
35.771453 4.68
35.799855 4.68
35.815969 4.68
35.842705 4.68
35.853578 4.68
35.889220 4.68
35.899971 4.34
35.930454 4.34
35.946454 4.68
35.974705 4.68
35.987204 4.34
36.015984 4.68
36.026856 4.68
36.062455 4.68
36.078455 4.34
36.103706 4.68
36.116205 4.68
36.144983 4.68
36.155860 4.68
36.191331 4.34
36.207456 4.34
36.232456 4.34
36.243331 4.34
36.273707 4.34
36.289862 4.68
36.314986 4.34
36.325708 4.68
36.356207 4.34
36.366973 4.68
36.397207 4.68
36.407976 4.34
36.438208 4.34
36.448974 4.68
36.479208 4.68
36.489977 4.68
36.520334 4.34
36.536459 4.34
36.561459 4.34
36.572208 4.34
36.602709 4.34
36.618860 4.34
36.643988 4.34
36.654863 4.34
36.685334 4.34
36.701335 4.34
36.726459 4.34
36.737210 4.34
36.767711 4.68
36.783863 4.34
36.808863 4.34
36.819712 4.34
36.855461 4.34
36.866336 4.34
36.896712 4.34
36.912864 4.34
36.937992 4.34
36.948713 4.34
36.979337 4.34
36.995462 4.68
37.020462 4.34
37.031337 4.68
37.061713 4.34
37.077867 4.68
37.102989 4.34
37.113866 4.34
37.144213 4.34
37.154980 4.34
37.185338 4.34
37.201463 4.68
37.226463 4.34
37.237213 4.34
37.267715 4.34
37.289104 4.34
37.299856 4.34
37.330214 4.34
37.340980 4.34
37.371339 4.34
37.387465 4.34
37.412464 4.34
37.423339 4.34
37.453717 4.34
37.469717 4.34
37.500465 4.34
37.511216 4.34
37.541591 4.34
37.552466 4.34
37.582995 4.34
37.593871 4.34
37.624216 4.34
37.634985 4.34
37.665342 4.34
37.681466 4.34
37.706467 4.34
37.717342 4.34
37.747717 4.34
37.763747 4.34
37.788996 4.34
37.799717 4.34
37.830343 4.34
37.846342 4.34
37.871468 4.34
37.882218 4.34
37.912719 4.34
37.928594 4.34
37.953997 4.34
37.964872 4.34
37.995219 4.34
38.006110 4.34
38.036344 4.34
38.052345 4.34
38.077470 4.34
38.088219 4.34
38.118720 4.34
38.134720 4.34
38.159988 4.34
38.170720 4.34
38.201345 4.34
38.217238 4.34
38.242470 4.34
38.253221 4.34
38.283596 4.34
38.296221 4.34
38.326725 4.34
38.337596 4.34
38.373346 4.34
38.389347 4.34
38.414472 4.34
38.425347 4.34
38.455723 4.34
38.471722 4.34
38.502348 4.34
38.518238 4.34
38.543473 4.34
38.554348 4.34
38.584875 4.34
38.595597 4.34
38.631348 4.34
38.647348 4.68
38.672473 4.68
38.683224 4.34
38.713879 4.34
38.724724 4.68
38.760349 4.34
38.776349 4.68
38.801474 4.34
38.812224 4.34
38.842877 4.34
38.853608 4.68
38.889351 4.68
38.905350 4.34
38.930475 4.34
38.941225 4.68
38.971879 4.68
38.982726 4.34
39.013117 4.68
39.023878 4.34
39.054351 4.34
39.070351 4.34
39.095476 4.68
39.106351 4.68
39.136879 4.68
39.147609 4.34
39.178118 4.34
39.188879 4.34
39.219119 4.68
39.229879 4.34
39.260352 4.68
39.271120 4.68
39.301477 4.34
39.312228 4.68
39.342883 4.34
39.353757 4.34
39.384118 4.34
39.394880 4.68
39.425354 4.34
39.436122 4.34
39.466479 4.34
39.477230 4.68
39.507729 4.34
39.518479 4.34
39.554244 4.68
39.570230 4.34
39.595480 4.34
39.606355 4.34
39.636883 4.34
39.647757 4.34
39.678231 4.34
39.694230 4.34
39.719231 4.34
39.735356 4.68
39.760231 4.34
39.776356 4.34
39.801232 4.34
39.817356 4.34
39.842357 4.68
39.853121 4.34
39.883483 4.68
39.894232 4.34
39.924858 4.68
39.935611 4.34
39.966233 4.34
39.982358 4.34
40.007358 4.34
40.018233 4.34
40.048483 4.34
40.059233 4.68
40.089893 4.34
40.100612 4.34
40.131234 4.34
40.147359 4.34
40.172234 4.34
40.188359 4.34
40.213234 4.68
40.229360 4.68
40.254234 4.34
40.270360 4.68
40.295360 4.68
40.306127 4.68
40.336485 4.34
40.347361 4.34
40.377889 4.34
40.388763 4.34
40.419236 4.34
40.435361 4.34
40.460236 4.34
40.476361 4.34
40.501361 4.68
40.512237 4.68
40.542486 4.34
40.553362 4.68
40.583889 4.34
40.594766 4.34
40.625238 4.68
40.641362 4.34
40.666237 4.34
40.682363 4.68
40.707363 4.68
40.718128 4.34
40.748488 4.68
40.759238 4.34
40.789768 4.68
40.800617 4.68
40.831239 4.34
40.847364 4.34
40.872240 4.34
40.888364 4.34
40.913364 4.34
40.924132 4.34
40.954490 4.34
40.965365 4.68
40.995893 4.34
41.006769 4.68
41.037240 4.68
41.053365 4.34
41.078365 4.34
41.094366 4.34
41.119490 4.34
41.132131 4.34
41.160617 4.34
41.176617 4.34
41.207366 4.34
41.218241 4.68
41.248491 4.34
41.261133 4.34
41.291622 4.34
41.302492 4.34
41.338367 4.34
41.349243 4.34
41.379492 4.34
41.390243 4.34
41.422498 4.34
41.433368 4.34
41.469133 4.34
41.481498 4.34
41.510243 4.34
41.526369 4.34
41.551369 4.34
41.562244 4.34
41.592494 4.34
41.604896 4.34
41.633772 4.34
41.644621 4.68
41.675245 4.34
41.691370 4.34
41.716245 4.34
41.732370 4.34
41.757370 4.34
41.768135 4.34
41.798495 4.34
41.810900 4.34
41.845139 4.68
41.861138 4.68
41.886246 4.34
41.902371 4.34
41.927246 4.34
41.938139 4.68
41.968371 4.34
41.979122 4.68
42.009623 4.34
42.020497 4.34
42.056373 4.68
42.067248 4.68
42.097498 4.68
42.109899 4.34
42.141624 4.34
42.152498 4.68
42.188373 4.68
42.199249 4.34
42.229498 4.34
42.245499 4.68
42.270779 4.34
42.281626 4.68
42.312140 4.68
42.328142 4.34
42.353375 4.34
42.364124 4.34
42.394500 4.34
42.410500 4.68
42.435777 4.34
42.446500 4.34
42.477142 4.34
42.493141 4.34
42.518251 4.68
42.529126 4.34
42.559251 4.34
42.570126 4.34
42.600815 4.34
42.611813 4.34
42.642378 4.34
42.653259 4.34
42.689025 4.34
42.705256 4.34
42.730505 4.34
42.746505 4.34
42.777255 4.34
42.788148 4.34
42.818504 4.34
42.834503 4.34
42.868378 4.34
42.879254 4.34
42.909503 4.34
42.925503 4.34
42.950782 4.02
42.961630 4.34
42.992379 4.34
43.003254 4.34
43.033504 4.02
43.049504 4.34
43.074784 4.34
43.085504 4.34
43.116148 4.34
43.132254 4.34
43.157256 4.02
43.168196 4.34
43.198255 4.34
43.209130 4.34
43.239256 4.34
43.250131 4.02
43.280256 4.34
43.291131 4.34
43.321256 4.34
43.332132 4.34
43.362257 4.02
43.373132 4.34
43.403257 4.34
43.414132 4.34
43.444257 4.34
43.455133 4.34
43.485257 4.34
43.496132 4.34
43.526508 4.34
43.542829 4.34
43.571147 4.34
