0.000000 0.000000
0.042130 4.34
0.063697 4.34
0.074694 4.34
0.105339 4.34
0.116338 2.66
0.147107 2.34
0.163326 2.34
0.192107 2.34
0.208322 2.34
0.233695 2.34
0.244694 2.34
0.275317 2.34
0.286079 2.34
0.316971 2.34
0.346689 2.34
0.357574 2.34
0.387967 2.34
0.403954 2.34
0.429188 2.34
0.439954 2.34
0.470188 2.34
0.480954 2.34
0.511188 2.34
0.521954 2.34
0.552189 2.34
0.562954 2.34
0.593188 2.34
0.603953 2.34
0.634189 2.34
0.644953 2.34
0.675189 2.34
0.685954 2.34
0.716189 2.34
0.726956 2.34
0.757189 2.34
0.767956 2.34
0.798704 2.34
0.809452 2.34
0.842005 2.34
0.852965 2.34
0.888842 2.34
0.901468 2.34
0.935744 2.34
0.946844 2.34
0.977332 2.34
0.988344 3.67
1.018971 4.02
1.035202 4.02
1.065861 4.02
1.078448 4.02
1.112583 4.02
1.128696 4.02
1.153961 4.02
1.183695 4.02
1.194444 4.02
1.224971 4.02
1.240970 4.02
1.266318 4.02
1.277082 4.02
1.312575 4.02
1.328444 4.02
1.353845 4.02
1.364720 4.34
1.395194 4.02
1.406084 4.34
1.437971 4.02
1.449018 4.34
1.479601 4.02
1.490641 4.34
1.521359 4.34
1.533962 4.34
1.565976 4.34
1.582206 4.34
1.607584 4.34
1.618582 4.34
1.649202 4.34
1.660093 4.34
1.690732 4.34
1.701578 4.34
1.732199 4.34
1.743119 4.34
1.773882 4.34
1.790105 4.34
1.820746 4.34
1.831582 4.34
1.867797 4.68
1.880460 4.68
1.911005 4.68
1.921974 4.68
1.952587 4.68
1.963453 4.68
1.994096 4.68
2.004861 4.68
2.035451 4.68
2.047982 4.68
2.076854 4.68
2.089325 4.68
2.118200 4.68
2.129093 4.68
2.164770 4.68
2.175837 4.68
2.208018 4.68
2.218979 4.68
2.249587 4.68
2.260456 4.68
2.291204 4.68
2.302097 4.68
2.332453 4.68
2.348581 4.68
2.373733 4.68
2.384580 4.68
2.415202 4.68
2.426093 4.68
2.461840 4.68
2.483339 4.68
2.499590 4.68
2.524979 4.68
2.541209 4.68
2.566457 4.68
2.582584 4.68
2.608096 4.68
2.618849 5.00
2.649455 4.68
2.665580 4.68
2.690734 4.68
2.701454 4.68
2.732204 4.68
2.743118 4.68
2.773842 4.68
2.790105 4.68
2.820590 4.68
2.831589 4.68
2.862224 4.68
2.873101 4.68
2.903740 4.68
2.914593 4.68
2.945098 4.68
2.955847 4.68
2.991588 4.68
3.002456 4.68
3.033095 4.68
3.043858 4.68
3.074779 4.68
3.087471 4.68
3.116099 4.68
3.126974 4.34
3.157775 4.34
3.170340 4.34
3.204594 4.34
3.215463 4.34
3.246212 4.34
3.257103 4.34
3.287744 4.34
3.298586 4.34
3.329209 4.34
3.340100 4.34
3.370459 4.34
3.386334 4.34
3.411737 4.34
3.422593 4.34
3.453209 4.34
3.464102 4.34
3.499591 4.34
3.510459 4.34
3.540865 4.34
3.557100 4.34
3.582102 4.34
3.592851 4.34
3.628586 4.34
3.639461 4.34
3.670101 4.34
3.680854 4.34
3.716336 4.34
3.727086 4.34
3.757461 4.34
3.773462 4.34
3.798741 4.34
3.809462 4.34
3.840103 4.34
3.850854 4.34
3.886588 4.34
3.897462 4.34
3.928106 4.34
3.938856 4.34
3.974588 4.34
3.985463 4.34
4.016103 4.34
4.026856 4.34
4.062463 4.34
4.078593 4.34
4.103590 4.34
4.114464 4.34
4.145106 4.34
4.155854 4.34
4.191590 4.34
4.202464 4.34
4.232868 4.34
4.249105 4.34
4.274215 4.34
4.285105 4.34
4.320340 4.34
4.332841 4.34
4.361466 4.34
4.377341 4.34
4.405745 4.34
4.416592 4.34
4.448871 4.34
4.459746 4.34
4.491873 4.34
4.502743 4.34
4.534842 4.34
4.545623 4.34
4.577860 4.34
4.588747 4.34
4.620844 4.34
4.631747 4.34
4.663844 4.34
4.674614 4.34
4.706844 4.34
4.717748 4.34
4.749845 4.34
4.760613 4.34
4.792845 4.34
4.803613 4.34
4.835845 4.34
4.846749 4.34
4.878876 4.34
4.889746 4.34
4.921864 4.34
4.932748 4.34
4.964875 4.34
4.975748 4.34
5.011470 4.34
5.022470 4.34
5.052988 4.34
5.063988 4.34
5.095862 4.34
5.106614 4.34
5.142471 4.34
5.153346 4.34
5.183750 4.34
5.196222 4.34
5.230471 4.34
5.246471 4.34
5.271752 4.34
5.287874 4.34
5.318472 4.34
5.334599 4.34
5.359752 4.34
5.372223 4.34
5.406472 4.34
5.417473 4.34
5.447988 4.34
5.458991 4.34
5.489224 4.34
5.500114 4.34
5.535474 4.34
5.551474 4.34
5.576867 4.34
5.587630 4.34
5.623474 4.34
5.634349 4.34
5.664752 4.34
5.680601 4.34
5.711476 4.34
5.722350 4.34
5.752755 4.34
5.768754 4.34
5.794118 4.34
5.804868 4.34
5.835351 4.34
5.851351 4.34
5.876476 4.34
5.887351 4.34
5.917756 4.34
5.933756 4.34
5.964227 4.34
5.975116 4.34
6.005227 4.34
6.016103 4.34
6.046352 4.34
6.062478 4.34
6.087478 4.34
6.098227 4.34
6.128756 4.34
6.144757 4.34
6.175353 4.34
6.191478 4.34
6.216478 4.34
6.227229 4.34
6.257758 4.34
6.273883 4.34
6.299120 4.34
6.309870 4.34
6.345480 4.34
6.356230 4.34
6.386759 4.34
6.402885 4.34
6.433480 4.34
6.444230 4.34
6.474995 4.34
6.485759 4.34
6.516124 4.34
6.526874 4.34
6.562481 4.34
6.573231 4.34
6.603760 4.34
6.619759 4.34
6.650357 4.34
6.666481 4.34
6.691482 4.34
6.702357 4.34
6.732759 4.34
6.748761 4.34
6.774123 4.34
6.784876 4.34
6.815233 4.34
6.826126 4.34
6.856233 4.34
6.867108 4.34
6.897234 4.34
6.908109 4.34
6.938234 4.34
6.949109 4.34
6.979359 4.34
6.995234 4.34
7.020484 4.34
7.031234 4.34
7.061763 4.34
7.083128 4.34
7.093878 4.34
7.129485 4.34
7.140235 4.34
7.170764 4.34
7.186890 4.34
7.217361 4.34
7.233236 4.34
7.258612 4.34
7.269486 4.34
7.300128 4.34
7.310879 4.34
7.346361 4.34
7.362486 4.34
7.387487 4.34
7.398361 4.34
7.428766 4.34
7.444889 4.34
7.475362 4.34
7.491238 4.34
7.516614 4.34
7.527488 4.34
7.557892 4.34
7.568768 4.34
7.604364 4.34
7.620239 4.34
7.645489 4.34
7.656364 4.34
7.686768 4.34
7.702893 4.34
7.729741 4.34
7.740615 4.34
7.772741 4.34
7.783615 4.34
7.813892 4.34
7.824616 4.34
7.860365 4.34
7.876240 4.34
7.901490 4.34
7.912241 4.34
7.942758 4.34
7.958616 4.34
7.985742 4.34
7.996617 4.34
8.028742 4.34
8.039617 4.34
8.071743 4.34
8.082618 4.34
8.114618 4.34
8.125492 4.34
8.157618 4.34
8.168493 4.34
8.198894 4.34
8.209619 4.34
8.245368 4.34
8.261243 4.34
8.286493 4.34
8.297243 4.34
8.327743 4.34
8.343619 4.34
8.370620 4.34
8.381494 4.34
8.413620 4.34
8.424494 4.34
8.460369 4.34
8.476244 4.34
8.501495 4.34
8.512370 4.34
8.542651 4.34
8.558745 4.34
8.589370 4.34
8.600120 4.34
8.630651 4.34
8.646652 4.34
8.677371 4.34
8.688121 4.34
8.718650 4.34
8.734746 4.34
8.765372 4.34
8.776121 4.34
8.806638 4.34
8.822747 4.34
8.853372 4.34
8.864122 4.34
8.894624 4.34
8.910748 4.34
8.941373 4.34
8.952123 4.34
8.982625 4.34
8.998625 4.34
9.029373 4.34
9.040124 4.34
9.070625 4.34
9.086749 4.34
9.117374 4.34
9.128124 4.34
9.158626 4.34
9.174750 4.34
9.205375 4.34
9.216125 4.34
9.246626 4.34
9.262750 4.34
9.293375 4.34
9.304125 4.34
9.334627 4.34
9.350750 4.34
9.381376 4.34
9.392126 4.34
9.422628 4.34
9.438751 4.34
9.469376 4.34
9.480126 4.34
9.510628 4.34
9.526752 4.34
9.552018 4.34
9.562752 4.34
9.593127 4.34
9.603896 4.34
9.634128 4.34
9.644897 4.34
9.675128 4.34
9.685893 4.34
9.716253 4.34
9.732378 4.34
9.757378 4.34
9.768129 4.34
9.798630 4.34
9.814754 4.34
9.845379 4.34
9.856129 4.34
9.886631 4.34
9.902754 4.34
9.933380 4.34
9.944129 4.34
9.974631 4.34
9.990755 4.34
10.021380 4.34
10.032131 4.34
10.062632 4.34
10.078756 4.34
10.109381 4.34
10.120131 4.34
10.150633 4.34
10.166756 4.34
10.191912 4.34
10.202772 4.34
10.233257 4.34
10.249257 4.34
10.274382 4.34
10.285131 4.34
10.315507 4.34
10.326258 4.34
10.356911 4.34
10.367634 4.34
10.398258 4.34
10.414258 4.34
10.439383 4.34
10.450133 4.34
10.480509 4.34
10.491384 4.34
10.523638 4.34
10.534509 4.34
10.566639 4.34
10.577509 4.34
10.613384 4.34
10.624134 4.34
10.654636 4.34
10.670779 4.34
10.701385 4.34
10.712135 4.34
10.742666 4.34
10.758788 4.34
10.789386 4.34
10.800135 4.34
10.830511 4.34
10.843154 4.34
10.873642 4.34
10.884512 4.34
10.920386 4.34
10.931136 4.34
10.961639 4.34
10.977638 4.34
11.008387 4.34
11.019137 4.34
11.049639 4.34
11.065639 4.34
11.096388 4.34
11.107137 4.34
11.137640 4.34
11.153781 4.34
11.180518 4.34
11.191263 4.34
11.227157 4.34
11.239518 4.34
11.268264 4.34
11.284389 4.34
11.309389 4.34
11.320139 4.34
11.350515 4.34
11.362908 4.34
11.397158 4.34
11.409533 4.34
11.438390 4.34
11.449266 4.34
11.479642 4.34
11.490514 4.34
11.526391 4.34
11.537140 4.34
11.567672 4.34
11.578516 4.34
11.614266 4.34
11.625159 4.34
11.655391 4.34
11.666267 4.34
11.696643 4.34
11.707517 4.34
11.743159 4.34
11.759162 4.34
11.784393 4.34
11.795268 4.34
11.825644 4.34
11.836518 4.34
11.872162 4.34
11.888161 4.34
11.913394 4.34
11.924144 4.34
11.954644 4.34
11.965519 4.34
12.001162 4.34
12.017161 4.34
12.042394 4.34
12.053145 4.34
12.083520 4.34
12.099520 4.34
12.130161 4.34
12.146162 4.34
12.171395 4.34
12.182270 4.34
12.212647 4.34
12.223521 4.34
12.259164 4.34
12.275162 4.34
12.300396 4.34
12.311272 4.34
12.341647 4.34
12.352522 4.34
12.388164 4.34
12.404165 4.34
12.429397 4.34
12.440147 4.34
12.470663 4.34
12.481522 4.34
12.512165 4.34
12.528163 4.34
12.553398 4.34
12.564273 4.34
12.594523 4.34
12.610523 4.34
12.641166 4.34
12.657164 4.34
12.682399 4.34
12.693274 4.34
12.723651 4.34
12.734524 4.34
12.770167 4.34
12.786166 4.34
12.811400 4.34
12.822150 4.34
12.852652 4.34
12.863525 4.34
12.899169 4.34
12.915167 4.34
12.940401 4.34
12.951276 4.34
12.981652 4.34
12.992526 4.34
13.028168 4.34
13.044167 4.34
13.069402 4.34
13.080152 4.34
13.110654 4.34
13.121527 4.34
13.157403 4.34
13.168278 4.34
13.198654 4.34
13.209527 4.34
13.245170 4.34
13.261170 4.34
13.286403 4.34
13.297278 4.34
13.327655 4.34
13.338529 4.34
13.374172 4.34
13.390178 4.34
13.415404 4.34
13.428047 4.34
13.456656 4.34
13.467530 4.34
13.498172 4.34
13.514171 4.34
13.539405 4.34
13.551922 4.34
13.580656 4.34
13.591530 4.34
13.627174 4.34
13.643173 4.34
13.668406 4.34
13.679281 4.34
13.709657 4.34
13.720532 4.34
13.756175 4.34
13.772157 4.34
13.797406 4.34
13.809799 4.34
13.841658 4.34
13.852532 4.34
13.883176 4.34
13.899172 4.34
13.924407 4.34
13.936798 4.34
13.965659 4.34
13.976533 4.34
14.008413 4.34
14.019283 4.34
14.049660 4.34
14.060534 4.34
14.096177 4.34
14.112174 4.34
14.137409 4.34
14.149803 4.34
14.178660 4.34
14.189535 4.34
14.225050 4.34
14.241051 4.34
14.266160 4.34
14.276926 4.34
14.307161 4.34
14.317928 4.34
14.348161 4.34
14.358926 4.34
14.389286 4.34
14.400161 4.34
14.430411 4.34
14.446411 4.34
14.471663 4.34
14.482537 4.34
14.518180 4.34
14.528929 4.34
14.559287 4.34
14.570162 4.34
14.600412 4.34
14.616412 4.34
14.641664 4.34
14.652538 4.34
14.682940 4.34
14.693664 4.34
14.724288 4.34
14.735163 4.34
14.765414 4.34
14.781414 4.34
14.806539 4.34
14.817289 4.34
14.853183 4.34
14.863929 4.34
14.894289 4.34
14.905165 4.34
14.935415 4.34
14.951415 4.34
14.976667 4.34
14.987540 4.34
15.017945 4.34
15.033934 4.34
15.059291 4.34
15.070166 4.34
15.100416 4.34
15.116291 4.34
15.141667 4.34
15.152542 4.34
15.182943 4.34
15.193668 4.34
15.224167 4.34
15.234932 4.34
15.265292 4.34
15.276168 4.34
15.306417 4.34
15.322418 4.34
15.347669 4.02
15.358543 4.34
15.388945 4.34
15.399670 4.34
15.430168 4.34
15.440935 4.34
15.471168 4.34
15.481934 4.34
15.512294 4.34
15.523169 4.34
15.553544 4.34
15.569544 4.34
15.600187 4.34
15.610938 4.34
15.641420 4.34
15.657420 4.34
15.682671 4.34
15.693545 4.34
15.724186 4.34
15.734937 4.34
15.765421 4.34
15.781295 4.34
15.806699 4.02
15.817421 4.34
15.848187 4.34
15.859065 4.34
15.889172 4.02
15.900063 4.34
15.930172 4.34
15.940939 4.34
15.971297 4.34
15.982172 4.34
16.012422 4.34
16.028423 4.34
16.053674 4.34
16.064548 4.34
16.095191 4.34
16.105939 4.34
16.136424 4.34
16.152298 4.34
16.179433 4.34
16.190174 4.34
16.220549 4.34
16.231299 4.02
16.261953 4.34
16.274433 4.34
16.303175 4.34
16.313939 4.34
16.344175 4.34
16.354944 4.34
16.385175 4.34
16.395943 4.34
16.426175 4.34
16.436941 4.34
16.467176 4.34
16.477943 4.34
16.508301 4.34
16.520830 4.34
16.549426 4.34
16.565301 4.02
16.592436 4.34
16.603301 4.34
16.633956 4.34
16.650067 4.34
16.675302 4.34
16.687679 4.34
16.716427 4.34
16.732427 4.34
16.765832 4.34
16.778313 4.02
16.807303 4.02
16.819680 4.34
16.848428 4.34
16.864429 4.02
16.891313 4.34
16.902196 4.34
16.932429 4.34
16.948429 4.34
16.978834 4.02
16.991309 4.34
17.020305 4.34
17.032680 4.34
17.061430 4.34
17.072305 4.34
17.102555 4.34
17.113305 4.34
17.143957 4.34
17.156307 4.34
17.185181 4.34
17.195949 4.34
17.226306 4.34
17.238681 4.34
17.267431 4.34
17.278306 4.34
17.308556 4.34
17.319307 4.34
17.349958 4.34
17.365836 4.34
17.391307 4.34
17.407182 4.34
17.432432 4.34
17.443307 4.34
17.473558 4.34
17.484308 4.34
17.514808 4.34
17.525558 4.34
17.556078 4.34
17.566826 4.34
17.597075 4.34
17.607827 4.34
17.638309 4.34
17.654184 4.34
17.679434 4.34
17.690184 4.34
17.725838 4.34
17.736559 4.34
17.767075 4.34
17.777825 4.34
17.808185 4.34
17.818953 4.02
17.849185 4.34
17.859951 4.34
17.890185 4.34
17.900953 4.34
17.931311 4.34
17.947311 4.34
17.972436 4.34
17.983186 4.34
18.019077 4.34
18.029829 4.34
18.060312 4.34
18.076187 4.34
18.101437 4.34
18.112187 4.34
18.148081 4.34
18.158830 4.34
18.189313 4.34
18.205187 4.34
18.230438 4.34
18.241313 4.34
18.277081 4.34
18.287842 4.34
18.318083 4.34
18.328842 4.34
18.359189 4.34
18.369956 4.34
18.400189 4.34
18.410957 4.34
18.441315 4.34
18.457315 4.34
18.482440 4.34
18.493315 4.34
18.529083 4.34
18.539844 4.34
18.570081 4.34
18.580844 4.34
18.611191 4.34
18.621959 4.34
18.652191 4.34
18.662958 4.34
18.693316 4.34
18.709191 4.34
18.734442 4.34
18.745317 4.34
18.781084 4.34
18.791846 4.34
18.822192 4.34
18.832971 4.34
18.863192 4.34
18.873960 4.34
18.904317 4.34
18.920193 4.34
18.945443 4.34
18.956318 4.34
18.992084 4.34
19.002846 4.34
19.033193 4.34
19.044086 4.34
19.074194 4.34
19.086723 4.34
19.115194 4.34
19.126087 4.34
19.156195 4.34
19.167085 4.34
19.197320 4.34
19.213320 4.34
19.238445 4.34
19.249320 4.34
19.279847 4.34
19.290573 4.34
19.321195 4.34
19.333726 4.34
19.362321 4.34
19.378321 4.34
19.403446 4.34
19.414322 4.34
19.444849 4.34
19.460849 4.34
19.486197 4.34
19.498576 4.34
19.527322 4.34
19.543197 4.34
19.568447 4.34
19.579322 4.34
19.609850 4.34
19.622227 4.34
19.651198 4.34
19.663576 4.34
19.692323 4.34
19.708198 4.34
19.733449 4.34
19.744324 4.34
19.774851 4.34
19.790851 4.34
19.816092 4.34
19.826853 4.34
19.857199 4.34
19.869580 4.34
19.898325 4.34
19.914325 4.34
19.939450 4.34
19.950325 4.34
19.980853 4.34
19.996856 4.34
20.022100 4.34
20.032854 4.34
20.063201 4.34
20.079326 4.34
20.104326 4.34
20.120326 4.34
20.145451 4.34
20.156326 4.34
20.186856 4.34
20.202857 4.34
20.228202 4.34
20.240580 4.34
20.269328 4.34
20.285328 4.34
20.310453 4.34
20.321328 4.34
20.351856 4.34
20.367734 4.34
20.393203 4.34
20.409204 4.34
20.434203 4.34
20.450078 4.34
20.475329 4.34
20.491329 4.34
20.516454 4.34
20.527204 4.34
20.562859 4.34
20.578734 4.34
20.604205 4.34
20.620097 4.34
20.645330 4.34
20.661205 4.34
20.686455 4.34
20.697330 4.34
20.732858 4.34
20.748734 4.34
20.774206 4.34
20.790099 4.34
20.815331 4.34
20.831331 4.34
20.856456 4.34
20.867207 4.34
20.897734 4.34
20.908457 4.34
20.939207 4.34
20.955207 4.34
20.980333 4.34
20.996207 4.34
21.021457 4.34
21.032333 4.34
21.062862 4.34
21.078861 4.34
21.104208 4.34
21.120098 4.34
21.145333 4.34
21.161209 4.34
21.186458 4.34
21.197209 4.34
21.232864 4.34
21.248862 4.34
21.274209 4.34
21.290210 4.34
21.315210 4.34
21.331085 4.34
21.356210 4.34
21.372210 4.34
21.397335 4.34
21.413336 4.34
21.443740 4.02
21.459739 4.34
21.485211 4.34
21.501102 4.34
21.526211 4.34
21.542087 4.34
21.567211 4.34
21.583211 4.34
21.608212 4.34
21.624087 4.34
21.649212 4.34
21.665212 4.34
21.690212 4.34
21.706088 4.34
21.731213 4.34
21.747213 4.34
21.772213 4.34
21.788088 4.34
21.813214 4.34
21.829213 4.34
21.854339 4.34
21.870213 4.34
21.897214 4.34
21.908106 4.34
21.938214 4.34
21.954089 4.34
21.979339 4.34
21.990089 4.34
22.022215 4.34
22.033107 4.34
22.063215 4.34
22.079090 4.34
22.104340 4.34
22.115215 4.34
22.150591 4.34
22.163217 4.34
22.191868 4.34
22.207743 4.34
22.233216 4.34
22.249092 4.34
22.274216 4.34
22.290217 4.34
22.315217 4.34
22.331092 4.34
22.356217 4.34
22.372217 4.34
22.397217 4.34
22.413218 4.34
22.438217 4.34
22.449093 4.34
22.479218 4.34
22.490111 4.34
22.520218 4.34
22.531093 4.34
22.561218 4.34
22.572112 4.34
22.602219 4.34
22.613094 4.34
22.643344 4.34
22.654219 4.34
22.689595 4.34
22.705598 4.34
22.731112 4.34
22.743469 4.34
22.772220 4.34
22.783095 4.34
22.813220 4.34
22.824111 4.34
22.854221 4.34
22.865112 4.34
22.895221 4.34
22.906096 4.34
22.936221 4.34
22.947096 4.34
22.977221 4.34
22.988096 4.34
23.018222 4.34
23.029097 4.34
23.059222 4.34
23.070097 4.34
23.100222 4.34
23.111098 4.34
23.141222 4.34
23.152097 4.34
23.182223 4.34
23.193098 4.34
23.223223 4.34
23.234098 4.34
23.264223 4.34
23.275099 4.34
23.305348 4.34
23.316099 4.34
23.351601 4.34
23.367601 4.34
23.393116 4.34
23.409117 4.34
23.434224 4.34
23.445117 4.34
23.475225 4.34
23.486100 4.34
23.516225 4.34
23.527116 4.34
23.557475 4.34
23.568351 4.34
23.598755 4.34
23.614753 4.34
23.640226 4.34
23.656226 4.34
23.681226 4.34
23.692101 4.34
23.722226 4.34
23.733102 4.34
23.763352 4.34
23.774102 4.34
23.809603 4.34
23.825606 4.34
23.851121 4.34
23.867118 4.34
23.892228 4.34
23.908228 4.34
23.933228 4.34
23.944103 4.34
23.974228 4.34
23.985104 4.34
24.015354 4.34
24.026104 4.34
24.061605 4.34
24.077608 4.34
24.102884 4.34
24.113606 4.34
24.144121 4.34
24.160230 4.34
24.185230 4.34
24.201230 4.34
24.226230 4.34
24.237105 4.34
24.267230 4.34
24.278106 4.34
24.308230 4.34
24.319106 4.34
24.349231 4.34
24.360106 4.34
24.390231 4.34
24.401106 4.34
24.431232 4.34
24.442107 4.34
24.472357 4.34
24.483107 4.34
24.518611 4.34
24.534761 4.34
24.559887 4.34
24.570761 4.34
24.601233 4.34
24.617233 4.34
24.642233 4.34
24.653108 4.34
24.683233 4.34
24.694108 4.34
24.724233 4.34
24.735109 4.34
24.767111 4.34
24.777876 4.34
24.808234 4.34
24.819109 4.34
24.849234 4.34
24.860109 4.34
24.892111 4.34
24.902875 4.34
24.933235 4.34
24.944110 4.34
24.974235 4.34
24.985111 4.34
25.015236 4.34
25.026111 4.34
25.058113 4.34
25.068878 4.34
25.099111 4.34
25.115112 4.34
25.140112 4.34
25.156112 4.34
25.181112 4.34
25.197129 4.34
25.222112 4.34
25.238237 4.34
25.263113 4.34
25.279113 4.34
25.304113 4.34
25.320113 4.34
25.345113 4.34
25.361113 4.34
25.386113 4.34
25.402113 4.34
25.427114 4.34
25.443114 4.34
25.468114 4.34
25.484130 4.34
25.509132 4.34
25.525239 4.34
25.550131 4.34
25.566131 4.34
25.591240 4.34
25.602115 4.34
25.632240 4.34
25.643115 4.34
25.673241 4.34
25.684116 4.34
25.714240 4.34
25.725116 4.34
25.755241 4.34
25.766116 4.34
25.796241 4.34
25.807116 4.34
25.837241 4.34
25.848117 4.34
25.883367 4.34
25.894117 4.34
25.929618 4.34
25.945618 4.34
25.971134 4.34
25.987243 4.34
26.012118 4.34
26.022883 4.34
26.053118 4.34
26.063884 4.34
26.094118 4.34
26.104885 4.34
26.135119 4.34
26.145885 4.34
26.176119 4.34
26.186886 4.34
26.217120 4.34
26.227886 4.34
26.258119 4.34
26.268887 4.34
26.299120 4.34
26.309887 4.34
26.340120 4.34
26.350888 4.34
26.381120 4.34
26.391889 4.34
26.422121 4.34
26.432888 4.34
26.463121 4.34
26.473889 4.34
26.504121 4.34
26.514886 4.34
26.545121 4.34
26.555888 4.34
26.586122 4.34
26.596889 4.34
26.627122 4.34
26.637890 4.34
26.668123 4.34
26.678891 4.34
26.709123 4.34
26.719890 4.34
26.750123 4.34
26.760895 4.34
26.791123 4.34
26.801890 4.34
26.832140 4.34
26.842891 4.34
26.873249 4.34
26.884124 4.34
26.914249 4.02
26.925124 4.34
26.955249 4.34
26.966124 4.34
26.996250 4.34
27.007125 4.34
27.037250 4.34
27.048125 4.34
27.083375 4.34
27.094125 4.34
27.124627 4.34
27.140627 4.34
27.166143 4.34
27.182143 4.34
27.207251 4.34
27.218126 4.34
27.250002 4.34
27.260752 4.34
27.291127 4.34
27.301894 4.34
27.332127 4.34
27.342895 4.34
27.373127 4.34
27.383895 4.34
27.414128 4.34
27.424894 4.34
27.455253 4.34
27.466128 4.34
27.501503 4.34
27.514004 4.34
27.542908 4.34
27.555378 4.34
27.584129 4.34
27.595021 4.34
27.625254 4.34
27.636129 4.34
27.671504 4.34
27.684005 4.34
27.712909 4.34
27.725380 4.34
27.754255 4.34
27.765130 4.34
27.800505 4.34
27.813006 4.34
27.841909 4.34
27.857911 4.34
27.883256 4.34
27.894131 4.34
27.929506 4.34
27.942007 4.34
27.970910 4.34
27.987149 4.34
28.012257 4.34
28.023132 4.34
28.058507 4.34
28.070883 4.34
28.100026 4.34
28.116025 4.34
28.141151 4.34
28.152026 4.34
28.187508 4.34
28.199884 4.34
28.229024 4.34
28.244902 4.34
28.270151 4.34
28.280902 4.34
28.316509 4.34
28.332384 4.34
28.357913 4.34
28.373913 4.34
28.399260 4.34
28.410135 4.34
28.445510 4.34
28.461385 4.34
28.487027 4.34
28.503152 4.34
28.528152 4.34
28.538902 4.34
28.574511 4.34
28.590386 4.34
28.615916 4.34
28.631916 4.34
28.657261 4.34
28.668136 4.34
28.703512 4.34
28.719511 4.34
28.744916 4.34
28.760916 4.34
28.786262 4.34
28.797137 4.34
28.832513 4.34
28.848388 4.34
28.873917 4.34
28.889914 4.34
28.915263 4.34
28.926153 4.34
28.961514 4.34
28.977389 4.34
29.002919 4.34
29.019154 4.34
29.044264 4.34
29.055139 4.34
29.090514 4.34
29.106390 4.34
29.131918 4.34
29.147781 4.34
29.173265 4.34
29.184140 4.34
29.219515 4.34
29.235390 4.34
29.260920 4.34
29.276908 4.34
29.302141 4.34
29.312907 4.34
29.343141 4.34
29.353907 4.34
29.384142 4.34
29.394909 4.34
29.425267 4.34
29.436142 4.34
29.471517 4.34
29.487517 4.34
29.512767 4.34
29.523517 4.34
29.554160 4.34
29.564910 4.34
29.600518 4.34
29.616393 4.34
29.641922 4.34
29.658161 4.34
29.684895 4.34
29.695645 4.34
29.726269 4.34
29.737144 4.34
29.772519 4.34
29.788394 4.34
29.813924 4.34
29.829786 4.34
29.855270 4.34
29.866145 4.34
29.901520 4.34
29.917395 4.34
29.942924 4.34
29.959169 4.34
29.985897 4.34
29.996786 4.34
30.027163 4.34
30.037913 4.34
30.073521 4.34
30.089521 4.34
30.114923 4.34
30.130789 4.34
30.157898 4.34
30.168648 4.34
30.200899 4.34
30.211649 4.34
30.243899 4.34
30.254801 4.34
30.285164 4.34
30.295914 4.34
30.331523 4.34
30.347523 4.34
30.372928 4.34
30.388926 4.34
30.415900 4.34
30.426666 4.34
30.458900 4.34
30.469803 4.34
30.500167 4.34
30.510916 4.34
30.541399 4.34
30.553901 4.34
30.585808 4.34
30.601793 4.34
30.627168 4.34
30.637916 4.34
30.668400 4.34
30.680901 4.34
30.709652 4.34
30.720526 4.34
30.750793 4.34
30.763276 4.34
30.792166 4.34
30.802918 4.34
30.838526 4.34
30.849527 4.34
30.880044 4.34
30.891042 4.34
30.926402 4.34
30.942527 4.34
30.970809 4.34
30.987045 4.34
31.017528 4.34
31.028403 4.34
31.059047 4.34
31.069931 4.34
31.100168 4.34
31.110921 4.34
31.146529 4.34
31.162403 4.34
31.187931 4.34
31.203795 4.02
31.234529 4.34
31.250405 4.34
31.275935 4.34
31.286656 4.34
31.322530 4.34
31.333405 4.34
31.363934 4.34
31.374809 4.34
31.410530 4.34
31.421406 4.34
31.452046 4.34
31.462798 4.02
31.498531 4.02
31.509281 4.34
31.539934 4.34
31.550811 4.34
31.586532 4.34
31.597281 4.34
31.628050 4.34
31.638937 4.34
31.674282 4.34
31.685158 4.34
31.715408 4.34
31.731407 4.34
31.756659 4.34
31.767533 4.34
31.797812 4.34
31.813926 4.34
31.839175 4.34
31.849927 4.34
31.880409 4.34
31.896284 4.34
31.921534 4.34
31.932284 4.02
31.962940 4.34
31.973813 4.34
32.009409 4.34
32.025410 4.34
32.050661 4.34
32.061535 4.34
32.091940 4.34
32.102814 4.34
32.138536 4.34
32.149286 4.34
32.179939 4.34
32.190689 4.34
32.226411 4.34
32.242536 4.34
32.267692 4.34
32.278537 4.34
32.309179 4.34
32.320054 4.34
32.350412 4.34
32.366412 4.34
32.391680 4.34
32.402537 4.34
32.433179 4.34
32.443931 4.34
32.474413 4.34
32.490288 4.34
32.515664 4.34
32.526538 4.34
32.557055 4.34
32.567805 4.34
32.598179 4.34
32.609059 4.34
32.644539 4.34
32.655415 4.34
32.685945 4.34
32.696820 4.34
32.732540 4.34
32.743290 4.34
32.773945 4.34
32.784819 4.34
32.820416 4.34
32.836540 4.34
32.861667 4.34
32.872541 4.34
32.902943 4.34
32.913668 4.34
32.949416 4.34
32.965416 4.34
32.993820 4.34
33.009944 4.34
33.035186 4.34
33.045935 4.34
33.076417 4.34
33.092292 4.34
33.117669 4.34
33.128543 4.34
33.158948 4.34
33.169822 4.34
33.205293 4.34
33.217795 4.34
33.246418 4.34
33.262293 4.34
33.287670 4.34
33.300294 4.34
33.329185 4.34
33.339936 4.34
33.370419 4.34
33.386295 4.34
33.411690 4.34
33.424294 4.34
33.454797 4.34
33.465672 4.34
33.501421 4.34
33.517295 4.34
33.542701 4.34
33.558822 4.34
33.589421 4.34
33.605421 4.34
33.630708 4.34
33.646823 4.34
33.677422 4.34
33.693422 4.34
33.721826 4.34
33.737940 4.34
33.764673 4.34
33.775547 4.02
33.805951 4.34
33.816827 4.34
33.852423 4.34
33.868423 4.34
33.896825 4.34
33.912674 4.34
33.939674 4.34
33.950549 4.34
33.980953 4.34
33.991828 4.34
34.027424 4.34
34.043549 4.34
34.071826 4.34
34.087942 4.34
34.114676 4.34
34.125550 4.34
34.155955 4.34
34.166676 4.34
34.197301 4.34
34.213425 4.34
34.238426 4.34
34.249176 4.34
34.279675 4.34
34.292176 4.34
34.320954 4.34
34.331677 4.34
34.362301 4.34
34.378426 4.34
34.403427 4.34
34.414177 4.34
34.444552 4.34
34.455302 4.34
34.486070 4.34
34.496820 4.34
34.527178 4.34
34.537947 4.34
34.568303 4.34
34.584428 4.34
34.609428 4.34
34.620178 4.34
34.650678 4.34
34.666832 4.34
34.691959 4.34
34.702707 4.34
34.733179 4.34
34.744070 4.34
34.774304 4.34
34.790429 4.34
34.815430 4.34
34.826305 4.34
34.856707 4.34
34.872680 4.34
34.903305 4.34
34.919305 4.34
34.944430 4.34
34.955305 4.34
34.985681 4.34
35.001681 4.34
35.026958 4.34
35.037835 4.34
35.068181 4.34
35.078947 4.34
35.109307 4.34
35.125307 4.34
35.150432 4.34
35.161306 4.34
35.191683 4.34
35.207683 4.34
35.238308 4.34
35.254308 4.34
35.279433 4.34
35.290308 4.34
35.320684 4.34
35.336683 4.34
35.367309 4.34
35.383309 4.34
35.408434 4.34
35.419184 4.34
35.449559 4.34
35.460309 4.34
35.490961 4.34
35.501684 4.34
35.532310 4.34
35.548309 4.34
35.573435 4.34
35.584185 4.34
35.614686 4.34
35.630686 4.34
35.661311 4.34
35.677204 4.34
35.702436 4.34
35.713186 4.34
35.743562 4.34
35.754311 4.34
35.784965 4.34
35.795838 4.34
35.826312 4.34
35.842312 4.34
35.867437 4.34
35.878187 4.34
35.908687 4.34
35.924688 4.34
35.955313 4.34
35.971206 4.34
35.996438 4.34
36.007188 4.34
36.037843 4.34
36.048689 4.34
36.084314 4.34
36.100314 4.34
36.125439 4.34
36.136189 4.34
36.166843 4.34
36.177571 4.34
36.213315 4.34
36.229315 4.34
36.254440 4.34
36.265190 4.34
36.295814 4.34
36.306571 4.34
36.336814 4.34
36.347570 4.34
36.377815 4.34
36.388570 4.34
36.418814 4.34
36.429570 4.34
36.459815 4.34
36.470570 4.34
36.500815 4.34
36.511571 4.34
36.541816 4.34
36.552571 4.34
36.582816 4.34
36.593572 4.34
36.623816 4.34
36.634572 4.34
36.664817 4.34
36.675572 4.34
36.705817 4.34
36.716572 4.34
36.746817 4.34
36.757572 4.34
36.787817 4.34
36.798570 4.34
36.828818 4.34
36.839570 4.34
36.869818 4.34
36.880571 4.34
36.910818 4.34
36.921571 4.34
36.951819 4.34
36.962571 4.34
36.992818 4.34
37.003571 4.34
37.033819 4.34
37.044571 4.34
37.074819 4.34
37.085572 4.34
37.115819 4.34
37.126572 4.34
37.156820 4.34
37.167573 4.34
37.197821 4.34
37.208573 4.34
37.238820 4.34
37.249574 4.34
37.279821 4.34
37.290573 4.34
37.320821 4.34
37.331575 4.34
37.361821 4.34
37.372575 4.34
37.402821 4.34
37.413575 4.34
37.443822 4.34
37.454575 4.34
37.484822 4.34
37.495576 4.34
37.525822 4.34
37.536576 4.34
37.566823 4.34
37.577576 4.34
37.607823 4.34
37.618577 4.34
37.648824 4.34
37.659577 4.34
37.689823 4.34
37.700578 4.34
37.730823 4.34
37.741578 4.34
37.771824 4.34
37.782578 4.34
37.812825 4.34
37.823578 4.34
37.853825 4.34
37.864578 4.34
37.894825 4.34
37.905578 4.34
37.935825 4.34
37.946577 4.34
37.976825 4.34
37.987578 4.34
38.017826 4.34
38.028578 4.34
38.058826 4.34
38.069578 4.34
38.099826 4.34
38.110578 4.34
38.140827 4.34
38.151578 4.34
38.181827 4.34
38.192578 4.34
38.222827 4.34
38.233578 4.34
38.263827 4.34
38.274578 4.34
38.304828 4.34
38.315578 4.34
38.345828 4.34
38.356580 4.34
38.386829 4.34
38.397580 4.34
38.427829 4.34
38.438580 4.34
38.468829 4.34
38.479580 4.34
38.509829 4.34
38.520580 4.34
38.550830 4.34
38.561581 4.34
38.591830 4.34
38.602581 4.34
38.634581 4.34
38.645330 4.34
38.675581 4.34
38.691455 4.34
38.716706 4.34
38.727456 4.34
38.757706 4.34
38.768456 4.34
38.798706 4.34
38.809456 4.34
38.839707 4.34
38.850457 4.34
38.880707 4.34
38.891457 4.34
38.921707 4.34
38.932457 4.34
38.962708 4.34
38.973458 4.34
39.003739 4.34
39.014459 4.34
39.045209 4.34
39.061334 4.34
39.086210 4.34
39.102335 4.34
39.127335 4.34
39.138085 4.34
39.168460 4.34
39.181103 4.34
39.209740 4.34
39.220587 4.34
39.251211 4.34
39.267336 4.34
39.292211 4.34
39.308336 4.34
39.333211 4.34
39.349337 4.34
39.374337 4.34
39.385212 4.34
39.415462 4.34
39.427869 4.34
39.458467 4.34
39.469337 4.34
39.499740 4.34
39.510588 4.34
39.546338 4.34
39.557213 4.34
39.587463 4.34
39.603463 4.34
39.628589 4.34
39.644743 4.34
39.675339 4.34
39.686214 4.34
39.716464 4.34
39.728868 4.34
39.763105 4.34
39.775493 4.34
39.804340 4.34
39.815215 4.34
39.845465 4.34
39.857857 4.34
39.886744 4.34
39.897465 4.34
39.928107 4.34
39.944107 4.34
39.969216 4.34
39.980108 4.34
40.010341 4.34
40.021216 4.34
40.051466 4.34
40.067466 4.34
40.092743 4.34
40.103467 4.34
40.134109 4.34
40.149983 4.34
40.175218 4.34
40.186110 4.34
40.216217 4.34
40.227092 4.34
40.257218 4.34
40.268093 4.34
40.298218 4.34
40.309094 4.34
40.339343 4.34
40.350219 4.34
40.380468 4.34
40.396344 4.34
40.421749 4.34
40.432596 4.34
40.463220 4.34
40.474109 4.34
40.504345 4.34
40.515220 4.34
40.545470 4.34
40.561597 4.34
40.586751 4.34
40.597597 4.34
40.628220 4.34
40.639112 4.34
40.669221 4.34
40.680096 4.34
40.710221 4.34
40.721096 4.34
40.751221 4.34
40.762096 4.34
40.792347 4.34
40.803222 4.34
40.833598 4.34
40.844472 4.34
40.880347 4.34
40.891222 4.34
40.921472 4.34
40.937472 4.34
40.962750 4.34
40.973473 4.34
41.004115 4.34
41.020114 4.34
41.045349 4.34
41.056223 4.34
41.086753 4.34
41.097600 4.34
41.128224 4.34
41.139116 4.34
41.169224 4.34
41.180099 4.34
41.210224 4.34
41.221100 4.34
41.251225 4.34
41.262100 4.34
41.292225 4.34
41.303100 4.34
41.333350 4.34
41.344226 4.34
41.374476 4.34
41.390476 4.34
41.415755 4.34
41.426603 4.34
41.457119 4.34
41.473116 4.34
41.498351 4.34
41.509102 4.34
41.539476 4.34
41.555602 4.34
41.580754 4.34
41.591477 4.34
41.622119 4.34
41.638120 4.34
41.663228 4.34
41.674118 4.02
41.704353 4.34
41.715228 4.34
41.745479 4.34
41.761478 4.34
41.786756 4.02
41.797604 4.34
41.828229 4.34
41.839121 4.34
41.869229 4.34
41.880104 4.34
41.910229 4.34
41.921104 4.34
41.951229 4.34
41.962105 4.34
41.992230 4.34
42.003105 4.34
42.033355 4.34
42.045871 4.34
42.074481 4.34
42.090481 4.34
42.121123 4.34
42.137123 4.34
42.162231 4.34
42.173106 4.34
42.203231 4.34
42.214107 4.34
42.244232 4.34
42.255107 4.34
42.285357 4.34
42.297759 4.34
42.326482 4.34
42.342482 4.34
42.369362 4.34
42.380108 4.34
42.410483 4.34
42.426483 4.34
42.451483 4.34
42.467483 4.34
42.498124 4.34
42.514125 4.34
42.539359 4.34
42.551761 4.34
42.580637 4.34
42.591485 4.34
42.622125 4.34
42.638235 4.34
42.663360 4.34
42.675761 4.34
42.704485 4.34
42.715235 4.34
42.750878 4.34
42.761611 4.34
42.792236 4.34
42.803111 4.34
42.833361 4.34
42.849236 4.34
42.874643 4.34
42.885486 4.34
42.916130 4.34
42.927003 4.34
42.957112 4.34
42.968004 4.34
42.998112 4.34
43.009003 4.34
43.039112 4.34
43.049880 4.34
43.080113 4.34
43.090878 4.34
43.121113 4.34
43.131879 4.34
43.162113 4.34
43.172880 4.34
43.203114 4.34
43.213881 4.34
43.244114 4.34
43.254882 4.34
43.285114 4.34
43.295879 4.34
43.326114 4.34
43.336883 4.34
43.367114 4.34
43.377880 4.34
43.408115 4.34
43.418883 4.34
43.449115 4.34
43.459882 4.34
43.490115 4.34
43.500882 4.34
43.531116 4.34
43.541884 4.34
43.572116 4.34
43.582882 4.34
43.613116 4.34
43.623883 4.34
43.654117 4.34
43.664885 4.34
43.695117 4.34
43.705882 4.34
43.736117 4.34
43.746884 4.34
43.777117 4.34
43.787885 4.34
43.818118 4.34
43.828883 4.34
43.859118 4.34
43.869883 4.34
43.900118 4.34
43.910884 4.34
43.941119 4.34
43.951886 4.34
43.982119 4.34
43.992887 4.34
44.023120 4.34
44.033886 4.34
44.064120 4.34
44.074886 4.34
44.105119 4.34
44.115885 4.34
44.146120 4.34
44.156888 4.34
44.187120 4.34
44.197889 4.34
44.228121 4.34
44.238886 4.34
44.269121 4.34
44.279886 4.34
44.310122 4.34
44.320888 4.34
44.351121 4.34
44.361887 4.34
44.392122 4.34
44.402890 4.34
44.433122 4.34
44.443888 4.34
44.474122 4.34
44.484890 4.34
44.515123 4.34
44.525891 4.34
44.556140 4.34
44.566891 4.34
44.597248 4.34
44.608124 4.34
44.638249 4.34
44.649124 4.34
44.679249 4.34
44.690124 4.34
44.720249 4.34
44.732749 4.34
44.761374 4.34
44.777249 4.34
44.802500 4.34
44.813375 4.34
44.843905 4.34
44.859892 4.34
44.885126 4.34
44.895892 4.34
44.926126 4.34
44.936894 4.34
44.967126 4.34
44.977894 4.34
45.008251 4.34
45.020628 4.34
45.049252 4.34
45.061628 4.34
45.090252 4.34
45.102628 4.34
45.131502 4.34
45.142377 4.34
45.172904 4.34
45.188894 4.34
45.214128 4.34
45.224896 4.34
45.255253 4.34
45.267630 4.34
45.296378 4.34
45.312253 4.34
45.337503 4.34
45.348379 4.34
45.378907 4.34
45.391264 4.34
45.420254 4.34
45.432630 4.34
45.461379 4.34
45.472130 4.34
45.504259 4.34
45.515147 4.34
45.545380 4.34
45.556146 4.34
45.591782 4.34
45.602505 4.34
45.633148 4.34
45.643896 4.34
45.674131 4.34
45.684899 4.34
45.715132 4.34
45.725898 4.34
45.756131 4.34
45.766897 4.34
45.797257 4.34
45.813132 4.34
45.838382 4.34
45.849132 4.34
45.879507 4.34
45.890382 4.34
45.920916 4.34
45.937023 4.34
45.962133 4.34
45.972900 4.34
46.003258 4.34
46.019258 4.34
46.044383 4.34
46.055259 4.34
46.090775 4.34
46.101509 4.34
46.132150 4.34
46.142902 4.34
46.173384 4.34
46.184259 4.34
46.219787 4.34
46.235778 4.34
46.261151 4.34
46.271901 4.34
46.302385 4.34
46.313260 4.34
46.348775 4.34
46.359511 4.34
46.390156 4.34
46.400901 4.34
46.431386 4.34
46.442136 4.34
46.477777 4.34
46.488512 4.34
46.519154 4.34
46.529903 4.34
46.560262 4.34
46.576137 4.34
46.601387 4.34
46.612263 4.34
46.642512 4.34
46.653388 4.34
46.683917 4.34
46.700031 4.34
46.725138 4.34
46.735903 4.34
46.766264 4.34
46.782264 4.34
46.807388 4.34
46.818139 4.34
46.853791 4.34
46.864514 4.34
46.895157 4.34
46.905907 4.34
46.936390 4.34
46.947265 4.34
46.982794 4.34
46.998783 4.34
47.024155 4.34
47.034909 4.34
47.065391 4.34
47.076266 4.34
47.111795 4.34
47.127782 4.34
47.153159 4.34
47.163909 4.34
47.194391 4.34
47.205142 4.34
47.240785 4.34
47.256784 4.34
47.282159 4.34
47.294644 4.34
47.323392 4.34
47.334267 4.34
47.369796 4.34
47.380517 4.34
47.411161 4.34
47.423662 4.34
47.452393 4.34
47.463269 4.34
47.498799 4.34
47.514796 4.34
47.540170 4.34
47.552673 4.34
47.581394 4.34
47.592144 4.34
47.622520 4.34
47.633395 4.34
47.664038 4.34
47.674786 4.34
47.705145 4.34
47.717674 4.34
47.746145 4.34
47.758674 4.34
47.787271 4.34
47.803271 4.34
47.828396 4.34
47.839146 4.34
47.871163 4.34
47.881913 4.34
47.912397 4.34
47.923272 4.34
47.958801 4.34
47.971163 4.34
48.000165 4.34
48.016273 4.34
48.041273 4.34
48.057148 4.34
48.082398 4.34
48.093148 4.34
48.128790 4.34
48.144792 4.34
48.170163 4.34
48.186165 4.34
48.211149 4.34
48.223524 4.34
48.252149 4.34
48.264524 4.34
48.293149 4.34
48.305524 4.34
48.334274 4.34
48.350150 4.34
48.375400 4.34
48.386275 4.34
48.421804 4.34
48.437793 4.34
48.463167 4.34
48.479168 4.34
48.504151 4.02
48.520276 4.34
48.545151 4.34
48.557526 4.34
48.586276 4.34
48.602276 4.34
48.627402 4.34
48.638276 4.34
48.673804 4.34
48.689795 4.34
48.715169 4.34
48.731170 4.34
48.756277 4.34
48.772278 4.34
48.797402 4.34
48.808278 4.34
48.843794 4.34
48.859794 4.34
48.885168 4.34
48.901172 4.34
48.926279 4.34
48.942154 4.34
48.967404 4.34
48.978154 4.34
49.013685 4.34
49.029671 4.34
49.055170 4.34
49.071173 4.34
49.096405 4.34
49.107155 4.34
49.142797 4.34
49.158796 4.34
49.184170 4.34
49.200173 4.34
49.225281 4.34
49.241156 4.34
49.266406 4.34
49.277281 4.34
49.312797 4.34
49.328658 4.34
49.354157 4.34
49.370157 4.34
49.395282 4.34
49.411157 4.34
49.436407 4.34
49.447158 4.34
49.482688 4.02
49.498659 4.34
49.524175 4.02
49.540175 4.34
49.565533 4.34
49.576283 4.34
49.606938 4.34
49.617812 4.34
49.648284 4.34
49.664159 4.34
49.691161 4.02
49.701927 4.34
49.732159 4.34
49.748159 4.34
49.773285 4.34
49.789160 4.34
49.814410 4.34
49.825285 4.34
49.860661 4.34
49.876662 4.34
49.902178 4.34
49.918179 4.34
49.945163 4.34
49.955940 4.34
49.986286 4.34
50.002286 4.34
50.029163 4.34
50.039929 4.34
50.070162 4.34
50.086162 4.34
50.111287 4.34
50.127287 4.34
50.154164 4.34
50.164929 4.34
50.195287 4.34
50.211163 4.34
50.238164 4.34
50.249055 4.34
50.279289 4.34
50.290163 4.34
50.322165 4.34
50.333056 4.34
50.363164 4.34
50.379164 4.34
50.404289 4.34
50.415164 4.34
50.447166 4.34
50.458058 4.34
50.488165 4.34
50.504182 4.34
50.529290 4.34
50.540165 4.34
50.572183 4.34
50.583058 4.34
50.615181 4.34
50.626057 4.34
50.656682 4.34
50.672667 4.34
50.698183 4.34
50.714183 4.34
50.739167 4.34
50.755167 4.34
50.780292 4.34
50.791167 4.34
50.826542 4.02
50.839073 4.34
50.868059 4.34
50.884184 4.34
50.911062 4.34
50.922058 4.34
50.952186 4.34
50.968183 4.34
50.998543 4.34
51.009293 4.34
51.039947 4.02
51.050821 4.34
51.081294 4.34
51.092169 4.34
51.127544 4.34
51.138294 4.34
51.168948 4.34
51.179823 4.34
51.210170 4.34
51.220938 4.34
51.251295 4.34
51.262170 4.34
51.297545 4.34
51.308295 4.34
51.338950 4.34
51.349823 4.34
51.380171 4.34
51.390940 4.34
51.421296 4.34
51.432171 4.34
51.467546 4.34
51.483547 4.34
51.508824 4.34
51.519673 4.34
51.550190 4.34
51.566190 4.34
51.591173 4.34
51.601939 4.34
51.632173 4.34
51.642940 4.34
51.673298 4.34
51.684173 4.34
51.719548 4.34
51.730299 4.34
51.760953 4.34
51.771828 4.34
51.802299 4.34
51.813174 4.34
51.848549 4.34
51.859300 4.34
51.889954 4.34
51.900826 4.34
51.931300 4.34
51.942175 4.34
51.977550 4.34
51.988425 4.34
52.018954 4.34
52.029677 4.34
52.060301 4.34
52.071176 4.34
52.106551 4.34
52.122551 4.34
52.147956 4.34
52.158828 4.34
52.189302 4.34
52.200177 4.34
52.235552 4.34
52.246427 4.34
52.276956 4.34
52.287829 4.34
52.318178 4.34
52.328945 4.34
52.364553 4.34
52.375303 4.34
52.406072 4.34
52.421946 4.02
52.447195 4.34
52.463179 4.02
52.488179 4.34
52.498947 4.02
52.529179 4.02
52.539947 4.34
52.570305 4.02
52.581180 4.34
52.616555 4.34
52.640960 4.02
52.651832 4.34
52.682180 4.34
52.692946 4.34
52.723306 4.34
52.734072 4.34
52.769556 4.34
52.782057 4.34
52.810961 4.34
52.823556 4.34
52.852306 4.34
52.863073 4.02
52.898556 4.34
52.911073 4.34
52.940072 4.34
52.956072 4.34
52.981308 4.02
52.992072 4.34
53.027557 4.34
53.038308 4.34
53.068961 4.34
53.081558 4.34
53.110308 4.34
53.121075 4.34
53.156558 4.34
53.169060 4.34
53.197954 4.34
53.210559 4.34
53.239184 4.34
53.249951 4.02
53.280310 4.02
53.291074 4.34
53.326560 4.34
53.339079 4.34
53.367952 4.34
53.380560 4.02
53.409310 4.02
53.420078 4.34
53.455560 4.34
53.468062 4.02
53.496838 4.02
53.507561 4.34
53.538076 4.34
53.553963 4.34
53.579186 4.02
53.589955 4.34
53.620312 4.34
53.631079 4.34
53.666562 4.34
53.690964 4.34
53.706843 4.34
53.732312 4.34
53.743078 4.34
53.778570 4.34
53.802967 4.34
53.832689 4.34
53.848571 4.34
53.873968 4.34
53.889842 4.34
53.915188 4.34
53.925957 4.34
53.956189 4.34
53.966956 4.34
53.997315 4.34
54.008082 4.34
54.043572 4.02
54.059440 4.34
54.084967 4.34
54.100844 4.34
54.126190 4.34
54.136959 4.34
54.167316 4.34
54.178083 4.34
54.213573 4.34
54.229441 4.34
54.254957 4.34
54.270844 4.34
54.296191 4.34
54.306957 4.34
54.337192 4.34
54.347958 4.34
54.378192 4.34
54.388960 4.34
54.419192 4.02
54.429960 4.34
54.460318 4.34
54.471085 4.34
54.506571 4.34
54.531087 4.34
54.560571 4.34
54.576571 4.34
54.601845 4.34
54.612571 4.34
54.643194 4.34
54.654086 4.34
54.684195 4.34
54.695086 4.34
54.725194 4.34
54.736070 4.34
54.766195 4.34
54.777085 4.34
54.807321 4.34
54.818088 4.02
54.853575 4.34
54.869574 4.34
54.895089 4.34
54.924575 4.34
54.940575 4.34
54.966088 4.34
54.982088 4.34
55.007196 4.34
55.018088 4.34
55.048322 4.34
55.059089 4.34
55.094576 4.02
55.119090 4.34
55.148577 4.34
55.164578 4.02
55.190090 4.02
55.206089 4.34
55.231198 4.34
55.242091 4.34
55.272323 4.34
55.283198 4.34
55.318579 4.34
55.343091 4.34
55.372579 4.02
55.388583 4.34
55.414092 4.34
55.430091 4.02
55.455199 4.34
55.466092 4.34
55.496200 4.02
55.507092 4.34
55.538951 4.34
55.549825 4.02
55.581982 4.02
55.592852 4.34
55.623326 4.34
55.634093 4.34
55.669580 4.02
55.685580 4.02
55.711093 4.34
55.727095 4.34
55.752202 4.34
55.763094 4.34
55.794983 4.34
55.805704 4.34
55.836076 4.34
55.846827 4.34
55.877077 4.34
55.887827 4.34
55.918077 4.34
55.928827 4.34
55.959077 4.34
55.969827 4.34
56.000077 4.34
56.010828 4.02
56.041078 4.02
56.051828 4.34
56.082078 4.34
56.092829 4.02
56.123078 4.34
56.133829 4.34
56.164078 4.34
56.174829 4.34
56.205078 4.34
56.215829 4.34
56.246079 4.34
56.256829 4.34
56.287079 4.02
56.297830 4.34
56.328080 4.02
56.338830 4.34
56.369080 4.02
56.379830 4.34
56.410080 4.34
56.420830 4.34
56.451080 4.34
56.461831 4.34
56.492081 4.34
56.502831 4.02
56.533081 4.34
56.543832 4.34
56.574081 4.34
56.584832 4.34
56.615083 4.34
56.625832 4.34
56.656082 4.34
56.666832 4.02
56.697082 4.34
56.707832 4.34
56.738083 4.34
56.748833 4.34
56.779083 4.34
56.789833 4.34
56.820083 4.34
56.830834 4.34
56.861084 4.34
56.871834 4.34
56.902084 4.34
56.912834 4.02
56.943084 4.34
56.953834 4.34
56.984084 4.34
56.994835 4.34
57.025084 4.34
57.035835 4.34
57.066085 4.34
57.076835 4.34
57.107085 4.02
57.117836 4.34
57.148086 4.02
57.158836 4.02
57.189086 4.02
57.199836 4.34
57.230086 4.34
57.240836 4.34
57.271086 4.34
57.281837 4.34
57.312086 4.34
57.322837 4.34
57.353087 4.34
57.363837 4.02
57.394087 4.34
57.404838 4.34
57.435087 4.34
57.445838 4.34
57.476088 4.34
57.486838 4.34
57.517088 4.34
57.527838 4.34
57.558089 4.34
57.568839 4.34
57.599089 4.34
57.609839 4.34
57.640089 4.02
57.650839 4.34
57.681089 4.34
57.691839 4.34
57.722090 4.34
57.732839 4.34
57.763090 4.34
57.773840 4.34
57.804090 4.02
57.814840 4.34
57.845090 4.34
57.855840 4.34
57.886091 4.34
57.896841 4.34
57.927091 4.34
57.937841 4.34
57.968091 4.34
57.978841 4.34
58.009091 4.34
58.019842 4.34
58.050091 4.34
58.060842 4.34
58.091092 4.02
58.101842 4.34
58.132092 4.34
58.142843 4.34
58.173093 4.34
58.183843 4.34
58.214093 4.34
58.224843 4.34
58.255093 4.34
58.265843 4.34
58.296093 4.34
58.306844 4.34
58.337094 4.34
58.347844 4.34
58.378094 4.34
58.388844 4.34
58.419094 4.34
58.429844 4.34
58.460095 4.34
58.470844 4.34
58.501095 4.34
58.511845 4.34
58.542095 4.34
58.552845 4.34
58.583095 4.34
58.593846 4.34
58.625846 4.34
58.636596 4.34
58.666847 4.34
58.682721 4.34
58.707847 4.34
58.723722 4.34
58.748847 4.34
58.764722 4.34
58.789847 4.34
58.805723 4.34
58.830876 4.34
58.846752 4.34
58.877349 4.34
58.889850 4.34
58.918474 4.34
58.934348 4.34
58.959753 4.34
58.972225 4.34
59.006475 4.34
59.022350 4.34
59.047754 4.34
59.060225 4.34
59.094475 4.34
59.110475 4.34
59.135878 4.34
59.151878 4.34
59.178853 4.34
59.189753 4.34
59.225351 4.34
59.241476 4.34
59.266476 4.34
59.282352 4.34
59.307755 4.34
59.323756 4.34
59.349120 4.34
59.359871 4.34
59.395477 4.34
59.411477 4.34
59.436880 4.34
59.452879 4.34
59.483353 4.34
59.499353 4.34
59.524478 4.34
59.540353 4.34
59.565881 4.34
59.581880 4.34
59.612354 4.34
59.628479 4.34
59.653479 4.34
59.669354 4.34
59.694758 4.34
59.710759 4.34
59.741480 4.34
59.752230 4.34
59.782757 4.34
59.798760 4.34
59.829355 4.34
59.845481 4.34
59.870481 4.34
59.881231 4.34
59.911760 4.34
59.927885 4.34
59.958481 4.34
59.969356 4.34
59.999886 4.34
60.010762 4.34
60.046357 4.34
60.062482 4.34
60.087482 4.34
60.098357 4.34
60.128762 4.02
60.144884 4.34
60.175483 4.34
60.186358 4.34
60.216762 4.34
60.232885 4.34
60.263483 4.34
60.274359 4.34
60.304760 4.34
60.320764 4.34
60.346126 4.34
60.356876 4.34
60.392484 4.34
60.403235 4.34
60.433772 4.34
60.449762 4.34
60.475127 4.34
60.485879 4.34
60.516361 4.34
60.532485 4.34
60.557486 4.34
60.568235 4.34
60.598763 4.34
60.614612 4.34
60.645361 4.34
60.661486 4.34
60.686613 4.34
60.697486 4.34
60.728129 4.34
60.738878 4.34
60.769237 4.34
60.780112 4.34
60.810237 4.34
60.821113 4.34
60.851238 4.34
60.862113 4.34
60.892238 4.34
60.903113 4.34
60.933238 4.34
60.944113 4.34
60.974238 4.34
60.985113 4.34
61.015239 4.34
61.026114 4.34
61.056239 4.34
61.067114 4.34
61.097239 4.34
61.108115 4.34
61.138240 4.34
61.149115 4.34
61.179240 4.34
61.190115 4.34
61.220365 4.34
61.236365 4.34
61.261490 4.34
61.272240 4.34
61.302741 4.34
61.318741 4.34
61.343881 4.34
61.354618 4.34
61.390367 4.34
61.406241 4.34
61.431492 4.34
61.442242 4.34
61.472742 4.34
61.488742 4.34
61.514135 4.34
61.524886 4.34
61.555243 4.34
61.566135 4.34
61.596243 4.34
61.607118 4.34
61.637243 4.34
61.648118 4.34
61.678243 4.34
61.689119 4.34
61.719243 4.34
61.731744 4.34
61.760244 4.34
61.771119 4.34
61.801244 4.34
61.813745 4.34
61.842245 4.34
61.854745 4.34
61.883245 4.34
61.894120 4.34
61.924245 4.34
61.936747 4.34
61.965245 4.34
61.977746 4.34
62.006245 4.34
62.017121 4.34
62.047246 4.34
62.059622 4.34
62.088246 4.34
62.100622 4.34
62.129246 4.34
62.141622 4.34
62.170247 4.34
62.182623 4.02
62.211247 4.34
62.223623 4.34
62.252247 4.34
62.264624 4.34
62.293248 4.02
62.305624 4.34
62.334248 4.34
62.346624 4.34
62.375248 4.34
62.387624 4.34
62.416248 4.34
62.428624 4.34
62.457249 4.34
62.469625 4.34
62.498249 4.34
62.514374 4.34
62.539249 4.34
62.555249 4.34
62.580250 4.34
62.596375 4.34
62.621250 4.34
62.637375 4.34
62.662251 4.34
62.678375 4.34
62.703251 4.34
62.719376 4.34
62.744251 4.34
62.760376 4.34
62.785251 4.34
62.797627 4.34
62.826377 4.34
62.837127 4.34
62.867659 4.34
62.883752 4.34
62.914377 4.34
62.925127 4.34
62.955658 4.34
62.971753 4.34
62.997019 4.34
63.007753 4.34
63.038253 4.34
63.054378 4.34
63.079253 4.34
63.095378 4.34
63.120378 4.34
63.131129 4.34
63.161630 4.34
63.177754 4.34
63.208379 4.34
63.219129 4.34
63.249631 4.34
63.265754 4.34
63.290911 4.34
63.301631 4.34
63.332130 4.34
63.342895 4.34
63.373130 4.34
63.383899 4.34
63.414256 4.34
63.430381 4.34
63.455381 4.34
63.466131 4.34
63.496662 4.34
63.512662 4.34
63.537911 4.34
63.548772 4.34
63.579132 4.34
63.589898 4.34
63.620258 4.34
63.636382 4.34
63.661382 4.34
63.672257 4.34
63.702633 4.34
63.718773 4.34
63.749383 4.34
63.760133 4.34
63.790634 4.34
63.806634 4.34
63.837384 4.34
63.848133 4.34
63.883778 4.34
63.894509 4.34
63.930384 4.34
63.941134 4.34
63.971635 4.34
63.987635 4.34
64.018385 4.34
64.029134 4.34
64.059636 4.34
64.075779 4.34
64.106386 4.34
64.117135 4.34
64.147636 4.34
64.163637 4.34
64.194386 4.34
64.205136 4.34
64.235637 4.34
64.251778 4.34
64.282387 4.34
64.293136 4.34
64.323638 4.34
64.339638 4.34
64.370387 4.34
64.381137 4.34
64.411638 4.34
64.427639 4.34
64.452915 4.34
64.463667 4.34
64.494138 4.34
64.504904 4.34
64.535139 4.34
64.546031 4.34
64.576139 4.34
64.588643 4.34
64.617139 4.34
64.627906 4.34
64.658140 4.34
64.668906 4.34
64.699265 4.34
64.715390 4.34
64.740390 4.34
64.751140 4.34
64.781515 4.34
64.792265 4.34
64.824645 4.34
64.835515 4.34
64.871391 4.34
64.882140 4.34
64.912516 4.34
64.924909 4.34
64.955521 4.34
64.966267 4.34
64.998521 4.34
65.009391 4.34
65.041521 4.34
65.052267 4.34
65.088160 4.34
65.100522 4.34
65.129392 4.34
65.140143 4.34
65.170644 4.34
65.186797 4.34
65.217162 4.34
65.229523 4.34
65.258394 4.34
65.269269 4.34
65.299645 4.34
65.315797 4.34
65.346394 4.34
65.357269 4.34
65.387646 4.34
65.398519 4.34
65.434270 4.34
65.445163 4.34
65.475395 4.34
65.486270 4.34
65.516646 4.34
65.527520 4.34
65.563396 4.34
65.574146 4.34
65.604648 4.34
65.615521 4.34
65.651164 4.34
65.667163 4.34
65.692397 4.34
65.703147 4.34
65.733648 4.34
65.744522 4.34
65.780163 4.34
65.796162 4.34
65.821397 4.34
65.832148 4.34
65.862649 4.34
65.873523 4.34
65.909398 4.34
65.920274 4.34
65.950650 4.34
65.961523 4.34
65.997274 4.34
66.008166 4.34
66.038399 4.34
66.049149 4.34
66.079681 4.34
66.090524 4.34
66.121167 4.34
66.137167 4.34
66.162400 4.34
66.173150 4.34
66.203651 4.34
66.214525 4.34
66.250167 4.34
66.266169 4.34
66.291401 4.34
66.302151 4.34
66.332652 4.34
66.343526 4.34
66.379167 4.34
66.395168 4.34
66.420402 4.34
66.431277 4.34
66.461653 4.34
66.472527 4.34
66.502807 4.34
66.513653 4.34
66.544277 4.34
66.555169 4.34
66.585403 4.34
66.596153 4.34
66.626654 4.34
66.637528 4.34
66.673171 4.34
66.689171 4.34
66.714154 4.34
66.730169 4.34
66.755279 4.34
66.766154 4.34
66.796404 4.34
66.807279 4.34
66.837530 4.34
66.853530 4.34
66.884170 4.34
66.900173 4.34
66.925405 4.34
66.936280 4.34
66.966657 4.34
66.977531 4.34
67.007798 4.34
67.018531 4.34
67.049281 4.34
67.060156 4.34
67.090406 4.34
67.101157 4.34
67.131531 4.34
67.147531 4.34
67.178174 4.34
67.194175 4.34
67.219407 4.34
67.230282 4.34
67.260659 4.34
67.271533 4.34
67.307174 4.34
67.323174 4.34
67.348408 4.34
67.359284 4.34
67.389660 4.34
67.400533 4.34
67.436176 4.34
67.452176 4.34
67.477409 4.34
67.503661 4.34
67.514534 4.34
67.545177 4.34
67.561178 4.34
67.586410 4.34
67.598928 4.34
67.627661 4.34
67.638535 4.34
67.674178 4.34
67.690177 4.34
67.715411 4.34
67.727929 4.34
67.756661 4.34
67.767536 4.34
67.799415 4.34
67.810287 4.34
67.840662 4.34
67.851536 4.34
67.887179 4.34
67.903180 4.34
67.928412 4.34
67.940805 4.34
67.978055 4.34
67.990416 4.34
68.019163 4.34
68.035178 4.34
68.060288 4.34
68.071163 4.34
68.101414 4.34
68.113806 4.34
68.142665 4.34
68.153539 4.34
68.183941 4.34
68.196418 4.34
68.225164 4.34
68.235933 4.34
68.266290 4.34
68.277165 4.34
68.307415 4.34
68.319808 4.34
68.348666 4.34
68.359540 4.34
68.389945 4.34
68.406058 4.34
68.431166 4.34
68.441932 4.34
68.472291 4.34
68.483166 4.34
68.513417 4.34
68.529416 4.34
68.554668 4.34
68.565542 4.34
68.595944 4.34
68.611934 4.34
68.637167 4.34
68.647935 4.34
68.678293 4.34
68.689168 4.34
68.719418 4.34
68.735418 4.34
68.763670 4.34
68.774543 4.34
68.805185 4.34
68.815936 4.34
68.846419 4.34
68.862294 4.34
68.887671 4.34
68.898544 4.34
68.928947 4.34
68.939671 4.34
68.970295 4.34
68.981170 4.34
69.011420 4.34
69.027420 4.34
69.052671 4.34
69.063545 4.34
69.099063 4.34
69.115063 4.34
69.140171 4.34
69.150936 4.34
69.181296 4.34
69.192171 4.34
69.222421 4.34
69.238422 4.34
69.263673 4.34
69.274547 4.34
69.304951 4.34
69.315673 4.34
69.346172 4.34
69.356938 4.34
69.387298 4.34
69.398173 4.34
69.428423 4.34
69.444423 4.34
69.469548 4.34
69.480298 4.34
69.516191 4.34
69.526942 4.34
69.557299 4.34
69.568174 4.34
69.598424 4.34
69.614424 4.34
69.639676 4.34
69.650549 4.34
69.680953 4.34
69.696941 4.34
69.722300 4.34
69.733175 4.34
69.763425 4.34
69.779300 4.34
69.804676 4.34
69.815550 4.34
69.845956 4.34
69.856677 4.34
69.887176 4.34
69.897941 4.34
69.928301 4.34
69.939176 4.34
69.969426 4.34
69.985427 4.34
70.010678 4.34
70.021552 4.34
70.057070 4.34
70.073068 4.34
70.098178 4.34
70.108945 4.34
70.139303 4.34
70.150178 4.34
70.180428 4.34
70.196428 4.34
70.223438 4.34
70.234303 4.34
70.264681 4.34
70.275554 4.34
70.305958 4.34
70.322069 4.34
70.347304 4.34
70.358072 4.34
70.388430 4.34
70.404430 4.34
70.431440 4.34
70.442305 4.34
70.474431 4.34
70.485305 4.34
70.517431 4.34
70.528306 4.34
70.560306 4.34
70.571071 4.34
70.601431 4.34
70.617431 4.34
70.644307 4.34
70.655071 4.34
70.685432 4.34
70.701432 4.34
70.728325 4.34
70.739074 4.34
70.769432 4.34
70.785432 4.34
70.812308 4.34
70.823073 4.34
70.853433 4.34
70.869433 4.34
70.899838 4.34
70.912310 4.34
70.941184 4.34
70.951950 4.34
70.982309 4.34
70.998309 4.34
71.023434 4.34
71.034184 4.34
71.064559 4.34
71.075309 4.34
71.105952 4.34
71.118311 4.34
71.147310 4.02
71.159685 4.34
71.188435 4.34
71.199310 4.34
71.234838 4.34
71.245560 4.34
71.276078 4.34
71.286826 4.34
71.317311 4.34
71.333311 4.34
71.358436 4.34
71.369187 4.34
71.404954 4.34
71.421077 4.34
71.446187 4.34
71.456955 4.34
71.487312 4.34
71.503188 4.34
71.528437 4.34
71.539188 4.34
71.575078 4.34
71.585831 4.34
71.616081 4.34
71.626832 4.34
71.657189 4.34
71.667957 4.34
71.698314 4.34
71.714189 4.34
71.739439 4.34
71.750315 4.34
71.786082 4.34
71.796843 4.34
71.827190 4.34
71.837958 4.34
71.868315 4.34
71.884190 4.34
71.909440 4.34
71.920316 4.34
71.956081 4.34
71.966847 4.34
71.997191 4.34
72.007956 4.34
72.038191 4.34
72.048958 4.34
72.079192 4.34
72.089959 4.34
72.120192 4.34
72.130958 4.34
72.161192 4.34
72.171959 4.34
72.202192 4.34
72.212961 4.34
72.243192 4.34
72.253961 4.34
72.284193 4.34
72.294958 4.34
72.325193 4.34
72.336086 4.34
72.366194 4.34
72.377087 4.34
72.407319 4.34
72.423319 4.34
72.448444 4.34
72.459319 4.34
72.495085 4.34
72.505849 4.34
72.536320 4.34
72.552213 4.34
72.577445 4.34
72.588195 4.34
72.623850 4.34
72.634574 4.34
72.665196 4.34
72.676088 4.34
72.706321 4.34
72.722321 4.34
72.747446 4.34
72.758321 4.34
72.794087 4.34
72.804849 4.34
72.835197 4.34
72.846089 4.34
72.876322 4.34
72.892322 4.34
72.917447 4.34
72.928322 4.34
72.964091 4.34
72.974853 4.34
73.005324 4.34
73.021198 4.34
73.046448 4.34
73.057324 4.34
73.087853 4.34
73.103852 4.34
73.129199 4.34
73.140092 4.34
73.170324 4.34
73.186324 4.34
73.211449 4.34
73.222324 4.34
73.252853 4.34
73.268854 4.34
73.294092 4.34
73.304854 4.34
73.335326 4.34
73.351326 4.34
73.376451 4.34
73.387200 4.34
73.417855 4.34
73.433852 4.34
73.459201 4.34
73.471581 4.34
73.500202 4.34
73.512580 4.34
73.541327 4.34
73.557202 4.34
73.582452 4.34
73.593327 4.34
73.623856 4.34
73.639854 4.34
73.665093 4.34
73.675855 4.34
73.706328 4.34
73.722203 4.34
73.747453 4.34
73.758203 4.34
73.793734 4.34
73.804453 4.34
73.835204 4.34
73.851204 4.34
73.876329 4.34
73.892329 4.34
73.917455 4.34
73.928204 4.34
73.963858 4.34
73.979859 4.34
74.005205 4.34
74.021205 4.34
74.046331 4.34
74.062331 4.34
74.087456 4.34
74.098331 4.34
74.133860 4.34
74.149859 4.34
74.175206 4.34
74.191097 4.34
74.216207 4.34
74.232099 4.34
74.257332 4.34
74.273207 4.34
74.298457 4.34
74.309207 4.34
74.344861 4.34
74.360861 4.34
74.386208 4.34
74.402208 4.34
74.427333 4.34
74.443208 4.34
74.468458 4.34
74.479208 4.34
74.509862 4.34
74.525862 4.34
74.551210 4.34
74.567102 4.34
74.592334 4.34
74.608210 4.34
74.633460 4.34
74.644210 4.34
74.679866 4.34
74.695865 4.34
74.721101 4.34
74.731852 4.34
74.762211 4.34
74.778211 4.34
74.803211 4.34
74.819086 4.34
74.844336 4.34
74.860336 4.34
74.885461 4.34
74.896336 4.34
74.931867 4.34
74.947867 4.34
74.973102 4.34
74.983855 4.34
75.014337 4.34
75.030337 4.34
75.055462 4.34
75.066213 4.34
75.101865 4.34
75.117865 4.34
75.143213 4.34
75.159213 4.34
75.184214 4.34
75.200104 4.34
75.225213 4.34
75.241089 4.34
75.266339 4.34
75.282214 4.34
75.307464 4.34
75.318214 4.34
75.353857 4.34
75.369858 4.34
75.395215 4.34
75.411215 4.34
75.436340 4.34
75.447215 4.34
75.477465 4.34
75.488215 4.34
75.518871 4.34
75.534858 4.34
75.560216 4.34
75.576216 4.34
75.601216 4.34
75.617091 4.34
75.642217 4.34
75.658217 4.34
75.683216 4.34
75.699092 4.34
75.724217 4.34
75.740217 4.34
75.765217 4.34
75.781218 4.34
75.806218 4.34
75.822093 4.34
75.847218 4.34
75.863218 4.34
75.888343 4.34
75.899218 4.34
75.931220 4.34
75.942109 4.34
75.972219 4.34
75.988219 4.34
76.013219 4.34
76.029094 4.34
76.054219 4.34
76.070220 4.34
76.095345 4.34
76.106220 4.34
76.141750 4.34
76.157750 4.34
76.183113 4.34
76.195596 4.34
76.224221 4.34
76.240221 4.34
76.265221 4.34
76.281221 4.34
76.306221 4.34
76.322222 4.34
76.347221 4.34
76.363222 4.34
76.388222 4.34
76.399097 4.34
76.429222 4.34
76.440097 4.34
76.470223 4.34
76.481098 4.34
76.511222 4.34
76.522098 4.34
76.552348 4.34
76.563223 4.34
76.598603 4.34
76.614751 4.34
76.640115 4.34
76.652474 4.34
76.681349 4.34
76.692099 4.34
76.727601 4.34
76.743601 4.34
76.769117 4.34
76.785114 4.34
76.810225 4.34
76.821100 4.34
76.851350 4.34
76.862225 4.34
76.897602 4.34
76.913605 4.34
76.938880 4.34
76.949754 4.34
76.980226 4.34
76.996226 4.34
77.021226 4.34
77.032101 4.34
77.062226 4.34
77.073102 4.34
77.103227 4.34
77.114102 4.34
77.144227 4.34
77.155102 4.34
77.185227 4.34
77.196102 4.34
77.226228 4.34
77.237103 4.34
77.272604 4.34
77.288605 4.34
77.314118 4.34
77.330119 4.34
77.355229 4.34
77.366119 4.34
77.396229 4.34
77.407104 4.34
77.437229 4.34
77.448104 4.34
77.478229 4.34
77.489119 4.34
77.519230 4.34
77.530105 4.34
77.560355 4.34
77.571230 4.34
77.606609 4.34
77.622759 4.34
77.648124 4.34
77.664120 4.34
77.689106 4.34
77.705123 4.34
77.730106 4.34
77.746122 4.34
77.771107 4.34
77.787231 4.34
77.812107 4.34
77.828122 4.34
77.853232 4.34
77.869232 4.34
77.894233 4.34
77.905108 4.34
77.935233 4.34
77.946108 4.34
77.976232 4.34
77.987108 4.34
78.017233 4.34
78.028108 4.34
78.058233 4.34
78.069108 4.34
78.099234 4.34
78.110109 4.34
78.140234 4.34
78.151109 4.34
78.181235 4.34
78.192110 4.34
78.222360 4.34
78.233235 4.34
78.268611 4.34
78.284611 4.34
78.310128 4.34
78.326236 4.34
78.351111 4.34
78.367111 4.34
78.392111 4.34
78.408111 4.34
78.433111 4.34
78.449129 4.34
78.474111 4.34
78.490112 4.34
78.515112 4.34
78.531112 4.34
78.556129 4.34
78.572128 4.34
78.597112 4.34
78.613112 4.34
78.638113 4.34
78.654112 4.34
78.679113 4.34
78.695113 4.34
78.720113 4.34
78.736129 4.34
78.761114 4.34
78.777114 4.34
78.802114 4.34
78.818114 4.34
78.843129 4.34
78.859132 4.34
78.884115 4.34
78.900240 4.34
78.925115 4.34
78.941115 4.34
78.966115 4.34
78.982115 4.02
79.007115 4.02
79.023130 4.34
79.048116 4.34
79.064116 4.34
79.089116 4.34
79.105116 4.34
79.130116 4.34
79.146132 4.34
79.171117 4.34
79.187242 4.34
79.212116 4.02
79.228117 4.34
79.253117 4.34
79.269117 4.34
79.294117 4.34
79.310117 4.34
79.335118 4.34
79.351118 4.34
79.376118 4.34
79.392118 4.34
79.417118 4.34
79.433136 4.34
79.458118 4.34
79.474244 4.34
79.499134 4.34
79.515119 4.34
79.540244 4.34
79.551119 4.34
79.581244 4.34
79.592119 4.34
79.622245 4.34
79.633120 4.34
79.663245 4.34
79.674120 4.34
79.704245 4.34
79.715120 4.34
79.745245 4.34
79.756120 4.34
79.786246 4.34
79.797120 4.34
79.827246 4.34
79.838121 4.34
79.868246 4.34
79.879121 4.34
79.909247 4.34
79.920122 4.34
79.950247 4.34
79.961122 4.34
79.991247 4.34
80.002122 4.34
80.037498 4.34
80.048247 4.34
80.078748 4.34
80.089498 4.34
80.119888 4.34
80.130625 4.34
80.161123 4.34
80.171890 4.34
80.202123 4.34
80.212889 4.34
80.243124 4.34
80.253889 4.34
80.284124 4.34
80.294892 4.34
80.325124 4.34
80.335892 4.34
80.366125 4.34
80.376892 4.34
80.407125 4.34
80.417892 4.34
80.448125 4.34
80.458893 4.34
80.489126 4.34
80.500017 4.34
80.530126 4.34
80.540892 4.34
80.571126 4.34
80.581893 4.34
80.612126 4.34
80.622893 4.34
80.653127 4.34
80.663892 4.34
80.694127 4.34
80.704892 4.34
80.735127 4.34
80.745896 4.34
80.776128 4.34
80.786895 4.34
80.817128 4.34
80.827893 4.34
80.858128 4.34
80.868894 4.34
80.899254 4.34
80.910129 4.34
80.945504 4.34
80.956254 4.34
80.986906 4.34
80.999504 4.34
81.028254 4.34
81.039129 4.34
81.074504 4.34
81.085380 4.34
81.115908 4.34
81.128380 4.34
81.157255 4.34
81.168130 4.34
81.203506 4.34
81.216007 4.34
81.244909 4.34
81.257381 4.34
81.286256 4.34
81.297131 4.34
81.332507 4.34
81.343259 4.34
81.374025 4.34
81.390025 4.34
81.420634 4.34
81.436634 4.34
81.462150 4.34
81.478148 4.34
81.503133 4.34
81.513899 4.34
81.544258 4.34
81.555148 4.34
81.590508 4.34
81.606508 4.34
81.632027 4.34
81.648152 4.34
81.673151 4.34
81.684027 4.34
81.719509 4.34
81.735509 4.34
81.761028 4.34
81.777026 4.34
81.802150 4.34
81.813025 4.34
81.843135 4.34
81.854027 4.34
81.884136 4.34
81.895027 4.34
81.925136 4.34
81.936026 4.02
81.966261 4.34
81.977136 4.02
82.012511 4.34
82.024887 4.34
82.053913 4.34
82.069916 4.34
82.095137 4.34
82.105905 4.34
82.136262 4.34
82.147137 4.02
82.182512 4.34
82.198388 4.34
82.223917 4.34
82.239793 4.34
82.265263 4.34
82.276138 4.34
82.311513 4.34
82.327389 4.02
82.352915 4.34
82.368917 4.34
82.394264 4.34
82.405155 4.34
82.440515 4.34
82.456389 4.34
82.481919 4.34
82.497907 4.34
82.523140 4.34
82.533907 4.34
82.564158 4.34
82.574909 4.34
82.605140 4.34
82.615908 4.02
82.646141 4.34
82.656907 4.34
82.687266 4.34
82.698141 4.34
82.733516 4.34
82.749392 4.34
82.774922 4.34
82.790921 4.34
82.816142 4.34
82.827034 4.34
82.857267 4.34
82.868142 4.34
82.903517 4.34
82.919517 4.34
82.944795 4.34
82.955517 4.34
82.986158 4.34
82.996910 4.34
83.032519 4.34
83.048393 4.34
83.073923 4.34
83.090161 4.34
83.115269 4.34
83.126144 4.34
83.161520 4.34
83.177394 4.34
83.202922 4.34
83.219270 4.34
83.244270 4.34
83.255145 4.34
83.290520 4.34
83.306396 4.34
83.331925 4.34
83.348163 4.34
83.373271 4.34
83.384146 4.34
83.414521 4.34
83.430521 4.34
83.455926 4.34
83.471798 4.34
83.497272 4.34
83.508164 4.34
83.543522 4.34
83.559522 4.34
83.584925 4.34
83.600926 4.34
83.626148 4.34
83.636914 4.34
83.667273 4.34
83.678148 4.34
83.713523 4.34
83.729523 4.34
83.754926 4.34
83.770789 4.34
83.796274 4.34
83.807149 4.34
83.842524 4.34
83.858399 4.34
83.883928 4.34
83.900166 4.34
83.926900 4.34
83.937792 4.34
83.968169 4.34
83.978917 4.34
84.014525 4.34
84.030525 4.34
84.055930 4.34
84.071793 4.34
84.098901 4.34
84.109652 4.34
84.140169 4.34
84.150919 4.34
84.182902 4.34
84.193652 4.34
84.225902 4.34
84.236653 4.34
84.268903 4.34
84.279806 4.34
84.310170 4.34
84.320918 4.34
84.351403 4.34
84.363904 4.34
84.392668 4.34
84.403528 4.34
84.433807 4.34
84.446279 4.34
84.474932 4.34
84.490932 4.34
84.521404 4.34
84.533905 4.34
84.562682 4.34
84.573529 4.34
84.604047 4.34
84.614795 4.34
84.650530 4.34
84.661405 4.34
84.692045 4.34
84.702799 4.34
84.738530 4.34
84.749405 4.34
84.780046 4.34
84.791049 4.34
84.826532 4.34
84.837406 4.34
84.868049 4.34
84.879800 4.34
84.914532 4.34
84.930406 4.34
84.955937 4.34
84.971934 4.34
85.002532 4.34
85.018532 4.34
85.043937 4.34
85.059811 4.34
85.090533 4.34
85.106408 4.34
85.131938 4.34
85.147810 4.34
85.178533 4.34
85.194534 4.34
85.219936 4.34
85.230660 4.34
85.266409 4.34
85.282534 4.34
85.307661 4.34
85.318535 4.34
85.348939 4.34
85.359814 4.34
85.395535 4.34
85.406410 4.34
85.436816 4.34
85.452679 4.34
85.483536 4.34
85.494411 4.34
85.524940 4.34
85.535813 4.34
85.571411 4.34
85.587411 4.34
85.612663 4.34
85.623537 4.34
85.654178 4.34
85.664928 4.34
85.695412 4.34
85.711413 4.34
85.736664 4.34
85.747537 4.34
85.777941 4.34
85.788816 4.34
85.824538 4.34
85.835288 4.34
85.865940 4.34
85.876665 4.34
85.912413 4.34
85.928539 4.34
85.953665 4.34
85.964539 4.34
85.995056 4.34
86.005806 4.34
86.036180 4.34
86.047056 4.34
86.082540 4.34
86.093540 4.34
86.123945 4.34
86.134818 4.34
86.170416 4.34
86.186415 4.34
86.214820 4.34
86.230944 4.34
86.256181 4.34
86.266931 4.34
86.297416 4.34
86.313417 4.34
86.338667 4.34
86.349542 4.34
86.379945 4.34
86.390668 4.34
86.426542 4.34
86.437417 4.34
86.467947 4.34
86.484061 4.34
86.514543 4.34
86.525293 4.34
86.555948 4.34
86.566823 4.34
86.602294 4.34
86.613184 4.34
86.643419 4.34
86.659419 4.34
86.684670 4.34
86.695544 4.34
86.725948 4.34
86.736700 4.34
86.772420 4.34
86.788420 4.34
86.816825 4.34
86.832949 4.34
86.858186 4.34
86.868938 4.34
86.899421 4.34
86.915296 4.02
86.940672 4.34
86.951546 4.34
86.981951 4.34
86.992825 4.34
87.028546 4.34
87.052950 4.34
87.063825 4.34
87.099297 4.34
87.110172 4.34
87.140422 4.34
87.156422 4.34
87.181674 4.34
87.192548 4.34
87.222952 4.34
87.233828 4.34
87.269548 4.34
87.280298 4.34
87.310953 4.34
87.321826 4.34
87.357299 4.34
87.369800 4.34
87.398424 4.34
87.414424 4.34
87.439705 4.34
87.452300 4.34
87.480954 4.34
87.491705 4.34
87.527550 4.34
87.538425 4.34
87.569068 4.34
87.580069 4.34
87.615300 4.34
87.627705 4.34
87.656425 4.34
87.672426 4.34
87.697552 4.34
87.708426 4.34
87.739068 4.34
87.750069 4.34
87.785552 4.34
87.796302 4.34
87.826956 4.34
87.837831 4.34
87.873428 4.34
87.889428 4.34
87.914552 4.34
87.925303 4.34
87.955955 4.34
87.966679 4.34
87.997303 4.34
88.009680 4.34
88.038429 4.34
88.049304 4.34
88.079680 4.34
88.095833 4.34
88.126429 4.34
88.137304 4.34
88.167709 4.34
88.183834 4.34
88.214430 4.34
88.225305 4.34
88.255681 4.34
88.271680 4.34
88.296959 4.34
88.307832 4.34
88.338306 4.34
88.350683 4.34
88.379431 4.34
88.390181 4.34
88.420682 4.34
88.436556 4.34
88.461960 4.34
88.472682 4.34
88.503182 4.34
88.514075 4.34
88.544307 4.34
88.560307 4.34
88.585432 4.34
88.596307 4.34
88.626683 4.34
88.642683 4.34
88.667950 4.34
88.678683 4.34
88.709308 4.34
88.725308 4.34
88.750433 4.34
88.761183 4.34
88.791685 4.34
88.807684 4.34
88.832951 4.34
88.843685 4.34
88.874310 4.34
88.890310 4.34
88.915435 4.34
88.926185 4.34
88.956684 4.34
88.972685 4.34
88.997951 4.34
89.008840 4.34
89.044311 4.34
89.060311 4.34
89.085436 4.34
89.096186 4.34
89.126841 4.34
89.137687 4.34
89.173311 4.34
89.189312 4.34
89.214437 4.34
89.225187 4.34
89.255841 4.34
89.266688 4.34
89.302312 4.34
89.318312 4.34
89.343438 4.34
89.354313 4.34
89.384841 4.34
89.395688 4.34
89.431314 4.34
89.447314 4.34
89.472439 4.34
89.483314 4.34
89.513843 4.34
89.524689 4.34
89.560315 4.34
89.576315 4.34
89.601439 4.34
89.612190 4.34
89.642842 4.34
89.653571 4.34
89.689315 4.34
89.705315 4.34
89.730440 4.34
89.741191 4.34
89.771845 4.34
89.782691 4.34
89.818316 4.34
89.834316 4.34
89.859442 4.34
89.870317 4.34
89.900844 4.34
89.911574 4.34
89.947442 4.34
89.958317 4.34
89.988847 4.34
89.999721 4.34
90.035443 4.34
90.046318 4.34
90.076845 4.34
90.087723 4.34
90.123443 4.34
90.134193 4.34
90.164848 4.34
90.175723 4.34
90.211444 4.34
90.222194 4.34
90.252573 4.34
90.265194 4.34
90.295696 4.34
90.306573 4.34
90.338697 4.34
90.349573 4.02
90.381697 4.34
90.392574 4.34
90.424724 4.34
90.435574 4.34
90.467591 4.34
90.478446 4.34
90.508847 4.34
90.519574 4.34
90.555446 4.34
90.566197 4.34
90.596725 4.34
90.612850 4.34
90.643447 4.34
90.654197 4.34
90.684851 4.34
90.695575 4.34
90.731447 4.34
90.742198 4.34
90.772852 4.34
90.783727 4.34
90.819448 4.34
90.830323 4.34
90.860850 4.34
90.871580 4.34
90.902199 4.34
90.914604 4.34
90.943324 4.34
90.954199 4.34
90.984449 4.34
90.995325 4.34
91.025854 4.34
91.036726 4.34
91.067200 4.34
91.083325 4.34
91.108325 4.34
91.119200 4.34
91.149450 4.34
91.160326 4.34
91.190854 4.34
91.201729 4.34
91.232201 4.34
91.248327 4.34
91.273326 4.34
91.284094 4.34
91.314452 4.34
91.325326 4.34
91.355856 4.34
91.366730 4.34
91.397203 4.34
91.413327 4.34
91.438203 4.34
91.454328 4.34
91.479328 4.34
91.490094 4.34
91.520453 4.34
91.531328 4.34
91.561858 4.34
91.572733 4.34
91.603096 4.34
91.613859 4.34
91.644204 4.34
91.660329 4.34
91.685330 4.34
91.696204 4.34
91.726454 4.34
91.737205 4.34
91.767857 4.34
91.778584 4.02
91.809205 4.34
91.825330 4.34
91.850331 4.34
91.861206 4.02
91.891456 4.34
91.902331 4.02
91.932860 4.02
91.943736 4.02
91.974206 4.34
91.990332 4.02
92.015332 4.34
92.026100 4.34
92.056457 4.34
92.067207 4.34
92.097735 4.34
92.108583 4.34
92.144333 4.34
92.155208 4.34
92.185458 4.34
92.196333 4.34
92.226863 4.34
92.237737 4.34
92.268208 4.34
92.284334 4.34
92.309208 4.34
92.325334 4.34
92.350334 4.02
92.361209 4.34
92.391459 4.34
92.402209 4.34
92.432863 4.34
92.443737 4.34
92.474101 4.34
92.484850 4.34
92.515226 4.34
92.531335 4.34
92.556460 4.34
92.567211 4.34
92.599591 4.34
92.610461 4.34
92.640866 4.34
92.651740 4.34
92.682103 4.02
92.692855 4.34
92.723337 4.34
92.734086 4.34
92.764462 4.34
92.775211 4.34
92.807592 4.34
92.818462 4.34
92.854337 4.34
92.865212 4.34
92.895463 4.34
92.906338 4.34
92.938593 4.34
92.949463 4.34
92.985339 4.34
92.996214 4.34
93.026464 4.34
93.037339 4.34
93.067743 4.34
93.078591 4.34
93.109214 4.34
93.125339 4.34
93.150215 4.34
93.166340 4.34
93.191215 4.34
93.207340 4.34
93.232340 4.34
93.243215 4.02
93.273465 4.34
93.289466 4.34
93.314743 4.34
93.325466 4.34
93.361341 4.34
93.372216 4.34
93.402466 4.34
93.414984 4.34
93.445471 4.34
93.456342 4.34
93.488497 4.34
93.499342 4.34
93.535109 4.34
93.547471 4.34
93.576217 4.34
93.592343 4.34
93.617343 4.34
93.628093 4.02
93.658594 4.34
93.674594 4.34
93.705344 4.34
93.716094 4.34
93.746469 4.34
93.758872 4.34
93.787748 4.34
93.798595 4.34
93.829219 4.34
93.840111 4.34
93.870220 4.34
93.881095 4.34
93.911220 4.34
93.922095 4.34
93.952345 4.34
93.963095 4.34
93.993470 4.34
94.005861 4.34
94.034751 4.34
94.045471 4.34
94.076113 4.34
94.092112 4.02
94.117346 4.34
94.128221 4.34
94.158472 4.34
94.174472 4.34
94.199752 4.34
94.210472 4.34
94.241113 4.34
94.257114 4.34
94.282222 4.02
94.293115 4.34
94.323222 4.34
94.334115 4.34
94.364223 4.34
94.375098 4.34
94.405223 4.34
94.416099 4.34
94.446224 4.34
94.457099 4.02
94.487224 4.34
94.498099 4.34
94.528224 4.34
94.539099 4.02
94.569224 4.34
94.580100 4.34
94.610350 4.34
94.621225 4.34
94.651475 4.34
94.667475 4.34
94.692601 4.34
94.703475 4.34
94.733755 4.34
94.744476 4.34
94.775116 4.02
94.791116 4.02
94.816226 4.34
94.827119 4.34
94.857227 4.34
94.868119 4.34
94.898227 4.34
94.909102 4.34
94.939227 4.34
94.950102 4.34
94.980227 4.34
94.991103 4.02
95.021228 4.34
95.032103 4.02
95.062228 4.02
95.073103 4.34
95.103229 4.34
95.114103 4.34
95.144228 4.02
95.155103 4.34
95.185229 4.02
95.196104 4.34
95.226229 4.02
95.237104 4.34
95.267230 4.34
95.278105 4.34
95.308230 4.34
95.319105 4.34
95.349230 4.34
95.360105 4.34
95.390230 4.34
95.401105 4.34
95.431231 4.34
95.442123 4.34
95.472231 4.34
95.483106 4.34
95.513356 4.34
95.524231 4.34
95.554482 4.34
95.570482 4.34
95.595761 4.34
95.606608 4.34
95.637232 4.34
95.648124 4.34
95.678232 4.34
95.689107 4.02
95.719358 4.34
95.730233 4.34
95.760610 4.34
95.771483 4.34
95.802126 4.34
95.818123 4.34
95.843358 4.34
95.854233 4.34
95.884484 4.34
95.900483 4.34
95.925764 4.34
95.936611 4.34
95.967109 4.34
95.983127 4.34
96.008235 4.34
96.019110 4.34
96.049235 4.34
96.060110 4.34
96.090235 4.34
96.101110 4.34
96.131236 4.34
96.142111 4.34
96.172236 4.34
96.183111 4.34
96.213361 4.34
96.225766 4.34
96.254613 4.34
96.265486 4.34
96.296129 4.34
96.312129 4.34
96.337237 4.34
96.348112 4.34
96.378363 4.34
96.390764 4.34
96.419488 4.34
96.435488 4.34
96.465890 4.34
96.476614 4.34
96.507131 4.34
96.523131 4.34
96.548238 4.34
96.559113 4.34
96.589239 4.34
96.600114 4.34
96.630239 4.34
96.641114 4.34
96.671239 4.34
96.682115 4.34
96.712239 4.34
96.723115 4.34
96.753239 4.34
96.764115 4.34
96.794240 4.34
96.805115 4.34
96.835240 4.34
96.846116 4.34
96.876241 4.34
96.887116 4.34
96.917241 4.34
96.928116 4.34
96.958242 4.34
96.969116 4.34
96.999241 4.34
97.010117 4.34
97.040242 4.34
97.051117 4.34
97.081242 4.34
97.092117 4.34
97.122242 4.34
97.133118 4.34
97.163243 4.34
97.174118 4.34
97.204243 4.34
97.215119 4.02
97.245243 4.34
97.256118 4.34
97.286243 4.34
97.297118 4.34
97.327244 4.34
97.338119 4.34
97.368244 4.34
97.379119 4.34
97.409245 4.34
97.420120 4.34
97.450245 4.34
97.461120 4.34
97.491245 4.34
97.502138 4.34
97.532245 4.02
97.543120 4.34
97.573246 4.34
97.584121 4.34
97.614246 4.34
97.625121 4.34
97.655246 4.34
97.666121 4.34
97.696247 4.34
97.707122 4.34
97.737247 4.34
97.748015 4.34
97.778247 4.34
97.789122 4.34
97.819247 4.34
97.830122 4.34
97.860247 4.34
97.871123 4.34
97.901248 4.34
97.912124 4.34
97.942248 4.34
97.953123 4.34
97.983248 4.34
97.994124 4.34
98.024248 4.34
98.035124 4.34
98.065249 4.34
98.076124 4.34
98.106374 4.34
98.122249 4.34
98.147626 4.34
98.158500 4.34
98.189143 4.34
98.199891 4.34
98.230125 4.34
98.240893 4.34
98.271126 4.34
98.281894 4.34
98.312126 4.34
98.322891 4.34
98.353126 4.34
98.363894 4.34
98.394127 4.34
98.404894 4.34
98.435127 4.34
98.445894 4.34
98.476127 4.34
98.486894 4.34
98.517127 4.34
98.527893 4.34
98.558127 4.34
98.568895 4.34
98.599128 4.34
98.609896 4.34
98.640128 4.34
98.650896 4.34
98.681129 4.34
98.691895 4.34
98.722254 4.34
98.733129 4.34
98.763379 4.34
98.779254 4.34
98.812897 4.34
98.825384 4.34
98.854255 4.34
98.866755 4.34
98.895380 4.34
98.911380 4.02
98.938390 4.02
98.949130 4.34
98.981265 4.34
98.992149 4.34
99.024266 4.34
99.035152 4.34
99.065381 4.34
99.081256 4.34
99.108266 4.34
99.119149 4.34
99.149382 4.34
99.165256 4.34
99.192266 4.34
99.203150 4.34
99.233383 4.34
99.249257 4.34
99.276267 4.34
99.287147 4.34
99.317383 4.34
99.333258 4.34
99.363776 4.34
99.376268 4.34
99.405259 4.34
99.421134 4.34
99.446384 4.34
99.457134 4.34
99.492789 4.34
99.508776 4.34
99.534152 4.34
99.544902 4.34
99.575385 4.34
99.586134 4.34
99.621902 4.34
99.637778 4.34
99.663136 4.34
99.673903 4.34
99.704261 4.34
99.716666 4.34
99.745386 4.34
99.756135 4.34
99.786386 4.34
99.797136 4.34
99.832777 4.34
99.843512 4.02
99.874155 4.34
99.884905 4.34
99.915387 4.34
99.926262 4.34
99.961779 4.02
99.977778 4.34
100.003155 4.34
100.013905 4.34
100.044388 4.34
100.055138 4.34
100.090781 4.34
100.106778 4.34
100.132157 4.34
100.142904 4.02
100.173389 4.34
100.184264 4.34
100.219791 4.02
100.230514 4.34
100.261402 4.02
100.277651 4.02
100.303042 4.02
100.314041 4.34
100.344520 4.02
100.355395 4.34
100.386038 4.02
100.397037 4.34
100.427517 4.34
100.438393 4.34
100.468922 4.34
100.485032 4.02
100.510266 4.02
100.526266 4.34
100.551391 4.02
100.562282 4.02
100.593049 4.02
100.604104 4.34
100.636293 4.34
100.647274 4.34
100.683163 4.34
100.693914 4.02
100.724520 4.02
100.735395 4.34
100.765950 4.34
100.776785 4.34
100.807269 4.34
100.823268 4.34
100.848394 4.34
100.859144 4.02
100.894796 4.02
100.905519 4.02
100.936164 4.34
100.948646 4.34
100.977145 4.34
100.987909 4.34
101.018270 4.34
101.034145 4.34
101.059395 4.34
101.070270 4.34
101.100521 4.02
101.111271 4.34
101.141924 4.34
101.158036 4.02
101.183271 4.02
101.199146 4.34
101.224396 4.02
101.235271 4.34
101.270799 4.34
101.286788 4.02
101.312164 4.02
101.322915 4.34
101.353397 4.34
101.364148 4.34
101.396291 4.34
101.407164 4.34
101.442801 4.34
101.458788 4.34
101.484148 4.34
101.496649 4.34
101.525149 4.34
101.535913 4.34
101.566536 4.34
