0.000000 0.000000
0.041832 4.34
0.058085 4.34
0.088471 4.34
0.104742 2.66
0.130084 2.66
0.142904 2.66
0.171863 2.66
0.188080 2.66
0.213496 2.66
0.224489 2.66
0.255075 2.66
0.265962 2.66
0.296604 2.34
0.307478 2.66
0.337963 2.66
0.353960 2.66
0.379071 2.66
0.389945 2.66
0.425320 2.66
0.441320 2.66
0.466837 2.66
0.482836 2.66
0.507946 2.66
0.518837 2.66
0.548946 2.66
0.559838 2.66
0.589947 2.66
0.600837 2.66
0.630946 2.66
0.641836 2.66
0.671947 2.66
0.682838 2.66
0.712947 2.66
0.723839 2.66
0.754099 2.66
0.765098 2.66
0.795641 2.34
0.806613 2.66
0.842463 2.66
0.853465 2.66
0.884090 2.66
0.895087 2.66
0.925657 2.66
0.936633 2.66
0.972466 2.66
0.983778 4.02
1.014085 4.34
1.025084 4.34
1.055726 4.34
1.068331 4.34
1.097080 4.34
1.107969 4.34
1.138605 4.34
1.149482 4.34
1.180078 4.34
1.190967 4.34
1.226327 4.34
1.242327 4.34
1.267602 4.34
1.278327 4.34
1.308968 4.34
1.319843 4.34
1.355328 4.34
1.371328 4.34
1.396603 4.34
1.407328 4.34
1.443469 4.34
1.454469 4.34
1.485092 4.34
1.497758 4.34
1.526886 4.34
1.543088 4.34
1.570730 4.34
1.586979 4.34
1.617497 4.34
1.628333 4.34
1.659093 4.34
1.670091 4.34
1.700731 4.34
1.716854 4.34
1.747462 4.34
1.758335 4.34
1.789084 4.34
1.799975 4.34
1.830488 4.68
1.841333 4.34
1.871974 4.34
1.882848 4.34
1.918332 4.34
1.934332 4.34
1.959850 4.34
1.975851 4.34
2.006333 4.34
2.022334 4.34
2.047855 4.34
2.063849 4.34
2.088977 4.34
2.099852 4.34
2.135334 4.34
2.151209 4.34
2.176851 4.34
2.192727 4.34
2.218085 4.34
2.228960 4.34
2.264335 4.34
2.280210 4.34
2.305741 4.34
2.321739 4.34
2.346961 4.34
2.357726 4.34
2.388086 4.34
2.398961 4.34
2.434337 4.34
2.450337 4.34
2.475613 4.34
2.486337 4.34
2.516978 4.34
2.527741 4.34
2.563337 4.34
2.579213 4.34
2.604742 4.34
2.620741 4.34
2.646088 4.34
2.656963 4.34
2.692339 4.34
2.708214 4.34
2.733744 4.34
2.749743 4.34
2.775090 4.34
2.785964 4.34
2.821340 4.34
2.837215 4.34
2.862745 4.34
2.878742 4.34
2.904090 4.34
2.914965 4.34
2.950340 4.34
2.966216 4.34
2.991746 4.34
3.007746 4.34
3.033091 4.34
3.043859 4.34
3.079342 4.34
3.095217 4.34
3.120746 4.34
3.136748 4.34
3.163719 4.34
3.174468 4.34
3.204861 4.34
3.215608 4.34
3.247719 4.34
3.258468 4.34
3.288858 4.34
3.299609 4.34
3.331720 4.34
3.342469 4.34
3.372861 4.34
3.383613 4.34
3.415751 4.34
3.426625 4.34
3.458751 4.34
3.469470 4.34
3.501750 4.34
3.512623 4.34
3.544750 4.34
3.555471 4.34
3.587751 4.34
3.598625 4.34
3.630752 4.34
3.641471 4.34
3.673751 4.34
3.684623 4.34
3.716751 4.34
3.727472 4.34
3.759750 4.34
3.770472 4.34
3.802753 4.34
3.813473 4.68
3.849223 4.34
3.861752 4.34
3.890474 4.34
3.901223 4.34
3.931864 4.34
3.942617 4.34
3.974753 4.34
3.985474 4.34
4.021357 4.34
4.037356 4.34
4.062628 4.34
4.075224 4.34
4.103868 4.68
4.114627 4.34
4.150358 4.34
4.166225 4.34
4.191742 4.34
4.207743 4.34
4.238359 4.34
4.254358 4.34
4.279757 4.34
4.295628 4.34
4.326227 4.34
4.342359 4.34
4.370629 4.34
4.386629 4.34
4.411869 4.34
4.422631 4.34
4.458227 4.34
4.474227 4.34
4.499508 4.34
4.510362 4.34
4.540995 4.34
4.551746 4.34
4.582228 4.34
4.598361 4.34
4.623507 4.68
4.634362 4.68
4.664994 4.34
4.675746 4.68
4.706230 4.68
4.722360 4.68
4.747359 4.34
4.758230 4.34
4.788635 4.34
4.818358 4.34
4.829359 4.34
4.859871 4.34
4.870633 4.34
4.906230 4.34
4.922360 4.68
4.947510 4.34
4.958361 4.34
4.988873 4.34
4.999637 4.68
5.030359 4.68
5.041232 4.34
5.071874 4.34
5.082637 4.34
5.118362 4.34
5.129233 4.34
5.159873 4.34
5.170636 4.34
5.206362 4.34
5.217233 4.34
5.247874 4.34
5.258636 4.34
5.294364 4.34
5.305234 4.34
5.335877 4.34
5.346636 4.34
5.382235 4.34
5.398365 4.34
5.423515 4.34
5.434366 4.34
5.464877 4.34
5.475638 4.34
5.511236 4.34
5.527236 4.34
5.552640 4.34
5.568639 4.34
5.593987 4.34
5.604877 4.34
5.640112 4.34
5.650879 4.34
5.681237 4.34
5.697112 4.34
5.722514 4.34
5.733238 4.34
5.763880 4.34
5.774641 4.34
5.810238 4.34
5.826238 4.34
5.854641 4.34
5.870518 4.34
5.895989 4.34
5.906880 4.34
5.942114 4.34
5.952864 4.34
5.983240 4.34
5.999114 4.34
6.024519 4.34
6.035366 4.34
6.067643 4.34
6.078517 4.34
6.110644 4.34
6.121520 4.34
6.153645 4.34
6.164370 4.34
6.196646 4.34
6.207518 4.34
6.237991 4.34
6.248884 4.34
6.284117 4.34
6.296618 4.34
6.325647 4.34
6.341647 4.34
6.368619 4.34
6.379521 4.34
6.411619 4.68
6.422522 4.34
6.454647 4.34
6.465520 4.34
6.497647 4.34
6.508525 4.34
6.540648 4.34
6.551378 4.68
6.583652 4.34
6.594379 4.34
6.630245 4.68
6.646378 4.34
6.671650 4.34
6.687995 4.34
6.714622 4.34
6.725525 4.34
6.757622 4.34
6.768523 4.34
6.798889 4.34
6.809636 4.68
6.845246 4.34
6.861246 4.34
6.886527 4.68
6.899121 4.34
6.927889 4.34
6.938891 4.34
6.974248 4.34
6.990377 4.34
7.015651 4.34
7.031651 4.34
7.058625 4.34
7.069375 4.34
7.105248 4.34
7.121375 4.34
7.149764 4.34
7.160528 4.34
7.196124 4.34
7.208501 4.34
7.237249 4.34
7.253250 4.34
7.278529 4.34
7.294534 4.34
7.319890 4.34
7.330644 4.34
7.366250 4.34
7.382250 4.34
7.407766 4.34
7.418530 4.34
7.454251 4.68
7.465251 4.34
7.495529 4.34
7.511530 4.34
7.536895 4.34
7.547642 4.34
7.578002 4.34
7.588894 4.34
7.619003 4.34
7.629878 4.34
7.660128 4.34
7.676253 4.34
7.701253 4.34
7.712003 4.68
7.742532 4.34
7.758532 4.34
7.789129 4.68
7.805254 4.34
7.830254 4.34
7.841004 4.34
7.871531 4.34
7.887657 4.68
7.918255 4.68
7.929005 4.34
7.959532 4.34
7.975381 4.34
8.006255 4.34
8.017131 4.34
8.047382 4.34
8.058256 4.34
8.088896 4.34
8.099650 4.34
8.130007 4.34
8.140898 4.34
8.171006 4.34
8.181882 4.34
8.212007 4.34
8.222882 4.34
8.253007 4.34
8.263883 4.34
8.294008 4.34
8.304883 4.34
8.335008 4.34
8.345883 4.34
8.376009 4.34
8.386884 4.34
8.417009 4.34
8.427884 4.34
8.458134 4.34
8.474259 4.34
8.499259 4.34
8.510009 4.34
8.540663 4.34
8.551537 4.34
8.587135 4.34
8.603260 4.34
8.628261 4.34
8.639010 4.34
8.669540 4.34
8.685387 4.34
8.716261 4.34
8.727136 4.34
8.757663 4.34
8.768387 4.34
8.804137 4.34
8.820262 4.34
8.845262 4.34
8.856137 4.34
8.886542 4.34
8.902667 4.34
8.933263 4.34
8.944013 4.68
8.974540 4.68
8.990668 4.34
9.021139 4.68
9.037014 4.34
9.062264 4.34
9.073139 4.68
9.103543 4.68
9.119390 4.68
9.144908 4.34
9.155656 4.68
9.186015 4.34
9.196905 4.34
9.227015 4.68
9.239546 4.68
9.268141 4.34
9.284140 4.68
9.309266 4.68
9.320016 4.34
9.350669 4.68
9.361393 4.68
9.397266 4.68
9.408142 4.34
9.438545 4.68
9.454671 4.68
9.485267 4.68
9.496143 4.68
9.526544 4.68
9.542670 4.68
9.567911 4.34
9.578661 4.34
9.614268 4.34
9.625019 4.34
9.655548 4.34
9.671545 4.34
9.697158 4.34
9.713279 4.34
9.738798 4.34
9.749795 4.34
9.780275 4.68
9.791149 4.68
9.823524 4.68
9.834399 5.00
9.866398 5.00
9.877272 5.00
9.909398 5.35
9.920272 5.35
9.952397 5.35
9.963271 5.35
9.993676 5.35
10.004551 5.35
10.034915 5.35
10.045787 5.35
10.076147 5.35
10.092147 5.35
10.117428 5.35
10.133549 5.35
10.160416 5.35
10.171272 5.35
10.207148 5.69
10.223148 5.69
10.248426 5.69
10.264424 5.69
10.289788 5.69
10.300546 5.35
10.336149 5.35
10.346898 5.35
10.377425 5.35
10.393423 5.35
10.418789 5.35
10.429550 5.35
10.459900 5.35
10.470790 5.35
10.501413 5.35
10.517659 5.69
10.548281 5.69
10.559290 5.69
10.595160 5.69
10.606032 6.01
10.636801 5.69
10.647801 6.01
10.678280 5.69
10.689155 5.69
10.725154 6.01
10.735904 6.01
10.766405 5.69
10.782528 5.69
10.813157 5.69
10.824028 6.01
10.854574 6.01
10.870800 5.69
10.896033 6.01
10.912157 6.01
10.937438 6.01
10.953532 6.01
10.984155 6.01
10.994905 6.01
11.025434 6.01
11.041431 6.01
11.072154 6.01
11.082904 6.01
11.113280 6.01
11.124155 6.01
11.154822 6.01
11.165822 6.01
11.196287 6.01
11.207286 5.69
11.243160 6.01
11.254033 5.69
11.284410 6.01
11.300533 6.01
11.331157 6.01
11.341908 6.01
11.372409 5.69
11.388532 5.69
11.419157 5.69
11.429927 5.69
11.460409 6.01
11.476409 6.01
11.507294 6.01
11.519936 6.36
11.554164 6.36
11.565039 6.36
11.595698 0.05
11.606537 6.36
11.637161 12.32
11.647912 12.32
11.678412 6.36
11.694535 6.36
11.719686 6.36
11.730411 6.36
11.760926 6.36
11.771677 6.36
11.802584 0.05
11.818809 0.05
11.844165 6.36
11.855039 6.36
11.885664 6.36
11.896414 6.36
11.927163 6.36
11.937913 6.36
11.968413 0.05
11.984537 6.36
12.011417 6.36
12.022287 12.32
12.052680 6.36
12.063413 6.36
12.094293 0.05
12.105167 6.36
12.137423 6.36
12.148291 0.05
12.184165 6.36
12.194915 6.36
12.225415 12.32
12.241540 6.36
12.268418 12.32
12.279289 6.36
12.315165 0.05
12.325915 6.01
12.356290 6.36
12.368933 0.05
12.403179 6.36
12.414174 6.36
12.446437 6.36
12.457432 6.36
12.488052 6.36
12.499051 6.36
12.529692 6.36
12.540690 6.36
12.571296 6.36
12.583939 6.36
12.614452 6.36
12.625454 6.36
12.661169 6.36
12.671918 6.36
12.702560 6.36
12.713293 6.36
12.749173 6.36
12.760193 6.36
12.792304 6.36
12.803303 6.36
12.839175 6.36
12.849923 6.36
12.882335 6.36
12.893172 6.36
12.925332 6.36
12.936172 6.36
12.972171 6.36
12.982920 6.36
13.013449 6.36
13.029560 6.36
13.055182 6.36
13.066180 6.36
13.102053 6.36
13.113052 6.36
13.143580 6.36
13.154458 6.36
13.185048 6.36
13.195938 6.36
13.226452 6.36
13.237297 6.36
13.267939 6.36
13.284047 6.36
13.309172 6.36
13.319923 6.36
13.350623 6.36
13.361624 6.36
13.392177 6.36
13.403176 6.36
13.439096 6.36
13.450061 6.36
13.480711 6.36
13.491707 6.36
13.522181 6.36
13.533180 6.36
13.569054 6.36
13.579945 6.36
13.610570 6.36
13.621462 6.36
13.651944 6.36
13.667944 6.36
13.693176 6.36
13.703926 6.36
13.734301 6.36
13.750453 6.36
13.781188 6.36
13.792187 6.36
13.828059 6.36
13.839058 6.36
13.869468 6.36
13.880306 6.36
13.910944 6.36
13.927055 6.36
13.952304 6.36
13.968304 6.36
13.993569 6.36
14.004459 6.36
14.034946 6.36
14.051068 6.36
14.076623 6.36
14.087611 6.36
14.118185 6.36
14.129185 6.36
14.165058 6.36
14.175951 6.36
14.206590 6.36
14.217468 6.36
14.247947 6.36
14.264056 6.36
14.289180 6.36
14.300056 6.36
14.330458 6.36
14.341305 6.36
14.372321 6.36
14.388618 6.36
14.419190 6.36
14.431711 6.36
14.466062 6.36
14.476953 6.36
14.507310 6.36
14.523309 6.36
14.557184 6.36
14.567933 6.36
14.598589 6.36
14.609465 6.36
14.639951 6.36
14.656058 6.36
14.681313 6.36
14.697627 6.36
14.728193 6.36
14.740837 6.36
14.775066 6.36
14.785940 6.36
14.816440 6.36
14.827313 6.36
14.862954 6.36
14.878953 6.36
14.904186 6.36
14.915061 6.36
14.945437 6.36
14.956311 6.36
14.992083 6.36
15.003071 6.36
15.035389 6.36
15.046450 6.36
15.077074 6.36
15.088068 6.36
15.120347 6.36
15.131339 6.36
15.161969 6.36
15.172947 6.36
15.203446 6.36
15.214446 6.36
15.245067 6.36
15.255942 6.36
15.286705 6.36
15.299321 6.36
15.328065 6.36
15.338940 6.36
15.369189 6.36
15.381707 6.36
15.415346 6.36
15.445064 6.36
15.455957 6.36
15.486190 6.36
15.498708 6.36
15.527469 6.36
15.538315 6.36
15.574065 6.36
15.584958 6.36
15.615191 6.36
15.627582 6.36
15.656460 6.36
15.667316 6.36
15.699196 6.36
15.709941 6.36
15.740442 6.36
15.751316 6.36
15.783196 6.36
15.794067 6.36
15.824443 6.36
15.835317 6.36
15.870710 6.36
15.881444 6.36
15.911943 6.36
15.927958 6.36
15.952944 6.36
15.963709 6.36
15.993944 6.36
16.004711 6.36
16.035069 6.36
16.045959 6.36
16.076194 6.36
16.088587 6.36
16.120463 6.36
16.131320 6.36
16.161960 6.36
16.172713 6.36
16.203195 6.36
16.215588 6.36
16.244446 6.36
16.255320 6.36
16.285726 6.36
16.296447 6.36
16.326947 6.36
16.337712 6.36
16.367947 6.36
16.378714 6.36
16.409072 6.36
16.419947 6.36
16.450197 6.36
16.466197 6.36
16.491449 6.36
16.502323 6.36
16.537965 6.36
16.548714 6.36
16.579073 6.36
16.589948 6.36
16.620199 6.36
16.636199 6.36
16.661450 6.36
16.672324 6.36
16.702729 6.36
16.718842 6.36
16.744075 6.36
16.754950 6.36
16.785200 6.36
16.801200 6.36
16.826325 6.36
16.837200 6.36
16.872969 6.36
16.883716 6.36
16.914076 6.36
16.924951 6.36
16.955201 6.36
16.971201 6.36
16.996453 6.36
17.007327 6.36
17.037731 6.36
17.048454 6.36
17.079078 6.36
17.089952 6.36
17.120203 6.36
17.136078 6.36
17.161454 6.36
17.172328 6.36
17.202731 6.36
17.218846 6.36
17.244079 6.36
17.254954 6.36
17.285203 6.36
17.301204 6.36
17.326456 6.36
17.337329 6.36
17.367735 6.36
17.378456 6.36
17.408955 6.36
17.419722 6.36
17.450080 6.36
17.460956 6.36
17.491206 6.36
17.507081 6.36
17.532456 6.36
17.543331 6.36
17.578721 6.36
17.589457 6.36
17.619957 6.36
17.630724 6.36
17.660957 6.36
17.671724 6.36
17.701957 6.36
17.712724 6.36
17.743083 6.36
17.753958 6.36
17.784208 6.36
17.800208 6.36
17.830217 6.36
17.841083 6.36
17.871460 6.36
17.882334 6.36
17.912738 6.36
17.923460 6.36
17.954084 6.36
17.964960 6.36
17.995210 6.36
18.011085 6.36
18.038219 6.36
18.048960 6.36
18.079335 6.36
18.090085 6.36
18.120739 6.36
18.136852 6.36
18.162086 6.36
18.174615 6.36
18.211855 6.36
18.227852 6.36
18.253087 6.36
18.265617 6.36
18.294212 6.36
18.310212 6.36
18.337097 6.36
18.347980 6.36
18.378213 6.36
18.394212 6.36
18.421097 6.36
18.431981 6.36
18.462213 6.36
18.478213 6.36
18.505098 6.36
18.515981 6.36
18.546214 6.36
18.556964 6.36
18.589122 6.36
18.599981 6.36
18.635616 6.36
18.646340 6.36
18.676980 6.36
18.687857 6.36
18.718215 6.36
18.734215 6.36
18.764618 6.36
18.777120 6.36
18.806091 6.36
18.822091 6.36
18.847216 6.36
18.857966 6.36
18.893610 6.36
18.906093 6.36
18.934967 6.36
18.945732 6.36
18.975981 6.36
18.986735 6.36
19.017218 6.36
19.028093 6.36
19.063621 6.36
19.079608 6.36
19.104859 6.36
19.115611 6.36
19.146094 6.36
19.162094 6.36
19.187219 6.36
19.198094 6.36
19.233624 6.36
19.249610 6.36
19.274859 6.36
19.285613 6.36
19.315863 6.36
19.326613 6.36
19.356970 6.36
19.367736 6.36
19.398221 6.36
19.409096 6.36
19.444623 6.36
19.455346 6.36
19.485864 6.36
19.496627 6.36
19.526987 6.36
19.537740 6.36
19.568097 6.36
19.584097 6.36
19.609222 6.36
19.620097 6.36
19.655864 6.36
19.666615 6.36
19.697098 6.36
19.712973 6.36
19.738223 6.36
19.748973 6.36
19.784865 6.36
19.795627 6.36
19.826099 6.36
19.842099 6.36
19.867225 6.36
19.878100 6.36
19.913868 6.36
19.924627 6.36
19.954975 6.36
19.965742 6.36
19.996101 6.36
20.012101 6.36
20.037226 6.36
20.048101 6.36
20.083869 6.36
20.094630 6.36
20.125101 6.36
20.140977 6.36
20.166227 6.36
20.176977 6.36
20.212868 6.36
20.223632 6.36
20.253977 6.36
20.264745 6.36
20.295103 6.36
20.310978 6.36
20.336228 6.36
20.346978 6.36
20.382869 6.36
20.393631 6.36
20.424104 6.36
20.440104 6.36
20.465229 6.36
20.475979 6.36
20.511758 6.36
20.527634 6.36
20.553105 6.36
20.569105 6.36
20.594230 6.36
20.605106 6.36
20.640634 6.36
20.656635 6.36
20.681981 6.36
20.692873 6.36
20.722981 6.36
20.733874 6.36
20.764107 6.36
20.780106 6.36
20.805231 6.36
20.815982 6.36
20.846635 6.36
20.862638 6.36
20.887872 6.36
20.898638 6.36
20.929108 6.36
20.945108 6.36
20.970233 6.36
20.981108 6.36
21.011637 6.36
21.027638 6.36
21.052984 6.36
21.065512 6.36
21.093984 6.36
21.106513 6.36
21.135109 6.36
21.150985 6.36
21.176235 6.36
21.187110 6.36
21.217638 6.36
21.233637 6.36
21.258986 6.36
21.271366 6.36
21.299986 6.36
21.312366 6.36
21.341111 6.36
21.357111 6.36
21.382236 6.36
21.392986 6.36
21.428639 6.36
21.444514 6.36
21.469988 6.36
21.482366 6.36
21.511112 6.36
21.527112 6.36
21.552238 6.36
21.562988 6.68
21.593640 6.68
21.606018 6.68
21.634988 6.68
21.651114 6.36
21.676114 6.36
21.692114 6.36
21.717239 6.68
21.727989 6.36
21.763641 6.36
21.776013 6.68
21.804990 6.68
21.820989 6.36
21.845990 6.68
21.858365 6.36
21.886991 6.36
21.902881 6.36
21.928116 6.36
21.943991 6.36
21.969241 6.36
21.979991 6.36
22.015645 6.36
22.031521 6.36
22.056992 6.36
22.072883 6.36
22.098117 6.36
22.114117 6.36
22.139242 6.36
22.150118 6.36
22.180646 6.36
22.196522 6.68
22.221993 6.36
22.237993 6.36
22.263119 6.36
22.279119 6.68
22.304244 6.36
22.314994 6.36
22.345649 6.36
22.361649 6.36
22.386888 6.36
22.397637 6.36
22.428120 6.36
22.444120 6.36
22.469244 6.36
22.480120 6.36
22.515525 6.36
22.526245 6.36
22.556995 6.36
22.572996 6.36
22.597996 6.36
22.613871 6.36
22.639121 6.36
22.655121 6.36
22.680246 6.36
22.690997 6.36
22.726653 6.36
22.742651 6.36
22.767997 6.36
22.783873 6.36
22.808997 6.36
22.824873 6.36
22.850123 6.36
22.866123 6.36
22.891248 6.36
22.901998 6.36
22.937639 6.36
22.953529 6.36
22.978890 6.36
22.989642 6.36
23.019999 6.36
23.035875 6.36
23.061125 6.36
23.077125 6.36
23.104001 6.36
23.114890 6.36
23.145126 6.36
23.161125 6.36
23.186251 6.36
23.197126 6.36
23.227654 6.36
23.243641 6.36
23.269001 6.36
23.284876 6.36
23.315127 6.36
23.326002 6.36
23.358003 6.36
23.368894 6.36
23.399127 6.36
23.415002 6.36
23.440253 6.36
23.451003 6.36
23.486646 6.36
23.502782 6.36
23.528022 6.36
23.543896 6.36
23.569004 6.36
23.584879 6.36
23.610004 6.36
23.625879 6.36
23.651004 6.36
23.666879 6.36
23.692004 6.36
23.707880 6.36
23.733005 6.36
23.748880 6.36
23.774005 6.36
23.790005 6.36
23.815006 6.36
23.830881 6.36
23.856006 6.36
23.872006 6.36
23.897006 6.36
23.913007 6.36
23.938006 6.36
23.953882 6.36
23.979007 6.36
23.994882 6.36
24.020007 6.36
24.035882 6.36
24.061007 6.36
24.076883 6.36
24.102008 6.36
24.112883 6.36
24.143008 6.36
24.153883 6.36
24.184009 6.36
24.194884 6.36
24.225009 6.36
24.235884 6.36
24.266010 6.36
24.276899 6.36
24.307009 6.36
24.317885 6.36
24.348010 6.36
24.358885 6.36
24.389010 6.36
24.399885 6.36
24.430010 6.36
24.440885 6.36
24.471011 6.36
24.481886 6.36
24.512011 6.36
24.522780 6.36
24.553012 6.36
24.563902 6.36
24.594012 6.36
24.604887 6.36
24.635012 6.36
24.645887 6.36
24.676012 6.36
24.686887 6.36
24.717012 6.36
24.727888 6.36
24.758013 6.36
24.768888 6.36
24.799013 6.36
24.809888 6.36
24.840014 6.36
24.850889 6.36
24.881014 6.36
24.891889 6.36
24.922014 6.36
24.932890 6.36
24.963014 6.36
24.973890 6.36
25.004015 6.36
25.014890 6.36
25.045015 6.36
25.055890 6.36
25.086015 6.36
25.096891 6.36
25.127016 6.36
25.137891 6.36
25.168016 6.36
25.178891 6.36
25.209141 6.36
25.220017 6.36
25.255393 6.36
25.271397 6.36
25.296908 6.36
25.312911 6.36
25.338017 6.36
25.353893 6.36
25.379018 6.36
25.389893 6.36
25.420018 6.36
25.430894 6.36
25.461143 6.36
25.472019 6.36
25.507549 6.36
25.523415 6.36
25.549019 6.36
25.564895 6.36
25.590019 6.36
25.600895 6.36
25.631020 6.36
25.641895 6.36
25.672020 6.36
25.682895 6.36
25.713020 6.36
25.723896 6.36
25.754146 6.36
25.764896 6.36
25.800397 6.36
25.816397 6.36
25.841912 6.36
25.858022 6.36
25.883022 6.36
25.898897 6.36
25.924022 6.36
25.934897 6.36
25.966898 6.36
25.977664 6.36
26.008023 6.36
26.024041 6.36
26.050899 6.36
26.061677 6.36
26.091899 6.36
26.107917 6.68
26.132899 6.68
26.148899 6.36
26.173899 6.36
26.189899 6.36
26.214900 6.36
26.230900 6.36
26.255900 6.36
26.271918 6.36
26.296901 6.36
26.313025 6.36
26.337901 6.36
26.353901 6.36
26.378901 6.68
26.394901 6.36
26.419902 6.36
26.435901 6.36
26.460902 6.36
26.476902 6.36
26.501919 6.36
26.517918 6.36
26.542902 6.36
26.558921 6.36
26.583902 6.36
26.600028 6.36
26.624903 6.36
26.640903 6.36
26.665904 6.36
26.681903 6.36
26.706904 6.36
26.722904 6.36
26.747904 6.36
26.763904 6.36
26.788904 6.36
26.804904 6.36
26.829904 6.68
26.845919 6.36
26.870904 6.36
26.887030 6.68
26.911905 6.36
26.927905 6.36
26.952905 6.68
26.968906 6.68
26.993906 6.68
27.009906 6.68
27.034906 6.68
27.050906 6.36
27.075907 6.68
27.091906 6.68
27.116907 6.36
27.132924 6.36
27.157907 6.36
27.174032 6.36
27.198907 6.36
27.214907 6.36
27.239907 6.36
27.255908 6.68
27.280908 6.68
27.296908 6.68
27.321908 6.36
27.332674 6.36
27.362909 6.68
27.373677 6.36
27.403909 6.36
27.414676 6.36
27.444910 6.36
27.455676 6.36
27.485909 6.36
27.496688 6.36
27.526910 6.36
27.537675 6.36
27.567925 6.36
27.578676 6.36
27.609035 6.36
27.619910 6.36
27.650036 6.36
27.660911 6.36
27.691036 6.36
27.701911 6.36
27.732036 6.36
27.742912 6.36
27.773037 6.36
27.783912 6.36
27.814037 6.36
27.824912 6.36
27.855038 6.36
27.865913 6.36
27.896038 6.36
27.906913 6.36
27.937038 6.36
27.947913 6.36
27.978038 6.36
27.988914 6.36
28.024289 6.36
28.035164 6.68
28.065693 6.68
28.076539 6.68
28.106914 6.36
28.117680 6.36
28.147915 6.36
28.158683 6.36
28.189040 6.36
28.199915 6.36
28.235416 6.36
28.251417 6.36
28.276932 6.36
28.292931 6.36
28.323291 6.36
28.334166 6.36
28.364693 6.36
28.375541 6.36
28.406042 6.36
28.416917 6.36
28.452292 6.36
28.463042 6.36
28.493560 6.36
28.504293 6.36
28.534936 6.36
28.550933 6.68
28.581293 6.68
28.592043 6.36
28.622698 6.36
28.633562 6.36
28.663919 6.36
28.674687 6.36
28.705044 6.36
28.715919 6.36
28.751294 6.36
28.762045 6.36
28.792700 6.36
28.805295 6.36
28.834045 6.36
28.844936 6.36
28.880296 6.36
28.891170 6.36
28.921697 6.36
28.934296 6.36
28.962921 6.36
28.973687 6.36
29.003921 6.36
29.014690 6.36
29.044922 6.36
29.055687 6.36
29.085923 6.36
29.096690 6.36
29.127047 6.36
29.137923 6.36
29.173298 6.36
29.185800 6.36
29.214703 6.36
29.227299 6.36
29.255923 6.36
29.266689 6.36
29.296924 6.68
29.307690 6.68
29.337924 6.36
29.348692 6.36
29.379049 6.36
29.389925 6.36
29.425300 6.36
29.441300 6.36
29.466704 6.36
29.479176 6.36
29.508051 6.36
29.518942 6.36
29.554301 6.36
29.570301 6.36
29.595818 6.36
29.611695 6.36
29.636927 6.36
29.647694 6.36
29.677927 6.36
29.688694 6.68
29.719053 6.36
29.729927 6.36
29.765302 6.36
29.781177 6.36
29.806707 6.36
29.822944 6.36
29.847929 6.36
29.858693 6.36
29.889054 6.36
29.899929 6.36
29.935304 6.36
29.947680 6.36
29.976708 6.36
29.992709 6.36
30.018054 6.36
30.028948 6.36
30.064305 6.68
30.080180 6.68
30.105711 6.36
30.121947 6.36
30.147056 6.36
30.157931 6.36
30.193306 6.68
30.209181 6.36
30.234711 6.36
30.250948 6.36
30.276057 6.68
30.286932 6.36
30.322307 6.36
30.338182 6.36
30.363711 6.36
30.379700 6.36
30.405057 6.36
30.415950 6.36
30.451308 6.36
30.467308 6.36
30.492825 6.36
30.508712 6.36
30.534059 6.68
30.544948 6.36
30.580309 6.36
30.596184 6.36
30.621712 6.36
30.637715 6.36
30.662935 6.68
30.673703 6.36
30.703935 6.36
30.714704 6.36
30.744935 6.36
30.755703 6.36
30.786061 6.36
30.796936 6.36
30.832311 6.36
30.848186 6.36
30.873715 6.36
30.889580 6.36
30.915062 6.68
30.925937 6.36
30.961312 6.36
30.977187 6.36
31.002717 6.36
31.018955 6.36
31.043938 6.36
31.054704 6.68
31.084938 6.68
31.095708 6.68
31.125939 6.68
31.136705 6.68
31.167064 6.36
31.177939 6.36
31.213314 6.36
31.229314 6.36
31.254718 6.36
31.270580 6.36
31.295940 6.36
31.306707 6.36
31.337065 6.68
31.347940 6.68
31.383315 6.68
31.399316 6.68
31.424833 6.68
31.440959 6.68
31.465959 6.68
31.476709 6.68
31.512317 6.36
31.528191 6.68
31.553721 6.68
31.569721 6.36
31.596693 6.36
31.607596 6.68
31.637834 6.68
31.648583 6.68
31.680693 6.68
31.691443 6.68
31.723694 6.36
31.734462 6.36
31.766723 6.36
31.777473 6.36
31.809724 6.68
31.820473 6.36
31.852722 6.68
31.863598 6.36
31.895725 6.68
31.906475 6.36
31.938725 6.68
31.949596 6.68
31.981725 6.36
31.992475 6.68
32.024727 6.68
32.035599 6.36
32.067726 6.36
32.078475 6.68
32.114196 6.36
32.126712 6.36
32.155476 6.36
32.166321 6.36
32.196962 6.36
32.207840 6.36
32.239698 6.36
32.250465 6.36
32.286197 6.36
32.298699 6.36
32.327464 6.68
32.338323 6.36
32.368716 6.36
32.384588 6.36
32.409964 6.36
32.420714 6.36
32.451199 6.36
32.463728 6.36
32.492324 6.68
32.503199 6.68
32.533728 6.36
32.551575 6.36
32.569967 6.68
32.600200 6.68
32.616325 6.36
32.641451 6.36
32.652325 6.36
32.682730 6.36
32.698728 6.36
32.729201 6.36
32.745326 6.36
32.773603 6.36
32.789605 6.36
32.814966 6.36
32.825844 6.36
32.856202 6.36
32.872202 6.36
32.897454 6.36
32.908328 6.36
32.938731 6.36
32.949607 6.36
32.985203 6.36
33.001328 6.36
33.026455 6.36
33.037328 6.68
33.067731 6.36
33.078455 6.36
33.114204 6.36
33.130329 6.36
33.158608 6.36
33.174733 6.36
33.199973 6.36
33.210722 6.36
33.241205 6.36
33.257205 6.36
33.282457 6.36
33.293330 6.36
33.323732 6.36
33.334610 6.36
33.370081 6.36
33.380956 6.36
33.411207 6.36
33.427206 6.36
33.452476 6.36
33.463332 6.36
33.493849 6.36
33.504600 6.36
33.540082 6.36
33.550958 6.36
33.581208 6.36
33.597083 6.36
33.622459 6.36
33.633333 6.36
33.663736 6.36
33.674611 6.36
33.710333 6.68
33.721084 6.36
33.751738 6.36
33.762460 6.36
33.798084 6.36
33.808977 6.36
33.839209 6.36
33.855085 6.36
33.880461 6.36
33.891335 6.36
33.921739 6.36
33.932461 6.36
33.968086 6.36
33.978961 6.36
34.009211 6.36
34.025086 6.68
34.050462 6.36
34.061336 6.36
34.091740 6.36
34.102463 6.68
34.138337 6.36
34.149212 6.36
34.179742 6.36
34.190616 6.36
34.226212 6.36
34.242213 6.36
34.267464 6.36
34.278338 6.68
34.308740 6.36
34.319464 6.68
34.355214 6.36
34.371089 6.36
34.396339 6.36
34.407089 6.36
34.437855 6.36
34.448607 6.36
34.484215 6.36
34.500215 6.36
34.525466 6.36
34.536340 6.36
34.566618 6.36
34.582621 6.36
34.607983 6.36
34.618732 6.36
34.649216 6.36
34.665091 6.36
34.690342 6.36
34.701217 6.36
34.731746 6.36
34.742620 6.36
34.778217 6.36
34.794342 6.36
34.819468 6.36
34.830217 6.36
34.860747 6.36
34.871622 6.36
34.907218 6.36
34.923343 6.36
34.948469 6.36
34.959344 6.36
34.989736 6.36
35.000624 6.36
35.032596 6.36
35.043344 6.36
35.075596 6.68
35.086470 6.36
35.118597 6.36
35.129470 6.36
35.161614 6.36
35.172471 6.36
35.204612 6.36
35.215471 6.36
35.247620 6.36
35.258346 6.36
35.290615 6.36
35.301347 6.36
35.333491 6.36
35.344347 6.36
35.374739 6.36
35.385626 6.36
35.417503 6.36
35.428348 6.36
35.460475 6.36
35.471348 6.36
35.507098 6.36
35.519503 6.36
35.548224 6.36
35.564223 6.36
35.589474 6.36
35.601974 6.36
35.630628 6.36
35.646629 6.36
35.673505 6.36
35.684357 6.36
35.716506 6.36
35.727356 6.36
35.757742 6.36
35.768475 6.36
35.798975 6.36
35.809740 6.36
35.839976 6.36
35.850742 6.36
35.881101 6.36
35.897101 6.36
35.922226 6.36
35.933101 6.36
35.963630 6.36
35.974505 6.36
36.010102 6.36
36.026227 6.36
36.051228 6.36
36.061977 6.36
36.092506 6.36
36.108505 6.36
36.139228 6.36
36.149978 6.36
36.180478 6.36
36.196507 6.36
36.221745 6.36
36.232508 6.36
36.268229 6.36
36.278979 6.36
36.309506 6.36
36.325632 6.36
36.356230 6.36
36.366980 6.36
36.397635 6.36
36.408509 6.36
36.444105 6.36
36.460230 6.36
36.485230 6.36
36.495981 6.36
36.526635 6.36
36.537359 6.36
36.573232 6.36
36.584107 6.36
36.614633 6.36
36.625360 6.36
36.661232 6.36
36.671982 6.36
36.702512 6.36
36.718511 6.36
36.749233 6.36
36.760108 6.36
36.790639 6.36
36.801510 6.36
36.837233 6.36
36.848109 6.36
36.878638 6.36
36.889511 6.36
36.925109 6.36
36.941235 6.36
36.966235 6.36
36.977110 6.36
37.007637 6.36
37.018513 6.36
37.054235 6.36
37.064985 6.36
37.095638 6.36
37.106366 6.36
37.142235 6.36
37.153111 6.36
37.183639 6.36
37.194515 6.36
37.230237 6.36
37.240987 6.36
37.271641 6.36
37.282517 6.36
37.318112 6.36
37.334237 6.36
37.359237 6.36
37.370113 6.36
37.400517 6.36
37.416642 6.36
37.447239 6.36
37.457988 6.36
37.488641 6.36
37.499366 6.36
37.535114 6.36
37.551114 6.36
37.576239 6.36
37.586990 6.36
37.617520 6.36
37.633642 6.36
37.660519 6.36
37.671365 6.36
37.707240 6.36
37.717990 6.36
37.748517 6.36
37.764521 6.36
37.789882 6.36
37.800645 6.36
37.836116 6.36
37.852117 6.36
37.877242 6.36
37.888117 6.36
37.918521 6.36
37.934645 6.36
37.961494 6.36
37.972368 6.36
38.004494 6.36
38.015369 6.36
38.047494 6.36
38.058369 6.36
38.090494 6.36
38.101369 6.36
38.133370 6.36
38.144244 6.36
38.176370 6.36
38.187244 6.36
38.219370 6.36
38.230245 6.36
38.262371 6.36
38.273245 6.36
38.303647 6.36
38.314371 6.36
38.349996 6.36
38.362372 6.36
38.391121 6.36
38.407121 6.36
38.432246 6.36
38.442996 6.36
38.473650 6.36
38.484527 6.36
38.520122 6.36
38.536247 6.36
38.561247 6.36
38.571997 6.36
38.602526 6.36
38.613374 6.36
38.643998 6.36
38.660123 6.36
38.684998 6.36
38.697374 6.36
38.726123 6.36
38.736999 6.36
38.767249 6.36
38.777999 6.36
38.808526 6.36
38.819249 6.36
38.855125 6.36
38.865875 6.36
38.896250 6.36
38.907000 6.36
38.937528 6.36
38.948250 6.36
38.978894 6.36
38.989642 6.36
39.020001 6.36
39.036126 6.36
39.061001 6.36
39.077126 6.36
39.102001 6.36
39.118002 6.36
39.143002 6.36
39.159127 6.36
39.184127 6.36
39.195002 6.36
39.225252 6.36
39.236003 6.36
39.266531 6.36
39.277379 6.36
39.308003 6.36
39.324128 6.36
39.349129 6.36
39.360003 6.36
39.390254 6.36
39.401129 6.36
39.431532 6.36
39.442254 6.36
39.478129 6.36
39.488879 6.36
39.519255 6.36
39.530130 6.36
39.560660 6.36
39.571532 6.36
39.602006 6.36
39.618131 6.36
39.643006 6.36
39.659131 6.36
39.684131 6.36
39.695006 6.36
39.725256 6.36
39.736006 6.36
39.766661 6.36
39.777383 6.36
39.808007 6.36
39.824007 6.36
39.849007 6.36
39.865132 6.36
39.890008 6.36
39.906133 6.36
39.931133 6.36
39.942008 6.36
39.972258 6.36
39.983009 6.36
40.013663 6.36
40.024535 6.36
40.055009 6.36
40.071134 6.36
40.096009 6.36
40.112135 6.36
40.137009 6.36
40.153010 6.36
40.178010 6.36
40.194135 6.36
40.219135 6.36
40.229886 6.36
40.260261 6.36
40.271011 6.36
40.301540 6.36
40.312388 6.36
40.348137 6.36
40.359011 6.36
40.389262 6.36
40.400011 6.36
40.432392 6.36
40.443262 6.36
40.479137 6.36
40.489888 6.36
40.520263 6.36
40.531138 6.36
40.561541 6.36
40.572263 6.36
40.608139 6.36
40.619014 6.36
40.649264 6.36
40.660014 6.36
40.690543 6.36
40.701264 6.36
40.737139 6.36
40.747890 6.36
40.778264 6.36
40.790904 6.36
40.819545 6.36
40.830391 6.36
40.866140 6.36
40.877015 6.36
40.907266 6.36
40.919908 6.36
40.950270 6.36
40.961142 6.36
40.991547 6.36
41.002393 6.36
41.033017 6.36
41.049142 6.36
41.074267 6.36
41.086669 6.36
41.117272 6.36
41.128017 6.36
41.158547 6.36
41.169395 6.36
41.199910 6.36
41.212272 6.36
41.241018 6.36
41.257144 6.36
41.282019 6.36
41.298144 6.36
41.323144 6.36
41.334019 6.36
41.364269 6.36
41.376663 6.36
41.405548 6.36
41.416411 6.36
41.447020 6.36
41.457912 6.36
41.488020 6.36
41.498913 6.36
41.529145 6.36
41.540021 6.36
41.570424 6.36
41.581271 6.36
41.611913 6.36
41.628022 6.36
41.653147 6.36
41.664022 6.36
41.694398 6.36
41.705272 6.36
41.741148 6.36
41.751897 6.36
41.782399 6.36
41.793273 6.36
41.828917 6.36
41.844913 6.36
41.870031 6.36
41.880898 6.36
41.911023 6.36
41.921899 6.36
41.952025 6.36
41.962899 6.36
41.993024 6.36
42.003899 6.36
42.034025 6.36
42.044900 6.36
42.075025 6.36
42.085900 6.36
42.116026 6.36
42.126901 6.36
42.157025 6.36
42.167901 6.36
42.198026 6.36
42.208901 6.36
42.239026 6.36
42.249901 6.36
42.280026 6.36
42.290902 6.36
42.321027 6.36
42.331902 6.36
42.362027 6.36
42.372902 6.68
42.403028 6.36
42.413903 6.68
42.444028 6.36
42.454903 6.36
42.485028 6.36
42.495904 6.68
42.526029 6.36
42.536921 6.36
42.567028 6.36
42.577904 6.36
42.608029 6.36
42.618904 6.36
42.649029 6.36
42.659905 6.36
42.690030 6.36
42.700905 6.36
42.731030 6.68
42.741905 6.36
42.772030 6.36
42.782906 6.36
42.813031 6.36
42.823906 6.68
42.854031 6.36
42.864906 6.36
42.895031 6.36
42.905906 6.36
42.936031 6.36
42.946907 6.36
42.977032 6.36
42.987907 6.36
43.018032 6.36
43.028908 6.36
43.059033 6.36
43.069908 6.36
43.100033 6.68
43.110908 6.36
43.141033 6.36
43.151909 6.68
43.182034 6.36
43.192909 6.68
43.223034 6.68
43.233909 6.68
43.264034 6.36
43.274909 6.36
43.305034 6.36
43.320910 6.68
43.346035 6.68
43.356910 6.68
43.387035 6.36
43.397911 6.36
43.428036 6.36
43.438911 6.36
43.469036 6.36
43.479911 6.36
43.510036 6.68
43.520801 6.36
43.551036 6.36
43.561912 6.68
43.592037 6.68
43.602912 6.36
43.633037 6.36
43.643912 6.36
43.674037 6.36
43.684913 6.36
43.715038 6.36
43.725913 6.36
43.756038 6.36
43.766914 6.36
43.797163 6.36
43.809539 6.36
43.838415 6.36
43.849289 6.36
43.879929 6.36
43.895931 6.36
43.921165 6.36
43.933540 6.36
43.962415 6.36
43.973289 6.36
44.003933 6.36
44.019932 6.36
44.045165 6.36
44.057540 6.36
44.086291 6.68
44.102291 6.36
44.132936 6.36
44.148933 6.36
44.174167 6.36
44.186542 6.36
44.223684 6.36
44.236168 6.36
44.264917 6.36
44.275683 6.36
44.305918 6.36
44.316684 6.36
44.346918 6.36
44.357685 6.68
44.388043 6.36
44.398918 6.68
44.429168 6.36
44.441561 6.36
44.470420 6.36
44.481294 6.36
44.516937 6.68
44.527812 6.36
44.558045 6.36
44.568919 6.36
44.599169 6.36
44.615170 6.36
44.640421 6.36
44.651295 6.36
44.681938 6.36
44.692687 6.36
44.723171 6.36
44.739171 6.36
44.764422 6.36
44.775296 6.68
44.805940 6.36
44.816689 6.36
44.847172 6.36
44.863047 6.36
44.888423 6.68
44.899297 6.36
44.929701 6.36
44.945816 6.68
44.971048 6.36
44.981923 6.36
45.012173 6.36
45.028173 6.68
45.053425 6.36
45.064298 6.36
45.094701 6.36
45.105425 6.68
45.136049 6.36
45.146941 6.68
45.177174 6.36
45.193175 6.68
45.218300 6.36
45.229175 6.36
45.264940 6.36
45.275693 6.36
45.305926 6.36
45.316694 6.36
45.346926 6.36
45.357694 6.36
45.388051 6.36
45.398926 6.36
45.429176 6.36
45.445176 6.36
45.470302 6.36
45.481052 6.36
45.516944 6.68
45.527819 6.36
45.558052 6.36
45.568928 6.36
45.599178 6.36
45.615177 6.36
45.640429 6.68
45.651303 6.36
45.681708 6.36
45.692429 6.68
45.722929 6.36
45.733696 6.36
45.764054 6.36
45.774929 6.36
45.805179 6.36
45.821180 6.36
45.854820 6.36
45.870821 6.36
45.895930 6.36
45.906697 6.36
45.936930 6.36
45.947699 6.68
45.977949 6.36
45.988699 6.36
46.019181 6.36
46.035306 6.36
46.062204 6.36
46.073057 6.36
46.109057 6.36
46.119948 6.36
46.150182 6.36
46.166182 6.36
46.191307 6.36
46.202058 6.36
46.232711 6.36
46.248825 6.36
46.274058 6.36
46.284933 6.36
46.315184 6.36
46.331184 6.68
46.358193 6.36
46.369059 6.36
46.401193 6.68
46.412059 6.36
46.444193 6.68
46.454935 6.36
46.485310 6.36
46.496060 6.36
46.526838 6.36
46.537828 6.36
46.568186 6.36
46.584186 6.36
46.617829 6.36
46.633829 6.36
46.659061 6.36
46.671466 6.36
46.700311 6.36
46.711187 6.36
46.741827 6.36
46.752717 6.36
46.783062 6.36
46.795439 6.36
46.824312 6.36
46.835062 6.36
46.865715 6.36
46.878072 6.36
46.907063 6.36
46.919440 6.36
46.948189 6.36
46.959063 6.36
46.989314 6.36
47.000064 6.36
47.030716 6.36
47.046831 6.36
47.071939 6.36
47.082707 6.36
47.112940 6.36
47.123707 6.36
47.154065 6.36
47.169940 6.36
47.195190 6.36
47.205940 6.36
47.238075 6.36
47.248957 6.36
47.279191 6.36
47.289941 6.36
47.325584 6.36
47.341583 6.36
47.366957 6.36
47.377708 6.36
47.408192 6.36
47.419067 6.36
47.454598 6.36
47.470583 6.36
47.495959 6.36
47.506709 6.36
47.537193 6.36
47.547943 6.36
47.583599 6.36
47.594319 6.36
47.624961 6.36
47.635711 6.36
47.665944 6.36
47.676713 6.36
47.706945 6.36
47.717712 6.36
47.747945 6.36
47.758710 6.36
47.788945 6.36
47.799713 6.36
47.829945 6.36
47.840714 6.36
47.870946 6.36
47.881714 6.36
47.911946 6.36
47.922714 6.36
47.953072 6.36
47.968947 6.36
47.994197 6.36
48.004947 6.36
48.040589 6.36
48.051322 6.36
48.081964 6.36
48.092716 6.36
48.123198 6.68
48.133948 6.36
48.169602 6.36
48.185589 6.36
48.210966 6.36
48.221716 6.36
48.252199 6.36
48.262949 6.36
48.298589 6.36
48.309324 6.36
48.339966 6.36
48.350718 6.36
48.381074 6.36
48.396950 6.36
48.422201 6.36
48.432950 6.36
48.468592 6.36
48.479326 6.36
48.509969 6.68
48.520716 6.36
48.551201 6.36
48.561951 6.36
48.592202 6.36
48.602951 6.36
48.638603 6.36
48.654595 6.36
48.679967 6.36
48.692453 6.36
48.720953 6.36
48.731721 6.36
48.761953 6.36
48.772721 6.36
48.802953 6.36
48.813722 6.36
48.844078 6.36
48.859954 6.36
48.885203 6.36
48.895953 6.36
48.931608 6.36
48.947597 6.36
48.972971 6.36
48.983846 6.36
49.014205 6.68
49.025080 6.36
49.060609 6.36
49.076598 6.36
49.101974 6.36
49.114475 6.36
49.143205 6.36
49.154081 6.36
49.189610 6.36
49.205599 6.36
49.230971 6.36
49.243475 6.36
49.272207 6.36
49.282957 6.36
49.315100 6.36
49.325975 6.36
49.361610 6.36
49.374100 6.68
49.402958 6.68
49.413850 6.36
49.444083 6.68
49.460084 6.68
49.485208 6.68
49.495959 6.36
49.531611 6.36
49.543989 6.36
49.572977 6.36
49.585334 6.36
49.614209 6.36
49.625084 6.68
49.660613 6.68
49.676602 6.36
49.701977 6.68
49.714335 6.68
49.743086 6.68
49.759086 6.68
49.784211 6.36
49.794961 6.36
49.830615 6.36
49.846604 6.36
49.871976 6.36
49.887978 6.36
49.913212 6.68
49.924087 6.36
49.959618 6.68
49.975604 6.36
50.000979 6.36
50.016980 6.68
50.042088 6.36
50.057963 6.36
50.083213 6.68
50.094088 6.36
50.129619 6.68
50.145606 6.36
50.170981 6.68
50.186979 6.68
50.212089 6.68
50.227965 6.36
50.253214 6.36
50.264089 6.68
50.299619 6.36
50.315608 6.68
50.340983 6.68
50.356965 6.68
50.382216 6.36
50.393091 6.36
50.428618 6.36
50.444468 6.36
50.469967 6.68
50.485856 6.68
50.510967 6.36
50.526860 6.36
50.552092 6.36
50.567967 6.36
50.593217 6.36
50.603984 6.36
50.639622 6.36
50.655610 6.36
50.680861 6.36
50.691611 6.36
50.721968 6.36
50.737858 6.68
50.762969 6.36
50.778862 6.36
50.803970 6.36
50.819969 6.36
50.845095 6.36
50.861094 6.36
50.886220 6.68
50.897095 6.68
50.932621 6.36
50.948612 6.36
50.973860 6.68
50.984613 6.36
51.015096 6.68
51.031096 6.36
51.056221 6.36
51.067096 6.36
51.102625 6.36
51.118625 6.36
51.143865 6.36
51.154615 6.36
51.185097 6.36
51.200972 6.68
51.226222 6.36
51.237097 6.36
51.267624 6.36
51.283475 6.68
51.308741 6.36
51.319473 6.36
51.349973 6.68
51.365973 6.36
51.391099 6.36
51.407099 6.36
51.432224 6.36
51.443099 6.36
51.473628 6.36
51.489626 6.36
51.514866 6.36
51.525600 6.36
51.556225 6.36
51.567100 6.36
51.597629 6.36
51.613630 6.36
51.638868 6.36
51.651359 6.36
51.682006 6.36
51.692741 6.36
51.725007 6.36
51.735743 6.36
51.768006 6.36
51.778742 6.36
51.811010 6.36
51.821742 6.36
51.854008 6.36
51.864743 6.36
51.897008 6.36
51.907746 6.36
51.940008 6.36
51.950746 6.36
51.983009 6.36
51.993745 6.68
52.026009 6.36
52.036744 6.36
52.069008 6.36
52.079748 6.36
52.115357 6.36
52.126103 6.36
52.156479 6.36
52.167228 6.36
52.197479 6.36
52.209980 6.36
52.238479 6.68
52.250981 6.68
52.279479 6.68
52.290229 6.68
52.320480 6.36
52.331229 6.36
52.361480 6.36
52.373857 6.68
52.402481 6.36
52.413230 6.36
52.443481 6.68
52.455857 6.36
52.484481 6.36
52.495231 6.36
52.525482 6.68
52.537857 6.36
52.566482 6.36
52.578858 6.36
52.607482 6.36
52.619858 6.36
52.648482 6.68
52.660859 6.68
52.689483 6.68
52.701859 6.36
52.730483 6.68
52.742859 6.68
52.771484 6.36
52.783859 6.36
52.812484 6.68
52.824860 6.36
52.853484 6.36
52.865861 6.36
52.894485 6.36
52.906861 6.36
52.935485 6.36
52.947862 6.68
52.976485 6.36
52.992365 6.36
53.017485 6.36
53.029862 6.36
53.058486 6.36
53.074364 6.36
53.099486 6.36
53.115365 6.68
53.140487 6.36
53.152863 6.68
53.181487 6.68
53.197364 6.68
53.222487 6.36
53.234864 6.36
53.263487 6.68
53.279364 6.68
53.304487 6.36
53.320366 6.68
53.345488 7.02
53.361364 7.37
53.386488 7.37
53.402365 7.02
53.427489 7.02
53.439865 6.68
53.468489 6.68
53.484364 6.68
53.509490 6.68
53.525366 6.68
53.550490 6.68
53.566367 6.68
53.591490 6.68
53.607368 6.36
53.632490 6.68
53.648367 7.02
53.673490 7.37
53.689367 7.37
53.714491 7.37
53.730367 7.02
53.755491 7.02
53.771368 7.02
53.796492 6.68
53.812366 6.68
53.837492 6.68
53.853368 6.68
53.878492 6.68
53.894370 6.68
53.919492 6.36
53.935368 6.68
53.960492 7.02
53.976368 7.02
54.001493 7.37
54.017368 7.37
54.042493 7.02
54.058369 7.02
54.083494 6.68
54.099369 6.68
54.124494 6.68
54.140370 6.68
54.165495 6.68
54.181373 6.68
54.206495 6.68
54.222370 6.36
54.247495 6.36
54.263370 7.02
54.288496 7.02
54.304371 7.37
54.329495 7.37
54.345371 7.02
54.370496 7.02
54.386371 7.02
54.411496 6.68
54.427372 6.68
54.452497 6.68
54.468375 6.68
54.493497 6.68
54.509373 6.68
54.534498 6.68
54.550373 6.68
54.575498 6.68
54.591374 7.02
54.616498 7.37
54.632374 7.69
54.657498 7.37
54.673375 7.02
54.698498 7.02
54.714375 6.68
54.739499 6.68
54.755378 6.68
54.780499 6.68
54.796376 6.68
54.821500 6.68
54.837376 6.68
54.862500 6.68
54.878376 6.36
54.903500 6.68
54.919376 7.02
54.944500 7.37
54.960377 7.37
54.985501 7.02
55.001377 7.02
55.026501 6.68
55.042380 6.68
55.067501 6.68
55.083378 6.68
55.108502 6.68
55.124378 6.68
55.149502 6.68
55.165378 6.68
55.190503 6.36
55.206378 6.68
55.231503 7.02
55.247379 7.37
55.272503 7.69
55.288379 7.37
55.313503 7.02
55.329383 7.02
55.354504 6.68
55.370380 6.68
55.395504 6.68
55.411381 6.68
55.436504 6.68
55.452381 6.68
55.477505 6.68
55.493381 6.68
55.518505 6.36
55.534381 7.02
55.559506 7.02
55.575381 7.37
55.600505 7.37
55.611256 7.02
55.641506 6.68
55.657382 6.68
55.682506 6.68
55.698382 6.68
55.723507 6.68
55.739382 6.68
55.764507 6.68
55.780383 6.68
55.805507 6.68
55.821383 6.36
55.846508 7.02
55.862383 7.37
55.887508 7.37
55.898258 7.37
55.928509 7.02
55.939258 6.68
55.969509 6.68
55.980259 6.68
56.010539 6.68
56.021259 6.68
56.052026 6.68
56.062903 6.68
56.093011 6.68
56.103886 6.36
56.134011 6.36
56.144887 7.02
56.175011 7.02
56.185887 7.37
56.216012 7.37
56.226904 7.02
56.257012 7.02
56.267887 6.68
56.298012 6.68
56.308887 6.68
56.339013 6.68
56.349888 6.68
56.380013 6.68
56.390888 6.68
56.421014 6.68
56.431889 6.36
56.462014 6.68
56.472889 7.37
56.503014 7.37
56.513889 7.37
56.544014 7.02
56.554890 6.68
56.585014 6.68
56.595890 6.68
56.626032 6.68
56.636783 6.68
56.668766 6.68
56.679545 6.68
56.709891 6.68
56.720658 6.36
56.751016 6.36
56.761891 6.68
56.792016 7.02
56.802891 7.37
56.838266 7.37
56.854267 7.02
56.879783 6.68
56.896017 6.68
56.920909 6.68
56.931660 6.68
56.961893 6.68
56.972660 6.68
57.002893 6.68
57.013661 6.36
57.044018 6.36
57.054893 6.36
57.086770 6.68
57.097677 7.02
57.128019 7.37
57.138910 7.37
57.169019 7.02
57.179895 6.68
57.211771 6.68
57.222673 6.68
57.253020 6.68
57.263895 6.68
57.294020 6.68
57.304895 6.68
57.336772 6.36
57.347547 6.36
57.377912 6.36
57.393913 6.68
57.419021 7.02
57.429896 7.37
57.465272 7.37
57.476022 7.02
57.506550 6.68
57.517428 6.68
57.547915 6.68
57.558662 6.68
57.590773 6.68
57.601790 6.68
57.631915 6.68
57.642665 6.68
57.674774 6.68
57.685552 6.68
57.715913 7.02
57.726667 7.37
57.758775 7.37
57.769552 7.37
57.799914 7.02
57.810791 6.68
57.846150 6.68
57.856899 6.68
57.887275 6.68
57.903275 6.68
57.928792 6.68
57.944792 6.68
57.969901 6.36
57.980791 6.36
58.010901 6.68
58.021793 7.02
58.051901 7.37
58.062794 7.37
58.092902 6.68
58.103670 6.68
58.133918 6.68
58.144669 6.68
58.180152 6.68
58.190902 6.68
58.221278 6.68
58.237152 6.68
58.262528 6.36
58.273278 6.36
58.303920 6.36
58.314668 7.02
58.350154 7.37
58.360904 7.37
58.391279 7.37
58.407279 7.02
58.432795 6.68
58.448798 6.68
58.479154 6.68
58.489905 6.68
58.520433 6.68
58.531280 6.68
58.561923 6.68
58.572672 6.68
58.608155 6.68
58.618906 6.68
58.649281 7.02
58.665281 7.37
58.690531 7.37
58.701281 7.02
58.731923 6.68
58.742675 6.68
58.778157 6.68
58.788907 6.68
58.819409 6.68
58.830283 6.68
58.860925 6.68
58.871673 6.68
58.907158 6.68
58.917908 6.36
58.948410 7.02
58.959284 7.37
58.989687 7.37
59.005688 7.02
59.030909 7.02
59.041675 6.68
59.071909 6.68
59.082676 6.68
59.112910 6.68
59.123675 6.68
59.153910 6.68
59.164677 6.68
59.194911 6.36
59.205677 6.68
59.235911 6.68
59.246679 7.02
59.276911 7.37
59.287678 7.37
59.317911 7.02
59.328678 7.02
59.358911 7.02
59.369677 6.68
59.399912 6.68
59.410802 6.68
59.440912 6.68
59.451680 6.68
59.481913 6.68
59.492805 6.36
59.522913 6.36
59.533678 6.36
59.564038 7.02
59.574913 7.37
59.610288 7.37
59.626164 7.02
59.651693 6.68
59.668039 6.68
59.693039 6.68
59.703914 6.68
59.739289 6.68
59.755165 6.68
59.780694 6.68
59.796695 6.68
59.823667 6.36
59.834540 6.36
59.865041 7.02
59.875916 7.02
59.911291 7.37
59.927291 7.37
59.952695 7.02
59.968696 6.68
59.995668 6.68
60.006542 6.68
60.036934 6.68
60.047686 6.68
60.083292 6.68
60.099167 6.68
60.124695 6.68
60.140559 6.68
60.167669 6.68
60.178420 7.02
60.210670 7.37
60.221562 7.37
60.251937 7.02
60.262687 6.68
60.294670 6.68
60.305421 6.68
60.335936 6.68
60.346684 6.68
60.382295 6.68
60.398169 6.68
60.423813 6.68
60.434697 6.68
60.465170 6.36
60.477672 7.02
60.506296 7.37
60.517171 7.37
60.547700 7.37
60.563688 7.02
60.590672 6.68
60.601563 6.68
60.631937 6.68
60.642688 6.68
60.673172 6.68
60.685673 6.68
60.717577 6.68
60.733565 6.68
60.758940 6.68
60.769814 6.68
60.800173 7.02
60.812549 7.37
60.841454 7.37
60.852298 7.02
60.882939 7.02
60.893816 6.68
60.929299 6.68
60.940174 6.68
60.970817 6.68
60.981817 6.68
61.017174 6.68
61.033300 6.68
61.058456 6.68
61.069300 6.68
61.099943 7.02
61.110818 7.37
61.146301 7.37
61.162175 7.02
61.187704 7.02
61.203704 7.02
61.234176 6.68
61.250177 6.68
61.275428 6.68
61.286302 6.68
61.316705 6.68
61.327579 6.68
61.363303 6.68
61.374052 6.68
61.404820 6.68
61.415819 7.37
61.451303 7.37
61.462178 7.37
61.492832 7.02
61.503820 6.68
61.534179 6.68
61.550054 6.68
61.578583 6.68
61.594819 6.68
61.625305 6.68
61.636054 6.68
61.666710 6.68
61.677573 6.68
61.713305 6.68
61.724180 7.02
61.754822 7.37
61.765820 7.37
61.796181 7.02
61.812306 6.68
61.837433 6.68
61.848306 6.68
61.878949 6.68
61.889699 6.68
61.920182 6.68
61.936182 6.68
61.961434 6.68
61.972308 6.36
62.002573 6.68
62.018434 7.02
62.043950 7.37
62.054701 7.37
62.090183 7.02
62.106183 7.02
62.131435 6.68
62.142308 6.68
62.172713 6.68
62.183589 6.68
62.219184 6.68
62.235184 6.68
62.260436 6.68
62.271310 6.36
62.301713 6.68
62.312578 7.02
62.348310 7.37
62.359060 7.37
62.389715 7.02
62.400590 6.68
62.436186 6.68
62.452311 6.68
62.477437 6.68
62.488311 6.68
62.518579 6.68
62.534702 6.68
62.559955 6.68
62.570704 6.36
62.601187 6.68
62.617187 7.02
62.642439 7.37
62.653312 7.37
62.683953 7.37
62.694705 7.02
62.725188 7.02
62.741188 6.68
62.766440 6.68
62.777314 6.68
62.807718 6.68
62.818441 6.68
62.854189 6.68
62.870189 6.68
62.895441 6.36
62.906315 6.68
62.936718 7.02
62.947593 7.37
62.983315 7.37
62.994065 7.02
63.024594 7.02
63.040707 6.68
63.067569 6.68
63.078443 6.68
63.110568 6.68
63.121443 6.68
63.151959 6.68
63.162709 6.68
63.193192 6.68
63.209317 6.36
63.237594 6.68
63.253707 7.37
63.280569 7.37
63.291444 7.37
63.321722 7.02
63.332598 6.68
63.368193 6.68
63.384318 6.68
63.412596 6.68
63.428586 6.68
63.459194 6.68
63.475319 6.68
63.503596 6.36
63.519598 6.36
63.550195 6.68
63.566195 7.37
63.594599 7.37
63.610588 7.37
63.641070 7.02
63.657195 6.68
63.682195 6.68
63.698196 6.68
63.723464 6.68
63.735946 6.68
63.764726 6.68
63.775600 6.68
63.811322 6.68
63.822072 6.68
63.852727 6.68
63.863601 7.37
63.899323 7.37
63.910072 7.02
63.940726 6.68
63.951607 6.68
63.987073 6.68
64.003198 6.68
64.028199 6.68
64.038948 6.68
64.069324 6.68
64.080074 6.68
64.115965 6.36
64.126717 6.68
64.156950 7.02
64.167715 7.37
64.198200 7.37
64.208950 7.37
64.239451 7.02
64.255605 7.02
64.280730 6.68
64.291603 6.68
64.321951 6.68
64.332718 6.68
64.362951 6.68
64.373719 6.68
64.409076 6.68
64.425202 6.68
64.450202 6.68
64.460952 7.02
64.491453 7.37
64.507605 7.37
64.532729 7.02
64.543453 7.02
64.574078 6.68
64.590202 6.68
64.615203 6.68
64.625953 6.68
64.656454 6.68
64.672455 6.68
64.697846 6.68
64.708600 6.68
64.744079 6.68
64.760204 7.02
64.785205 7.37
64.796080 7.37
64.826457 7.37
64.842609 7.02
64.867733 7.02
64.878457 6.68
64.908956 6.68
64.919724 6.68
64.950081 6.68
64.966206 6.68
64.991206 6.68
65.002081 6.68
65.032458 6.68
65.048608 6.36
65.079207 7.02
65.090082 7.37
65.120459 7.37
65.136612 7.37
65.167207 7.02
65.178083 6.68
65.208459 6.68
65.224611 6.68
65.249737 6.68
65.260612 6.68
65.291084 6.68
65.307209 6.68
65.332209 6.68
65.343084 6.68
65.373461 6.68
65.389614 7.37
65.414851 7.02
65.425600 6.68
65.455960 6.68
65.466725 6.68
65.497085 6.68
65.513210 6.68
65.538210 6.68
65.549085 6.68
65.579461 6.68
65.595615 6.68
65.620738 0.37
65.631462 5.00
65.662087 4.68
65.678086 4.68
65.703212 4.68
65.713961 4.68
65.744462 4.68
65.760615 4.68
65.785741 4.68
65.796464 4.68
65.826963 4.68
65.837729 4.68
65.868088 4.68
65.884088 4.68
65.909213 4.68
65.920088 4.68
65.950494 4.68
65.966615 4.68
65.997214 4.68
66.007964 4.68
66.038466 4.68
66.054619 4.68
66.081470 4.68
66.092340 4.68
66.124470 4.68
66.135340 4.68
66.167470 4.68
66.178341 4.68
66.208742 4.68
66.219467 4.68
66.250091 4.68
66.266091 4.68
66.291216 4.68
66.302092 4.68
66.332467 4.68
66.348467 4.68
66.375472 4.68
66.386342 4.68
66.418347 4.68
66.429093 4.68
66.459610 4.68
66.470468 4.34
66.506093 4.68
66.522093 4.68
66.547218 4.68
66.557969 4.68
66.588469 4.68
66.604469 4.68
66.631348 4.68
66.642219 4.68
66.677987 4.68
66.690355 4.68
66.719095 4.68
66.735095 4.68
66.760220 4.68
66.770970 4.68
66.801471 4.68
66.817471 4.68
66.847987 4.68
66.863988 4.68
66.889221 4.68
66.900096 4.68
66.930472 4.68
66.941221 4.68
66.976990 4.68
66.989357 4.68
67.018222 4.68
67.028972 4.68
67.059624 4.68
67.070473 4.68
67.100863 4.68
67.111616 4.68
67.141973 4.68
67.157974 4.68
67.183099 4.68
67.193865 4.68
67.224224 4.34
67.235099 4.68
67.265628 4.68
67.276474 4.68
67.306866 4.68
67.317629 4.68
67.348099 4.68
67.358867 4.68
67.389225 4.68
67.400101 4.68
67.430629 4.68
67.441476 4.68
67.471865 4.68
67.482630 4.68
67.512976 4.68
67.528977 4.68
67.554102 4.68
67.564866 4.68
67.595227 4.68
67.606102 4.68
67.636629 4.68
67.647506 4.68
67.677977 4.34
67.693977 4.68
67.719103 4.68
67.729868 4.68
67.760228 4.68
67.770978 4.68
67.801632 4.68
67.812505 4.68
67.842979 4.34
67.858979 4.68
67.884104 4.68
67.894870 4.68
67.925229 4.68
67.935979 4.68
67.966510 4.68
67.977230 4.68
68.007980 4.68
68.024105 4.68
68.049106 4.68
68.059870 4.68
68.090231 4.68
68.101106 4.68
68.131634 4.68
68.142508 4.68
68.172981 4.68
68.189106 4.68
68.214107 4.68
68.224873 4.68
68.255232 4.68
68.266107 4.68
68.296635 4.68
68.307360 4.68
68.337983 4.68
68.354108 4.68
68.379108 4.68
68.389983 4.68
68.420233 4.34
68.431108 4.68
68.461637 4.68
68.472363 4.68
68.502859 4.34
68.513639 4.68
68.543984 4.68
68.560110 4.68
68.584985 4.34
68.601110 4.68
68.625985 4.68
68.642111 4.68
68.667110 4.68
68.677877 4.68
68.708235 4.68
68.719111 4.68
68.749639 4.68
68.760365 4.68
68.790986 4.68
68.807111 4.68
68.832112 4.68
68.842987 4.68
68.873237 4.68
68.884112 4.68
68.916368 4.68
68.927237 4.68
68.963113 4.68
68.973987 4.68
69.004238 4.68
69.016880 4.68
69.045518 4.68
69.056238 4.68
69.086989 4.68
69.103114 4.68
69.127989 4.68
69.144114 4.34
69.168989 4.68
69.185114 4.68
69.209989 4.68
69.226115 4.68
69.251115 4.68
69.261990 4.68
69.292240 4.68
69.304645 4.68
69.335245 4.68
69.346116 4.68
69.376518 4.68
69.387368 4.68
69.417991 4.68
69.434117 4.34
69.459117 4.68
69.469883 4.68
69.500242 4.68
69.512632 4.68
69.549886 4.68
69.562258 4.68
69.590993 4.68
69.607117 4.68
69.631993 4.68
69.648118 4.68
69.672993 4.68
69.689118 4.68
69.714119 4.68
69.724886 4.68
69.755244 4.68
69.767648 4.68
69.796522 4.68
69.807370 4.68
69.837885 4.68
69.853887 4.68
69.878995 4.68
69.889870 4.68
69.920120 4.68
69.930885 4.68
69.961245 4.68
69.977246 4.68
70.002523 4.68
70.013246 4.68
70.043746 4.68
70.054523 4.68
70.084890 4.68
70.100889 4.68
70.126122 4.68
70.136887 4.68
70.167247 4.68
70.183247 4.68
70.208374 4.68
70.219248 4.68
70.255122 4.68
70.265998 4.68
70.296248 4.68
70.312248 4.68
70.337525 4.68
70.348249 4.68
70.378891 4.68
70.394892 4.68
70.420124 4.34
70.430999 4.34
70.461249 4.68
70.477249 4.68
70.507892 4.68
70.523891 4.68
70.549000 4.68
70.559875 4.34
70.590125 4.68
70.601001 4.34
70.631251 4.68
70.647250 4.68
70.672529 4.68
70.683378 4.68
70.714001 4.34
70.724894 4.34
70.755127 4.68
70.766002 4.68
70.796252 4.68
70.812127 4.68
70.837532 4.68
70.848252 4.68
70.878895 4.68
70.894895 4.68
70.920003 4.68
70.930893 4.68
70.961128 4.34
70.972004 4.68
71.002254 4.68
71.018254 4.68
71.043534 4.68
71.054381 4.68
71.085005 4.68
71.095896 4.68
71.126005 4.68
71.136897 4.68
71.167004 4.34
71.177880 4.68
71.208005 4.34
71.218881 4.34
71.249006 4.34
71.259881 4.68
71.290131 4.68
71.301006 4.68
71.331256 4.68
71.347256 4.68
71.372534 4.68
71.383383 4.68
71.414007 4.34
71.424898 4.68
71.455132 4.34
71.465883 4.68
71.496257 4.68
71.512258 4.68
71.537536 4.68
71.548384 4.68
71.579008 4.34
71.589900 4.68
71.620008 4.68
71.630884 4.34
71.661009 4.68
71.671901 4.68
71.702009 4.68
71.712884 4.34
71.743009 4.68
71.753885 4.68
71.784010 4.68
71.794885 4.68
71.825010 4.34
71.835885 4.68
71.866010 4.34
71.876886 4.34
71.907011 4.34
71.917886 4.34
71.948011 4.68
71.958886 4.68
71.989011 4.34
71.999886 4.68
72.030012 4.68
72.040887 4.68
72.071137 4.68
72.083539 4.34
72.112263 4.68
72.128263 4.68
72.155142 4.68
72.166012 4.68
72.196263 4.68
72.212263 4.68
72.239143 4.68
72.250013 4.68
72.280264 4.68
72.296264 4.68
72.326668 4.68
72.337390 4.68
72.368015 4.68
72.378904 4.34
72.409014 4.68
72.419890 4.68
72.450015 4.68
72.460890 4.68
72.491015 4.68
72.501891 4.68
72.532016 4.68
72.542891 4.68
72.573016 4.68
72.583891 4.34
72.614016 4.68
72.624891 4.68
72.655016 4.68
72.665892 4.68
72.696017 4.68
72.706892 4.68
72.737018 4.68
72.747892 4.68
72.778017 4.68
72.788893 4.68
72.819018 4.68
72.829910 4.68
72.860018 4.68
72.870894 4.68
72.901019 4.68
72.911894 4.68
72.942019 4.68
72.952894 4.68
72.983019 4.34
72.993895 4.68
73.024019 4.68
73.034895 4.68
73.065020 4.68
73.075895 4.68
73.106020 4.68
73.116895 4.68
73.147020 4.68
73.157896 4.68
73.188021 4.68
73.198896 4.68
73.229146 4.68
73.245021 4.34
73.270271 4.34
73.281022 4.34
73.316664 4.34
73.332662 4.34
73.357897 4.34
73.368665 4.68
73.399022 4.68
73.409898 4.68
73.440023 4.68
73.450898 4.68
73.481023 4.68
73.491915 4.68
73.522024 4.34
73.532899 4.34
73.563024 4.68
73.573899 4.68
73.604024 4.34
73.614899 4.34
73.645024 4.68
73.655792 4.34
73.686025 4.68
73.696900 4.34
73.727025 4.34
73.737900 4.68
73.768025 4.34
73.778901 4.34
73.809026 4.34
73.819901 4.34
73.850026 4.34
73.860902 4.34
73.891027 4.34
73.901902 4.34
73.932027 4.34
73.942902 4.34
73.973285 4.34
73.989410 4.34
74.014925 4.34
74.025673 4.34
74.056281 4.34
74.067155 4.34
74.102921 4.34
74.113672 4.34
74.144279 4.34
74.155028 4.34
74.190672 4.34
74.201405 4.34
74.231922 4.34
74.242670 4.34
74.273154 4.34
74.289030 4.34
74.314280 4.68
74.325155 4.68
74.360671 4.68
74.371407 4.34
74.401905 4.34
74.412673 4.34
74.442906 4.68
74.453672 4.34
74.483906 4.68
74.494672 4.34
74.524907 4.68
74.535672 4.34
74.565907 4.34
74.576675 4.34
74.606907 4.34
74.617817 4.34
74.650217 4.34
74.661166 4.34
74.691810 4.34
74.702806 4.34
74.733287 4.34
74.744162 4.34
74.774691 4.34
74.790679 4.34
74.816035 4.34
74.828660 4.34
74.857159 4.34
74.873034 4.34
74.898284 4.34
74.909159 4.34
74.944677 4.34
74.957045 4.34
74.985926 4.34
74.996677 4.34
75.026910 4.68
75.037678 4.68
75.067911 4.68
75.078678 4.34
75.108911 4.34
75.119678 4.34
75.149911 4.68
75.160676 4.34
75.190912 4.68
75.201678 4.68
75.231912 4.34
75.242679 4.34
75.272913 4.34
75.283678 4.34
75.313913 4.34
75.324678 4.34
75.354913 4.34
75.365681 4.34
75.395913 4.34
75.406678 4.34
75.436913 4.34
75.447679 4.34
75.477914 4.34
75.488806 4.68
75.518914 4.68
75.529843 4.68
75.565834 4.68
