0.000000 0.000000
0.041941 4.34
0.052814 4.34
0.083391 4.34
0.094630 3.33
0.130756 2.34
0.152314 2.66
0.163332 2.66
0.199399 2.66
0.210505 2.34
0.246186 2.66
0.257185 2.34
0.287700 2.34
0.303821 2.66
0.330591 2.34
0.341461 2.66
0.373585 2.66
0.384458 2.34
0.416583 2.34
0.427455 2.34
0.459582 2.34
0.470330 2.34
0.502586 2.34
0.513334 2.34
0.545585 2.34
0.556335 2.34
0.588584 2.34
0.599334 2.66
0.631585 2.66
0.642334 2.66
0.677932 2.66
0.688824 2.66
0.719057 2.66
0.731585 2.66
0.760632 2.66
0.776824 2.66
0.802210 2.34
0.813194 2.34
0.843849 2.34
0.854848 2.34
0.885639 2.66
0.903619 2.34
0.927193 2.34
0.938199 2.34
0.968964 2.66
0.985325 4.02
1.010588 4.02
1.026836 4.02
1.052191 4.34
1.063191 4.34
1.093832 4.02
1.104705 4.02
1.135345 4.02
1.146188 4.02
1.176824 4.02
1.187702 4.02
1.218061 4.34
1.233937 4.34
1.259337 4.34
1.270187 4.34
1.300828 4.34
1.311701 4.34
1.342062 4.34
1.354465 4.34
1.386463 4.34
1.402340 4.34
1.427855 4.02
1.438855 4.34
1.469517 4.34
1.485870 4.34
1.516198 4.34
1.526945 4.34
1.557846 4.34
1.570495 4.34
1.599485 4.34
1.615711 4.34
1.646204 4.34
1.657201 4.34
1.687824 4.34
1.698842 4.34
1.729468 4.34
1.745721 4.34
1.776198 4.34
1.787197 4.34
1.817838 4.34
1.828715 4.34
1.859353 4.68
1.870193 4.68
1.906201 4.68
1.917201 5.00
1.947828 5.00
1.958719 5.00
1.989359 5.00
2.000196 5.00
2.030712 5.00
2.041712 5.00
2.072069 5.00
2.088194 5.00
2.113069 5.00
2.129068 5.00
2.154193 5.00
2.165068 5.00
2.195348 5.35
2.206193 5.00
2.242205 5.00
2.253204 5.35
2.283846 5.35
2.294719 5.00
2.325361 5.35
2.337949 5.00
2.366718 5.35
2.377716 5.35
2.408072 5.35
2.424071 5.00
2.449071 5.35
2.464945 5.00
2.490348 5.00
2.501195 5.00
2.531837 5.35
2.542714 5.35
2.573070 5.35
2.589071 5.00
2.614072 5.35
2.630071 5.35
2.655352 5.35
2.666197 5.00
2.698476 5.00
2.709354 5.35
2.739839 5.35
2.750715 5.35
2.781072 5.35
2.797073 5.35
2.822473 5.35
2.838472 5.35
2.869201 5.35
2.880076 5.35
2.910719 5.35
2.921715 5.35
2.957199 5.35
2.968074 5.35
2.998716 5.35
3.009464 5.35
3.041480 5.35
3.052353 5.35
3.084477 5.35
3.095200 5.35
3.126086 5.35
3.142334 5.35
3.167722 5.35
3.178471 5.35
3.209204 5.35
3.220079 5.35
3.250721 5.35
3.261480 5.35
3.292077 5.35
3.308201 5.35
3.333353 5.35
3.345826 5.35
3.376477 5.35
3.387351 5.35
3.418092 5.00
3.429087 5.35
3.459739 5.35
3.470733 5.35
3.501336 5.35
3.513959 5.35
3.548207 5.35
3.559082 5.35
3.589722 5.35
3.600473 5.35
3.631080 5.35
3.647079 5.35
3.672079 5.00
3.688079 5.35
3.713360 5.35
3.725954 5.35
3.760231 5.35
3.771228 5.35
3.803383 5.35
3.814211 5.35
3.850209 5.35
3.861084 5.35
3.891599 5.35
3.902474 5.35
3.938207 5.35
3.949082 5.35
3.979610 5.35
3.990331 5.35
4.026081 5.35
4.037248 5.35
4.067729 5.35
4.078727 5.35
4.109211 5.35
4.120086 5.35
4.150601 5.35
4.161487 5.35
4.191958 5.35
4.204360 5.35
4.233334 5.35
4.249208 5.35
4.274481 5.35
4.285208 5.35
4.320958 5.35
4.337235 5.35
4.365622 5.35
4.376495 5.35
4.407243 5.35
4.418248 5.35
4.454090 5.35
4.465249 5.35
4.495743 5.69
4.506745 5.69
4.537342 5.69
4.553612 5.69
4.584226 5.69
4.595090 5.69
4.625605 5.69
4.636481 5.69
4.667087 5.69
4.677962 5.69
4.708491 5.69
4.719336 5.69
4.754961 5.69
4.770962 5.69
4.796086 5.69
4.806837 5.69
4.837337 5.69
4.853337 5.69
4.878604 5.69
4.889337 5.69
4.919963 5.69
4.935963 5.69
4.961088 5.69
4.971963 5.69
5.002492 5.69
5.013339 5.69
5.048964 5.69
5.064964 5.69
5.090089 5.69
5.100964 5.69
5.131493 5.69
5.142339 5.69
5.177964 5.69
5.193965 5.69
5.219089 5.69
5.229965 5.69
5.260090 5.69
5.270965 5.69
5.301341 5.69
5.317222 5.69
5.342620 5.69
5.353341 5.69
5.383841 5.69
5.394607 5.69
5.424966 5.69
5.440966 5.35
5.466092 5.69
5.476842 5.35
5.507495 5.35
5.518342 5.35
5.553968 5.35
5.570092 4.34
5.595548 4.34
5.611753 4.34
5.637098 4.34
5.648098 4.34
5.678747 4.34
5.689742 4.34
5.720095 4.34
5.730970 4.34
5.761501 4.34
5.772383 4.34
5.808094 4.34
5.818969 4.34
5.849499 4.34
5.860222 4.34
5.896094 4.34
5.906970 4.34
5.937372 4.34
5.953499 4.34
5.984095 4.34
5.994845 4.34
6.025375 4.34
6.041375 4.34
6.066980 4.34
6.083103 4.34
6.108623 4.34
6.119513 4.34
6.150100 4.34
6.160975 4.34
6.191227 4.34
6.203849 4.34
6.234352 4.34
6.245225 4.34
6.281097 4.34
6.291847 4.34
6.322501 4.34
6.333377 4.34
6.368973 4.34
6.385098 4.34
6.410098 4.34
6.420849 4.34
6.451378 4.34
6.467377 4.34
6.498099 4.34
6.508974 4.34
6.539769 4.34
