0.000000 0.000000
0.041950 4.68
0.058071 4.68
0.086487 4.68
0.097455 3.01
0.128073 2.66
0.139076 2.66
0.169701 2.66
0.180696 2.66
0.216443 2.66
0.232315 2.66
0.257440 2.66
0.273314 2.66
0.298437 2.66
0.314313 2.66
0.339437 2.66
0.355312 2.66
0.380436 2.66
0.396311 2.66
0.421435 2.66
0.437450 2.66
0.462575 2.66
0.473453 2.66
0.503812 2.66
0.519812 2.66
0.553454 2.66
0.569453 2.66
0.594563 2.66
0.605453 2.66
0.635688 2.66
0.646576 2.66
0.676814 2.66
0.692814 2.66
0.718089 2.66
0.728939 2.66
0.759704 2.66
0.770705 2.66
0.806593 2.66
0.817592 2.66
0.849891 2.66
0.860953 2.66
0.891495 2.66
0.902468 2.66
0.933076 2.66
0.944078 2.66
0.974706 4.02
0.987253 4.34
1.021591 4.34
1.032574 4.34
1.063228 4.34
1.074104 4.34
1.104584 4.34
1.115461 4.34
1.147848 4.34
1.158694 4.34
1.194693 4.34
1.207219 4.34
1.235817 4.34
1.251818 4.34
1.278844 4.34
1.289693 4.34
1.325459 4.34
1.341458 4.34
1.366694 4.34
1.379219 4.34
1.407819 4.34
1.423959 4.34
1.449484 4.34
1.460465 4.34
1.491125 4.68
1.502138 4.34
1.532700 4.34
1.545235 4.34
1.582463 4.34
1.598465 4.34
1.623960 4.34
1.634959 4.34
1.665606 4.68
1.676580 4.34
1.707079 4.34
1.717827 4.34
1.748701 4.34
1.764825 4.68
1.791733 4.68
1.802593 4.68
1.838342 5.00
1.850717 5.00
1.879464 5.35
1.895621 5.35
1.920954 5.35
1.931830 5.35
1.962473 5.35
1.973221 5.35
2.003952 5.35
2.014827 5.69
2.045360 5.69
2.061467 5.69
2.086701 5.69
2.099076 5.69
2.127949 5.35
2.138700 5.35
2.169354 5.35
2.185371 5.69
2.210963 5.35
2.221960 5.35
2.252602 5.35
2.263582 5.69
2.299473 5.69
2.310224 5.35
2.340829 5.35
2.351704 5.69
2.387469 5.35
2.398220 5.69
2.428703 5.35
2.444577 5.35
2.469827 5.35
2.480710 5.69
2.511474 5.35
2.522475 5.69
2.552831 5.69
2.563706 5.69
2.599473 5.69
2.610219 5.69
2.640829 5.69
2.651705 5.69
2.687470 5.69
2.698221 5.69
2.728580 5.69
2.739348 5.69
2.769705 5.69
2.785579 5.69
2.810830 5.69
2.821705 5.69
2.852497 5.69
2.863492 5.69
2.894088 5.69
2.904961 5.69
2.935602 5.69
2.946477 5.69
2.982237 5.69
2.998223 5.69
3.023597 5.69
3.034474 5.69
3.064832 5.69
3.075582 5.69
3.105832 5.69
3.116582 5.69
3.152606 5.69
3.165122 5.69
3.201487 5.69
3.212380 5.69
3.242959 5.69
3.253710 6.01
3.284363 6.01
3.300477 5.69
3.325584 5.69
3.336350 6.01
3.366709 5.69
3.382584 6.01
3.407835 5.69
3.418716 5.69
3.454481 6.01
3.465382 6.01
3.497721 6.01
3.508720 6.01
3.539359 6.36
3.555485 12.32
3.580840 0.05
3.591714 6.36
3.622373 6.01
3.638258 12.32
3.663713 12.32
3.679713 6.36
3.704837 0.05
3.715587 6.36
3.751230 6.36
3.761962 12.32
3.792847 6.01
3.803846 6.36
3.834486 0.05
3.845235 6.36
3.877716 6.36
3.888717 6.36
3.919268 12.32
3.935246 6.36
3.960483 6.36
3.971247 6.36
4.001715 12.32
4.017589 6.01
4.042839 6.36
4.053590 12.32
4.084371 6.36
4.095369 6.36
4.125982 12.32
4.136846 12.32
4.167486 6.36
4.178240 6.36
4.210717 6.36
4.221593 6.36
4.253718 6.36
4.264482 6.36
4.294841 6.36
4.305592 6.36
4.341246 6.36
4.351966 6.36
4.382842 6.36
4.393592 6.36
4.424382 12.32
4.435372 6.36
4.465986 6.36
4.476984 6.36
4.507490 6.36
4.518254 6.36
4.550596 6.36
4.561379 6.36
4.591979 6.36
4.602719 6.36
4.633359 6.36
4.644248 6.36
4.674484 6.36
4.685236 6.36
4.715595 6.36
4.728098 6.36
4.762096 6.36
4.772846 6.36
4.803487 6.36
4.814262 6.36
4.844720 6.36
4.855484 6.36
4.885845 6.36
4.896595 6.36
4.927247 6.36
4.939622 6.36
4.968487 6.36
4.979245 6.36
5.009738 6.36
5.025988 6.36
5.051501 6.36
5.062492 6.36
5.098099 6.36
5.108849 6.36
5.139367 6.36
5.150289 6.36
5.180598 6.36
5.192978 6.36
5.224253 6.36
5.240252 6.36
5.265491 6.36
5.276252 6.36
5.306855 6.36
5.317854 6.36
5.348496 6.36
5.359496 6.36
5.395374 6.36
5.406371 6.36
5.436852 6.36
5.447728 6.36
5.478258 6.36
5.494259 6.36
5.519617 6.36
5.535493 6.36
5.560601 6.36
5.576601 6.36
5.601726 6.36
5.617602 6.36
5.642851 6.36
5.653602 6.36
5.684520 6.36
5.697155 6.36
5.731146 6.36
5.747146 6.36
5.772606 6.36
5.788606 6.36
5.813854 6.36
5.824729 6.36
5.860370 6.36
5.871132 6.36
5.901728 6.36
5.917603 6.36
5.942854 6.36
5.953743 6.36
5.984519 6.36
5.997154 6.36
6.031406 6.36
6.042271 6.36
6.072733 6.36
6.088733 6.36
6.119373 6.36
6.130136 6.36
6.160731 6.36
6.176731 6.36
6.201856 6.36
6.212606 6.36
6.243498 6.36
6.254395 6.36
6.290395 6.36
6.301391 6.36
6.333645 6.36
6.344502 6.36
6.380372 6.36
6.391374 6.36
6.421608 6.36
6.437609 6.36
6.462732 6.36
6.478732 6.36
6.503858 6.36
6.514607 6.36
6.545131 6.36
6.561135 6.36
6.586608 6.36
6.602608 6.36
6.633392 6.36
6.644376 6.36
6.680249 6.36
6.691245 6.36
6.721867 6.36
6.732866 6.36
6.763506 6.36
6.775992 6.36
6.810145 6.36
6.826148 6.36
6.851613 6.36
6.867612 6.36
6.894642 6.36
6.905501 6.36
6.937612 6.36
6.948505 6.36
6.978751 6.36
6.989749 6.36
7.020396 6.36
7.031399 6.36
7.067393 6.36
7.078391 6.36
7.114251 6.36
7.125171 11.70
7.155870 12.05
7.166870 12.05
7.197510 12.05
7.209999 12.05
7.244152 12.05
7.260148 12.05
7.285615 12.05
7.301616 12.05
7.328491 12.05
7.339507 12.05
7.369614 12.05
7.385614 12.05
7.410615 12.05
7.426505 12.05
7.451615 12.05
7.467615 7.02
7.492615 11.70
7.503491 12.05
7.533616 12.05
7.544509 12.05
7.574616 12.05
7.585491 12.05
7.615616 12.05
7.626507 12.05
7.656616 12.05
7.667507 12.05
7.697617 12.05
7.708492 12.05
7.743742 12.05
7.754509 12.05
7.790147 12.05
7.806000 12.05
7.831508 7.37
7.847508 12.05
7.872493 12.05
7.888618 12.05
7.913493 12.05
7.925869 12.05
7.954619 12.05
7.970494 12.05
7.995619 12.05
8.006494 12.05
8.036619 12.05
8.047495 12.05
8.077745 12.05
8.088495 12.05
8.123996 12.05
8.139996 12.37
8.165510 12.05
8.181510 9.36
8.206746 11.38
8.217496 12.05
8.252998 12.05
8.268998 12.05
8.294512 12.05
8.310513 12.05
8.335622 12.05
8.351622 12.05
8.376622 12.05
8.387497 12.05
8.417622 12.05
8.428497 12.05
8.458748 12.05
8.469623 12.37
8.504999 12.05
8.520999 12.05
8.546517 9.71
8.562513 11.38
8.587499 12.05
8.603513 12.05
8.628624 12.05
8.644624 12.05
8.669624 12.05
8.680500 12.05
8.710624 12.05
8.721500 12.05
8.751750 12.05
8.762500 12.05
8.798002 12.05
8.814004 12.05
8.839277 12.37
8.850002 12.05
8.880516 12.05
8.896626 12.05
8.921501 10.03
8.937519 12.05
8.962626 12.37
8.978626 12.37
9.003752 12.05
9.014502 12.37
9.050003 12.37
9.066006 12.37
9.091519 12.37
9.107518 12.37
9.132503 12.37
9.148628 12.37
9.173503 12.05
9.189519 12.05
9.214503 12.05
9.230522 12.05
9.255504 12.05
9.271522 7.02
9.296629 12.05
9.312629 12.05
9.337629 12.05
9.348505 12.05
9.378629 12.05
9.389505 12.05
9.419629 12.05
9.430505 12.37
9.460630 12.05
9.471505 12.05
9.501630 12.05
9.512505 12.37
9.544537 12.37
9.555397 12.37
9.587523 12.05
9.598398 12.05
9.628632 9.04
9.639524 11.38
9.669632 12.05
9.680507 12.05
9.710757 12.05
9.721507 12.05
9.757008 12.05
9.773011 12.05
9.798286 12.05
9.809009 12.05
9.839523 12.05
9.855633 12.05
9.880508 12.05
9.896526 12.05
9.921509 12.05
9.937524 12.05
9.962634 12.37
9.973509 12.37
10.003634 10.03
10.014510 12.05
10.044635 12.37
10.055510 12.37
10.085635 12.05
10.096510 12.37
10.126635 12.37
10.137510 12.37
10.167635 12.37
10.178510 12.37
10.208636 12.37
10.219511 12.37
10.249636 12.37
10.260511 12.37
10.290637 12.37
10.301512 12.05
10.331637 12.37
10.342512 8.03
10.372637 11.70
10.383512 12.37
10.413638 12.37
10.424512 12.05
10.454637 12.37
10.465513 12.37
10.495638 12.37
10.506513 12.37
10.536638 12.37
10.547513 12.37
10.577639 12.37
10.588514 12.37
10.618639 12.37
10.629514 12.37
10.659639 12.37
10.670515 12.37
10.700639 12.37
10.711515 9.04
10.741639 12.05
10.752515 12.37
10.782640 12.37
10.793515 12.37
10.823640 12.37
10.834516 12.37
10.869890 12.37
10.885891 12.37
10.911171 12.37
10.921892 12.37
10.952532 12.37
10.968642 12.37
10.993517 12.37
11.004282 12.37
11.034642 12.37
11.045517 12.37
11.080893 7.69
11.091767 12.05
11.122172 12.37
11.133019 12.37
11.163534 12.37
11.174285 12.05
11.204643 12.37
11.215519 12.37
11.250894 12.37
11.261768 12.05
11.292297 12.05
11.303175 12.37
11.333519 12.37
11.344286 12.37
11.374519 12.37
11.385287 12.05
11.415520 12.37
11.426288 7.69
11.456520 12.05
11.467287 12.37
11.497521 12.05
11.508289 12.05
11.543771 12.37
11.554521 12.37
11.589896 12.37
11.600646 12.37
11.631176 12.37
11.642023 12.37
11.672540 12.37
11.683289 12.37
11.713522 12.37
11.724287 12.37
11.754522 12.37
11.765289 12.37
11.795523 7.69
11.806290 12.05
11.836523 12.37
11.847288 12.37
11.877524 12.37
11.888292 12.37
11.918524 12.37
11.929292 12.37
11.959524 12.37
11.970293 12.05
12.000524 12.37
12.011291 12.37
12.041524 12.37
12.052292 12.37
12.082525 12.37
12.093290 12.37
12.123525 12.37
12.134294 12.37
12.164527 9.36
12.175293 12.37
12.205526 12.37
12.216295 12.37
12.246527 12.37
12.257294 12.37
12.287527 12.37
12.298295 12.37
12.328527 12.37
12.339295 12.37
12.369528 12.37
12.380294 12.37
12.410527 12.05
12.421294 12.37
12.451528 12.37
12.462295 12.37
12.492528 12.05
12.503296 8.70
12.533529 11.70
12.544421 12.37
12.574529 12.05
12.585279 12.05
12.615528 12.37
12.626278 12.05
12.656528 12.37
12.667279 12.37
12.697528 12.37
12.708279 12.37
12.743654 12.37
12.754404 12.37
12.786406 12.37
12.797155 12.37
12.827404 12.37
12.843280 12.05
12.868405 11.70
12.884280 10.37
12.909405 12.05
12.925281 12.37
12.950406 12.37
12.966281 12.37
12.991406 12.05
13.007282 12.37
13.032406 12.37
13.048282 12.37
13.073406 12.05
13.089282 12.37
13.114407 12.37
13.130282 12.37
13.155407 12.37
13.171283 12.05
13.196407 12.37
13.212283 12.37
13.237408 8.03
13.253283 11.70
13.278408 12.37
13.294284 12.37
13.319408 12.05
13.335284 12.37
13.360409 12.37
13.376285 12.37
13.401409 12.37
13.417284 12.37
13.442409 12.05
13.458285 12.37
13.483410 12.37
13.499285 12.37
13.524410 12.37
13.540286 12.37
13.565410 12.37
13.581286 12.37
13.606411 9.04
13.622286 12.05
13.647411 12.37
13.658161 12.37
13.688411 12.37
13.704286 12.37
13.729411 12.37
13.740162 12.37
13.770412 12.37
13.781161 12.37
13.811412 12.37
13.822162 12.37
13.852413 12.37
13.863162 12.37
13.893413 12.37
13.904163 12.37
13.934413 12.37
13.945163 9.04
13.975413 11.38
13.986163 12.37
14.016413 12.37
14.027164 12.37
14.057414 12.37
14.068164 12.37
14.098414 12.37
14.109164 12.05
14.139415 12.37
14.150164 12.37
14.180415 12.37
14.191165 12.37
14.221415 12.37
14.232165 12.37
14.262415 12.37
14.273166 12.37
14.303415 12.37
14.314166 7.02
14.344416 12.05
14.355166 12.05
14.385416 12.37
14.396166 12.05
14.426417 12.37
14.437167 12.37
14.467417 12.37
14.478167 12.37
14.508417 12.37
14.519167 12.37
14.549418 12.37
14.560168 12.37
14.590418 12.37
14.601168 12.37
14.631418 12.37
14.642169 12.37
14.672418 11.04
14.683169 10.72
14.713419 12.05
14.724168 12.37
14.754419 12.05
14.765169 12.37
14.795420 12.37
14.806169 12.37
14.836420 12.37
14.847170 12.37
14.877420 12.37
14.888170 12.37
14.918420 12.37
14.929171 12.05
14.959562 12.37
14.970312 12.37
15.005922 12.05
15.021797 12.37
15.047327 8.03
15.063314 12.05
15.090299 12.37
15.101202 12.37
15.131566 12.37
15.142315 12.37
15.177923 12.37
15.193923 12.37
15.219329 12.37
15.235564 12.37
15.262300 12.37
15.273189 12.37
15.305301 12.37
15.316067 12.37
15.348301 12.37
15.359193 12.37
15.391319 12.37
15.402069 10.37
15.434319 12.37
15.445192 12.37
15.480925 12.37
15.491801 12.37
15.522329 12.37
15.538569 12.37
15.568926 12.37
15.584927 12.05
15.610442 12.37
15.621205 12.37
15.653331 12.37
15.664082 12.37
15.699927 12.37
15.710802 12.37
15.741446 12.37
15.752195 7.69
15.787928 12.05
15.803803 12.37
15.829332 12.37
15.845332 12.37
15.875804 12.37
15.891929 12.37
15.917084 12.37
15.927928 12.05
15.958572 12.37
15.969447 12.37
15.999805 12.37
16.015805 12.37
16.041083 12.37
16.051930 12.37
16.082571 12.37
16.093448 12.37
16.128930 7.69
16.144806 12.05
16.170211 12.37
16.186324 12.37
16.211571 12.37
16.222324 12.37
16.252807 12.37
16.265183 12.37
16.293932 12.37
16.304682 12.37
16.335335 12.37
16.346210 12.37
16.381807 12.37
16.397808 12.37
16.423059 12.37
16.433933 12.37
16.464338 12.37
16.475211 7.37
16.510933 12.05
16.521683 12.37
16.552338 12.37
16.563212 12.37
16.598684 12.37
16.609576 12.37
16.639810 12.37
16.655809 12.37
16.681061 12.37
16.691935 12.37
16.722339 12.37
16.733213 12.37
16.768935 12.37
16.779686 12.37
16.810340 12.37
16.821215 12.37
16.856936 9.71
16.867686 12.37
16.898341 12.37
16.909214 12.05
16.944936 12.37
16.955687 12.37
16.986340 12.37
16.997063 12.37
17.032812 12.37
17.048812 12.05
17.074064 12.37
17.084938 12.37
17.115343 12.37
17.126217 12.37
17.161938 12.05
17.172688 12.37
17.203344 7.69
17.214216 12.05
17.249939 12.37
17.260689 12.37
17.291343 12.37
17.302066 12.37
17.337940 12.37
17.348815 12.37
17.379345 12.37
17.390217 12.37
17.425940 12.37
17.436691 12.37
17.467342 12.37
17.478067 12.37
17.513941 12.37
17.524816 12.37
17.555346 12.05
17.566222 10.72
17.601817 12.37
17.617817 12.37
17.646068 12.37
17.656942 12.37
17.687583 12.37
17.698336 12.37
17.728692 12.37
17.739585 12.37
17.769818 12.37
17.785693 12.37
17.814069 12.37
17.824943 12.37
17.855345 12.37
17.866070 12.37
17.901818 12.37
17.917959 8.35
17.943482 5.00
17.954473 4.68
17.985076 4.68
17.997701 4.68
18.026590 4.68
18.037341 4.68
18.067948 4.68
18.078823 4.68
18.109351 4.68
18.120072 4.68
18.155821 4.68
18.171696 4.68
18.196946 4.68
18.207821 4.68
18.238351 4.68
18.249227 4.68
18.284822 4.68
18.300822 4.68
18.326073 4.68
18.336947 4.68
18.367352 4.68
18.378224 4.68
18.413823 4.68
18.429823 4.68
18.455074 4.68
18.467698 4.68
18.496352 4.68
18.507226 4.68
18.542824 4.68
18.558949 4.68
18.584367 4.68
18.595358 4.68
18.625832 4.68
18.636831 4.68
18.667368 4.68
18.678240 4.68
18.713953 4.68
18.724828 4.68
18.755357 4.68
18.766232 4.68
18.801951 4.68
18.812701 4.68
18.843354 4.68
18.854077 4.68
18.889827 4.68
18.905702 4.68
18.930952 4.68
18.941702 4.68
18.972355 4.68
18.983232 4.68
19.018827 4.68
19.034828 4.68
19.060079 4.68
19.072578 4.68
19.101357 4.68
19.112079 4.68
19.142578 4.68
19.153346 4.68
19.183704 4.68
19.199829 4.34
19.224829 4.68
19.235580 4.68
19.266081 4.68
19.282233 4.34
19.307358 4.68
19.318081 4.68
19.348580 4.68
19.359347 4.68
19.389580 4.68
19.400347 4.68
19.430706 4.68
19.443081 4.68
19.471831 4.68
19.482581 4.68
19.513083 4.68
19.529220 4.68
