0.000000 0.000000
0.041916 4.34
0.053037 4.34
0.088977 4.34
0.101555 2.66
0.135826 2.66
0.146826 2.66
0.179096 2.66
0.190039 2.66
0.225947 2.66
0.238535 2.66
0.272658 2.66
0.288815 2.66
0.314173 2.66
0.330295 2.66
0.360809 2.66
0.371655 2.66
0.402169 2.66
0.418171 2.66
0.443405 2.66
0.454295 2.66
0.489655 2.66
0.505655 2.34
0.530932 2.66
0.541655 2.66
0.572296 2.66
0.583171 2.34
0.618656 2.66
0.634656 2.66
0.659933 2.66
0.670656 2.66
0.701298 2.66
0.712173 2.66
0.742297 2.66
0.753233 2.66
0.783977 2.66
0.796560 2.66
0.830843 2.66
0.841981 2.66
0.877826 2.34
0.888797 2.66
0.924675 2.66
0.935685 2.66
0.966319 2.66
0.977458 4.02
1.007962 4.34
1.024186 4.34
1.054827 4.34
1.065665 4.34
1.096304 4.34
1.107178 4.02
1.137817 4.34
1.148662 4.34
1.179300 4.34
1.190177 4.34
1.220810 4.34
1.231661 4.34
1.262175 4.34
1.278300 4.02
1.305062 4.02
1.315937 4.34
1.348061 4.34
1.358812 4.34
1.391061 4.34
1.401814 4.02
1.432678 4.02
1.443678 4.34
1.474335 4.34
1.485303 4.34
1.515802 4.34
1.526679 4.34
1.562866 4.34
1.574104 4.34
1.609546 4.34
1.622086 4.34
1.651220 4.34
1.662188 4.34
1.692668 4.34
1.703543 4.34
1.734183 4.34
1.745185 4.34
1.780821 4.34
1.791666 4.34
1.822309 4.34
1.833182 4.34
1.863540 4.34
1.876058 4.34
1.904806 4.34
1.915666 4.34
1.946308 4.34
1.957059 4.34
1.992666 4.34
2.008542 4.34
2.033946 4.34
2.050071 4.34
2.080667 4.34
2.096667 4.34
2.121944 4.34
2.134417 4.34
2.163307 4.34
2.174059 4.34
2.204543 4.34
2.220543 4.34
2.245794 4.34
2.256668 4.34
2.287312 4.34
2.298061 4.34
2.333544 4.34
2.349669 4.34
2.374669 4.34
2.385544 4.34
2.415946 4.34
2.431947 4.34
2.458920 4.34
2.469796 4.34
2.500310 4.34
2.511063 4.34
2.546670 4.34
2.557420 4.34
2.588073 4.34
2.598797 4.34
2.634546 4.34
2.650546 4.34
2.675671 4.34
2.686546 4.34
2.716922 4.34
2.732922 4.34
2.758315 4.34
2.769063 4.34
2.804547 4.34
2.816924 4.34
2.845672 4.34
2.856547 4.34
2.887121 4.34
2.898081 4.34
2.928682 4.34
2.939550 4.34
2.970323 4.34
2.981321 4.34
3.011993 4.68
3.028206 4.68
3.058808 4.68
3.069807 4.68
3.105679 4.68
3.116554 4.68
3.147322 4.68
3.158320 4.68
3.188801 4.68
3.199803 4.68
3.230316 4.68
3.241067 4.68
3.271550 4.34
3.287426 4.68
3.313091 4.68
3.329310 4.68
3.354683 4.68
3.365682 4.68
3.396323 4.68
3.407069 4.68
3.437679 4.68
3.448554 4.68
3.479322 4.68
3.490072 4.68
3.520428 4.68
3.531317 4.68
3.561427 4.68
3.572303 4.68
3.602683 4.68
3.613553 4.68
3.644343 4.68
3.655317 5.35
3.685984 5.00
3.702207 5.35
3.732811 5.35
3.743684 5.35
3.774325 5.35
3.785074 5.00
3.815681 5.00
3.826556 5.35
3.857087 5.35
3.867931 5.35
3.903555 5.00
3.919555 5.00
3.944680 5.35
3.955431 5.35
3.985931 5.00
4.001931 5.00
4.027323 5.35
4.038071 5.35
4.068431 5.35
4.079306 5.00
4.109432 5.35
4.120307 5.35
4.150432 5.35
4.161307 5.00
4.191432 5.35
4.202308 5.35
4.232433 5.35
4.243308 5.00
4.273683 5.35
4.284433 5.35
4.315085 5.35
4.325933 5.00
4.361434 5.35
4.372309 5.35
4.402559 5.35
4.418559 5.35
4.443810 5.00
4.454684 5.35
4.485088 5.35
4.495934 5.35
4.526697 4.68
4.537695 4.34
4.569942 4.34
4.580993 4.34
4.611564 4.34
4.627690 4.34
4.653224 4.34
4.664099 4.34
4.694688 4.34
4.705562 4.34
4.736092 4.34
4.746952 4.34
4.782687 4.34
4.793437 4.34
4.824091 4.34
4.834813 4.34
4.865695 4.34
4.876695 4.34
4.908820 4.34
4.919692 4.34
4.951817 4.34
4.962690 4.34
4.994817 4.34
5.005690 4.34
5.036094 4.34
5.046954 4.34
5.082438 4.34
5.098439 4.34
5.123564 4.34
5.139439 4.34
5.164689 4.34
5.175564 4.34
5.206092 4.34
5.216815 4.34
5.247440 4.34
5.259816 4.34
5.288565 4.34
5.304565 4.34
5.329816 4.34
5.342332 4.34
5.372817 4.34
5.383691 4.34
5.419567 4.34
5.430315 4.34
5.460833 4.34
5.476971 4.34
5.502084 4.34
5.512847 4.34
5.543708 4.34
