0.000000 0.000000
0.041870 4.34
0.059773 4.34
0.078061 4.34
0.106936 2.66
0.128936 2.66
0.150810 2.34
0.168816 2.66
0.187137 2.66
0.217240 2.66
0.227988 2.66
0.258237 2.66
0.268985 2.66
0.299235 2.66
0.309985 2.66
0.340234 2.66
0.350984 2.66
0.381233 2.66
0.391982 2.66
0.422359 2.66
0.438358 2.66
0.463637 2.66
0.474484 2.66
0.505123 2.66
0.515999 2.66
0.546359 2.66
0.562235 2.66
0.587638 2.66
0.598485 2.66
0.629001 2.66
0.639749 2.66
0.675235 2.66
0.686127 2.66
0.716361 2.66
0.732236 2.66
0.757814 2.66
0.774028 2.66
0.799377 2.66
0.810372 2.66
0.841071 2.66
0.852157 2.66
0.882628 2.66
0.895251 2.66
0.929501 2.66
0.940503 2.66
0.972821 3.33
0.983926 4.34
1.019665 4.34
1.032246 4.34
1.066494 4.34
1.077493 4.34
1.108007 4.34
1.118757 4.34
1.149366 4.34
1.165490 4.34
1.190642 4.34
1.201489 4.02
1.233767 4.34
1.244641 4.34
1.280240 4.34
1.292764 4.34
1.321365 4.34
1.337364 4.02
1.365767 4.34
1.382004 4.34
1.412365 4.02
1.428507 4.34
1.454028 4.34
1.465012 4.34
1.495632 4.34
1.511877 4.34
1.542517 4.34
1.553504 4.34
1.589374 4.34
1.605667 4.34
1.631026 4.34
1.642035 4.34
1.672676 4.34
1.688895 4.34
1.719499 4.34
1.730498 4.34
1.766373 4.34
1.782496 4.34
1.807652 4.34
1.823775 4.34
1.851775 4.34
1.868009 4.34
1.894776 4.34
1.905650 4.34
1.941510 4.34
1.952689 4.34
1.988381 4.34
2.004503 4.34
2.030022 4.34
2.041019 4.34
2.071500 4.68
2.082375 4.68
2.112907 4.68
2.123767 5.00
2.159498 5.00
2.170373 5.00
2.206384 5.35
2.217383 5.35
2.248024 5.35
2.259023 5.35
2.289502 5.35
2.300376 5.35
2.330910 5.35
2.341783 5.35
2.372250 5.35
2.384625 5.35
2.413499 5.35
2.424249 5.35
2.455016 5.35
2.465891 5.35
2.496667 5.35
2.512905 5.35
2.543506 5.35
2.554380 5.35
2.590379 5.35
2.601253 5.35
2.631788 5.35
2.642662 5.35
2.678377 5.35
2.689251 5.35
2.719643 5.35
2.735781 5.35
2.760904 5.35
2.771826 5.35
2.802511 5.35
2.813511 5.35
2.849384 5.35
2.860384 5.69
2.890777 5.69
2.901632 5.69
2.937381 5.69
2.948255 5.69
2.978784 5.69
2.989630 5.69
3.025378 5.69
3.036128 5.69
3.066629 5.69
3.082782 5.69
3.107782 5.69
3.118629 5.69
3.149389 5.69
3.160386 5.69
3.191039 5.69
3.202041 5.69
3.232507 5.69
3.243507 5.69
3.279382 5.69
3.290380 5.69
3.320656 5.69
3.336655 5.69
3.364781 5.69
3.375657 5.69
3.406130 5.69
3.417056 5.69
3.447811 5.69
3.464035 5.69
3.489386 5.69
3.500261 5.69
3.531028 5.69
3.541806 5.69
3.572384 5.69
3.583259 5.69
3.613665 5.69
3.629804 5.69
3.655026 5.69
3.665796 5.69
3.696258 5.69
3.712398 5.69
3.737926 5.69
3.748920 5.69
3.779389 6.01
3.790389 6.01
3.821030 6.01
3.832028 6.01
3.862511 6.01
3.873511 6.01
3.904028 6.01
3.915028 6.01
3.945260 6.01
3.961259 6.01
3.986385 6.01
3.997259 6.01
4.027666 6.01
4.043788 6.01
4.074400 6.01
4.085399 6.01
4.117702 12.32
4.128643 12.32
4.164516 6.01
4.175391 6.01
4.206032 12.32
4.216907 0.05
4.247388 6.01
4.258263 6.01
4.288815 0.05
4.299683 6.36
4.335387 6.01
4.346262 6.01
4.376792 6.01
4.387669 6.01
4.423388 6.01
4.434264 6.01
4.464663 6.01
4.480665 6.01
4.511388 6.01
4.522263 6.01
4.552513 6.01
4.563388 6.01
4.593787 6.36
4.604513 12.32
4.640264 6.01
4.656396 6.01
4.681685 6.01
4.697940 6.01
4.725919 6.01
4.736791 6.36
4.767520 6.36
4.783519 6.36
4.810649 6.36
4.821518 6.36
4.857392 6.36
4.868267 6.36
4.898793 6.36
4.909643 6.36
4.940142 12.32
4.952520 6.36
4.981267 6.36
4.997392 12.32
5.022656 6.36
5.038922 6.36
5.064276 6.36
5.075274 6.36
5.105835 6.36
5.116647 6.36
5.147146 6.36
5.163395 6.36
5.188648 6.36
5.199520 6.36
5.231546 6.36
5.242393 6.36
5.278269 6.36
5.294268 6.36
5.319657 6.36
5.335940 6.36
5.361276 6.36
5.372275 6.36
5.402809 6.36
5.413650 12.32
5.446805 6.36
5.457648 6.36
5.488063 0.05
5.498913 12.32
5.529271 6.36
5.540039 6.36
5.570396 6.36
5.581271 6.36
5.611846 6.36
5.622797 6.36
5.653401 6.36
5.664276 6.36
5.700284 6.36
5.711282 6.36
5.741923 6.36
5.752797 6.36
5.783402 6.36
5.794276 6.36
5.830168 6.36
5.846151 12.32
5.871650 6.36
5.882399 6.36
5.918166 6.36
5.934149 6.36
5.959399 6.36
5.970414 0.05
6.006282 6.36
6.017282 6.36
6.047818 6.36
6.058654 6.36
6.089278 6.36
6.100046 6.36
6.130527 6.36
6.146527 6.36
6.177165 6.36
6.193151 6.36
6.218526 6.36
6.234526 6.36
6.268418 6.36
6.281065 6.36
6.315284 6.36
6.326283 6.36
6.356954 6.36
6.367923 6.36
6.398405 6.36
6.409279 6.36
6.439853 6.36
6.450653 6.36
6.481043 6.36
6.491796 6.36
6.522153 6.36
6.538153 6.36
6.563410 6.36
6.574409 6.36
6.604811 6.36
6.615653 6.36
6.646413 6.36
6.657411 6.36
6.693285 6.36
6.704159 6.36
6.734942 6.36
6.745816 6.36
6.776281 6.36
6.787157 6.36
6.817540 6.36
6.833538 6.36
6.864172 6.36
6.880170 6.36
6.905406 6.36
6.916281 6.36
6.946806 6.36
6.957655 6.36
6.988406 6.36
6.999282 6.36
7.031541 6.36
7.042281 6.36
7.078049 6.36
7.088809 6.36
7.119157 6.36
7.135173 6.36
7.160157 6.36
7.176157 6.36
7.201283 6.36
7.212051 6.36
7.242408 6.36
7.253283 6.36
7.283812 6.36
7.294541 6.36
7.325424 6.36
7.341732 6.36
7.367179 6.36
7.378165 6.36
7.408820 6.36
7.419667 9.04
7.450418 10.03
7.463063 5.69
7.497290 4.34
7.508164 4.68
7.540556 4.34
7.551413 4.68
7.587287 4.68
7.598162 4.68
7.628689 4.34
7.639539 4.34
7.670178 4.34
7.686286 4.34
7.711412 4.68
7.723814 4.34
7.754443 4.34
7.765286 4.34
7.801287 4.34
7.812162 4.34
7.842413 4.34
7.854814 4.34
7.888444 4.34
7.899288 4.34
7.935288 4.34
7.946164 4.34
7.976413 4.34
7.988815 4.34
8.017691 4.34
8.028542 4.34
8.059164 4.68
8.075289 4.34
8.100289 4.34
8.111177 4.34
8.147174 4.34
8.158181 4.34
8.188834 4.34
8.199834 4.34
8.230419 4.34
8.246549 4.34
8.277060 4.34
8.289434 4.34
8.318417 4.34
8.334416 4.68
8.365059 4.34
8.377433 4.34
8.406291 4.68
8.417059 4.68
8.447416 4.34
8.459820 4.34
8.494060 4.34
8.506446 4.34
8.535429 4.34
