0.000000 0.000000
0.041728 4.34
0.057969 4.34
0.083406 4.34
0.094409 2.66
0.124976 2.66
0.135988 2.66
0.166758 2.34
0.182973 2.66
0.208384 2.66
0.219378 2.66
0.249967 2.66
0.260842 2.66
0.291369 2.66
0.307371 2.66
0.332839 2.34
0.343729 2.66
0.379219 2.34
0.395270 2.34
0.420730 2.66
0.436727 2.66
0.461837 2.66
0.472729 2.34
0.502963 2.66
0.513727 2.66
0.549224 2.66
0.573730 2.34
0.603365 2.34
0.614225 2.34
0.644729 2.34
0.660732 2.66
0.685839 2.34
0.696728 2.34
0.726964 2.66
0.737731 2.66
0.768629 2.66
0.784856 2.66
0.815476 2.34
0.826515 2.66
0.862796 2.34
0.884395 2.66
0.895391 2.34
0.931414 2.66
0.942419 2.66
0.978533 4.02
0.989478 4.02
1.025388 4.02
1.036387 4.02
1.066973 4.34
1.077847 4.34
1.108376 4.02
1.119231 4.02
1.149845 4.02
1.160733 4.34
1.190969 4.34
1.201732 4.34
1.237223 4.34
1.253224 4.34
1.278495 4.34
1.289223 4.02
1.319844 4.34
1.330735 4.02
1.360844 4.34
1.371736 4.02
1.407094 4.34
1.423417 4.34
1.448762 4.34
1.464985 4.34
1.490371 4.34
1.501397 4.34
1.531986 4.34
1.542983 4.34
1.573624 4.34
1.589854 4.34
1.615230 4.34
1.631519 4.34
1.659389 4.34
1.670228 4.34
1.700850 4.34
1.711742 4.34
1.747233 4.34
1.763241 4.34
1.788740 4.34
1.804739 4.34
1.829848 4.34
1.840740 4.34
1.870848 4.34
1.881724 4.34
1.917099 4.34
1.933099 4.34
1.958378 4.34
1.969099 4.34
1.999741 4.34
2.010491 4.34
2.040850 4.34
2.051725 4.34
2.081850 4.34
2.092740 4.34
2.122850 4.34
2.133725 4.34
2.163850 4.34
2.174725 4.34
2.204851 4.34
2.215741 4.34
2.245851 4.34
2.256726 4.34
2.286851 4.34
2.297727 4.34
2.327851 4.34
2.338727 4.34
2.370603 4.34
2.381378 4.34
2.411742 4.34
2.422620 4.34
2.452853 4.34
2.463742 4.34
2.493852 4.34
2.504728 4.34
2.540103 4.34
2.556103 4.34
2.581505 4.34
2.593978 4.34
2.622854 4.34
2.633745 4.34
2.663854 4.34
2.674729 4.34
2.704980 4.34
2.715729 4.34
2.751230 4.34
2.767233 4.34
2.792508 4.34
2.803231 4.34
2.833747 4.34
2.844498 4.34
2.874855 4.34
2.885731 4.34
2.915856 4.34
2.926731 4.34
2.958607 4.34
2.969383 4.34
2.999749 4.34
3.010499 4.34
3.040732 4.34
3.051623 4.34
3.081732 4.34
3.092499 4.34
3.122858 4.34
3.133750 4.34
3.165609 4.34
3.176511 4.34
3.206748 4.34
3.217501 4.34
3.249609 4.34
3.260388 4.34
3.290859 4.34
3.301751 4.34
3.336983 4.34
3.347859 4.34
3.378109 4.34
3.390610 4.34
3.419389 4.34
3.430252 4.34
3.460860 4.34
3.471749 4.34
3.503611 4.34
3.514390 4.34
3.544861 4.34
3.555752 4.34
3.590986 4.34
3.601861 4.34
3.632111 4.34
3.644488 4.34
3.673514 4.34
3.689626 4.34
3.714862 4.34
3.725753 4.34
3.761112 4.34
3.773517 4.34
3.802642 4.34
3.818755 4.34
3.849113 4.34
3.861489 4.34
3.890392 4.34
3.901112 4.34
3.931754 4.34
3.942506 4.34
3.972863 4.34
3.983739 4.34
4.019113 4.34
4.035114 4.34
4.060395 4.34
4.071240 4.34
4.101754 4.34
4.112506 4.34
4.147989 4.34
4.158740 4.34
4.189115 4.34
4.204990 4.34
4.230392 4.34
4.241115 4.34
4.271758 4.34
4.282507 4.34
4.318116 4.34
4.333991 4.34
4.359395 4.34
4.370116 4.34
4.400756 4.34
4.411510 4.34
4.441867 4.34
4.452757 4.34
4.488117 4.34
4.503992 4.34
4.529521 4.34
4.545522 4.34
4.570759 4.34
4.581511 4.34
4.616993 4.34
4.627743 4.34
4.658118 4.34
4.673993 4.34
4.699397 4.34
4.710118 4.34
4.740758 4.34
4.751510 4.34
4.787119 4.34
4.802995 4.34
4.828397 4.34
4.839119 4.34
4.869762 4.34
4.880517 4.34
4.910870 4.34
4.921745 4.34
4.956995 4.34
4.967871 4.02
4.998120 4.34
5.013996 4.34
5.039523 4.34
5.055524 4.34
5.080764 4.34
5.091514 4.34
5.127122 4.02
5.142997 4.34
5.168402 4.34
5.179122 4.34
5.209764 4.34
5.220515 4.34
5.255998 4.34
5.266873 4.34
5.297123 4.34
5.312998 4.02
5.338527 4.34
5.354527 4.34
5.379748 4.34
5.390517 4.34
5.420749 4.34
5.431642 4.34
5.461749 4.34
5.472515 4.34
5.502750 4.34
5.513625 4.34
5.543750 4.34
5.554518 4.34
5.584750 4.34
5.595517 4.34
5.625750 4.34
5.636518 4.02
5.666751 4.34
5.677518 4.34
5.707751 4.34
5.718643 4.34
5.748751 4.34
5.759519 4.34
5.791502 4.34
5.802252 4.34
5.834502 4.02
5.845253 4.34
5.875767 4.34
5.886518 4.34
5.922002 4.34
5.934502 4.34
5.963128 4.34
5.979003 4.34
6.004378 4.34
6.015128 4.34
6.045771 4.34
6.056520 4.34
6.088504 4.34
6.099255 4.34
6.131505 4.34
6.142255 4.34
6.174505 4.34
6.185379 4.34
6.215769 4.34
6.226521 4.34
6.262004 4.34
6.274506 4.34
6.303130 4.02
6.319005 4.34
6.344380 4.34
6.357006 4.34
6.385772 4.34
6.396523 4.34
6.432006 4.34
6.444507 4.02
6.473257 4.34
6.484131 4.34
6.514775 4.34
6.525647 4.34
6.557383 4.34
6.568132 4.34
6.598774 4.34
6.609524 4.34
6.641384 4.34
6.652133 4.34
6.682775 4.34
6.693651 4.34
6.725385 4.34
6.736133 4.34
6.766775 4.34
6.777525 4.34
6.809412 4.34
6.820134 4.34
6.850776 4.34
6.861652 4.34
6.896884 4.34
6.907774 4.34
6.937885 4.34
6.948760 4.34
6.979135 4.34
6.989885 4.34
7.020386 4.34
7.032761 4.34
7.061779 4.34
7.072527 4.34
7.102886 4.34
7.113761 4.34
7.143886 4.34
7.154761 4.34
7.184886 4.34
7.195761 4.34
7.225887 4.34
7.236762 4.34
7.266887 4.34
7.277762 4.34
7.307888 4.34
7.318763 4.02
7.348887 4.34
7.359763 4.34
7.389887 4.34
7.400763 4.34
7.430888 4.34
7.441763 4.34
7.471888 4.34
7.482764 4.34
7.512889 4.34
7.523781 4.34
7.553889 4.34
7.564764 4.34
7.594890 4.34
7.605765 4.34
7.635890 4.34
7.646765 4.02
7.677015 4.34
7.693015 4.34
7.721390 4.34
7.737282 4.34
7.762782 4.34
7.773533 4.02
7.804016 4.34
7.820016 4.02
7.845267 4.34
7.856141 4.34
7.886785 4.34
7.897533 4.34
7.933017 4.34
7.949017 4.34
7.974295 4.34
7.985142 4.34
8.015785 4.34
8.026533 4.02
8.057018 4.34
8.073143 4.34
8.098143 4.34
8.108893 4.34
8.139547 4.34
8.150393 4.34
8.186019 4.34
8.202019 4.34
8.227270 4.34
8.238143 4.34
8.268786 4.34
8.279535 4.34
8.310020 4.34
8.325894 4.34
8.351271 4.34
8.362145 4.34
8.392788 4.34
8.403535 4.34
8.434020 4.34
8.450020 4.34
8.475271 4.34
8.486146 4.34
8.518397 4.34
8.529272 4.34
8.559790 4.34
8.570539 4.34
8.601022 4.34
8.616897 4.34
8.645425 4.34
8.661273 4.34
8.692147 4.34
8.702898 4.34
8.733552 4.34
8.744415 4.34
8.780023 4.34
8.796148 4.34
8.821274 4.34
8.832148 4.34
8.864400 4.34
8.875275 4.34
8.907400 4.34
8.918275 4.34
8.948791 4.34
8.959541 4.34
8.990024 4.34
9.006025 4.34
9.031276 4.34
9.043900 4.34
9.074401 4.34
9.085276 4.34
9.117402 4.34
9.128276 4.34
9.160402 4.34
9.171276 4.34
9.203402 4.34
9.214277 4.34
9.246403 4.34
9.257277 4.34
9.289403 4.34
9.300277 4.34
9.332278 4.34
9.343152 4.34
9.375278 4.34
9.386152 4.34
9.416557 4.34
9.427278 4.34
9.463028 4.34
9.479153 4.34
9.504306 4.34
9.520432 4.34
9.547298 4.34
9.558154 4.34
9.594029 4.34
9.610029 4.34
9.635281 4.34
9.647801 4.34
9.676558 4.34
9.687433 4.34
9.723030 4.34
9.739030 4.34
9.764155 4.34
9.775030 4.34
9.805672 4.34
9.816421 4.34
9.846781 4.34
9.857671 4.34
9.887781 4.34
9.898672 4.34
9.928781 4.34
9.939672 4.34
9.969782 4.34
9.980673 4.34
10.010783 4.34
10.021673 4.34
10.051782 4.34
10.062547 4.34
10.092783 4.34
10.103549 4.34
10.133783 4.34
10.144549 4.34
10.174783 4.34
10.185550 4.02
10.215783 4.34
10.226549 4.34
10.256784 4.34
10.267551 4.34
10.297784 4.34
10.308551 4.34
10.338784 4.34
10.349551 4.34
10.379785 4.34
10.390549 4.34
10.420910 4.34
10.437035 4.34
10.462035 4.34
10.472911 4.34
10.503286 4.34
10.519440 4.34
10.550036 4.34
10.560911 4.34
10.591287 4.34
10.607439 4.34
10.632440 4.34
10.643161 4.34
10.678912 4.34
10.694912 4.34
10.720037 4.34
10.730787 4.34
10.761288 4.34
10.777288 4.34
10.808038 4.34
10.818912 4.34
10.849163 4.34
10.859913 4.02
10.890567 4.34
10.901442 4.34
10.931913 4.34
10.947914 4.34
10.973039 4.34
10.983789 4.34
11.014290 4.34
11.030441 4.34
11.055556 4.34
11.066290 4.34
11.096790 4.34
11.107557 4.34
11.137915 4.34
11.153915 4.34
11.179040 4.34
11.189791 4.34
11.220165 4.34
11.231040 4.34
11.261569 4.34
11.272292 4.34
11.302916 4.34
11.319041 4.34
11.344042 4.34
11.354791 4.34
11.385292 4.34
11.401293 4.34
11.432042 4.34
11.442792 4.34
11.473293 4.34
11.489444 4.34
11.514685 4.34
11.525571 4.34
11.555918 4.34
11.572043 4.34
11.597043 4.34
11.607918 4.34
11.638295 4.34
11.654449 4.34
11.685044 4.34
11.695919 4.34
11.726296 4.34
11.742446 4.34
11.767573 4.34
11.778449 4.34
11.808795 4.34
11.819562 4.34
11.849920 4.34
11.865920 4.34
11.891045 4.34
11.901920 4.34
11.932296 4.34
11.948449 4.34
11.975300 4.34
11.986171 4.34
12.018300 4.34
12.029171 4.34
12.061300 4.34
12.072171 4.34
12.108047 4.34
12.118922 4.34
12.149298 4.34
12.165298 4.34
12.196048 4.34
12.206923 4.34
12.237299 4.34
12.253452 4.34
12.280177 4.34
12.290923 4.34
12.323178 4.34
12.333923 4.34
12.369814 4.34
12.382177 4.34
12.411049 4.34
12.421924 4.34
12.452174 4.34
12.468174 4.34
12.493454 4.34
12.504301 4.34
12.534925 4.34
12.551050 4.34
12.576050 4.34
12.586925 4.34
12.617331 4.34
12.633455 4.34
12.658817 4.34
12.674926 4.34
12.700051 4.34
12.710926 4.34
12.741331 4.34
12.752176 4.34
12.782819 4.34
12.798819 4.34
12.824052 4.34
12.834802 4.34
12.865177 4.34
12.881178 4.34
12.911819 4.34
12.927820 4.34
12.953053 4.34
12.963928 4.34
12.994304 4.34
13.005178 4.34
13.040820 4.34
13.056821 4.34
13.082054 4.34
13.092804 4.34
13.123460 4.34
13.134305 4.34
13.164819 4.34
13.180821 4.34
13.206055 4.34
13.216805 4.34
13.247306 4.34
13.258181 4.34
13.293823 4.34
13.309821 4.34
13.335056 4.34
13.345806 4.34
13.376181 4.34
13.392181 4.34
13.422822 4.34
13.438824 4.34
13.464056 4.34
13.474932 4.34
13.505337 4.34
13.516182 4.34
13.546824 4.34
13.562825 4.34
13.588057 4.34
13.598808 4.34
13.629310 4.34
13.640183 4.34
13.676059 4.34
13.686933 4.34
13.717310 4.34
13.728183 4.34
13.758464 4.34
13.769310 4.34
13.799827 4.34
13.815827 4.34
13.841059 4.34
13.851809 4.34
13.882311 4.34
13.893184 4.34
13.929060 4.34
13.939935 4.34
13.970310 4.34
13.981185 4.34
14.016828 4.34
14.032829 4.34
14.058061 4.34
14.068936 4.34
14.099312 4.34
14.110186 4.34
14.145830 4.34
14.161828 4.34
14.187062 4.34
14.197937 4.34
14.228313 4.34
14.239187 4.34
14.274830 4.34
14.290829 4.34
14.316063 4.34
14.326813 4.34
14.357314 4.34
14.368188 4.34
14.403829 4.34
14.419830 4.34
14.445063 4.34
14.455814 4.34
14.486315 4.34
14.497189 4.34
14.533064 4.34
14.543940 4.34
14.574315 4.34
14.585189 4.34
14.615833 4.34
14.631831 4.34
14.657065 4.34
14.667940 4.34
14.698315 4.34
14.709190 4.34
14.744834 4.34
14.760834 4.34
14.786066 4.34
14.796816 4.34
14.827317 4.34
14.838191 4.34
14.873834 4.34
14.889833 4.34
14.915067 4.34
14.927585 4.34
14.961210 4.34
14.985834 4.34
15.001834 4.34
15.027068 4.34
15.039459 4.34
15.073084 4.34
15.083944 4.34
15.116097 4.34
15.126944 4.34
15.162835 4.34
15.178834 4.34
15.204069 4.34
15.216460 4.34
15.245194 4.34
15.261194 4.34
15.291838 4.34
15.307838 4.34
15.333070 4.34
15.345463 4.34
15.374321 4.34
15.385070 4.34
15.420838 4.34
15.431586 4.34
15.462071 4.34
15.474462 4.34
15.503321 4.34
15.514196 4.34
15.544712 4.34
15.560712 4.34
15.585822 4.34
15.596590 4.34
15.626822 4.34
15.637587 4.34
15.667822 4.34
15.678591 4.34
15.708823 4.34
15.719590 4.34
15.749948 4.34
15.760713 4.34
15.791073 4.34
15.806948 4.34
15.837714 4.34
15.853717 4.34
15.878824 4.34
15.889589 4.34
15.919824 4.34
15.930592 4.34
15.960950 4.34
15.971717 4.34
16.002075 4.34
16.018075 4.34
16.048717 4.34
16.064715 4.34
16.089951 4.34
16.100717 4.34
16.131076 4.34
16.147076 4.34
16.172326 4.34
16.183076 4.34
16.213594 4.34
16.229718 4.34
16.254951 4.34
16.265716 4.34
16.296077 4.34
16.312077 4.34
16.342719 4.34
16.358718 4.34
16.383828 4.34
16.394595 4.34
16.424828 4.34
16.435595 4.34
16.465953 4.34
16.476720 4.34
16.507078 4.34
16.523078 4.34
16.548359 4.34
16.559213 4.34
16.589847 4.34
16.600596 4.34
16.631079 4.34
16.646954 4.34
16.672329 4.34
16.683080 4.34
16.713595 4.34
16.724359 4.34
16.754830 4.34
16.765722 4.34
16.795831 4.34
16.806723 4.34
16.836831 4.34
16.847724 4.34
16.877832 4.34
16.888725 4.34
16.918957 4.34
16.929832 4.34
16.960082 4.34
16.975957 4.34
17.006722 4.34
17.022723 4.34
17.047957 4.34
17.058722 4.34
17.089082 4.34
17.105083 4.34
17.130361 4.34
17.141210 4.34
17.171848 4.34
17.182725 4.34
17.213084 4.34
17.229084 4.34
17.254212 4.34
17.265084 4.34
17.300959 4.34
17.311834 4.34
17.342084 4.34
17.358085 4.34
17.383365 4.34
17.394213 4.34
17.424835 4.34
17.435727 4.34
17.465835 4.34
17.476728 4.34
17.506836 4.34
17.517726 4.34
17.547836 4.34
17.558728 4.34
17.588961 4.34
17.601490 4.34
17.630086 4.34
17.646087 4.34
17.673112 4.34
17.683837 4.34
17.714729 4.34
17.730730 4.34
17.755963 4.34
17.768493 4.34
17.797088 4.34
17.813088 4.34
17.839993 4.34
17.850839 4.34
17.886730 4.34
17.902730 4.34
17.927839 4.34
17.938731 4.34
17.968964 4.34
17.981369 4.34
18.010089 4.34
18.025964 4.34
18.056494 4.34
18.068995 4.34
18.097840 4.34
18.108730 4.34
18.138840 4.34
18.149732 4.34
18.179966 4.34
18.192370 4.34
18.221091 4.34
18.237091 4.34
18.262217 4.34
18.273091 4.34
18.303733 4.34
18.314496 4.34
18.344967 4.34
18.360966 4.34
18.386092 4.34
18.396842 4.34
18.432497 4.34
18.443220 4.34
18.473843 4.34
18.484734 4.34
18.514968 4.34
18.530843 4.34
18.556093 4.34
18.566843 4.34
18.602496 4.34
18.613220 4.34
18.643844 4.34
18.654737 4.34
18.684844 4.34
18.695737 4.34
18.725844 4.34
18.736734 4.34
18.766845 4.34
18.777736 4.34
18.807845 4.34
18.818720 4.34
18.848846 4.34
18.859737 4.34
18.889846 4.34
18.900738 4.34
18.930846 4.34
18.941739 4.34
18.971845 4.34
18.982596 4.34
19.012845 4.34
19.023595 4.34
19.053846 4.34
19.064596 4.34
19.094846 4.34
19.105596 4.34
19.135972 4.34
19.151973 4.34
19.177097 4.34
19.187973 4.34
19.223738 4.34
19.234491 4.34
19.265098 4.34
19.281098 4.34
19.311502 4.34
19.327503 4.34
19.352849 4.34
19.363742 4.34
19.393974 4.34
19.409974 4.34
19.435100 4.34
19.445974 4.34
19.481743 4.34
19.492490 4.34
19.522850 4.34
19.533743 4.34
19.563850 4.34
19.574725 4.34
19.604976 4.34
19.620975 4.34
19.646101 4.34
19.656976 4.34
19.692868 4.34
19.703741 4.34
19.734265 4.34
19.745102 4.34
19.775744 4.34
19.786619 4.34
19.816977 4.34
19.832977 4.34
19.858103 4.34
19.868977 4.34
19.904868 4.34
19.917381 4.34
19.946249 4.34
19.957103 4.34
19.987743 4.34
19.998621 4.34
20.029104 4.34
20.045247 4.34
20.075745 4.34
20.086496 4.34
20.116854 4.34
20.127730 4.34
20.157855 4.34
20.168730 4.34
20.198855 4.34
20.209730 4.34
20.239981 4.34
20.255980 4.34
20.281105 4.34
20.291855 4.34
20.322510 4.34
20.338510 4.34
20.363856 4.34
20.374748 4.34
20.404857 4.34
20.417386 4.34
20.445857 4.34
20.458383 4.34
20.486857 4.34
20.497747 4.34
20.527857 4.34
20.540386 4.34
20.568858 4.34
20.581387 4.34
20.609983 4.34
20.625858 4.34
20.651108 4.34
20.661983 4.34
20.692387 4.34
20.704868 4.34
20.733859 4.34
20.746236 4.34
20.774859 4.34
20.787236 4.34
20.815859 4.34
20.828236 4.34
20.856985 4.34
20.872860 4.34
20.898110 4.34
20.908985 4.34
20.939515 4.34
20.955500 4.34
20.980861 4.34
20.993237 4.34
21.021861 4.34
21.037861 4.34
21.062861 4.34
21.075238 4.34
21.103861 4.34
21.116238 4.34
21.144987 4.34
21.160862 4.34
21.186112 4.34
21.196862 4.34
21.227516 4.34
21.243505 4.34
21.268863 4.34
21.284738 4.34
21.309988 4.34
21.325863 4.34
21.351113 4.34
21.361988 4.34
21.397504 4.34
21.413392 4.34
21.438864 4.34
21.454739 4.34
21.479864 4.34
21.495865 4.34
21.520990 4.34
21.536990 4.34
21.562114 4.34
21.572865 4.34
21.608508 4.34
21.624392 4.34
21.649865 4.34
21.665741 4.34
21.690866 4.34
21.706866 4.02
21.731991 4.34
21.742741 4.34
21.773116 4.34
21.783991 4.34
21.814521 4.34
21.830509 4.02
21.855867 4.34
21.871742 4.34
21.896867 4.34
21.912743 4.34
21.937867 4.34
21.953868 4.34
21.978868 4.34
21.994868 4.34
22.019868 4.34
22.035869 4.34
22.060868 4.34
22.076744 4.34
22.101868 4.34
22.118001 4.34
22.148643 4.34
22.159644 4.34
22.190122 4.34
22.201121 4.34
22.231763 4.34
22.242525 4.68
22.273120 4.68
22.283870 4.68
22.314119 5.00
22.324869 5.00
22.360384 5.35
22.376377 5.35
22.401500 5.35
22.417375 5.35
22.442623 5.35
22.453373 5.35
22.483623 5.35
22.494372 5.35
22.524622 5.35
22.535372 5.35
22.565621 5.35
22.576371 5.35
22.606622 5.35
22.617371 5.35
22.648287 5.35
22.659127 5.35
22.689766 5.35
22.700642 5.35
22.736375 5.35
22.747125 5.35
22.777764 5.35
22.788638 5.35
22.818999 5.35
22.829748 5.35
22.865400 5.35
22.876124 5.35
22.906765 5.35
22.917640 5.35
22.953504 5.35
22.969662 5.35
22.994878 5.35
23.010877 5.69
23.036001 5.69
23.046752 5.69
23.077126 5.69
23.088000 5.69
23.123375 5.69
23.135902 5.69
23.164639 5.69
23.175391 5.69
23.205767 5.69
23.218279 5.69
23.246877 5.69
23.262752 5.69
23.293674 5.69
23.304780 5.69
23.340543 5.69
23.351508 5.69
23.382131 5.69
23.393131 5.69
23.423772 5.69
23.436287 5.69
23.470379 5.69
23.482785 5.69
23.514379 5.69
23.526755 5.69
23.555644 5.69
23.566519 5.69
23.602535 5.69
23.613387 5.69
23.644136 5.69
23.655135 5.69
23.685543 5.69
23.696509 5.69
23.726883 5.69
23.737758 5.69
23.773382 5.69
23.785757 5.69
23.814649 5.69
23.825521 5.69
23.855757 5.69
23.868131 5.69
23.896757 5.69
23.909132 5.69
23.937882 5.69
23.948758 6.01
23.984275 6.01
24.000275 6.01
24.025776 6.01
24.041775 6.01
24.066758 6.01
24.079133 6.01
24.107758 6.01
24.123758 6.01
24.148758 6.01
24.161134 6.01
24.189759 6.01
24.205759 6.01
24.236531 6.01
24.247513 6.01
24.277887 6.01
24.293887 6.01
24.319011 6.01
24.329761 6.01
24.365511 6.01
24.376289 6.01
24.406778 6.01
24.422778 6.01
24.447886 6.01
24.458761 6.01
24.488886 6.01
24.499777 6.01
24.530543 6.01
24.541540 6.01
24.572143 6.01
24.583143 6.01
24.613785 6.01
24.629783 6.01
24.660266 6.01
24.676266 6.01
24.709388 6.01
24.725265 6.01
24.750780 6.01
24.766779 6.01
24.792029 6.01
24.803025 6.01
24.833676 12.32
24.844815 6.36
24.880561 6.36
24.891537 6.68
24.922143 6.68
24.933143 6.68
24.963657 6.68
24.974657 6.68
25.005015 6.68
25.015766 6.68
25.046391 6.68
25.062293 6.68
25.087782 6.68
25.103781 6.68
25.128765 6.68
25.144890 6.68
25.175546 6.68
25.186552 6.68
25.218805 6.68
25.229670 6.68
25.265458 6.68
25.281437 6.68
25.309517 6.68
25.320268 6.68
25.350892 6.68
25.366767 6.68
25.392017 6.68
25.402768 6.68
25.438409 6.68
25.449458 6.68
25.480026 6.68
25.491026 6.68
25.521666 6.68
25.532663 6.68
25.564804 6.68
25.575662 6.68
25.611422 6.68
25.627409 6.68
25.652786 6.68
25.668784 6.68
25.693769 6.68
25.709784 6.68
25.734769 6.68
25.750785 6.68
25.776026 6.68
25.787035 7.02
25.817679 7.37
25.833908 7.37
25.860851 7.69
25.871913 8.03
25.902453 8.03
25.913451 8.03
25.944027 8.03
25.954902 8.03
25.985668 8.03
25.998150 8.03
26.028809 8.03
26.039667 8.03
26.075275 8.03
26.091274 8.03
26.116790 8.03
26.132790 8.03
26.157925 8.03
26.168911 8.03
26.199551 8.03
26.210550 8.03
26.242781 8.03
26.253672 8.03
26.284279 8.03
26.300279 8.03
26.325794 7.69
26.341793 7.69
26.368652 7.69
26.379556 7.69
26.409900 7.69
26.420792 7.69
26.456479 7.37
26.467697 7.37
26.498034 7.69
26.509033 7.37
26.539674 7.69
26.555906 7.69
26.586281 7.69
26.602280 7.69
26.627796 7.69
26.643792 7.69
26.674279 7.69
26.690278 7.69
26.715554 7.69
26.726278 7.69
26.762475 7.69
26.773546 7.69
26.804033 8.03
26.814918 8.03
26.845809 8.35
26.862036 8.70
26.887448 8.70
26.898444 8.70
26.928908 8.70
26.939782 8.70
26.970550 8.70
26.981555 8.70
27.011905 8.70
27.022796 8.70
27.053305 8.70
27.069305 8.70
27.094671 8.35
27.110671 8.70
27.135931 8.70
27.146911 8.70
27.177552 8.70
27.188424 8.70
27.218908 8.70
27.229783 8.70
27.265283 8.35
27.281283 8.35
27.306568 8.03
27.317421 7.69
27.347907 7.69
27.358781 7.37
27.394156 7.37
27.404906 7.37
27.435555 7.37
27.446567 7.37
27.482446 7.69
27.493288 8.03
27.525662 8.03
27.536568 8.35
27.567296 8.35
27.583563 8.35
27.608916 8.35
27.619914 8.35
27.650285 8.35
27.666285 8.35
27.691569 8.35
27.704161 8.35
27.732910 8.35
27.743786 8.35
27.779160 8.35
27.795285 8.35
27.820564 8.35
27.831439 8.35
27.861910 8.35
27.872785 8.35
27.908160 8.35
27.918910 8.35
27.949563 8.35
27.960286 8.35
27.990911 8.35
28.001801 8.35
28.037161 8.35
28.047911 8.35
28.078680 8.35
28.094555 8.35
28.119787 8.35
28.130552 8.35
28.160912 8.35
28.171787 8.35
28.207162 8.70
28.218037 8.35
28.248566 8.35
28.259440 8.35
28.289788 8.03
28.300556 7.69
28.330914 7.69
28.341788 7.37
28.377164 7.02
28.387914 7.37
28.418568 7.02
28.434569 7.02
28.459808 7.37
28.475806 7.37
28.500915 7.02
28.511790 7.37
28.547165 7.37
28.557915 7.02
28.588569 7.37
28.601165 7.37
28.629916 7.02
28.640805 7.02
28.676166 7.02
28.688668 7.02
28.717570 7.02
28.730166 7.02
28.758792 7.02
28.769561 7.02
28.799917 7.02
28.810792 7.02
28.846167 7.37
28.858668 7.37
28.887570 7.37
28.900167 7.02
28.928918 7.37
28.939793 7.02
28.975168 6.68
28.987670 6.36
29.016840 0.05
29.034681 5.00
29.058472 4.34
29.069470 4.34
29.105301 4.34
29.116173 4.34
29.146817 4.34
29.157564 4.34
29.188171 4.34
29.200548 4.34
29.229576 4.34
29.245575 4.34
29.270921 4.34
29.281795 4.34
29.317171 4.34
29.333045 4.34
29.358575 4.34
29.374575 4.34
29.402448 4.34
29.413171 4.34
29.443813 4.34
29.454564 4.34
29.484921 4.34
29.495797 4.34
29.531172 4.34
29.547047 4.34
29.572577 4.34
29.588577 4.34
29.613923 4.34
29.624798 4.34
29.660173 4.34
29.676048 4.34
29.701712 4.34
29.719562 4.34
29.743309 4.34
29.754309 4.34
29.784930 4.34
29.795823 4.34
29.826461 4.34
29.837303 4.34
29.867818 4.34
29.878569 4.34
29.909176 4.34
29.925175 4.34
29.950579 4.34
29.966452 4.34
29.991801 4.34
30.002566 4.34
30.032926 4.34
30.043801 4.34
30.079176 4.34
30.095051 4.34
30.120579 4.34
30.136456 4.34
30.161819 4.34
30.172568 4.34
30.208177 4.34
30.224052 4.34
30.249582 4.34
30.265578 4.34
30.290803 4.34
30.301569 4.34
30.331803 4.34
30.342568 4.34
30.372803 4.34
30.383570 4.34
30.413804 4.34
30.424569 4.34
30.454803 4.34
30.465570 4.34
30.495804 4.34
30.506570 4.34
30.537191 4.34
