0.000000 0.000000
0.041677 4.34
0.052549 4.34
0.083118 4.68
0.104825 3.33
0.115821 2.66
0.151822 2.66
0.162823 2.66
0.198676 2.66
0.209675 2.66
0.240314 2.66
0.251317 2.66
0.281807 2.66
0.292669 2.66
0.323183 2.66
0.334071 2.66
0.369543 2.66
0.385542 2.66
0.410667 2.66
0.421417 2.66
0.451917 2.66
0.467918 2.66
0.493071 2.66
0.503801 2.66
0.539542 2.66
0.555417 2.66
0.580668 2.66
0.591418 2.66
0.622068 2.66
0.632918 2.66
0.668544 2.66
0.684543 2.66
0.709669 2.66
0.720544 2.66
0.750919 2.66
0.767250 2.66
0.797825 2.66
0.810436 2.66
0.844678 2.66
0.855696 2.66
0.888002 2.66
0.899100 2.66
0.934830 2.66
0.945827 2.66
0.981830 3.67
0.994451 4.34
1.028679 4.34
1.039678 4.34
1.070315 4.34
1.081083 4.34
1.111804 4.34
1.122675 4.34
1.153314 4.34
1.164079 4.34
1.194548 4.34
1.210548 4.34
1.235673 4.34
1.246422 4.34
1.276949 4.34
1.292949 4.34
1.318313 4.34
1.329072 4.34
1.364673 4.34
1.375423 4.34
1.406074 4.34
1.416948 4.34
1.447690 4.34
1.458690 4.34
1.494689 4.34
1.505717 4.34
1.538006 4.34
1.549064 4.34
1.584816 4.34
1.597434 4.34
1.631681 4.34
1.642703 4.34
1.674986 4.34
1.685978 4.34
1.721816 4.34
1.751681 4.68
1.762681 4.68
1.793087 4.34
1.803962 4.68
1.839679 4.34
1.850553 4.68
1.881080 4.34
1.891807 4.34
1.927678 4.68
1.938428 4.68
1.969084 4.68
1.979807 4.34
2.015678 4.68
2.026429 4.34
2.057081 4.34
2.067807 4.68
2.103679 4.68
2.114554 4.34
2.144958 4.68
2.160957 4.68
2.191555 4.34
2.207680 4.68
2.232680 4.34
2.243430 4.34
2.273959 4.34
2.290084 4.68
2.320681 4.34
2.331431 4.68
2.361959 4.68
2.377960 4.68
2.408681 4.68
2.419431 4.34
2.449958 4.68
2.465961 4.34
2.496682 4.34
2.507557 4.34
2.537811 4.34
2.550325 4.68
2.580838 4.34
2.591682 4.68
2.623839 4.68
2.634684 4.68
2.670558 4.68
2.686683 4.68
2.711683 4.68
2.722434 4.68
2.752961 4.68
2.763684 4.34
2.794434 4.34
2.806811 4.68
2.835560 4.34
2.846434 4.34
2.876685 4.34
2.887560 4.34
2.918090 4.68
2.928964 4.68
2.959435 4.68
2.975560 4.68
3.000436 4.34
3.016561 4.68
3.041561 4.68
3.052311 4.68
3.082687 4.68
3.093561 4.68
3.123965 4.68
3.134686 4.34
3.165437 4.34
3.181562 4.34
3.206437 4.34
3.222438 4.34
3.247562 4.34
3.258438 4.34
3.288688 4.34
3.299563 4.34
3.329967 4.34
3.340814 4.34
3.376564 4.34
3.387438 4.34
3.417689 4.34
3.428564 4.68
3.458967 4.34
3.469815 4.34
3.505564 4.34
3.516439 4.68
3.546967 4.34
3.557816 4.34
3.593565 4.68
3.604315 4.68
3.634690 4.34
3.645440 4.68
3.675969 4.68
3.686817 4.34
3.722566 4.34
3.733316 4.34
3.763691 4.68
3.774441 4.68
3.805095 4.68
3.815970 4.68
3.846442 4.68
3.862442 4.68
3.887567 4.34
3.898442 4.34
3.928692 4.34
3.939567 4.34
3.969973 4.68
3.980819 4.68
4.016568 4.34
4.027443 4.68
4.057694 4.68
4.068569 4.68
4.099098 4.34
4.109973 4.34
4.140334 4.68
4.151084 4.68
4.181569 4.34
4.192444 4.34
4.222694 4.68
4.233569 4.68
4.263971 4.34
4.274821 4.68
4.305445 4.34
4.321571 4.34
4.346570 4.34
4.357445 4.68
4.387696 4.68
4.398445 4.68
4.429097 4.68
4.439823 4.68
4.470336 4.68
4.481215 4.68
4.511446 4.68
4.527572 4.34
4.552572 4.34
4.563447 4.68
4.593697 4.34
4.606340 4.68
4.634978 4.68
4.645824 4.68
4.676448 4.34
4.692572 4.68
4.717573 4.34
4.728448 4.68
4.758698 4.68
4.769448 4.68
4.801829 4.68
4.812699 4.68
4.848574 4.68
4.859449 4.34
4.889699 4.68
4.902341 4.68
4.932855 4.68
4.943699 4.68
4.975854 4.34
4.986700 4.68
5.022575 4.34
5.033325 4.68
5.063842 4.34
5.079979 4.34
5.110576 4.68
5.121451 4.68
5.151701 4.68
5.164094 4.68
5.192978 4.68
5.203701 4.68
5.239577 4.68
5.250327 4.68
5.280702 4.68
5.293095 4.34
5.327344 4.34
5.339706 4.34
5.368578 4.68
5.379452 4.68
5.409703 4.68
5.422093 4.68
5.456347 4.68
5.472344 4.68
5.497454 4.68
5.513579 4.68
5.538704 4.34
5.554861 4.68
5.581708 4.34
5.592579 4.68
5.622984 4.34
5.633830 4.34
5.664455 4.68
5.675347 4.68
5.705455 4.34
5.716330 4.68
5.746455 4.68
5.757331 4.68
5.787455 4.68
5.798331 4.34
5.828456 4.34
5.839331 4.68
5.869456 4.68
5.880331 4.68
5.910456 4.68
5.921332 4.68
5.951457 4.68
5.962332 4.68
5.992457 4.68
6.003333 4.34
6.033457 4.68
6.044333 4.68
6.074458 4.68
6.085333 4.68
6.115458 4.68
6.131458 4.68
6.156458 4.68
6.167333 4.34
6.197459 4.34
6.208334 4.34
6.238459 4.68
6.249334 4.34
6.279584 4.34
6.290459 4.68
6.320710 4.68
6.336709 4.34
6.367352 4.68
6.383353 4.68
6.408460 4.68
6.419335 4.68
6.449461 4.34
6.460336 4.34
6.490461 4.68
6.501336 4.68
6.531586 4.68
6.542461 4.34
6.572711 4.68
6.588711 4.68
6.613988 4.34
6.624712 4.68
6.655352 4.68
6.671355 4.68
6.696462 4.68
6.707337 4.68
6.737463 4.68
6.748338 4.68
6.778588 4.68
6.789463 4.68
6.819713 4.68
6.835713 4.68
6.860993 4.68
6.871840 4.68
6.902355 4.68
6.918355 4.68
6.943589 4.34
6.954339 4.68
6.984714 4.34
7.000715 4.68
7.025993 4.68
7.036840 4.68
7.067359 4.34
7.083355 4.68
7.108465 4.68
7.119340 4.68
7.149466 4.34
7.160341 4.68
7.190465 4.68
7.201341 4.68
7.231466 4.34
7.242341 4.68
7.272466 4.68
7.283341 4.68
7.313467 4.68
7.324342 4.68
7.354467 4.68
7.365342 4.68
7.395467 4.68
7.406342 4.68
7.436467 4.68
7.447343 4.68
7.477468 4.34
7.488343 4.68
7.518468 4.68
7.529361 4.34
7.559468 4.34
7.570343 4.34
7.600593 4.34
7.611343 4.34
7.641719 4.34
7.657719 4.68
7.684720 4.34
7.695469 4.34
7.727720 4.34
7.738469 4.68
7.770720 4.34
7.781471 4.68
7.817365 4.34
7.833360 4.34
7.858470 4.68
7.869345 4.68
7.899470 4.68
7.910346 4.68
7.940471 4.68
7.951347 4.34
7.981596 4.68
7.993971 4.68
8.022722 4.68
8.038722 4.68
8.072363 4.34
8.088364 4.68
8.113473 4.34
8.124347 4.68
8.154472 4.68
8.165348 4.34
8.195473 4.68
8.206348 4.68
8.236473 4.68
8.247348 4.68
8.277473 4.34
8.288349 4.34
8.318474 4.34
8.329349 4.68
8.359474 4.68
8.370349 4.34
8.400474 4.34
8.411349 4.34
8.441475 4.68
8.452349 4.34
8.482475 4.68
8.493350 4.68
8.523475 4.68
8.534368 4.34
8.564476 4.68
8.575351 4.68
8.605476 4.68
8.616351 4.68
8.646476 4.34
8.657352 4.68
8.687476 4.34
8.698352 4.34
8.728477 4.34
8.739352 4.34
8.769477 4.68
8.780352 4.68
8.810477 4.68
8.821352 4.68
8.851478 4.68
8.862353 4.68
8.892478 4.68
8.903353 4.68
8.933479 4.68
8.944369 4.34
8.974478 4.34
8.985353 4.34
9.015478 4.34
9.026354 4.34
9.056604 4.34
9.072479 4.68
9.097729 4.34
9.108479 4.34
9.144374 4.68
9.155123 4.68
9.185480 4.34
9.196355 4.68
9.226606 4.68
9.242480 4.34
9.267731 4.68
9.278481 4.68
9.314373 4.68
9.325123 4.68
9.355606 4.34
9.371481 4.68
9.396858 4.68
9.407732 4.68
9.438373 4.68
9.449124 4.34
9.479482 4.34
9.490260 4.68
9.520607 4.68
9.536607 4.34
9.561859 4.34
9.572733 4.68
9.603374 4.34
9.614125 4.68
9.644608 4.68
9.660608 4.68
9.686059 4.34
9.702394 4.34
9.727619 4.34
9.743869 4.34
9.774491 4.34
9.785490 4.68
9.821380 4.68
9.832132 4.68
9.862737 4.68
9.873612 4.68
9.909501 4.68
9.922151 4.68
9.956274 4.68
9.972493 4.68
9.997741 4.68
10.008740 4.68
10.039134 4.68
10.055256 4.68
10.080488 4.68
10.091363 4.68
10.127371 4.68
10.138371 4.68
10.169044 4.68
10.180042 4.68
10.210492 4.68
10.221491 4.68
10.257259 4.68
10.273257 4.68
10.298489 4.68
10.309364 4.68
10.339739 4.68
10.350488 4.68
10.386256 4.68
10.402130 4.68
10.427751 4.68
10.438750 4.68
10.469392 4.68
10.480371 4.68
10.512624 4.68
10.523619 4.68
10.554154 4.68
10.570260 4.68
10.595492 4.68
10.608023 4.68
10.636741 4.68
10.647491 4.68
10.683258 4.68
10.699257 4.68
10.724366 4.68
10.735132 4.68
10.765491 4.68
10.777868 4.68
10.806742 4.68
10.817492 4.68
10.848265 4.68
10.859009 4.68
10.889367 4.68
10.900258 4.68
10.930383 4.68
10.941133 4.68
10.971618 4.68
10.987493 4.68
11.014502 4.68
11.025387 4.68
11.055618 4.68
11.071494 5.00
11.098503 4.68
11.109384 5.00
11.139619 4.68
11.150494 4.68
11.186023 4.68
11.196744 4.68
11.227387 4.68
11.238135 4.68
11.268620 4.68
11.279495 4.68
11.315024 4.68
11.331011 4.68
11.356389 4.68
11.367136 4.68
11.397621 4.68
11.408371 4.68
11.444011 4.68
11.454746 4.68
11.485389 4.68
11.496138 4.68
11.526622 4.68
11.537372 4.68
11.573027 4.68
11.589012 4.68
11.614388 4.68
11.625139 4.68
11.655498 4.68
11.671498 4.68
11.696623 4.68
11.707373 4.68
11.743014 4.68
11.753748 4.68
11.784388 4.68
11.795139 4.68
11.825624 4.68
11.836499 4.68
11.872028 4.68
11.888015 4.68
11.913390 4.68
11.924143 4.68
11.954500 4.68
11.970500 4.68
11.995625 4.68
12.006376 4.68
12.042030 4.68
12.052750 4.68
12.083391 4.68
12.094280 4.68
12.124376 4.68
12.135141 4.68
12.165377 4.68
12.176142 4.68
12.206377 4.68
12.217144 4.68
12.247502 4.68
12.263378 4.68
12.288627 4.68
12.299377 4.68
12.329752 4.68
12.340503 4.68
12.371157 4.68
12.387032 4.68
12.412378 4.68
12.423143 4.68
12.453378 4.68
12.464271 4.68
12.494504 4.68
12.510504 4.68
12.535629 4.68
12.546380 4.68
12.582020 4.68
12.592754 4.68
12.623397 4.68
12.635881 4.68
12.664630 4.68
12.675380 4.68
12.711023 4.68
12.727022 4.68
12.752399 4.68
12.763148 4.68
12.793631 4.68
12.804506 4.68
12.840035 4.68
12.856024 4.68
12.881507 4.68
12.897382 4.68
12.922632 4.68
12.933382 4.68
12.969037 4.68
12.985023 4.68
13.010400 4.68
13.022883 4.68
13.051633 4.68
13.062508 4.68
13.094509 4.68
13.105401 4.68
13.135633 4.68
13.146383 4.68
13.176759 4.68
13.187509 4.68
13.218164 4.68
13.234039 4.68
13.259384 4.68
13.271885 4.68
13.300509 4.68
13.316385 4.68
13.341634 4.68
13.352510 4.68
13.388027 4.68
13.404027 4.68
13.429403 4.68
13.441915 4.68
13.470636 4.68
13.481511 4.68
13.517040 5.00
13.533041 4.68
13.558405 4.68
13.574403 4.68
13.599404 5.00
13.611762 4.68
13.640637 4.68
13.651512 4.68
13.687041 4.68
13.703027 4.68
13.728405 4.68
13.744403 4.68
13.769638 4.68
13.780513 4.68
13.816041 4.68
13.832029 4.68
13.857406 4.68
13.873407 4.68
13.898514 4.68
13.914389 4.68
13.939639 4.68
13.950514 4.68
13.986043 4.68
14.002031 4.68
14.027405 4.68
14.043407 4.68
14.068390 4.68
14.080765 4.68
14.109515 4.68
14.125390 4.68
14.150641 4.68
14.161516 4.68
14.196910 4.68
14.212892 4.68
14.238407 5.00
14.254407 4.68
14.279767 4.68
14.290517 4.68
14.321170 4.68
14.332045 4.68
14.362517 4.68
14.378517 4.68
14.403642 4.68
14.414518 4.68
14.450047 4.68
14.466033 4.68
14.491408 4.68
14.507411 4.68
14.532768 4.68
14.543643 4.68
14.574286 4.68
14.585170 4.68
14.615519 4.68
14.631519 4.68
14.656644 4.68
14.667394 4.68
14.703036 4.68
14.719034 4.68
14.744409 4.68
14.760520 4.68
14.785520 4.68
14.801520 4.68
14.826645 4.68
14.837521 4.68
14.873050 4.68
14.889038 4.68
14.914414 4.68
14.930414 4.68
14.955397 4.68
14.971396 4.68
14.996397 4.68
15.012522 4.68
15.037397 4.68
15.053397 4.68
15.078522 4.68
15.094522 4.68
15.119772 4.68
15.130648 4.68
15.161177 4.68
15.172052 4.68
15.202398 4.68
15.218399 4.68
15.243399 4.68
15.259399 4.68
15.284524 4.68
15.300399 4.68
15.325649 4.68
15.336524 4.68
15.372051 4.68
15.387900 4.68
15.413417 4.68
15.429417 4.68
15.454525 4.68
15.470400 4.68
15.495650 4.68
15.506525 4.68
15.542055 4.68
15.558044 4.68
15.583419 4.68
15.599418 4.68
15.624651 4.68
15.635526 4.68
15.671055 4.68
15.687044 4.68
15.712419 4.68
15.728402 4.68
15.753402 4.68
15.769402 4.68
15.794527 4.68
15.810402 4.68
15.837403 4.68
15.848171 4.68
15.878528 4.68
15.894403 4.68
15.921404 4.68
15.932171 4.68
15.962404 4.68
15.978529 4.68
16.003529 4.68
16.014404 4.68
16.046405 4.68
16.057171 4.68
16.087405 4.68
16.103405 4.68
16.128530 4.68
16.139405 4.68
16.171406 4.68
16.182183 4.68
16.212530 4.68
16.223406 4.68
16.255406 4.68
16.266173 4.68
16.296531 4.68
16.307406 4.68
16.339282 4.68
16.350048 4.68
16.380422 4.68
16.396407 4.68
16.423283 4.68
16.434300 4.68
16.464300 4.68
16.476782 4.68
16.505408 4.68
16.521300 4.68
16.546533 4.68
16.557300 4.68
16.589314 4.68
16.600060 4.68
16.635909 4.68
16.651783 4.68
16.677299 4.68
16.689784 4.68
16.718409 4.68
16.729301 4.68
16.759534 4.68
16.770300 4.68
16.805784 4.68
16.830186 4.68
16.840910 4.68
16.871410 4.68
16.882178 4.68
16.912410 4.68
16.923175 4.68
16.953535 4.68
16.964303 4.68
16.999786 4.68
17.010661 4.68
17.041188 4.68
17.051912 4.68
17.082537 4.68
17.093302 4.68
17.128787 4.68
17.139537 4.68
17.170178 4.68
17.180913 4.68
17.211538 4.68
17.222304 4.68
17.257788 4.68
17.268537 4.68
17.299191 4.68
17.309914 4.68
17.340538 4.68
17.351307 4.68
17.386789 4.68
17.411193 4.68
17.422069 4.68
17.452414 4.68
17.463180 4.68
17.493415 4.68
17.504182 4.68
17.534540 4.68
17.545306 4.68
17.580797 4.68
17.591541 4.68
17.622195 4.68
17.633069 4.68
17.663416 4.68
17.674183 4.68
17.704416 4.68
17.715184 4.68
17.745541 4.68
17.756306 4.68
17.791799 4.68
17.802667 4.68
17.833194 4.68
17.843917 4.68
17.874418 4.68
17.885184 4.68
17.915543 4.68
17.926309 4.68
17.956543 4.68
17.967308 4.68
18.002800 4.68
18.027197 4.68
18.038073 4.68
18.068544 4.68
18.079419 4.68
18.114801 4.68
18.139199 4.68
18.149948 4.68
18.180545 4.68
18.191295 4.68
18.221946 4.68
18.237803 4.68
18.263435 4.68
18.279420 4.68
18.309798 4.68
18.325803 4.68
18.351314 4.68
18.367312 4.68
18.392421 4.68
18.408421 4.68
18.433421 5.00
18.444313 4.68
18.474546 4.68
18.485312 4.68
18.520801 4.68
18.545437 5.00
18.561547 5.00
18.586548 5.00
18.597422 5.00
18.632802 4.68
18.657313 4.68
18.686801 4.68
18.702801 4.68
18.728314 4.68
18.744316 4.68
18.769424 4.68
18.780316 4.68
18.810549 4.68
18.821424 4.68
18.856803 4.68
18.881315 4.68
18.910804 4.68
18.926804 4.68
18.952317 4.68
18.968318 4.68
18.993425 4.68
19.004318 4.68
19.034550 4.68
19.045317 4.68
19.080809 4.68
19.105318 4.68
19.134807 4.68
19.150808 4.68
19.176319 4.68
19.192318 4.68
19.217427 4.68
19.228320 4.68
19.258427 4.68
19.269320 4.68
19.299553 4.68
19.310320 4.68
19.345807 4.68
19.361807 4.68
19.387322 4.68
19.403321 4.68
19.428429 4.68
19.439321 4.68
19.469429 4.68
19.480318 4.68
19.510430 4.68
19.522209 4.68
19.551555 4.68
19.562319 4.68
19.597807 4.68
19.613807 4.68
19.639322 4.68
19.655322 4.68
19.680430 4.68
19.691322 4.68
19.726555 4.68
19.737306 4.68
19.772807 4.68
19.788806 4.68
19.814321 4.68
19.830321 4.68
19.855431 4.68
19.866323 4.68
19.896432 4.68
19.907307 4.68
19.937557 4.68
19.948323 4.68
19.983814 4.68
19.994811 4.68
20.025325 4.68
20.041325 5.00
20.066433 4.68
20.077326 4.68
20.107558 5.00
20.118433 4.68
20.153817 4.68
20.169817 4.68
20.195326 4.68
20.211324 4.68
20.236559 4.68
20.247309 4.68
20.277810 4.68
20.293811 4.68
20.319327 4.68
20.335325 4.68
20.360435 4.68
20.371326 4.68
20.401435 4.68
20.412328 4.68
20.442436 4.68
20.453311 4.68
20.483436 4.68
20.494335 4.68
20.524436 4.68
20.535329 4.68
20.565437 4.68
20.576330 4.68
20.606437 4.68
20.617312 4.68
20.647437 4.68
20.658313 4.68
20.688562 4.68
20.699313 4.68
20.734815 4.68
20.750815 4.68
20.776329 4.68
20.792329 4.68
20.817563 4.68
20.828314 4.68
20.858836 4.68
20.874840 4.68
20.900329 4.68
20.916331 4.68
20.941329 4.68
20.952081 4.68
20.984190 4.68
20.994968 4.68
21.025330 4.68
21.036079 4.68
21.068191 4.68
21.078969 4.68
21.109333 4.68
21.120082 4.68
21.152191 4.68
21.162971 4.68
21.193331 4.68
21.204082 4.68
21.236192 4.68
21.247096 4.68
21.277333 4.68
21.288084 4.68
21.320192 4.68
21.330971 4.68
21.361334 4.68
21.372082 4.68
21.404193 4.68
21.415096 4.68
21.445443 4.68
21.456335 4.68
21.488194 4.68
21.498972 4.68
21.529443 4.68
21.540337 4.68
21.575694 4.68
21.591694 4.68
21.619973 4.68
21.630694 4.68
21.661335 4.68
21.672211 4.68
21.704196 4.68
21.714972 4.68
21.745337 4.68
21.756087 4.68
21.788196 4.68
21.799097 4.68
21.829338 4.68
21.840086 4.68
21.875571 4.68
21.886446 4.68
21.916696 4.68
21.929197 4.68
21.958101 4.68
21.970697 4.68
21.999447 4.68
22.010341 4.68
22.042073 4.68
22.052976 4.68
22.083448 4.68
22.094339 4.68
22.129573 4.68
22.140323 4.68
22.170698 4.68
22.186698 4.68
22.212102 4.68
22.224448 4.68
22.253449 4.68
22.264341 4.68
22.299699 4.68
22.315574 4.68
22.340978 4.68
22.351699 4.68
22.382342 4.68
22.393090 4.68
22.428575 4.68
22.439325 4.68
22.469841 4.68
22.480700 4.68
22.511105 4.68
22.527218 4.68
22.552340 4.68
22.563095 4.68
22.598827 4.68
22.609701 4.68
22.640343 4.68
22.651093 4.68
22.686828 4.68
22.697702 4.68
22.728344 4.68
22.739092 4.68
22.774829 4.68
22.785702 4.68
22.816107 4.68
22.832344 4.68
22.857453 4.68
22.868345 4.68
22.903578 4.68
22.914346 4.68
22.944830 4.68
22.955704 4.68
22.986347 4.68
22.997095 4.68
23.032704 4.68
23.048579 4.68
23.073982 4.68
23.084830 4.68
23.115455 4.68
23.126346 4.68
23.161580 4.68
23.172330 4.68
23.202706 4.68
23.218706 4.68
23.243985 4.68
23.254832 4.68
23.285456 4.68
23.296345 4.68
23.331582 4.68
23.342456 4.68
23.372707 4.68
23.388707 4.68
23.413987 4.68
23.424834 4.68
23.455350 4.68
23.466103 4.68
23.501708 4.68
23.517583 4.68
23.542987 4.68
23.553834 4.68
23.584458 4.68
23.595350 4.68
23.630584 4.68
23.643085 4.68
23.671709 4.68
23.687709 4.68
23.712989 4.68
23.723835 4.68
23.756086 4.68
23.766986 4.68
23.797459 4.68
23.808335 4.68
23.843710 4.68
23.859585 4.68
23.885114 4.68
23.901353 4.68
23.928117 4.68
23.938855 4.68
23.971087 4.68
23.981991 4.68
24.012462 4.68
24.023354 4.68
24.058586 4.68
24.071088 4.68
24.099839 4.68
24.110712 4.68
24.140962 4.68
24.151711 4.68
24.181961 4.68
24.192712 4.68
24.222962 4.68
24.233711 4.68
24.263962 4.68
24.274712 4.68
24.304963 4.68
24.315712 4.68
24.345963 4.68
24.356713 4.68
24.386962 4.68
24.397713 4.68
24.427963 4.68
24.440463 4.68
24.468963 4.68
24.479713 4.68
24.509964 4.68
24.522464 4.68
24.550964 4.68
24.561714 4.68
24.591964 4.68
24.602714 4.68
24.632965 4.68
24.645464 4.68
24.673965 4.68
24.684715 4.68
24.714965 4.68
24.727465 4.68
24.755965 4.68
24.768466 4.68
24.796966 4.68
24.807715 4.68
24.837966 4.68
24.850341 4.68
24.878966 4.68
24.891341 4.68
24.919966 4.68
24.932342 4.68
24.960967 4.68
24.973342 4.68
25.001967 4.68
25.014343 4.68
25.042968 4.68
25.055343 4.68
25.083968 4.68
25.096342 4.68
25.124968 4.68
25.137343 4.68
25.165969 4.68
25.178344 4.68
25.206969 4.68
25.219344 4.68
25.247969 4.68
25.263844 4.68
25.288969 4.68
25.301344 4.68
25.329970 4.68
25.342345 4.68
25.370970 4.68
25.386846 4.68
25.411970 4.68
25.424345 4.68
25.452970 4.68
25.468846 4.68
25.493971 4.68
25.509846 4.68
25.534971 4.68
25.547346 4.68
25.575971 4.68
25.591847 4.68
25.616972 4.68
25.632848 4.68
25.657972 4.68
25.673848 4.68
25.698972 4.68
25.714848 4.68
25.739972 4.68
25.755848 4.68
25.780973 4.68
25.796848 4.68
25.821973 4.68
25.837849 4.68
25.862973 4.68
25.878849 4.68
25.903974 4.68
25.919849 4.68
25.944974 4.68
25.960850 4.68
25.985974 4.68
26.001850 4.68
26.026975 4.68
26.042850 4.68
26.067975 4.68
26.083850 4.68
26.108975 4.68
26.124851 4.68
26.149976 4.68
26.165851 4.68
26.190976 4.68
26.206852 4.68
26.231976 4.68
26.247852 4.68
26.272976 4.68
26.288852 4.68
26.313977 4.68
26.329853 4.68
26.354977 4.68
26.370853 4.68
26.395978 4.68
26.411854 4.68
26.436978 4.68
26.452854 4.68
26.477978 4.68
26.493854 4.68
26.518978 4.68
26.534854 4.68
26.559979 4.68
26.575855 4.68
26.600978 4.68
26.616855 4.68
26.641979 4.68
26.657855 4.68
26.682979 4.68
26.698856 4.68
26.723979 4.68
26.739856 4.68
26.764980 4.68
26.780856 4.68
26.805980 4.68
26.821857 4.68
26.846980 4.68
26.862857 4.68
26.887981 4.68
26.903857 4.68
26.928981 4.68
26.944858 4.68
26.969981 4.68
26.985858 4.68
27.010981 4.68
27.026858 4.68
27.051981 4.68
27.067859 4.68
27.092982 4.68
27.108859 4.68
27.133982 4.68
27.149859 4.68
27.174983 4.68
27.190859 4.68
27.215983 4.68
27.231860 4.68
27.256983 4.68
27.272860 4.68
27.297984 4.68
27.313860 4.68
27.338983 4.68
27.354860 4.68
27.379984 4.68
27.395860 4.68
27.420984 4.68
27.436861 4.68
27.461985 4.68
27.477861 4.68
27.502985 4.68
27.518861 4.68
27.543985 4.68
27.559862 4.68
27.584986 4.68
27.600862 4.68
27.625986 4.68
27.641862 4.68
27.666986 4.68
27.682863 4.68
27.707986 4.68
27.723863 4.68
27.748987 4.68
27.764863 4.68
27.789987 4.68
27.805863 4.68
27.830988 4.68
27.846863 4.68
27.871988 4.68
27.887864 4.68
27.912989 4.68
27.928864 4.68
27.953988 4.68
27.969865 4.68
27.994989 4.68
28.010865 4.68
28.035989 4.68
28.051865 4.68
28.076989 4.68
28.092866 4.68
28.117990 4.68
28.133865 4.68
28.158990 4.68
28.174866 4.68
28.199990 4.68
28.215866 4.68
28.240990 4.68
28.256867 4.68
28.281991 4.68
28.297867 4.68
28.322991 4.68
28.338868 4.68
28.363992 4.68
28.379867 4.68
28.404992 4.68
28.415742 4.68
28.445992 4.68
28.456742 4.68
28.486992 4.68
28.497742 4.68
28.527992 4.68
28.538742 4.68
28.568993 4.68
28.579743 4.68
28.610022 4.68
28.620870 4.68
28.651385 4.68
28.662138 4.68
28.692495 4.68
28.708620 4.68
28.733620 4.68
28.744495 4.68
28.774872 4.68
28.791022 4.68
28.821621 4.68
28.832370 4.68
28.862872 4.68
28.878873 4.68
28.909622 4.68
28.920371 4.68
28.950873 4.68
28.967027 4.68
28.997622 4.68
29.008372 4.68
29.038747 4.68
29.049747 4.68
29.080153 4.68
29.090874 4.68
29.121498 4.68
29.137623 4.68
29.162623 4.68
29.173373 4.68
29.203875 4.68
29.220025 4.68
29.250624 4.68
29.261375 4.68
29.291876 4.68
29.307876 4.68
29.338624 4.68
29.349375 4.68
29.379876 4.68
29.395876 4.68
29.421152 4.68
29.431876 4.68
29.462500 4.68
29.478626 4.68
29.503626 4.68
29.514501 4.68
29.545030 4.68
29.555876 4.68
29.586377 4.68
29.597143 4.68
29.627502 4.68
29.643502 4.68
29.668627 4.68
29.679377 4.68
29.709878 4.68
29.726029 4.68
29.756627 4.68
29.767377 4.68
29.797879 4.68
29.813879 4.68
29.839157 4.68
29.849879 4.68
29.880378 4.68
29.891146 4.68
29.921379 4.68
29.932146 4.68
29.962504 4.68
29.978629 4.68
30.003629 4.68
30.014380 4.68
30.044880 4.68
30.061034 4.68
30.086159 4.68
30.097033 4.68
30.127505 4.68
30.143630 4.68
30.168631 4.68
30.179381 4.68
30.209882 4.68
30.226035 4.68
30.252909 4.68
30.263756 4.68
30.295886 4.68
30.306756 4.68
30.338886 4.68
30.349757 4.68
30.385632 4.68
30.396507 4.68
30.426884 4.68
30.443036 4.68
30.468036 4.68
30.478884 4.68
30.509383 4.68
30.521762 4.68
30.550508 4.68
30.566633 4.68
30.591634 4.68
30.602384 4.68
30.632885 4.68
30.649036 4.68
30.675763 4.68
30.686634 4.68
30.718764 4.68
30.729509 4.68
30.761764 4.68
30.772509 4.68
30.804764 4.68
30.815635 4.68
30.851402 4.68
30.863765 4.68
30.892636 4.68
30.903511 4.68
30.933916 4.68
30.944761 4.68
30.975404 4.68
30.991511 4.68
31.016637 4.68
31.027511 4.68
31.057918 4.68
31.068762 4.68
31.099405 4.68
31.111803 4.68
31.140637 4.68
31.151388 4.68
31.181905 4.68
31.192763 4.68
31.228405 4.68
31.244403 4.68
31.269638 4.68
31.280513 4.68
31.310890 4.68
31.321764 4.68
31.357405 4.68
31.373406 4.68
31.398639 4.68
31.409389 4.68
31.439765 4.68
31.455765 5.00
31.486407 5.00
31.502408 4.68
31.527640 5.00
31.538391 4.68
31.568892 4.68
31.579766 5.00
31.615406 4.68
31.631408 4.68
31.656641 4.68
31.667516 4.68
31.697892 4.68
31.708767 5.00
31.744409 4.68
31.760409 4.68
31.785642 5.00
31.796392 4.68
31.826894 5.00
31.837767 4.68
31.873408 4.68
31.889409 4.68
31.914643 5.00
31.925518 4.68
31.955895 4.68
31.966768 5.00
32.002411 4.68
32.018411 4.68
32.043644 5.00
32.054519 5.00
32.084895 4.68
32.095769 4.68
32.131645 4.68
32.142519 4.68
32.172896 4.68
32.183770 5.00
32.219413 4.68
32.235413 4.68
32.260645 4.68
32.271520 4.68
32.301897 4.68
32.312772 4.68
32.348415 4.68
32.364415 4.68
32.389646 4.68
32.400396 4.68
32.430898 4.68
32.441771 4.68
32.477413 4.68
32.493413 4.68
32.518647 4.68
32.529397 4.68
32.559773 4.68
32.575648 4.68
32.606414 4.68
32.622413 4.68
32.647648 4.68
32.658523 4.68
32.688900 4.68
32.699774 4.68
32.735417 4.68
32.751416 4.68
32.776649 4.68
32.787399 4.68
32.817901 4.68
32.828775 4.68
32.864417 4.68
32.880418 4.68
32.905650 4.68
32.918168 4.68
32.946902 4.68
32.957775 4.68
32.993418 4.68
33.009417 4.68
33.034651 4.68
33.047168 4.68
33.079056 4.68
33.089903 4.68
33.120418 4.68
33.136416 4.68
33.161652 4.68
33.174170 4.68
33.202903 4.68
33.213777 4.68
33.249418 4.68
33.265419 4.68
33.290653 4.68
33.303045 4.68
33.331905 4.68
33.342778 4.68
33.378421 4.68
33.394421 4.68
33.419654 4.68
33.432045 4.68
33.465659 4.68
33.476529 4.68
33.506905 4.68
33.517780 4.68
33.553420 4.68
33.569424 4.68
33.594655 4.68
33.607047 4.68
33.640672 4.68
33.651531 4.68
33.687423 4.68
33.703420 4.68
33.728656 4.68
33.741046 4.68
33.769907 4.68
33.780781 4.68
33.811186 4.68
33.827297 4.68
33.852407 4.68
33.863300 4.68
33.893532 4.68
33.904300 4.68
33.934657 4.68
33.950658 4.68
33.975908 4.68
33.986658 4.68
34.017186 4.68
34.027909 4.68
34.058409 4.68
34.069176 4.68
34.099534 4.68
34.110301 4.68
34.140659 4.68
34.156659 4.68
34.190301 4.68
34.206302 4.68
34.231534 4.68
34.242300 4.68
34.272660 4.68
34.288660 4.68
34.313911 4.68
34.324660 4.68
34.355178 4.68
34.371303 4.68
34.396536 4.68
34.407300 4.68
34.437661 4.68
34.453661 4.68
34.478911 4.68
34.489661 4.68
34.520179 4.68
34.530913 4.68
34.561412 4.68
34.572179 4.68
34.602537 4.68
34.613304 4.68
34.643662 4.68
34.659663 4.68
34.684913 4.68
34.695663 4.68
34.726178 4.68
34.736913 4.68
34.767413 4.68
34.778181 4.68
34.808539 4.68
34.819306 4.68
34.849664 4.68
34.865664 4.68
34.896306 4.68
34.912304 4.68
34.937540 4.68
34.948304 4.68
34.978665 4.68
34.994665 4.68
35.019915 4.68
35.030665 4.68
35.061181 4.68
35.071916 4.68
35.102541 4.68
35.113309 4.68
35.143666 4.68
35.159666 4.68
35.190309 4.68
35.206310 4.68
35.231417 4.68
35.242184 4.68
35.272542 4.68
35.283310 4.68
35.313667 4.68
35.329668 4.68
35.354918 4.68
35.365668 4.68
35.396185 4.68
35.412186 4.68
35.437418 4.68
35.448185 4.68
35.478418 4.68
35.489186 4.68
35.519544 4.68
35.530310 4.68
35.560669 4.68
35.576669 4.68
35.601950 4.68
35.612804 4.68
35.648436 4.68
35.659189 4.68
35.689670 4.68
35.705670 4.68
35.736313 4.68
35.752313 4.68
35.777546 4.68
35.790075 4.68
35.818671 4.68
35.834671 4.68
35.861694 4.68
35.872547 4.68
35.908313 4.68
35.924313 4.68
35.949547 4.68
35.962077 4.68
35.990672 4.68
36.006672 4.68
36.037315 4.68
36.053315 4.68
36.078548 4.68
36.091075 4.68
36.119673 4.68
36.135673 4.68
36.162558 4.68
36.173424 4.68
36.203674 4.68
36.219674 4.68
36.246558 4.68
36.257424 4.68
36.287674 4.68
36.303674 4.68
36.334076 4.68
36.346554 4.68
36.375425 4.68
36.386318 4.68
36.416425 4.68
36.427318 4.68
36.457551 4.68
36.469955 4.68
36.498676 4.68
36.514676 4.68
36.541560 4.68
36.552427 4.68
36.582676 4.68
36.598677 4.68
36.629068 4.68
36.641556 4.68
36.670427 4.68
36.681317 4.68
36.711427 4.68
36.722321 4.68
36.752427 4.68
36.763318 4.68
36.793553 4.68
36.809429 4.68
36.834678 4.68
36.845554 4.68
36.881321 4.68
36.892083 4.68
36.922554 4.68
36.938429 4.68
36.963679 4.68
36.974430 4.68
37.010322 4.68
37.021084 4.68
37.051430 4.68
37.062321 4.68
37.092555 4.68
37.108430 4.68
37.133680 4.68
37.144555 4.68
37.180085 4.68
37.196085 4.68
37.221431 4.68
37.232324 4.68
37.262431 4.68
37.273325 4.68
37.303432 4.68
37.314321 4.68
37.344557 4.68
37.360557 4.68
37.385682 4.68
37.396557 4.68
37.432324 4.68
37.443086 4.68
37.473558 4.68
37.489558 4.68
37.514683 4.68
37.525433 4.68
37.561087 4.68
37.571810 4.68
37.602434 4.68
37.613326 4.68
37.643559 4.68
37.659434 4.68
37.684684 4.68
37.695435 4.68
37.725810 4.68
37.736685 4.68
37.767327 4.68
37.778078 4.68
37.808560 4.68
37.824560 4.68
37.849686 4.68
37.860560 4.68
37.896090 4.68
37.912090 4.68
37.937328 4.68
37.948078 4.68
37.978436 4.68
37.989327 4.68
38.019561 4.68
38.035562 4.68
38.060687 4.68
38.071562 4.68
38.107091 4.68
38.123091 4.68
38.148438 4.68
38.159330 4.68
38.189438 4.68
38.200313 4.68
38.230563 4.68
38.246438 4.68
38.271689 4.68
38.282564 4.68
38.318094 4.68
38.334091 4.68
38.359330 4.68
38.370081 4.68
38.400565 4.68
38.416439 4.68
38.441690 4.68
38.452565 4.68
38.488332 4.68
38.499082 4.68
38.529440 4.68
38.540333 4.68
38.570441 4.68
38.582967 4.68
38.611441 4.68
38.622334 4.68
38.652441 4.68
38.664969 4.68
38.693566 4.68
38.709442 4.68
38.734692 4.68
38.745567 4.68
38.776094 4.68
38.792085 4.68
38.817442 4.68
38.829971 4.68
38.858568 4.68
38.874568 4.68
38.899693 4.68
38.910443 4.68
38.941211 4.68
38.952098 4.68
38.982444 4.68
38.994820 4.68
39.023569 4.68
39.039444 4.68
39.066467 4.68
39.077336 4.68
39.109454 4.68
39.120335 4.68
39.150570 4.68
39.166570 4.68
39.191695 4.68
39.202570 4.68
39.238099 4.68
39.254086 4.68
39.279446 4.68
39.291822 4.68
39.320571 4.68
39.336446 4.68
39.361696 4.68
39.372446 4.68
39.408087 4.68
39.420456 4.68
39.449447 4.68
39.461824 4.68
39.490572 4.68
39.506447 4.68
39.531698 4.68
39.542573 4.68
39.573101 4.68
39.589088 4.68
39.614448 4.68
39.630449 4.68
39.655449 4.68
39.671323 4.68
39.696449 4.68
39.708826 4.68
39.737449 4.68
39.753324 4.68
39.778449 4.68
39.794450 4.68
39.819450 4.68
39.835450 4.68
39.860450 4.68
39.876450 4.68
39.901450 4.68
39.917325 4.68
39.942576 4.68
39.953325 4.68
39.983701 4.68
39.994451 4.68
40.025103 4.68
40.041094 4.68
40.066344 4.68
40.077094 4.68
40.107452 4.68
40.123452 4.68
40.148452 4.68
40.164327 4.68
40.189452 4.68
40.205327 4.68
40.230452 4.68
40.246453 4.68
40.271453 4.68
40.287453 4.68
40.312453 4.68
40.328453 4.68
40.353578 4.68
40.369453 4.68
40.394704 4.68
40.405579 4.68
40.436108 4.68
40.452096 4.68
40.477454 4.68
40.493455 4.68
40.518455 4.68
40.534455 4.68
40.559455 4.68
40.575330 4.68
40.600455 4.68
40.616456 4.68
40.641455 4.68
40.657455 4.68
40.682581 4.68
40.693456 4.68
40.723706 4.68
40.734456 4.68
40.765109 4.68
40.781097 4.68
40.806457 4.68
40.822457 4.68
40.847457 4.68
40.863457 4.68
40.888457 4.68
40.904458 4.68
40.929583 4.68
40.940457 4.68
40.970708 4.68
40.981583 4.68
41.017101 4.68
41.032987 4.68
41.058458 4.68
41.074459 4.68
41.099459 4.68
41.115459 4.68
41.140459 4.68
41.156459 4.68
41.181459 4.68
41.197335 4.68
41.222460 4.68
41.238335 4.68
41.263460 4.68
41.279335 4.68
41.304461 4.68
41.320461 4.68
41.345460 4.68
41.361336 4.68
41.386460 4.68
41.402461 4.68
41.427461 4.68
41.443461 4.68
41.468461 4.68
41.484337 4.68
41.509462 4.68
41.525462 4.68
41.550462 4.68
41.566337 4.68
41.591587 4.68
41.602462 4.68
41.637980 4.68
41.653979 4.68
41.679338 4.68
41.691839 4.68
41.720463 4.68
41.736339 4.68
41.761588 4.68
41.772464 4.68
41.804339 4.68
41.815104 4.68
41.845339 4.68
41.857714 4.68
41.886339 4.68
41.898715 4.68
41.927340 4.68
41.939715 4.68
41.968340 4.68
41.980716 4.68
42.009340 4.68
42.021715 4.68
42.050341 4.68
42.062716 4.68
42.091341 4.68
42.103716 4.68
42.132342 4.68
42.144716 4.68
42.173341 4.68
42.185869 4.68
42.214358 4.68
42.230357 4.68
42.255342 4.68
42.267717 4.68
42.296343 4.68
42.308717 4.68
42.337343 4.68
42.353357 4.68
42.378343 4.68
42.394359 4.68
42.419343 4.68
42.435360 4.68
42.460344 4.68
42.476362 4.68
42.501344 4.68
42.513719 4.68
42.542344 4.68
42.558361 4.68
42.583345 4.68
42.599470 4.68
42.624345 4.68
42.640363 4.68
42.665345 4.68
42.681363 4.68
42.706345 4.68
42.722345 4.68
42.747346 4.68
42.763346 4.68
42.788346 4.68
42.804346 4.68
42.829347 4.68
42.845363 4.68
42.870347 4.68
42.886472 4.68
42.911347 4.68
42.927364 4.68
42.952364 4.68
42.968364 4.68
42.993472 4.68
43.004347 4.68
43.034472 4.68
43.045348 4.68
43.075473 4.68
43.086348 4.68
43.116473 4.68
43.127348 4.68
43.157474 4.68
43.168349 4.68
43.198474 4.68
43.209349 4.68
43.239474 4.68
43.250349 4.68
43.280474 4.68
43.291349 4.68
43.326600 4.68
43.337350 4.68
43.372975 4.68
43.388852 4.68
43.414368 4.68
43.430368 4.68
43.455476 4.68
43.466351 4.68
43.496476 4.68
43.507351 4.68
43.537476 4.68
43.548352 4.68
43.578476 5.00
43.589352 4.68
43.619477 4.68
43.630243 4.68
43.660477 4.68
43.671352 4.68
43.701477 4.68
43.712370 4.68
43.742478 4.68
43.753353 4.68
43.783478 4.68
43.794353 4.68
43.824479 4.68
43.835353 4.68
43.865479 4.68
43.876354 4.68
43.906478 4.68
43.917354 4.68
43.947479 4.68
43.958354 4.68
43.988479 4.68
43.999355 4.68
44.029480 4.68
44.040355 4.68
44.070480 4.68
44.081355 4.68
44.113357 4.68
44.124122 4.68
44.154481 4.68
44.170481 4.68
44.197358 4.68
44.208123 4.68
44.238356 4.68
44.254356 4.68
44.279482 4.68
44.290357 4.68
44.322358 4.68
44.333123 4.68
44.363357 4.68
44.379357 4.68
44.404358 4.68
44.420358 4.68
44.445483 4.68
44.456358 4.68
44.488359 4.68
44.499125 4.68
44.529359 4.68
44.545483 4.68
44.570484 4.68
44.581359 4.68
44.613360 4.68
44.624251 4.68
44.654359 4.68
44.670360 4.68
44.695359 4.68
44.711360 4.68
44.736485 4.68
44.747360 4.68
44.782735 4.68
44.793485 4.68
44.824015 4.68
44.834878 4.68
44.865361 4.68
44.876129 4.68
44.906486 4.68
44.917361 4.68
44.952736 4.68
44.968737 4.68
44.994139 4.68
45.004863 4.68
45.035487 4.68
45.046362 4.68
45.081737 4.68
45.092488 4.68
45.123142 4.68
45.134005 4.68
45.164363 4.68
45.175131 4.68
45.205488 4.68
45.216379 4.68
45.251738 4.68
45.262489 4.68
45.293143 4.68
45.304009 4.68
45.334489 4.68
45.345364 4.68
45.380739 4.68
45.391615 4.68
45.422144 4.68
45.433008 4.68
45.463490 4.68
45.474365 4.68
45.509741 4.68
45.520616 4.68
45.551142 4.68
45.562008 4.68
45.592366 4.68
45.603131 4.68
45.633366 4.68
45.644135 4.68
45.674492 4.68
45.685367 4.68
45.720742 4.68
45.731492 4.68
45.762145 4.68
45.773011 4.68
45.803493 4.68
45.814368 4.68
45.849743 4.68
45.860618 4.68
45.891146 4.68
45.902008 4.68
45.932369 4.68
45.943133 4.68
45.973494 4.68
45.984369 4.68
46.019744 4.68
46.030494 4.68
46.061149 4.68
46.072012 4.68
46.102494 4.68
46.113370 4.68
46.148745 4.68
46.159620 4.68
46.190150 4.68
46.201012 4.68
46.231496 4.68
46.242370 4.68
46.277746 4.68
46.288496 4.68
46.319150 4.68
46.330014 4.68
46.360497 4.68
46.371372 4.68
46.406747 4.68
46.417622 4.68
46.448149 4.68
46.459014 4.68
46.489373 4.68
46.500137 4.68
46.530373 4.68
46.541140 4.68
46.571498 4.68
46.582374 4.68
46.617748 4.68
46.628624 4.68
46.659150 4.68
46.669875 4.68
46.700499 4.68
46.711391 4.68
46.746749 4.68
46.757500 4.68
46.788154 4.68
46.800749 4.68
46.829500 4.68
46.840391 4.68
46.875750 4.68
46.886500 4.68
46.917155 4.68
46.929625 4.68
46.958501 4.68
46.969393 4.68
47.004751 4.68
47.020751 4.68
47.046269 4.68
47.062394 4.68
47.087393 4.68
47.098269 4.68
47.133752 4.68
47.149752 4.68
47.175269 4.68
47.191502 4.68
47.216396 4.68
47.227145 4.68
47.257503 4.68
47.268378 4.68
47.303753 4.68
47.316255 4.68
47.345157 4.68
47.357629 4.68
47.386504 4.68
47.397379 4.68
47.432754 4.68
47.445256 4.68
47.474156 4.68
47.486630 4.68
47.515504 4.68
47.526397 4.68
47.561755 4.68
47.574132 4.68
47.603161 4.68
47.619398 4.68
47.644506 4.68
47.655381 4.68
47.690756 4.68
47.706631 4.68
47.732160 4.68
47.748158 4.68
47.773382 4.68
47.784150 4.68
47.814507 4.68
47.825382 4.68
47.860757 4.68
47.876632 4.68
47.902162 4.68
47.918023 4.68
47.943508 4.68
47.954383 4.68
47.989758 4.68
48.005633 4.68
48.031161 4.68
48.047163 4.68
48.072509 4.68
48.083384 4.68
48.118759 4.68
48.134634 4.68
48.160163 4.68
48.176164 4.68
48.201385 4.68
48.212134 4.68
48.242384 4.68
48.253134 4.68
48.283384 4.68
48.294134 4.68
48.324384 4.68
48.335135 4.68
48.365384 4.68
48.376135 4.68
48.406385 4.68
48.417135 4.68
48.447385 4.68
48.458135 4.68
48.488386 4.68
48.499136 4.68
48.529385 4.68
48.540136 4.68
48.570386 4.68
48.581136 4.68
48.611386 4.68
48.622137 4.68
48.652387 4.68
48.663137 4.68
48.693387 4.68
48.704137 4.68
48.734387 4.68
48.745137 4.68
48.775387 4.68
48.786137 4.68
48.816388 4.68
48.827138 4.68
48.857388 5.00
48.868138 4.68
48.898388 4.68
48.909143 4.68
48.939389 4.68
48.950139 4.68
48.980389 4.68
48.991139 4.68
49.021390 4.68
49.032139 4.68
49.062389 4.68
49.073140 4.68
49.103390 4.68
49.114140 4.68
49.144390 4.68
49.155140 4.68
49.185390 4.68
49.196141 4.68
49.226391 4.68
49.237141 4.68
49.267391 4.68
49.278141 4.68
49.308392 4.68
49.319141 4.68
49.349391 5.00
49.360142 5.00
49.390392 4.68
49.401142 4.68
49.431392 4.68
49.442143 4.68
49.472392 4.68
49.483143 4.68
49.513393 4.68
49.524143 4.68
49.554393 4.68
49.565143 4.68
49.595393 5.00
49.606143 5.00
49.636394 4.68
49.647144 4.68
49.677394 4.68
49.688144 4.68
49.718394 4.68
49.729145 4.68
49.759395 4.68
49.770145 4.68
49.802146 4.68
49.812895 5.00
49.843145 5.00
49.859021 4.68
49.884145 4.68
49.900021 4.68
49.925146 4.68
49.941021 4.68
49.966146 4.68
49.982021 4.68
50.007147 4.68
50.023021 4.68
50.048147 4.68
50.064022 5.00
50.089147 4.68
50.105022 4.68
50.130148 4.68
50.146022 4.68
50.171148 4.68
50.187022 4.68
50.212148 4.68
50.228023 4.68
50.253148 4.68
50.269024 4.68
50.294149 5.00
50.310023 4.68
50.335149 4.68
50.351024 4.68
50.376149 4.68
50.392024 4.68
50.417149 4.68
50.433025 4.68
50.458150 4.68
50.474024 4.68
50.499150 4.68
50.515025 4.68
50.540150 5.00
50.556025 4.68
50.581150 5.00
50.597026 4.68
50.622150 4.68
50.638026 4.68
50.663151 4.68
50.679026 4.68
50.704151 4.68
50.720026 4.68
50.745152 4.68
50.761027 4.68
50.786152 5.00
50.796903 5.00
50.827152 4.68
50.837904 4.68
50.868153 4.68
50.878904 4.68
50.909153 4.68
50.919904 4.68
50.950153 4.68
50.966029 4.68
50.991153 4.68
51.001904 4.68
51.032154 5.00
51.048029 4.68
51.073154 4.68
51.083905 4.68
51.114154 4.68
51.124905 4.68
51.155155 4.68
51.165906 4.68
51.196155 4.68
51.206905 4.68
51.237155 4.68
51.247907 4.68
51.278156 5.00
51.288907 4.68
51.319156 5.00
51.329907 5.00
51.360156 4.68
51.370907 4.68
51.401156 4.68
51.411907 4.68
51.442157 4.68
51.452908 4.68
51.483157 4.68
51.493908 4.68
51.524157 5.00
51.534909 5.00
51.565158 4.68
51.575909 4.68
51.606158 4.68
51.616909 4.68
51.647158 4.68
51.657910 4.68
51.688158 4.68
51.698910 4.68
51.729159 4.68
51.739910 4.68
51.770159 5.00
51.780910 5.00
51.811159 4.68
51.821911 5.00
51.852160 5.00
51.862911 5.00
51.893160 4.68
51.903911 4.68
51.934161 4.68
51.944911 4.68
51.975177 4.68
51.985913 5.00
52.021787 5.00
52.032537 4.68
52.063180 4.68
52.074067 4.68
52.109663 4.68
52.125788 4.68
52.153913 4.68
52.164663 4.68
52.195180 4.68
52.206067 4.68
52.241789 4.68
52.252539 5.00
52.283181 4.68
52.294068 4.68
52.329789 4.68
52.340539 4.68
52.371181 4.68
52.382068 4.68
52.417540 4.68
52.428307 4.68
52.458665 4.68
52.474665 4.68
52.499916 4.68
52.510665 4.68
52.541183 4.68
52.552070 4.68
52.587799 4.68
52.598541 4.68
52.629195 4.68
52.640070 4.68
52.675799 4.68
52.686542 4.68
52.717182 5.00
52.728070 5.00
52.763800 4.68
52.774542 4.68
52.805187 4.68
52.816071 4.68
52.851668 4.68
52.867800 4.68
52.896070 4.68
52.912072 4.68
52.942669 4.68
52.958801 5.00
52.987074 5.00
53.003196 4.68
53.028184 4.68
53.038947 4.68
53.074802 4.68
53.085545 4.68
53.116185 4.68
53.127073 4.68
53.162802 4.68
53.173545 4.68
53.204314 5.00
53.215073 5.00
53.250671 4.68
53.266671 4.68
53.295073 4.68
53.311073 4.68
53.341672 4.68
53.357800 4.68
53.386074 4.68
53.402074 4.68
53.432672 4.68
53.448547 4.68
53.477077 4.68
53.493313 4.68
53.523673 4.68
53.539673 4.68
53.568076 4.68
53.578954 4.68
53.614674 4.68
53.625549 4.68
53.656076 4.68
53.666803 5.00
53.702674 5.00
53.713424 5.00
53.744076 5.00
53.754803 4.68
53.790675 4.68
53.801550 4.68
53.832076 4.68
53.842952 4.68
53.878675 4.68
53.889550 4.68
53.920077 5.00
53.930953 5.00
53.966676 5.00
53.977426 4.68
54.008078 4.68
54.018806 4.68
54.054677 4.68
54.065552 4.68
54.096082 4.68
54.106954 4.68
54.142678 4.68
54.153552 5.00
54.184082 5.00
54.194954 4.68
54.230678 4.68
54.241553 4.68
54.272080 4.68
54.282807 4.68
54.318679 4.68
54.329554 4.68
54.360082 4.68
54.370957 4.68
54.406555 4.68
54.422554 4.68
54.447679 4.68
54.458554 4.68
54.488959 4.68
54.505082 4.68
54.535680 4.68
54.546555 4.68
54.577082 4.68
54.587959 4.68
54.623681 4.68
54.634556 5.00
54.665086 5.00
54.675960 4.68
54.711682 4.68
54.722431 4.68
54.753086 4.68
54.763961 4.68
54.799557 4.68
54.815557 4.68
54.840682 4.68
54.851433 4.68
54.882086 4.68
54.892961 5.00
54.928682 5.00
54.939558 4.68
54.970086 4.68
54.980962 4.68
55.016684 4.68
55.027559 4.68
55.058077 4.68
55.068960 4.68
55.104684 4.68
55.115560 4.68
55.146088 5.00
55.156963 4.68
55.192685 4.68
55.203560 4.68
55.234088 4.68
55.244964 4.68
55.280685 4.68
55.291560 4.68
55.321963 4.68
55.337965 4.68
55.368686 4.68
55.379436 5.00
55.410090 5.00
55.420966 5.00
55.456687 4.68
55.467437 4.68
55.497963 4.68
55.513965 4.68
55.544562 4.68
55.560688 4.68
55.585687 4.68
55.596438 4.68
55.627091 5.00
55.637968 4.68
55.673689 5.00
55.684438 4.68
55.714965 4.68
55.731092 4.68
55.761564 4.68
55.777689 4.68
55.802689 4.68
55.813439 4.68
55.844093 4.68
55.854967 5.00
55.890690 4.68
55.901440 4.68
55.931969 4.68
55.947967 4.68
55.978565 4.68
55.994691 4.68
56.019691 4.68
56.030441 4.68
56.061092 4.68
56.071818 4.68
56.107566 5.00
56.123567 5.00
56.148692 4.68
56.159567 4.68
56.189969 4.68
56.205969 4.68
56.236692 4.68
56.247567 4.68
56.277969 4.68
56.293819 4.68
56.324693 4.68
56.335443 4.68
56.366097 5.00
56.376820 5.00
56.407444 4.68
56.423569 4.68
56.448569 4.68
56.459444 4.68
56.489694 4.68
56.500444 4.68
56.531096 4.68
56.541974 4.68
56.572445 4.68
56.588445 5.00
56.613445 4.68
56.625821 5.00
56.654570 4.68
56.665445 4.68
56.695696 4.68
56.706446 4.68
56.736973 4.68
56.747696 4.68
56.783571 4.68
56.794446 4.68
56.824697 4.68
56.835446 5.00
56.866214 5.00
56.877100 4.68
56.907447 5.00
56.923572 4.68
56.948448 4.68
56.964573 4.68
56.989448 4.68
57.005448 4.68
57.030448 4.68
57.046573 4.68
57.071574 4.68
57.082448 4.68
57.112574 4.68
57.123449 4.68
57.153699 4.68
57.164449 4.68
57.194976 4.68
57.205826 4.68
57.236450 4.68
57.252575 4.68
57.277575 4.68
57.288450 4.68
57.318700 5.00
57.329450 4.68
57.360104 4.68
57.370977 4.68
57.401451 4.68
57.417576 4.68
57.442451 4.68
57.458576 4.68
57.483576 4.68
57.494451 4.68
57.524702 4.68
57.535452 4.68
57.566106 5.00
57.576978 4.68
57.607342 4.68
57.618095 4.68
57.648452 4.68
57.664578 4.68
57.689452 4.68
57.705453 4.68
57.730453 4.68
57.746578 4.68
57.771578 4.68
57.782453 4.68
57.812704 5.00
57.823454 4.68
57.854108 4.68
57.864982 4.68
57.895455 4.68
57.911580 4.68
57.936580 4.68
57.947330 4.68
57.977705 4.68
57.988580 4.68
58.018982 4.68
58.029831 4.68
58.060455 5.00
58.076581 4.68
58.101456 4.68
58.117456 4.68
58.142456 4.68
58.158581 4.68
58.183581 4.68
58.194456 4.68
58.224706 4.68
58.235457 4.68
58.266224 4.68
58.277110 4.68
58.307457 4.68
58.323583 4.68
58.348457 4.68
58.364582 4.68
58.389458 4.68
58.405458 4.68
58.430458 4.68
58.446584 4.68
58.471583 4.68
58.482334 4.68
58.512709 4.68
58.523459 5.00
58.555839 4.68
58.566709 4.68
58.602585 4.68
58.613460 4.68
58.643710 4.68
58.654459 4.68
58.684987 4.68
58.695836 4.68
58.726460 4.68
58.742585 4.68
58.767461 4.68
58.783586 5.00
58.808461 4.68
58.824586 4.68
58.849586 4.68
58.860461 4.68
58.890711 4.68
58.903103 4.68
58.933740 4.68
58.944712 4.68
58.980587 4.68
58.991462 4.68
59.021839 4.68
59.037993 4.68
59.068588 4.68
59.079338 4.68
59.109856 4.68
59.125991 4.68
59.151338 4.68
59.163733 4.68
59.192339 4.68
59.204731 4.68
59.233339 4.68
59.249355 5.00
59.274339 5.00
59.286718 4.68
59.315339 4.68
59.331355 4.68
59.356340 4.68
59.372358 4.68
59.397340 4.68
59.413357 4.68
59.438340 4.68
59.454356 4.68
59.479340 4.68
59.491720 5.00
59.520341 5.00
59.536359 4.68
59.561341 4.68
59.577358 4.68
59.602342 4.68
59.614721 4.68
59.643342 4.68
59.659358 4.68
59.684342 4.68
59.700358 4.68
59.725343 4.68
59.741357 5.00
59.766343 4.68
59.782360 4.68
59.807343 4.68
59.823358 4.68
59.848343 4.68
59.864360 4.68
59.889343 4.68
59.905361 4.68
59.930344 4.68
59.946359 4.68
59.971344 4.68
59.987360 4.68
60.012345 4.68
60.028361 4.68
60.053345 4.68
60.069361 4.68
60.094345 4.68
60.110362 4.68
60.135346 4.68
60.151362 4.68
60.176345 4.68
60.192361 4.68
60.217346 5.00
60.233363 5.00
60.258346 4.68
60.274363 4.68
60.299347 4.68
60.315363 4.68
60.340347 4.68
60.356363 4.68
60.381347 4.68
60.397364 4.68
60.422347 4.68
60.438364 4.68
60.463348 5.00
60.479364 4.68
60.504348 4.68
60.520364 4.68
60.545348 4.68
60.561365 4.68
60.586349 4.68
60.602363 4.68
60.627349 4.68
60.643366 4.68
60.668350 4.68
60.684364 4.68
60.709349 5.00
60.725367 4.68
60.750350 4.68
60.766366 4.68
60.791350 4.68
60.807367 4.68
60.832351 4.68
60.848368 4.68
60.873351 4.68
60.889367 4.68
60.914350 4.68
60.930491 4.68
60.955351 5.00
60.971369 4.68
60.996351 4.68
61.012370 4.68
61.037352 4.68
61.053369 4.68
61.078352 4.68
61.094367 4.68
61.119352 4.68
61.135367 4.68
61.160352 4.68
61.176370 4.68
61.201353 5.00
61.217353 4.68
61.242354 4.68
61.258372 4.68
61.283353 4.68
61.299371 4.68
61.324354 4.68
61.340371 4.68
61.365354 4.68
61.381372 4.68
61.406354 4.68
61.422372 4.68
61.447355 4.68
61.463373 4.68
61.488355 4.68
61.504373 4.68
61.529480 4.68
61.540355 4.68
61.570606 4.68
61.583124 4.68
61.611856 4.68
61.622731 4.68
61.653373 4.68
61.669373 5.00
61.694606 5.00
61.706982 4.68
61.735732 4.68
61.751732 4.68
61.782374 4.68
61.798375 4.68
61.823608 4.68
61.835982 4.68
61.864858 4.68
61.875733 4.68
61.911375 4.68
61.927382 5.00
61.952608 5.00
61.968483 4.68
61.993859 4.68
62.004733 4.68
62.035374 4.68
62.051374 4.68
62.076610 4.68
62.089001 4.68
62.117860 4.68
62.128734 4.68
62.159376 5.00
62.170125 4.68
62.200610 4.68
62.216610 4.68
62.241861 4.68
62.252736 4.68
62.283376 4.68
62.294126 4.68
62.324611 4.68
62.340486 4.68
62.365736 4.68
62.376611 4.68
62.412253 5.00
62.428255 4.68
62.453487 5.00
62.464362 4.68
62.494612 4.68
62.510612 4.68
62.535864 4.68
62.546737 4.68
62.582378 4.68
62.593129 4.68
62.623613 4.68
62.639613 4.68
62.673256 4.68
62.689257 4.68
62.714489 4.68
62.725364 4.68
62.755614 4.68
62.771614 4.68
62.796866 4.68
62.807740 4.68
62.843257 4.68
62.859132 4.68
62.884490 5.00
62.895365 5.00
62.925615 4.68
62.941490 4.68
62.966867 5.00
62.977741 4.68
63.008383 4.68
63.019133 4.68
63.049366 4.68
63.060134 4.68
63.090367 4.68
63.101133 4.68
63.131492 5.00
63.142367 4.68
63.172617 4.68
63.188617 4.68
63.213896 4.68
63.224743 4.68
63.255242 4.68
63.271117 4.68
63.296242 4.68
63.312117 4.68
63.337242 4.68
63.353117 4.68
63.378242 4.68
63.394118 4.68
63.419243 4.68
63.435118 4.68
63.460243 4.68
63.476118 4.68
63.501243 4.68
63.517118 4.68
63.542243 4.68
63.558118 4.68
63.583244 4.68
63.599119 5.00
63.624244 4.68
63.640119 4.68
63.665245 4.68
63.681120 4.68
63.706245 4.68
63.722120 4.68
63.747245 4.68
63.763120 4.68
63.788246 4.68
63.804120 4.68
63.829245 4.68
63.845121 5.00
63.870245 5.00
63.886121 4.68
63.911246 4.68
63.927121 4.68
63.952247 4.68
63.968122 4.68
63.993247 4.68
64.009121 4.68
64.034247 4.68
64.050122 4.68
64.075248 4.68
64.091122 4.68
64.116248 4.68
64.132123 4.68
64.157248 4.68
64.173123 4.68
64.198248 4.68
64.214124 4.68
64.239248 4.68
64.255124 4.68
64.280249 4.68
64.296124 4.68
64.321249 5.00
64.337124 4.68
64.362249 4.68
64.378124 4.68
64.403250 4.68
64.419125 4.68
64.444250 4.68
64.460125 4.68
64.485250 4.68
64.501125 4.68
64.526251 4.68
64.542125 4.68
64.567251 5.00
64.583126 4.68
64.608251 4.68
64.624126 4.68
64.649252 4.68
64.665126 4.68
64.690252 4.68
64.706127 4.68
64.731252 4.68
64.747127 4.68
64.772252 4.68
64.788128 4.68
64.813253 4.68
64.829127 4.68
64.854253 4.68
64.870128 4.68
64.895254 4.68
64.911128 4.68
64.936254 4.68
64.947004 4.68
64.977253 4.68
64.988004 4.68
65.018254 4.68
65.034129 5.00
65.059254 4.68
65.070004 4.68
65.100397 4.68
65.111148 4.68
65.141381 4.68
65.152149 4.68
65.182381 4.68
65.193148 4.68
65.223507 4.68
65.239507 4.68
65.264632 4.68
65.275507 5.00
65.305757 4.68
65.316508 4.68
65.347159 4.68
65.363275 4.68
65.388508 4.68
65.404384 4.68
65.429633 4.68
65.440384 4.68
65.476024 4.68
65.486759 4.68
65.517401 4.68
65.528149 5.00
65.558634 4.68
65.569384 4.68
65.599760 4.68
65.610509 4.68
65.641162 4.68
65.657039 4.68
65.682385 4.68
65.693150 4.68
65.723385 4.68
65.734153 4.68
65.764511 5.00
65.780386 5.00
65.805636 5.00
65.816386 4.68
65.852026 4.68
65.862762 4.68
65.893404 4.68
65.904153 4.68
65.934637 4.68
65.945387 4.68
65.981029 4.68
65.991762 4.68
66.022405 5.00
66.033153 4.68
66.063638 4.68
66.074388 4.68
66.110042 4.68
66.120763 4.68
66.151406 4.68
66.162154 4.68
66.192514 4.68
66.208514 4.68
66.233639 4.68
66.244514 5.00
66.274764 5.00
66.285513 4.68
66.315763 4.68
66.326514 4.68
66.356764 4.68
66.367514 4.68
66.397764 4.68
66.408514 4.68
66.438764 4.68
66.449514 4.68
66.479766 4.68
66.490516 5.00
66.521169 4.68
66.537281 4.68
66.562517 4.68
66.578391 4.68
66.603642 4.68
66.614392 4.68
66.650034 4.68
66.660767 4.68
66.691411 4.68
66.703894 4.68
66.732643 4.68
66.743393 5.00
66.779034 5.00
66.789768 4.68
66.820410 4.68
66.832894 4.68
66.861644 4.68
66.872518 4.68
66.908047 4.68
66.920550 4.68
66.949394 4.68
66.960284 4.68
66.990519 4.68
67.006519 4.68
67.031645 4.68
67.042395 4.68
67.078036 4.68
67.090552 4.68
67.119413 4.68
67.131926 4.68
67.160646 4.68
67.171396 4.68
67.207050 4.68
67.223038 5.00
67.248414 5.00
67.260925 4.68
67.289396 4.68
67.301772 4.68
67.330522 4.68
67.346397 4.68
67.371647 4.68
67.382522 4.68
67.414426 4.68
67.425289 4.68
67.455648 5.00
67.466523 5.00
67.498427 4.68
67.509288 4.68
67.539648 4.68
67.550398 4.68
67.585918 4.68
67.598400 4.68
67.627415 4.68
67.643416 4.68
67.668650 4.68
67.679399 5.00
67.715043 5.00
67.731040 5.00
67.756415 4.68
67.772415 4.68
67.797525 4.68
67.813400 4.68
67.838650 4.68
67.849401 4.68
67.884905 4.68
67.901043 4.68
67.926178 4.68
67.937053 5.00
67.967526 5.00
67.983401 5.00
68.008651 4.68
68.019527 5.00
68.054904 5.00
68.070904 4.68
68.096420 4.68
68.112420 4.68
68.137653 4.68
68.148403 4.68
68.184045 5.00
68.200046 4.68
68.225418 4.68
68.241403 4.68
68.266529 4.68
68.282404 4.68
68.307654 4.68
68.318404 4.68
68.354047 4.68
68.370044 4.68
68.395419 4.68
68.411404 5.00
68.436530 5.00
68.452405 5.00
68.477655 4.68
68.488405 5.00
68.523907 4.68
68.539907 4.68
68.565185 4.68
68.575908 4.68
68.606531 4.68
68.622531 4.68
68.647656 4.68
68.658406 4.68
68.693936 4.68
68.709908 4.68
68.735424 4.68
68.751407 4.68
68.776532 4.68
68.792532 4.68
68.817658 4.68
68.828533 4.68
68.864050 4.68
68.880052 4.68
68.905299 5.00
68.916049 4.68
68.946534 4.68
68.962534 4.68
68.987659 4.68
68.998534 4.68
69.034051 4.68
69.049909 4.68
69.075303 4.68
69.086052 4.68
69.116535 4.68
69.132535 4.68
69.159411 4.68
69.170175 4.68
69.200535 4.68
69.216536 4.68
69.243412 4.68
69.254189 4.68
69.284536 4.68
69.300536 4.68
69.325661 4.68
69.336411 4.68
69.372064 4.68
69.387911 4.68
69.413178 4.68
69.424054 4.68
69.454537 4.68
69.470412 4.68
69.495662 4.68
69.506537 4.68
69.542066 4.68
69.558066 4.68
69.583303 4.68
69.595788 4.68
69.626433 5.00
69.637178 4.68
69.669432 4.68
69.680181 4.68
69.712446 4.68
69.723180 4.68
69.755445 4.68
69.766183 4.68
69.798442 4.68
69.809181 4.68
69.841445 4.68
69.852183 4.68
69.884445 4.68
69.895180 4.68
69.927445 4.68
69.938183 4.68
69.970447 4.68
69.981183 4.68
70.016798 4.68
70.027541 4.68
70.058195 4.68
70.069070 4.68
70.099542 5.00
70.110309 5.00
70.142310 4.68
70.153183 4.68
70.183418 4.68
70.199310 4.68
70.224418 4.68
70.240310 4.68
70.265434 4.68
70.276185 4.68
70.308323 4.68
70.319197 4.68
70.349418 5.00
70.360185 5.00
70.390544 4.68
70.401419 4.68
70.436803 4.68
70.447669 4.68
70.478197 4.68
70.489073 4.68
70.519545 4.68
70.530420 4.68
70.565805 4.68
70.590312 5.00
70.619799 4.68
70.635798 4.68
70.661311 4.68
70.677313 4.68
70.702421 4.68
70.718421 4.68
70.743546 4.68
70.754422 4.68
70.789800 4.68
70.814314 4.68
70.843800 5.00
70.859801 5.00
70.885315 4.68
70.901314 4.68
70.926423 4.68
70.942548 4.68
70.967548 4.68
70.978423 4.68
71.013803 4.68
71.038315 4.68
71.067803 4.68
71.083803 5.00
71.109315 4.68
71.125314 4.68
71.150425 4.68
71.166424 4.68
71.191425 4.68
71.202316 4.68
71.232550 4.68
71.243315 4.68
71.278805 4.68
71.294804 4.68
71.320317 5.00
71.336317 5.00
71.361426 4.68
71.377426 4.68
71.402426 4.68
71.413318 4.68
71.443427 4.68
71.454319 4.68
71.484552 4.68
71.495427 4.68
71.530808 4.68
71.546807 4.68
71.572320 4.68
71.588320 4.68
71.613428 4.68
71.629319 4.68
71.654553 4.68
71.665303 4.68
71.700808 4.68
71.716807 4.68
71.742321 4.68
71.758322 4.68
71.783429 4.68
71.799429 5.00
71.824554 4.68
71.835429 4.68
71.870807 4.68
71.886807 4.68
71.912320 4.68
71.928322 4.68
71.953430 4.68
71.964321 4.68
71.994555 4.68
72.005430 4.68
72.040807 5.00
72.056811 5.00
72.082321 5.00
72.098321 4.68
72.123432 4.68
72.139431 4.68
72.164431 4.68
72.175324 4.68
72.205432 4.68
72.216325 4.68
72.246557 4.68
72.257432 4.68
72.292811 5.00
72.308814 4.68
72.334087 4.68
72.344962 4.68
72.375433 4.68
72.391433 4.68
72.416558 4.68
72.427433 4.68
72.462813 4.68
72.478962 4.68
72.504325 4.68
72.520325 4.68
72.545434 5.00
72.556324 4.68
72.586435 4.68
72.597327 4.68
72.627435 4.68
72.638310 4.68
72.668560 4.68
72.679435 4.68
72.714815 4.68
72.725812 4.68
72.756090 4.68
72.766963 5.00
72.797436 4.68
72.808327 4.68
72.838437 4.68
72.849329 4.68
72.879437 4.68
72.890312 4.68
72.920562 4.68
72.931330 4.68
72.966817 4.68
72.977814 4.68
73.008328 4.68
73.024329 4.68
73.049313 4.68
73.060080 4.68
73.090438 4.68
73.101313 4.68
73.131438 4.68
73.142314 4.68
73.172438 4.68
73.183314 4.68
73.213564 4.68
73.224314 4.68
73.259816 5.00
73.275816 4.68
73.301332 4.68
73.317333 4.68
73.342440 5.00
73.353315 4.68
73.383440 4.68
73.394315 4.68
73.424566 4.68
73.435440 4.68
73.470820 4.68
73.481817 5.00
73.512333 4.68
73.528333 4.68
73.553317 4.68
73.564084 4.68
73.594442 4.68
73.605317 4.68
73.635442 4.68
73.646317 4.68
73.676442 4.68
73.687318 4.68
73.717443 4.68
73.728318 5.00
73.758443 5.00
73.769335 4.68
73.799443 4.68
73.810319 5.00
73.840443 4.68
73.851318 4.68
73.881444 4.68
73.892334 4.68
73.922444 4.68
73.933212 4.68
73.963445 4.68
73.974335 5.00
74.004445 4.68
74.015320 4.68
74.045445 4.68
74.056337 4.68
74.086445 4.68
74.097321 4.68
74.127445 4.68
74.138321 4.68
74.168446 4.68
74.179321 4.68
74.209446 5.00
74.220321 5.00
74.250447 5.00
74.261339 4.68
74.291447 5.00
74.302336 4.68
74.332447 4.68
74.343322 4.68
74.373447 4.68
74.384322 4.68
74.414447 4.68
74.425323 4.68
74.455573 5.00
74.466323 5.00
74.501825 4.68
74.517825 4.68
74.543340 4.68
74.559340 4.68
74.584449 4.68
74.595341 4.68
74.625449 4.68
74.636324 4.68
74.666449 4.68
74.677325 4.68
74.707450 5.00
74.718325 5.00
74.748450 5.00
74.759325 5.00
74.791202 5.00
74.802105 4.68
74.832451 4.68
74.843341 4.68
74.875202 4.68
74.886104 5.00
74.916451 4.68
74.927344 5.00
74.962701 4.68
74.973577 4.68
75.004106 4.68
75.014980 4.68
75.045452 4.68
75.056327 4.68
75.088203 4.68
75.099107 4.68
75.129453 4.68
75.140345 4.68
75.172204 4.68
75.183108 4.68
75.213345 4.68
75.224222 4.68
75.259857 4.68
75.275860 4.68
75.301347 4.68
75.317454 4.68
75.342454 4.68
75.353348 4.68
75.385206 4.68
75.396109 4.68
75.426455 5.00
75.437347 5.00
75.469206 5.00
75.480107 4.68
75.510456 4.68
75.521349 4.68
75.553207 5.00
75.563982 5.00
75.594349 4.68
75.605096 4.68
75.635456 4.68
75.646332 5.00
75.681582 4.68
75.692332 4.68
75.722707 4.68
75.735208 4.68
75.764109 4.68
75.779985 4.68
75.805458 4.68
75.816333 4.68
75.851583 4.68
75.862458 4.68
75.892708 5.00
75.905085 5.00
75.934112 4.68
75.950350 4.68
75.975348 4.68
75.986099 4.68
76.021709 4.68
76.037709 4.68
76.063113 4.68
76.079112 4.68
76.104460 4.68
76.115352 4.68
76.150585 4.68
76.161335 4.68
76.191710 4.68
76.207586 4.68
76.232990 4.68
76.243837 4.68
76.274461 4.68
76.285351 4.68
76.320586 4.68
76.331461 4.68
76.361711 4.68
76.377587 5.00
76.402992 5.00
76.413712 5.00
76.444354 4.68
76.455106 4.68
76.490713 4.68
76.506588 4.68
76.532114 4.68
76.548117 4.68
76.573356 4.68
76.584104 4.68
76.614463 5.00
76.625339 5.00
76.660713 4.68
76.676589 4.68
76.701994 4.68
76.712841 4.68
76.743356 4.68
76.754106 4.68
76.789589 4.68
76.800340 4.68
76.830715 4.68
76.846715 4.68
76.871842 5.00
76.882715 5.00
76.913358 5.00
76.924232 5.00
76.959591 4.68
76.970341 4.68
77.000716 4.68
77.016591 4.68
77.041995 4.68
77.052842 4.68
77.083359 4.68
77.094108 5.00
77.129592 4.68
77.140342 4.68
77.170717 4.68
77.186593 4.68
77.211994 4.68
77.222718 4.68
77.253360 4.68
77.264111 4.68
77.294343 4.68
77.305110 4.68
77.335344 4.68
77.346109 5.00
77.376344 5.00
77.387111 4.68
77.417344 4.68
77.428110 4.68
77.458345 4.68
77.469113 4.68
77.499345 4.68
77.510112 4.68
77.540345 4.68
77.551113 4.68
77.581348 4.68
77.592235 5.00
77.622345 4.68
77.633111 4.68
77.663346 4.68
77.674114 4.68
77.704346 4.68
77.715114 4.68
77.745347 4.68
77.756112 4.68
77.786347 4.68
77.797114 4.68
77.827347 5.00
77.838114 4.68
77.868347 4.68
77.879116 4.68
77.909348 4.68
77.920117 4.68
77.950348 4.68
77.961116 4.68
77.991348 4.68
78.002113 4.68
78.032349 4.68
78.043116 4.68
78.075100 4.68
78.085849 4.68
78.116365 4.68
78.127117 4.68
78.162600 4.68
78.173349 4.68
78.203851 4.68
78.214724 4.68
78.245368 4.68
78.256115 4.68
78.291725 4.68
78.302600 5.00
78.332976 4.68
78.343726 4.68
78.374367 4.68
78.385118 4.68
78.420601 4.68
78.433103 4.68
78.461853 4.68
78.472727 4.68
78.503369 4.68
78.514120 4.68
78.549603 4.68
78.562104 4.68
78.590854 4.68
78.601727 4.68
78.632370 4.68
78.643120 4.68
78.674980 4.68
78.685855 4.68
78.716371 4.68
78.727121 4.68
78.758980 4.68
78.769855 4.68
78.800372 4.68
78.811121 4.68
78.846605 4.68
78.858981 4.68
78.887856 4.68
78.898729 4.68
78.929373 4.68
78.940247 4.68
78.970605 4.68
78.982998 4.68
79.011731 4.68
79.022606 5.00
79.053135 5.00
79.063981 4.68
79.099606 4.68
79.115606 4.68
79.140858 4.68
79.151731 4.68
79.182372 4.68
79.193126 4.68
79.223607 4.68
79.239607 4.68
79.264859 4.68
79.275733 4.68
79.306134 4.68
79.316860 4.68
79.352608 4.68
79.368483 4.68
79.393860 4.68
79.404733 4.68
79.435375 4.68
79.446127 4.68
79.476609 4.68
79.492609 4.68
79.517878 5.00
79.528734 4.68
79.559376 4.68
79.570127 4.68
79.600610 4.68
79.616484 4.68
79.641735 4.68
79.652610 4.68
79.683138 4.68
79.693862 4.68
79.729611 4.68
79.745486 5.00
79.770863 5.00
79.781736 4.68
79.812378 4.68
79.823129 4.68
79.853612 4.68
79.869612 4.68
79.894863 4.68
79.905737 4.68
79.936378 4.68
79.947142 4.68
79.977612 4.68
79.993738 5.00
80.018865 4.68
80.029738 4.68
80.060378 4.68
80.071130 4.68
80.106739 4.68
80.117489 4.68
80.148144 4.68
80.159005 4.68
80.194739 4.68
80.205489 4.68
80.236148 5.00
80.246866 4.68
80.282740 4.68
80.293615 4.68
80.324145 4.68
80.335005 4.68
80.370741 4.68
80.381616 4.68
80.412142 4.68
80.422867 4.68
80.458741 4.68
80.469491 5.00
80.500145 5.00
80.510868 5.00
80.546742 5.00
80.557492 4.68
80.588145 4.68
80.598868 4.68
80.634743 4.68
80.645492 4.68
80.676146 4.68
80.687022 4.68
80.722743 5.00
80.733493 5.00
80.764148 5.00
80.774870 4.68
80.810743 4.68
80.821618 4.68
80.852145 4.68
80.863022 4.68
80.898619 4.68
80.914744 4.68
80.939870 4.68
80.950744 4.68
80.981388 4.68
80.992137 4.68
81.022620 4.68
81.038495 4.68
81.063871 4.68
81.074746 4.68
81.105150 4.68
81.116022 4.68
81.151496 4.68
81.162386 4.68
81.192621 5.00
81.208497 5.00
81.233873 5.00
81.244747 4.68
81.275148 4.68
81.286024 4.68
81.321747 4.68
81.332497 4.68
81.363152 4.68
81.374025 4.68
81.409747 4.68
81.420498 4.68
81.451150 5.00
81.461874 5.00
81.497749 4.68
81.508498 4.68
81.539153 4.68
81.550028 4.68
81.585624 4.68
81.601624 4.68
81.626875 4.68
81.639392 4.68
81.668152 4.68
81.678876 5.00
81.714750 5.00
81.725625 4.68
81.756155 4.68
81.766876 4.68
81.797376 4.68
81.808142 4.68
81.843626 4.68
81.854501 4.68
81.884877 4.68
81.897393 4.68
81.926155 5.00
81.937030 5.00
81.967377 4.68
81.978144 4.68
82.008502 4.68
82.020878 4.68
82.049627 4.68
82.060378 4.68
82.090878 4.68
82.106879 4.68
82.132155 4.68
82.142879 4.68
82.173503 5.00
82.185879 5.00
82.214628 5.00
82.225504 4.68
82.255909 5.00
82.271880 4.68
82.302629 4.68
82.313504 4.68
82.343755 4.68
82.354504 4.68
82.385159 4.68
82.396034 5.00
82.426505 5.00
82.442630 4.68
82.467630 4.68
82.478381 4.68
82.508882 4.68
82.525035 4.68
82.555632 4.68
82.566506 4.68
82.596883 4.68
82.613036 4.68
82.643632 4.68
82.654507 5.00
82.684883 4.68
82.700884 4.68
82.731632 4.68
82.742508 4.68
82.772884 4.68
82.789034 4.68
82.814159 4.68
82.825035 4.68
82.855383 4.68
82.866150 4.68
82.896509 4.68
82.912633 4.68
82.937634 4.68
82.948509 4.68
82.978886 4.68
82.994886 4.68
83.025634 4.68
83.036509 4.68
83.066886 4.68
83.083039 4.68
83.108164 4.68
83.118887 5.00
83.149510 5.00
83.165635 4.68
83.190635 4.68
83.201510 4.68
83.231888 4.68
83.248041 4.68
83.273164 4.68
83.283888 4.68
83.314512 4.68
83.330636 4.68
83.355637 4.68
83.366387 4.68
83.396889 4.68
83.413040 4.68
83.438167 4.68
83.449041 4.68
83.479513 4.68
83.495638 4.68
83.520638 4.68
83.531512 4.68
83.561763 4.68
83.572513 4.68
83.603168 5.00
83.614040 4.68
83.644514 4.68
83.660639 4.68
83.685639 4.68
83.696514 4.68
83.726891 4.68
83.743044 4.68
83.773640 4.68
83.784515 4.68
83.814891 4.68
83.831044 4.68
83.861640 5.00
83.872516 4.68
83.902892 4.68
83.919045 4.68
83.945896 4.68
83.956765 4.68
83.988896 4.68
83.999766 4.68
84.031897 4.68
84.042767 4.68
84.078642 4.68
84.089517 5.00
84.119894 4.68
84.136047 4.68
84.162897 4.68
84.173767 4.68
84.205897 4.68
84.216768 4.68
84.248773 4.68
84.259518 4.68
84.291773 4.68
84.302519 4.68
84.332894 4.68
84.348768 5.00
84.373894 4.68
84.389768 4.68
84.414894 4.68
84.430768 4.68
84.455895 4.68
84.471768 4.68
84.496895 4.68
84.512769 4.68
84.538019 4.68
84.548769 4.68
84.579020 5.00
84.589769 4.68
84.620020 4.68
84.630770 4.68
84.661020 4.68
84.671770 4.68
84.702020 4.68
84.712770 4.68
84.743021 4.68
84.753770 4.68
84.784021 4.68
84.794770 5.00
84.825021 5.00
84.835771 5.00
84.866022 4.68
84.876771 4.68
84.907022 4.68
84.917772 4.68
84.948023 4.68
84.958772 4.68
84.989022 5.00
84.999772 4.68
85.030022 4.68
85.040773 5.00
85.071023 5.00
85.081772 4.68
85.112023 4.68
85.122773 4.68
85.153023 4.68
85.163773 4.68
85.194024 4.68
85.204774 4.68
85.235024 4.68
85.245774 4.68
85.276024 4.68
85.286774 5.00
85.317025 5.00
85.327774 4.68
85.358025 4.68
85.368775 4.68
85.399025 4.68
85.409775 4.68
85.440025 4.68
85.450775 4.68
85.481026 4.68
85.491776 4.68
85.527151 4.68
85.537901 5.00
85.573276 5.00
85.584027 4.68
85.614277 4.68
85.625027 4.68
85.655277 4.68
85.666027 4.68
85.696278 4.68
85.707027 4.68
85.737278 4.68
85.748028 4.68
85.778279 4.68
85.789028 4.68
85.819279 4.68
85.830029 4.68
85.860278 4.68
85.871029 4.68
85.901279 4.68
85.912028 4.68
85.942279 4.68
85.953029 4.68
85.983279 4.68
85.994029 4.68
86.024280 5.00
86.035030 4.68
86.065406 4.68
86.081425 4.68
86.106532 4.68
86.117407 4.68
86.147656 4.68
86.158532 4.68
86.188908 4.68
86.199658 4.68
86.235424 4.68
86.251423 5.00
86.276658 4.68
86.287533 4.68
86.317909 4.68
86.328658 4.68
86.364425 4.68
86.380425 4.68
86.405659 4.68
86.416534 4.68
86.446909 4.68
86.457659 4.68
86.493534 5.00
86.504301 5.00
86.534659 5.00
86.545410 5.00
86.575910 4.68
86.586660 4.68
86.622425 4.68
86.638411 4.68
86.663660 4.68
86.674535 4.68
86.704786 4.68
86.720786 4.68
86.751428 5.00
86.767428 5.00
86.792661 4.68
86.803537 5.00
86.833912 5.00
86.844662 4.68
86.876801 4.68
86.887537 4.68
86.923427 4.68
86.939412 4.68
86.964538 4.68
86.975304 5.00
87.005663 5.00
87.018304 5.00
87.048807 4.68
87.059663 4.68
87.095432 4.68
87.111432 4.68
87.136664 4.68
87.149055 4.68
87.177914 4.68
87.188664 4.68
87.224430 4.68
87.240415 5.00
87.265664 4.68
87.278067 4.68
87.306915 4.68
87.317665 4.68
87.348181 4.68
87.358916 4.68
87.389541 4.68
87.400308 4.68
87.430666 4.68
87.443069 4.68
87.471917 5.00
87.482666 4.68
87.513181 4.68
87.523917 4.68
87.554417 4.68
87.565183 4.68
87.595542 4.68
87.606309 4.68
87.636667 4.68
87.649072 4.68
87.683310 4.68
87.695672 5.00
87.724668 5.00
87.740668 5.00
87.765918 5.00
87.776668 4.68
87.807187 4.68
87.823294 4.68
87.848419 4.68
87.859186 4.68
87.889544 4.68
87.900311 4.68
87.930669 4.68
87.946670 5.00
87.971802 4.68
87.982670 4.68
88.018435 4.68
88.029312 4.68
88.059545 4.68
88.070313 4.68
88.100670 4.68
88.116671 4.68
88.141948 4.68
88.152801 4.68
88.183421 5.00
88.194315 5.00
88.224547 5.00
88.235312 5.00
88.265672 5.00
88.281547 4.68
88.306951 4.68
88.317672 4.68
88.348423 4.68
88.359315 4.68
88.389548 4.68
88.400315 4.68
88.430673 5.00
88.446673 4.68
88.471951 4.68
88.482803 4.68
88.513424 4.68
88.524314 4.68
88.554549 4.68
88.565424 4.68
88.595674 4.68
88.611675 4.68
88.636954 4.68
88.647804 5.00
88.678425 5.00
88.689318 4.68
88.719425 4.68
88.730318 4.68
88.760550 4.68
88.771315 4.68
88.801676 4.68
88.817676 4.68
88.842956 4.68
88.853806 4.68
88.884427 4.68
88.895316 5.00
88.925552 4.68
88.936427 4.68
88.966677 4.68
88.982677 4.68
89.013318 4.68
89.029319 4.68
89.054553 4.68
89.065319 4.68
89.095678 4.68
89.111678 4.68
89.136958 4.68
89.147678 5.00
89.178428 4.68
89.189322 4.68
89.219553 4.68
89.230429 4.68
89.260679 4.68
89.276679 4.68
89.307322 4.68
89.323320 4.68
89.348555 4.68
89.359322 4.68
89.389680 5.00
89.405680 4.68
89.432690 4.68
89.443556 4.68
89.479323 4.68
89.495323 4.68
89.520431 4.68
89.531324 4.68
89.561556 4.68
89.574086 4.68
89.602682 4.68
89.618557 4.68
89.649325 5.00
89.665322 4.68
89.690557 4.68
89.703086 4.68
89.731682 4.68
89.747682 4.68
89.774691 4.68
89.785558 4.68
89.821323 4.68
89.837201 4.68
89.862559 4.68
89.874960 4.68
89.903684 4.68
89.919559 4.68
89.946563 4.68
89.957434 4.68
89.987684 4.68
90.003559 4.68
90.030563 4.68
90.041435 4.68
90.071684 4.68
90.087560 4.68
90.114564 5.00
90.125435 4.68
90.155685 4.68
90.171561 4.68
90.202329 4.68
90.218329 4.68
90.243436 4.68
90.254329 4.68
90.284561 4.68
90.296965 4.68
90.325819 4.68
90.336686 4.68
90.367327 4.68
90.383205 4.68
90.408562 4.68
90.424563 4.68
90.449687 4.68
90.460438 4.68
90.496092 4.68
90.508568 4.68
90.537438 4.68
90.548329 4.68
90.578439 4.68
90.589314 5.00
90.619564 4.68
90.631967 4.68
90.660689 4.68
90.671564 4.68
90.707329 4.68
90.718080 4.68
90.748440 4.68
90.759315 4.68
90.789565 4.68
90.805565 4.68
90.830691 4.68
90.841565 5.00
90.877334 4.68
90.888083 4.68
90.918567 4.68
90.934441 4.68
90.959837 4.68
90.970691 4.68
91.001334 4.68
91.012208 4.68
91.042442 4.68
91.053332 4.68
91.083567 4.68
91.099568 4.68
91.124840 4.68
91.135692 4.68
91.166336 4.68
91.177210 4.68
91.207568 4.68
91.223443 4.68
91.248694 4.68
91.259443 4.68
91.289820 4.68
91.300694 4.68
91.331337 5.00
91.342084 4.68
91.372445 4.68
91.383338 4.68
91.413444 4.68
91.424319 4.68
91.454570 4.68
91.470445 4.68
91.495695 4.68
91.506570 4.68
91.542097 4.68
91.552822 4.68
91.583446 4.68
91.594339 4.68
91.624446 4.68
91.635321 4.68
91.665446 4.68
91.676321 4.68
91.706447 4.68
91.717337 4.68
91.747447 4.68
91.758322 4.68
91.788572 4.68
91.804447 5.00
91.829696 4.68
91.840698 4.68
91.876341 4.68
91.887089 4.68
91.917326 4.68
91.928216 4.68
91.958449 4.68
91.969324 4.68
91.999449 4.68
92.010324 4.68
92.040449 5.00
92.051324 4.68
92.081449 5.00
92.092325 4.68
92.122449 4.68
92.133324 4.68
92.163450 4.68
92.174325 4.68
92.204450 4.68
92.215325 4.68
92.245451 4.68
92.256326 4.68
92.286451 5.00
92.297326 4.68
92.327451 4.68
92.338326 4.68
92.368577 4.68
92.384451 4.68
92.409702 4.68
92.420577 4.68
92.451107 4.68
92.467096 4.68
92.492452 4.68
92.503342 4.68
92.533577 5.00
92.549577 4.68
92.574703 4.68
92.585578 4.68
92.616105 4.68
92.628588 4.68
92.657453 4.68
92.668345 4.68
92.698454 4.68
92.710982 4.68
92.739454 4.68
92.755454 4.68
92.780454 5.00
92.792831 4.68
92.821455 4.68
92.833831 4.68
92.862580 4.68
92.878455 4.68
92.903705 4.68
92.914455 4.68
92.945221 4.68
92.955982 4.68
92.986456 4.68
92.998832 5.00
93.027456 4.68
93.039832 4.68
93.068456 4.68
93.080832 4.68
93.109457 4.68
93.125457 4.68
93.150457 4.68
93.162833 4.68
93.191457 4.68
93.203833 4.68
93.232457 4.68
93.248458 4.68
93.273458 4.68
93.285834 4.68
93.314583 4.68
93.330457 4.68
93.355709 4.68
93.366584 4.68
93.397113 4.68
93.413099 4.68
93.438459 4.68
93.454334 4.68
93.479460 4.68
93.495459 5.00
93.520460 4.68
93.536460 4.68
93.561460 4.68
93.577335 4.68
93.602460 4.68
93.618460 4.68
93.643460 4.68
93.659336 4.68
93.684461 4.68
93.700461 4.68
93.725461 4.68
93.741336 4.68
93.766586 4.68
93.782461 4.68
93.807712 4.68
93.818586 4.68
93.849228 4.68
93.860229 4.68
93.890462 4.68
93.906462 4.68
93.931462 4.68
93.947463 4.68
93.972588 5.00
93.983338 4.68
94.018978 4.68
94.029713 4.68
94.060354 4.68
94.071104 4.68
94.101463 4.68
94.117464 4.68
94.142589 4.68
94.153465 4.68
94.188964 4.68
94.199715 5.00
94.230358 5.00
94.241107 4.68
94.271465 4.68
94.287340 4.68
94.312465 4.68
94.328341 4.68
94.353465 4.68
94.369341 4.68
94.394466 4.68
94.410341 4.68
94.435466 4.68
94.451341 5.00
94.476467 4.68
94.492341 4.68
94.517466 4.68
94.533342 4.68
94.558467 4.68
94.574342 4.68
94.599467 4.68
94.615343 4.68
94.640468 4.68
94.656343 4.68
94.681468 4.68
94.697343 5.00
94.722468 5.00
94.738343 4.68
94.763469 4.68
94.779343 4.68
94.804469 4.68
94.820344 4.68
94.845594 4.68
94.861594 4.68
94.886719 4.68
94.897469 4.68
94.933124 4.68
94.948970 5.00
94.974345 5.00
94.985238 4.68
95.015345 4.68
95.026235 4.68
95.056346 4.68
95.067237 4.68
95.097346 4.68
95.108238 4.68
95.138347 4.68
95.149239 4.68
95.179346 5.00
95.190240 4.68
95.220346 4.68
95.231112 4.68
95.261472 4.68
95.277347 4.68
95.302472 4.68
95.318348 4.68
95.343472 4.68
95.359348 4.68
95.384473 4.68
95.400347 4.68
95.425473 5.00
95.441348 5.00
95.466474 4.68
95.482349 4.68
95.507474 4.68
95.523349 4.68
95.548474 4.68
95.564349 4.68
95.589474 4.68
95.605350 4.68
95.630475 4.68
95.646350 4.68
95.671475 5.00
95.682242 5.00
95.712475 4.68
95.723351 4.68
95.753476 4.68
95.764351 4.68
95.794476 4.68
95.805351 4.68
95.835476 4.68
95.846351 4.68
95.876476 4.68
95.887352 4.68
95.917477 4.68
95.928352 4.68
95.958477 4.68
95.969352 4.68
95.999478 4.68
96.010353 4.68
96.040478 4.68
96.051353 4.68
96.081478 4.68
96.092354 4.68
96.122478 4.68
96.133353 5.00
96.163479 5.00
96.174353 4.68
96.204479 4.68
96.215354 4.68
96.245479 4.68
96.256354 4.68
96.286479 4.68
96.297355 4.68
96.327480 4.68
96.338373 4.68
96.368605 4.68
96.379355 4.68
96.414996 4.68
96.430860 4.68
96.456371 4.68
96.472372 4.68
96.497481 4.68
96.513356 4.68
96.538606 4.68
96.549356 4.68
96.584999 4.68
96.600999 4.68
96.626371 5.00
96.642357 4.68
96.667357 4.68
96.683357 4.68
96.708483 4.68
96.724482 4.68
96.749608 4.68
96.760358 4.68
96.795999 4.68
96.811860 4.68
96.837483 4.68
96.853484 4.68
96.878608 5.00
96.889358 5.00
96.925001 4.68
96.940860 4.68
96.966484 4.68
96.982360 4.68
97.007609 4.68
97.018359 4.68
97.054004 4.68
97.069861 4.68
97.095360 4.68
97.111360 5.00
97.136361 4.68
97.152361 4.68
97.177486 4.68
97.193361 4.68
97.218612 4.68
97.229360 4.68
97.265004 4.68
97.281002 4.68
97.306379 4.68
97.322362 4.68
97.347487 4.68
97.363362 5.00
97.388612 4.68
97.399487 4.68
97.435017 4.68
97.450864 4.68
97.476363 4.68
97.492380 4.68
97.517489 4.68
97.533363 4.68
97.558614 4.68
97.569363 4.68
97.605006 5.00
97.620868 4.68
97.646489 4.68
97.662364 4.68
97.689365 4.68
97.700132 4.68
97.730365 4.68
97.746380 4.68
97.771365 4.68
97.787490 4.68
97.812490 4.68
97.828366 5.00
97.855366 5.00
97.866142 5.00
97.896491 4.68
97.912491 4.68
97.939367 4.68
97.950133 4.68
97.980491 4.68
97.991367 4.68
98.023368 4.68
98.034257 4.68
98.064367 4.68
98.080384 4.68
98.105493 4.68
98.116368 4.68
98.148369 4.68
98.159135 4.68
98.189493 4.68
98.200368 4.68
98.232369 4.68
98.243133 4.68
98.273494 4.68
98.284387 4.68
98.316398 4.68
98.327259 5.00
98.362744 4.68
98.375401 5.00
98.404260 4.68
98.416745 4.68
98.447275 4.68
98.458263 4.68
98.488496 4.68
98.499386 4.68
98.534746 4.68
98.547262 4.68
98.576262 5.00
98.592496 4.68
98.617389 4.68
98.633386 4.68
98.663747 4.68
98.674621 4.68
98.705150 4.68
98.716025 4.68
98.746372 4.68
98.757139 4.68
98.787372 4.68
98.798140 5.00
98.828498 5.00
98.839373 4.68
98.874748 4.68
98.890748 4.68
98.916151 4.68
98.926902 4.68
98.957499 4.68
98.968391 4.68
99.003749 4.68
99.014499 4.68
99.045153 5.00
99.056029 4.68
99.086500 4.68
99.097375 4.68
99.132750 4.68
99.143625 4.68
99.174154 4.68
99.185030 4.68
99.215500 4.68
99.226375 4.68
99.261750 4.68
99.272625 5.00
99.303154 5.00
99.314019 5.00
99.344392 4.68
99.355281 4.68
99.385502 4.68
99.396376 4.68
99.431752 4.68
99.442502 4.68
99.473156 4.68
99.484030 4.68
99.514502 4.68
99.525378 4.68
99.560753 4.68
99.576753 4.68
99.602157 4.68
99.612880 4.68
99.643504 4.68
99.654397 4.68
99.689754 4.68
99.700504 4.68
99.731158 4.68
99.742032 4.68
99.772380 5.00
99.783145 4.68
99.813380 4.68
99.824148 4.68
99.854505 4.68
99.865380 4.68
99.900755 4.68
99.911630 4.68
99.942160 4.68
99.953036 4.68
99.983506 4.68
99.994381 5.00
100.029756 4.68
100.040631 4.68
100.071160 4.68
100.082035 4.68
100.112382 4.68
100.123147 4.68
100.153507 4.68
100.164382 4.68
100.199758 4.68
100.210508 4.68
100.241161 5.00
100.252035 4.68
100.282508 4.68
100.293383 4.68
100.328758 4.68
100.339509 4.68
100.370162 4.68
100.381037 4.68
100.411509 4.68
100.422384 4.68
100.457759 4.68
100.468635 4.68
100.499162 4.68
100.511635 4.68
100.540385 4.68
100.551152 4.68
100.581385 4.68
100.592152 4.68
100.622385 4.68
100.633154 4.68
100.663511 4.68
100.674386 4.68
100.709761 4.68
100.722263 5.00
100.751165 4.68
100.763761 4.68
100.792512 4.68
100.803403 4.68
100.838762 4.68
100.854762 4.68
100.880167 4.68
100.892762 4.68
100.921513 4.68
100.932403 4.68
100.967763 4.68
100.983763 4.68
101.009279 4.68
101.025280 4.68
101.050407 4.68
101.061280 4.68
101.096764 4.68
101.112764 4.68
101.138282 4.68
101.154514 4.68
101.179406 4.68
101.190155 4.68
101.220390 4.68
101.231156 4.68
101.261515 4.68
101.272390 4.68
101.307766 4.68
101.320141 4.68
101.349167 4.68
101.365045 4.68
101.390516 4.68
101.401391 4.68
101.436766 4.68
101.452641 5.00
101.478168 4.68
101.494045 4.68
101.519517 4.68
101.530392 4.68
101.565767 4.68
101.578143 4.68
101.607172 4.68
101.623046 4.68
101.648518 4.68
101.659393 4.68
101.694768 5.00
101.710644 5.00
101.736171 4.68
101.752173 4.68
101.777394 5.00
101.788162 4.68
101.818519 4.68
101.829394 4.68
101.864769 4.68
101.880645 4.68
101.906173 4.68
101.922046 5.00
101.947520 4.68
101.958395 4.68
101.993771 4.68
102.009771 4.68
102.035175 4.68
102.051175 4.68
102.076521 4.68
102.087396 4.68
102.122771 4.68
102.138646 4.68
102.164040 5.00
102.174772 4.68
102.205413 4.68
102.216163 4.68
102.251772 4.68
102.267772 4.68
102.293174 4.68
102.309177 4.68
102.334398 4.68
102.345164 4.68
102.375523 4.68
102.386398 5.00
102.421773 5.00
102.437649 5.00
102.463050 4.68
102.473773 4.68
102.504418 4.68
102.515164 4.68
102.550774 4.68
102.566649 4.68
102.592177 4.68
102.608055 4.68
102.633525 4.68
102.644400 4.68
102.679776 4.68
102.695650 4.68
102.721179 4.68
102.737179 4.68
102.762526 4.68
102.773401 4.68
102.808776 4.68
102.824651 4.68
102.850293 4.68
102.866418 4.68
102.891420 4.68
102.902169 4.68
102.937777 4.68
102.953652 4.68
102.979182 4.68
102.995181 4.68
103.022153 4.68
103.033057 4.68
103.063421 4.68
103.074170 4.68
103.109779 4.68
103.125778 5.00
103.151057 4.68
103.161905 4.68
103.192421 4.68
103.203169 4.68
103.238779 4.68
103.254654 4.68
103.280295 4.68
103.296298 4.68
103.321424 4.68
103.332172 4.68
103.364157 5.00
103.374907 5.00
103.407158 5.00
103.418058 4.68
103.448422 4.68
103.459174 4.68
103.494781 4.68
103.510657 4.68
103.536186 4.68
103.552058 4.68
103.579158 4.68
103.590062 5.00
103.620299 4.68
103.631050 4.68
103.663159 4.68
103.674060 4.68
103.704297 4.68
103.715050 4.68
103.750783 4.68
103.766658 4.68
103.792187 4.68
103.808061 4.68
103.835178 4.68
103.846063 5.00
103.881784 4.68
103.897784 4.68
103.923301 4.68
103.934034 4.68
103.964302 4.68
103.975050 4.68
104.010785 4.68
104.026660 4.68
104.052064 4.68
104.068176 4.68
104.093303 4.68
104.104054 4.68
104.139786 4.68
104.155661 4.68
104.181179 4.68
104.197178 4.68
104.222303 4.68
104.233054 4.68
104.268787 4.68
104.284786 4.68
104.310190 4.68
104.326177 5.00
104.356787 4.68
104.372662 4.68
104.398179 4.68
104.414056 4.68
104.444788 4.68
104.460788 4.68
104.486192 4.68
104.496913 4.68
104.532789 4.68
104.543664 4.68
104.574191 5.00
104.584914 5.00
104.620789 4.68
104.645194 4.68
104.655915 4.68
104.691797 4.68
104.702665 4.68
104.733180 4.68
104.743915 4.68
104.779799 4.68
104.790665 4.68
104.821193 5.00
104.832069 4.68
104.867798 4.68
104.878666 4.68
104.909195 4.68
104.920070 4.68
104.955799 4.68
104.966667 4.68
104.997195 4.68
105.008069 4.68
105.043667 4.68
105.059799 4.68
105.088071 4.68
105.104197 4.68
105.129310 4.68
105.140070 4.68
105.175669 4.68
105.191668 4.68
105.216947 4.68
105.227801 4.68
105.258186 4.68
105.269073 4.68
105.304669 5.00
105.320803 4.68
105.346074 4.68
105.362197 4.68
105.387294 4.68
105.398044 4.68
105.428294 4.68
105.439044 4.68
105.469294 4.68
105.480045 4.68
105.510295 4.68
105.521045 5.00
105.551295 5.00
105.562045 4.68
105.592295 4.68
105.603045 4.68
105.633295 4.68
105.644045 4.68
105.674295 4.68
105.685046 4.68
105.715296 4.68
105.726046 4.68
105.756296 4.68
105.767046 4.68
105.797297 4.68
105.808046 4.68
105.838297 4.68
105.849047 4.68
105.879297 4.68
105.890047 4.68
105.920297 4.68
105.931048 4.68
105.961297 4.68
105.972048 4.68
106.002298 5.00
106.013048 4.68
106.043298 4.68
106.054048 4.68
106.084299 4.68
106.095049 4.68
106.125299 4.68
106.136049 4.68
106.166300 4.68
106.177049 4.68
106.207299 4.68
106.218050 4.68
106.248300 5.00
106.259050 4.68
106.289300 4.68
106.300050 4.68
106.330300 4.68
106.341050 4.68
106.371301 4.68
106.382050 4.68
106.414053 4.68
106.424806 4.68
106.455051 4.68
106.470926 4.68
106.496052 5.00
106.511926 4.68
106.537052 4.68
106.552927 4.68
106.578052 4.68
106.593927 4.68
106.619052 4.68
106.634928 4.68
106.660053 4.68
106.675928 4.68
106.701053 4.68
106.716928 4.68
106.742053 4.68
106.757928 4.68
106.783053 4.68
106.798928 4.68
106.824054 4.68
106.839929 4.68
106.865054 4.68
106.880929 4.68
106.906054 4.68
106.922931 4.68
106.947055 4.68
106.962930 4.68
106.988055 4.68
107.003930 4.68
107.029056 4.68
107.044930 4.68
107.070056 4.68
107.085931 4.68
107.111055 4.68
107.126931 4.68
107.152056 4.68
107.167931 4.68
107.193056 4.68
107.208932 5.00
107.234057 4.68
107.249932 4.68
107.275057 4.68
107.290932 4.68
107.316058 4.68
107.331932 4.68
107.357058 4.68
107.372933 4.68
107.398058 4.68
107.413933 4.68
107.439058 4.68
107.454934 5.00
107.480058 4.68
107.495934 4.68
107.521059 4.68
107.536934 4.68
107.562059 4.68
107.577934 4.68
107.603059 4.68
107.613811 4.68
107.644060 4.68
107.654811 4.68
107.685060 4.68
107.695811 5.00
107.726060 4.68
107.736812 4.68
107.767061 4.68
107.777812 4.68
107.808061 4.68
107.818813 4.68
107.849061 4.68
107.859812 4.68
107.890061 4.68
107.900812 4.68
107.931062 5.00
107.941813 4.68
107.972062 4.68
107.982813 4.68
108.013062 4.68
108.023814 4.68
108.054063 4.68
108.064814 4.68
108.095063 4.68
108.105814 4.68
108.136064 4.68
108.146814 4.68
108.177064 4.68
108.187815 4.68
108.218063 4.68
108.228815 4.68
108.259064 4.68
108.269815 4.68
108.300064 4.68
108.310816 4.68
108.341065 4.68
108.351816 4.68
108.382065 4.68
108.392816 4.68
108.423065 5.00
108.433816 4.68
108.464066 4.68
108.474817 4.68
108.505066 4.68
108.515817 4.68
108.546066 4.68
108.556818 4.68
108.587066 4.68
108.597818 4.68
108.628067 4.68
108.638818 4.68
108.669067 5.00
108.679818 4.68
108.710067 4.68
108.720819 4.68
108.751068 4.68
108.761819 4.68
108.792068 4.68
108.802819 4.68
108.833068 4.68
108.843820 4.68
108.874069 4.68
108.884820 4.68
108.915069 5.00
108.925821 5.00
108.956069 4.68
108.966820 4.68
108.997069 4.68
109.007820 4.68
109.038070 4.68
109.048821 4.68
109.079070 4.68
109.089821 4.68
109.120070 4.68
109.130821 5.00
109.161071 4.68
109.171822 4.68
109.202071 4.68
109.212822 4.68
109.243071 4.68
109.253822 4.68
109.284071 4.68
109.294823 4.68
109.325072 4.68
109.335823 4.68
109.366072 4.68
109.376823 4.68
109.407072 4.68
109.417824 4.68
109.448073 4.68
109.458824 4.68
109.489073 4.68
109.499824 4.68
109.530074 4.68
109.540824 4.68
109.571073 4.68
109.581825 4.68
109.612074 4.68
109.622825 5.00
109.653075 4.68
109.663826 4.68
109.694074 4.68
109.704826 4.68
109.735075 4.68
109.745825 4.68
109.776075 4.68
109.786826 4.68
109.817075 4.68
109.827826 4.68
109.858075 4.68
109.868827 5.00
109.899076 4.68
109.909827 4.68
109.940076 4.68
109.950827 4.68
109.981077 4.68
109.991827 4.68
110.022077 4.68
110.032828 4.68
110.063077 4.68
110.073828 4.68
110.104077 4.68
110.114828 4.68
110.145077 4.68
110.155828 4.68
110.186078 4.68
110.196828 4.68
110.227078 4.68
110.237829 4.68
110.268079 4.68
110.278830 4.68
110.309079 4.68
110.319830 4.68
110.350079 5.00
110.360832 4.68
110.391079 4.68
110.401831 4.68
110.432079 4.68
110.442831 4.68
110.473080 4.68
110.483831 4.68
110.514080 4.68
110.524831 4.68
110.555081 4.68
110.565832 4.68
110.596081 4.68
110.606832 4.68
110.637081 4.68
110.647832 4.68
110.678081 4.68
110.688833 4.68
110.719082 4.68
110.729833 4.68
110.760082 4.68
110.770834 4.68
110.801082 4.68
110.811834 4.68
110.842083 5.00
110.852833 4.68
110.883083 4.68
110.893834 4.68
110.924084 4.68
110.934834 4.68
110.965083 4.68
110.975834 4.68
111.006084 4.68
111.016834 4.68
111.047084 4.68
111.057835 4.68
111.088085 4.68
111.098835 4.68
111.129085 4.68
111.139836 4.68
111.170085 4.68
111.180836 4.68
111.211086 4.68
111.221837 4.68
111.252086 4.68
111.262837 4.68
111.293086 4.68
111.303837 5.00
111.334086 4.68
111.344838 4.68
111.375087 4.68
111.385838 4.68
111.416087 4.68
111.426838 4.68
111.457088 4.68
111.467838 4.68
111.498088 4.68
111.508839 4.68
111.539088 4.68
111.549839 5.00
111.580088 4.68
111.590839 4.68
111.621089 4.68
111.631840 4.68
111.662089 4.68
111.672840 4.68
111.703089 4.68
111.713841 4.68
111.744090 4.68
111.754841 4.68
111.785090 4.68
111.795842 4.68
111.826091 4.68
111.836842 4.68
111.867091 4.68
111.877842 4.68
111.908091 4.68
111.918842 4.68
111.950843 4.68
111.961591 4.68
111.991843 4.68
112.007717 4.68
112.032843 4.68
112.048717 5.00
112.073844 4.68
112.089717 4.68
112.114844 4.68
112.130718 4.68
112.155845 4.68
112.171718 4.68
112.196845 4.68
112.212719 4.68
112.237846 4.68
112.253719 4.68
112.278970 5.00
112.289719 5.00
112.319970 4.68
112.330720 4.68
112.360970 4.68
112.371720 4.68
112.401971 4.68
112.412720 4.68
112.442971 4.68
112.453721 4.68
112.483972 4.68
112.494721 4.68
112.524972 4.68
112.535722 4.68
112.565972 4.68
112.576722 4.68
112.606973 4.68
112.617722 4.68
112.647974 4.68
112.658723 4.68
112.688973 4.68
112.699723 4.68
112.729974 4.68
112.740723 4.68
112.770974 4.68
112.781723 4.68
112.811975 4.68
112.822724 4.68
112.852975 4.68
112.863724 4.68
112.893975 4.68
112.904725 4.68
112.934976 4.68
112.945725 4.68
112.975976 4.68
112.986725 4.68
113.016977 5.00
113.027726 4.68
113.057977 4.68
113.068726 4.68
113.098977 4.68
113.109726 4.68
113.139977 4.68
113.150726 4.68
113.180977 4.68
113.191727 4.68
113.221978 4.68
113.232727 4.68
113.262978 4.68
113.273728 4.68
113.303978 4.68
113.314728 4.68
113.344979 4.68
113.355729 4.68
113.385979 4.68
113.396729 4.68
113.426979 4.68
113.437730 4.68
113.467979 4.68
113.478730 5.00
113.508981 4.68
113.519731 4.68
113.550374 4.68
113.566374 4.68
113.591607 4.68
113.602357 4.68
113.632859 4.68
113.643733 4.68
113.679608 4.68
113.690358 4.68
113.720860 4.68
113.731733 4.68
113.767608 4.68
113.778358 4.68
113.808734 4.68
113.824734 4.68
113.855374 4.68
113.871375 4.68
113.896610 4.68
113.907359 4.68
113.937861 4.68
113.948735 4.68
113.984610 5.00
113.995360 5.00
114.025736 4.68
114.041735 4.68
114.072376 4.68
114.088376 4.68
114.113611 4.68
114.124361 4.68
114.154863 4.68
114.165737 4.68
114.201380 4.68
114.217377 4.68
114.242613 4.68
114.253363 4.68
114.283865 4.68
114.294738 4.68
114.330613 4.68
114.341363 4.68
114.371865 4.68
114.382739 4.68
114.418614 4.68
114.429364 4.68
114.459740 4.68
114.475739 4.68
114.506383 4.68
114.522382 4.68
114.547740 4.68
114.563740 4.68
114.597616 4.68
114.608365 4.68
114.638868 4.68
114.649741 4.68
114.685616 5.00
114.696366 4.68
114.726868 4.68
114.737742 4.68
114.773384 4.68
114.789383 4.68
114.814618 4.68
114.825492 4.68
114.855870 4.68
114.866743 4.68
114.902383 4.68
114.918383 4.68
114.943619 4.68
114.954494 4.68
114.984744 4.68
115.000744 4.68
115.031387 4.68
115.047387 4.68
115.072619 4.68
115.085136 4.68
115.113871 4.68
115.124745 4.68
115.156749 4.68
115.167621 4.68
115.203387 4.68
115.219388 4.68
115.244621 4.68
115.257264 4.68
115.285746 4.68
115.301873 4.68
115.332387 4.68
115.348387 4.68
115.373622 4.68
115.386014 5.00
115.414875 5.00
115.425748 5.00
115.461391 4.68
115.477390 4.68
115.502624 4.68
115.515014 4.68
115.543875 4.68
115.554749 4.68
115.585153 4.68
115.597629 4.68
115.626499 4.68
115.637389 4.68
115.667625 4.68
115.680017 4.68
115.708877 4.68
115.719750 4.68
115.750155 4.68
115.766267 4.68
115.791376 4.68
115.802143 4.68
115.832376 4.68
115.848394 4.68
115.873377 4.68
115.884146 4.68
115.914502 4.68
115.925377 4.68
115.955627 4.68
115.971627 4.68
115.996879 4.68
116.007753 4.68
116.043270 4.68
116.055632 4.68
116.084379 4.68
116.095147 4.68
116.125504 5.00
116.136379 5.00
116.166629 4.68
116.182629 5.00
116.210881 4.68
116.221754 4.68
116.257395 4.68
116.268145 4.68
116.298505 4.68
116.309381 4.68
116.339631 4.68
116.355631 5.00
116.380883 5.00
116.391756 4.68
116.422158 4.68
116.438273 4.68
116.463507 4.68
116.474382 4.68
116.504632 4.68
116.520632 4.68
116.545757 4.68
116.556507 4.68
116.592400 4.68
116.603150 5.00
116.633508 4.68
116.644383 4.68
116.674633 4.68
116.690634 4.68
116.715886 4.68
116.726759 4.68
116.757163 4.68
116.773152 4.68
116.798385 4.68
116.809152 4.68
116.839510 4.68
116.850385 5.00
116.880635 4.68
116.896636 4.68
116.930276 4.68
116.946279 4.68
116.971511 4.68
116.982386 4.68
117.012637 4.68
117.028636 4.68
117.053888 4.68
117.064762 4.68
117.100280 5.00
117.116155 4.68
117.141512 4.68
117.152388 4.68
117.182638 4.68
117.198512 4.68
117.223889 4.68
117.234764 4.68
117.265167 4.68
117.275889 4.68
117.306389 4.68
117.317156 5.00
117.347389 5.00
117.358156 4.68
117.388390 4.68
117.399167 4.68
117.429515 4.68
117.440406 4.68
117.470640 4.68
117.486640 4.68
117.511766 4.68
117.522641 4.68
117.558409 4.68
117.569159 4.68
117.599392 4.68
117.610159 4.68
117.640392 4.68
117.651157 4.68
117.681517 4.68
117.692393 4.68
117.722642 4.68
117.738643 4.68
117.763768 4.68
117.774517 4.68
117.805172 5.00
117.821287 5.00
117.846518 4.68
117.857394 4.68
117.887644 4.68
117.903644 4.68
117.930653 4.68
117.941394 4.68
117.973654 4.68
117.984395 4.68
118.016654 4.68
118.027520 4.68
118.057770 5.00
118.068521 5.00
118.099174 4.68
118.115287 4.68
118.140396 4.68
118.151165 4.68
118.181521 4.68
118.194051 4.68
118.222647 4.68
118.238647 4.68
118.265531 4.68
118.276412 4.68
118.306647 4.68
118.322648 4.68
118.353052 4.68
118.365533 4.68
118.394415 4.68
118.405166 4.68
118.435649 4.68
118.451524 4.68
118.482054 4.68
118.494533 4.68
118.523524 4.68
118.535901 5.00
118.564775 5.00
118.575650 5.00
118.606179 4.68
118.622293 4.68
118.647525 4.68
118.659902 4.68
118.688651 4.68
118.699526 4.68
118.729776 4.68
118.740652 4.68
118.771180 5.00
118.787293 4.68
118.812527 4.68
118.828402 4.68
118.853652 4.68
118.864527 4.68
118.900057 4.68
118.916054 4.68
118.941419 4.68
118.952295 4.68
118.982653 4.68
118.993403 4.68
119.023779 5.00
119.034528 4.68
119.065183 4.68
119.081297 4.68
119.106529 4.68
119.122404 4.68
119.147655 4.68
119.158405 4.68
119.194048 4.68
119.210047 4.68
119.235421 4.68
119.246173 5.00
119.276656 5.00
119.287531 4.68
119.317781 4.68
119.328531 4.68
119.359185 4.68
119.375300 4.68
119.400532 4.68
119.416532 4.68
119.441657 4.68
119.452532 4.68
119.488050 4.68
119.504051 5.00
119.529301 4.68
119.540051 4.68
119.570533 4.68
119.586409 4.68
119.611659 4.68
119.622534 4.68
119.658064 4.68
119.674063 4.68
119.699302 4.68
119.710053 4.68
119.740535 5.00
119.756535 4.68
119.781661 4.68
119.792411 4.68
119.828066 4.68
119.844051 4.68
119.869302 4.68
119.880051 4.68
119.910301 4.68
119.921053 4.68
119.951537 4.68
119.967537 5.00
119.992662 5.00
120.003537 4.68
120.039066 4.68
120.055066 4.68
120.080305 4.68
120.091055 4.68
120.121538 4.68
120.137538 4.68
120.162664 4.68
120.173539 4.68
120.209065 4.68
120.219789 5.00
120.250306 4.68
120.261058 4.68
120.291540 4.68
120.307540 4.68
120.332665 4.68
120.343415 4.68
120.379308 4.68
120.390069 4.68
120.420540 4.68
120.436541 4.68
120.461666 5.00
120.472416 4.68
120.508308 4.68
120.519070 4.68
120.549417 4.68
120.560184 4.68
120.590417 4.68
120.601186 4.68
120.631418 4.68
120.642185 4.68
120.672418 4.68
120.684918 4.68
120.713543 5.00
120.729543 5.00
120.754669 4.68
120.765544 4.68
120.796071 4.68
120.808545 4.68
120.837544 4.68
120.853544 4.68
120.878670 4.68
120.889545 4.68
120.920074 4.68
120.936074 4.68
120.961421 4.68
120.973950 4.68
121.002421 4.68
121.014949 4.68
121.043546 4.68
121.059421 4.68
121.084671 4.68
121.095546 4.68
121.126076 4.68
121.142074 4.68
121.167422 4.68
121.179800 5.00
121.208423 4.68
121.220800 4.68
121.249423 4.68
121.261800 4.68
121.290548 4.68
121.306423 4.68
121.331674 4.68
121.342549 4.68
121.378078 4.68
121.393951 4.68
121.419424 4.68
121.431803 4.68
121.460425 4.68
121.476317 4.68
121.501425 4.68
121.513803 4.68
121.542550 4.68
121.558550 4.68
121.583676 4.68
121.594551 4.68
121.625078 4.68
121.640956 4.68
121.666426 5.00
121.678806 5.00
121.707551 4.68
121.723552 4.68
121.748677 4.68
121.759427 4.68
121.790082 4.68
121.806081 4.68
121.831428 4.68
121.847321 4.68
121.872553 4.68
121.888429 4.68
121.913678 5.00
121.924553 4.68
121.955080 4.68
121.970957 4.68
121.996430 4.68
122.012322 4.68
122.037555 4.68
122.053555 4.68
122.078680 4.68
122.089430 4.68
122.125084 4.68
122.141085 5.00
122.166431 5.00
122.182431 4.68
122.207556 5.00
122.223556 5.00
122.248681 4.68
122.259432 4.68
122.295086 4.68
122.311087 4.68
122.336432 4.68
122.352324 4.68
122.377558 4.68
122.393558 5.00
122.418683 4.68
122.429433 4.68
122.465087 4.68
122.480960 4.68
122.506434 4.68
122.522434 4.68
122.547434 4.68
122.563326 4.68
122.588560 4.68
122.604560 4.68
122.629685 5.00
122.640435 5.00
122.671087 4.68
122.687088 4.68
122.712435 4.68
122.728326 4.68
122.753436 4.68
122.769436 4.68
122.794561 4.68
122.810561 4.68
122.835687 4.68
122.846437 4.68
122.877090 5.00
122.893090 4.68
122.918437 4.68
122.934313 4.68
122.959438 4.68
122.975438 4.68
123.000563 4.68
123.016563 4.68
123.043440 4.68
123.054329 4.68
123.084563 4.68
123.100439 4.68
123.125689 5.00
123.136564 5.00
123.172091 4.68
123.188094 4.68
123.213440 4.68
123.229315 4.68
123.254440 4.68
123.270440 4.68
123.295566 4.68
123.311441 4.68
123.338443 4.68
123.349334 5.00
123.379567 5.00
123.395441 5.00
123.422473 4.68
123.433332 4.68
123.465444 4.68
123.476332 4.68
123.506568 4.68
123.517317 4.68
123.549444 4.68
123.560332 4.68
123.590443 4.68
123.606318 5.00
123.631444 5.00
123.647443 4.68
123.672444 4.68
123.688319 4.68
123.713444 4.68
123.729320 4.68
123.754444 4.68
123.770445 4.68
123.795569 4.68
123.806320 4.68
123.838476 5.00
123.849336 5.00
123.884975 5.00
123.900976 5.00
123.926338 4.68
123.938696 4.68
123.967571 4.68
123.978447 4.68
124.010323 4.68
124.021090 4.68
124.051447 4.68
124.067322 4.68
124.092447 5.00
124.103323 4.68
124.133448 4.68
124.144322 4.68
124.174448 4.68
124.185323 4.68
124.215574 4.68
124.226323 4.68
124.261826 4.68
124.277825 4.68
124.303341 4.68
124.319340 4.68
124.344449 4.68
124.360450 4.68
124.385450 4.68
124.396325 4.68
124.426450 4.68
124.437325 4.68
124.467451 4.68
124.478326 4.68
124.508451 4.68
124.519326 4.68
124.549451 4.68
124.560327 5.00
124.590577 4.68
124.601452 4.68
124.636829 4.68
124.652828 4.68
124.678344 4.68
124.694218 4.68
124.719578 4.68
124.730328 4.68
124.765830 4.68
124.781830 4.68
124.807344 4.34
124.823346 4.68
124.848454 4.68
124.864454 4.68
124.889454 4.68
124.900329 4.68
124.930580 4.68
124.941329 4.68
124.971579 4.68
124.982329 4.34
125.012579 4.68
125.023329 4.34
125.053579 4.68
125.064329 4.68
125.094580 4.68
125.105330 4.68
125.135580 4.68
125.146330 4.68
125.176580 4.68
125.187331 4.68
125.217580 4.68
125.228331 4.68
125.258581 4.34
125.269331 4.68
125.299581 4.68
125.310331 4.34
125.340582 4.34
125.351332 4.68
125.381582 4.68
125.392332 4.68
125.422583 4.68
125.433333 4.68
125.463583 4.68
125.474333 4.34
125.504583 4.68
125.515333 4.68
125.545584 4.68
125.556334 4.68
125.586583 4.34
125.597334 4.34
125.627584 4.34
125.638334 4.68
125.668584 4.68
125.679335 4.68
125.709585 4.68
125.720335 4.68
125.750585 4.68
125.761336 4.68
125.791586 4.68
125.802336 4.68
125.832586 4.68
125.843336 4.68
125.873587 4.68
125.884337 4.68
125.914587 4.68
125.925337 4.68
125.955586 4.68
125.966337 4.68
125.996587 4.68
126.007337 4.68
126.037588 4.68
126.048338 4.34
126.078589 4.68
126.089338 4.68
126.121340 4.68
126.132089 4.68
126.162339 4.34
126.178214 4.34
126.203340 4.34
126.219214 4.68
126.244340 4.68
126.260215 4.68
126.285340 4.68
126.301215 4.34
126.326340 4.34
126.342216 4.34
126.367340 4.34
126.383216 4.34
126.408341 4.68
126.424341 4.68
126.449341 4.68
126.465217 4.68
126.490342 4.68
126.506217 4.68
126.531342 4.68
126.547217 4.68
126.572343 4.68
126.588217 4.68
126.613343 4.34
126.629218 4.68
126.654343 4.68
126.670218 4.34
126.695344 4.68
126.711344 4.34
126.736344 4.68
126.752219 4.34
126.777344 4.68
126.793220 4.68
126.818344 4.68
126.834220 4.68
126.859345 4.34
126.875220 4.68
126.900345 4.68
126.916220 4.68
126.941346 4.34
126.957221 4.34
126.982346 4.68
126.998346 4.68
127.023347 4.68
127.039221 4.68
127.064347 4.34
127.080222 4.68
127.105347 4.68
127.121222 4.68
127.146347 4.34
127.162223 4.68
127.187348 4.68
127.203223 4.68
127.228348 4.34
127.239098 4.68
127.269348 4.34
127.285348 4.68
127.310349 4.68
127.321099 4.68
127.351349 4.68
127.367225 4.68
127.392350 4.34
127.408225 4.68
127.433350 4.68
127.444100 4.68
127.474350 4.68
127.485101 4.68
127.515351 4.68
127.526101 4.68
127.556351 4.34
127.567101 4.68
127.597351 4.34
127.608101 4.34
127.638352 4.34
127.649102 4.34
127.679352 4.34
127.690102 4.68
127.720352 4.68
127.731103 4.68
127.761353 4.68
127.772103 4.68
127.802353 4.68
127.813103 4.34
127.843353 4.68
127.854104 4.68
127.884354 4.68
127.895104 4.68
127.925354 4.68
127.936105 4.68
127.966355 4.68
127.977105 4.68
128.007355 4.68
128.018105 4.34
128.048355 4.68
128.059105 4.34
128.089355 4.34
128.100106 4.68
128.130356 4.34
128.141106 4.68
128.171357 4.68
128.182107 4.68
128.212356 4.34
128.223107 4.68
128.253357 4.68
128.264107 4.34
128.294357 4.34
128.305107 4.68
128.335358 4.68
128.346107 4.34
128.376358 4.34
128.387108 4.68
128.417358 4.34
128.428108 4.34
128.458359 4.68
128.469109 4.68
128.499359 4.68
128.510109 4.68
128.540360 4.68
128.551110 4.68
128.581359 4.68
128.592110 4.68
128.622360 4.68
128.633110 4.68
128.663360 4.68
128.674111 4.68
128.704361 4.68
128.715111 4.34
128.745361 4.68
128.756112 4.68
128.786362 4.68
128.797112 4.68
128.827362 4.34
128.838112 4.34
128.868363 4.34
128.879112 4.68
128.909362 4.68
128.920113 4.68
128.950363 4.68
128.961113 4.68
128.991363 4.68
129.002113 4.68
129.032363 4.68
129.043114 4.68
129.073364 4.68
129.084114 4.68
129.114364 4.34
129.125115 4.68
129.155365 4.68
129.166115 4.68
129.196365 4.68
129.207115 4.68
129.237366 4.68
129.248115 4.68
129.278366 4.68
129.289116 4.68
129.319366 4.68
129.330116 4.68
129.360366 4.68
129.371116 4.68
129.401367 4.68
129.412117 4.68
129.442367 4.68
129.453117 4.68
129.483367 4.68
129.494118 4.68
129.524368 4.68
129.535118 4.68
129.565368 4.68
129.576119 4.68
129.606369 4.68
129.617119 4.68
129.647369 4.68
129.658120 4.68
129.688369 4.34
129.699119 4.34
129.729370 4.34
129.740119 4.68
129.770370 4.68
129.781120 4.68
129.811370 4.68
129.822121 4.68
129.852371 4.68
129.863121 4.34
129.893371 4.68
129.904121 4.68
129.934371 4.34
129.945122 4.34
129.975372 4.68
129.986122 4.68
130.016372 4.34
130.027123 4.68
130.057372 4.68
130.068123 4.68
130.098373 4.68
130.109123 4.68
130.139373 4.68
130.150123 4.68
130.180373 4.68
130.191124 4.68
130.221374 4.68
130.232124 4.68
130.262374 4.68
130.273124 4.68
130.303374 4.34
130.314125 4.34
130.344375 4.34
130.355125 4.68
130.385375 4.34
130.396126 4.68
130.426375 4.68
130.437126 4.34
130.467376 4.34
130.478126 4.68
130.508376 4.68
130.519127 4.68
130.549377 4.68
130.560127 4.68
130.590377 4.68
130.601127 4.68
130.631378 4.68
130.642127 4.68
130.672378 4.68
130.683128 4.34
130.713378 4.68
130.724128 4.68
130.754378 4.68
130.765129 4.68
130.795378 4.68
130.806129 4.34
130.836379 4.68
130.847129 4.34
130.877379 4.34
130.888130 4.34
130.918380 4.68
130.929130 4.34
130.959380 4.68
130.970130 4.68
131.000381 4.68
131.011131 4.68
131.041381 4.68
131.052131 4.68
131.082381 4.68
131.093131 4.68
131.123382 4.68
131.134132 4.68
131.164382 4.34
131.175132 4.34
131.205382 4.68
131.216132 4.68
131.246382 4.68
131.257133 4.34
131.287383 4.68
131.298133 4.68
131.328383 4.68
131.339133 4.68
131.369384 4.68
131.380134 4.68
131.410384 4.68
131.421135 4.68
131.451384 4.68
131.462135 4.68
131.492385 4.68
131.503135 4.68
131.533385 4.68
131.544135 4.68
131.574385 4.68
131.585135 4.68
131.615386 4.68
131.626136 4.68
131.656386 4.68
131.667136 4.68
131.697386 4.68
131.708137 4.68
131.738387 4.68
131.749137 4.68
131.781139 4.68
131.791888 4.68
131.822138 4.68
131.838013 4.68
131.863138 4.68
131.879013 4.68
131.904138 4.68
131.920014 4.34
131.945139 4.68
131.961014 4.68
131.986139 4.68
132.002015 4.68
132.027139 4.68
132.043014 4.68
132.068140 4.68
132.084015 4.68
132.109140 4.68
132.125016 4.68
132.150141 4.68
132.166016 4.68
132.191141 4.68
132.207016 4.34
132.232142 4.68
132.248016 4.68
132.273142 4.68
132.289017 4.68
132.314142 4.68
132.330017 4.68
132.355143 4.68
132.371018 4.34
132.396143 4.68
132.412018 4.68
132.437143 4.68
132.453018 4.68
132.478143 4.34
132.494019 4.68
132.519144 4.68
132.535019 4.68
132.560144 4.68
132.576019 4.68
132.601145 4.68
132.617020 4.68
132.642145 4.68
132.658020 4.68
132.683145 4.68
132.699020 4.68
132.724146 4.34
132.740021 4.68
132.765146 4.68
132.781021 4.34
132.806146 4.34
132.822021 4.34
132.847147 4.34
132.857898 4.34
132.888147 4.68
132.898898 4.34
132.929147 4.68
132.939899 4.68
132.970148 4.68
132.980899 4.34
133.011148 4.34
133.021899 4.34
133.052148 4.34
133.062900 4.34
133.093149 4.34
133.103900 4.34
133.134162 4.34
133.144911 4.34
133.175411 4.34
133.186410 4.34
133.216908 4.34
133.227782 4.34
133.258424 4.34
133.269171 4.34
133.299779 4.34
133.310653 4.34
133.341181 4.34
133.352060 4.34
133.387778 4.34
133.398528 4.34
133.429182 4.34
133.440055 4.34
133.475814 4.34
133.486809 4.34
133.517539 4.34
133.533911 4.34
133.559180 4.34
