0.000000 0.000000
0.047194 4.34
0.058212 4.68
0.088849 4.34
0.099832 3.01
0.130458 2.66
0.146761 2.66
0.177447 2.66
0.193738 2.66
0.224315 2.66
0.235187 2.66
0.271187 2.66
0.282078 2.66
0.312589 2.66
0.323434 2.66
0.354074 2.66
0.370184 2.66
0.395308 2.66
0.406183 2.66
0.436582 2.66
0.447433 2.66
0.477933 2.66
0.488682 2.66
0.519075 2.66
0.535184 2.66
0.560308 2.66
0.571059 2.66
0.601584 2.66
0.612434 2.66
0.643074 2.66
0.659185 2.66
0.684309 2.66
0.695059 2.66
0.725309 2.66
0.736060 2.66
0.766765 2.66
0.777878 2.66
0.808311 2.66
0.819319 2.66
0.855201 2.66
0.866326 2.66
0.896822 2.66
0.907821 2.66
0.938606 2.66
0.949604 2.66
0.980464 4.02
0.996823 4.34
1.022195 4.34
1.033196 4.34
1.063818 4.34
1.074734 4.34
1.105440 4.34
1.121592 4.34
1.146689 4.34
1.157439 4.34
1.188079 4.02
1.204189 4.34
1.229313 4.34
1.240064 4.34
1.270439 4.34
1.286592 4.34
1.311713 4.02
1.322439 4.34
1.353080 4.34
1.369189 4.34
1.394189 4.34
1.405081 4.34
1.435640 4.34
1.446647 4.34
1.477206 4.34
1.488342 4.34
1.520507 4.34
1.531449 4.34
1.562110 4.34
1.578199 4.34
1.603621 4.34
1.619823 4.34
1.645456 4.34
1.661884 4.34
1.687107 4.34
1.703325 4.34
1.728611 4.34
1.739447 4.34
1.770086 4.34
1.786196 4.34
1.813695 4.34
1.824445 4.34
1.855087 4.34
1.871194 4.34
1.896193 4.34
1.907068 4.34
1.937194 4.34
1.948069 4.34
1.978194 4.34
1.989069 4.34
2.019195 4.34
2.030070 4.34
2.060195 4.34
2.071070 4.34
2.101195 4.34
2.111963 4.34
2.142195 4.68
2.153071 4.68
2.183196 4.34
2.193963 4.34
2.224196 4.68
2.235071 4.34
2.265196 4.34
2.276071 4.34
2.306197 4.34
2.317071 4.34
2.347197 4.34
2.358072 4.34
2.388197 4.34
2.399072 4.34
2.429197 4.34
2.440072 4.68
2.470198 4.34
2.481073 4.68
2.511198 4.68
2.522073 4.68
2.552198 4.68
2.563074 4.34
2.593199 4.68
2.604074 4.34
2.634199 4.34
2.645073 4.34
2.675199 4.68
2.686074 4.34
2.716199 4.68
2.727075 4.68
2.757200 4.34
2.768075 4.68
2.798200 4.34
2.809075 4.68
2.839201 4.34
2.850076 4.34
2.880200 4.34
2.891076 4.68
2.921200 4.34
2.932076 4.68
2.962201 4.68
2.973076 4.34
3.003201 4.68
3.014076 4.68
3.044202 4.34
3.055077 4.68
3.085202 4.68
3.096077 4.68
3.126202 4.34
3.137077 4.68
3.167203 4.68
3.178078 4.34
3.208328 4.34
3.224203 4.34
3.249453 4.34
3.260203 4.34
3.296094 4.68
3.306847 4.34
3.337204 4.68
3.348079 4.34
3.378329 4.34
3.394204 4.68
3.419580 4.68
3.430454 4.68
3.461097 4.34
3.471847 4.34
3.502330 4.34
3.518205 4.34
3.543582 4.34
3.554455 4.34
3.585096 4.34
3.595848 4.34
3.626331 4.68
3.642206 4.34
3.667456 4.68
3.678331 4.68
3.714097 4.68
3.724848 4.68
3.755207 4.34
3.766082 4.34
3.796332 4.68
3.812207 4.34
3.837583 4.68
3.848458 4.34
3.884100 4.68
3.894850 4.68
3.925333 4.34
3.941333 4.68
3.969584 4.34
3.980458 4.68
4.011101 4.68
4.021850 4.34
4.052334 4.68
4.068209 4.68
4.093585 4.68
4.104459 4.34
4.135102 4.34
4.145852 4.68
4.176210 4.34
4.187085 4.34
4.217336 4.34
4.233335 4.34
4.258586 4.34
4.269461 4.68
4.300101 4.68
4.310852 4.34
4.341336 4.68
4.357336 4.34
4.382587 4.68
4.393461 4.34
4.424104 4.34
4.434853 4.68
4.465336 4.68
4.481212 4.68
4.506588 4.68
4.517462 4.68
4.548102 4.68
4.558856 4.34
4.589088 4.68
4.599856 4.34
4.630213 4.34
4.642743 4.34
4.671339 4.68
4.687339 4.68
4.714348 4.34
4.725089 4.34
4.757348 4.68
4.768089 4.68
4.800348 4.68
4.811214 4.68
4.843348 4.68
4.854215 4.68
4.886349 4.68
4.897108 4.34
4.927466 4.68
4.938340 4.68
4.968983 4.68
4.984984 4.68
5.010091 4.68
5.020983 4.34
5.051091 4.34
5.061983 4.34
5.092216 4.34
5.104593 4.34
5.133342 4.68
5.149341 4.34
5.176226 4.34
5.187107 4.34
5.217342 4.34
5.233342 4.34
5.260227 4.34
5.271110 4.34
5.301343 4.34
5.317344 4.68
5.344227 4.68
5.355108 4.34
5.385343 4.34
5.401343 4.34
5.431748 4.34
5.442469 4.34
5.473112 4.68
5.483986 4.34
5.514345 4.68
5.525094 4.68
5.560747 4.34
5.571470 4.34
5.602112 4.34
5.612862 4.34
5.643346 4.68
5.654095 4.34
5.689747 4.34
5.700471 4.34
5.731115 4.34
5.741863 4.34
5.772222 4.34
5.788097 4.34
5.813347 4.34
5.824097 4.34
5.859739 4.34
5.875740 4.68
5.901113 4.68
5.911866 4.68
5.942348 4.68
5.953223 4.34
5.988751 4.68
5.999473 4.68
6.029865 4.68
6.045990 4.68
6.071098 4.34
6.081864 4.68
6.112099 4.68
6.122864 4.68
6.153099 4.34
6.163866 4.34
6.194100 4.68
6.204865 4.68
6.235100 4.68
6.245866 4.68
6.276225 4.34
6.292225 4.34
6.317350 4.68
6.328226 4.34
6.363754 4.34
6.379743 4.68
6.405116 4.68
6.415867 4.68
6.446351 4.34
6.457226 4.34
6.492755 4.34
6.508743 4.34
6.534118 4.68
6.544869 4.34
6.575352 4.34
6.586102 4.68
6.621745 4.68
6.637745 4.68
6.663120 4.34
6.673868 4.68
6.704353 4.68
6.715103 4.68
6.750745 4.68
6.766745 4.34
6.792122 4.68
6.802877 4.68
6.833354 4.68
6.844104 4.68
6.879756 4.68
6.890480 4.68
6.921119 4.68
6.931870 4.68
6.962230 4.68
6.978105 4.68
7.003355 4.68
7.014105 4.68
7.049746 4.68
7.060481 4.68
7.091122 4.34
7.101873 4.34
7.132356 4.68
7.143106 4.68
7.178760 4.68
7.194747 4.68
7.220122 4.68
7.232608 4.68
7.261107 4.68
7.271875 4.68
7.302107 4.68
7.312874 4.68
7.343107 4.34
7.353873 4.34
7.384108 4.34
7.394876 4.34
7.425108 4.68
7.435999 4.68
7.466108 4.34
7.478638 4.34
7.507234 4.68
7.523108 4.68
7.548359 4.68
7.559234 4.34
7.594763 4.34
7.610752 4.68
7.636126 4.34
7.648611 4.68
7.677360 4.34
7.688235 4.34
7.723751 4.34
7.736236 4.68
7.765126 4.34
7.777612 4.34
7.806361 4.34
7.817111 4.34
7.852763 4.34
7.865112 4.68
7.894237 4.68
7.910111 4.68
7.935362 4.68
7.946237 4.68
7.981764 4.68
7.994113 4.68
8.023131 4.68
8.039127 4.68
8.064112 4.68
8.076488 4.68
8.105113 4.68
8.117488 4.68
8.146238 4.68
8.162113 4.34
8.187364 4.34
8.198113 4.68
8.233755 4.34
8.246115 4.68
8.275131 4.68
8.291131 4.34
8.316240 4.34
8.332115 4.34
8.357365 4.34
8.368115 4.68
8.403769 4.34
8.419616 4.34
8.445116 4.34
8.457491 4.34
8.486115 4.68
8.502116 4.34
8.527134 4.68
8.543132 4.68
8.568134 4.34
8.584135 4.68
8.609117 4.34
8.625242 4.34
8.650117 4.34
8.662492 4.34
8.691118 4.34
8.707118 4.34
8.732243 4.68
8.748243 4.34
8.773368 4.68
8.784243 4.68
8.819760 4.34
8.835762 4.34
8.861134 4.34
8.877244 4.34
8.902244 4.34
8.918244 4.34
8.943369 4.68
8.954119 4.34
8.989761 4.34
9.005763 4.34
9.031137 4.34
9.047135 4.34
9.072120 4.34
9.088121 4.34
9.113246 4.68
9.129120 4.34
9.154370 4.68
9.165121 4.68
9.200762 4.68
9.216622 4.68
9.242136 4.34
9.258136 4.68
9.283247 4.34
9.299122 4.34
9.324372 4.34
9.335122 4.68
9.370623 4.34
9.386623 4.68
9.411902 4.34
9.422623 4.68
9.453123 4.34
9.469140 4.34
9.494122 4.34
9.510140 4.34
9.535249 4.34
9.551124 4.34
9.576374 4.34
9.587124 4.68
9.622625 4.34
9.638625 4.34
9.664142 4.34
9.680141 4.34
9.705818 4.34
9.722032 4.34
9.747383 4.34
9.758382 4.34
9.789042 4.68
9.801636 4.68
9.835927 4.68
9.846903 4.68
9.879132 4.68
9.889898 4.68
9.925660 4.68
9.941632 4.68
9.967253 4.68
9.983253 4.68
10.013628 4.68
10.029627 4.68
10.055144 4.68
10.071127 4.68
10.096377 4.68
10.107127 4.68
10.142770 4.68
10.158769 4.68
10.184146 4.68
10.200128 4.68
10.225253 4.68
10.241128 4.68
10.268129 4.68
10.278896 4.68
10.309129 4.68
10.325129 4.68
10.350129 4.68
10.366269 4.68
10.391630 4.68
10.407830 4.68
10.433388 4.68
10.444257 4.68
10.474815 4.68
10.485632 4.68
10.516256 4.68
10.527022 4.68
10.562506 4.68
10.573381 4.68
10.603915 4.68
10.614784 4.68
10.645256 4.68
10.656023 4.68
10.688132 4.68
10.698898 4.68
10.729132 4.68
10.745132 4.68
10.770132 4.68
10.786022 4.68
10.811132 4.68
10.827025 4.68
10.852133 4.68
10.868024 4.68
10.893133 4.68
10.904026 4.68
10.934258 4.68
10.945025 4.68
10.977009 4.68
10.987906 4.68
11.018133 4.68
11.034008 4.68
11.059133 4.68
11.075008 4.68
11.100133 4.68
11.116133 4.68
11.141133 4.68
11.157009 4.68
11.182134 4.68
11.198009 4.68
11.223134 4.68
11.239009 4.68
11.264134 4.68
11.280009 4.68
11.305134 4.68
11.321010 4.68
11.346135 4.68
11.362010 4.68
11.387135 4.68
11.403135 4.68
11.428136 4.68
11.444011 4.68
11.469136 4.68
11.485012 4.68
11.510136 4.68
11.520886 4.68
11.551136 4.68
11.561886 4.68
11.592137 4.68
11.602887 4.68
11.633137 4.68
11.643887 4.68
11.674137 4.68
11.684888 4.68
11.715139 4.68
11.725888 4.68
11.756139 4.68
11.766907 4.68
11.797140 4.68
11.807908 4.68
11.838140 4.68
11.848906 4.68
11.879265 4.68
11.890032 4.68
11.925522 4.68
11.936390 4.68
11.966793 4.68
11.977522 4.68
12.008034 4.68
12.023909 4.68
12.049142 4.68
12.059907 4.68
12.090142 4.68
12.100910 4.68
12.131142 4.68
12.141910 4.68
12.177643 4.68
12.193525 4.68
12.218909 4.68
12.229643 4.68
12.260143 4.68
12.276143 4.68
12.301268 4.68
12.312036 4.68
12.347528 4.68
12.358268 4.68
12.388799 4.68
12.399671 4.68
12.430144 4.68
12.446269 4.68
12.471269 4.68
12.482036 4.68
12.517522 4.68
12.542038 4.68
12.571395 4.68
12.582270 4.68
12.617674 4.68
12.633523 4.68
12.659164 4.68
12.675146 4.68
12.705523 4.68
12.721524 4.68
12.746798 4.68
12.757524 4.68
12.788146 4.68
12.804147 4.68
12.829147 4.68
12.840039 4.68
12.870272 4.68
12.881037 4.68
12.916526 4.68
12.941040 4.68
12.970526 4.68
12.986526 4.68
13.012038 4.68
13.028041 4.68
13.053149 4.68
13.069149 4.68
13.094274 4.68
13.105149 4.68
13.140527 4.68
13.165039 4.68
13.194529 4.68
13.210533 4.68
13.236042 4.68
13.252043 4.68
13.277150 4.68
13.288041 4.68
13.318275 4.68
13.329043 4.68
13.359679 4.68
13.370530 4.68
13.401165 4.68
13.412043 4.68
13.442151 4.68
13.453043 4.68
13.483277 4.68
13.494041 4.68
13.529531 4.68
13.545531 4.68
13.571045 4.68
13.587277 4.68
13.612153 4.68
13.623045 4.68
13.653278 4.68
13.664046 4.68
13.699531 4.68
13.715530 4.68
13.740806 4.68
13.751530 4.68
13.782154 4.68
13.793046 4.68
13.823154 4.68
13.834047 4.68
13.864154 4.68
13.875046 4.68
13.905280 4.68
13.916045 4.68
13.951531 4.68
13.967530 4.68
13.993049 4.68
14.009048 4.68
14.034156 4.68
14.045048 4.68
14.075155 4.68
14.086048 4.68
14.116156 4.68
14.127050 4.68
14.157157 4.68
14.168049 4.68
14.198157 4.68
14.208921 4.68
14.239282 4.68
14.250157 4.68
14.285533 4.68
14.301533 4.68
14.327049 4.68
14.343158 4.68
14.368158 4.68
14.379051 4.68
14.409283 4.68
14.420158 4.68
14.455541 4.68
14.471534 4.68
14.497050 4.68
14.513050 4.68
14.538159 4.68
14.549050 4.68
14.579159 4.68
14.590051 4.68
14.620160 4.68
14.631051 4.68
14.661160 4.68
14.672036 4.68
14.702160 4.68
14.713052 4.68
14.743160 4.68
14.754036 4.68
14.784161 4.68
14.795036 4.68
14.825161 4.68
14.836054 4.68
14.866162 4.68
14.877037 4.68
14.907162 4.68
14.918037 4.68
14.948162 4.68
14.959038 4.68
14.989162 4.68
15.000055 4.68
15.030163 4.68
15.041038 4.68
15.071163 4.68
15.082038 4.68
15.112288 4.68
15.123038 4.68
15.158539 4.68
15.174539 4.68
15.200056 4.68
15.216056 4.68
15.241164 4.68
15.252055 4.68
15.282164 4.68
15.293040 4.68
15.323165 4.68
15.334040 4.68
15.365916 4.68
15.376693 4.68
15.407055 4.68
15.417805 4.68
15.449916 4.68
15.460694 4.68
15.491058 4.68
15.501807 4.68
15.537416 4.68
15.549918 4.68
15.581695 4.68
15.592561 4.68
15.623167 4.68
15.634060 4.68
15.665918 4.68
15.676697 4.68
15.707058 4.68
15.723060 4.68
15.748168 4.68
15.759043 4.68
15.790919 4.68
15.801698 4.68
15.832058 4.68
15.842808 4.68
15.874920 4.68
15.885698 4.68
15.916061 4.68
15.926810 4.68
15.962294 4.68
15.973170 4.68
16.003419 4.68
16.015921 4.68
16.044697 4.68
16.055546 4.68
16.086170 4.68
16.097062 4.68
16.132421 4.68
16.144922 4.68
16.173824 4.68
16.186421 4.68
16.215064 4.68
16.225812 4.68
16.256064 4.68
16.266815 4.68
16.302422 4.68
16.314923 4.68
16.343701 4.68
16.354548 4.68
16.385173 4.68
16.396063 4.68
16.427798 4.68
16.438578 4.68
16.469173 4.68
16.480065 4.68
16.515424 4.68
16.527827 4.68
16.556938 4.68
16.572816 4.68
16.598174 4.68
16.609064 4.68
16.644299 4.68
16.655175 4.68
16.685425 4.68
16.701299 4.68
16.726830 4.68
16.742828 4.68
16.768175 4.68
16.779065 4.68
16.814425 4.68
16.830426 4.68
16.855830 4.68
16.872069 4.68
16.897068 4.68
16.907819 4.68
16.943301 4.68
16.954051 4.68
16.984426 4.68
17.000302 4.68
17.025706 4.68
17.036427 4.68
17.067067 4.68
17.077818 4.68
17.113553 4.68
17.124428 4.68
17.155071 4.68
17.165820 4.68
17.201428 4.68
17.217429 4.68
17.242708 4.68
17.253429 4.68
17.284069 4.68
17.294821 4.68
17.330429 4.68
17.346429 4.68
17.371707 4.68
17.382555 4.68
17.413180 4.68
17.424073 4.68
17.459430 4.68
17.475305 4.68
17.500710 4.68
17.511557 4.68
17.542181 4.68
17.553070 4.68
17.588431 4.68
17.604431 4.68
17.629836 4.68
17.646073 4.68
17.671182 4.68
17.682073 4.68
17.717307 4.68
17.728057 4.68
17.758432 4.68
17.774307 4.68
17.799711 4.68
17.810433 4.68
17.841075 4.68
17.851824 4.68
17.887308 4.68
17.898184 4.68
17.928434 4.68
17.944308 4.68
17.969712 4.68
17.980559 4.68
18.012810 4.68
18.023711 4.68
18.054077 4.68
18.064825 4.68
18.100311 4.68
18.111060 4.68
18.141435 4.68
18.157310 4.68
18.182837 4.68
18.199078 4.68
18.224061 4.68
18.234828 4.68
18.266812 4.68
18.277561 4.68
18.308076 4.68
18.318827 4.68
18.350813 4.68
18.361562 4.68
18.392079 4.68
18.402829 4.68
18.434813 4.68
18.445563 4.68
18.476080 4.68
18.486829 4.68
18.518844 4.68
18.529564 4.68
18.560081 4.68
18.570956 4.68
18.602843 4.68
18.613593 4.68
18.644080 4.68
18.654955 4.68
18.686815 4.68
18.697565 4.68
18.729815 4.68
18.740565 4.68
18.772816 4.68
18.783719 4.68
18.815816 4.68
18.826565 4.68
18.858816 4.68
18.869719 4.68
18.901816 4.68
18.912566 4.68
18.944817 4.68
18.955567 4.68
18.987817 4.68
18.998567 4.68
19.029083 4.68
19.039832 4.68
19.071817 4.68
19.082567 4.68
19.113082 4.68
19.123834 4.68
19.155818 4.68
19.166569 4.68
19.198694 4.68
19.209568 4.68
19.240085 4.68
19.250835 4.68
19.282694 4.68
19.293443 4.68
19.324085 4.68
19.334834 4.68
19.370319 4.68
19.382695 4.68
19.411570 4.68
19.422444 4.68
19.453087 4.68
19.463837 4.68
19.499319 4.68
19.511696 4.68
19.543695 4.68
19.556195 4.68
19.585086 4.68
19.595963 4.68
19.626196 4.68
19.636960 4.68
19.667196 4.68
19.677964 4.68
19.708196 4.68
19.719072 4.68
19.749197 4.68
19.760072 4.68
19.790197 4.68
19.801072 4.68
19.831197 4.68
19.842072 4.68
19.872197 4.68
19.883073 4.68
19.913198 4.68
19.924073 4.68
19.954198 4.68
19.965073 4.68
19.995198 4.68
20.006073 4.68
20.036198 4.68
20.047073 4.68
20.077199 4.68
20.088074 4.68
20.118199 4.68
20.129074 4.68
20.159199 4.68
20.170075 4.68
20.200200 4.68
20.211075 4.68
20.241200 4.68
20.252075 4.68
20.282200 4.68
20.293075 4.68
20.323200 4.68
20.334075 4.68
20.364451 4.68
20.375200 4.68
20.405701 4.68
20.421577 4.68
20.447093 4.68
20.457969 4.68
20.488202 4.68
20.499077 4.68
20.529202 4.68
20.540078 4.68
20.570203 4.68
20.581078 4.68
20.611203 4.68
20.622078 4.68
20.652328 4.68
20.668203 4.68
20.693453 4.68
20.704203 4.68
20.734856 4.68
20.745579 4.68
20.781329 4.68
20.797204 4.68
20.822454 4.68
20.833329 4.68
20.863972 4.68
20.874973 4.68
20.910330 4.68
20.926330 4.68
20.951581 4.68
20.962455 4.68
20.993096 4.68
21.003848 4.68
21.034331 4.68
21.050205 4.68
21.075456 4.68
21.086331 4.68
21.116858 4.68
21.127582 4.68
21.163332 4.68
21.179332 4.68
21.204583 4.68
21.215457 4.68
21.246100 4.68
21.256850 4.68
21.287333 4.68
21.303207 4.68
21.328583 4.68
21.339458 4.68
21.369862 4.68
21.380725 4.68
21.416209 4.68
21.427084 4.68
21.457334 4.68
21.473208 4.68
21.498600 4.68
21.511209 4.68
21.541726 4.68
21.552586 4.68
21.588460 4.68
21.599335 4.68
21.629862 4.68
21.640725 4.68
21.676336 4.68
21.692335 4.68
21.720586 4.68
21.731461 4.68
21.763712 4.68
21.774587 4.68
21.806712 4.68
21.817587 4.68
21.849713 4.68
21.860587 4.68
21.892713 4.68
21.903588 4.68
21.935714 4.68
21.946588 4.68
21.978714 4.68
21.989588 4.68
22.021588 4.68
22.032463 4.68
22.062866 4.68
22.073590 4.68
22.109214 4.68
22.121589 4.68
22.150339 4.68
22.166339 4.68
22.191590 4.68
22.204109 4.68
22.234590 4.68
22.245465 4.68
22.281340 4.68
22.297215 4.68
22.322591 4.68
22.335106 4.68
22.363867 4.68
22.374733 4.68
22.405090 4.68
22.415856 4.68
22.451466 4.68
22.462341 4.68
22.492984 4.68
22.503734 4.68
22.534217 4.68
22.550341 4.68
22.575342 4.68
22.586092 4.68
22.616609 4.68
22.632747 4.68
22.657869 4.68
22.668594 4.68
22.699218 4.68
22.715343 4.68
22.740343 4.68
22.751218 4.68
22.781594 4.68
22.797747 4.68
22.822874 4.68
22.833594 4.68
22.864219 4.68
22.880344 4.68
22.905344 4.68
22.916095 4.68
22.946596 4.68
22.962749 4.68
22.987873 4.68
22.998596 4.68
23.029095 4.68
23.039861 4.68
23.070095 4.68
23.080861 4.68
23.111096 4.68
23.121861 4.68
23.152096 4.68
23.162863 4.68
23.193221 4.68
23.209346 4.68
23.234346 4.68
23.245097 4.68
23.275598 4.68
23.291598 4.68
23.322347 4.68
23.333097 4.68
23.363598 4.68
23.379752 4.68
23.404876 4.68
23.415739 4.68
23.446098 4.68
23.456991 4.68
23.487224 4.68
23.503349 4.68
23.528349 4.68
23.539224 4.68
23.569631 4.68
23.585751 4.68
23.616349 4.68
23.627100 4.68
23.657601 4.68
23.673752 4.68
23.698877 4.68
23.709755 4.68
23.740100 4.68
23.750866 4.68
23.781100 4.68
23.791868 4.68
23.822101 4.68
23.832869 4.68
23.863226 4.68
23.879351 4.68
23.904351 4.68
23.915102 4.68
23.945477 4.68
23.956227 4.68
23.986879 4.68
23.997757 4.68
24.028102 4.68
24.038869 4.68
24.069102 4.68
24.079868 4.68
24.110103 4.68
24.120871 4.68
24.151103 4.68
24.161871 4.68
24.192104 4.68
24.202869 4.68
24.233104 4.68
24.243872 4.68
24.274229 4.68
24.290229 4.68
24.315354 4.68
24.326229 4.68
24.356605 4.68
24.372761 4.68
24.397885 4.68
24.408761 4.68
24.439105 4.68
24.449995 4.68
24.480481 4.68
24.493123 4.68
24.521760 4.68
24.532481 4.68
24.563107 4.68
24.573874 4.68
24.604106 4.68
24.616610 4.68
24.645106 4.68
24.655873 4.68
24.686232 4.68
24.702357 4.68
24.727357 4.68
24.738107 4.68
24.768608 4.68
24.784762 4.68
24.815358 4.68
24.826233 4.68
24.856624 4.68
24.872760 4.68
24.903359 4.68
24.914109 4.68
24.944610 4.68
24.960610 4.68
24.991359 4.68
25.002109 4.68
25.032610 4.68
25.048610 4.68
25.079359 4.68
25.090110 4.68
25.120611 4.68
25.136764 4.68
25.163489 4.68
25.174235 4.68
25.206490 4.68
25.217235 4.68
25.253127 4.68
25.265489 4.68
25.294361 4.68
25.305111 4.68
25.335612 4.68
25.346486 4.68
25.378491 4.68
25.389237 4.68
25.425130 4.68
25.441238 4.68
25.466362 4.68
25.477113 4.68
25.507613 4.68
25.518488 4.68
25.554363 4.68
25.565130 4.68
25.595643 4.68
25.606488 4.68
25.637131 4.68
25.653239 4.68
25.678364 4.68
25.689239 4.68
25.719615 4.68
25.730489 4.68
25.760770 4.68
25.771616 4.68
25.802130 4.68
25.818132 4.68
25.843365 4.68
25.854115 4.68
25.884491 4.68
25.900491 4.68
25.931131 4.68
25.947134 4.68
25.972366 4.68
25.983117 4.68
26.013617 4.68
26.024491 4.68
26.060135 4.68
26.076134 4.68
26.101367 4.68
26.112242 4.68
26.142618 4.68
26.153492 4.68
26.189135 4.68
26.205135 4.68
26.230368 4.68
26.241118 4.68
26.271619 4.68
26.282493 4.68
26.312772 4.68
26.323494 4.68
26.354136 4.68
26.370136 4.68
26.395369 4.68
26.406119 4.68
26.436648 4.68
26.447495 4.68
26.478138 4.68
26.494120 4.68
26.519370 4.68
26.530245 4.68
26.560621 4.68
26.571495 4.68
26.607138 4.68
26.623139 4.68
26.648371 4.68
26.659121 4.68
26.689496 4.68
26.705496 4.68
26.736137 4.68
26.752139 4.68
26.777372 4.68
26.788122 4.68
26.818623 4.68
26.829498 4.68
26.865140 4.68
26.881140 4.68
26.906372 4.68
26.917123 4.68
26.947624 4.68
26.958498 4.68
26.988778 4.68
26.999499 4.68
27.030141 4.68
27.046142 4.68
27.071374 4.68
27.082124 4.68
27.112625 4.68
27.123499 4.68
27.159141 4.68
27.175140 4.68
27.200375 4.68
27.211125 4.68
27.241626 4.68
27.252501 4.68
27.282778 4.68
27.293627 4.68
27.324143 4.68
27.340142 4.68
27.365376 4.68
27.377892 4.68
27.406627 4.68
27.417501 4.68
27.449530 4.68
27.460251 4.68
27.496146 4.68
27.512144 4.68
27.537377 4.68
27.550021 4.68
27.578502 4.68
27.594655 4.68
27.625253 4.68
27.636146 4.68
27.666378 4.68
27.678768 4.68
27.707630 4.68
27.718504 4.68
27.754146 4.68
27.770147 4.68
27.795379 4.68
27.807772 4.68
27.836629 4.68
27.847504 4.68
27.883146 4.68
27.899146 4.68
27.924380 4.68
27.936773 4.68
27.965631 4.68
27.976505 4.68
28.012147 4.68
28.028149 4.68
28.053381 4.68
28.065773 4.68
28.103024 4.68
28.119021 4.68
28.144132 4.68
28.154897 4.68
28.185132 4.68
28.195897 4.68
28.226133 4.68
28.236898 4.68
28.267133 4.68
28.277901 4.68
28.308258 4.68
28.319024 4.68
28.349383 4.68
28.365383 4.68
28.390508 4.68
28.401259 4.68
28.437150 4.68
28.447899 4.68
28.478134 4.68
28.488899 4.68
28.519135 4.68
28.529900 4.68
28.560134 4.68
28.570901 4.68
28.601135 4.68
28.611902 4.68
28.642135 4.68
28.652903 4.68
28.683136 4.68
28.693903 4.68
28.724261 4.68
28.735028 4.68
28.765386 4.68
28.781386 4.68
28.806637 4.68
28.817387 4.68
28.847903 4.68
28.864026 4.68
28.889262 4.68
28.900029 4.68
28.930388 4.68
28.946387 4.68
28.977029 4.68
28.993028 4.68
29.018138 4.68
29.028905 4.68
29.059138 4.68
29.069906 4.68
29.100263 4.68
29.111032 4.68
29.141389 4.68
29.157389 4.68
29.182639 4.68
29.193389 4.68
29.223907 4.68
29.240030 4.68
29.265140 4.68
29.275908 4.68
29.306141 4.68
29.316905 4.68
29.347266 4.68
29.358030 4.68
29.388391 4.68
29.404391 4.68
29.429641 4.68
29.440391 4.68
29.470907 4.68
29.487034 4.68
29.512266 4.68
29.523033 4.68
29.553392 4.68
29.569392 4.68
29.600035 4.68
29.616034 4.68
29.641142 4.68
29.651909 4.68
29.682268 4.68
29.693035 4.68
29.723393 4.68
29.739393 4.68
29.764673 4.68
29.775526 4.68
29.806161 4.68
29.816910 4.68
29.847394 4.68
29.863394 4.68
29.888522 4.68
29.899394 4.68
29.935270 4.68
29.946144 4.68
29.976395 4.68
29.992395 4.68
30.019405 4.68
30.030145 4.68
30.060673 4.68
30.071523 4.68
30.102036 4.68
30.118038 4.68
30.143271 4.68
30.154146 4.68
30.184396 4.68
30.200396 4.68
30.227405 4.68
30.238147 4.68
30.274039 4.68
30.290037 4.68
30.315147 4.68
30.326039 4.68
30.356148 4.68
30.367040 4.68
30.397148 4.68
30.408039 4.68
30.438148 4.68
30.449038 4.68
30.479273 4.68
30.490040 4.68
30.520399 4.68
30.536399 4.68
30.566803 4.68
30.579305 4.68
30.608043 4.68
30.624046 4.68
30.649150 4.68
30.660042 4.68
30.690150 4.68
30.701043 4.68
30.731150 4.68
30.742043 4.68
30.772275 4.68
30.784680 4.68
30.813400 4.68
30.829401 4.68
30.860043 4.68
30.876043 4.68
30.901151 4.68
30.912045 4.68
30.942277 4.68
30.954679 4.68
30.983402 4.68
30.994152 4.68
31.026281 4.68
31.037153 4.68
31.067403 4.68
31.078153 4.68
31.113807 4.68
31.124530 4.68
31.155153 4.68
31.166046 4.68
31.196154 4.68
31.207046 4.68
31.237154 4.68
31.248046 4.68
31.278154 4.68
31.289047 4.68
31.319279 4.68
31.335155 4.68
31.360405 4.68
31.371155 4.68
31.406809 4.68
31.422809 4.68
31.448156 4.68
31.459048 4.68
31.489156 4.68
31.500048 4.68
31.530281 4.68
31.546281 4.68
31.571406 4.68
31.582157 4.68
31.617811 4.68
31.628533 4.68
31.659157 4.68
31.670049 4.68
31.700282 4.68
31.716282 4.68
31.741407 4.68
31.752282 4.68
31.787812 4.68
31.798533 4.68
31.829158 4.68
31.840049 4.68
31.870159 4.68
31.881048 4.68
31.911159 4.68
31.922034 4.68
31.952159 4.68
31.963051 4.68
31.993159 4.68
32.004052 4.68
32.034285 4.68
32.050160 4.68
32.075410 4.68
32.086160 4.68
32.121814 4.68
32.132536 4.68
32.163161 4.68
32.174055 4.68
32.204161 4.68
32.215053 4.68
32.245161 4.68
32.256037 4.68
32.286286 4.68
32.302162 4.68
32.327412 4.68
32.338162 4.68
32.373814 4.68
32.384538 4.68
32.415055 4.68
32.425805 4.68
32.456288 4.68
32.472163 4.68
32.497539 4.68
32.508413 4.68
32.539056 4.68
32.549803 4.68
32.580054 4.68
32.590807 4.68
32.621289 4.68
32.637163 4.68
32.662289 4.68
32.678164 4.68
32.703414 4.68
32.714164 4.68
32.746299 4.68
32.757165 4.68
32.787415 4.68
32.798165 4.68
32.834166 4.68
32.846694 4.68
32.875166 4.68
32.886056 4.68
32.916165 4.68
32.927059 4.68
32.957291 4.68
32.973166 4.68
32.998417 4.68
33.009292 4.68
33.044821 4.68
33.057301 4.68
33.086168 4.68
33.098697 4.68
33.127293 4.68
33.143167 4.68
33.168418 4.68
33.179168 4.68
33.209822 4.68
33.225808 4.68
33.251168 4.68
33.263696 4.68
33.292169 4.68
33.304698 4.68
33.333169 4.68
33.345545 4.68
33.374169 4.68
33.386545 4.68
33.415170 4.68
33.427545 4.68
33.456170 4.68
33.468546 4.68
33.497295 4.68
33.513170 4.68
33.538421 4.68
33.549296 4.68
33.579937 4.68
33.590826 4.68
33.621171 4.68
33.633548 4.68
33.662172 4.68
33.674575 4.68
33.703422 4.68
33.714296 4.68
33.744826 4.68
33.756548 4.68
33.786172 4.68
33.798548 4.68
33.827173 4.68
33.843172 4.68
33.868173 4.68
33.880548 4.68
33.909173 4.68
33.925173 4.68
33.955298 4.68
33.966048 4.68
33.996424 4.68
34.007174 4.68
34.042815 4.68
34.058817 4.68
34.084175 4.68
34.100175 4.68
34.125174 4.68
34.141050 4.68
34.166175 4.68
34.182050 4.68
34.207175 4.68
34.223175 4.68
34.248175 4.68
34.264176 4.68
34.289176 4.68
34.305050 4.68
34.330176 4.68
34.346177 4.68
34.371176 4.68
34.387177 4.68
34.412177 4.68
34.428176 4.68
34.453177 4.68
34.469052 4.68
34.494177 4.68
34.510053 4.68
34.535302 4.68
34.546178 4.68
34.576428 4.68
34.587178 4.68
34.622820 4.68
34.638707 4.68
34.664069 4.68
34.674822 4.68
34.705429 4.68
34.716304 4.68
34.751833 4.68
34.767708 4.68
34.793180 4.68
34.809054 4.68
34.834179 4.68
34.850180 4.68
34.875180 4.68
34.891180 4.68
34.916180 4.68
34.932056 4.68
34.957181 4.68
34.973181 4.68
34.998181 4.68
35.014056 4.68
35.039181 4.68
35.055056 4.68
35.080181 4.68
35.096057 4.68
35.121182 4.68
35.137057 4.68
35.162182 4.68
35.178182 4.68
35.203182 4.68
35.219057 4.68
35.244183 4.68
35.260058 4.68
35.285183 4.68
35.301058 4.68
35.326184 4.68
35.342183 4.68
35.367183 4.68
35.383183 4.68
35.408184 4.68
35.424184 4.68
35.449184 4.68
35.465184 4.68
35.490184 4.68
35.506185 4.68
35.531309 4.68
35.542060 4.68
35.574186 4.68
35.585076 4.68
35.615185 4.68
35.631060 4.68
35.656186 4.68
35.672061 4.68
35.697185 4.68
35.713061 4.68
35.738186 4.68
35.754061 4.68
35.779186 4.68
35.795062 4.68
35.820187 4.68
35.836187 4.68
35.861312 4.68
35.872187 4.68
35.907705 4.68
35.923703 4.68
35.949188 4.68
35.965063 4.68
35.990188 4.68
36.006063 4.68
36.031313 4.68
36.042188 4.68
36.074190 4.68
36.085081 4.68
36.115189 4.68
36.131064 4.68
36.156189 4.68
36.172065 4.68
36.197189 4.68
36.213064 4.68
36.238190 4.68
36.254065 4.68
36.279190 4.68
36.290065 4.68
36.320315 4.68
36.331066 4.68
36.366570 4.68
36.382691 4.68
36.408083 4.68
36.424084 4.68
36.449066 4.68
36.461441 4.68
36.490067 4.68
36.502442 4.68
36.531083 4.68
36.547192 4.68
36.572067 4.68
36.588067 4.68
36.613068 4.68
36.625443 4.68
36.654068 4.68
36.670068 4.68
36.695068 4.68
36.707443 4.68
36.736068 4.68
36.752069 4.68
36.777069 4.68
36.793087 4.68
36.818069 4.68
36.834194 4.68
36.859069 4.68
36.875069 4.68
36.900087 4.68
36.916087 4.68
36.941195 4.68
36.952070 4.68
36.982195 4.68
36.993070 4.68
37.023196 4.68
37.034071 4.68
37.064196 4.68
37.075071 4.68
37.105196 4.68
37.116071 4.68
37.146196 4.68
37.157072 4.68
37.187196 4.68
37.198072 4.68
37.228197 4.68
37.239071 4.68
37.269197 4.68
37.280072 4.68
37.310197 4.68
37.321072 4.68
37.351198 4.68
37.362073 4.68
37.392198 4.68
37.403073 4.68
37.433199 4.68
37.443963 4.68
37.474324 4.68
37.485074 4.68
37.520699 4.68
37.536576 4.68
37.562092 4.68
37.578091 4.68
37.603075 4.68
37.619075 4.68
37.644074 4.68
37.660075 4.68
37.685075 4.68
37.701075 4.68
37.726075 4.68
37.742076 4.68
37.767076 4.68
37.783094 4.68
37.808076 4.68
37.824076 4.68
37.849076 4.68
37.865076 4.68
37.890077 4.68
37.906091 4.68
37.931077 4.68
37.947202 4.68
37.972078 4.68
37.988077 4.68
38.013077 4.68
38.029078 4.68
38.054078 4.68
38.070078 4.68
38.095078 4.68
38.111080 4.68
38.136078 4.68
38.152079 4.68
38.177079 4.68
38.193078 4.68
38.218204 4.68
38.234079 4.68
38.261080 4.68
38.271844 4.68
38.302205 4.68
38.318080 4.68
38.345081 4.68
38.355974 4.68
38.386080 4.68
38.402205 4.68
38.427080 4.68
38.443081 4.68
38.468081 4.68
38.484081 4.68
38.509206 4.68
38.525081 4.68
38.555456 4.68
38.566207 4.68
38.596972 4.68
38.607707 4.68
38.638082 4.68
38.654207 4.68
38.679082 4.68
38.695083 4.68
38.720208 4.68
38.731083 4.68
38.763100 4.68
38.773974 4.68
38.804083 4.68
38.820083 4.68
38.845209 4.68
38.856084 4.68
38.888084 4.68
38.898852 4.68
38.929084 4.68
38.945084 4.68
38.970084 4.68
38.986084 4.68
39.011210 4.68
39.022085 4.68
39.057460 4.68
39.068210 4.68
39.098862 4.68
39.109586 4.68
39.140086 4.68
39.156085 4.68
39.181211 4.68
39.192086 4.68
39.227461 4.68
39.238211 4.68
39.268864 4.68
39.279587 4.68
39.310104 4.68
39.320852 4.68
39.356462 4.68
39.367213 4.68
39.397867 4.68
39.408743 4.68
39.439088 4.68
39.449855 4.68
39.480213 4.68
39.491088 4.68
39.526463 4.68
39.542590 4.68
39.567979 4.68
39.584106 4.68
39.609106 4.68
39.625104 4.68
39.655464 4.68
39.666339 4.68
39.696869 4.68
39.707748 4.68
39.738090 4.68
39.748855 4.68
39.779215 4.68
39.790090 4.68
39.825465 4.68
39.836216 4.68
39.866869 4.68
39.877733 4.68
39.908217 4.68
39.919091 4.68
39.954467 4.68
39.965216 4.68
39.995871 4.68
40.006592 4.68
40.037217 4.68
40.048109 4.68
40.083467 4.68
40.094217 4.68
40.124870 4.68
40.135594 4.68
40.166218 4.68
40.177109 4.68
40.212468 4.68
40.223218 4.68
40.253870 4.68
40.264594 4.68
40.295094 4.68
40.305861 4.68
40.336094 4.68
40.346862 4.68
40.377219 4.68
40.388095 4.68
40.423470 4.68
40.434220 4.68
40.464875 4.68
40.475747 4.68
40.506095 4.68
40.516862 4.68
40.547221 4.68
40.558096 4.68
40.593471 4.68
40.604221 4.68
40.634876 4.68
40.645597 4.68
40.676097 4.68
40.686864 4.68
40.717097 4.68
40.727865 4.68
40.758222 4.68
40.769097 4.68
40.804472 4.68
40.815223 4.68
40.845598 4.68
40.861599 4.68
40.887115 4.68
40.903113 4.68
40.928099 4.68
40.938867 4.68
40.969099 4.68
40.979865 4.68
41.010099 4.68
41.020867 4.68
41.051099 4.68
41.061864 4.68
41.092225 4.68
41.102974 4.68
41.134974 4.68
41.145724 4.68
41.175973 4.68
41.191849 4.68
41.216974 4.68
41.232849 4.68
41.257975 4.68
41.273850 4.68
41.298975 4.68
41.314849 4.68
41.339975 4.68
41.355850 4.68
41.380975 4.68
41.396850 4.68
41.421976 4.68
41.437851 4.68
41.462976 4.68
41.478851 4.68
41.503976 4.68
41.519852 4.68
41.544976 4.68
41.560852 4.68
41.585977 4.68
41.601852 4.68
41.626977 4.68
41.642852 4.68
41.667977 4.68
41.683852 4.68
41.708977 4.68
41.724853 4.68
41.749978 4.68
41.765853 4.68
41.790978 4.68
41.806854 4.68
41.831979 4.68
41.847854 4.68
41.872979 4.68
41.888854 4.68
41.913979 4.68
41.929854 4.68
41.954980 4.68
41.970854 4.68
41.995980 4.68
42.011855 4.68
42.036980 4.68
42.052855 4.68
42.077980 4.68
42.093856 4.68
42.118981 4.68
42.134856 4.68
42.159981 4.68
42.175856 4.68
42.200981 4.68
42.216856 4.68
42.241981 4.68
42.257857 4.68
42.282982 4.68
42.298857 4.68
42.323982 4.68
42.339857 4.68
42.364982 4.68
42.380858 4.68
42.405983 4.68
42.421858 4.68
42.446983 4.68
42.462858 4.68
42.487984 4.68
42.503858 4.68
42.528984 4.68
42.539734 4.68
42.570126 4.68
42.580876 4.68
42.611235 4.68
42.622127 4.68
42.657485 4.68
42.673361 4.68
42.698888 4.68
42.714763 4.68
42.740236 4.68
42.751111 4.68
42.786487 4.68
42.802362 4.68
42.827889 4.68
42.843890 4.68
42.869112 4.68
42.879880 4.68
42.910238 4.68
42.921113 4.68
42.956488 4.68
42.972488 4.68
42.997892 4.68
43.013767 4.68
43.039239 4.68
43.050114 4.68
43.085489 4.68
43.101364 4.68
43.126894 4.68
43.142768 4.68
43.168115 4.68
43.178882 4.68
43.209115 4.68
43.219884 4.68
43.250115 4.68
43.260882 4.68
43.291115 4.68
43.301884 4.68
43.332241 4.68
43.343116 4.68
43.378491 4.68
43.394366 4.68
43.419894 4.68
43.435896 4.68
43.462868 4.68
43.473617 4.68
43.504242 4.68
43.515117 4.68
43.550492 4.68
43.566367 4.68
43.592010 4.68
43.607885 4.68
43.634869 4.68
43.645619 4.68
43.676134 4.68
43.686895 4.68
43.717119 4.68
43.727886 4.68
43.759870 4.68
43.770619 4.68
43.802870 4.68
43.813619 4.68
43.844137 4.68
43.854886 4.68
43.886871 4.68
43.897620 4.68
43.928137 4.68
43.938887 4.68
43.970871 4.68
43.981621 4.68
44.012138 4.68
44.022885 4.68
44.054872 4.68
44.065621 4.68
44.097892 4.68
44.108621 4.68
44.138870 4.68
44.154745 4.68
44.179871 4.68
44.195746 4.68
44.220870 4.68
44.236746 4.68
44.261871 4.68
44.277747 4.68
44.302871 4.68
44.318746 4.68
44.343872 4.68
44.359746 4.68
44.384872 4.68
44.400747 4.68
44.425872 4.68
44.441747 4.68
44.466872 4.68
44.482748 4.68
44.507873 4.68
44.523748 4.68
44.548873 4.68
44.564748 4.68
44.589873 4.68
44.605748 4.68
44.630874 4.68
44.646749 4.68
44.671874 4.68
44.687749 4.68
44.712874 4.68
44.728749 4.68
44.753874 4.68
44.769750 4.68
44.794875 4.68
44.810750 4.68
44.835875 4.68
44.851751 4.68
44.876876 4.68
44.892750 4.68
44.917876 4.68
44.933751 4.68
44.958876 4.68
44.974751 4.68
44.999876 4.68
45.015752 4.68
45.040877 4.68
45.056752 4.68
45.081877 4.68
45.097752 4.68
45.122877 4.68
45.138752 4.68
45.163878 4.68
45.179753 4.68
45.204878 4.68
45.220753 4.68
45.245878 4.68
45.261753 4.68
45.286878 4.68
45.302754 4.68
45.327879 4.68
45.338629 4.68
45.368879 4.68
45.384754 4.68
45.409879 4.68
45.420630 4.68
45.450880 4.68
45.461630 4.68
45.491880 4.68
45.502631 4.68
45.532880 4.68
45.543631 4.68
45.573881 4.68
45.584631 4.68
45.614881 4.68
45.625631 4.68
45.655881 4.68
45.666632 4.68
45.696881 4.68
45.707632 4.68
45.737882 4.68
45.748632 4.68
45.778882 4.68
45.789632 4.68
45.819882 4.68
45.830633 4.68
45.860882 4.68
45.871633 4.68
45.901883 4.68
45.912633 4.68
45.942883 4.68
45.953634 4.68
45.983884 4.68
45.994634 4.68
46.024884 4.68
46.035634 4.68
46.065884 4.68
46.076634 4.68
46.106884 4.68
46.117634 4.68
46.147885 4.68
46.158635 4.68
46.188901 4.68
46.199636 4.68
46.235511 4.68
46.246386 4.68
46.276915 4.68
46.287791 4.68
46.323387 4.68
46.339387 4.68
46.367791 4.68
46.383902 4.68
46.409029 4.68
46.419778 4.68
46.455388 4.68
46.471388 4.68
46.496638 4.68
46.507388 4.68
46.537919 4.68
46.548790 4.68
46.584264 4.68
46.595029 4.68
46.625389 4.68
46.641264 4.68
46.666793 4.68
46.696640 4.68
46.707390 4.68
46.737792 4.68
46.753640 4.68
46.779033 4.68
46.789795 4.68
46.825391 4.68
46.841391 4.68
46.866641 4.68
46.877391 4.68
46.907795 4.68
46.923795 4.68
46.949034 4.68
46.959796 4.68
46.995267 4.68
47.007796 4.68
47.036392 4.68
47.052392 4.68
47.077643 4.68
47.090143 4.68
47.118919 4.68
47.129670 4.68
47.165526 4.68
47.176268 4.68
47.206922 4.68
47.217798 4.68
47.253394 4.68
47.269394 4.68
47.294673 4.68
47.310798 4.68
47.341394 4.68
47.357522 4.68
47.382675 4.68
47.395270 4.68
47.424038 4.68
47.434798 4.68
47.470395 4.68
47.486395 4.68
47.511675 4.68
47.527799 4.68
47.552800 4.68
47.568675 4.68
47.599396 4.68
47.615396 4.68
47.640525 4.68
47.651397 4.68
47.682040 4.68
47.692799 4.68
47.723272 4.68
47.739272 4.68
47.764397 4.68
47.775147 4.68
47.805676 4.68
47.821801 4.68
47.852397 4.68
47.868273 4.68
47.893677 4.68
47.909803 4.68
47.940399 4.68
47.951149 4.68
47.981677 4.68
47.997801 4.68
48.028399 4.68
48.039274 4.68
48.069803 4.68
48.080677 4.68
48.116400 4.68
48.127150 4.68
48.157803 4.68
48.168532 4.68
48.204276 4.68
48.220401 4.68
48.245401 4.68
48.256276 4.68
48.286803 4.68
48.297678 4.68
48.333401 4.68
48.344276 4.68
48.374805 4.68
48.385680 4.68
48.421402 4.68
48.432152 4.68
48.462679 4.68
48.478681 4.68
48.509402 4.68
48.520153 4.68
48.550806 4.68
48.561531 4.68
48.597403 4.68
48.608278 4.68
48.638681 4.68
48.654808 4.68
48.685404 4.68
48.696154 4.68
48.726683 4.68
48.742806 4.68
48.768047 4.68
48.778808 4.68
48.809155 4.68
48.820048 4.68
48.850280 5.00
48.866280 4.68
48.891406 4.68
48.902156 4.68
48.932685 4.68
48.948683 4.68
48.979406 4.68
48.990281 4.68
49.020684 4.68
49.036536 4.68
49.067406 4.68
49.078282 5.00
49.108686 4.68
49.124686 4.68
49.155408 4.68
49.166282 4.68
49.196686 4.68
49.212811 4.68
49.238053 4.68
49.248800 4.68
49.279283 4.68
49.295408 4.68
49.320408 4.68
49.331159 5.00
49.361688 5.00
49.377689 4.68
49.408284 4.68
49.424409 4.68
49.449409 4.68
49.460160 4.68
49.490688 4.68
49.506812 4.68
49.537410 4.68
49.548160 4.68
49.578814 5.00
49.589689 5.00
49.625286 4.68
49.641411 4.68
49.666411 4.68
49.677160 4.68
49.707690 4.68
49.723692 4.68
49.754412 4.68
49.765287 4.68
49.795690 4.68
49.811690 5.00
49.842287 5.00
49.858413 4.68
49.883413 4.68
49.894288 4.68
49.924691 4.68
49.940693 4.68
49.966055 4.68
49.976805 4.68
50.007164 4.68
50.019664 4.68
50.048164 4.68
50.060665 5.00
50.089164 4.68
50.100056 4.68
50.130290 4.68
50.146289 4.68
50.171415 4.68
50.182165 4.68
50.212817 4.68
50.223541 4.68
50.259290 4.68
50.275291 4.68
50.300415 5.00
50.311291 5.00
50.341692 4.68
50.357695 4.68
50.388416 4.68
50.399166 4.68
50.429820 4.68
50.440695 4.68
50.476417 4.68
50.487292 4.68
50.517543 4.68
50.530057 5.00
50.560543 5.00
50.571417 4.68
50.601820 5.00
50.612543 4.68
50.648168 4.68
50.660544 4.68
50.689168 4.68
50.701545 4.68
50.730294 4.68
50.741169 4.68
50.771419 5.00
50.782169 5.00
50.812704 5.00
50.823419 4.68
50.859170 4.68
50.871546 4.68
50.900170 4.68
50.916295 4.68
50.941295 4.68
50.952170 4.68
50.982421 4.68
50.993170 4.68
51.023700 5.00
51.034547 5.00
51.065171 4.68
51.081171 4.68
51.106172 4.68
51.122171 4.68
51.147171 4.68
51.163297 4.68
51.188297 4.68
51.199047 4.68
51.229422 4.68
51.240172 4.68
51.270699 5.00
51.281422 5.00
51.317298 4.68
51.328048 4.68
51.358423 4.68
51.369173 4.68
51.399703 4.68
51.410550 4.68
51.446299 4.68
51.457049 4.68
51.487424 4.68
51.498174 5.00
51.528924 5.00
51.539701 5.00
51.570175 4.68
51.586300 5.00
51.611175 4.68
51.627300 4.68
51.652301 4.68
51.663175 4.68
51.693426 4.68
51.704175 4.68
51.734704 4.68
51.745552 5.00
51.776176 5.00
51.792301 4.68
51.817301 5.00
51.828176 5.00
51.858426 4.68
51.869177 4.68
51.899829 4.68
51.910553 4.68
51.941177 4.68
51.957303 4.68
51.982303 4.68
51.993053 5.00
52.023428 5.00
52.034178 4.68
52.064705 4.68
52.075428 4.68
52.111304 4.68
52.122179 4.68
52.152429 4.68
52.163179 4.68
52.193831 4.68
52.204709 4.68
52.235055 5.00
52.245822 5.00
52.276055 4.68
52.286822 4.68
52.317055 4.68
52.327820 4.68
52.358056 4.68
52.368824 4.68
52.399055 4.68
52.409824 4.68
52.440181 4.68
52.456306 4.68
52.481306 5.00
52.492182 4.68
52.522432 5.00
52.533307 4.68
52.563708 4.68
52.574432 5.00
52.610308 4.68
52.621057 5.00
52.651432 5.00
52.664074 4.68
52.692710 4.68
52.703433 5.00
52.739308 5.00
52.750183 5.00
52.780433 4.68
52.791309 4.68
52.823563 4.68
52.834434 4.68
52.870309 4.68
52.881060 4.68
52.911434 4.68
52.922184 4.68
52.954564 5.00
52.965435 5.00
52.997564 4.68
53.008435 4.68
53.040565 4.68
53.051435 4.68
53.083565 4.68
53.094436 4.68
53.126439 4.68
53.137185 4.68
53.167713 4.68
53.178436 5.00
53.214312 5.00
53.225186 4.68
53.255563 5.00
53.271716 4.68
53.302312 4.68
53.313187 4.68
53.343563 4.68
53.359563 4.68
53.390080 4.68
53.402442 4.68
53.431313 5.00
53.442064 5.00
53.472438 4.68
53.484831 4.68
53.513716 4.68
53.524593 4.68
53.555080 4.68
53.567467 4.68
53.596314 4.68
53.607064 4.68
53.637440 4.68
53.649957 4.68
53.678716 5.00
53.689440 5.00
53.720080 4.68
53.732444 4.68
53.761191 4.68
53.772065 4.68
53.802191 4.68
53.813066 4.68
53.843191 4.68
53.854066 4.68
53.884191 4.68
53.895066 4.68
53.925191 5.00
53.936067 5.00
53.966192 4.68
53.977067 5.00
54.007192 4.68
54.018068 4.68
54.048192 4.68
54.059068 4.68
54.089193 4.68
54.100067 4.68
54.130193 4.68
54.141068 4.68
54.171193 5.00
54.182068 4.68
54.212194 4.68
54.223069 4.68
54.253194 4.68
54.264069 4.68
54.294194 4.68
54.305070 4.68
54.335194 4.68
54.346070 4.68
54.376320 4.68
54.387070 5.00
54.417571 5.00
54.428445 4.68
54.464085 4.68
54.480086 4.68
54.505196 4.68
54.516071 4.68
54.546196 4.68
54.557071 4.68
54.587196 4.68
54.598071 4.68
54.628197 4.68
54.639089 5.00
54.669197 5.00
54.680072 5.00
54.710197 5.00
54.721072 4.68
54.751198 4.68
54.762073 4.68
54.792198 4.68
54.803073 5.00
54.833198 5.00
54.844073 4.68
54.874198 5.00
54.885073 5.00
54.915198 5.00
54.926074 4.68
54.956199 4.68
54.967074 5.00
54.997199 4.68
55.008075 4.68
55.038200 5.00
55.049075 4.68
55.079200 4.68
55.090075 4.68
55.120200 4.68
55.131075 5.00
55.161200 5.00
55.172075 4.68
55.202451 4.68
55.218451 4.68
55.243700 4.68
55.254451 4.68
55.290094 4.68
55.306093 4.68
55.331201 4.68
55.342077 4.68
55.372202 5.00
55.383077 5.00
55.413202 4.68
55.424077 4.68
55.454203 4.68
55.465078 4.68
55.495203 4.68
55.506078 4.68
55.536203 4.68
55.547078 4.68
55.577203 4.68
55.588079 4.68
55.618329 5.00
55.629079 5.00
55.659580 5.00
55.670454 4.68
55.706097 5.00
55.722098 4.68
55.747205 4.68
55.758080 4.68
55.788330 4.68
55.799080 4.68
55.829581 4.68
55.840455 4.68
55.871098 4.68
55.887096 4.68
55.912331 4.68
55.924846 4.68
55.953582 4.68
55.964456 4.68
55.995099 4.68
56.011099 4.68
56.036332 4.68
56.048707 4.68
56.077583 4.68
56.088457 5.00
56.119099 5.00
56.135207 5.00
56.160333 4.68
56.172723 4.68
56.201458 4.68
56.217458 4.68
56.248099 4.68
56.264100 4.68
56.289333 4.68
56.301724 4.68
56.330585 4.68
56.341459 5.00
56.372102 4.68
56.388099 4.68
56.413334 5.00
56.425728 4.68
56.454585 4.68
56.465459 4.68
56.501100 4.68
56.511851 4.68
56.542086 4.68
56.552975 4.68
56.583086 5.00
56.593851 5.00
56.624211 4.68
56.635086 4.68
56.665336 4.68
56.677728 4.68
56.706587 4.68
56.717461 4.68
56.748104 4.68
56.758855 4.68
56.789337 4.68
56.805212 4.68
56.830589 5.00
56.841463 5.00
56.872105 5.00
56.882856 4.68
56.913088 4.68
56.923980 5.00
56.954088 4.68
56.964838 4.68
56.995087 4.68
57.005837 4.68
57.036087 4.68
57.046838 4.68
57.077088 4.68
57.087838 4.68
57.118088 4.68
57.128838 4.68
57.159089 4.68
57.169838 4.68
57.200088 4.68
57.210839 4.68
57.241089 4.68
57.251839 4.68
57.282089 4.68
57.292839 5.00
57.323089 4.68
57.333840 4.68
57.364090 4.68
57.374840 4.68
57.405090 4.68
57.415840 4.68
57.446090 4.68
57.456841 4.68
57.487091 4.68
57.497841 4.68
57.528091 4.68
57.538841 5.00
57.569217 5.00
57.579967 4.68
57.610217 5.00
57.620967 4.68
57.651216 4.68
57.661967 4.68
57.692217 4.68
57.702967 4.68
57.733217 4.68
57.743968 4.68
57.774218 4.68
57.784968 5.00
57.815218 4.68
57.825968 4.68
57.856218 4.68
57.866968 4.68
57.897218 4.68
57.907969 4.68
57.938219 4.68
57.948969 4.68
57.979219 4.68
57.989970 4.68
58.020219 4.68
58.030970 5.00
58.061220 4.68
58.071970 4.68
58.102220 4.68
58.112970 4.68
58.143220 4.68
58.153970 4.68
58.184220 4.68
58.194971 4.68
58.225221 4.68
58.235971 4.68
58.266221 4.68
58.276972 5.00
58.307222 4.68
58.317972 4.68
58.348222 4.68
58.358972 4.68
58.389222 4.68
58.399972 4.68
58.430222 4.68
58.442723 4.68
58.471223 4.68
58.481973 4.68
58.512223 4.68
58.524724 5.00
58.553223 4.68
58.563974 4.68
58.594224 4.68
58.604974 4.68
58.635224 4.68
58.647724 4.68
58.676224 4.68
58.686974 4.68
58.717224 4.68
58.729725 4.68
58.758224 4.68
58.770601 5.00
58.799225 4.68
58.811600 4.68
58.840225 4.68
58.852601 4.68
58.881226 4.68
58.893601 4.68
58.922226 4.68
58.934602 4.68
58.963226 4.68
58.975602 4.68
59.004227 4.68
59.016602 4.68
59.045227 4.68
59.057603 4.68
59.086227 4.68
59.098603 4.68
59.127227 4.68
59.139603 4.68
59.168228 4.68
59.180603 4.68
59.209228 4.68
59.221604 4.68
59.250228 5.00
59.266103 5.00
59.291228 4.68
59.303605 4.68
59.332229 4.68
59.348104 4.68
59.373229 4.68
59.389104 4.68
59.414230 4.68
59.426605 4.68
59.455230 4.68
59.471105 4.68
59.496230 5.00
59.508606 4.68
59.537231 4.68
59.553106 4.68
59.578231 4.68
59.594106 4.68
59.619231 4.68
59.635105 4.68
59.660231 4.68
59.676106 4.68
59.701232 4.68
59.717106 4.68
59.742232 5.00
59.758107 4.68
59.783232 4.68
59.799107 4.68
59.824232 4.68
59.840108 4.68
59.865232 4.68
59.881108 4.68
59.906233 4.68
59.922108 4.68
59.947233 4.68
59.963108 5.00
59.988234 4.68
60.004108 4.68
60.029234 4.68
60.045109 4.68
60.070234 4.68
60.086109 4.68
60.111234 4.68
60.127110 4.68
60.152235 4.68
60.168110 4.68
60.193235 4.68
60.209110 5.00
60.234235 5.00
60.250110 5.00
60.275236 5.00
60.291111 4.68
60.316236 4.68
60.332111 4.68
60.357236 4.68
60.373111 5.00
60.398236 5.00
60.414112 4.68
60.439237 4.68
60.455112 5.00
60.480237 5.00
60.496112 4.68
60.521237 4.68
60.537113 4.68
60.562238 4.68
60.578113 4.68
60.603238 4.68
60.619113 4.68
60.644238 4.68
60.660114 4.68
60.685239 4.68
60.701114 5.00
60.726239 5.00
60.742113 5.00
60.767239 4.68
60.783114 5.00
60.808240 4.68
60.824115 4.68
60.849240 4.68
60.865115 4.68
60.890240 4.68
60.906115 4.68
60.931240 4.68
60.947116 5.00
60.972241 5.00
60.988116 5.00
61.013241 5.00
61.029116 4.68
61.054241 4.68
61.070116 4.68
61.095241 4.68
61.111116 4.68
61.136242 4.68
61.152117 4.68
61.177242 5.00
61.193117 5.00
61.218242 4.68
61.234118 4.68
61.259243 4.68
61.275118 4.68
61.300243 4.68
61.316118 4.68
61.341243 4.68
61.357118 4.68
61.382243 5.00
61.398119 4.68
61.423244 5.00
61.439119 4.68
61.464244 4.68
61.480119 4.68
61.505244 4.68
61.521120 4.68
61.546245 4.68
61.562120 4.68
61.587245 4.68
61.603120 4.68
61.628246 4.68
61.644120 4.68
61.669246 5.00
61.685121 4.68
61.710245 4.68
61.726121 4.68
61.751246 4.68
61.767122 4.68
61.792246 4.68
61.808121 4.68
61.833247 4.68
61.849121 4.68
61.874247 4.68
61.890122 4.68
61.915247 5.00
61.931122 5.00
61.956247 4.68
61.972123 4.68
61.997248 4.68
62.013123 4.68
62.038248 4.68
62.054124 4.68
62.079248 4.68
62.095124 4.68
62.120249 4.68
62.136124 4.68
62.161249 5.00
62.177124 4.68
62.202250 4.68
62.218124 4.68
62.243250 4.68
62.259125 4.68
62.284250 4.68
62.300125 4.68
62.325250 4.68
62.336001 4.68
62.366251 4.68
62.377001 5.00
62.407251 5.00
62.418001 4.68
62.448251 4.68
62.459002 4.68
62.489251 4.68
62.500001 4.68
62.530252 4.68
62.541002 4.68
62.571252 4.68
62.582002 4.68
62.612252 4.68
62.623003 5.00
62.653253 4.68
62.664003 4.68
62.694253 4.68
62.705003 4.68
62.735254 4.68
62.746004 4.68
62.776254 4.68
62.787004 4.68
62.817253 4.68
62.828004 4.68
62.858254 4.68
62.869004 5.00
62.899254 5.00
62.910005 4.68
62.940255 4.68
62.951005 4.68
62.981255 4.68
62.992005 4.68
63.022255 4.68
63.033005 4.68
63.063255 4.68
63.074006 4.68
63.104256 4.68
63.115006 4.68
63.145256 4.68
63.156007 4.68
63.186256 4.68
63.197007 4.68
63.227257 4.68
63.238007 4.68
63.268257 4.68
63.279007 4.68
63.309257 4.68
63.320007 4.68
63.355383 5.00
63.366133 4.68
63.396383 4.68
63.407133 4.68
63.445635 4.68
63.456383 4.68
63.486636 4.68
63.497385 4.68
63.527903 4.68
63.538636 4.68
63.569261 4.68
63.585136 5.00
63.610386 5.00
63.621136 4.68
63.656788 4.68
63.672790 4.68
63.698028 4.68
63.708779 4.68
63.739262 4.68
63.755262 4.68
63.780387 4.68
63.791262 4.68
63.826791 4.68
63.842638 5.00
63.868029 5.00
63.880513 5.00
63.909388 5.00
63.920263 5.00
63.950790 4.68
63.966639 4.68
63.992029 4.68
64.004522 4.68
64.035167 4.68
64.045908 4.68
64.078169 5.00
64.088906 4.68
64.121171 4.68
64.131906 4.68
64.164170 4.68
64.174906 4.68
64.207171 4.68
64.217907 4.68
64.250169 4.68
64.260908 4.68
64.293169 4.68
64.303906 5.00
64.336171 5.00
64.346910 5.00
64.379169 4.68
64.389909 4.68
64.425524 4.68
64.436392 4.68
64.466909 4.68
64.477672 4.68
64.508033 4.68
64.520524 4.68
64.549268 5.00
64.560143 5.00
64.595527 5.00
64.606393 4.68
64.636798 4.68
64.647527 4.68
64.678144 4.68
64.694269 4.68
64.719269 4.68
64.730035 4.68
64.765522 4.68
64.790037 5.00
64.819395 4.68
64.830145 4.68
64.865672 4.68
64.881672 4.68
64.907164 4.68
64.923146 4.68
64.953523 4.68
64.969523 4.68
64.995038 4.68
65.011037 4.68
65.036146 5.00
65.052147 5.00
65.077146 5.00
65.088039 4.68
65.118147 4.68
65.129040 4.68
65.159272 4.68
65.170038 4.68
65.205524 4.68
65.221526 4.68
65.247040 4.68
65.263040 4.68
65.288148 5.00
65.304148 4.68
65.329149 4.68
65.340040 4.68
65.370149 4.68
65.381042 4.68
65.411274 4.68
65.422149 4.68
65.457528 4.68
65.473529 4.68
65.499042 4.68
65.515040 5.00
65.540167 4.68
65.556150 4.68
65.581150 4.68
65.592042 4.68
65.622150 4.68
65.633044 4.68
65.663276 4.68
65.674151 4.68
65.709530 4.68
65.725531 4.68
65.751044 4.68
65.767043 5.00
65.792152 4.68
65.808152 4.68
65.833152 4.68
65.844045 4.68
65.874152 4.68
65.885042 4.68
65.915153 4.68
65.926043 4.68
65.956153 4.68
65.967045 4.68
65.997153 4.68
66.008046 5.00
66.038154 5.00
66.049046 4.68
66.079153 4.68
66.090044 4.68
66.120154 4.68
66.131044 4.68
66.161154 4.68
66.172044 4.68
66.202280 4.68
66.213155 4.68
66.248531 4.68
66.264530 4.68
66.289810 4.68
66.300683 4.68
66.331155 4.68
66.347046 4.68
66.372156 4.68
66.383031 4.68
66.413282 4.68
66.424046 4.68
66.459538 4.68
66.475686 4.68
66.501050 4.68
66.517048 4.68
66.542157 4.68
66.558157 4.68
66.583157 4.68
66.594049 4.68
66.624157 4.68
66.635048 4.68
66.665283 4.68
66.676048 4.68
66.711544 4.68
66.727687 5.00
66.752812 5.00
66.763534 4.68
66.794159 4.68
66.810049 4.68
66.835284 4.68
66.846159 4.68
66.881535 4.68
66.897535 4.68
66.923052 4.68
66.939049 4.68
66.964160 4.68
66.975050 5.00
67.005161 4.68
67.016036 4.68
67.046286 4.68
67.057052 4.68
67.092537 4.68
67.108537 4.68
67.134052 4.68
67.150054 4.68
67.175162 4.68
67.186055 4.68
67.216287 5.00
67.227162 5.00
67.262538 4.68
67.278541 4.68
67.303817 4.68
67.314693 4.68
67.345054 4.68
67.361163 4.68
67.386038 4.68
67.396803 4.68
67.427038 4.68
67.443054 5.00
67.468056 4.68
67.478931 4.68
67.509289 4.68
67.520039 4.68
67.555577 4.68
67.571540 4.68
67.597057 4.68
67.613165 4.68
67.638040 4.68
67.648807 4.68
67.679040 4.68
67.689806 5.00
67.720165 5.00
67.731058 4.68
67.761166 4.68
67.772041 4.68
67.802166 4.68
67.813041 4.68
67.843291 4.68
67.854166 4.68
67.889542 4.68
67.905542 4.68
67.931057 5.00
67.947060 5.00
67.972167 5.00
67.983057 4.68
68.013168 4.68
68.024043 4.68
68.054168 4.68
68.065043 4.68
68.095168 4.68
68.106061 4.68
68.136169 4.68
68.147043 4.68
68.177169 4.68
68.188043 4.68
68.218169 4.68
68.229045 4.68
68.259294 4.68
68.270044 4.68
68.305546 4.68
68.321549 4.68
68.347060 4.68
68.363062 4.68
68.388045 4.68
68.398812 5.00
68.429046 5.00
68.439938 5.00
68.470046 5.00
68.480813 4.68
68.511047 5.00
68.521814 4.68
68.552172 4.68
68.563065 4.68
68.593172 4.68
68.604047 4.68
68.634172 4.68
68.645062 4.68
68.675172 4.68
68.686048 4.68
68.716172 4.68
68.727048 4.68
68.757173 4.68
68.768048 4.68
68.798173 4.68
68.809048 4.68
68.839174 4.68
68.850049 4.68
68.880174 4.68
68.891049 5.00
68.921174 5.00
68.932067 4.68
68.962174 4.68
68.973049 4.68
69.003175 4.68
69.014050 4.68
69.044175 4.68
69.055050 4.68
69.086926 4.68
69.097704 4.68
69.128176 5.00
69.139068 4.68
69.170927 4.68
69.181704 4.68
69.212070 4.68
69.222818 4.68
69.253051 4.68
69.263820 4.68
69.294052 4.68
69.304820 4.68
69.335052 4.68
69.345820 4.68
69.376177 5.00
69.387052 4.68
69.418928 4.68
69.429831 4.68
69.461928 4.68
69.472708 4.68
69.503053 4.68
69.513822 4.68
69.544071 4.68
69.554820 4.68
69.590429 4.68
69.606429 5.00
69.631945 4.68
69.647948 5.00
69.678570 4.68
69.689430 4.68
69.720070 4.68
69.730823 4.68
69.766556 4.68
69.777430 4.68
69.808072 4.68
69.818822 4.68
69.849181 4.68
69.860056 4.68
69.891932 4.68
69.902833 4.68
69.933182 4.68
69.944074 4.68
69.979307 4.68
69.990182 4.68
70.020432 4.68
70.032933 4.68
70.061709 4.68
70.072558 4.68
70.103075 5.00
70.113826 4.68
70.149432 4.68
70.165308 4.68
70.190711 4.68
70.201434 4.68
70.232077 4.68
70.242825 4.68
70.278308 4.68
70.289184 4.68
70.319435 4.68
70.335309 5.00
70.360836 5.00
70.376838 4.68
70.402185 4.68
70.413076 4.68
70.448435 4.68
70.464310 4.68
70.489715 4.68
70.500561 4.68
70.531203 4.68
70.542076 4.68
70.572435 4.68
70.588436 5.00
70.613716 5.00
70.624562 4.68
70.655078 4.68
70.665827 4.68
70.696187 4.68
70.707062 4.68
70.742437 4.68
70.758437 4.68
70.783716 4.68
70.794437 4.68
70.825077 5.00
70.835829 5.00
70.871313 5.00
70.882189 4.68
70.912439 4.68
70.928313 4.68
70.953718 4.68
70.964439 4.68
70.995081 4.68
71.005831 4.68
71.041314 4.68
71.052189 4.68
71.082440 5.00
71.098440 4.68
71.123845 4.68
71.139843 4.68
71.165081 4.68
71.175969 4.68
71.206084 4.68
71.216831 4.68
71.252316 4.68
71.263065 4.68
71.293441 4.68
71.309316 5.00
71.334721 5.00
71.345442 4.68
71.376084 4.68
71.386834 4.68
71.417067 4.68
71.427835 4.68
71.458067 4.68
71.468835 4.68
71.499068 4.68
71.509836 4.68
71.540084 4.68
71.550833 4.68
71.581443 4.68
71.597444 4.68
71.622693 4.68
71.633444 4.68
71.664084 4.68
71.674835 4.68
71.710319 4.68
71.721069 4.68
71.751570 4.68
71.762444 4.68
71.793088 5.00
71.803838 4.68
71.839320 4.68
71.850070 4.68
71.880571 4.68
71.891445 4.68
71.921850 4.68
71.937850 4.68
71.963089 4.68
71.973836 4.68
72.004071 4.68
72.014838 4.68
72.045072 5.00
72.055837 5.00
72.086072 4.68
72.096840 4.68
72.127072 4.68
72.137838 4.68
72.168073 4.68
72.178840 4.68
72.209073 4.68
72.219838 4.68
72.250073 4.68
72.260841 4.68
72.291074 5.00
72.301841 4.68
72.333825 4.68
72.344574 4.68
72.376825 4.68
72.387575 4.68
72.418092 4.68
72.428841 4.68
72.460825 4.68
72.471575 4.68
72.503826 4.68
72.514576 4.68
72.545093 4.68
72.555969 4.68
72.587843 4.68
72.598593 4.68
72.630843 4.68
72.641701 4.68
72.673856 4.68
72.684606 4.68
72.716843 4.68
72.727701 4.68
72.759844 5.00
72.770607 5.00
72.802857 5.00
72.813702 4.68
72.845857 4.68
72.856608 4.68
72.888857 4.68
72.899703 4.68
72.931731 4.68
72.942453 4.68
72.973094 4.68
72.983969 4.68
73.019329 5.00
73.031733 4.68
73.060607 4.68
73.071454 4.68
73.102096 4.68
73.112972 4.68
73.143330 4.68
73.155722 4.68
73.184610 4.68
73.195455 4.68
73.225971 4.68
73.236705 5.00
73.272330 4.68
73.284706 4.68
73.313598 4.68
73.324456 4.68
73.355098 4.68
73.365849 4.68
73.396331 4.68
73.412331 4.68
73.437611 4.68
73.448456 4.68
73.478974 4.68
73.489707 4.68
73.525457 4.68
73.536332 4.68
73.566984 4.68
73.577973 4.68
73.608332 4.68
73.624208 4.68
73.649610 4.68
73.660458 4.68
73.690973 4.68
73.701725 4.68
73.737459 5.00
73.748334 4.68
73.778863 4.68
73.789736 4.68
73.825334 4.68
73.841335 4.68
73.866585 4.68
73.877459 4.68
73.908103 4.68
73.918851 4.68
73.949335 4.68
73.965210 4.68
73.990586 4.68
74.001460 4.68
74.031863 4.68
74.042586 4.68
74.078336 4.68
74.094461 4.68
74.122587 4.68
74.133461 4.68
74.164104 4.68
74.174855 4.68
74.205337 5.00
74.221212 4.68
74.246588 4.68
74.257462 4.68
74.288105 4.68
74.298856 4.68
74.334462 4.68
74.345213 4.68
74.375867 4.68
74.386589 4.68
74.422464 4.68
74.433339 4.68
74.463979 4.68
74.474731 4.68
74.510215 4.68
74.521089 4.68
74.551340 4.68
74.567339 4.68
74.592590 4.68
74.603465 4.68
74.634109 4.68
74.644857 4.68
74.675340 4.68
74.691341 5.00
74.716466 4.68
74.727341 4.68
74.757871 4.68
74.768731 4.68
74.804216 4.68
74.815109 4.68
74.845341 4.68
74.861342 4.68
74.886593 4.68
74.897467 4.68
74.927871 4.68
74.938593 4.68
74.974467 4.68
74.985342 4.68
75.015872 4.68
75.026748 4.68
75.062344 4.68
75.078343 4.68
75.103594 4.68
75.114469 4.68
75.144870 4.68
75.155595 4.68
75.191344 4.68
75.207469 4.68
75.235749 4.68
75.251862 4.68
75.277113 4.68
75.287860 4.68
75.318344 4.68
75.334220 4.68
75.359596 4.68
75.372221 4.68
75.402721 4.68
75.413596 5.00
75.449346 5.00
75.465221 4.68
75.490597 4.68
75.501471 4.68
75.531988 4.68
75.542749 4.68
75.578472 4.68
75.589472 4.68
75.619991 4.68
75.630989 5.00
75.666348 5.00
75.682347 4.68
75.707628 4.68
75.723751 4.68
75.750754 4.68
75.761629 4.68
75.793599 4.68
75.804473 4.68
75.834750 4.68
75.850600 4.68
75.881349 4.68
75.897224 5.00
75.922600 4.68
75.935100 4.68
75.963755 4.68
75.979866 4.68
76.006601 4.68
76.017475 4.68
76.047878 4.68
76.058601 4.68
76.094350 4.68
76.110226 4.68
76.138753 4.68
76.154742 4.68
76.185351 4.68
76.196101 4.68
76.226602 4.68
76.239117 4.68
76.269603 4.68
76.280477 4.68
76.310882 4.68
76.321755 4.68
76.352227 4.68
76.368227 5.00
76.393353 4.68
76.404227 4.68
76.434631 4.68
76.450757 4.68
76.481353 4.68
76.492103 4.68
76.522479 4.68
76.533353 4.68
76.563881 4.68
76.574605 4.68
76.605104 5.00
76.615873 5.00
76.646105 4.68
76.656871 4.68
76.687105 4.68
76.697872 4.68
76.728105 4.68
76.738873 4.68
76.769105 4.68
76.779874 4.68
76.810231 4.68
76.826356 4.68
76.851356 5.00
76.862106 5.00
76.892635 4.68
76.908759 4.68
76.939356 4.68
76.950232 4.68
76.980608 4.68
76.996607 4.68
77.027358 4.68
77.038107 4.68
77.068483 4.68
77.079232 4.68
77.109887 5.00
77.120608 5.00
77.151233 4.68
77.167358 4.68
77.192358 4.68
77.203109 4.68
77.233609 4.68
77.249761 4.68
77.280359 4.68
77.291234 4.68
77.321610 4.68
77.337610 5.00
77.362887 5.00
77.373610 4.68
77.404110 4.68
77.414877 4.68
77.445235 4.68
77.461236 4.68
77.486361 4.68
77.497111 4.68
77.527640 4.68
77.543766 4.68
77.574361 4.68
77.585236 5.00
77.615612 5.00
77.631766 5.00
77.662362 4.68
77.673112 4.68
77.703613 4.68
77.719613 4.68
77.750362 4.68
77.761113 4.68
77.791613 4.68
77.807767 4.68
77.832892 4.68
77.843766 4.68
77.874113 4.68
77.884879 4.68
77.915239 4.68
77.931363 4.68
77.956364 4.68
77.967114 4.68
77.997615 4.68
78.013615 4.68
78.044365 4.68
78.055115 5.00
78.085615 4.68
78.101767 4.68
78.126895 4.68
78.137768 4.68
78.168116 4.68
78.178882 4.68
78.209241 4.68
78.225365 4.68
78.250366 4.68
78.261116 4.68
78.291491 4.68
78.304116 5.00
78.334621 4.68
78.345492 4.68
78.377621 4.68
78.388492 4.68
78.418773 4.68
78.429618 4.68
78.465368 4.68
78.476243 4.68
78.506618 4.68
78.522771 4.68
78.553368 5.00
78.564243 4.68
78.594493 4.68
78.605368 4.68
78.637530 4.68
78.648244 4.68
78.684369 4.68
78.695119 4.68
78.725649 4.68
78.741772 4.68
78.772370 4.68
78.783120 4.68
78.813636 4.68
78.829775 4.68
78.860136 4.68
78.872499 4.68
78.901371 4.68
78.912121 4.68
78.942622 4.68
78.958776 4.68
78.989372 4.68
79.000247 4.68
79.030622 5.00
79.046775 4.68
79.071775 4.68
79.082497 4.68
79.113137 4.68
79.129139 4.68
79.154373 4.68
79.165123 4.68
79.195623 4.68
79.206498 4.68
79.242140 4.68
79.258141 5.00
79.283373 4.68
79.294123 4.68
79.324625 4.68
79.335499 4.68
79.365778 4.68
79.376499 4.68
79.407141 4.68
79.423141 4.68
79.448375 4.68
79.459124 4.68
79.489626 4.68
79.500499 5.00
79.536140 5.00
79.552140 4.68
79.577375 4.68
79.588250 4.68
79.618627 4.68
79.629501 4.68
79.659781 4.68
79.670627 4.68
79.701143 4.68
79.717143 4.68
79.742376 5.00
79.753126 5.00
79.783627 4.68
79.794502 4.68
79.830145 4.68
79.846142 4.68
79.871378 4.68
79.882128 4.68
79.912629 4.68
79.923503 4.68
79.959144 4.68
79.975147 4.68
80.000378 5.00
80.011129 5.00
80.041504 4.68
80.057504 4.68
80.088148 4.68
80.104147 4.68
80.129379 4.68
80.140255 4.68
80.170631 4.68
80.181505 4.68
80.217147 4.68
80.233148 4.68
80.258380 4.68
80.269256 4.68
80.299660 4.68
80.310381 4.68
80.346148 4.68
80.362148 4.68
80.387381 4.68
80.398131 4.68
80.428506 4.68
80.444507 4.68
80.469786 5.00
80.480632 5.00
80.511132 5.00
80.527149 4.68
80.552133 4.68
80.568152 4.68
80.593258 4.68
80.604022 4.68
80.634383 4.68
80.645133 4.68
80.675633 4.68
80.686383 4.68
80.722151 5.00
80.738259 5.00
80.763383 4.68
80.774134 4.68
80.804635 4.68
80.815385 4.68
80.851152 4.68
80.867153 4.68
80.892385 4.68
80.903260 4.68
80.933636 4.68
80.944385 5.00
80.980150 5.00
80.996152 4.68
81.021386 4.68
81.033902 4.68
81.062789 4.68
81.073511 4.68
81.104028 4.68
81.114778 4.68
81.145262 4.68
81.161137 4.68
81.186387 5.00
81.198904 4.68
81.229524 5.00
81.259156 4.68
81.275154 5.00
81.300388 4.68
81.311138 4.68
81.343526 5.00
81.354388 4.68
81.390154 4.68
81.406155 4.68
81.431389 4.68
81.443780 4.68
81.474393 4.68
81.485139 4.68
81.517393 4.68
81.528265 4.68
81.560420 4.68
81.571265 4.68
81.607157 4.68
81.623158 4.68
81.648390 4.68
81.660794 5.00
81.691420 5.00
81.702141 4.68
81.738158 4.68
81.754160 4.68
81.779391 4.68
81.791783 4.68
81.822420 4.68
81.833267 4.68
81.869160 4.68
81.879909 4.68
81.910142 5.00
81.920907 4.68
81.951142 4.68
81.961910 4.68
81.992143 4.68
82.002910 4.68
82.033143 4.68
82.043908 4.68
82.074144 4.68
82.084909 5.00
82.115144 4.68
82.125912 4.68
82.156144 5.00
82.166909 5.00
82.197144 5.00
82.208034 5.00
82.238270 5.00
82.249036 4.68
82.279395 4.68
82.295395 5.00
82.320672 4.68
82.331523 4.68
82.362161 4.68
82.373038 4.68
82.403395 5.00
82.419395 5.00
82.444523 4.68
82.455396 4.68
82.491271 4.68
82.502146 4.68
82.532397 4.68
82.548397 4.68
82.573675 4.68
82.584526 4.68
82.615041 4.68
82.631037 4.68
82.656273 4.68
82.667148 4.68
82.697398 4.68
82.713398 4.68
82.744040 4.68
82.760041 4.68
82.785274 4.68
82.796039 4.68
82.826399 4.68
82.842398 4.68
82.867676 4.68
82.878527 4.68
82.909150 4.68
82.920042 4.68
82.950275 4.68
82.961041 4.68
82.991400 4.68
83.007400 4.68
83.038041 4.68
83.054043 4.68
83.079151 4.68
83.090042 4.68
83.120151 5.00
83.131043 4.68
83.161276 4.68
83.172045 4.68
83.202401 4.68
83.218402 4.68
83.243681 4.68
83.254531 4.68
83.285152 4.68
83.296042 4.68
83.326152 4.68
83.337045 4.68
83.367278 5.00
83.378043 4.68
83.408403 4.68
83.424403 4.68
83.449680 4.68
83.460531 4.68
83.496046 4.68
83.511921 4.68
83.537279 4.68
83.548046 4.68
83.578404 4.68
83.594279 4.68
83.619683 4.68
83.630405 4.68
83.661155 4.68
83.672045 4.68
83.702155 4.68
83.713045 4.68
83.743281 4.68
83.754047 4.68
83.784406 4.68
83.800406 4.68
83.827429 4.68
83.838156 5.00
83.869049 5.00
83.885049 4.68
83.910157 4.68
83.921048 4.68
83.951282 4.68
83.963810 4.68
83.992407 4.68
84.008408 4.68
84.033534 4.68
84.044407 4.68
84.075051 5.00
84.091048 5.00
84.116283 5.00
84.127051 4.68
84.157408 4.68
84.173409 4.68
84.200413 4.68
84.211159 4.68
84.243288 4.68
84.254159 4.68
84.284409 4.68
84.300409 4.68
84.334053 5.00
84.350051 4.68
84.375160 4.68
84.386051 4.68
84.416160 4.68
84.427036 4.68
84.457161 4.68
84.468052 4.68
84.498161 4.68
84.509036 4.68
84.539161 4.68
84.550051 5.00
84.580286 4.68
84.592688 4.68
84.621412 4.68
84.637286 4.68
84.664291 4.68
84.675162 4.68
84.705412 4.68
84.716163 4.68
84.751818 4.68
84.762539 4.68
84.793056 5.00
84.803930 5.00
84.834288 4.68
84.846692 4.68
84.875414 4.68
84.886289 4.68
84.922054 4.68
84.932806 4.68
84.963289 4.68
84.979289 4.68
85.004414 4.68
85.015164 4.68
85.050807 5.00
85.066807 4.68
85.092055 4.68
85.102808 4.68
85.133290 4.68
85.149291 4.68
85.174415 4.68
85.185166 4.68
85.220806 4.68
85.231542 4.68
85.262058 4.68
85.272806 5.00
85.303291 5.00
85.319167 5.00
85.344416 5.00
85.355167 4.68
85.390819 4.68
85.406809 4.68
85.432058 4.68
85.442935 4.68
85.473168 4.68
85.484043 4.68
85.514168 4.68
85.525061 5.00
85.555293 4.68
85.571294 4.68
85.596418 4.68
85.607169 4.68
85.642812 4.68
85.653545 4.68
85.684169 4.68
85.695061 4.68
85.725170 4.68
85.736045 4.68
85.766170 4.68
85.777063 4.68
85.807170 4.68
85.818045 4.68
85.848170 4.68
85.859045 4.68
85.889171 4.68
85.900046 4.68
85.930171 4.68
85.941046 4.68
85.971171 4.68
85.982047 4.68
86.012172 5.00
86.023047 5.00
86.053172 5.00
86.064062 5.00
86.094172 4.68
86.105048 4.68
86.135172 4.68
86.146048 4.68
86.176298 4.68
86.192298 4.68
86.217422 4.68
86.228173 4.68
86.263825 5.00
86.274549 4.68
86.305173 4.68
86.316064 4.68
86.346174 4.68
86.357049 4.68
86.387174 4.68
86.398050 4.68
86.428175 4.68
86.439050 4.68
86.469175 4.68
86.480050 5.00
86.510175 5.00
86.521050 5.00
86.551175 4.68
86.562065 4.68
86.592176 4.68
86.603051 4.68
86.633176 4.68
86.644051 4.68
86.674176 4.68
86.686706 4.68
86.715177 4.68
86.726069 5.00
86.756177 4.68
86.768706 5.00
86.797427 4.68
86.808178 4.68
86.843821 4.68
86.856312 4.68
86.885178 4.68
86.896070 4.68
86.926178 5.00
86.938709 4.68
86.967178 4.68
86.979705 5.00
87.008179 5.00
87.020705 4.68
87.049179 4.68
87.061555 4.68
87.090304 4.68
87.106179 4.68
87.131430 4.68
87.142179 4.68
87.172834 4.68
87.185189 4.68
87.214180 5.00
87.226556 5.00
87.255180 4.68
87.267556 4.68
87.296181 4.68
87.308557 4.68
87.337181 4.68
87.349557 4.68
87.378181 4.68
87.390557 4.68
87.419182 4.68
87.431558 4.68
87.460307 5.00
87.476182 4.68
87.501432 4.68
87.512307 4.68
87.542836 4.68
87.558950 4.68
87.584183 4.68
87.600058 4.68
87.625308 4.68
87.636058 4.68
87.666433 4.68
87.677309 4.68
87.712835 5.00
87.728712 4.68
87.754077 4.68
87.764826 4.68
87.795310 4.68
87.811185 4.68
87.836435 4.68
87.847185 4.68
87.882827 4.68
87.898714 4.68
87.924075 4.68
87.934827 4.68
87.965186 4.68
87.981186 4.68
88.006186 4.68
88.022186 4.68
88.047312 4.68
88.058186 4.68
88.093704 4.68
88.109715 4.68
88.135077 4.68
88.145829 4.68
88.176312 5.00
88.187187 4.68
88.222705 4.68
88.238702 4.68
88.264077 4.68
88.274831 4.68
88.305188 4.68
88.321063 4.68
88.346313 4.68
88.357188 4.68
88.387439 4.68
88.398314 5.00
88.433843 4.68
88.449690 4.68
88.475064 4.68
88.485831 4.68
88.516065 4.68
88.526832 4.68
88.557065 4.68
88.567957 4.68
88.598065 4.68
88.608833 4.68
88.639066 4.68
88.649833 5.00
88.680066 4.68
88.690833 4.68
88.721066 4.68
88.731834 4.68
88.762066 4.68
88.772831 4.68
88.803067 4.68
88.813833 4.68
88.844067 4.68
88.854834 4.68
88.885068 4.68
88.895957 5.00
88.926068 4.68
88.936834 4.68
88.967068 4.68
88.977835 4.68
89.008068 4.68
89.018835 4.68
89.049069 4.68
89.059836 4.68
89.090068 4.68
89.100834 4.68
89.131069 4.68
89.141836 4.68
89.172069 4.68
89.182837 4.68
89.213070 4.68
89.223836 4.68
89.254084 4.68
89.264837 4.68
89.295070 4.68
89.305838 4.68
89.336070 4.68
89.346836 4.68
89.377071 4.68
89.387838 5.00
89.418071 4.68
89.428838 4.68
89.459071 4.68
89.469839 4.68
89.500072 4.68
89.510838 4.68
89.541072 4.68
89.553600 4.68
89.582087 4.68
89.594573 4.68
89.623197 5.00
89.639073 5.00
89.664198 4.68
89.680073 4.68
89.705198 4.68
89.721073 4.68
89.746198 4.68
89.762074 4.68
89.787199 4.68
89.803074 4.68
89.828199 4.68
89.844074 4.68
89.869199 4.68
89.885075 4.68
89.910200 4.68
89.926075 4.68
89.951200 4.68
89.967075 4.68
89.992200 4.68
90.008075 4.68
90.033200 4.68
90.044075 4.68
90.074201 4.68
90.084968 4.68
90.115201 5.00
90.126076 5.00
90.156202 4.68
90.167077 4.68
90.197202 4.68
90.208077 4.68
90.238201 4.68
90.249077 4.68
90.279202 4.68
90.290077 4.68
90.320203 4.68
90.331078 4.68
90.361203 4.68
90.372078 4.68
90.402203 4.68
90.413078 4.68
90.443328 4.68
90.454078 4.68
90.489722 4.68
90.505704 4.68
90.531097 4.68
90.547098 4.68
90.572080 4.68
90.584454 5.00
90.613205 4.68
90.629079 5.00
90.654330 5.00
90.665080 5.00
90.700724 4.68
90.716581 4.68
90.742095 4.68
90.758097 4.68
90.783206 4.68
90.799081 4.68
90.824331 5.00
90.835082 5.00
90.870582 4.68
90.886582 4.68
90.912100 4.68
90.928100 4.68
90.953332 4.68
90.964082 4.68
90.999583 4.68
91.015586 4.68
91.040860 4.68
91.051584 4.68
91.082083 4.68
91.098208 4.68
91.123084 4.68
91.139084 4.68
91.164084 4.68
91.180083 4.68
91.205209 4.68
91.221209 4.68
91.246334 4.68
91.257084 4.68
91.292725 4.68
91.308585 5.00
91.334210 4.68
91.350210 4.68
91.375335 4.68
91.386210 4.68
91.421727 4.68
91.437726 4.68
91.463102 4.68
91.479103 4.68
91.504211 4.68
91.520086 4.68
91.545337 4.68
91.556211 4.68
91.591587 4.68
91.607587 4.68
91.633102 4.68
91.649104 4.68
91.674338 4.68
91.685087 4.68
91.720729 4.68
91.736592 4.68
91.762213 4.68
91.778088 4.68
91.803338 5.00
91.814213 5.00
91.849744 4.68
91.865731 4.68
91.891105 4.68
91.907105 4.68
91.932214 4.68
91.948089 4.68
91.973339 4.68
91.984089 4.68
92.019732 4.68
92.035591 5.00
92.061108 4.68
92.077105 4.68
92.104091 4.68
92.114868 4.68
92.145091 4.68
92.161108 4.68
92.186216 4.68
92.202216 4.68
92.229092 4.68
92.239858 4.68
92.270091 4.68
92.286109 4.68
92.311092 4.68
92.327110 4.68
92.352092 4.68
92.368093 4.68
92.393092 4.68
92.409110 4.68
92.434093 4.68
92.450109 4.68
92.475218 4.68
92.486093 4.68
92.518094 5.00
92.528986 4.68
92.559219 4.68
92.570111 4.68
92.602094 4.68
92.612860 4.68
92.643095 4.68
92.659219 4.68
92.684094 4.68
92.700094 4.68
92.725220 4.68
92.736095 4.68
92.771470 4.68
92.782220 4.68
92.812985 4.68
92.825345 4.68
92.854221 4.68
92.865096 4.68
92.897001 4.68
92.907749 4.68
92.938221 4.68
92.949097 4.68
92.984472 4.68
92.995222 5.00
93.025876 4.68
93.036738 4.68
93.067097 4.68
93.077862 4.68
93.108223 4.68
93.119098 4.68
93.154473 4.68
93.165223 4.68
93.195875 4.68
93.206599 4.68
93.237223 4.68
93.248113 4.68
93.283474 4.68
93.294224 4.68
93.324878 4.68
93.335600 4.68
93.366224 4.68
93.377116 4.68
93.412475 4.68
93.423225 4.68
93.453992 4.68
93.470119 4.68
93.495100 5.00
93.505990 4.68
93.536226 4.68
93.547117 4.68
93.582476 4.68
93.593351 4.68
93.623880 4.68
93.634755 4.68
93.665227 4.68
93.676102 4.68
93.711477 4.68
93.722352 4.68
93.752880 4.68
93.763755 4.68
93.794103 4.68
93.804868 4.68
93.835103 4.68
93.845870 4.68
93.876228 4.68
93.887103 4.68
93.922478 4.68
93.933228 4.68
93.963883 5.00
93.974604 4.68
94.005229 4.68
94.016122 4.68
94.051479 4.68
94.062229 4.68
94.092881 4.68
94.103757 4.68
94.134230 4.68
94.145105 4.68
94.180480 4.68
94.191355 5.00
94.221882 4.68
94.232607 4.68
94.263106 4.68
94.273872 4.68
94.304106 4.68
94.314873 4.68
94.345107 4.68
94.355873 4.68
94.386107 4.68
94.396872 4.68
94.427107 4.68
94.437999 5.00
94.468232 5.00
94.479108 4.68
94.514483 4.68
94.525233 4.68
94.555885 4.68
94.566608 4.68
94.597109 4.68
94.607875 4.68
94.638109 4.68
94.648877 4.68
94.679234 4.68
94.690109 5.00
94.725484 4.68
94.736234 4.68
94.766886 4.68
94.779484 4.68
94.808235 4.68
94.819110 4.68
94.854485 4.68
94.866986 4.68
94.895888 4.68
94.908485 4.68
94.937111 5.00
94.947877 4.68
94.978111 4.68
94.988878 4.68
95.019111 4.68
95.029884 4.68
95.060237 4.68
95.071112 4.68
95.106487 4.68
95.118987 4.68
95.147890 4.68
95.160362 4.68
95.189113 4.68
95.199880 4.68
95.230238 4.68
95.241113 4.68
95.276488 4.68
95.288989 4.68
95.317892 4.68
95.330363 4.68
95.359114 4.68
95.370004 4.68
95.400239 4.68
95.411114 5.00
95.446489 4.68
95.462489 4.68
95.488005 4.68
95.503883 4.68
95.529132 4.68
95.539892 4.68
95.575632 4.68
95.586490 4.68
95.616893 4.68
95.629240 4.68
95.658241 5.00
95.669116 4.68
95.704491 4.68
95.716867 4.68
95.745894 4.68
95.761771 4.68
95.787117 4.68
95.798007 4.68
95.828242 4.68
95.839117 4.68
95.874492 4.68
95.890493 5.00
95.915772 4.68
95.926647 4.68
95.957133 4.68
95.968010 4.68
96.003493 4.68
96.019493 4.68
96.045010 4.68
96.061243 4.68
96.086134 4.68
96.096887 4.68
96.127120 4.68
96.137885 5.00
96.168119 4.68
96.178894 4.68
96.209120 4.68
96.219887 4.68
96.250120 4.68
96.260885 4.68
96.291120 4.68
96.301886 4.68
96.332245 4.68
96.343121 4.68
96.378495 4.68
96.394371 4.68
96.419901 4.68
96.435901 4.68
96.461247 4.68
96.472122 4.68
96.507497 4.68
96.523372 4.68
96.548902 4.68
96.564899 4.68
96.590122 4.68
96.600889 4.68
96.631123 5.00
96.641888 4.68
96.672123 4.68
96.682892 4.68
96.713248 4.68
96.724124 4.68
96.759498 4.68
96.775374 4.68
96.800900 4.68
96.816776 4.68
96.842124 4.68
96.852891 5.00
96.883249 4.68
96.894125 4.68
96.929500 4.68
96.945375 4.68
96.970902 4.68
96.986778 4.68
97.012126 4.68
97.022891 4.68
97.053126 4.68
97.063892 4.68
97.094126 4.68
97.104891 5.00
97.135127 4.68
97.145895 4.68
97.176127 4.68
97.186892 4.68
97.217127 4.68
97.227895 4.68
97.258252 4.68
97.269128 4.68
97.304503 4.68
97.320377 4.68
97.345907 5.00
97.361782 4.68
97.387253 4.68
97.398128 4.68
97.433503 4.68
97.449378 4.68
97.474782 4.68
97.487254 4.68
97.516145 4.68
97.526895 4.68
97.562505 4.68
97.578380 4.68
97.603910 4.68
97.619782 4.68
97.646881 4.68
97.657782 4.68
97.688130 4.68
97.698896 4.68
97.730881 4.68
97.741782 4.68
97.772023 4.68
97.782772 4.68
97.814882 4.68
97.825786 5.00
97.856024 4.68
97.866775 4.68
97.898882 4.68
97.909632 4.68
97.940024 4.68
97.950775 4.68
97.982883 4.68
97.993633 4.68
98.024025 4.68
98.034774 4.68
98.066884 4.68
98.077633 4.68
98.108025 4.68
98.118774 4.68
98.154508 4.68
98.170384 4.68
98.195901 4.68
98.211776 4.68
98.237026 4.68
98.247777 4.68
98.279885 4.68
98.290635 4.68
98.321027 5.00
98.331777 4.68
98.367385 4.68
98.379886 4.68
98.408636 4.68
98.419386 4.68
98.449903 4.68
98.465778 4.68
98.491026 4.68
98.501776 4.68
98.537261 4.68
98.548028 4.68
98.578386 4.68
98.594263 4.68
98.622789 4.68
98.638779 4.68
98.664029 4.68
98.674778 4.68
98.710388 4.68
98.726388 4.68
98.751638 4.68
98.762388 4.68
98.792903 5.00
98.808903 5.00
98.834031 4.68
98.844781 4.68
98.880513 4.68
98.891264 4.68
98.921916 4.68
98.932639 4.68
98.968389 4.68
98.984389 4.68
99.009640 4.68
99.020390 4.68
99.050907 4.68
99.061640 4.68
99.097390 4.68
99.113523 4.68
99.138640 4.68
99.149391 4.68
99.179907 4.68
99.190641 4.68
99.221034 4.68
99.231794 4.68
99.267266 4.68
99.278033 5.00
99.308392 4.68
99.324392 4.68
99.349794 4.68
99.365672 4.68
99.391143 4.68
99.401909 4.68
99.437527 4.68
99.448268 4.68
99.478910 4.68
99.489672 4.68
99.525526 4.68
99.536394 4.68
99.566921 4.68
99.577673 4.68
99.613526 4.68
99.624394 4.68
99.655037 4.68
99.665797 4.68
99.701522 4.68
99.712394 4.68
99.743038 4.68
99.753798 5.00
99.789523 4.68
99.800396 4.68
99.831037 4.68
99.841800 4.68
99.872146 4.68
99.883037 4.68
99.918396 4.68
99.934396 4.68
99.959677 4.68
99.970524 4.68
100.001164 4.68
100.012039 4.68
100.042397 4.68
100.058526 4.68
100.083677 4.68
100.094527 4.68
100.126803 4.68
100.137674 4.68
100.169802 4.68
100.180526 4.68
100.211149 4.68
100.222041 5.00
100.257274 4.68
100.268041 4.68
100.298399 4.68
100.314399 4.68
100.339678 4.68
100.350528 4.68
100.382792 4.68
100.393678 4.68
100.425793 4.68
100.436530 4.68
100.468806 4.68
100.479679 4.68
100.511776 4.68
100.522680 4.68
100.554807 4.68
100.565531 4.68
100.597806 4.68
100.608531 4.68
100.640805 4.68
100.651530 4.68
100.683805 4.68
100.694680 4.68
100.726807 5.00
100.737530 4.68
100.769806 4.68
100.780531 4.68
100.812807 4.68
100.823530 4.68
100.859403 4.68
100.875278 4.68
100.900682 4.68
100.913278 4.68
100.942044 4.68
100.952807 4.68
100.988530 4.68
100.999404 4.68
101.030046 4.68
101.040809 4.68
101.076405 4.68
101.092404 4.68
101.117685 4.68
101.133682 4.68
101.164405 4.68
101.180280 4.68
101.205685 4.68
101.218280 4.68
101.247046 4.68
101.257808 4.68
101.288405 4.68
101.304534 4.68
101.329685 4.68
101.345685 4.68
101.376407 4.68
101.392532 4.68
101.417685 4.68
101.433809 5.00
101.464407 5.00
101.480538 4.68
101.505533 4.68
101.516408 4.68
101.547051 4.68
101.557810 4.68
101.593408 4.68
101.604284 4.68
101.634814 4.68
101.651049 4.68
101.681409 5.00
101.692284 5.00
101.722536 4.68
101.733409 4.68
101.764053 4.68
101.774801 4.68
101.805160 4.68
101.816050 4.68
101.846160 4.68
101.857053 4.68
101.887161 4.68
101.898052 4.68
101.928161 5.00
101.939036 4.68
101.969161 4.68
101.980036 4.68
102.010286 4.68
102.026287 4.68
102.051412 4.68
102.062162 4.68
102.092689 4.68
102.108814 4.68
102.139287 4.68
102.155412 5.00
102.180412 4.68
102.191163 4.68
102.221693 4.68
102.237815 4.68
102.268288 4.68
102.284288 4.68
102.309413 4.68
102.320289 4.68
102.350692 4.68
102.366694 4.68
102.397414 5.00
102.408289 4.68
102.438694 4.68
102.454931 4.68
102.485414 4.68
102.496165 4.68
102.526692 4.68
102.542694 4.68
102.573415 4.68
102.584291 4.68
102.614820 4.68
102.625541 4.68
102.661291 4.68
102.677291 4.68
102.702416 4.68
102.713291 4.68
102.743695 4.68
102.759696 4.68
102.790417 4.68
102.801292 4.68
102.831822 4.68
102.842696 4.68
102.878418 5.00
102.889293 4.68
102.919544 4.68
102.930418 4.68
102.961059 4.68
102.971808 4.68
103.002169 4.68
103.013060 4.68
103.043169 4.68
103.054044 4.68
103.084169 4.68
103.095059 5.00
103.125169 5.00
103.136044 4.68
103.166169 5.00
103.177045 5.00
103.207170 4.68
103.218062 4.68
103.248170 4.68
103.259045 4.68
103.289171 4.68
103.300046 4.68
103.330171 4.68
103.341046 5.00
103.371171 5.00
103.382046 5.00
103.412171 4.68
103.423047 5.00
103.453172 4.68
103.464047 4.68
103.494422 4.68
103.505172 4.68
103.535702 4.68
103.551701 4.68
103.582422 4.68
103.593298 5.00
103.623702 4.68
103.639827 4.68
103.670423 4.68
103.681298 4.68
103.711703 4.68
103.727701 4.68
103.758299 4.68
103.774298 4.68
103.799424 4.68
103.810299 4.68
103.840702 5.00
103.856704 4.68
103.883676 4.68
103.894551 4.68
103.926676 4.68
103.937551 4.68
103.969677 4.68
103.980552 4.68
104.012677 4.68
104.023552 4.68
104.055552 4.68
104.066426 4.68
104.098552 4.68
104.109426 4.68
104.141553 4.68
104.152427 4.68
104.184553 4.68
104.195427 4.68
104.227553 4.68
104.238427 4.68
104.270554 4.68
104.281428 4.68
104.313585 5.00
104.324428 4.68
104.356554 5.00
104.367428 4.68
104.397820 4.68
104.408554 4.68
104.444304 4.68
104.460304 4.68
104.485429 4.68
104.496179 4.68
104.526708 4.68
104.537555 4.68
104.568180 5.00
104.580555 4.68
104.609180 4.68
104.625305 4.68
104.650181 5.00
104.666305 4.68
104.691306 4.68
104.702056 4.68
104.732431 4.68
104.743181 4.68
104.773709 4.68
104.784557 5.00
104.815181 5.00
104.831307 4.68
104.856182 4.68
104.872182 4.68
104.897307 4.68
104.908182 4.68
104.938432 4.68
104.949308 4.68
104.979711 4.68
104.990433 4.68
105.026308 4.68
105.037058 4.68
105.067433 4.68
105.078183 4.68
105.108712 4.68
105.119434 4.68
105.155309 4.68
105.166059 4.68
105.196434 4.68
105.207184 4.68
105.237839 4.68
105.248713 4.68
105.279060 4.68
105.289828 4.68
105.320060 4.68
105.330825 4.68
105.361186 4.68
105.377310 4.68
105.402186 4.68
105.418311 4.68
105.443311 4.68
105.454186 4.68
105.484437 4.68
105.495186 4.68
105.525716 5.00
105.536563 5.00
105.567078 4.68
105.577840 4.68
105.608312 4.68
105.619187 4.68
105.649437 4.68
105.660187 4.68
105.690716 4.68
105.701438 4.68
105.737188 4.68
105.753314 5.00
105.778188 4.68
105.794313 4.68
105.819189 4.68
105.835314 4.68
105.860314 4.68
105.871189 4.68
105.901439 4.68
105.912189 4.68
105.942718 4.68
105.953566 4.68
105.984080 4.68
105.994830 5.00
106.025065 5.00
106.035831 5.00
106.066066 4.68
106.076830 4.68
106.107066 4.68
106.117834 4.68
106.148066 4.68
106.158834 4.68
106.189066 4.68
106.199833 4.68
106.230067 4.68
106.240834 4.68
106.271067 4.68
106.281832 4.68
106.312067 4.68
106.322833 4.68
106.353068 4.68
106.365568 4.68
106.394193 4.68
106.410318 4.68
106.435193 4.68
106.451193 4.68
106.476193 5.00
106.492318 4.68
106.517194 4.68
106.533194 4.68
106.558194 4.68
106.574319 4.68
106.599194 4.68
106.615319 4.68
106.640194 4.68
106.656320 4.68
106.681195 4.68
106.697195 4.68
106.722195 5.00
106.738320 4.68
106.763196 4.68
106.779321 4.68
106.804196 4.68
106.820321 4.68
106.845196 4.68
106.861321 4.68
106.886196 4.68
106.902196 4.68
106.927197 4.68
106.943321 4.68
106.968197 4.68
106.984322 4.68
107.009197 4.68
107.025322 4.68
107.050198 4.68
107.066323 4.68
107.091197 4.68
107.107323 4.68
107.132198 4.68
107.148323 4.68
107.173198 4.68
107.189323 5.00
107.214323 5.00
107.225074 4.68
107.255575 4.68
107.271699 4.68
107.302324 4.68
107.313075 4.68
107.343575 4.68
107.359700 4.68
107.390325 4.68
107.401075 4.68
107.431576 4.68
107.442451 5.00
107.478326 5.00
107.489075 4.68
107.519577 4.68
107.530451 4.68
107.566201 4.68
107.577091 5.00
107.607201 4.68
107.618076 4.68
107.648201 4.68
107.659077 4.68
107.689202 5.00
107.700077 5.00
107.730202 5.00
107.741077 4.68
107.771203 4.68
107.782078 4.68
107.812203 4.68
107.823078 4.68
107.853204 4.68
107.864078 4.68
107.894329 4.68
107.905079 4.68
107.935580 5.00
107.946454 4.68
107.982096 4.68
107.998096 4.68
108.023205 4.68
108.034079 4.68
108.064330 4.68
108.075080 4.68
108.105581 4.68
108.116455 4.68
108.152331 4.68
108.163081 5.00
108.193582 4.68
108.204456 4.68
108.240331 4.68
108.251081 4.68
108.281456 4.68
108.297457 4.68
108.328097 4.68
108.344098 4.68
108.369332 4.68
108.380081 4.68
108.410583 5.00
108.421332 5.00
108.457332 4.68
108.468082 4.68
108.498458 4.68
108.514458 4.68
108.545098 4.68
108.561101 4.68
108.586458 4.68
108.602459 4.68
108.636334 4.68
108.647083 5.00
108.677585 4.68
108.688459 4.68
108.724334 4.68
108.735084 4.68
108.765586 4.68
108.776460 4.68
108.812335 4.68
108.823084 4.68
108.853586 4.68
108.864461 4.68
108.900336 5.00
108.911085 4.68
108.941587 4.68
108.952461 4.68
108.988337 4.68
108.999086 4.68
109.029588 4.68
109.040462 4.68
109.076337 4.68
109.088855 4.68
109.117588 4.68
109.128462 5.00
109.164338 5.00
109.175087 4.68
109.205463 4.68
109.221463 4.68
109.248467 4.68
109.259213 4.68
109.295105 4.68
109.311107 4.68
109.336338 4.68
109.348857 4.68
109.377590 4.68
109.388464 4.68
109.424104 4.68
109.440106 4.68
109.465340 4.68
109.477855 4.68
109.506465 4.68
109.522465 4.68
109.553107 4.68
109.569215 4.68
109.594341 4.68
109.606858 5.00
109.635591 5.00
109.646466 4.68
109.678470 4.68
109.689216 4.68
109.721346 4.68
109.732091 4.68
109.762592 4.68
109.773467 4.68
109.805345 4.68
109.816218 4.68
109.846593 4.68
109.857467 5.00
109.893108 4.68
109.909111 4.68
109.934343 4.68
109.946734 4.68
109.975468 4.68
109.991468 4.68
110.022111 4.68
110.038110 4.68
110.063344 4.68
110.075736 4.68
110.104595 4.68
110.115470 4.68
110.151113 4.68
110.161862 4.68
110.192345 4.68
110.208220 4.68
110.233596 4.68
110.244470 4.68
110.274876 4.68
110.285596 4.68
110.316221 4.68
110.327113 4.68
110.357346 5.00
110.369739 4.68
110.398598 4.68
110.409471 4.68
110.439873 4.68
110.450598 4.68
110.481097 4.68
110.491864 4.68
110.522222 4.68
110.533117 4.68
110.563347 4.68
110.579347 5.00
110.604615 4.68
110.615473 4.68
110.650864 4.68
110.661616 4.68
110.692099 4.68
110.702864 4.68
110.733224 4.68
110.744099 4.68
110.774349 4.68
110.790349 4.68
110.815474 4.68
110.826224 5.00
110.862117 4.68
110.872866 4.68
110.903225 4.68
110.914100 4.68
110.944351 4.68
110.960350 4.68
110.985601 4.68
110.996476 4.68
111.026879 4.68
111.037602 4.68
111.068101 5.00
111.078867 4.68
111.109101 4.68
111.119870 4.68
111.150227 4.68
111.161102 4.68
111.191352 4.68
111.207353 4.68
111.232603 4.68
111.243477 4.68
111.273880 4.68
111.284604 4.68
111.315103 5.00
111.325870 4.68
111.356103 4.68
111.366870 5.00
111.397229 4.68
111.408104 4.68
111.438354 4.68
111.454229 4.68
111.479605 4.68
111.490479 4.68
111.520884 4.68
111.531636 5.00
111.562230 5.00
111.573120 4.68
111.603355 4.68
111.619355 4.68
111.644606 4.68
111.655480 4.68
111.685883 4.68
111.696606 4.68
111.727231 4.68
111.738106 4.68
111.768356 4.68
111.784356 5.00
111.809481 4.68
111.820232 4.68
111.856122 4.68
111.866875 4.68
111.897107 4.68
111.907875 4.68
111.938107 4.68
111.948873 4.68
111.979233 4.68
111.990108 4.68
112.020358 4.68
112.036358 5.00
112.061483 4.68
112.072358 4.68
112.108124 4.68
112.118875 4.68
112.149235 4.68
112.160109 4.68
112.190359 4.68
112.206360 4.68
112.231610 4.68
112.242484 4.68
112.272887 5.00
112.288875 5.00
112.314235 5.00
112.326766 4.68
112.355361 5.00
112.371236 4.68
112.398370 4.68
112.409236 4.68
112.439486 4.68
112.450236 4.68
112.480889 4.68
112.497002 4.68
112.522237 5.00
112.534766 4.68
112.563362 4.68
112.579362 4.68
112.606261 4.68
112.617130 4.68
112.647363 4.68
112.663363 4.68
112.693767 4.68
112.706247 4.68
112.735113 4.68
112.745879 5.00
112.776113 4.68
112.786881 4.68
112.817239 4.68
112.829615 4.68
112.858364 4.68
112.874364 4.68
112.908006 4.68
112.924008 4.68
112.949115 4.68
112.960008 4.68
112.990240 5.00
113.002616 5.00
113.031365 5.00
113.042241 5.00
113.074250 4.68
113.085134 5.00
113.115366 4.68
113.126241 4.68
113.161759 4.68
113.177757 4.68
113.203135 4.68
113.213884 4.68
113.244367 4.68
113.255242 5.00
113.290771 4.68
113.301493 4.68
113.332135 4.68
113.342883 4.68
113.373368 4.68
113.384243 4.68
113.419761 4.68
113.430493 4.68
113.461133 4.68
113.472011 5.00
113.502369 4.68
113.513119 4.68
113.543494 4.68
113.554369 4.68
113.585011 4.68
113.595761 4.68
113.626245 4.68
113.642120 4.68
113.667370 4.68
113.678136 4.68
113.713772 4.68
113.729760 5.00
113.755135 4.68
113.765888 4.68
113.796371 4.68
113.807120 4.68
113.837496 4.68
113.848246 4.68
113.878899 4.68
113.894774 4.68
113.920122 4.68
113.930888 4.68
113.961247 5.00
113.977122 4.68
114.002372 4.68
114.013247 5.00
114.048777 5.00
114.064765 4.68
114.090140 4.68
114.100891 4.68
114.131248 4.68
114.147124 4.68
114.172373 4.68
114.183248 4.68
114.218767 4.68
114.234764 4.68
114.260142 4.68
114.270893 4.68
114.301375 4.68
114.312124 4.68
114.347780 4.68
114.358500 4.68
114.389140 4.68
114.399893 4.68
114.430375 4.68
114.441125 4.68
114.476768 4.68
114.487501 4.68
114.518142 4.68
114.529019 4.68
114.559375 4.68
114.570127 4.68
114.605769 4.68
114.616501 4.68
114.647143 4.68
114.657894 5.00
114.688377 5.00
114.699252 4.68
114.734782 4.68
114.745502 4.68
114.776144 4.68
114.788629 4.68
114.817378 4.68
114.828128 4.68
114.863768 4.68
114.874504 4.68
114.905146 4.68
114.917630 4.68
114.946379 4.68
114.957129 4.68
114.987504 4.68
114.998255 4.68
115.028909 4.68
115.044783 4.68
115.070130 4.68
115.082657 4.68
115.111131 4.68
115.121896 4.68
115.152131 4.68
115.164631 4.68
115.193130 4.68
115.203896 4.68
115.234131 4.68
115.246632 4.68
115.275256 4.68
115.291132 4.68
115.316382 4.68
115.327257 4.68
115.362784 4.68
115.375133 5.00
115.404022 5.00
115.414777 5.00
115.445258 5.00
115.461258 4.68
115.486383 4.68
115.497258 4.68
115.532776 4.68
115.545149 4.68
115.574259 4.68
115.590259 4.68
115.615384 4.68
115.626259 5.00
115.661786 4.68
115.674135 4.68
115.703026 4.68
115.713778 4.68
115.744260 4.68
115.760260 4.68
115.785385 4.68
115.796135 4.68
115.831778 4.68
115.847790 4.68
115.873026 5.00
115.883776 4.68
115.914262 4.68
115.930136 4.68
115.955386 4.68
115.966137 4.68
116.001790 4.68
116.017791 4.68
116.043030 4.68
116.053777 4.68
116.084028 4.68
116.094780 5.00
116.125137 5.00
116.137512 5.00
116.166263 5.00
116.182138 4.68
116.207388 4.68
116.218138 4.68
116.248639 4.68
116.259388 4.68
116.289903 4.68
116.300793 4.68
116.331264 4.68
116.347264 5.00
116.372389 4.68
116.383139 5.00
116.413791 4.68
116.429640 4.68
116.455030 4.68
116.465794 4.68
116.496140 4.68
116.512030 4.68
116.537155 4.68
116.553031 4.68
116.578266 4.68
116.594266 5.00
116.619391 4.68
116.630266 4.68
116.660641 4.68
116.671391 5.00
116.701911 4.68
116.712796 4.68
116.743267 4.68
116.759267 4.68
116.784392 4.68
116.795142 4.68
116.825796 4.68
116.841797 5.00
116.867142 4.68
116.883143 4.68
116.908143 4.68
116.924143 4.68
116.949269 4.68
116.965144 4.68
116.990394 4.68
117.001144 4.68
117.031797 4.68
117.047799 4.68
117.073145 4.68
117.089269 4.68
117.114145 4.68
117.130038 4.68
117.155145 4.68
117.171145 4.68
117.196145 4.68
117.212037 4.68
117.237271 4.68
117.253270 4.68
117.280174 4.68
117.291038 4.68
117.321396 5.00
117.332271 4.68
117.362800 4.68
117.378801 4.68
117.404147 4.68
117.420147 4.68
117.445147 4.68
117.461037 4.68
117.486147 4.68
117.502148 4.68
117.527148 4.68
117.543148 4.68
117.568148 5.00
117.584148 4.68
117.609274 4.68
117.625273 4.68
117.652179 4.68
117.663038 4.68
117.695178 4.68
117.706041 4.68
117.738179 4.68
117.749040 4.68
117.781178 4.68
117.792041 5.00
117.824181 5.00
117.835042 5.00
117.870531 5.00
117.883178 4.68
117.912041 4.68
117.924532 4.68
117.953151 4.68
117.969043 4.68
117.994276 4.68
118.005040 4.68
118.037181 4.68
118.048044 5.00
118.080183 4.68
118.091043 4.68
118.123181 4.68
118.134042 4.68
118.166182 4.68
118.177044 4.68
118.209058 4.68
118.219805 4.68
118.250278 4.68
118.261046 4.68
118.293058 4.68
118.303806 4.68
118.334278 4.68
118.345153 4.68
118.380530 4.68
118.396530 4.68
118.422044 4.68
118.434404 4.68
118.463154 4.68
118.479047 4.68
118.504155 4.68
118.515048 5.00
118.545280 5.00
118.556155 4.68
118.591531 4.68
118.607530 4.68
118.632810 4.68
118.643685 4.68
118.674156 4.68
118.690045 4.68
118.715281 4.68
118.726049 4.68
118.761535 4.68
118.777538 4.68
118.802810 4.68
118.813535 4.68
118.844157 4.68
118.860157 4.68
118.885157 4.68
118.896047 4.68
118.926158 4.68
118.937048 4.68
118.967158 4.68
118.978050 4.68
119.008283 5.00
119.019049 4.68
119.054534 4.68
119.070535 4.68
119.096052 4.68
119.112159 4.68
119.137159 4.68
119.153053 4.68
119.178160 4.68
119.189035 4.68
119.219285 4.68
119.230052 5.00
119.265536 5.00
119.281539 4.68
119.307051 4.68
119.323051 4.68
119.348051 4.68
119.364161 4.68
119.389036 4.68
119.405051 4.68
119.430036 4.68
119.446051 4.68
119.471052 4.68
119.487052 5.00
119.512037 5.00
119.528054 5.00
119.553052 4.68
119.569052 5.00
119.594037 5.00
119.610055 4.68
119.635038 4.68
119.651163 4.68
119.676038 4.68
119.692055 4.68
119.717038 4.68
119.733055 4.68
119.758055 4.68
119.774057 4.68
119.799039 4.68
119.815054 4.68
119.840039 4.68
119.856057 4.68
119.881040 4.68
119.897054 4.68
119.922040 4.68
119.938040 4.68
119.963040 5.00
119.979057 5.00
120.004040 5.00
120.020058 4.68
120.045056 4.68
120.061059 4.68
120.086166 4.68
120.102041 4.68
120.127166 4.68
120.138041 4.68
120.168291 4.68
120.179041 4.68
120.214542 5.00
120.230543 4.68
120.256060 4.68
120.272060 4.68
120.297292 4.68
120.308167 4.68
120.343544 4.68
120.359547 4.68
120.384823 4.68
120.395698 4.68
120.426061 4.68
120.442168 4.68
120.467044 4.68
120.483058 4.68
120.508169 4.68
120.524044 4.68
120.549294 4.68
120.560045 4.68
120.595545 4.68
120.611548 4.68
120.637063 4.68
120.653062 4.68
120.678045 4.68
120.694170 5.00
120.719170 4.68
120.730063 4.68
120.760171 4.68
120.771046 4.68
120.801296 4.68
120.812046 4.68
120.842547 4.68
120.858548 4.68
120.883825 4.68
120.894575 4.68
120.925172 4.68
120.936064 4.68
120.966297 4.68
120.977172 4.68
121.012549 4.68
121.028548 4.68
121.054065 4.68
121.070066 4.68
121.095173 4.68
121.106063 4.68
121.136173 4.68
121.147048 4.68
121.177174 5.00
121.188049 4.68
121.218174 4.68
121.229049 4.68
121.259299 5.00
121.270174 4.68
121.305550 4.68
121.321550 4.68
121.347066 4.68
121.363066 4.68
121.388051 4.68
121.398815 4.68
121.429051 5.00
121.439942 4.68
121.470051 4.68
121.480819 4.68
121.511176 4.68
121.522051 4.68
121.552176 4.68
121.563068 4.68
121.593302 4.68
121.604177 4.68
121.639553 4.68
121.655553 5.00
121.680832 5.00
121.691553 4.68
121.722178 4.68
121.733069 4.68
121.763177 4.68
121.774053 4.68
121.804178 4.68
121.815053 4.68
121.845178 4.68
121.856054 4.68
121.886179 4.68
121.897054 5.00
121.927179 4.68
121.938054 4.68
121.968179 4.68
121.979055 4.68
122.009180 4.68
122.020055 4.68
122.050180 4.68
122.061055 4.68
122.091180 4.68
122.102055 4.68
122.132180 5.00
122.143056 5.00
122.173306 5.00
122.184056 5.00
122.219557 5.00
122.235560 4.68
122.260836 4.68
122.271557 4.68
122.302074 4.68
122.312825 4.68
122.348432 4.68
122.359182 4.68
122.389835 4.68
122.400711 4.68
122.431183 4.68
122.442057 4.68
122.472183 4.68
122.483058 4.68
122.513183 4.68
122.524059 4.68
122.554184 4.68
122.565059 4.68
122.595184 4.68
122.606059 5.00
122.636184 4.68
122.647060 5.00
122.677310 4.68
122.688060 4.68
122.723561 4.68
122.739564 4.68
122.764837 4.68
122.775561 4.68
122.806078 4.68
122.816826 4.68
122.847186 4.68
122.858061 4.68
122.888185 5.00
122.899061 4.68
122.934437 4.68
122.945186 4.68
122.975715 4.68
122.986562 4.68
123.017062 4.68
123.027830 4.68
123.058187 4.68
123.069062 4.68
123.099187 5.00
123.110063 5.00
123.141938 4.68
123.152844 4.68
123.183081 4.68
123.193831 4.68
123.224064 4.68
123.234829 4.68
123.265064 4.68
123.275831 4.68
123.306064 4.68
123.316830 4.68
123.347064 5.00
123.357832 5.00
123.388065 5.00
123.398832 4.68
123.429065 4.68
123.439833 4.68
123.470065 4.68
123.480834 4.68
123.511066 4.68
123.521832 4.68
123.552081 4.68
123.562957 5.00
123.594943 5.00
123.605691 4.68
123.636083 4.68
123.646833 4.68
123.678942 4.68
123.689846 4.68
123.720083 4.68
123.730835 4.68
123.766318 4.68
123.777067 4.68
123.807443 4.68
123.819944 5.00
123.848693 5.00
123.859443 5.00
123.890085 4.68
123.900959 5.00
123.931068 4.68
123.941835 4.68
123.972068 4.68
123.982835 4.68
124.013069 4.68
124.023836 4.68
124.054069 4.68
124.064836 5.00
124.095070 4.68
124.105837 4.68
124.136070 4.68
124.146837 4.68
124.177071 4.68
124.187837 4.68
124.218070 4.68
124.228837 4.68
124.259071 4.68
124.269838 4.68
124.300071 5.00
124.310839 5.00
124.341071 4.68
124.351838 4.68
124.382072 4.68
124.392839 4.68
124.423072 4.68
124.433837 5.00
124.464072 4.68
124.474966 4.68
124.505072 5.00
124.515838 4.68
124.546089 5.00
124.556841 5.00
124.592323 4.68
124.603073 4.68
124.633574 4.68
124.644449 4.68
124.675089 4.68
124.685841 4.68
124.721324 4.68
124.732074 4.68
124.762575 4.68
124.773450 4.68
124.803965 4.68
124.819967 4.68
124.845075 4.68
124.855842 4.68
124.886075 4.68
124.896968 4.68
124.927076 4.68
124.937841 4.34
124.968076 4.68
124.978841 4.68
125.009076 4.34
125.019845 4.34
125.050077 4.68
125.060842 4.68
125.091077 4.68
125.101845 4.34
125.132077 4.68
125.142845 4.68
125.173077 4.68
125.183845 4.34
125.214078 4.68
125.224843 4.68
125.255203 4.68
125.266078 4.68
125.301328 4.68
125.312079 4.68
125.342580 4.68
125.353454 4.34
125.384096 4.68
125.394846 4.68
125.430329 4.34
125.441079 4.68
125.471454 4.34
125.487329 4.68
125.512704 4.68
125.523455 4.68
125.554096 4.68
125.564970 4.68
125.600455 4.68
125.616330 4.68
125.641858 4.68
125.657706 4.68
125.684832 4.68
125.695706 4.68
125.726098 4.68
125.736850 4.68
125.772456 4.68
125.788456 4.68
125.813707 4.68
125.824457 4.68
125.855100 4.68
125.865851 4.68
125.901457 4.68
125.917333 4.68
125.942737 4.68
125.955208 4.68
125.985834 4.68
125.996584 4.68
126.028835 4.68
126.039584 4.34
126.071835 4.68
126.082584 4.68
126.114835 4.68
126.125585 4.68
126.157835 4.68
126.168602 4.34
126.200836 4.68
126.211725 4.34
126.243851 4.68
126.254603 4.68
126.290335 4.68
126.301086 4.68
126.331586 4.34
126.342461 4.68
126.373101 4.34
126.383851 4.34
126.414336 4.68
126.426837 4.68
126.455588 4.68
126.466461 4.68
126.496866 4.68
126.512864 4.68
126.543463 4.34
126.554337 4.68
126.584981 4.68
126.595731 4.68
126.626103 4.68
126.636978 4.68
126.672463 4.68
126.683338 4.68
126.713981 4.68
126.724731 4.34
126.760463 4.68
126.771339 4.68
126.801743 4.68
126.817982 4.68
126.848214 4.68
126.859090 4.68
126.889340 4.34
126.905340 4.34
126.930591 4.68
126.941465 4.68
126.971870 4.68
126.987867 4.34
127.018466 4.68
127.034340 4.68
127.059868 4.34
127.075731 4.68
127.101108 4.34
127.111859 4.68
127.142341 4.68
127.158342 4.68
127.183592 4.68
127.194467 4.68
127.224870 4.34
127.235593 4.68
127.271342 4.68
127.287218 4.68
127.315746 4.68
127.331736 4.68
127.357111 4.68
127.367860 4.34
127.398343 4.68
127.414219 4.68
127.439595 4.68
127.450469 4.68
127.480872 4.68
127.491595 4.68
127.527345 4.68
127.543344 4.68
127.568625 4.68
127.579469 4.68
127.609987 4.68
127.620738 4.68
127.656345 4.68
127.672470 4.34
127.700747 4.34
127.716988 4.68
127.747471 4.34
127.758220 4.34
127.788875 4.34
127.799598 4.34
127.835346 4.68
127.851347 4.68
127.876598 4.68
127.887471 4.68
127.917875 4.68
127.928739 4.34
127.964347 4.68
127.980472 4.34
128.008598 4.68
128.019473 4.34
128.050113 4.68
128.060867 4.68
128.091348 4.68
128.107348 4.68
128.132600 4.68
128.143473 4.68
128.173877 4.68
128.184600 4.68
128.220350 4.68
128.236349 4.68
128.261600 4.68
128.272474 4.34
128.302877 4.68
128.313601 4.34
128.349475 4.68
128.360350 4.68
128.390879 4.68
128.401754 4.68
128.437476 4.68
128.448226 4.68
128.478753 4.68
128.494743 4.68
128.520116 4.34
128.530992 4.68
128.561352 4.68
128.577352 4.68
128.602477 4.68
128.613352 4.68
128.643882 4.68
128.654754 4.68
128.690228 4.68
128.701120 4.68
128.731353 4.68
128.747228 4.68
128.772604 4.68
128.783479 4.34
128.813757 4.68
128.829870 4.68
128.855119 4.68
128.865870 4.68
128.896354 4.68
128.912229 4.68
128.937605 4.68
128.948479 4.34
128.978758 4.68
128.994872 4.34
129.021731 4.34
129.032606 4.34
129.063123 4.68
129.073873 4.34
129.109480 4.34
129.120231 4.68
129.150884 4.34
129.161607 4.34
129.197356 4.68
129.213482 4.34
129.238607 4.34
129.251231 4.68
129.279885 4.68
129.290761 4.34
129.326482 4.34
129.337232 4.34
129.367887 4.34
129.378608 4.34
129.414483 4.68
129.425233 4.68
129.455886 4.68
129.466762 4.34
129.502358 4.34
129.518483 4.68
129.543610 4.68
129.556127 4.34
129.586611 4.34
129.597484 4.68
129.627761 4.68
129.643611 4.68
129.674485 4.68
129.685360 4.34
129.715887 4.68
129.726611 4.68
129.762360 4.68
129.778361 4.34
129.803640 4.68
129.819766 4.68
129.846612 4.68
129.857485 4.68
129.893361 4.68
129.909487 4.68
129.934612 4.68
129.947112 4.34
129.975765 4.68
129.986487 4.68
130.022362 4.68
130.033112 4.68
130.063613 4.68
130.076112 4.68
130.110363 4.68
130.121113 4.68
130.151614 4.68
130.167767 4.68
130.192893 4.68
130.203765 4.68
130.234114 4.68
130.244881 4.34
130.275239 4.68
130.291364 4.34
130.316364 4.68
130.327114 4.68
130.357615 4.68
130.373616 4.34
130.404365 4.68
130.415240 4.68
130.445645 4.68
130.461646 4.34
130.492366 4.68
130.503240 4.68
130.533634 4.68
130.549771 4.34
130.580366 4.68
130.591242 4.34
130.621618 4.68
130.637617 4.68
130.662896 4.68
130.673617 4.68
130.704117 4.68
130.714884 4.34
130.745242 4.34
130.761367 4.34
130.786368 4.68
130.797243 4.68
130.827619 4.34
130.843770 4.34
130.868772 4.34
130.879619 4.34
130.915369 4.68
130.926244 4.68
130.956620 4.68
130.972771 4.68
130.997899 4.68
131.008773 4.68
131.039244 4.34
131.055245 4.34
131.080370 4.68
131.091119 4.68
131.121621 4.68
131.137772 4.68
131.162900 4.68
131.173774 4.68
131.204245 4.68
131.220371 4.68
131.245371 4.68
131.256246 4.34
131.286622 4.34
131.302775 4.34
131.327777 4.68
131.338622 4.68
131.369140 4.68
131.379890 4.68
131.410372 4.68
131.421122 4.34
131.451497 4.68
131.462372 4.68
131.493015 4.34
131.504016 4.68
131.534248 4.68
131.550248 4.68
131.575374 4.68
131.586123 4.34
131.616625 4.68
131.632778 4.68
131.663374 4.68
131.674249 4.68
131.704625 4.68
131.720778 4.34
131.745902 4.68
131.756625 4.68
131.787125 4.68
131.797893 4.68
131.828125 4.68
131.840629 4.68
131.869251 4.68
131.885375 4.34
131.910376 4.68
131.921125 4.68
131.951627 4.34
131.967778 4.68
131.994631 4.68
132.005501 4.68
132.037631 4.68
132.048502 4.68
132.080631 4.68
132.091502 4.68
132.123631 4.68
132.134502 4.68
132.166631 4.68
132.177503 4.68
132.209632 4.68
132.220503 4.68
132.252632 4.68
132.263503 4.68
132.295633 4.68
132.306503 4.68
132.338508 4.68
132.349254 4.34
132.379781 4.68
132.390504 4.68
132.426380 4.68
132.437254 4.68
132.467660 4.68
132.483631 4.68
132.510509 4.68
132.521255 4.68
132.551784 4.68
132.562505 4.34
132.598380 4.68
132.609256 4.68
132.639631 4.34
132.655649 4.34
132.686381 4.34
132.697257 4.68
132.727632 4.68
132.743632 4.34
132.774147 4.34
132.786511 4.34
132.815382 4.68
132.826257 4.68
132.856634 4.34
132.867382 4.68
132.903258 4.34
132.914025 4.68
132.944383 4.68
132.955258 4.34
132.985633 4.34
132.996384 4.68
133.028537 4.68
133.039384 4.34
133.075151 4.68
133.087538 4.68
133.116384 4.68
133.127399 4.68
133.163268 4.34
133.174266 4.34
133.204800 4.34
133.215639 4.34
133.246058 4.34
133.256804 4.34
133.287512 4.34
133.303511 4.34
133.337150 4.34
133.353151 4.34
133.378386 4.34
133.389136 4.34
133.419637 4.34
133.430387 4.34
133.466288 4.34
133.477272 4.34
133.507916 4.34
133.518911 4.34
133.549555 4.34
