0.000000 0.000000
0.047209 4.34
0.058197 4.34
0.094200 4.34
0.105323 2.66
0.135833 2.66
0.146858 2.66
0.177886 2.66
0.194321 2.66
0.219442 2.66
0.235728 2.66
0.266313 2.66
0.277063 2.66
0.313202 2.34
0.324076 2.66
0.354590 2.66
0.365435 2.66
0.396075 2.66
0.412184 2.34
0.437309 2.66
0.448060 2.66
0.478587 2.66
0.489434 2.66
0.525184 2.66
0.536075 2.66
0.566310 2.66
0.577060 2.66
0.607584 2.66
0.618436 2.66
0.654186 2.66
0.665076 2.66
0.695186 2.66
0.706078 2.66
0.736311 2.66
0.747061 2.66
0.783203 2.66
0.794340 2.66
0.824819 2.66
0.835611 2.66
0.866608 2.66
0.882839 2.66
0.908323 2.66
0.919196 2.34
0.955208 2.66
0.966341 3.33
0.996825 4.34
1.007823 4.34
1.038445 4.02
1.054729 4.34
1.085318 4.34
1.096191 4.34
1.132192 4.34
1.143081 4.34
1.173595 4.34
1.184441 4.02
1.215078 4.34
1.231190 4.34
1.256190 4.34
1.267081 4.34
1.297190 4.34
1.308065 4.34
1.338190 4.34
1.349066 4.34
1.379191 4.34
1.390066 4.34
1.420191 4.34
1.431227 4.34
1.463472 4.34
1.474342 4.34
1.505094 4.34
1.521334 4.34
1.546783 4.34
1.559533 4.34
1.588452 4.34
1.604744 4.34
1.635209 4.34
1.646332 4.34
1.678505 4.34
1.689452 4.34
1.720092 4.34
1.736199 4.34
1.761609 4.34
1.772447 4.34
1.803086 4.34
1.819198 4.34
1.844195 4.34
1.854961 4.34
1.885194 4.34
1.895963 4.34
1.926195 4.34
1.937070 4.34
1.967195 4.34
1.977962 4.34
2.008196 4.34
2.018961 4.34
2.049204 4.34
2.060072 4.34
2.090321 4.34
2.102964 4.34
2.131602 4.34
2.142447 4.34
2.178197 4.34
2.189087 4.34
2.219197 4.34
2.230088 4.34
2.260198 4.34
2.271090 4.34
2.301198 4.34
2.312088 4.34
2.342198 4.34
2.353090 4.34
2.383198 4.34
2.394090 4.34
2.424199 4.34
2.435092 4.34
2.465199 4.34
2.476091 4.34
2.506200 4.34
2.517090 4.34
2.547200 4.34
2.558091 4.34
2.588200 4.34
2.599092 4.34
2.629200 4.34
2.640090 4.34
2.670200 4.34
2.681094 4.34
2.711201 4.34
2.722094 4.34
2.752201 4.34
2.763093 4.34
2.793202 4.34
2.804092 4.34
2.834202 4.34
2.845093 4.34
2.875202 4.34
2.886095 4.34
2.916202 4.34
2.927095 4.34
2.957202 4.34
2.968095 4.34
2.998203 4.34
3.009095 4.34
3.039203 4.34
3.055079 4.34
3.087846 4.34
3.098609 4.68
3.129079 4.34
3.139973 4.34
3.170080 4.34
3.180969 4.34
3.211080 4.34
3.221973 4.34
3.252080 4.34
3.262972 4.34
3.293080 4.68
3.303971 4.34
3.334081 4.34
3.344971 4.34
3.375206 4.34
3.386081 4.34
3.416331 4.34
3.432206 4.34
3.465848 4.34
3.476612 4.34
3.507207 4.34
3.518082 4.34
3.548331 4.34
3.564207 4.34
3.589611 4.34
3.600458 4.34
3.631100 4.34
3.641973 4.34
3.672333 4.34
3.688333 4.34
3.713613 4.34
3.724458 4.34
3.755101 4.34
3.765973 4.34
3.796334 4.68
3.812334 4.34
3.837459 4.68
3.848334 4.68
3.884209 4.34
3.895101 4.34
3.925335 4.34
3.941335 4.34
3.966615 4.34
3.977460 4.34
4.008101 4.34
4.018978 4.68
4.049335 4.68
4.065335 4.34
4.090604 4.68
4.101461 4.68
4.132103 4.34
4.142853 4.34
4.173336 4.34
4.189212 4.34
4.214588 4.34
4.225462 4.34
4.256104 4.34
4.266855 4.34
4.297213 4.34
4.308088 4.34
4.338338 4.34
4.354338 4.34
4.379605 4.34
4.390463 4.34
4.420982 4.34
4.436981 4.34
4.462213 4.34
4.473088 4.34
4.503338 4.34
4.519339 4.34
4.544464 4.34
4.555339 4.34
4.591107 4.34
4.601854 4.34
4.632091 4.34
4.642856 4.34
4.673090 4.34
4.683858 4.34
4.714215 4.34
4.726744 4.34
4.755340 4.34
4.771341 4.34
4.796466 4.34
4.807341 4.34
4.837869 4.34
4.853983 4.34
4.879217 4.34
4.890107 4.34
4.920341 4.34
4.936342 4.34
4.963352 4.34
4.974217 4.34
5.006372 4.34
5.017093 4.34
5.047985 4.34
5.058871 4.34
5.089343 4.34
5.105342 4.34
5.138984 4.34
5.154984 4.34
5.180219 4.34
5.192611 4.34
5.221469 4.34
5.232219 4.34
5.262872 4.34
5.278986 4.34
5.304095 4.34
5.314860 4.34
5.345220 4.34
5.357596 4.34
5.386470 4.34
5.397220 4.34
5.427875 4.34
5.443861 4.34
5.469221 4.34
5.481596 4.34
5.510346 4.34
5.526221 4.34
5.553230 4.34
5.564114 4.34
5.594346 4.34
5.605097 4.34
5.640753 4.34
5.651472 4.34
5.682357 4.34
5.698480 4.34
5.724007 4.34
5.734997 4.34
5.765476 4.34
5.776351 4.68
5.807008 4.68
5.818020 5.00
5.848605 4.68
5.859478 5.00
5.890120 5.00
5.900869 5.00
5.931475 5.00
5.942350 5.00
5.972906 5.00
5.988991 5.00
6.014225 5.00
6.043600 4.68
6.054475 5.00
6.085154 5.00
6.097787 5.00
6.126607 5.00
6.137480 4.68
6.168122 5.00
6.178997 5.00
6.209477 5.00
6.220354 5.00
6.250905 5.00
6.266992 5.00
6.292102 4.68
6.302869 5.00
6.333102 5.00
6.343868 5.00
6.374251 5.00
6.390483 5.00
6.420995 5.00
6.431746 5.00
6.462355 5.00
6.478354 5.00
6.508994 5.00
6.519742 5.00
6.550104 5.00
6.560992 5.00
6.591103 5.00
6.601994 5.00
6.632104 5.00
6.642995 5.00
6.673236 5.00
6.689486 5.00
6.720144 5.00
6.732798 5.00
6.767007 5.00
6.778008 5.00
6.810273 5.00
6.821111 5.00
6.857001 5.00
6.867750 5.00
6.898358 5.00
6.909232 5.00
6.944749 4.68
6.960749 5.00
6.993999 5.00
7.004746 5.00
7.037249 5.00
7.048122 5.00
7.078892 5.00
7.095117 5.00
7.120490 5.00
7.131490 5.00
7.162130 5.00
7.174648 4.68
7.208769 5.00
7.224754 5.00
7.250126 5.00
7.262640 5.00
7.291360 5.00
7.302234 5.00
7.337752 5.00
7.348484 5.00
7.379128 4.68
7.391637 5.00
7.420359 5.00
7.431110 5.00
7.466761 5.00
7.482750 5.00
7.508126 5.00
7.520611 5.00
7.549111 5.00
7.561611 5.00
7.590111 5.00
7.600879 5.00
7.631236 5.00
7.647236 5.00
7.672361 5.00
7.683236 5.00
7.718766 5.00
7.731237 4.68
7.760130 5.00
7.772613 4.68
7.801237 5.00
7.817113 5.00
7.842362 5.00
7.853113 5.00
7.888764 5.00
7.901238 5.00
7.930113 5.00
7.942488 5.00
7.971114 5.00
7.983488 5.00
8.012239 5.00
8.028114 5.00
8.053364 5.00
8.064113 5.00
8.099758 5.00
8.112132 5.00
8.141132 5.00
8.157130 5.00
8.182365 5.00
8.193123 4.68
8.223767 5.00
8.236146 5.00
8.265133 5.00
8.281132 5.00
8.306366 5.00
8.317116 5.00
8.352757 5.00
8.365146 5.00
8.394132 5.00
8.410134 5.00
8.435117 5.00
8.447492 5.00
8.476367 5.00
8.487117 5.00
8.522760 5.00
8.538760 5.00
8.564134 5.00
8.580136 5.00
8.605118 5.00
8.617493 5.00
8.646368 5.00
8.657119 5.00
8.692761 5.00
8.708761 5.00
8.734136 5.00
8.750137 5.00
8.775244 5.00
8.791120 5.00
8.816369 5.00
8.827120 5.00
8.862773 5.00
8.878639 5.00
8.904245 5.00
8.920245 5.00
8.945370 5.00
8.956120 5.00
8.991761 5.00
9.007763 5.00
9.033136 5.00
9.049136 5.00
9.074246 5.00
9.090121 5.00
9.115372 4.68
9.126247 5.00
9.161777 5.00
9.177764 5.00
9.203140 5.00
9.219140 5.00
9.244122 5.00
9.260123 5.00
9.285248 5.00
9.301123 5.00
9.326373 5.00
9.337123 5.00
9.372766 5.00
9.388652 5.00
9.414016 5.00
9.424765 5.00
9.455374 5.00
9.466249 5.00
9.501767 5.00
9.517768 5.00
9.543141 5.00
9.559125 5.00
9.584250 5.00
9.600125 5.00
9.625375 5.00
9.636250 5.00
9.671766 5.00
9.687768 5.00
9.713141 4.68
9.729126 5.00
9.754251 5.00
9.770126 5.00
9.795376 5.00
9.806251 5.00
9.841628 5.00
9.857629 5.00
9.883144 5.00
9.899144 5.00
9.924377 5.00
9.935128 5.00
9.970773 5.00
9.986632 5.00
10.012146 5.00
10.028128 5.00
10.053128 4.68
10.069253 5.00
10.094253 5.00
10.110129 5.00
10.135379 5.00
10.146129 5.00
10.181771 5.00
10.197631 5.00
10.223149 5.00
10.239130 5.00
10.266131 5.00
10.276898 4.68
10.307255 5.00
10.323255 5.00
10.350131 5.00
10.360896 5.00
10.391131 5.00
10.407023 5.00
10.432131 5.00
10.448022 5.00
10.473131 5.00
10.489132 5.00
10.514257 5.00
10.525132 5.00
10.557133 5.00
10.567900 5.00
10.598132 5.00
10.614023 5.00
10.639132 5.00
10.655026 5.00
10.680133 5.00
10.696024 5.00
10.721258 5.00
10.732023 5.00
10.767508 5.00
10.778258 5.00
10.808910 5.00
10.819634 5.00
10.850259 5.00
10.861025 5.00
10.896509 5.00
10.920913 5.00
10.931786 5.00
10.962135 5.00
10.972902 5.00
11.003135 5.00
11.013901 5.00
11.044261 5.00
11.055027 5.00
11.090511 5.00
11.101386 5.00
11.131912 5.00
11.142636 5.00
11.173136 5.00
11.183904 5.00
11.214136 5.00
11.224905 5.00
11.255262 5.00
11.266030 5.00
11.301512 5.00
11.312262 4.68
11.342904 4.68
11.353638 5.00
11.384263 4.68
11.395031 4.68
11.430513 5.00
11.441263 5.00
11.471907 5.00
11.482639 5.00
11.513264 5.00
11.524030 5.00
11.559522 5.00
11.570264 4.68
11.600916 5.00
11.611640 5.00
11.642140 4.68
11.652909 5.00
11.683265 5.00
11.694030 4.68
11.729523 5.00
11.753920 5.00
11.764641 5.00
11.795266 5.00
11.806033 5.00
11.841524 5.00
11.865919 5.00
11.876795 5.00
11.907267 5.00
11.918034 5.00
11.953524 5.00
11.977794 4.68
11.988642 5.00
12.019034 5.00
12.034909 5.00
12.060268 5.00
12.071033 5.00
12.106526 5.00
12.117268 5.00
12.147908 5.00
12.158797 5.00
12.189269 5.00
12.200144 5.00
12.235527 5.00
12.246269 5.00
12.276909 5.00
12.287672 5.00
12.318269 5.00
12.329037 5.00
12.364522 5.00
12.380525 5.00
12.405800 5.00
12.416674 5.00
12.447145 5.00
12.463270 5.00
12.488146 5.00
12.499036 4.68
12.529271 5.00
12.540146 5.00
12.575525 5.00
12.591524 5.00
12.617039 5.00
12.633037 5.00
12.658147 5.00
12.674147 5.00
12.699147 5.00
12.710041 5.00
12.740147 5.00
12.751040 5.00
12.781147 5.00
12.792040 5.00
12.822273 5.00
12.833038 5.00
12.868527 5.00
12.884527 5.00
12.910040 5.00
12.926041 5.00
12.951149 5.00
12.967149 5.00
12.992149 5.00
13.003042 5.00
13.033275 5.00
13.044039 5.00
13.079530 5.00
13.095530 5.00
13.121043 5.00
13.137040 5.00
13.162150 5.00
13.173040 5.00
13.203150 5.00
13.214041 5.00
13.244276 5.00
13.255152 5.00
13.290533 5.00
13.315043 5.00
13.344531 5.00
13.360533 5.00
13.386042 5.00
13.402042 5.00
13.427153 5.00
13.438042 5.00
13.468153 4.68
13.479043 5.00
13.509153 5.00
13.520046 5.00
13.550153 5.00
13.561045 5.00
13.591279 5.00
13.602043 5.00
13.637531 5.00
13.653531 5.00
13.679047 5.00
13.708531 5.00
13.724533 5.00
13.750045 5.00
13.766046 5.00
13.791155 5.00
13.802048 5.00
13.832280 5.00
13.843155 5.00
13.878535 5.00
13.889531 5.00
13.919811 5.00
13.930684 5.00
13.961156 5.00
13.972046 4.68
14.002157 5.00
14.013050 5.00
14.043157 5.00
14.054032 5.00
14.084157 5.00
14.095049 5.00
14.125157 4.68
14.136048 5.00
14.166157 5.00
14.177047 5.00
14.207283 5.00
14.218049 5.00
14.253535 5.00
14.269535 5.00
14.295051 5.00
14.311159 5.00
14.336159 5.00
14.346926 5.00
14.377160 5.00
14.388050 5.00
14.418285 5.00
14.429053 5.00
14.464536 5.00
14.480539 5.00
14.505811 5.00
14.516537 5.00
14.547049 5.00
14.557800 5.00
14.588161 5.00
14.599053 5.00
14.629161 5.00
14.640036 5.00
14.670161 5.00
14.681051 5.00
14.711161 5.00
14.722037 5.00
14.752287 5.00
14.763036 5.00
14.798539 5.00
14.814539 5.00
14.840055 5.00
14.856054 5.00
14.881163 5.00
14.892054 5.00
14.922288 5.00
14.933163 5.00
14.968540 4.68
14.984543 5.00
15.010055 5.00
15.026053 5.00
15.051039 5.00
15.061804 5.00
15.092164 5.00
15.103055 5.00
15.133165 5.00
15.144054 5.00
15.174165 5.00
15.185064 5.00
15.215165 5.00
15.226040 5.00
15.256165 5.00
15.267040 5.00
15.297166 5.00
15.308055 5.00
15.338166 5.00
15.349041 5.00
15.379291 5.00
15.390041 5.00
15.425545 5.00
15.436542 5.00
15.467057 5.00
15.483059 5.00
15.508043 5.00
15.518807 5.00
15.549042 5.00
15.559808 5.00
15.590043 5.00
15.600807 5.00
15.631043 5.00
15.641809 5.00
15.672043 5.00
15.682810 5.00
15.713044 5.00
15.723811 5.00
15.754044 5.00
15.764811 5.00
15.795044 5.00
15.805811 5.00
15.836044 5.00
15.846811 5.00
15.877045 5.00
15.887810 5.00
15.918045 5.00
15.928812 5.00
15.959171 5.00
15.970045 5.00
16.001921 5.00
16.012822 5.00
16.043062 5.00
16.053813 5.00
16.084047 5.00
16.094813 5.00
16.125046 5.00
16.135814 5.00
16.166047 5.00
16.176815 5.00
16.207047 5.00
16.217815 5.00
16.248173 5.00
16.259048 5.00
16.290923 5.00
16.301824 5.00
16.332173 5.00
16.343064 5.00
16.378298 5.00
16.389049 5.00
16.419423 5.00
16.435577 5.00
16.460939 5.00
16.477064 5.00
16.502066 5.00
16.512940 5.00
16.548425 5.00
16.564425 5.00
16.589830 5.00
16.605827 5.00
16.631176 5.00
16.642068 5.00
16.677552 5.00
16.688425 5.00
16.719069 5.00
16.729816 5.00
16.765552 5.00
16.776426 5.00
16.807068 5.00
16.817817 5.00
16.848176 5.00
16.859053 5.00
16.894302 5.00
16.905177 5.00
16.935427 5.00
16.951303 5.00
16.976707 5.00
16.987554 5.00
17.018179 5.00
17.029072 5.00
17.064303 5.00
17.075179 5.00
17.105555 5.00
17.116429 5.00
17.147071 5.00
17.157821 5.00
17.193429 5.00
17.209430 5.00
17.234834 5.00
17.251180 5.00
17.276180 5.00
17.287070 4.68
17.322305 5.00
17.333055 5.00
17.363430 5.00
17.379305 5.00
17.404710 5.00
17.415557 5.00
17.446181 5.00
17.457073 5.00
17.492306 5.00
17.503057 5.00
17.533432 5.00
17.549432 5.00
17.574708 5.00
17.585432 5.00
17.616072 5.00
17.626822 5.00
17.662308 5.00
17.673058 5.00
17.703433 5.00
17.719433 5.00
17.744836 5.00
17.760713 5.00
17.786183 5.00
17.797073 5.00
17.832309 5.00
17.843184 5.00
17.873434 5.00
17.889434 5.00
17.914714 5.00
17.925561 5.00
17.957811 5.00
17.968561 5.00
17.999185 5.00
18.010075 5.00
18.045435 5.00
18.061435 5.00
18.086713 5.00
18.097589 5.00
18.128078 5.00
18.138952 5.00
18.174311 5.00
18.185187 5.00
18.215437 5.00
18.231436 5.00
18.256715 5.00
18.267564 5.00
18.298077 5.00
18.308830 5.00
18.339062 5.00
18.349830 5.00
18.380063 5.00
18.390828 5.00
18.421063 5.00
18.431832 5.00
18.467438 5.00
18.483438 5.00
18.508715 5.00
18.521189 5.00
18.550080 5.00
18.560832 5.00
18.591064 5.00
18.601834 5.00
18.633817 5.00
18.644566 5.00
18.676816 5.00
18.687708 5.00
18.718081 5.00
18.728833 5.00
18.760817 5.00
18.771568 5.00
18.802082 5.00
18.812830 5.00
18.844818 5.00
18.855707 5.00
18.887818 5.00
18.898691 5.00
18.930835 5.00
18.941585 5.00
18.973818 5.00
18.984692 5.00
19.015085 5.00
19.025835 5.00
19.061317 5.00
19.072068 5.00
19.102443 5.00
19.113318 5.00
19.143693 4.68
19.154443 5.00
19.185085 5.00
19.195958 5.00
19.231319 5.00
19.243723 5.00
19.272600 5.00
19.283444 5.00
19.314085 5.00
19.324960 5.00
19.360320 5.00
19.372726 5.00
19.401445 5.00
19.412320 5.00
19.442695 5.00
19.455196 5.00
19.484091 5.00
19.494961 5.00
19.530321 5.00
19.542715 5.00
19.574601 5.00
19.585447 4.68
19.616086 5.00
19.626839 5.00
19.657197 4.68
19.668072 5.00
19.698197 5.00
19.709072 5.00
19.739197 5.00
19.750072 5.00
19.780198 5.00
19.791073 5.00
19.821198 5.00
19.832073 5.00
19.862198 5.00
19.873074 5.00
19.903199 5.00
19.914074 5.00
19.944198 5.00
19.955074 5.00
19.985199 5.00
19.996074 4.68
20.026199 5.00
20.037074 5.00
20.067200 5.00
20.078075 5.00
20.108200 5.00
20.119075 5.00
20.149200 5.00
20.160075 5.00
20.190200 5.00
20.201076 5.00
20.231201 5.00
20.242076 5.00
20.272201 5.00
20.283076 5.00
20.313201 5.00
20.324077 5.00
20.354202 5.00
20.365077 5.00
20.395202 5.00
20.406077 5.00
20.436202 5.00
20.447077 5.00
20.477202 5.00
20.488078 5.00
20.518453 5.00
20.529328 4.68
20.559858 5.00
20.570580 5.00
20.606328 5.00
20.622329 5.00
20.647454 5.00
20.658204 5.00
20.688859 5.00
20.699580 5.00
20.735454 5.00
20.746329 5.00
20.776859 5.00
20.787705 5.00
20.823205 5.00
20.834096 5.00
20.864330 4.68
20.880330 5.00
20.905582 5.00
20.916456 5.00
20.947096 5.00
20.957850 5.00
20.988331 5.00
21.004331 5.00
21.029456 5.00
21.040332 5.00
21.070861 5.00
21.081707 5.00
21.117332 5.00
21.133207 5.00
21.158583 5.00
21.169458 5.00
21.199861 5.00
21.210725 5.00
21.246208 5.00
21.257083 4.68
21.287333 5.00
21.303208 5.00
21.331738 5.00
21.347584 5.00
21.373099 5.00
21.383974 5.00
21.414334 5.00
21.430334 5.00
21.455586 5.00
21.466460 4.68
21.497100 5.00
21.507851 5.00
21.543210 5.00
21.554086 4.68
21.584335 5.00
21.600335 5.00
21.625587 5.00
21.638211 5.00
21.666865 5.00
21.677730 5.00
21.713212 5.00
21.724087 5.00
21.754337 5.00
21.770337 5.00
21.795589 5.00
21.808212 4.68
21.836864 5.00
21.847730 5.00
21.883338 5.00
21.899338 4.68
21.924589 5.00
21.937213 5.00
21.967715 5.00
21.978590 5.00
22.010715 5.00
22.021590 5.00
22.051868 5.00
22.062729 5.00
22.098339 5.00
22.114339 5.00
22.139591 5.00
22.152106 5.00
22.180869 5.00
22.191730 5.00
22.227340 5.00
22.243465 5.00
22.268465 5.00
22.279215 5.00
22.309870 5.00
22.320745 5.00
22.356341 5.00
22.372466 5.00
22.397593 5.00
22.410108 5.00
22.438869 5.00
22.449746 5.00
22.485342 5.00
22.501467 5.00
22.526593 5.00
22.542594 5.00
22.569595 5.00
22.580468 5.00
22.610871 5.00
22.621733 5.00
22.652218 5.00
22.664595 5.00
22.693344 5.00
22.704219 5.00
22.734595 5.00
22.750749 5.00
22.781344 5.00
22.792093 5.00
22.822595 5.00
22.838748 5.00
22.869345 5.00
22.880094 5.00
22.910597 5.00
22.923095 5.00
22.957345 5.00
22.968095 5.00
22.998612 5.00
23.014747 5.00
23.045346 5.00
23.056095 5.00
23.086625 5.00
23.102750 5.00
23.133347 5.00
23.144096 5.00
23.174628 5.00
23.190632 5.00
23.215991 5.00
23.226741 5.00
23.257098 5.00
23.267862 5.00
23.298098 5.00
23.308863 5.00
23.339223 5.00
23.355223 5.00
23.380348 5.00
23.391223 5.00
23.421599 5.00
23.437753 5.00
23.462877 5.00
23.473752 5.00
23.504099 5.00
23.514867 5.00
23.545100 5.00
23.555868 5.00
23.586100 5.00
23.596867 5.00
23.627225 5.00
23.643350 5.00
23.668350 5.00
23.679225 5.00
23.709601 5.00
23.725602 5.00
23.756351 5.00
23.767102 5.00
23.797602 5.00
23.813753 5.00
23.844352 5.00
23.855102 5.00
23.885477 5.00
23.896227 5.00
23.926881 5.00
23.937756 5.00
23.968227 5.00
23.984228 5.00
24.009353 5.00
24.020103 5.00
24.050604 5.00
24.066758 5.00
24.097354 5.00
24.108229 5.00
24.138604 5.00
24.154755 5.00
24.179881 5.00
24.190604 5.00
24.221229 5.00
24.237354 5.00
24.262354 5.00
24.273105 5.00
24.303606 5.00
24.319758 5.00
24.350355 5.00
24.361106 5.00
24.391606 5.00
24.407766 5.00
24.432730 5.00
24.443480 5.00
24.473730 5.00
24.484480 5.00
24.514730 5.00
24.525480 5.00
24.555761 5.00
24.566609 5.00
24.602232 5.00
24.618357 5.00
24.643357 5.00
24.654233 5.00
24.684609 5.00
24.700761 5.00
24.727613 5.00
24.738483 5.00
24.770613 5.00
24.781483 5.00
24.813613 5.00
24.824483 5.00
24.856613 5.00
24.867484 5.00
24.899489 5.00
24.910234 5.00
24.942489 5.00
24.953235 5.00
24.983763 5.00
24.994611 5.00
25.025235 5.00
25.041360 5.00
25.066360 5.00
25.077235 5.00
25.107627 5.00
25.123633 5.00
25.154361 5.00
25.165111 5.00
25.195612 5.00
25.211765 5.00
25.242361 5.00
25.253237 5.00
25.283613 5.00
25.299764 5.00
25.330127 5.00
25.342491 5.00
25.371363 5.00
25.382238 5.00
25.412641 5.00
25.423488 5.00
25.454129 5.00
25.466493 5.00
25.495363 5.00
25.506238 5.00
25.536615 5.00
25.547489 5.00
25.583129 5.00
25.599132 5.00
25.624364 5.00
25.635240 5.00
25.665616 5.00
25.676490 5.00
25.712132 5.00
25.728132 5.00
25.753365 5.00
25.764241 5.00
25.794491 5.00
25.810490 5.00
25.841133 5.00
25.857133 5.00
25.882366 5.00
25.893241 5.00
25.923619 5.00
25.934491 5.00
25.970367 5.00
25.981242 5.00
26.011618 5.00
26.022492 5.00
26.058132 5.00
26.074136 5.00
26.099367 5.00
26.110118 5.00
26.140619 5.00
26.151493 5.00
26.187368 5.35
26.198244 5.00
26.228620 5.00
26.239494 5.00
26.275136 5.00
26.291135 5.00
26.316369 5.00
26.327120 5.00
26.357621 5.00
26.368495 5.00
26.404135 5.00
26.420135 5.35
26.445370 5.00
26.456245 5.00
26.486622 5.00
26.497496 5.00
26.533136 5.00
26.549137 5.00
26.574371 5.00
26.585246 5.00
26.615496 5.00
26.631496 5.00
26.662136 5.00
26.678138 5.00
26.703372 5.00
26.714122 5.00
26.744624 5.00
26.755497 5.00
26.791138 5.00
26.807138 5.00
26.832373 5.00
26.843123 5.00
26.873624 5.00
26.884499 5.00
26.920139 5.69
26.936139 5.35
26.961373 5.00
26.972124 5.00
27.002499 5.00
27.018499 5.00
27.049139 5.00
27.065142 5.00
27.090375 5.00
27.101250 5.00
27.131626 5.00
27.142500 5.00
27.178142 5.35
27.194140 5.00
27.219376 5.00
27.230126 5.00
27.260627 5.00
27.271501 5.00
27.307143 5.00
27.323144 5.00
27.348376 5.00
27.359127 5.00
27.389628 5.00
27.400502 5.35
27.432507 5.00
27.443252 5.00
27.479143 5.00
27.495145 5.00
27.520378 5.00
27.532896 5.00
27.561629 5.00
27.572503 5.00
27.603148 5.00
27.619147 5.00
27.644378 5.00
27.657022 5.00
27.685629 5.00
27.696504 5.00
27.732145 5.00
27.748147 5.00
27.773379 5.00
27.785770 5.00
27.814631 5.00
27.825505 5.00
27.861147 5.00
27.877145 5.00
27.902381 5.35
27.914773 5.00
27.952022 5.00
27.964385 5.00
27.993256 5.00
28.004024 5.00
28.034381 5.00
28.046775 5.00
28.075659 5.00
28.086381 5.00
28.122147 5.00
28.138147 5.35
28.163383 5.00
28.179382 5.00
28.204508 5.00
28.215257 5.00
28.251258 5.00
28.262024 5.00
28.292383 5.00
28.304775 5.00
28.333634 5.00
28.344384 5.00
28.374902 5.00
28.385634 5.35
28.416259 5.35
28.427026 5.00
28.457384 5.00
28.473384 5.00
28.498509 5.00
28.509385 5.00
28.545152 5.00
28.555902 5.00
28.586260 5.00
28.597028 5.00
28.627386 5.00
28.643385 5.35
28.668636 5.00
28.679385 5.00
28.709904 5.00
28.722415 5.00
28.751262 5.00
28.762028 5.00
28.792387 5.00
28.808262 5.00
28.833637 5.00
28.844387 5.00
28.874905 5.00
28.891030 5.35
28.916263 5.00
28.927029 5.00
28.957388 5.00
28.973388 5.00
28.998638 5.00
29.009388 5.00
29.039912 5.00
29.056031 5.00
29.081264 5.00
29.092033 5.00
29.122389 5.00
29.138389 5.35
29.169031 5.00
29.185032 5.00
29.210265 5.00
29.221031 5.00
29.251390 5.00
29.267390 5.00
29.292641 5.00
29.303391 5.00
29.333908 5.00
29.350032 5.00
29.375266 5.00
29.386034 5.35
29.416392 5.00
29.432391 5.00
29.463033 5.00
29.479035 5.00
29.504142 5.00
29.514909 5.00
29.545268 5.00
29.556034 5.00
29.586393 5.00
29.602393 5.00
29.627671 5.00
29.638523 5.35
29.669159 5.00
29.679910 5.00
29.710393 5.00
29.726394 5.00
29.757034 5.00
29.773035 5.00
29.798269 5.00
29.809035 5.00
29.839394 5.00
29.855394 5.00
29.880674 5.00
29.891528 5.35
29.922163 5.00
29.933037 5.00
29.963396 5.00
29.979395 5.00
30.006419 5.00
30.017271 5.00
30.053271 5.00
30.064146 5.00
30.094396 5.00
30.110271 5.00
30.141037 5.35
30.157039 5.00
30.182272 5.00
30.193036 5.00
30.223397 5.00
30.239397 5.00
30.266428 5.00
30.277273 5.00
30.308039 5.00
30.324038 5.00
30.349273 5.00
30.360039 5.00
30.390398 5.35
30.406399 5.00
30.433429 5.00
30.444274 5.00
30.475042 5.00
30.491041 5.00
30.516274 5.00
30.527149 5.00
30.557399 5.00
30.573400 5.00
30.604042 5.00
30.620040 5.00
30.645275 5.00
30.657677 5.00
30.686409 5.00
30.697286 5.00
30.729279 5.00
30.740025 5.00
30.770275 5.00
30.782650 5.00
30.811275 5.00
30.823650 5.00
30.852274 5.00
30.864650 5.35
30.893276 5.35
30.905650 5.35
30.934276 5.00
30.950151 5.00
30.975276 5.00
30.987651 5.00
31.016276 5.00
31.028652 5.00
31.057277 5.00
31.073151 5.00
31.098277 5.00
31.114152 5.00
31.139277 5.35
31.151653 5.00
31.180277 5.00
31.196153 5.00
31.221277 5.00
31.237153 5.00
31.262278 5.00
31.274653 5.00
31.303278 5.00
31.319153 5.00
31.344279 5.00
31.360154 5.00
31.385279 5.35
31.397654 5.00
31.426279 5.00
31.442154 5.00
31.467280 5.00
31.483155 5.00
31.508280 5.00
31.524155 5.00
31.549280 5.00
31.565155 5.00
31.590280 5.00
31.606155 5.00
31.631281 5.35
31.647155 5.35
31.672281 5.00
31.688156 5.00
31.713281 5.00
31.729156 5.00
31.754281 5.00
31.770157 5.00
31.795282 5.00
31.811157 5.00
31.836282 5.00
31.852157 5.00
31.877283 5.35
31.893158 5.00
31.918283 5.00
31.934158 5.00
31.959283 5.00
31.975158 5.00
32.000283 5.00
32.016158 5.00
32.041283 5.00
32.057159 5.00
32.082284 5.00
32.098159 5.00
32.123284 5.35
32.139159 5.00
32.164285 5.00
32.180160 5.00
32.205285 5.00
32.221160 5.00
32.246285 5.00
32.262160 5.00
32.287285 5.00
32.303161 5.00
32.328285 5.00
32.344161 5.00
32.369286 5.35
32.385160 5.35
32.410286 5.00
32.426162 5.00
32.451287 5.00
32.467162 5.00
32.492287 5.00
32.508162 5.00
32.533287 5.00
32.549162 5.00
32.574287 5.00
32.590163 5.00
32.615288 5.00
32.631163 5.35
32.656288 5.00
32.672163 5.00
32.697288 5.00
32.713163 5.00
32.738289 5.00
32.754163 5.00
32.779289 5.00
32.795164 5.00
32.820289 5.00
32.836164 5.00
32.861289 5.00
32.877165 5.35
32.902290 5.00
32.918165 5.00
32.943290 5.00
32.959165 5.00
32.984291 5.00
33.000165 5.00
33.025291 5.00
33.041166 5.00
33.066290 5.00
33.082166 5.00
33.107291 5.00
33.123166 5.35
33.148291 5.00
33.164167 5.00
33.189292 5.00
33.205167 5.00
33.230292 5.00
33.246167 5.00
33.271293 5.00
33.287167 5.00
33.312293 5.00
33.328168 5.00
33.353293 5.00
33.369168 5.35
33.394293 5.00
33.410169 5.00
33.435293 5.00
33.451168 5.00
33.476294 5.00
33.492169 5.00
33.517294 5.00
33.533169 5.00
33.558295 5.00
33.574169 5.00
33.599295 5.00
33.615170 5.00
33.640295 5.00
33.656170 5.00
33.681295 5.00
33.697171 5.00
33.722296 5.00
33.738171 5.00
33.763296 5.00
33.779171 5.00
33.804296 5.00
33.820171 4.68
33.845296 5.00
33.861171 5.00
33.886296 5.00
33.902172 5.00
33.927297 5.00
33.943172 5.00
33.968297 5.00
33.984172 5.00
34.009298 5.00
34.020047 5.00
34.050298 5.00
34.066173 5.00
34.091298 5.00
34.107173 5.35
34.132298 5.00
34.143049 5.00
34.173298 5.00
34.184049 5.00
34.214299 5.00
34.225049 5.00
34.255299 5.00
34.266049 5.00
34.296300 5.00
34.307049 5.00
34.337300 5.00
34.348050 5.00
34.378300 5.00
34.389050 5.00
34.419300 5.00
34.430051 5.00
34.460301 5.00
34.471051 5.00
34.501301 5.00
34.512051 5.00
34.542301 5.00
34.553052 5.00
34.583302 5.00
34.594051 5.00
34.624302 5.00
34.635052 5.00
34.665302 5.00
34.676052 5.00
34.706302 5.00
34.717053 5.00
34.747303 5.00
34.758053 5.00
34.788303 5.00
34.799053 5.00
34.829304 5.00
34.840054 5.35
34.870304 5.00
34.881054 5.00
34.911304 5.00
34.922054 5.00
34.952304 5.00
34.963054 5.00
34.993305 5.00
35.004055 5.00
35.034305 5.00
35.045055 5.00
35.075305 5.00
35.086056 5.35
35.116306 5.35
35.127055 5.00
35.157306 5.00
35.168056 5.00
35.198306 5.00
35.209056 5.00
35.239306 5.00
35.250057 5.00
35.280306 5.00
35.291057 5.00
35.321307 5.00
35.332057 5.35
35.362307 5.00
35.373058 5.00
35.403307 5.00
35.414057 5.00
35.444308 5.00
35.455058 5.00
35.485308 5.00
35.496058 5.00
35.526309 5.00
35.537059 5.00
35.567309 5.00
35.578059 5.35
35.608309 5.35
35.619059 5.00
35.649309 5.00
35.660059 5.00
35.690310 5.00
35.701059 5.00
35.731310 5.00
35.742060 5.00
35.772310 5.00
35.783060 5.00
35.813310 5.00
35.824061 5.35
35.854311 5.35
35.865061 5.00
35.895311 5.00
35.906061 5.00
35.936311 5.00
35.947061 5.00
35.977311 5.00
35.988062 5.00
36.018311 5.00
36.029062 5.00
36.059312 5.00
36.070062 5.00
36.100312 5.00
36.111063 5.00
36.141313 5.00
36.152063 5.00
36.182313 5.00
36.193063 5.00
36.223314 5.00
36.234063 5.00
36.264313 5.00
36.275064 5.00
36.305314 5.00
36.316064 5.35
36.346314 5.00
36.357065 5.00
36.387314 5.00
36.398064 5.00
36.428315 5.00
36.439065 5.00
36.469315 5.00
36.480065 5.00
36.510315 5.00
36.521065 5.00
36.551316 5.00
36.562066 5.35
36.592316 5.35
36.603066 5.35
36.633316 5.00
36.644067 5.00
36.674317 5.00
36.685067 5.00
36.715317 5.00
36.726067 5.00
36.756317 5.00
36.767067 5.00
36.797317 5.00
36.808067 5.00
36.838317 5.35
36.849068 5.00
36.879318 5.00
36.890068 5.00
36.920318 5.00
36.931068 5.00
36.961319 5.00
36.972069 5.00
37.002319 5.00
37.013069 5.00
37.043319 5.00
37.054070 5.00
37.084319 5.35
37.095070 5.00
37.125319 5.00
37.136070 5.00
37.166320 5.00
37.177070 5.00
37.207320 5.00
37.218071 5.00
37.248321 5.00
37.259071 5.00
37.289321 5.00
37.300071 5.00
37.330321 5.35
37.341071 5.00
37.371321 5.00
37.382072 5.00
37.412322 5.00
37.423072 5.00
37.453322 5.00
37.464073 5.00
37.494322 5.00
37.505072 5.00
37.535323 5.00
37.546073 5.00
37.576323 5.35
37.587073 5.00
37.617325 5.00
37.628075 5.00
37.663700 5.00
37.679577 5.00
37.705094 5.00
37.721093 5.00
37.746076 5.00
37.762076 5.00
37.787076 5.00
37.803201 5.00
37.828076 5.35
37.844077 5.00
37.869077 5.00
37.885077 5.00
37.910077 5.00
37.926077 5.00
37.951077 5.00
37.967078 5.00
37.992078 5.00
38.008077 5.00
38.033078 5.00
38.049078 5.00
38.074078 5.35
38.090078 5.00
38.115078 5.00
38.131078 5.00
38.156079 5.00
38.172079 5.00
38.197079 5.00
38.213079 5.00
38.238080 5.00
38.254079 5.00
38.279080 5.00
38.295079 5.00
38.320080 5.35
38.336080 5.00
38.361205 5.00
38.377080 5.00
38.402330 5.00
38.413080 5.00
38.448722 5.00
38.464721 5.00
38.490100 5.00
38.506081 5.00
38.531082 5.00
38.547081 5.35
38.572207 5.35
38.588082 5.35
38.615083 5.00
38.625847 5.00
38.656082 5.00
38.672082 5.00
38.697207 5.00
38.708083 5.00
38.740084 5.00
38.750850 5.00
38.781208 5.00
38.792083 5.35
38.824084 5.35
38.834852 5.00
38.865208 5.00
38.876084 5.00
38.908085 5.00
38.918851 5.00
38.951085 5.00
38.961974 5.00
38.992210 5.00
39.003085 5.00
39.034961 5.00
39.045864 5.35
39.076210 5.00
39.087085 5.00
39.122460 5.00
39.134989 5.00
39.163979 5.00
39.180103 5.00
39.210616 5.00
39.226616 5.00
39.252105 5.00
39.268104 5.00
39.293212 5.00
39.304087 5.00
39.339462 5.00
39.351963 5.00
39.380867 5.00
39.391741 5.00
39.422213 5.00
39.433088 5.00
39.468463 5.00
39.479213 5.00
39.509867 5.00
39.520743 5.00
39.551214 5.35
39.562088 5.35
39.597464 5.35
39.608339 5.00
39.638866 5.00
39.649591 5.00
39.680215 5.00
39.691107 5.00
39.726465 5.00
39.737215 5.00
39.767869 5.00
39.778741 5.00
39.809091 5.35
39.819859 5.00
39.850216 5.00
39.861091 5.00
39.896466 5.00
39.907217 5.00
39.937868 5.00
39.948593 5.00
39.979217 5.00
39.990110 5.00
40.025467 5.00
40.036217 5.35
40.066872 5.00
40.077735 5.00
40.108217 5.00
40.119108 5.00
40.154467 5.00
40.165343 5.00
40.195873 5.00
40.206734 5.00
40.237219 5.00
40.248094 5.00
40.283469 5.00
40.294344 5.35
40.324872 5.00
40.335595 5.00
40.366094 5.00
40.376860 5.00
40.407095 5.00
40.417863 5.00
40.448096 5.00
40.458863 5.00
40.489095 5.00
40.499861 5.00
40.530220 5.00
40.541096 5.35
40.576471 5.00
40.587221 5.00
40.617873 5.00
40.628597 5.00
40.659097 5.00
40.669862 5.00
40.700222 5.00
40.711097 5.00
40.746472 5.00
40.757347 5.00
40.787876 5.35
40.798741 5.00
40.829098 5.00
40.839865 5.00
40.870098 5.00
40.880864 5.00
40.911223 5.00
40.922098 5.00
40.957473 5.00
40.968224 5.00
40.998629 5.00
41.014601 5.00
41.040117 5.35
41.056117 5.00
41.086475 5.00
41.102474 5.00
41.127878 5.00
41.140475 5.00
41.169225 5.00
41.180118 5.00
41.215475 5.00
41.227994 5.00
41.256993 5.00
41.272993 5.35
41.303476 5.00
41.319476 5.00
41.344880 5.00
41.357351 5.00
41.386227 5.00
41.397103 5.00
41.432477 5.00
41.444979 5.00
41.473756 5.00
41.484604 5.00
41.515120 5.00
41.525868 5.35
41.561478 5.00
41.573979 5.00
41.602881 5.00
41.618883 5.00
41.644229 5.00
41.655104 5.00
41.690479 5.00
41.702980 5.00
41.731884 5.00
41.744354 5.00
41.773229 5.35
41.784105 5.00
41.819479 5.00
41.831981 5.00
41.860885 5.00
41.876884 5.00
41.902231 5.00
41.913105 5.00
41.948480 5.00
41.960857 5.00
41.989761 5.00
42.000608 5.00
42.031121 5.35
42.041873 5.00
42.077482 5.00
42.093356 5.00
42.118885 5.00
42.134884 5.00
42.160107 5.00
42.170874 5.00
42.201233 5.00
42.212108 5.00
42.247483 5.00
42.263358 5.35
42.288887 5.00
42.304885 5.00
42.330233 5.00
42.341109 5.00
42.376484 5.00
42.392359 5.00
42.417888 5.00
42.433886 5.00
42.459234 5.00
42.470109 5.00
42.505484 5.00
42.521484 5.00
42.546887 5.00
42.562764 5.00
42.588236 5.00
42.599110 5.00
42.634485 5.00
42.650361 5.00
42.675888 5.00
42.691765 5.00
42.717236 5.00
42.728111 5.00
42.763487 5.35
42.779361 5.00
42.804889 5.00
42.820765 5.00
42.846237 5.00
42.857112 5.00
42.892487 5.00
42.908362 5.00
42.933891 5.00
42.949892 5.00
42.975238 5.00
42.986113 5.35
43.021488 5.35
43.037364 5.00
43.062893 5.00
43.078891 5.00
43.104239 5.00
43.115132 5.00
43.150490 5.00
43.166364 5.00
43.191893 5.00
43.207894 5.00
43.233240 5.00
43.244115 5.35
43.279490 5.00
43.295365 5.00
43.320895 5.00
43.336892 5.00
43.362116 5.00
43.372883 5.00
43.403116 5.00
43.413884 5.00
43.444242 5.00
43.455116 5.00
43.490492 5.00
43.506366 5.35
43.531897 5.00
43.547896 5.00
43.574868 5.00
43.585618 5.00
43.616118 5.00
43.626885 5.00
43.657118 5.00
43.667885 5.00
43.699869 5.00
43.710773 5.00
43.741135 5.00
43.751887 5.00
43.787494 5.00
43.803494 5.00
43.828897 5.00
43.844771 5.00
43.871870 5.00
43.882771 5.00
43.913136 5.00
43.923885 5.00
43.959495 5.00
43.975495 5.00
44.000774 5.35
44.013370 5.00
44.042138 5.00
44.052886 5.00
44.088496 5.00
44.104371 5.00
44.129901 5.00
44.145776 5.00
44.172872 5.00
44.183776 5.00
44.214140 5.00
44.224889 5.35
44.260497 5.00
44.276372 5.00
44.301899 5.00
44.317777 5.00
44.344873 5.00
44.355640 5.00
44.386140 5.00
44.396889 5.00
44.428875 5.00
44.439625 5.00
44.471875 5.00
44.482777 5.35
44.514875 5.35
44.525625 5.00
44.561499 5.00
44.577499 5.00
44.602904 5.00
44.618778 5.00
44.645876 5.00
44.656626 5.00
44.687140 5.00
44.697893 5.00
44.733375 5.00
44.749501 5.35
44.774627 5.00
44.785501 5.00
44.816145 5.00
44.826891 5.00
44.857376 5.00
44.873377 5.00
44.898627 5.00
44.909502 5.00
44.939904 5.00
44.955781 5.00
44.986503 5.00
45.002502 5.35
45.027904 5.00
45.043782 5.00
45.074378 5.00
45.090503 5.00
45.115644 5.00
45.126503 5.00
45.157021 5.00
45.167771 5.00
45.198146 5.00
45.209022 5.00
45.244504 5.00
45.255253 5.00
45.285908 5.00
45.296783 5.00
45.332504 5.00
45.343255 5.00
45.373906 5.00
45.384632 5.00
45.420505 5.00
45.431381 5.00
45.461909 5.00
45.472631 5.00
45.508506 5.35
45.519381 5.00
45.549908 5.00
45.560631 5.00
45.596507 5.00
45.607382 5.00
45.637911 5.00
45.648786 5.00
45.684257 5.00
45.695025 5.00
45.725383 5.00
45.741383 5.35
45.766634 5.00
45.777508 5.00
45.808026 5.00
45.818773 5.00
45.849026 5.00
45.859777 5.00
45.895509 5.00
45.906259 5.00
45.936786 5.00
45.952901 5.00
45.978026 5.00
45.988776 5.00
46.024509 5.00
46.035260 5.00
46.065903 5.00
46.076790 5.00
46.112260 5.00
46.123025 5.00
46.153385 5.00
46.169386 5.00
46.194511 5.00
46.205261 5.00
46.235913 5.35
46.246636 5.00
46.282511 5.00
46.293387 5.00
46.323905 5.00
46.334637 5.00
46.370512 5.00
46.381387 5.00
46.411915 5.00
46.422790 5.00
46.458387 5.00
46.474513 5.35
46.499638 5.00
46.510389 5.00
46.540906 5.00
46.551639 5.00
46.587389 5.00
46.603264 5.00
46.628639 5.00
46.639389 5.00
46.669907 5.00
46.680791 5.00
46.716390 5.35
46.732521 5.00
46.757640 5.00
46.768390 5.00
46.798907 5.00
46.809792 5.00
46.845525 5.00
46.856390 5.00
46.886920 5.00
46.897792 5.00
46.933523 5.00
46.944391 5.00
46.974907 5.00
46.985642 5.00
47.021523 5.00
47.032267 5.00
47.062920 5.00
47.073796 5.00
47.109526 5.00
47.120267 5.00
47.150911 5.00
47.161795 5.00
47.197527 5.00
47.208268 5.35
47.238908 5.00
47.249671 5.00
47.285394 5.00
47.301269 5.00
47.329672 5.00
47.342270 5.00
47.376394 5.00
47.392269 5.00
47.420799 5.00
47.437037 5.00
47.467395 5.35
47.483525 5.00
47.511798 5.00
47.527674 5.00
47.558395 5.00
47.574396 5.00
47.602675 4.68
47.618800 5.00
47.644037 5.00
47.654798 5.00
47.685147 5.00
47.696037 5.00
47.726272 5.00
47.742272 5.00
47.767397 5.00
47.783525 5.00
47.808676 5.00
47.824800 5.00
47.855398 5.00
47.871397 5.00
47.896682 5.00
47.912800 5.00
47.938040 5.00
47.948803 5.35
47.979148 5.00
47.990038 5.00
48.020149 5.00
48.031041 5.00
48.061274 5.00
48.077400 5.00
48.102400 5.00
48.113150 5.00
48.143803 5.00
48.154678 5.00
48.190400 5.00
48.201275 5.00
48.231804 5.00
48.242679 5.00
48.278401 5.00
48.289151 5.00
48.319802 5.00
48.330530 5.00
48.366401 5.00
48.377277 5.00
48.407806 5.00
48.418681 5.00
48.454403 5.00
48.465277 5.00
48.495805 5.00
48.506681 5.00
48.542403 5.00
48.553278 5.00
48.583806 5.00
48.594682 5.00
48.630403 5.00
48.641278 5.00
48.671808 5.00
48.682683 5.35
48.718279 5.00
48.734404 5.00
48.759404 5.00
48.770279 5.00
48.800682 5.00
48.816683 5.00
48.847405 5.00
48.858155 5.00
48.888684 5.00
48.904684 5.00
48.935405 5.00
48.946280 5.35
48.976809 5.00
48.987685 5.00
49.023281 5.00
49.039281 5.00
49.064406 5.00
49.075281 5.00
49.105810 5.00
49.116687 5.00
49.152407 5.00
49.163157 5.00
49.193811 5.00
49.204687 5.00
49.240408 5.00
49.251282 5.00
49.281811 5.00
49.292534 5.00
49.328408 5.00
49.339284 5.00
49.369687 5.00
49.385810 5.00
49.416409 5.00
49.427284 5.00
49.457811 5.00
49.468536 5.00
49.504409 5.00
49.515285 5.00
49.545812 5.00
49.556536 5.00
49.592285 5.00
49.608410 5.00
49.633411 5.00
49.644285 4.68
49.674814 4.34
49.685689 4.34
49.721411 4.34
49.732286 4.34
49.762691 4.68
49.778816 4.34
49.809412 4.34
49.820162 4.34
49.850813 4.34
49.861689 4.34
49.897288 4.34
49.913288 4.34
49.938413 4.34
49.949288 4.34
49.979689 4.34
49.995693 4.34
50.026413 4.34
50.037288 4.34
50.067817 4.34
50.078693 4.34
50.114289 4.68
50.130289 4.34
50.155414 4.34
50.166164 4.34
50.196691 4.34
50.212694 4.34
50.243415 4.34
50.254290 4.34
50.284694 4.34
50.300819 4.34
50.331415 4.34
50.342291 4.34
50.372696 4.34
50.388695 4.34
50.419416 4.34
50.430291 4.34
50.460819 4.34
50.471695 4.34
50.507417 4.34
50.518167 4.34
50.548543 4.34
50.561057 4.34
50.589819 4.34
50.600543 4.34
50.636417 4.34
50.647293 4.34
50.677822 4.34
50.688544 4.34
50.719168 4.34
50.735294 4.34
50.760294 4.34
50.776294 4.34
50.801419 4.34
50.812294 4.34
50.842696 4.34
50.853419 4.34
50.889295 4.34
50.900170 4.34
50.930420 4.34
50.941170 4.34
50.971822 4.34
50.982547 4.34
51.013170 4.34
51.029295 4.34
51.054295 4.34
51.065171 4.34
51.095421 4.34
51.106296 4.34
51.136825 4.34
51.147700 4.34
51.178172 4.34
51.194297 4.34
51.219421 4.34
51.230171 4.34
51.260699 4.34
51.271422 4.34
51.307297 4.34
51.318172 4.68
51.348422 4.68
51.359173 4.68
51.389702 4.34
51.400549 4.34
51.436299 4.34
51.447174 4.34
51.477424 4.34
51.488174 4.34
51.518700 4.34
51.529424 4.34
51.565299 4.34
51.576175 4.34
51.606424 4.34
51.617174 4.34
51.647551 4.34
51.663701 4.34
51.694300 4.68
51.705175 4.34
51.735425 4.34
51.746176 4.34
51.776704 4.34
51.787426 4.34
51.823301 4.34
51.834176 4.34
51.864426 4.34
51.875176 4.34
51.905704 4.34
51.916553 4.34
51.947177 4.34
51.963302 4.34
51.988302 4.34
51.999178 4.34
52.029427 4.34
52.040177 4.34
52.070832 4.34
52.081704 4.34
52.112053 4.34
52.122818 4.34
52.153054 4.34
52.163818 4.34
52.194054 4.34
52.204821 4.34
52.235179 4.34
52.251304 4.34
52.276179 4.34
52.292305 4.34
52.317179 4.34
52.333305 4.34
52.358180 4.34
52.374305 4.34
52.399180 4.34
52.415305 4.34
52.440305 4.34
52.451056 4.34
52.481430 4.34
52.492181 4.34
52.522709 4.34
52.533557 4.34
52.564182 4.34
52.580307 4.34
52.605307 4.34
52.616182 4.34
52.646432 4.34
52.657307 4.34
52.689563 4.34
52.700432 4.34
52.736308 4.34
52.747183 4.34
52.777433 4.34
52.790074 4.34
52.818838 4.34
52.829560 4.34
52.860183 4.34
52.876183 4.34
52.901821 4.34
52.912743 4.34
52.943442 4.34
52.956083 4.34
52.990314 4.34
53.001187 4.34
53.031812 4.34
53.042565 4.34
53.073076 4.34
53.085594 4.34
53.114436 4.34
53.127077 4.34
53.157590 4.34
53.168435 4.34
53.204311 4.34
53.215186 4.34
53.245586 4.34
53.261827 4.34
53.287324 4.34
53.298195 4.34
53.330465 4.34
53.341444 4.34
53.377317 4.34
53.388190 4.34
53.420447 4.34
53.431315 4.34
53.463445 4.34
53.474313 4.34
53.510082 4.34
53.522443 4.34
53.551703 4.34
