0.000000 0.000000
0.041959 4.34
0.058223 4.34
0.083577 4.02
0.094563 2.66
0.125379 2.34
0.141689 2.34
0.166961 2.34
0.183230 2.34
0.208572 2.34
0.219556 2.34
0.250086 2.34
0.260928 2.34
0.291568 2.34
0.307676 2.34
0.332801 2.34
0.345192 2.34
0.374080 2.34
0.384925 2.34
0.420674 2.34
0.431566 2.34
0.461800 2.34
0.474192 2.34
0.503077 2.34
0.513925 2.34
0.544566 2.34
0.560676 2.34
0.585800 2.34
0.598191 2.34
0.627078 2.34
0.637926 2.34
0.673676 2.34
0.684568 2.34
0.714801 2.34
0.730802 2.34
0.756068 2.34
0.767068 2.34
0.797688 2.34
0.808686 2.34
0.844468 2.34
0.860819 2.34
0.886067 2.34
0.897065 2.34
0.927694 2.34
0.938692 2.34
0.974570 3.33
0.985583 4.02
1.016228 4.02
1.027224 4.02
1.057810 4.02
1.073934 4.02
1.104683 4.02
1.115573 4.02
1.146086 4.02
1.156932 4.02
1.187573 4.02
1.198447 4.02
1.228805 4.02
1.244806 4.02
1.269930 4.02
1.280806 4.02
1.316445 4.02
1.332447 4.02
1.357557 4.02
1.368447 4.02
1.398682 4.02
1.409573 4.02
1.445698 4.02
1.456698 4.34
1.492695 4.02
1.503695 4.02
1.539595 4.34
1.550570 4.02
1.581065 4.34
1.592069 4.02
1.622689 4.34
1.633574 4.34
1.669569 4.34
1.680568 4.34
1.711106 4.34
1.721939 4.34
1.752689 4.34
1.763688 4.34
1.799454 4.34
1.815454 4.34
1.848456 4.34
1.864452 4.34
1.889686 4.34
1.900560 4.34
1.930810 4.34
1.946811 4.34
1.972090 4.34
1.982936 4.34
2.013454 4.34
2.029452 4.34
2.054687 4.34
2.065455 4.34
2.096090 4.34
2.106937 4.02
2.137562 4.34
2.148330 4.34
2.178688 4.34
2.189455 4.34
2.219813 4.34
2.235688 4.34
2.261094 4.34
2.271938 4.34
2.302455 4.34
2.318456 4.34
2.343689 4.34
2.354457 4.34
2.384813 4.34
2.400814 4.34
2.426065 4.34
2.436814 4.34
2.472458 4.34
2.488459 4.34
2.513690 4.34
2.524455 4.34
2.554815 4.34
2.570815 4.34
2.604456 4.34
2.620459 4.34
2.645566 4.34
2.656331 4.34
2.686692 4.02
2.697459 4.34
2.727816 4.02
2.743816 4.34
2.770846 4.34
2.781568 4.34
2.812346 4.34
2.828458 4.34
2.853568 4.34
2.864332 4.34
2.894568 4.34
2.905334 4.34
2.935693 4.34
2.948222 4.34
2.976818 4.34
2.992818 4.34
3.023461 4.34
3.039461 4.34
3.064569 4.34
3.075336 4.34
3.105570 4.34
3.116337 4.34
3.146570 4.34
3.157337 4.34
3.187695 4.34
3.200070 4.34
3.228820 4.34
3.244820 4.34
3.275460 4.34
3.291462 4.34
3.316571 4.34
3.327336 4.34
3.357696 4.34
3.370071 4.34
3.398821 4.34
3.414821 4.34
3.445224 4.34
3.455955 4.34
3.486465 4.34
3.502465 4.34
3.527573 4.34
3.538337 4.34
3.568573 4.34
3.579340 4.34
3.609573 4.34
3.620341 4.34
3.650699 4.34
3.666573 4.34
3.691824 4.34
3.702699 4.34
3.738467 4.34
3.749237 4.34
3.779699 4.34
3.795700 4.34
3.820824 4.34
3.831700 4.34
3.867465 4.34
3.878230 4.34
3.908700 4.34
3.924576 4.34
3.949825 4.34
3.960700 4.34
3.996468 4.34
4.007229 4.34
4.037576 4.34
4.048466 4.34
4.078576 4.34
4.089469 4.34
4.119576 4.34
4.130469 4.34
4.160577 4.34
4.171470 4.34
4.201577 4.34
4.212467 4.34
4.242703 4.34
4.258703 4.34
4.283828 4.34
4.294703 4.34
4.330345 4.34
4.346233 4.34
4.371704 4.34
4.387704 4.34
4.412829 4.02
4.423579 4.34
4.459470 4.34
4.470233 4.34
4.500580 4.34
4.511472 4.34
4.541580 4.34
4.552471 4.34
4.582705 4.34
4.598580 4.34
4.623830 4.34
4.634705 4.34
4.670472 4.34
4.681235 4.02
4.711581 4.02
4.722473 4.34
4.752581 4.34
4.763473 4.34
4.793707 4.34
4.809582 4.34
4.834832 4.34
4.845707 4.34
4.881474 4.34
4.892236 4.34
4.922707 4.34
4.938583 4.34
4.963832 4.34
4.974583 4.02
5.010475 4.34
5.021473 4.34
5.051583 4.34
5.062475 4.34
5.092709 4.34
5.108584 4.02
5.133833 4.34
5.144709 4.34
5.180477 4.34
5.191238 4.34
5.221710 4.34
5.237585 4.34
5.262835 4.34
5.273585 4.34
5.309477 4.34
5.320241 4.34
5.350585 4.34
5.361476 4.34
5.391586 4.34
5.402364 4.34
5.432586 4.34
5.443478 4.34
5.473586 4.34
5.484479 4.34
5.514587 4.34
5.525477 4.34
5.555712 4.34
5.571712 4.34
5.596837 4.34
5.607712 4.34
5.643241 4.34
5.659239 4.34
5.684588 4.34
5.695478 4.34
5.725713 4.34
5.741713 4.34
5.766838 4.34
5.777713 4.34
5.813242 4.34
5.829243 4.02
5.854589 4.34
5.865479 4.34
5.895714 4.34
5.911714 4.34
5.936839 4.34
5.947714 4.34
5.983245 4.34
5.999244 4.34
6.024590 4.34
6.036967 4.34
6.065716 4.02
6.081716 4.02
6.106841 4.34
6.117591 4.34
6.148245 4.34
6.164233 4.34
6.189592 4.34
6.201967 4.34
6.230717 4.34
6.246717 4.34
6.271842 4.34
6.282592 4.34
6.318247 4.34
6.334247 4.34
6.359593 4.34
6.371974 4.34
6.400718 4.34
6.416593 4.34
6.441843 4.34
6.452593 4.34
6.488122 4.34
6.498844 4.34
6.529594 4.34
6.541971 4.34
6.570719 4.34
6.586719 4.34
6.611844 4.34
6.622594 4.34
6.653250 4.34
6.669237 4.02
6.694595 4.34
6.710470 4.34
6.735595 4.34
6.751610 4.34
6.782481 4.02
6.793481 4.34
6.829372 4.34
6.840367 4.34
6.870982 4.34
6.881981 4.34
6.912603 4.34
6.928726 4.34
6.953850 4.34
6.964725 4.34
6.995257 4.34
7.011240 4.34
7.036599 4.34
7.052598 4.34
7.077723 4.34
7.088473 4.34
7.118848 4.34
7.129598 4.34
7.160508 4.34
7.171504 4.68
7.207271 4.68
7.223480 4.68
7.248853 4.68
7.259728 4.68
7.290497 4.68
7.301245 4.68
7.331851 4.68
7.342726 4.68
7.373367 4.68
7.384252 4.68
7.414725 4.68
7.430600 4.68
7.455850 4.68
7.466600 4.68
7.502243 4.68
7.518131 4.68
7.543601 4.68
7.559476 4.68
7.584601 4.68
7.600602 4.68
7.625601 4.68
7.641603 4.68
7.666602 4.68
7.682602 4.68
7.707727 4.68
7.718477 4.68
7.748853 4.68
7.759602 4.68
7.795246 4.68
7.811131 4.68
7.836495 4.68
7.847246 4.68
7.877604 4.68
7.893479 4.68
7.918604 4.68
7.934604 4.68
7.959604 4.68
7.975604 4.34
8.000854 4.68
8.011729 4.68
8.047246 4.68
8.063134 4.68
8.088605 4.68
8.104606 4.68
8.129730 4.68
8.145606 4.68
8.170856 4.68
8.181731 4.68
8.217248 4.68
8.233123 4.68
8.258606 4.68
8.274607 4.34
8.299606 4.68
8.315482 4.68
8.340607 4.68
8.356607 4.68
8.381732 4.68
8.393608 4.34
8.424608 4.68
8.435500 4.68
8.465733 4.68
8.476608 4.68
8.508609 4.68
8.519500 4.68
8.549733 4.68
8.560483 4.68
8.596138 4.68
8.612136 4.68
8.637499 4.68
8.649985 4.34
8.678734 4.34
8.689485 4.68
8.721611 4.68
8.732502 4.68
8.762610 4.68
8.778485 4.68
8.803610 4.68
8.819485 4.68
8.844610 4.68
8.860611 4.68
8.885610 4.68
8.901486 4.68
8.926611 4.34
8.937486 4.68
8.967611 4.34
8.978486 4.68
9.008612 4.34
9.019487 4.68
9.049612 4.68
9.060487 4.68
9.090612 4.68
9.101488 4.68
9.131612 4.68
9.142488 4.68
9.172612 4.68
9.183488 4.68
9.213613 4.68
9.224489 4.68
9.254613 4.68
9.265489 4.68
9.295614 4.68
9.306489 4.68
9.336614 4.68
9.347489 4.68
9.377614 4.68
9.388490 4.68
9.418615 4.68
9.429490 4.68
9.459740 4.68
9.470490 4.68
9.505991 4.68
9.521992 4.68
9.547508 4.68
9.563508 4.68
9.588741 4.34
9.599616 4.68
9.634993 4.34
9.650996 4.68
9.676508 4.68
9.692509 4.68
9.717492 4.68
9.733617 4.68
9.758492 4.68
9.774492 4.68
9.799618 4.68
9.815618 4.68
9.840743 4.68
9.851618 4.68
9.886994 4.68
9.902998 4.68
9.928271 4.68
9.938995 4.68
9.969511 4.68
9.985619 4.68
10.010494 4.68
10.026494 4.68
10.051494 4.68
10.067494 4.68
10.092495 4.68
10.108510 4.68
10.133495 4.68
10.149495 4.34
10.174496 4.68
10.190495 4.34
10.215496 4.34
10.231514 4.68
10.256495 4.68
10.272496 4.34
10.297496 4.68
10.313515 4.68
10.338497 4.68
10.354497 4.68
10.379512 4.68
10.395513 4.68
10.420497 4.68
10.436514 4.68
10.461498 4.34
10.477515 4.68
10.502498 4.68
10.518516 4.68
10.543514 4.68
10.559623 4.68
10.584498 4.68
10.600498 4.68
10.625498 4.68
10.641499 4.68
10.666499 4.34
10.682499 4.68
10.707499 4.68
10.723500 4.68
10.748499 4.68
10.764499 4.68
10.789500 4.68
10.805525 4.68
10.830500 4.68
10.846625 4.68
10.871500 4.68
10.887500 4.68
10.912501 4.68
10.928501 4.68
10.953501 4.68
10.969501 4.68
10.994501 4.68
11.010501 4.68
11.035502 4.68
11.051501 4.68
11.076502 4.68
11.092519 4.68
11.117502 4.68
11.133627 4.68
11.158502 4.68
11.174502 4.68
11.199503 4.68
11.215503 4.68
11.240503 4.68
11.256503 4.68
11.281503 4.68
11.297520 4.68
11.322503 4.68
11.338504 4.68
11.363504 4.68
11.379521 4.68
11.404504 4.68
11.420629 4.68
11.445504 4.68
11.461522 4.68
11.486505 4.68
11.502505 4.68
11.527522 4.68
11.543504 4.68
11.568506 4.68
11.584505 4.68
11.609505 4.68
11.625522 4.68
11.650506 4.68
11.666506 4.68
11.691506 4.68
11.707524 4.68
11.732506 4.68
11.748507 4.68
11.773507 4.68
11.789507 4.68
11.814507 4.68
11.830507 4.68
11.855508 4.68
11.871507 4.68
11.896508 4.68
11.912507 4.68
11.937508 4.68
11.953526 4.68
11.978508 4.68
11.994633 4.68
12.019509 4.68
12.035509 4.68
12.060509 4.68
12.076509 4.68
12.101509 4.68
12.117509 4.68
12.142510 4.68
12.153275 4.68
12.188885 4.68
12.199634 4.68
12.230287 4.68
12.241011 4.68
12.271635 4.68
12.282510 4.68
12.317885 4.68
12.328635 4.68
12.359290 4.68
12.370136 4.68
12.400511 4.68
12.411279 4.68
12.441512 4.68
12.452278 4.68
12.482637 4.68
12.493512 4.68
12.528887 4.68
12.539762 4.68
12.570137 4.34
12.580887 4.68
12.611530 4.68
12.627529 4.68
12.652513 4.68
12.663279 4.68
12.693638 4.68
12.704513 4.68
12.739888 4.68
12.750639 4.68
12.781293 4.68
12.792155 4.68
12.822639 4.68
12.833514 4.68
12.868889 4.68
12.879764 4.68
12.910294 4.68
12.921155 4.68
12.951515 4.68
12.962284 4.68
12.997766 4.68
13.008515 4.68
13.039415 4.34
13.055650 4.34
13.086298 4.34
13.098895 4.34
13.127645 4.34
13.138520 4.34
13.169184 4.34
13.180019 4.34
13.210538 4.34
13.226643 4.34
13.256892 4.34
13.267767 4.34
13.298294 4.34
13.309018 4.34
13.339649 4.34
13.350519 4.34
13.381300 4.34
13.393898 4.34
13.422647 4.34
13.433522 4.34
13.464191 4.34
13.475021 4.34
13.505535 4.34
13.521539 4.34
13.547338 4.34
