0.000000 0.000000
0.041879 4.34
0.052873 4.34
0.088852 4.34
0.099852 2.66
0.135715 2.66
0.146715 2.66
0.177338 2.66
0.188336 2.66
0.218975 2.66
0.231582 2.66
0.265863 2.66
0.276739 2.66
0.307219 2.66
0.318093 2.66
0.348732 2.66
0.359577 2.66
0.390216 2.66
0.401089 2.66
0.436576 2.66
0.452576 2.66
0.478090 2.66
0.494091 2.66
0.519216 2.66
0.530091 2.34
0.565578 2.66
0.581577 2.34
0.607091 2.66
0.623092 2.66
0.648218 2.66
0.659092 2.66
0.694578 2.66
0.710578 2.66
0.735855 2.66
0.746732 2.66
0.782719 2.66
0.793715 2.66
0.824337 2.66
0.835336 2.66
0.866160 2.66
0.887843 2.66
0.898883 2.66
0.934857 2.66
0.946033 2.66
0.982159 4.02
1.003729 4.02
1.014716 4.34
1.045338 4.34
1.056338 4.34
1.086713 4.34
1.097585 4.02
1.128100 4.34
1.144098 4.02
1.169334 4.02
1.180208 4.02
1.215582 4.34
1.231583 4.34
1.256859 4.34
1.267583 4.34
1.298224 4.34
1.309098 4.34
1.344583 4.34
1.360583 4.34
1.386101 4.34
1.402099 4.34
1.429035 4.34
1.439997 4.34
1.475861 4.34
1.486877 4.34
1.522720 4.34
1.533739 4.34
1.564346 4.34
1.577014 4.34
1.605881 4.34
1.616716 4.34
1.652716 4.34
1.663591 4.34
1.694107 4.34
1.704857 4.34
1.740588 4.34
1.756588 4.68
1.781994 4.68
1.798105 4.68
1.828892 5.00
1.841472 5.00
1.875725 5.00
1.886719 5.00
1.919001 5.00
1.929871 5.00
1.961995 5.00
1.972870 5.00
2.003340 5.00
2.014105 5.00
2.049589 5.00
2.065463 5.00
2.090869 5.00
2.101589 5.00
2.137723 5.00
2.148723 5.00
2.184596 5.00
2.200594 5.00
2.226237 5.00
2.237110 5.00
2.267718 5.00
2.278467 5.00
2.308984 5.00
2.325008 5.00
2.350109 5.00
2.360858 5.00
2.392997 5.00
2.403921 5.00
2.434611 5.00
2.450789 5.35
2.476231 5.35
2.487226 5.35
2.517724 5.35
2.528473 5.35
2.561011 5.35
2.571879 5.35
2.607595 5.35
2.623595 5.35
2.649235 5.35
2.659986 5.35
2.695594 5.35
2.711468 5.35
2.736986 5.35
2.753233 5.35
2.778618 5.35
2.789627 5.35
2.820131 5.35
2.830994 5.35
2.861609 5.35
2.877609 5.35
2.902989 5.35
2.918991 5.35
2.943989 5.35
2.959987 5.35
2.985113 5.35
2.995862 5.35
3.031605 5.35
3.042640 5.35
3.073230 5.35
3.084229 5.35
3.114903 5.35
3.130995 5.35
3.156120 5.35
3.166990 5.35
3.197607 5.35
3.213608 5.35
3.238991 5.35
3.254991 5.35
3.280113 5.35
3.290875 5.35
3.326503 5.35
3.342473 5.35
3.368003 5.35
3.383879 5.35
3.414607 5.35
3.430475 5.35
3.456001 5.35
3.471879 5.35
3.502609 5.35
3.518475 5.35
3.544004 5.35
3.559878 5.35
3.587867 5.35
3.603880 5.35
3.629244 5.35
3.639995 5.35
3.670612 5.35
3.681611 5.35
3.712230 5.35
3.723230 5.35
3.753763 5.35
3.764608 5.35
3.795228 5.35
3.806121 5.35
3.841478 5.35
3.857608 5.35
3.882757 5.35
3.893607 5.35
3.924246 5.35
3.935121 5.35
3.965478 5.35
3.981607 5.35
4.006756 5.35
4.017607 5.35
4.048230 5.35
4.059122 5.35
4.094354 5.35
4.105230 5.35
4.135480 5.35
4.151608 5.35
4.176759 5.35
4.187609 5.35
4.218248 5.35
4.229121 5.35
4.259919 5.35
4.276121 5.35
4.306867 5.35
4.323116 5.35
4.348232 5.35
4.359125 5.35
4.394870 11.65
4.411136 8.03
4.441784 8.03
4.454365 8.03
4.488621 8.03
4.499487 8.03
4.530127 8.03
4.540894 8.03
4.571616 8.03
4.582485 8.03
4.613125 8.03
4.623889 8.03
4.654234 8.03
4.665124 8.03
4.700484 8.03
4.716613 8.03
4.741764 8.03
4.752614 7.69
4.783235 8.03
4.794126 8.03
4.829485 8.03
4.845614 8.03
4.873888 8.03
4.889890 8.03
4.915236 8.03
4.926128 8.03
4.961361 8.03
4.972111 8.03
5.002486 8.03
5.018486 8.03
5.043768 8.03
5.054614 8.03
5.086863 8.03
5.097764 12.32
5.129891 8.03
5.140765 8.03
5.171238 8.03
5.182131 8.03
5.217614 8.03
5.228488 8.03
5.259129 8.35
5.269891 8.35
5.305616 8.35
5.316489 8.35
5.347131 8.35
5.357891 8.03
5.389897 8.03
5.400767 8.35
5.432881 8.03
5.443769 8.03
5.475896 7.69
5.486618 8.03
5.518866 8.35
5.529771 8.03
5.561867 8.35
5.572768 8.35
5.604867 8.35
5.615771 8.35
5.647867 8.03
5.658770 8.03
5.690896 8.35
5.701770 8.35
5.733868 8.03
5.744771 8.03
5.780492 8.35
5.796493 8.03
5.821772 6.68
5.837897 8.03
5.864883 8.03
5.875772 8.03
5.911368 8.03
5.923869 8.35
5.952494 8.35
5.968369 8.03
5.993773 8.35
6.009896 8.35
6.035136 8.03
6.045888 8.35
6.081369 8.35
6.093745 8.35
6.122621 8.35
6.133495 8.35
6.164138 8.35
6.174888 8.03
6.210496 8.35
6.226626 8.03
6.251623 8.03
6.262496 8.03
6.293139 8.03
6.303888 8.35
6.334371 8.35
6.350497 8.35
6.375660 8.35
6.386497 8.35
6.417140 8.03
6.428015 8.03
6.463373 8.03
6.479248 8.35
6.504624 8.35
6.515498 6.68
6.545902 8.03
6.556777 8.35
6.592249 8.35
6.603141 8.35
6.633248 8.03
6.644139 8.35
6.674374 8.03
6.690499 8.03
6.715500 8.03
6.726249 8.35
6.756777 8.03
6.772779 8.35
6.803500 8.35
6.814375 8.35
6.844779 8.03
6.860902 8.03
6.886144 6.36
6.896891 8.03
6.932501 8.03
6.943377 8.03
6.973781 8.35
6.989779 8.35
7.020377 8.35
7.036502 8.35
7.061628 8.03
7.072502 8.03
7.103019 8.35
7.113907 8.35
7.149503 8.35
7.160253 8.35
7.190783 8.35
7.206908 8.35
7.237504 7.69
7.248379 8.03
7.278782 8.35
7.294783 8.35
7.325379 8.03
7.341255 8.35
7.366504 8.03
7.377379 8.35
7.407784 8.03
7.424023 8.35
7.454505 8.03
7.465255 8.35
7.495785 8.03
7.511910 8.35
7.542506 8.03
7.553256 8.35
7.583785 8.03
7.599911 7.69
7.630506 8.35
7.641382 8.03
7.671788 8.03
7.687633 8.03
7.718507 8.03
7.729258 8.35
7.759912 8.35
7.770787 8.35
7.806508 8.03
7.817258 8.35
7.847787 8.03
7.863787 8.35
7.894509 8.03
7.905258 8.03
7.935787 2.04
7.951635 7.37
7.982509 8.03
7.993259 8.35
8.023788 8.03
8.039788 8.03
8.070385 8.03
8.086510 8.35
8.111510 8.03
8.122260 8.35
8.152787 8.03
8.168914 8.35
8.199511 8.35
8.210261 8.35
8.240916 8.35
8.251638 8.03
8.287386 8.35
8.303387 6.68
8.328512 8.03
8.339262 8.03
8.369790 8.03
8.385915 8.03
8.412764 8.03
8.423639 8.03
8.455791 8.35
8.466639 8.03
8.502388 8.03
8.518388 8.03
8.543513 8.35
8.554263 8.35
8.584793 8.03
8.600915 8.03
8.627765 8.03
8.638640 8.35
8.669157 7.69
8.679904 8.03
8.710390 8.35
8.726515 8.35
8.751515 8.03
8.762265 8.35
8.792794 8.03
8.808792 8.35
8.839265 8.03
8.851642 8.35
8.880266 8.35
8.892642 8.35
8.921391 8.35
8.937266 8.35
8.962516 8.35
8.973392 8.03
9.003795 8.35
9.019794 7.69
9.050267 8.35
9.062643 8.35
9.091268 8.03
9.103644 8.03
9.132392 8.35
9.148518 8.03
9.173518 8.35
9.184268 8.35
9.214922 8.35
9.225645 8.03
9.261394 8.03
9.277394 8.03
9.302519 8.03
9.313269 8.03
9.343799 8.03
9.354519 1.06
9.390395 8.03
9.401145 8.03
9.431520 8.03
9.442270 8.03
9.472799 8.03
9.483521 8.03
9.519395 8.35
9.530146 8.03
9.560521 8.03
9.571271 8.03
9.601798 8.03
9.612522 8.03
9.648397 8.03
9.659272 8.03
9.689522 8.03
9.700272 8.03
9.730648 7.02
9.746799 8.03
9.771927 8.35
9.782800 8.03
9.813148 8.03
9.823913 8.03
9.854149 8.35
9.864915 8.35
9.895148 8.35
9.905917 8.35
9.936149 8.35
9.946916 8.35
9.977149 8.03
9.987916 8.35
10.018150 8.35
10.028915 8.35
10.059150 8.35
10.069915 12.32
10.100150 8.03
10.110920 8.03
10.141151 8.35
10.151918 8.35
10.182151 8.35
10.192919 8.35
10.223151 8.35
10.233918 8.35
10.264151 8.03
10.274919 8.35
10.305152 8.35
10.315919 8.03
10.346152 8.35
10.356919 8.03
10.387153 8.35
10.397920 8.35
10.428153 8.03
10.438921 8.03
10.469171 8.35
10.479919 8.35
10.510278 8.03
10.526404 8.35
10.551279 8.35
10.567404 8.35
10.592279 8.35
10.608279 8.35
10.633279 8.35
10.649404 8.35
10.674279 8.35
10.690405 8.03
10.715280 8.03
10.731405 8.35
10.756280 8.35
10.772405 8.35
10.797280 7.37
10.813406 8.35
10.838281 8.35
10.854281 8.35
10.879281 8.35
10.895407 8.35
10.920281 8.35
10.936407 8.35
10.961282 8.35
10.977406 8.35
11.002282 8.35
11.018282 8.35
11.043282 8.35
11.059407 8.35
11.084283 8.35
11.100408 8.35
11.125283 8.35
11.141408 12.32
11.166283 8.03
11.182283 8.35
11.207284 8.03
11.223409 8.03
11.248284 8.35
11.264284 8.35
11.289284 8.35
11.305409 8.03
11.330285 8.35
11.346409 8.35
11.371285 8.35
11.387410 8.35
11.412285 8.35
11.428286 8.35
11.453285 8.35
11.469411 8.35
11.494286 7.69
11.510286 8.03
11.535286 8.03
11.551411 8.35
11.576411 8.35
11.587161 8.35
11.617663 8.03
11.633787 8.35
11.664412 8.35
11.675163 8.03
11.705664 8.35
11.721788 8.35
11.748542 8.03
11.759288 8.35
11.791543 8.03
11.802414 8.03
11.834544 8.03
11.845289 6.36
11.877543 8.03
11.888289 8.35
11.924182 8.35
11.936543 8.35
11.965415 8.35
11.976165 8.35
12.006666 8.35
12.022790 8.35
12.053415 8.35
12.064165 8.35
12.094667 8.35
12.110667 8.35
12.141416 8.35
12.152166 8.35
12.182668 8.35
12.193541 8.03
12.229416 8.03
12.240166 8.35
12.270668 8.03
12.281542 8.03
12.317417 8.03
12.333417 8.03
12.358669 8.35
12.369542 8.03
12.405418 8.35
12.416167 8.35
12.446543 8.35
12.459061 8.35
12.493187 8.35
12.505547 8.35
12.534187 8.35
12.550185 8.35
12.575419 7.37
12.586168 8.35
12.616671 8.35
12.627545 8.35
12.663187 8.35
12.679185 8.35
12.704420 8.35
12.715170 8.03
12.745672 8.35
12.756546 8.35
12.792421 8.03
12.803170 8.35
12.833701 8.35
12.844546 8.35
12.875188 8.35
12.891190 8.35
12.916422 7.69
12.927297 8.03
12.957547 8.35
12.973547 8.03
13.004187 8.03
13.020190 8.35
13.045547 8.35
13.061548 8.35
13.095423 8.35
13.106173 8.35
13.136675 8.03
13.147549 8.35
13.183189 8.35
13.199189 8.35
13.224424 8.35
13.235174 8.35
13.265549 8.35
13.281550 7.69
13.312193 8.35
13.328192 8.35
13.353425 8.35
13.364175 8.35
13.394706 8.35
13.405550 8.35
13.436191 8.35
13.452193 8.35
13.477301 8.35
13.488192 8.35
13.518426 8.35
13.529301 8.35
13.559551 8.35
13.575552 8.35
13.606193 8.35
13.622192 7.69
13.647427 8.03
13.658177 8.35
13.688678 8.35
13.699553 8.35
13.729818 8.35
13.740696 8.35
13.771195 8.35
13.787193 8.35
13.812428 8.35
13.823178 8.35
13.853553 8.35
13.869554 8.35
13.900194 8.35
13.916196 8.35
13.941430 8.35
13.952180 8.03
13.982681 7.69
13.993555 8.03
14.029198 8.35
14.045197 8.35
14.070430 8.03
14.082949 8.35
14.111682 8.35
14.122556 8.35
14.158199 8.35
14.174196 8.35
14.199431 8.35
14.211947 8.35
14.240683 8.35
14.251557 8.35
14.287197 8.03
14.303197 8.35
14.328432 2.04
14.339307 7.37
14.369701 8.03
14.380558 8.35
14.411201 8.35
14.427200 8.35
14.452433 8.35
14.465076 8.35
14.493684 8.03
14.504559 8.03
14.535201 8.35
14.551201 8.03
14.576434 8.35
14.588826 8.03
14.617686 8.35
14.628560 8.35
14.659200 8.35
14.675202 8.35
14.700435 12.32
14.712826 8.35
14.741687 8.35
14.752561 8.35
14.788203 8.35
14.804201 8.35
14.829436 8.35
14.841828 8.35
14.870688 8.03
14.881561 8.35
14.913442 8.35
14.924312 8.35
14.954689 8.35
14.965562 8.35
14.995965 8.35
15.011955 8.35
15.037313 8.03
15.048188 7.02
15.078438 8.03
15.094313 8.35
15.119690 8.35
15.130564 8.35
15.165956 8.35
15.176690 8.35
15.207314 8.35
15.218189 8.35
15.248439 8.35
15.264440 8.35
15.289691 8.35
15.300565 8.35
15.336206 8.35
15.346958 8.35
15.377316 8.35
15.388191 8.35
15.418441 7.69
15.434441 8.35
15.459722 8.35
15.470566 8.35
15.501208 8.35
15.511960 8.35
15.542567 8.35
15.558567 8.35
15.589208 8.03
15.599959 8.35
15.630442 8.35
15.646443 8.35
15.674695 8.35
15.685568 8.35
15.716208 8.35
15.726960 8.35
15.757443 7.69
15.773318 8.03
15.798695 8.35
15.809569 8.35
15.839971 8.35
15.856084 8.35
15.881194 8.35
15.891960 8.35
15.922320 8.35
15.933195 8.35
15.963444 8.35
15.979445 8.35
16.004697 8.35
16.015570 8.35
16.051087 8.35
16.067088 8.35
16.092196 8.35
16.103104 7.69
16.133880 4.68
16.144875 4.68
16.175452 4.68
16.191577 4.68
16.222216 4.68
16.232969 4.68
16.263574 4.34
16.274449 4.34
16.310217 4.68
16.320966 4.34
16.351448 4.34
16.367573 4.68
16.392700 4.68
16.403573 4.68
16.433977 4.34
16.450091 4.68
16.475324 4.68
16.486199 4.68
16.516449 4.68
16.532449 4.68
16.557701 4.34
16.568574 4.68
16.599335 4.68
16.610334 4.68
16.646207 4.34
16.657206 4.34
16.687580 4.68
16.698455 4.68
16.728985 4.34
16.745096 4.34
16.770328 4.34
16.782856 4.34
16.811452 4.34
16.827451 4.34
16.852703 4.34
16.863577 4.34
16.893982 4.34
16.904704 4.34
16.935328 4.68
16.946203 4.68
16.976453 4.34
16.992453 4.34
17.019463 4.34
17.030328 4.34
17.062463 4.34
17.073203 4.34
17.103980 4.34
17.116463 4.34
17.145329 4.34
17.157856 4.34
17.186454 4.34
17.202454 4.34
17.229465 4.34
17.240329 4.34
17.272465 4.34
17.283330 4.34
17.315340 4.34
17.326222 4.34
17.356456 4.34
17.372456 4.34
17.399341 4.34
17.410223 4.34
17.440456 4.34
17.456457 4.34
17.483341 4.34
17.494224 4.34
17.524906 4.34
