0.000000 0.000000
0.041963 4.34
0.054627 4.02
0.088835 4.34
0.099709 4.02
0.135721 2.66
0.146976 2.34
0.177352 2.34
0.188498 2.34
0.218960 2.34
0.231458 2.34
0.260082 2.34
0.275954 2.34
0.301080 2.34
0.316952 2.34
0.342202 2.34
0.352951 2.34
0.383201 2.34
0.393950 2.34
0.429826 2.34
0.440593 2.34
0.471104 2.34
0.487105 2.34
0.517826 2.34
0.528577 2.34
0.559104 2.34
0.575103 2.34
0.601979 2.34
0.612827 2.34
0.643228 2.34
0.653953 2.34
0.689828 2.34
0.700577 2.34
0.730953 2.34
0.743470 2.34
0.772106 2.34
0.788405 2.34
0.813855 2.34
0.824843 2.34
0.860728 2.34
0.871720 2.34
0.902501 2.34
0.918735 2.34
0.944129 2.34
0.960418 2.34
0.985721 2.34
0.996857 4.02
1.027341 4.02
1.038254 4.02
1.068962 4.02
1.085122 4.02
1.115710 4.02
1.126598 4.02
1.157112 4.02
1.167959 4.02
1.198597 4.02
1.214708 4.02
1.239707 4.02
1.250596 4.02
1.280707 4.02
1.291582 4.02
1.321707 4.02
1.332583 4.02
1.362708 4.02
1.373583 4.02
1.403708 4.02
1.414583 4.02
1.444854 4.02
1.455849 4.02
1.491723 4.02
1.502848 4.02
1.533349 4.02
1.544366 4.02
1.574985 4.02
1.591270 4.02
1.616717 4.34
1.627718 4.34
1.658384 4.34
1.669383 4.34
1.699969 4.34
1.716260 4.02
1.749841 4.34
1.760723 4.68
1.796722 4.68
1.807721 4.68
1.838363 4.68
1.849343 4.68
1.879967 4.68
1.896108 4.68
1.926840 4.68
1.937589 4.68
1.968089 4.68
1.978964 4.68
2.014605 4.68
2.030604 4.68
2.055853 4.68
2.066725 4.68
2.102724 4.68
2.113721 4.68
2.144343 4.68
2.155363 4.68
2.185843 4.68
2.196717 4.68
2.227216 4.68
2.237966 4.68
2.268606 4.68
2.284608 4.68
2.309715 4.68
2.320590 5.00
2.350715 4.68
2.361590 4.68
2.394052 4.68
2.404976 5.00
2.440848 5.00
2.451846 5.00
2.487720 4.68
2.498611 5.00
2.528968 5.00
2.544968 5.00
2.575717 5.00
2.586608 4.68
2.617120 5.00
2.627966 5.00
2.658607 5.00
2.674717 5.00
2.700285 5.00
2.711301 5.00
2.741848 5.00
2.752847 5.00
2.788721 5.00
2.799611 5.00
2.829971 5.00
2.846096 5.00
2.879844 5.00
2.892361 5.00
2.921095 5.00
2.931969 5.00
2.962612 4.68
2.978611 5.00
3.003845 5.00
3.016362 4.68
3.045286 5.00
3.056409 4.68
3.086855 5.00
3.099496 5.00
3.133726 5.00
3.144616 5.00
3.177006 5.00
3.187849 5.00
3.223723 5.00
3.234614 5.00
3.265126 5.00
3.275972 5.00
3.306612 5.00
3.322721 5.00
3.347848 5.00
3.360248 5.00
3.390894 5.00
3.401852 4.68
3.437725 4.68
3.448621 5.00
3.479120 5.00
3.489975 4.68
3.520616 5.00
3.536617 4.68
3.561849 5.00
3.574240 5.00
3.603100 5.00
3.613974 5.00
3.649616 5.00
3.665617 5.00
3.690989 5.00
3.707286 4.68
3.732633 4.68
3.743607 4.68
3.774106 4.68
3.784979 4.68
3.815624 4.68
3.826397 4.68
3.856977 4.68
3.867726 4.68
3.903493 4.68
3.915855 4.68
3.944726 4.68
3.955602 4.68
3.985990 4.68
4.002280 5.00
4.027637 4.68
4.038633 4.68
4.069277 4.68
4.080275 4.68
4.110857 4.68
4.126856 4.68
4.157625 4.68
4.168370 4.68
4.198980 4.68
4.209854 4.68
4.245619 4.68
4.256371 4.68
4.286854 4.68
4.303121 4.68
4.333735 4.68
4.344734 4.68
4.380630 4.34
4.391616 4.34
4.422282 4.34
4.433279 4.34
4.463860 4.34
4.479860 4.34
4.510501 4.34
4.526501 4.34
4.551982 4.34
4.562857 4.34
4.598624 4.34
4.609373 4.34
4.639981 4.34
4.650856 4.34
4.686625 4.34
4.697371 4.34
4.727857 4.34
4.743732 4.34
4.769109 4.34
4.779982 4.34
4.810387 4.34
4.826501 4.34
4.851733 4.34
4.862623 4.34
4.892858 4.34
4.908858 4.34
4.934109 4.34
4.944983 4.34
4.975387 4.34
4.986110 4.34
5.016734 4.34
5.027625 4.34
5.057859 4.34
5.073859 4.34
5.098984 4.34
5.109734 4.34
5.145626 4.34
5.156375 4.34
5.186610 4.34
5.197378 4.34
5.227735 4.34
5.238611 4.34
5.268860 4.34
5.284861 4.34
5.310111 4.34
5.320986 4.34
5.356629 4.34
5.367379 4.34
5.397736 4.34
5.408612 4.34
5.438862 4.34
5.454862 4.34
5.480113 4.34
5.490987 4.34
5.521392 4.34
5.532113 4.34
5.562738 4.34
5.573630 4.34
5.603863 4.34
5.619863 4.34
5.644988 4.34
5.655738 4.34
5.691507 4.34
5.707504 4.34
5.732739 4.34
5.743614 4.34
5.773864 4.34
5.789864 4.34
5.816874 4.34
5.827615 4.34
5.859874 4.34
5.870740 4.34
5.901116 4.34
5.911990 4.34
5.942393 4.34
5.958509 4.34
5.983741 4.34
5.996270 4.34
6.024865 4.34
6.040866 4.34
6.067876 4.34
6.078616 4.34
6.110876 4.34
6.121742 4.34
6.153876 4.34
6.164742 4.34
6.196772 4.34
6.207634 4.34
6.239766 4.34
6.250636 4.34
6.282753 4.34
6.293635 4.34
6.323868 4.34
6.339743 4.34
6.370270 4.34
6.382753 4.34
6.411619 4.34
6.422384 4.34
6.452744 4.34
6.465120 4.34
6.493869 4.34
6.504619 4.34
6.540273 4.34
6.552754 4.34
6.581745 4.34
6.594121 4.34
6.622870 4.34
6.633621 4.34
6.665755 4.34
6.676639 4.34
6.706871 4.34
6.717746 4.34
6.753274 4.34
6.765776 4.34
6.794746 4.34
6.810746 4.34
6.835871 4.34
6.846622 4.34
6.876997 4.34
6.887873 4.34
6.918512 4.34
6.929516 4.34
6.959622 4.34
6.970515 4.34
7.000748 4.34
7.016623 4.34
7.041873 4.34
7.052748 4.34
7.088276 4.34
7.098999 4.34
7.129640 4.34
7.140391 4.34
7.170874 4.34
7.181624 4.34
7.217278 4.34
7.233265 4.34
7.258641 4.34
7.269393 4.34
7.299875 4.34
7.310750 4.34
7.346280 4.34
7.357000 4.34
7.387643 4.34
7.398392 4.34
7.428875 4.34
7.439626 4.34
7.475269 4.34
7.491268 4.34
7.516643 4.34
7.527392 4.34
7.557877 4.34
7.568627 4.34
7.604280 4.34
7.615002 4.34
7.645642 4.34
7.656396 4.34
7.686753 4.34
7.702753 4.34
7.727878 4.34
7.738628 4.34
7.774268 4.34
7.790273 4.34
7.815645 4.34
7.826395 4.34
7.856879 4.34
7.867754 4.34
7.903285 4.34
7.919272 4.34
7.944644 4.34
7.955396 4.34
7.985880 4.34
7.996629 4.34
8.026879 4.34
8.037629 4.34
8.067879 4.34
8.078629 4.34
8.108880 4.34
8.119629 4.34
8.149879 4.34
8.160630 4.34
8.190880 4.34
8.201630 4.34
8.231880 4.34
8.242630 4.34
8.272881 4.34
8.283630 4.34
8.313881 4.34
8.324631 4.34
8.354881 4.34
8.365631 4.34
8.395881 4.34
8.406632 4.34
8.436881 4.34
8.447631 4.34
8.477882 4.34
8.488631 4.34
8.518882 4.34
8.529632 4.34
8.559882 4.34
8.570632 4.34
8.600882 4.34
8.611633 4.34
8.641883 4.34
8.652633 4.34
8.682883 4.34
8.693633 4.34
8.723884 4.34
8.734633 4.34
8.764884 4.34
8.775634 4.34
8.805884 4.34
8.816634 4.34
8.846885 4.34
8.857634 4.34
8.887885 4.34
8.898635 4.34
8.928885 4.34
8.939635 4.34
8.969885 4.34
8.980635 4.34
9.010886 4.34
9.021635 4.34
9.051886 4.34
9.062636 4.34
9.092886 4.34
9.103636 4.34
9.133886 4.34
9.144637 4.34
9.174886 4.34
9.185637 4.34
9.215887 4.34
9.226636 4.34
9.256887 4.34
9.267637 4.34
9.297888 4.34
9.308638 4.34
9.338888 4.34
9.349638 4.34
9.379888 4.34
9.390638 4.34
9.420888 4.34
9.431639 4.34
9.461889 4.34
9.472639 4.34
9.502889 4.34
9.513639 4.34
9.543889 4.34
9.554639 4.34
9.584890 4.34
9.595639 4.34
9.625890 4.34
9.636640 4.34
9.666890 4.34
9.677640 4.34
9.707890 4.34
9.718641 4.34
9.748891 4.34
9.759641 4.34
9.789891 4.34
9.800641 4.34
9.830891 4.34
9.841641 4.34
9.871892 4.34
9.882642 4.34
9.912891 4.34
9.923642 4.34
9.953892 4.34
9.964642 4.34
9.994892 4.34
10.005642 4.34
10.035893 4.34
10.046643 4.34
10.076893 4.34
10.087643 4.34
10.117893 4.34
10.128644 4.34
10.158893 4.34
10.169644 4.34
10.205298 4.34
10.221286 4.34
10.246538 4.34
10.257288 4.34
10.287646 4.34
10.303538 4.34
10.328771 4.34
10.344646 4.34
10.369896 4.34
10.380772 4.34
10.416299 4.34
10.432289 4.34
10.457537 4.34
10.468288 4.34
10.498773 4.34
10.514773 4.34
10.539898 4.34
10.550773 4.34
10.586302 4.34
10.602148 4.34
10.627649 4.34
10.643541 4.34
10.668774 4.34
10.684774 4.34
10.709899 4.34
10.720648 4.34
10.756302 4.34
10.772151 4.34
10.797542 4.34
10.808292 4.34
10.838775 4.34
10.854650 4.34
10.879900 4.34
10.890775 4.34
10.926306 4.34
10.942151 4.34
10.967418 4.34
10.978151 4.34
11.008776 4.34
11.024651 4.34
11.049901 4.34
11.060776 4.34
11.091307 4.34
11.107152 4.34
11.132544 4.34
11.143294 4.34
11.173777 4.34
11.189777 4.34
11.214903 4.34
11.225777 4.34
11.256305 4.34
11.272153 4.34
11.297543 4.34
11.310036 4.34
11.338778 4.34
11.354653 4.34
11.381655 4.34
11.392419 4.34
11.422779 4.34
11.438654 4.34
11.465674 4.34
11.476421 4.34
11.508673 4.34
11.519422 4.34
11.549780 4.34
11.560547 4.34
11.592674 4.34
11.603421 4.34
11.633655 4.34
11.649549 4.34
11.674781 4.34
11.685546 4.34
11.721038 4.34
11.731781 4.34
11.762436 4.34
11.773311 4.34
11.803782 4.34
11.814657 4.34
11.850187 4.34
11.862686 4.34
11.891672 4.34
11.907549 4.34
11.932658 4.34
11.948549 4.34
11.973783 4.34
11.984549 4.34
12.020036 4.34
12.036042 4.34
12.061549 4.34
12.074038 4.34
12.102783 4.34
12.113659 4.34
12.149038 4.34
12.165038 4.34
12.190556 4.34
12.206552 4.34
12.231784 4.34
12.242552 4.34
12.278038 4.34
12.290566 4.34
12.319550 4.34
12.335550 4.34
12.360660 4.34
12.376660 4.34
12.401786 4.34
12.412660 4.34
12.448040 4.34
12.464040 4.34
12.489316 4.34
12.500041 4.34
12.530662 4.34
12.546662 4.34
12.571787 4.34
12.582663 4.34
12.618041 4.34
12.634041 4.34
12.659556 4.34
12.675553 4.34
12.700663 4.34
12.716663 4.34
12.741663 4.34
12.752555 4.34
12.782789 4.34
12.793664 4.34
12.829044 4.34
12.845044 4.34
12.870320 4.34
12.881045 4.34
12.911664 4.34
12.927557 4.34
12.952664 4.34
12.963558 4.34
12.993665 4.34
13.004558 4.34
13.034790 4.34
13.045557 4.34
13.081045 4.34
13.097045 4.34
13.122559 4.34
13.138558 4.34
13.163666 4.34
13.179666 4.34
13.204666 4.34
13.215559 4.34
13.245667 4.34
13.256558 4.34
13.286792 4.34
13.297667 4.34
13.333045 4.34
13.349045 4.34
13.374561 4.34
13.390559 4.34
13.415668 4.34
13.431668 4.34
13.456668 4.34
13.467562 4.34
13.497793 4.34
13.508561 4.34
13.544048 4.34
13.568559 4.34
13.584669 4.34
13.609669 4.34
13.625561 4.34
13.650794 4.34
13.661670 4.34
13.697047 4.34
13.713047 4.34
13.738564 4.34
13.754563 4.34
13.779671 4.34
13.795564 4.34
13.820671 4.34
13.831546 4.34
13.861671 4.34
13.872440 4.34
13.908050 4.34
13.924201 4.34
13.949564 4.34
13.965565 4.34
13.990672 4.34
14.011922 4.34
14.022672 4.34
14.053202 4.34
14.069201 4.34
14.094673 4.34
14.110673 4.34
14.135673 4.34
14.146563 4.34
14.176798 4.34
14.187564 4.34
14.223054 4.34
14.239204 4.34
14.264564 4.34
14.280564 4.34
14.305549 4.34
14.321566 4.34
14.346549 4.34
14.362567 4.34
14.387550 4.34
14.403675 4.34
14.428550 4.34
14.444567 4.34
14.469550 4.34
14.485568 4.34
14.510567 4.34
14.526567 4.34
14.551551 4.34
14.567568 4.34
14.592552 4.34
14.608569 4.34
14.633677 4.34
14.644552 4.34
14.674676 4.34
14.685552 4.34
14.715802 4.34
14.726552 4.34
14.762057 4.34
14.773054 4.34
14.803329 4.34
14.814207 4.34
14.844678 4.34
14.855571 4.34
14.887447 4.34
14.898445 4.34
14.933929 4.34
14.949929 4.34
14.975444 4.34
14.987804 4.34
15.021929 4.34
15.037929 4.34
15.063446 4.34
15.079572 4.34
15.104573 4.34
15.115447 4.34
15.145680 4.34
15.156573 4.34
15.186806 4.34
15.197555 4.34
15.233057 4.34
15.249057 4.34
15.274574 4.34
15.290571 4.34
15.315681 4.34
15.326574 4.34
15.356681 4.34
15.367556 4.34
15.397682 4.34
15.408557 4.34
15.438682 4.34
15.449574 4.34
15.479682 4.34
15.490558 4.34
15.520683 4.34
15.531558 4.34
15.561683 4.34
15.572558 4.34
15.602809 4.34
15.613683 4.34
15.649060 4.34
15.665063 4.34
15.690577 4.34
15.706576 4.34
15.731685 4.34
15.742559 4.34
15.772684 4.34
15.783559 4.34
15.813685 4.34
15.824560 4.34
15.854685 4.34
15.865560 4.34
15.895685 4.34
15.906561 4.34
15.936685 4.34
15.947561 4.34
15.977686 4.34
15.988560 4.34
16.018686 4.34
16.029561 4.34
16.059686 4.34
16.070561 4.34
16.100687 4.34
16.111562 4.34
16.141687 4.34
16.152562 4.34
16.182688 4.34
16.193563 4.34
16.223687 4.34
16.234563 4.34
16.264688 4.34
16.275563 4.34
16.305688 4.34
16.316563 4.34
16.346688 4.34
16.357563 4.34
16.387689 4.34
16.398564 4.34
16.430441 4.34
16.441342 4.34
16.471689 4.34
16.482582 4.34
16.512690 4.34
16.523565 4.34
16.553690 4.34
16.564565 4.34
16.596442 4.34
16.607343 4.34
16.637690 4.34
16.648580 4.34
16.678690 4.34
16.689566 4.34
16.721442 4.34
16.732220 4.34
16.762583 4.34
16.778584 4.34
16.803567 4.34
16.814332 4.34
16.844692 4.34
16.855582 4.34
16.890942 4.34
16.906942 4.34
16.932461 4.34
16.948585 4.34
16.973586 4.34
16.984336 4.34
17.016445 4.34
17.027347 4.34
17.057693 4.34
17.068585 4.34
17.100445 4.34
17.111223 4.34
17.141584 4.34
17.152337 4.34
17.184446 4.34
17.195347 4.34
17.225695 4.34
17.236585 4.34
17.268447 4.34
17.279224 4.34
17.309588 4.34
17.320338 4.34
17.352447 4.34
17.363350 4.34
17.393696 4.34
17.404589 4.34
17.436448 4.34
17.447226 4.34
17.477589 4.34
17.488340 4.34
17.523822 4.34
17.534697 4.34
17.564947 4.34
17.577324 4.34
17.606350 4.34
17.622589 4.34
17.647698 4.34
17.658591 4.34
17.693823 4.34
17.704698 4.34
17.734948 4.34
17.747325 4.34
17.776354 4.34
17.792591 4.34
17.817699 4.34
17.828574 4.34
17.864075 4.34
17.874949 4.34
17.905591 4.34
17.916342 4.34
17.951950 4.34
17.967825 4.34
17.993353 4.34
18.009594 4.34
18.034701 4.34
18.045576 4.34
18.080825 4.34
18.091700 4.34
18.122077 4.34
18.132951 4.34
18.163595 4.34
18.174469 4.34
18.209827 4.34
18.220576 4.34
18.250952 4.34
18.266827 4.34
18.292355 4.34
18.308593 4.34
18.333593 4.34
18.344345 4.34
18.374578 4.34
18.385343 4.34
18.415578 4.34
18.426343 4.34
18.456578 4.34
18.467347 4.34
18.497579 4.34
18.508346 4.34
18.538579 4.34
18.549348 4.34
18.579580 4.34
18.590347 4.34
18.620580 4.34
18.631347 4.34
18.661579 4.34
18.672345 4.34
18.702580 4.34
18.713347 4.34
18.743580 4.34
18.754349 4.34
18.784581 4.34
18.795347 4.34
18.825581 4.34
18.836471 4.34
18.866581 4.34
18.877474 4.34
18.907581 4.34
18.918471 4.34
18.948582 4.34
18.959475 4.34
18.989582 4.34
19.000475 4.34
19.030582 4.34
19.041350 4.34
19.071583 4.34
19.082473 4.34
19.112583 4.34
19.123350 4.34
19.153583 4.34
19.164352 4.34
19.194584 4.34
19.205351 4.34
19.235584 4.34
19.246351 4.34
19.276584 4.34
19.287352 4.34
19.317585 4.34
19.328351 4.34
19.358585 4.34
19.369352 4.34
19.399585 4.34
19.410352 4.34
19.440585 4.34
19.451353 4.34
19.481585 4.34
19.492353 4.34
19.522586 4.34
19.533354 4.34
19.563586 4.34
19.574352 4.34
19.604587 4.34
19.615351 4.34
19.647338 4.34
19.658212 4.34
19.688603 4.34
19.699354 4.34
19.734837 4.34
19.745587 4.34
19.776089 4.34
19.786962 4.34
19.817606 4.34
19.828356 4.34
19.858588 4.34
19.869355 4.34
19.901340 4.34
19.912214 4.34
19.944341 4.34
19.955090 4.34
19.985607 4.34
19.996354 4.34
20.026608 4.34
20.037357 4.34
20.072840 4.34
20.083589 4.34
20.114092 4.34
20.124965 4.34
20.155608 4.34
20.166358 4.34
20.201841 4.34
20.214342 4.34
20.243092 4.34
20.253965 4.34
20.284608 4.34
20.295359 4.34
20.330841 4.34
20.343343 4.34
20.372093 4.34
20.382967 4.34
20.413610 4.34
20.424361 4.34
20.456219 4.34
20.467094 4.34
20.497609 4.34
20.508359 4.34
20.543968 4.34
20.559843 4.34
20.585372 4.34
20.601373 4.34
20.631968 4.34
20.647969 4.34
20.673374 4.34
20.689372 4.34
20.719969 4.34
20.735844 4.34
20.761371 4.34
20.777371 4.34
20.807845 4.34
20.820222 4.34
20.848970 4.34
20.864845 4.34
20.890374 4.34
20.901220 4.34
20.936721 4.34
20.947612 4.34
20.977846 4.34
20.993721 4.34
21.019097 4.34
21.029971 4.34
21.060377 4.34
21.071097 4.34
21.106972 4.34
21.117722 4.34
21.148377 4.34
21.159098 4.34
21.194847 4.34
21.210723 4.34
21.236099 4.34
21.246973 4.34
21.277615 4.34
21.288366 4.34
21.318848 4.34
21.334849 4.34
21.359974 4.34
21.370724 4.34
21.401379 4.34
21.412100 4.34
21.447974 4.34
21.458724 4.34
21.489378 4.34
21.500243 4.34
21.535975 4.34
21.546850 4.34
21.577379 4.34
21.588101 4.34
21.623851 4.34
21.639726 4.34
21.665101 4.34
21.675976 4.34
21.706378 4.34
21.717102 4.34
21.752976 4.34
21.763726 4.34
21.794379 4.34
21.805103 4.34
21.840977 4.34
21.851728 4.34
21.882381 4.34
21.893258 4.34
21.928978 4.34
21.939728 4.34
21.970384 4.34
21.981246 4.34
22.016979 4.34
22.027729 4.34
22.058383 4.34
22.069246 4.34
22.104979 4.34
22.115854 4.34
22.146495 4.34
22.157244 4.34
22.192979 4.34
22.203730 4.34
22.234384 4.34
22.245107 4.34
22.280855 4.34
22.296980 4.34
22.322107 4.34
22.332980 4.34
22.363385 4.34
22.374260 4.34
22.409981 4.34
22.420731 4.34
22.451386 4.34
22.462108 4.34
22.497982 4.34
22.508857 4.34
22.539387 4.34
22.550250 4.34
22.585982 4.34
22.596732 4.34
22.627388 4.34
22.638109 4.34
22.673858 4.34
22.689983 4.34
22.715110 4.34
22.727733 4.34
22.758264 4.34
22.769140 4.34
22.804859 4.34
22.820984 4.34
22.846139 4.34
22.858734 4.34
22.889266 4.34
22.900140 4.34
22.932265 4.34
22.943138 4.34
22.978985 4.34
22.989860 4.34
23.020388 4.34
23.031112 4.34
23.066860 4.34
23.082986 4.34
23.111113 4.34
23.121986 4.34
23.154238 4.34
23.165113 4.34
23.195391 4.34
23.206113 4.34
23.241987 4.34
23.252737 4.34
23.283391 4.34
23.294114 4.34
23.329988 4.34
23.340862 4.34
23.371490 4.34
23.382237 4.34
23.414113 4.34
23.424861 4.34
23.455113 4.34
23.467487 4.34
23.496114 4.34
23.508488 4.34
23.537114 4.34
23.549488 4.34
23.578114 4.34
23.590488 4.34
23.619114 4.34
23.631489 4.34
23.660115 4.34
23.672489 4.34
23.701115 4.34
23.716989 4.34
23.742115 4.34
23.754489 4.34
23.783116 4.34
23.798990 4.34
23.824116 4.34
23.839989 4.34
23.865117 4.34
23.877490 4.34
23.906117 4.34
23.921990 4.34
23.947117 4.34
23.962991 4.34
23.988241 4.34
24.004117 4.34
24.029241 4.34
24.039991 4.34
24.070242 4.34
24.080991 4.34
24.111242 4.34
24.121992 4.34
24.152242 4.34
24.162992 4.34
24.193242 4.34
24.203993 4.34
24.234242 4.34
24.244993 4.34
24.275243 4.34
24.285992 4.34
24.316243 4.34
24.326993 4.34
24.357244 4.34
24.367993 4.34
24.398244 4.34
24.408994 4.34
24.439244 4.34
24.449994 4.34
24.480245 4.34
24.490994 4.34
24.521245 4.34
24.531995 4.34
24.562245 4.34
24.572995 4.34
24.603245 4.34
24.613995 4.34
24.644246 4.34
24.654995 4.34
24.685246 4.34
24.695996 4.34
24.726246 4.34
24.736996 4.34
24.767246 4.34
24.777996 4.34
24.808247 4.34
24.818996 4.34
24.849247 4.34
24.859997 4.34
24.890248 4.34
24.900997 4.34
24.931248 4.34
24.941998 4.34
24.972247 4.34
24.982998 4.34
25.013248 4.34
25.023998 4.34
25.054249 4.34
25.064999 4.34
25.095249 4.34
25.105999 4.34
25.136249 4.34
25.146999 4.34
25.177250 4.34
25.187999 4.34
25.218250 4.34
25.229000 4.34
25.259250 4.34
25.270000 4.34
25.300250 4.34
25.311000 4.34
25.341250 4.34
25.352000 4.34
25.382251 4.34
25.393000 4.34
25.423251 4.34
25.434001 4.34
25.464251 4.34
25.475001 4.34
25.505252 4.34
25.516002 4.34
25.546252 4.34
25.557002 4.34
25.587252 4.34
25.598002 4.34
25.628253 4.34
25.639002 4.34
25.669253 4.34
25.680003 4.34
25.710253 4.34
25.721003 4.34
25.751253 4.34
25.762003 4.34
25.792254 4.34
25.803003 4.34
25.833254 4.34
25.844004 4.34
25.874254 4.34
25.885004 4.34
25.915255 4.34
25.926004 4.34
25.956255 4.34
25.967005 4.34
25.997255 4.34
26.008005 4.34
26.038255 4.34
26.049006 4.34
26.079255 4.34
26.090006 4.34
26.120256 4.34
26.131005 4.34
26.161256 4.34
26.172006 4.34
26.202257 4.34
26.213006 4.34
26.243288 4.34
26.254165 4.34
26.284650 4.34
26.297013 4.34
26.325884 4.34
26.336758 4.34
26.367135 4.34
26.383288 4.34
26.408289 4.34
26.419136 4.34
26.454885 4.34
26.465760 4.34
26.496136 4.34
26.512286 4.34
26.542885 4.34
26.553760 4.34
26.584137 4.34
26.595011 4.34
26.630654 4.34
26.646652 4.34
26.671886 4.34
26.682761 4.34
26.713138 4.34
26.724012 4.34
26.759762 4.34
26.770653 4.34
26.800887 4.34
26.811637 4.34
26.842138 4.34
26.853012 4.34
26.888888 4.34
26.899638 4.34
26.930139 4.34
26.941012 4.34
26.976656 4.34
26.992764 4.34
27.017888 4.34
27.028763 4.34
27.059155 4.34
27.070014 4.34
27.100655 4.34
27.116656 4.34
27.141889 4.34
27.152765 4.34
27.183140 4.34
27.194015 4.34
27.229655 4.34
27.245659 4.34
27.270890 4.34
27.281765 4.34
27.312142 4.34
27.323016 4.34
27.358659 4.34
27.374658 4.34
27.399892 4.34
27.410766 4.34
27.441143 4.34
27.452017 4.34
27.487659 4.34
27.503660 4.34
27.528892 4.34
27.539642 4.34
27.570144 4.34
27.581017 4.34
27.616658 4.34
27.632667 4.34
27.657893 4.34
27.668644 4.34
27.699145 4.34
27.710018 4.34
27.745660 4.34
27.761661 4.34
27.786894 4.34
27.797769 4.34
27.828019 4.34
27.844019 4.34
27.874662 4.34
27.890661 4.34
27.915894 4.34
27.926770 4.34
27.957146 4.34
27.967895 4.34
27.998299 4.34
28.009146 4.34
28.039537 4.34
28.050288 4.34
28.080771 4.34
28.091536 4.34
28.121897 4.34
28.132646 4.34
28.163147 4.34
28.173896 4.34
28.209771 4.34
28.220647 4.34
28.250897 4.34
28.261647 4.34
28.292148 4.34
28.302897 4.34
28.338663 4.34
28.354663 4.34
28.379898 4.34
28.390648 4.34
28.421149 4.34
28.431898 4.34
28.467666 4.34
28.483666 4.34
28.508899 4.34
28.519649 4.34
28.550149 4.34
28.560899 4.34
28.593038 4.34
28.603900 4.34
28.639667 4.34
28.655666 4.34
28.680900 4.34
28.691775 4.34
28.722151 4.34
28.732901 4.34
28.768668 4.34
28.784666 4.34
28.809901 4.34
28.822416 4.34
28.853059 4.34
28.879045 4.34
28.889902 4.34
28.925667 4.34
28.941670 4.34
28.966902 4.34
28.979305 4.34
29.008153 4.34
29.018903 4.34
29.054669 4.34
29.070668 4.34
29.095903 4.34
29.108308 4.34
29.138908 4.34
29.149653 4.34
29.185547 4.34
29.197908 4.34
29.226779 4.34
29.237545 4.34
29.267904 4.34
29.283904 4.34
29.309155 4.34
29.319904 4.34
29.350422 4.34
29.361155 4.34
29.391780 4.34
29.402546 4.34
29.432906 4.34
29.445309 4.34
29.479550 4.34
29.491910 4.34
29.520906 4.34
29.536906 4.34
29.567674 4.34
29.578424 4.34
29.608907 4.34
29.624907 4.34
29.650186 4.34
29.661041 4.34
29.691675 4.34
29.702422 4.34
29.732908 4.34
29.748908 4.34
29.774036 4.34
29.784908 4.34
29.820783 4.34
29.831658 4.34
29.861908 4.34
29.877908 4.34
29.903186 4.34
29.914038 4.34
29.944659 4.34
29.955551 4.34
29.985659 4.34
29.996550 4.34
30.026785 4.34
30.037660 4.34
30.067910 4.34
30.083785 4.34
30.109195 4.34
30.119910 4.34
30.150661 4.34
30.161553 4.34
30.191661 4.34
30.202553 4.34
30.232786 4.34
30.243662 4.34
30.273911 4.34
30.289912 4.34
30.315188 4.34
30.326041 4.34
30.356662 4.34
30.367553 4.34
30.397787 4.34
30.408662 4.34
30.438912 4.34
30.454788 4.34
30.485553 4.34
30.501555 4.34
30.526788 4.34
30.537553 4.34
30.567913 4.34
30.583913 4.34
30.609194 4.34
30.620046 4.34
30.650664 4.34
30.661556 4.34
30.691789 4.34
30.702665 4.34
30.732914 4.34
30.748790 4.34
30.779555 4.34
30.795558 4.34
30.820790 4.34
30.831557 4.34
30.861915 4.34
30.877916 4.34
30.903193 4.34
30.913916 4.34
30.944666 4.34
30.955556 4.34
30.985666 4.34
30.996558 4.34
31.026792 4.34
31.037542 4.34
31.067917 4.34
31.083917 4.34
31.117559 4.34
31.133560 4.34
31.158668 4.34
31.169561 4.34
31.199793 4.34
31.210560 4.34
31.240918 4.34
31.256918 4.34
31.283928 4.34
31.294793 4.34
31.326928 4.34
31.337794 4.34
31.369929 4.34
31.380669 4.34
31.412924 4.34
31.423794 4.34
31.454046 4.34
31.464920 4.34
31.495562 4.34
31.511562 4.34
31.536796 4.34
31.549324 4.34
31.577921 4.34
31.593921 4.34
31.620931 4.34
31.631796 4.34
31.663931 4.34
31.674796 4.34
31.710565 4.34
31.726562 4.34
31.751797 4.34
31.764201 4.34
31.792923 4.34
31.808922 4.34
31.835802 4.34
31.846672 4.34
31.876923 4.34
31.892923 4.34
31.919803 4.34
31.930673 4.34
31.960923 4.34
31.976923 4.34
32.007326 4.34
32.018050 4.34
32.048565 4.34
32.064566 4.34
32.089799 4.34
32.102204 4.34
32.130924 4.34
32.146924 4.34
32.177329 4.34
32.189805 4.34
32.218675 4.34
32.229566 4.34
32.259676 4.34
32.270565 4.34
32.300675 4.34
32.311567 4.34
32.341801 4.34
32.357801 4.34
32.382926 4.34
32.393801 4.34
32.429570 4.34
32.440319 4.34
32.470802 4.34
32.486802 4.34
32.511927 4.34
32.522677 4.34
32.558568 4.34
32.569319 4.34
32.599678 4.34
32.610553 4.34
32.640803 4.34
32.656803 4.34
32.681928 4.34
32.692803 4.34
32.728570 4.34
32.739320 4.34
32.769804 4.34
32.785679 4.34
32.811056 4.34
32.821929 4.34
32.852571 4.34
32.863322 4.34
32.893680 4.34
32.904555 4.34
32.934805 4.34
32.950805 4.34
32.975931 4.34
32.986805 4.34
33.022572 4.34
33.033324 4.34
33.063681 4.34
33.074556 4.34
33.104681 4.34
33.115557 4.34
33.145681 4.34
33.156557 4.34
33.186682 4.34
33.197575 4.34
33.227682 4.34
33.238557 4.34
33.268682 4.34
33.279558 4.34
33.309808 4.34
33.325808 4.34
33.350933 4.34
33.361808 4.34
33.397577 4.34
33.408326 4.34
33.438684 4.34
33.449559 4.34
33.479684 4.34
33.490559 4.34
33.520684 4.34
33.531560 4.34
33.561685 4.34
33.572560 4.34
33.602684 4.34
33.613560 4.34
33.643685 4.34
33.654560 4.34
33.684685 4.34
33.695560 4.34
33.725811 4.34
33.741686 4.34
33.767080 4.34
33.777936 4.34
33.808576 4.34
33.819327 4.34
33.849812 4.34
33.865687 4.34
33.890937 4.34
33.901687 4.34
33.937327 4.34
33.948063 4.34
33.978688 4.34
33.989578 4.34
34.019688 4.34
34.030578 4.34
34.060687 4.34
34.071563 4.34
34.101688 4.34
34.112563 4.34
34.142814 4.34
34.158689 4.34
34.183939 4.34
34.194814 4.34
34.225341 4.34
34.241333 4.34
34.266579 4.34
34.277330 4.34
34.307564 4.34
34.318331 4.34
34.348690 4.34
34.361219 4.34
34.389816 4.34
34.405690 4.34
34.430941 4.34
34.441816 4.34
34.472346 4.34
34.488332 4.34
34.513567 4.34
34.524333 4.34
34.554692 4.34
34.567221 4.34
34.595692 4.34
34.608069 4.34
34.636692 4.34
34.649069 4.34
34.677692 4.34
34.690069 4.34
34.718692 4.34
34.731069 4.34
34.759818 4.34
34.775693 4.34
34.800943 4.34
34.811819 4.34
34.842346 4.34
34.854724 4.34
34.883694 4.34
34.896085 4.34
34.924944 4.34
34.935819 4.34
34.966460 4.34
34.977221 4.34
35.007587 4.34
35.018460 4.34
35.048695 4.34
35.061090 4.34
35.089696 4.34
35.102090 4.34
35.130696 4.34
35.143072 4.34
35.171821 4.34
35.187696 4.34
35.212946 4.34
35.223821 4.34
35.254348 4.34
35.266706 4.34
35.295697 4.34
35.311697 4.34
35.336697 4.34
35.352697 4.34
35.377697 4.34
35.393697 4.34
35.418698 4.34
35.434698 4.34
35.459698 4.34
35.475698 4.34
35.500698 4.34
35.516698 4.34
35.541698 4.34
35.557699 4.34
35.582699 4.34
35.598699 4.34
35.623699 4.34
35.639699 4.34
35.664699 4.34
35.680699 4.34
35.705700 4.34
35.721700 4.34
35.746825 4.34
35.757575 4.34
35.793215 4.34
35.803950 4.34
35.834592 4.34
35.845342 4.34
35.875576 4.34
35.886344 4.34
35.916576 4.34
35.927342 4.34
35.957702 4.34
35.973576 4.34
35.998702 4.34
36.014577 4.34
36.039827 4.34
36.050702 4.34
36.080952 4.34
36.091702 4.34
36.127357 4.34
36.143203 4.34
36.168578 4.34
36.179345 4.34
36.209578 4.34
36.220346 4.34
36.250579 4.34
36.261347 4.34
36.291579 4.34
36.302349 4.34
36.332579 4.34
36.343345 4.34
36.373579 4.34
36.384348 4.34
36.414579 4.34
36.425347 4.34
36.455580 4.34
36.466347 4.34
36.496580 4.34
36.507347 4.34
36.537581 4.34
36.548348 4.34
36.578581 4.34
36.589348 4.34
36.619581 4.34
36.630349 4.34
36.660581 4.34
36.671347 4.34
36.701581 4.34
36.712350 4.34
36.742582 4.34
36.753347 4.34
36.783582 4.34
36.794351 4.34
36.824583 4.34
36.835475 4.34
36.865583 4.34
36.876351 4.34
36.906583 4.34
36.917350 4.34
36.947583 4.34
36.958352 4.34
36.988584 4.34
37.001085 4.34
37.029584 4.34
37.040353 4.34
37.070584 4.34
37.081353 4.34
37.111585 4.34
37.124085 4.34
37.152585 4.34
37.163350 4.34
37.193585 4.34
37.206086 4.34
37.234585 4.34
37.247086 4.34
37.275586 4.34
37.286353 4.34
37.316586 4.34
37.329087 4.34
37.357587 4.34
37.370087 4.34
37.398587 4.34
37.411087 4.34
37.439587 4.34
37.451962 4.34
37.480587 4.34
37.492962 4.34
37.521587 4.34
37.533962 4.34
37.562588 4.34
37.574963 4.34
37.603588 4.34
37.615963 4.34
37.644589 4.34
37.656963 4.34
37.685589 4.34
37.697964 4.34
37.726589 4.34
37.738964 4.34
37.767589 4.34
37.779964 4.34
37.808589 4.34
37.820965 4.34
37.849590 4.34
37.861965 4.34
37.890590 4.34
37.902965 4.34
37.931590 4.34
37.943965 4.34
37.972591 4.34
37.988590 4.34
38.013591 4.34
38.029608 4.34
38.054591 4.34
38.066967 4.34
38.095592 4.34
38.111592 4.34
38.136592 4.34
38.152592 4.34
38.177610 4.34
38.193609 4.34
38.218717 4.34
38.234592 4.34
38.259717 4.34
38.270592 4.34
38.300718 4.34
38.311483 4.34
38.341843 4.34
38.352593 4.34
38.388218 4.34
38.404124 4.34
38.429610 4.34
38.445610 4.34
38.470719 4.34
38.486594 4.34
38.511845 4.34
38.522594 4.34
38.558235 4.34
38.574113 4.34
38.599720 4.34
38.615720 4.34
38.640845 4.34
38.651596 4.34
38.687237 4.34
38.703239 4.34
38.728612 4.34
38.744596 4.34
38.769721 4.34
38.785596 4.34
38.810846 4.34
38.821596 4.34
38.857250 4.34
38.873239 4.34
38.898612 4.34
38.914612 4.34
38.939598 4.34
38.955597 4.34
38.980598 4.34
38.996597 4.34
39.021723 4.34
39.037598 4.34
39.062848 4.34
39.073597 4.34
39.109238 4.34
39.125130 4.34
39.150724 4.34
39.166599 4.34
39.191849 4.34
39.202599 4.34
39.238240 4.34
39.254128 4.34
39.279600 4.34
39.295725 4.34
39.320725 4.34
39.336725 4.34
39.361850 4.34
39.372725 4.34
39.408243 4.34
39.424241 4.34
39.449617 4.34
39.465617 4.34
39.490726 4.34
39.506602 4.34
39.531851 4.34
39.542726 4.34
39.578245 4.34
39.594245 4.34
39.619619 4.34
39.635621 4.34
39.660603 4.34
39.676619 4.34
39.701728 4.34
39.717603 4.34
39.744604 4.34
39.755369 4.34
39.785728 4.34
39.801603 4.34
39.828605 4.34
39.839372 4.34
39.869729 4.34
39.880604 4.34
39.912606 4.34
39.923371 4.34
39.953730 4.34
39.964605 4.34
39.996606 4.34
40.007372 4.34
40.037870 4.34
40.048866 4.34
40.079519 4.34
40.095735 4.34
40.126111 4.02
40.142375 4.34
40.167628 4.34
40.183624 4.34
40.210609 4.34
40.221397 4.34
40.251732 4.34
40.262607 4.34
40.297982 4.34
40.308857 4.34
40.339386 4.34
40.350249 4.34
40.380732 4.34
40.391607 4.02
40.423484 4.34
40.434408 4.34
40.470384 4.34
40.481395 4.34
40.517115 4.34
40.533381 4.34
40.558998 4.34
