0.000000 0.000000
0.041824 4.34
0.058115 4.02
0.083462 4.34
0.099838 4.34
0.125106 2.66
0.136228 2.34
0.166710 2.34
0.179479 2.34
0.213571 2.34
0.224570 2.34
0.256857 2.34
0.267691 2.34
0.303689 2.34
0.316329 2.34
0.350562 2.34
0.361453 2.34
0.391966 2.34
0.402811 2.34
0.433449 2.34
0.449561 2.34
0.474686 2.34
0.485435 2.34
0.515961 2.34
0.526810 2.34
0.562561 2.34
0.573452 2.34
0.603687 2.34
0.614437 2.34
0.644965 2.34
0.655812 2.34
0.691562 2.34
0.702454 2.34
0.732688 2.34
0.743452 2.34
0.774255 2.34
0.786892 2.34
0.815826 2.34
0.832105 2.34
0.857470 2.34
0.868578 2.34
0.899269 2.34
0.915587 2.34
0.940823 2.34
0.957236 2.34
0.982483 2.34
0.993452 4.02
1.024095 4.02
1.034824 4.02
1.065699 4.02
1.078224 4.02
1.112571 4.02
1.123465 4.02
1.159337 4.02
1.175335 4.02
1.200693 4.02
1.213085 4.02
1.250332 4.02
1.262722 4.02
1.291567 4.02
1.302457 4.02
1.332692 4.02
1.345085 4.02
1.373961 4.02
1.384817 4.02
1.415334 4.02
1.431333 4.02
1.456988 4.02
1.468020 4.02
1.498845 4.02
1.515115 4.34
1.540392 4.02
1.556583 4.34
1.581955 4.34
1.592955 4.02
1.623575 4.34
1.634575 4.34
1.670456 4.34
1.681454 4.34
1.712119 4.34
1.723116 4.34
1.753575 4.34
1.764449 4.34
1.800340 4.34
1.816341 4.34
1.841572 4.34
1.852447 4.34
1.882821 4.34
1.893696 4.34
1.929469 4.34
1.940213 4.34
1.971133 4.34
1.982128 4.68
2.012704 4.68
2.028828 4.68
2.059346 4.68
2.075344 4.68
2.100575 4.68
2.111450 4.68
2.141824 4.68
2.152699 4.68
2.188466 4.68
2.199216 4.68
2.229699 4.68
2.245574 4.68
2.270949 4.68
2.281823 4.68
2.312487 4.68
2.323463 4.68
2.354133 4.68
2.365126 4.68
2.395705 4.68
2.411830 4.68
2.442471 4.68
2.453347 4.68
2.483987 4.68
2.494827 4.68
2.525469 4.68
2.536345 4.68
2.566826 4.68
2.577701 4.68
2.613466 4.68
2.624467 4.68
2.655139 4.68
2.666136 4.68
2.696709 4.68
2.712833 4.68
2.743476 4.68
2.754348 4.68
2.784830 4.68
2.795705 4.68
2.831470 4.68
2.842219 4.68
2.872579 4.68
2.883454 4.68
2.913704 5.00
2.929843 4.68
2.955479 4.68
2.966361 4.68
2.997136 4.68
3.008133 4.68
3.038710 4.68
3.054709 5.00
3.081715 4.68
3.092583 4.68
3.128350 4.68
3.144348 4.68
3.169581 5.00
3.180457 4.68
3.210706 5.00
3.226706 5.00
3.251831 4.68
3.262972 5.00
3.293487 4.68
3.304471 4.68
3.336720 5.00
3.347715 5.00
3.378354 4.68
3.389228 5.00
3.419836 5.00
3.430710 5.00
3.461351 5.00
3.472226 5.00
3.502708 5.00
3.518708 5.00
3.545718 5.00
3.556583 5.00
3.588718 5.00
3.599722 5.00
3.630372 5.00
3.641369 4.68
3.671969 4.68
3.682968 4.68
3.713589 4.68
3.725966 5.00
3.760355 5.00
3.771128 4.68
3.801836 4.68
3.812711 5.00
3.843243 4.68
3.859350 5.00
3.884585 5.00
3.896980 5.00
3.925973 5.00
3.936972 5.00
3.967598 4.68
3.983845 4.68
4.014362 4.68
4.025361 4.68
4.055841 4.68
4.066716 4.68
4.097249 4.68
4.113464 4.68
4.138588 4.68
4.150964 4.68
4.179713 4.68
4.190463 4.68
4.222597 4.68
4.233480 4.68
4.269357 4.68
4.280120 4.68
4.310979 4.34
4.321989 4.34
4.352598 4.34
4.368846 4.34
4.399469 4.34
4.410237 4.68
4.446129 4.34
4.456841 4.68
4.487215 4.68
4.503090 4.68
4.528214 4.68
4.544090 4.68
4.569214 4.34
4.581590 4.34
4.610215 4.34
4.626089 4.68
4.651214 4.68
4.663591 4.34
4.692215 4.34
4.708090 4.68
4.733215 4.68
4.749091 4.34
4.774215 4.34
4.786591 4.68
4.815216 4.68
4.831090 4.34
4.856216 4.34
4.872091 4.34
4.897216 4.34
4.913091 4.34
4.938217 4.34
4.954092 4.34
4.979217 4.34
4.995092 4.34
5.020217 4.34
5.036093 4.34
5.061218 4.34
5.077092 4.34
5.102218 4.34
5.118093 4.34
5.143218 4.34
5.159093 4.34
5.184218 4.34
5.200093 4.34
5.225218 4.34
5.241094 4.34
5.266219 4.34
5.282094 4.34
5.307219 4.34
5.323094 4.34
5.348220 4.34
5.364094 4.34
5.389220 4.34
5.405095 4.34
5.430220 4.34
5.446095 4.34
5.471221 4.34
5.487096 4.34
5.512220 4.34
5.528096 4.34
5.553221 4.34
5.569096 4.34
5.594221 4.34
5.610096 4.34
5.635222 4.34
5.651096 4.34
5.676222 4.34
5.692097 4.34
5.717222 4.34
5.733097 4.34
5.758223 4.34
5.774098 4.34
5.799223 4.68
5.815098 4.68
5.840223 4.34
5.856098 4.34
5.881223 4.68
5.897098 4.68
5.922224 4.68
5.938098 4.68
5.963224 4.34
5.979099 4.68
6.004224 4.68
6.020099 4.68
6.045224 4.68
6.061100 4.68
6.086225 4.34
6.102100 4.68
6.127225 4.68
6.143100 4.68
6.168225 4.34
6.184100 4.68
6.209226 4.34
6.225101 4.34
6.250225 4.68
6.266101 4.68
6.291226 4.34
6.307101 4.68
6.332226 4.68
6.348102 4.68
6.373227 4.34
6.389102 4.68
6.414227 4.34
6.430102 4.68
6.455227 4.68
6.471102 4.68
6.496228 4.68
6.512103 4.34
6.537228 4.68
6.553103 4.68
6.578228 4.68
6.594104 4.34
6.619228 4.68
6.635104 4.34
6.660229 4.68
6.676103 4.68
6.701229 4.68
6.717104 4.68
6.742229 4.34
6.758105 4.34
6.783230 4.68
6.799105 4.68
6.824230 4.68
6.840105 4.68
6.865230 4.68
6.881106 4.68
6.906231 4.34
6.922105 4.68
6.947231 4.68
6.963106 4.34
6.988231 4.34
7.004106 4.68
7.029231 4.68
7.045106 4.34
7.070232 4.68
7.086107 4.68
7.111232 4.68
7.127107 4.68
7.152232 4.68
7.168107 4.34
7.193233 4.68
7.209107 4.68
7.234233 4.68
7.250108 4.68
7.275233 4.68
7.291108 4.68
7.316233 4.68
7.326984 4.68
7.357233 4.34
7.367984 4.68
7.398234 4.34
7.408984 4.68
7.439234 4.34
7.449985 4.68
7.480235 4.68
7.490985 4.34
7.521235 4.68
7.531986 4.34
7.562235 4.68
7.572985 4.34
7.603251 4.34
7.614138 4.68
7.644612 4.34
7.660612 4.34
7.685736 4.68
7.696487 4.68
7.727141 4.68
7.743143 4.68
7.768379 4.68
7.779129 4.68
7.809488 4.68
7.825380 4.68
7.850613 4.68
7.866614 4.68
7.891739 4.34
7.902614 4.68
7.933141 4.68
7.948989 4.68
7.974379 4.68
7.985129 4.68
8.015490 4.68
8.031379 4.68
8.056615 4.68
8.072615 4.68
8.097740 4.68
8.108615 4.34
8.139144 4.34
8.155144 4.68
8.180381 4.34
8.191142 4.68
8.221616 4.68
8.237491 4.68
8.262742 4.34
8.273491 4.68
8.304144 4.68
8.320021 4.68
8.345384 4.68
8.356146 4.68
8.386617 4.68
8.402617 4.68
8.429494 4.34
8.440259 4.68
8.470618 4.34
8.486493 4.68
8.511743 4.68
8.522493 4.68
8.552993 4.68
8.563742 4.34
8.593993 4.34
8.604742 4.68
8.634992 4.68
8.645743 4.34
8.675993 4.68
8.686743 4.68
8.716994 4.68
8.727743 4.68
8.757994 4.68
8.768743 4.68
8.798994 4.68
8.809744 4.68
8.839994 4.68
8.850744 4.68
8.880995 4.68
8.891744 4.68
8.921994 4.34
8.932745 4.68
8.962995 4.68
8.973745 4.68
9.003995 4.68
9.014745 4.68
9.044996 4.34
9.055745 4.68
9.085996 4.68
9.096746 4.68
9.126996 4.68
9.137746 4.68
9.167996 4.68
9.178746 4.68
9.208996 4.68
9.219746 4.68
9.249997 4.34
9.260746 4.68
9.290997 4.68
9.301747 4.34
9.331998 4.34
9.344373 4.68
9.372998 4.68
9.385374 4.68
9.413999 4.68
9.424748 4.34
9.454998 4.68
9.467374 4.34
9.495999 4.34
9.508375 4.68
9.536999 4.34
9.547749 4.34
9.577999 4.68
9.590376 4.34
9.618999 4.68
9.631376 4.34
9.660000 4.34
9.672377 4.68
9.701000 4.34
9.713377 4.34
9.742000 4.34
9.754377 4.34
9.783001 4.68
9.795377 4.34
9.824001 4.34
9.836377 4.34
9.865002 4.34
9.877377 4.34
9.906002 4.34
9.918378 4.68
9.947002 4.34
9.959378 4.34
9.988002 4.34
10.000378 4.34
10.029002 4.34
10.041378 4.68
10.070003 4.34
10.082379 4.68
10.111003 4.68
10.126879 4.68
10.152004 4.34
10.164379 4.34
10.193004 4.34
10.205380 4.34
10.234004 4.34
10.249879 4.68
10.275004 4.68
10.287380 4.34
10.316004 4.34
10.331884 4.34
10.357005 4.34
10.372881 4.68
10.398005 4.34
10.413881 4.68
10.439005 4.34
10.454881 4.68
10.480005 4.34
10.495882 4.68
10.521006 4.34
10.536882 4.68
10.562006 4.34
10.577882 4.68
10.603007 4.34
10.618885 4.68
10.644007 4.68
10.659883 4.34
10.685007 4.68
10.700883 4.68
10.726007 4.34
10.741883 4.68
10.767008 4.68
10.782883 4.68
10.808008 4.68
10.823883 4.68
10.849008 4.34
10.864884 4.68
10.890009 4.34
10.905887 4.34
10.931009 4.34
10.946885 4.68
10.972009 4.34
10.987885 4.68
11.013009 4.34
11.028885 4.34
11.054010 4.34
11.069886 4.34
11.095010 4.34
11.110885 4.34
11.136010 4.68
11.151886 4.68
11.177011 4.68
11.192889 4.68
11.218011 4.68
11.233887 4.34
11.259011 4.68
11.274887 4.34
11.300011 4.68
11.315887 4.34
11.341012 4.34
11.356887 4.34
11.382012 4.34
11.397888 4.34
11.423012 4.34
11.438888 4.34
11.464013 4.34
11.479891 4.34
11.505013 4.68
11.520889 4.34
11.546013 4.34
11.561889 4.34
11.587013 4.34
11.602890 4.68
11.628014 4.34
11.643890 4.34
11.669014 4.68
11.684890 4.34
11.710014 4.34
11.725891 4.68
11.751015 4.34
11.766894 4.34
11.792015 4.68
11.807891 4.34
11.833015 4.34
11.848890 4.68
11.874015 4.34
11.889891 4.34
11.915016 4.68
11.930891 4.34
11.956016 4.68
11.971892 4.34
11.997017 4.34
12.012892 4.34
12.038017 4.34
12.053895 4.34
12.079017 4.34
12.094892 4.34
12.120017 4.34
12.135893 4.34
12.161017 4.34
12.176893 4.34
12.202018 4.34
12.217893 4.34
12.243018 4.34
12.258894 4.34
12.284018 4.34
12.299894 4.34
12.325019 4.34
12.340897 4.68
12.366019 4.34
12.381894 4.34
12.407019 4.34
12.422895 4.34
12.448020 4.34
12.463895 4.34
12.489020 4.34
12.504896 4.34
12.530020 4.34
12.545896 4.34
12.571020 4.34
12.586896 4.34
12.612020 4.34
12.627899 4.34
12.653021 4.34
12.668897 4.34
12.694021 4.68
12.709897 4.68
12.735022 4.68
12.750897 4.68
12.776022 4.68
12.791898 4.34
12.817022 4.68
12.832898 4.34
12.858022 4.68
12.868773 4.34
12.899022 4.34
12.914901 4.68
12.940023 4.34
12.955898 4.34
12.981023 4.34
12.991773 4.34
13.022055 4.34
13.032774 4.34
13.063412 4.68
13.079418 4.68
13.104400 4.34
13.115167 4.68
13.145401 4.68
13.156165 4.34
13.186526 4.68
13.197401 4.34
13.227526 4.68
13.238402 4.68
13.268526 4.34
13.279402 4.68
13.309526 4.68
13.320401 4.68
13.350527 4.68
13.361402 4.34
13.391653 4.34
13.402402 4.34
13.437904 4.34
13.453906 4.68
13.479420 4.68
13.495420 4.68
13.520403 4.34
13.531168 4.68
13.561528 4.68
13.572403 4.68
13.602529 4.68
13.613404 4.68
13.643654 4.68
13.654529 4.68
13.689906 4.68
13.705909 4.68
13.731423 4.68
13.747420 4.68
13.772530 4.68
13.783405 4.68
13.813530 4.68
13.824405 4.68
13.854531 4.68
13.865406 4.68
13.897282 4.68
13.908058 4.68
13.938422 4.68
13.954422 4.34
13.981282 4.68
13.992059 4.68
14.022532 4.34
14.033407 4.34
14.065282 4.34
14.076061 4.34
14.106407 4.68
14.117175 4.68
14.147408 4.68
14.158174 4.68
14.188533 4.34
14.199408 4.34
14.229533 4.68
14.240408 4.34
14.272312 4.34
14.283063 4.68
14.313533 4.68
14.324283 4.34
14.354533 4.68
14.365283 4.68
14.395533 4.68
14.406283 4.34
14.438285 4.68
14.449033 4.68
14.479284 4.68
14.495159 4.68
14.520284 4.68
14.536159 4.68
14.561284 4.68
14.577160 4.68
14.602284 4.68
14.618160 4.68
14.643285 4.68
14.659160 4.68
14.684285 4.68
14.700161 4.68
14.725286 4.68
14.741160 4.68
14.766286 4.34
14.782161 4.34
14.807286 4.68
14.823161 4.68
14.848286 4.68
14.864162 4.34
14.889287 4.68
14.905162 4.34
14.930287 4.68
14.946162 4.68
14.971287 4.68
14.987163 4.68
15.012288 4.68
15.028162 4.34
15.053288 4.68
15.069163 4.34
15.094288 4.34
15.110164 4.68
15.135288 4.68
15.151164 4.68
15.176289 4.68
15.192164 4.68
15.217289 4.34
15.233164 4.68
15.258289 4.34
15.274164 4.34
15.299290 4.34
15.315165 4.68
15.340289 4.34
15.356165 4.34
15.381290 4.68
15.397165 4.68
15.422290 4.68
15.438166 4.34
15.463291 4.68
15.479165 4.68
15.504291 4.68
15.520166 4.68
15.545291 4.68
15.561166 4.68
15.586291 4.68
15.602167 4.68
15.627292 4.68
15.643167 4.68
15.668292 4.68
15.684168 4.68
15.709292 4.68
15.725167 4.68
15.750293 4.68
15.761042 4.68
15.791293 4.68
15.802043 4.68
15.832293 4.68
15.843043 4.68
15.873294 4.68
15.884044 4.68
15.914294 4.68
15.925044 4.68
15.955294 4.34
15.966045 4.68
15.996295 4.68
16.007045 4.68
16.037295 4.68
16.048045 4.68
16.078295 4.68
16.089045 4.68
16.119295 4.68
16.130045 4.34
16.160296 4.68
16.171046 4.68
16.201296 4.34
16.212046 4.34
16.242296 4.68
16.253046 4.68
16.283297 4.68
16.294046 4.68
16.324297 4.68
16.335047 4.68
16.365298 4.68
16.376047 4.68
16.406297 4.68
16.417048 4.68
16.447297 4.68
16.458048 4.34
16.488298 4.68
16.499048 4.68
16.529298 4.68
16.540048 4.68
16.570299 4.68
16.581049 4.68
16.611299 4.68
16.622049 4.68
16.652299 4.68
16.663049 4.68
16.693299 4.68
16.704050 4.34
16.734300 4.68
16.745050 4.34
16.775300 4.68
16.786050 4.68
16.816300 4.68
16.827050 4.68
16.857443 4.34
16.868192 4.68
16.898427 4.68
16.909192 4.68
16.939427 4.68
16.950194 4.68
16.980428 4.34
16.991195 4.34
17.021428 4.34
17.032196 4.68
17.064179 4.68
17.074929 4.34
17.105178 4.34
17.121052 4.68
17.146178 4.68
17.162053 4.34
17.187179 4.68
17.203053 4.68
17.228179 4.68
17.244053 4.68
17.269179 4.68
17.285053 4.68
17.310179 4.34
17.326054 4.68
17.351179 4.68
17.367054 4.68
17.392180 4.68
17.408054 4.68
17.433180 4.34
17.449055 4.68
17.474180 4.68
17.490055 4.68
17.515181 4.68
17.531055 4.68
17.556181 4.68
17.572055 4.68
17.597181 4.68
17.613056 4.68
17.638181 4.68
17.654056 4.68
17.679182 4.68
17.695057 4.68
17.720182 4.34
17.736057 4.68
17.761183 4.68
17.777057 4.68
17.802183 4.68
17.818057 4.68
17.843183 4.68
17.859057 4.34
17.884183 4.34
17.900058 4.68
17.925184 4.68
17.941058 4.68
17.966184 4.68
17.982059 4.68
18.007184 4.68
18.023059 4.68
18.048184 4.68
18.064059 4.68
18.089184 4.68
18.105059 4.68
18.130185 4.68
18.146060 4.68
18.171185 4.68
18.187060 4.68
18.212186 4.68
18.228061 4.68
18.253186 4.68
18.269061 4.68
18.294186 4.68
18.310061 4.68
18.335186 4.68
18.351062 4.68
18.376186 4.68
18.386938 4.68
18.417187 4.68
18.427937 4.68
18.458187 4.68
18.468938 4.34
18.499188 4.68
18.509938 4.34
18.540188 4.68
18.550939 4.34
18.581188 4.34
18.591939 4.68
18.622188 4.34
18.632939 4.68
18.663189 4.68
18.673939 4.34
18.704189 4.68
18.714940 4.68
18.745189 4.34
18.755939 4.68
18.786190 4.68
18.796939 4.68
18.827190 4.68
18.837940 4.68
18.868190 4.68
18.878940 4.68
18.909190 4.68
18.919941 4.68
18.950191 4.68
18.960941 4.68
18.991191 4.34
19.001941 4.68
19.032192 4.68
19.042941 4.68
19.073192 4.68
19.083943 4.68
19.119817 4.34
19.130692 4.68
19.161220 4.34
19.171945 4.34
19.207818 4.68
19.218693 4.68
19.249221 4.68
19.260097 4.68
19.295819 4.68
19.306569 4.34
19.337224 4.68
19.348084 4.68
19.383695 4.68
19.399570 4.68
19.424946 4.68
19.435820 4.34
19.466224 4.68
19.477099 4.68
19.512820 4.68
19.523571 4.68
19.554224 4.68
19.565098 4.68
19.600821 4.68
19.611571 4.68
19.642227 4.34
19.652947 4.34
19.688822 4.68
19.699697 4.68
19.730225 4.68
19.741089 4.68
19.776822 4.68
19.787573 4.68
19.818227 4.34
19.828967 4.68
19.864823 4.68
19.875698 4.68
19.906342 4.68
19.917340 4.68
19.952699 4.68
19.968824 4.34
19.997103 4.34
20.013341 4.68
20.038465 4.34
20.049216 4.68
20.079699 4.68
20.095574 4.68
20.120951 4.68
20.131825 4.68
20.162227 4.34
20.172952 4.34
20.208825 4.34
20.219576 4.68
20.250229 4.68
20.261104 4.68
20.296826 4.68
20.307576 4.68
20.338229 4.68
20.348953 4.68
20.384701 4.68
20.400701 4.68
20.425953 4.68
20.438577 4.68
20.467230 4.68
20.477954 4.68
20.513827 4.68
20.524702 4.68
20.555231 4.68
20.566107 4.68
20.601828 4.68
20.612578 4.34
20.643233 4.68
20.654106 4.68
20.689829 4.34
20.700579 4.68
20.731232 4.68
20.742107 4.68
20.777829 4.34
20.788579 4.68
20.819234 4.68
20.830108 4.68
20.865830 4.68
20.876580 4.34
20.907232 4.34
20.917957 4.34
20.953830 4.34
20.964705 4.34
20.995234 4.34
21.006111 4.34
21.041831 4.34
21.052581 4.34
21.083234 4.34
21.094114 4.68
21.129832 4.68
21.140582 4.68
21.171236 4.34
21.182111 4.34
21.212582 4.68
21.224959 4.34
21.253707 4.68
21.264582 4.34
21.294959 4.68
21.311112 4.34
21.341708 4.68
21.352584 4.68
21.382960 4.68
21.399111 4.68
21.429709 4.68
21.440584 4.34
21.470960 4.68
21.487112 4.68
21.517709 4.34
21.528585 4.68
21.558962 4.68
21.575115 4.34
21.600239 4.68
21.611112 4.68
21.641460 4.34
21.652228 4.68
21.682586 4.34
21.698711 4.68
21.723711 4.34
21.734461 4.68
21.764962 4.68
21.781116 4.34
21.811712 4.68
21.822587 4.68
21.852963 4.34
21.869117 4.68
21.894242 4.68
21.904963 4.68
21.935588 4.68
21.951713 4.68
21.976713 4.68
21.987588 4.68
22.017964 4.68
22.034116 4.68
22.059242 4.68
22.070118 4.68
22.100464 4.68
22.111230 4.34
22.141464 4.34
22.152232 4.68
22.182464 4.68
22.193231 4.68
22.223465 4.68
22.234230 4.34
22.264465 4.68
22.275233 4.68
22.305465 4.68
22.316232 4.68
22.346466 4.34
22.357230 4.68
22.387466 4.68
22.398231 4.68
22.428591 4.68
22.444716 4.68
22.469716 4.68
22.480591 4.68
22.510968 4.34
22.527121 4.68
22.552246 4.68
22.563121 4.68
22.593467 4.68
22.604236 4.68
22.634468 4.68
22.645234 4.68
22.675468 4.68
22.686235 4.68
22.716593 4.68
22.732718 4.68
22.757718 4.68
22.768469 4.68
22.798969 4.68
22.814970 4.68
22.840247 4.68
22.851122 4.68
22.881469 4.68
22.892237 4.68
22.922594 4.68
22.938719 4.68
22.963720 4.34
22.974594 4.68
23.004970 4.68
23.020971 4.34
23.051720 4.68
23.062596 4.68
23.092972 4.68
23.109123 4.68
23.134249 4.68
23.144972 4.68
23.175596 4.68
23.191722 4.68
23.216721 4.68
23.227596 4.34
23.257847 4.34
23.270472 4.34
23.300977 4.34
23.311847 4.68
23.347723 4.68
23.358472 4.34
23.388974 4.34
23.405127 4.34
23.435723 4.34
23.446598 4.34
23.478978 4.34
23.489848 4.68
23.521978 4.68
23.532849 4.68
23.564854 4.34
23.575599 4.34
23.607854 4.34
23.618599 4.68
23.650855 4.34
23.661600 4.34
23.697491 4.34
23.709854 4.34
23.738725 4.34
23.749600 4.34
23.780006 4.68
23.796130 4.68
23.826726 4.68
23.837476 4.68
23.868006 4.34
23.884130 4.34
23.914727 4.68
23.925476 4.34
23.955978 4.34
23.972131 4.34
23.998856 4.34
24.009602 4.68
24.041856 4.34
24.052603 4.68
24.088494 4.68
24.104494 4.68
24.129728 4.68
24.140603 4.34
24.170979 4.68
24.181854 4.34
24.217496 4.34
24.233496 4.68
24.258729 4.34
24.269479 4.68
24.300008 4.34
24.310854 4.68
24.341497 4.34
24.357605 4.34
24.382730 4.34
24.393480 4.34
24.424009 4.68
24.434855 4.68
24.470497 4.34
24.486498 4.34
24.511730 4.34
24.522605 4.34
24.552856 4.34
24.568856 4.68
24.594134 4.34
24.604982 4.34
24.635607 4.34
24.646374 4.68
24.676732 4.34
24.687607 4.34
24.717983 4.68
24.728732 4.34
24.764497 4.68
24.780497 4.68
24.805733 4.68
24.816608 4.68
24.846858 4.68
24.862858 4.68
24.893500 4.68
24.909608 4.68
24.934733 4.68
24.945608 4.68
24.975984 4.68
24.986734 4.68
25.022502 4.34
25.038484 4.68
25.063734 4.68
25.074609 4.68
25.104986 4.68
25.115860 4.68
25.151502 4.68
25.167501 4.68
25.192736 4.68
25.203610 4.34
25.233986 4.68
25.244736 4.34
25.280504 4.68
25.296503 4.68
25.321736 4.68
25.332611 4.68
25.362987 4.68
25.373736 4.68
25.409502 4.68
25.425487 4.68
25.450737 4.68
25.461612 4.68
25.492140 4.68
25.502863 4.68
25.533379 4.68
25.544128 4.68
25.574613 4.68
25.585381 4.68
25.615739 4.68
25.626613 4.34
25.657142 4.68
25.667989 4.68
25.698379 4.34
25.709139 4.68
25.739490 4.68
25.755506 4.68
25.780615 4.34
25.791382 4.34
25.821740 4.34
25.832490 4.34
25.864875 4.68
25.894508 4.34
25.910507 4.68
25.935741 4.68
25.946616 4.68
25.978876 4.68
25.989616 4.68
26.025508 4.68
26.041506 4.68
26.066741 4.68
26.079257 4.68
26.109876 4.68
26.139508 4.68
26.155509 4.68
26.180742 4.68
26.193259 4.68
26.223877 4.68
26.234618 4.68
26.270508 4.68
26.286509 4.68
26.311743 4.68
26.324387 4.34
26.354874 4.68
26.384510 4.68
26.400510 4.68
26.425744 4.68
26.438148 4.68
26.468749 4.68
26.479494 4.68
26.510023 4.34
26.520873 4.68
26.556620 4.34
26.567496 4.34
26.597745 4.68
26.610150 4.34
26.638873 4.68
26.655024 4.34
26.685621 4.68
26.696496 4.68
26.726746 4.68
26.739149 4.68
26.773389 4.68
26.785751 4.68
26.814497 4.68
26.825388 4.68
26.855622 4.68
26.866373 4.68
26.896747 4.68
26.909153 4.68
26.946389 4.34
26.958764 4.68
26.987498 4.34
26.998388 4.68
27.028498 4.68
27.039390 4.68
27.069499 4.68
27.080390 4.68
27.110624 4.68
27.121499 4.68
27.151749 4.68
27.164152 4.34
27.198390 4.68
27.214392 4.68
27.239625 4.68
27.250500 4.68
27.280750 4.34
27.296750 4.34
27.322030 4.68
27.332881 4.68
27.363393 4.68
27.379394 4.68
27.404501 4.68
27.415394 4.68
27.445627 4.68
27.456394 4.68
27.486752 4.68
27.502752 4.68
27.528031 4.68
27.538881 4.68
27.569502 4.68
27.580394 4.68
27.610627 4.68
27.621393 4.68
27.651752 4.68
27.667753 4.68
27.693032 4.68
27.703881 4.68
27.734395 4.68
27.750397 4.68
27.775504 4.68
27.786394 4.68
27.816629 4.68
27.827396 4.34
27.857754 4.68
27.873754 4.34
27.898880 4.68
27.909755 4.68
27.945630 4.68
27.956505 4.68
27.986755 4.68
28.002755 4.68
28.028034 4.68
28.038755 4.34
28.069506 4.34
28.080397 4.34
28.110506 4.68
28.121396 4.68
28.151631 4.68
28.162398 4.68
28.192756 4.34
28.208632 4.68
28.234034 4.34
28.244756 4.34
28.275507 4.68
28.286398 4.34
28.316507 4.34
28.327400 4.68
28.357633 4.68
28.368399 4.34
28.398758 4.68
28.414758 4.68
28.440035 4.68
28.450759 4.34
28.481509 4.34
28.492400 4.34
28.522634 4.34
28.533509 4.34
28.563759 4.68
28.579634 4.34
28.606764 4.68
28.617634 4.68
28.653401 4.68
28.669403 4.34
28.694635 4.68
28.705402 4.68
28.735760 4.68
28.751760 4.68
28.776761 4.68
28.792761 4.34
28.818040 4.68
28.828761 4.68
28.859401 4.68
28.875276 4.68
28.900637 4.68
28.913167 4.68
28.941762 4.68
28.957637 4.68
28.984767 4.68
28.995637 4.34
29.031402 4.68
29.047402 4.68
29.072638 4.68
29.085166 4.68
29.113763 4.68
29.129763 4.68
29.156768 4.68
29.167638 4.34
29.199773 4.68
29.210639 4.68
29.242644 4.68
29.253406 4.34
29.289405 4.68
29.305407 4.34
29.330515 4.68
29.341407 4.68
29.371515 4.34
29.382390 4.68
29.412640 4.68
29.425045 4.68
29.453765 4.68
29.469765 4.68
29.494892 4.68
29.505766 4.68
29.536408 4.68
29.552407 4.68
29.577516 4.68
29.588409 4.68
29.618641 4.34
29.631045 4.68
29.659767 4.68
29.670517 4.68
29.706407 4.34
29.717161 4.34
29.747642 4.68
29.763642 4.68
29.788642 4.34
29.804518 4.68
29.829768 4.68
29.840518 4.68
29.876161 4.34
29.888647 4.68
29.917519 4.68
29.928412 4.68
29.958519 4.68
29.969394 4.34
29.999519 4.34
30.010410 4.68
30.040519 4.34
30.051395 4.68
30.081520 4.34
30.092395 4.68
30.122520 4.68
30.133395 4.68
30.163520 4.34
30.174410 4.68
30.204520 4.68
30.215396 4.68
30.245521 4.34
30.256396 4.68
30.286646 4.68
30.302522 4.34
30.327771 4.68
30.338646 4.68
30.374177 4.68
30.384898 4.68
30.415522 4.68
30.426412 4.68
30.456522 4.34
30.467398 4.68
30.497523 4.68
30.508398 4.34
30.538523 4.34
30.549413 4.34
30.579523 4.34
30.590399 4.34
30.620523 4.34
30.631399 4.34
30.661524 4.34
30.672399 4.68
30.702650 4.34
30.718524 4.68
30.743775 4.68
30.754649 4.34
30.790167 4.34
30.800901 4.68
30.831525 4.68
30.842417 4.68
30.872525 4.68
30.883400 4.68
30.913526 4.68
30.924401 4.68
30.954526 4.68
30.965401 4.68
30.995527 4.68
31.006402 4.34
31.036526 4.68
31.047402 4.34
31.077526 4.34
31.088294 4.34
31.118527 4.34
31.129402 4.34
31.159527 4.34
31.170403 4.34
31.200528 4.68
31.211403 4.34
31.241528 4.68
31.252403 4.68
31.282528 4.68
31.293403 4.34
31.323976 4.68
31.334967 4.34
31.365539 4.34
31.378158 4.34
31.408690 4.34
31.419407 4.34
31.455531 4.34
31.468060 4.34
31.496781 4.34
31.512934 4.34
31.543180 4.34
31.553933 4.02
31.584530 4.34
31.595419 4.34
31.625655 4.34
31.641655 4.34
31.666933 4.02
31.677781 4.02
31.708294 4.02
31.724421 4.34
31.749791 4.34
31.760790 4.34
31.791432 4.34
31.802428 4.34
31.832786 4.34
31.843786 4.34
31.874425 4.02
31.885299 4.02
31.917684 4.02
31.928534 4.34
31.959299 4.02
31.970187 4.34
32.000533 4.34
32.013062 4.34
32.041659 4.02
32.057658 4.02
32.082784 4.34
32.093659 4.34
32.124188 4.34
32.136544 4.34
32.165535 4.34
32.177911 4.02
32.206535 4.34
32.218912 4.34
32.247535 4.34
32.259912 4.34
32.288536 4.02
32.300912 4.34
32.329535 4.34
32.341912 4.34
32.370661 4.34
32.386536 4.34
32.413546 4.02
32.424426 4.34
32.454536 4.34
32.466913 4.34
32.495537 4.02
32.507913 4.34
32.536662 4.34
32.553033 4.34
