0.000000 0.000000
0.041964 4.34
0.052964 4.34
0.083720 4.68
0.099980 3.01
0.125343 2.66
0.141502 2.66
0.166980 2.66
0.179779 2.66
0.208605 2.66
0.221250 2.66
0.255493 2.66
0.266473 2.66
0.296957 2.66
0.307957 2.66
0.338472 2.66
0.349470 2.66
0.379830 2.66
0.390705 2.66
0.422734 2.66
0.433595 2.66
0.469231 2.66
0.481732 2.66
0.510705 2.66
0.526581 2.66
0.551830 2.66
0.562582 2.66
0.598232 2.66
0.608956 2.66
0.639597 2.66
0.652110 2.66
0.680832 2.66
0.691581 2.66
0.723735 2.34
0.734599 2.66
0.770493 2.66
0.781497 2.66
0.817506 2.66
0.828491 2.66
0.864360 2.66
0.875359 2.66
0.905972 2.66
0.916971 2.66
0.947630 2.66
0.963849 2.66
0.994633 4.34
1.010847 4.34
1.039343 4.34
1.055485 4.34
1.080840 4.34
1.091589 4.34
1.127213 4.34
1.139589 4.34
1.168211 4.34
1.180587 4.34
1.209211 4.34
1.221586 4.34
1.250210 4.34
1.262586 4.34
1.291211 4.34
1.303587 4.34
1.332211 4.34
1.344587 4.34
1.373212 4.34
1.385587 4.34
1.414212 4.34
1.426602 4.34
1.455487 4.34
1.466488 4.34
1.502367 4.34
1.513224 4.34
1.543973 4.34
1.554972 4.34
1.585613 4.34
1.601720 4.34
1.632355 4.34
1.643255 4.34
1.673718 4.34
1.689717 4.34
1.720093 4.34
1.736092 4.68
1.761606 4.68
1.777609 4.68
1.802841 5.00
1.813591 5.00
1.849111 5.00
1.865299 5.35
1.890728 5.35
1.906975 5.35
1.932348 5.35
1.943271 5.35
1.973971 5.35
1.984846 5.35
2.015612 5.35
2.031719 5.35
2.062106 5.35
2.078111 5.35
2.103611 5.35
2.119611 5.35
2.144718 5.35
2.160728 5.69
2.191494 5.69
2.202494 5.35
2.238099 5.69
2.254099 5.35
2.279615 5.69
2.295615 5.35
2.320846 5.69
2.331721 5.69
2.367249 5.35
2.383247 5.69
2.408720 5.35
2.424596 5.35
2.449862 5.69
2.460730 5.69
2.491500 5.35
2.502498 5.35
2.538353 5.69
2.549265 5.69
2.579725 5.69
2.590600 5.35
2.626100 5.35
2.642103 5.69
2.667617 5.69
2.683613 5.35
2.708723 5.69
2.719598 5.35
2.755405 5.69
2.766395 5.69
2.798639 5.35
2.809627 5.69
2.845351 5.35
2.856134 5.35
2.886616 5.35
2.902616 5.69
2.930252 5.35
2.946128 5.69
2.971615 5.35
2.987615 5.35
3.012599 5.35
3.028724 5.69
3.059355 5.69
3.070155 5.69
3.106275 5.69
3.122228 5.69
3.150228 5.35
3.166107 5.69
3.191619 5.35
3.207602 5.35
3.232602 5.35
3.248727 5.69
3.273602 5.69
3.289602 5.35
3.314602 5.69
3.330618 5.35
3.356290 5.69
3.367287 5.69
3.397860 5.69
3.408732 5.69
3.439379 6.01
3.450358 6.01
3.482620 12.32
3.493633 12.32
3.524293 6.36
3.535290 6.36
3.565862 0.05
3.576736 0.05
3.607502 6.36
3.619984 6.36
3.654110 0.05
3.670113 6.01
3.695624 6.01
3.711624 6.36
3.736856 0.05
3.747606 6.36
3.783107 12.32
3.799323 12.32
3.824741 6.36
3.835740 6.01
3.866362 6.36
3.877280 6.01
3.913111 6.01
3.929111 0.05
3.954627 6.01
3.970625 12.32
3.995608 12.32
4.011607 12.32
4.036608 0.05
4.052608 6.01
4.077608 12.32
4.093749 6.01
4.119293 6.01
4.130291 0.05
4.160866 12.32
4.171738 6.01
4.202384 12.32
4.213363 12.32
4.243862 6.36
4.254737 0.05
4.285391 6.36
4.296236 12.32
4.326611 0.05
4.337405 6.01
4.367735 6.01
4.378611 6.01
4.409140 12.32
4.425142 0.05
4.450626 6.36
4.466625 6.01
4.491611 12.32
4.502499 12.32
4.532627 6.01
4.543500 12.32
4.573611 6.36
4.584503 6.36
4.614611 12.32
4.625502 6.36
4.655612 6.36
4.666500 12.32
4.697141 6.36
4.713138 12.32
4.738743 0.05
4.749651 6.36
4.780367 6.36
4.791151 6.36
4.821741 6.36
4.832629 6.36
4.867990 6.36
4.883989 6.36
4.909145 6.36
4.925144 6.36
4.950505 6.36
4.966507 6.36
4.991631 6.36
5.007615 6.36
5.032615 6.36
5.043505 6.36
5.073740 6.36
5.084629 6.36
5.114740 6.36
5.125616 6.36
5.155741 6.36
5.166507 6.36
5.196741 6.36
5.207616 6.36
5.237741 6.36
5.248617 6.36
5.278742 6.36
5.289616 6.36
5.319742 6.36
5.330618 6.36
5.361402 6.36
5.374002 6.36
5.408318 6.36
5.419305 6.36
5.449872 6.36
5.460872 6.36
5.491292 6.36
5.502152 6.36
5.532636 6.36
5.548620 6.36
5.578995 6.36
5.594994 6.36
5.620510 6.36
5.636790 6.36
5.662188 6.36
5.673186 6.36
5.703642 6.36
5.714519 6.36
5.745162 6.36
5.761161 6.36
5.786517 6.36
5.802641 6.36
5.827641 6.36
5.843641 6.36
5.868748 6.36
5.879512 6.36
5.914997 6.36
5.930997 6.36
5.959270 6.36
5.970129 6.36
6.000643 6.36
6.016642 6.36
6.047127 6.36
6.063126 6.36
6.088638 6.36
6.104642 6.36
6.134999 6.36
6.147500 6.36
6.176403 6.36
6.188999 6.36
6.217624 6.36
6.228640 6.36
6.259316 6.36
6.270312 6.36
6.302507 6.36
6.313523 6.36
6.349004 6.36
6.361506 6.36
6.390412 6.36
6.406394 6.36
6.431752 6.36
6.442643 6.36
6.478001 6.36
6.490503 6.36
6.519536 6.36
6.535758 6.36
6.561133 6.36
6.572132 6.36
6.602645 6.36
6.613574 6.36
6.644315 6.36
6.655314 6.36
6.691134 6.36
6.702183 6.36
6.732757 6.36
6.743756 6.36
6.774148 6.36
6.785005 6.36
6.815648 6.36
6.826397 6.36
6.862005 6.36
6.874381 6.36
6.903526 6.36
6.919648 6.36
6.945192 6.36
6.956011 6.36
6.986651 6.36
6.997525 6.36
7.028334 6.36
7.039429 6.36
7.075214 6.36
7.086351 10.37
7.116766 12.05
7.127765 8.35
7.158283 11.70
7.169178 12.05
7.205010 11.38
7.221011 12.05
7.246416 11.04
7.262416 12.05
7.287759 8.35
7.298652 12.05
7.334008 12.05
7.349883 11.70
7.375410 12.05
7.391276 11.38
7.416759 12.05
7.427652 8.03
7.463009 12.05
7.478884 9.71
7.504413 11.70
7.520275 12.05
7.545760 11.38
7.556635 12.05
7.592009 8.35
7.607885 12.05
7.633413 9.71
7.649414 12.05
7.674761 12.05
7.685653 11.38
7.721011 12.05
7.736886 11.04
7.762416 12.05
7.778415 8.70
7.803637 12.05
7.814405 12.05
7.844762 11.38
7.855637 12.05
7.891012 9.04
7.906887 12.05
7.932416 9.04
7.948417 12.05
7.973763 12.05
7.984638 11.38
8.020013 12.05
8.035888 11.04
8.061417 12.05
8.077777 2.73
8.108321 4.68
8.120898 4.68
8.155146 4.68
8.166019 4.68
8.198394 4.68
8.209301 4.68
8.239661 4.68
8.250411 4.34
8.281016 4.68
8.297016 4.68
8.322422 4.68
8.338293 4.68
8.363766 4.68
8.374641 4.68
8.410017 4.68
8.425891 4.68
8.451533 4.68
8.467642 4.34
8.492660 4.68
8.503533 4.34
8.535411 4.68
8.546160 4.34
8.578394 4.68
8.589160 4.68
8.621393 4.68
8.632144 4.68
8.662660 4.68
8.673411 4.68
8.709018 4.68
8.724893 4.68
8.750421 4.34
8.766420 4.34
8.793395 4.68
8.804145 4.68
8.836395 4.68
8.847146 4.68
8.877661 4.68
8.888410 4.68
8.920396 4.34
8.931146 4.68
8.963425 4.68
8.974300 4.68
9.009771 4.68
9.020663 4.68
9.051174 4.68
9.062021 4.68
9.092537 4.68
9.103288 4.68
9.138772 4.68
9.149647 4.68
9.179897 4.34
9.192398 4.68
9.224300 4.68
9.236897 4.68
9.265648 4.68
9.276538 4.68
9.311898 4.68
9.324399 4.68
9.353177 4.68
9.364024 4.34
9.394427 4.68
9.410427 4.68
9.441024 4.34
9.451899 4.34
9.482541 4.68
9.493291 4.68
9.529038 4.34
