0.000000 0.000000
0.041966 4.34
0.058258 4.34
0.083722 4.34
0.094720 2.66
0.130584 2.66
0.141721 2.66
0.172255 2.66
0.183249 2.66
0.213326 2.66
0.224076 2.66
0.254324 2.34
0.265073 2.66
0.295323 2.34
0.306072 2.66
0.336323 2.66
0.347071 2.66
0.377321 2.66
0.388071 2.66
0.418460 2.66
0.434572 2.66
0.459697 2.66
0.470447 2.34
0.500948 2.66
0.511823 2.66
0.547463 2.66
0.563463 2.66
0.588699 2.66
0.599448 2.34
0.629823 2.66
0.645824 2.34
0.671099 2.66
0.681823 2.66
0.712465 2.34
0.728574 2.66
0.754021 2.66
0.770235 2.66
0.795583 2.66
0.806582 2.34
0.838901 2.66
0.849976 2.34
0.880599 2.34
0.891587 2.34
0.922290 2.34
0.938591 2.66
0.964032 3.33
0.975103 4.34
1.005711 4.34
1.016710 4.34
1.052582 4.34
1.063457 4.34
1.094111 4.34
1.104955 4.34
1.135344 4.02
1.146094 4.34
1.176703 4.34
1.187578 4.34
1.217953 4.34
1.228702 4.34
1.259104 4.34
1.269828 4.34
1.300344 4.02
1.311095 4.02
1.341454 4.34
1.357454 4.34
1.382471 4.34
1.398470 4.34
1.424030 4.34
1.435021 4.34
1.465595 4.34
1.476594 4.34
1.506964 4.34
1.517862 4.34
1.548591 4.34
1.559590 4.34
1.591882 4.34
1.602712 4.34
1.633479 4.34
1.649460 4.34
1.674844 4.34
1.690844 4.34
1.716496 4.34
1.727486 4.34
1.757964 4.68
1.768851 4.68
1.799586 4.68
1.810587 4.68
1.842857 4.68
1.853709 4.68
1.889475 4.68
1.905459 4.68
1.930959 4.34
1.941709 4.68
1.973863 4.68
1.984708 4.68
2.020472 4.68
2.031471 4.68
2.062013 4.68
2.073011 4.68
2.103590 4.68
2.114465 4.68
2.146750 4.68
2.157588 4.68
2.193587 4.68
2.204462 4.68
2.234712 4.68
2.247086 4.68
2.275710 4.68
2.288085 4.68
2.316722 4.68
2.329094 4.68
2.357968 4.68
2.368717 5.00
2.398966 5.35
2.409715 5.35
2.439964 5.35
2.450714 5.35
2.480964 5.35
2.491713 5.35
2.521963 5.35
2.532713 5.35
2.562962 5.35
2.573712 5.35
2.603962 5.35
2.614712 5.35
2.644963 5.35
2.655713 5.35
2.685963 5.35
2.696713 5.35
2.726963 5.00
2.737713 5.35
2.767964 5.35
2.778713 5.35
2.808964 5.35
2.819714 5.35
2.849965 5.35
2.860714 5.35
2.890965 5.35
2.901715 5.35
2.931965 5.35
2.942715 5.35
2.972965 5.35
2.983714 5.35
3.013965 5.35
3.024715 5.35
3.054966 5.35
3.065715 5.35
3.095966 5.35
3.106716 5.35
3.136967 5.35
3.147716 5.35
3.177967 5.35
3.188717 5.35
3.218967 5.35
3.229717 5.35
3.259967 5.35
3.270717 5.35
3.300967 5.35
3.311717 5.35
3.341968 5.35
3.352717 5.35
3.382968 5.35
3.393718 5.35
3.423969 5.00
3.434718 5.35
3.464969 5.35
3.475719 5.35
3.505969 5.35
3.516719 5.35
3.546969 5.35
3.557719 5.35
3.587970 5.35
3.598719 5.35
3.628970 5.35
3.639720 5.35
3.669970 5.35
3.680720 5.35
3.710971 5.35
3.721720 5.35
3.751971 5.35
3.762721 5.00
3.792971 5.35
3.803721 5.35
3.833972 5.35
3.844721 5.35
3.874972 5.35
3.885722 5.35
3.915972 5.35
3.926722 5.35
3.956973 5.35
3.967723 5.35
3.997973 5.35
4.008723 5.35
4.038973 5.35
4.049723 5.35
4.079974 5.35
4.090723 5.35
4.120974 5.00
4.131724 5.35
4.161974 5.35
4.172724 5.35
4.202974 5.35
4.213724 5.35
4.243975 5.35
4.254725 5.35
4.284975 5.35
4.295725 5.35
4.325976 5.35
4.336725 5.35
4.366976 5.35
4.377726 5.35
4.409727 5.35
4.420476 5.35
4.450726 5.35
4.466601 5.00
4.491727 5.35
4.507601 5.35
4.532727 5.35
4.548602 5.35
4.573727 5.35
4.589602 5.35
4.614727 5.35
4.630602 5.35
4.655728 5.35
4.671603 5.35
4.696728 5.35
4.712603 5.35
4.737729 5.35
4.753603 5.35
4.778729 5.35
4.794604 5.35
4.819729 5.00
4.835604 5.35
4.860729 5.35
4.876604 5.35
4.901730 5.35
4.917605 5.35
4.942730 5.35
4.958605 5.35
4.983730 5.35
4.999605 5.35
5.024731 5.35
5.040605 5.35
5.065731 5.35
5.081606 5.35
5.106732 5.35
5.122606 5.35
5.147731 5.35
5.163607 5.00
5.188731 5.35
5.204607 5.35
5.229732 5.35
5.245607 5.35
5.270732 5.35
5.286607 5.35
5.311733 5.35
5.327607 5.35
5.352733 5.35
5.368608 5.35
5.393734 5.35
5.409609 5.35
5.434734 5.35
5.450609 5.35
5.475734 5.35
5.491609 5.35
5.516734 5.00
5.532610 5.35
5.557734 5.35
5.573610 5.35
5.598735 5.35
5.609484 5.35
5.639735 5.35
5.650485 5.35
5.680736 5.35
5.691486 5.35
5.721736 5.35
5.732486 5.35
5.762736 5.35
5.773486 5.35
5.803736 5.35
5.814487 5.35
5.844737 5.35
5.855487 5.35
5.885737 5.35
5.896488 5.35
5.926737 5.35
5.937488 5.35
5.967738 5.35
5.978487 5.35
6.008738 5.35
6.019488 5.35
6.049738 5.35
6.060488 5.35
6.090739 5.35
6.101489 5.35
6.131739 5.35
6.142489 5.35
6.172739 5.35
6.183490 5.35
6.213740 5.35
6.224490 5.35
6.254740 5.35
6.265490 5.35
6.295740 5.35
6.306490 5.35
6.336741 5.35
6.347490 5.35
6.377741 5.35
6.388491 5.35
6.418741 5.35
6.429491 5.35
6.459741 5.35
6.470492 5.35
6.500742 5.35
6.511492 5.35
6.541742 5.35
6.552492 5.35
6.582743 5.35
6.593492 5.35
6.623743 5.35
6.634493 5.35
6.664743 5.35
6.675493 5.35
6.705743 5.35
6.716493 5.35
6.746743 5.35
6.757494 5.35
6.787744 5.35
6.798494 5.35
6.828745 5.35
6.839495 5.35
6.869745 5.35
6.880495 5.35
6.910745 5.35
6.921495 5.35
6.951746 5.35
6.962495 5.35
6.992745 5.35
7.003496 5.35
7.033745 5.35
7.044496 5.35
7.074746 5.35
7.085496 5.35
7.115746 5.35
7.126497 5.35
7.156747 5.35
7.167497 5.35
7.197747 5.35
7.208497 5.35
7.238748 5.35
7.249497 5.35
7.279748 5.35
7.290498 5.35
7.320748 5.35
7.331498 5.35
7.361748 5.35
7.372499 5.35
7.402748 5.35
7.413499 5.35
7.443749 5.35
7.454499 5.35
7.484749 5.35
7.495499 5.35
7.525750 5.35
7.536499 5.35
7.566750 5.35
7.577500 5.35
7.607751 5.35
7.618500 5.35
7.648750 5.35
7.659501 5.35
7.689751 5.35
7.700501 5.35
7.730751 5.35
7.741501 5.35
7.771751 5.35
7.782502 5.35
7.812752 5.35
7.823502 5.35
7.853752 5.35
7.864502 5.35
7.894753 5.00
7.905502 5.35
7.935753 5.35
7.946503 5.35
7.976753 5.35
7.987503 5.35
8.017753 5.35
8.028504 5.35
8.058754 5.35
8.069504 5.35
8.099754 5.35
8.110504 5.35
8.140754 5.35
8.151504 5.35
8.181755 5.35
8.192504 5.35
8.222755 5.35
8.233505 5.35
8.263755 5.35
8.274505 5.35
8.304756 5.35
8.315506 5.35
8.345756 5.35
8.356506 5.35
8.386756 5.35
8.397507 5.35
8.427757 5.35
8.438506 5.35
8.468757 5.35
8.479507 5.35
8.509757 5.35
8.520507 5.35
8.550757 5.35
8.561507 5.35
8.591757 5.35
8.602508 5.35
8.632758 5.35
8.643508 5.35
8.673758 5.35
8.684509 5.35
8.714759 5.35
8.725509 5.35
8.755759 5.35
8.766509 5.35
8.796760 5.35
8.807509 5.35
8.837760 5.35
8.848510 5.35
8.878759 5.35
8.889510 5.35
8.919760 5.35
8.930510 5.35
8.960760 5.35
8.971511 5.35
9.001761 5.35
9.012511 5.35
9.042761 5.35
9.053511 5.35
9.083762 5.35
9.094512 5.35
9.124762 5.35
9.135512 5.35
9.165762 5.35
9.176512 5.35
9.206762 5.35
9.217513 5.35
9.247762 5.35
9.258513 5.35
9.288763 5.35
9.299513 5.35
9.329763 5.35
9.340513 5.35
9.371149 4.34
9.387021 4.34
9.412271 4.34
9.423019 4.34
9.453269 4.34
9.464018 4.34
9.494268 4.34
9.505017 4.34
9.535266 4.34
9.546017 4.34
9.576266 4.34
9.587016 4.34
9.617266 4.34
9.628016 4.34
9.658266 4.34
9.669016 4.34
9.699277 4.34
9.710026 4.34
9.740399 4.34
9.751147 4.34
9.781396 4.34
9.792146 4.34
9.822395 4.34
9.833145 4.34
9.863394 4.34
9.874144 4.34
9.904394 4.34
9.915143 4.34
9.945393 4.34
9.956144 4.34
9.986393 4.34
9.997144 4.34
10.027394 4.34
10.038143 4.34
10.068394 4.34
10.080895 4.34
10.109395 4.34
10.120144 4.34
10.150395 4.34
10.161145 4.34
10.191395 4.34
10.203896 4.34
10.232395 4.34
10.243146 4.34
10.273396 4.34
10.285898 4.34
10.314396 4.34
10.326897 4.34
10.355396 4.34
10.367898 4.34
10.396397 4.34
10.408897 4.34
10.437397 4.34
10.449898 4.34
10.478398 4.34
10.490898 4.34
10.519412 4.34
