0.000000 0.000000
0.041994 4.34
0.054594 4.34
0.088824 4.34
0.099832 4.02
0.130457 2.66
0.141458 2.66
0.172271 2.66
0.193830 2.34
0.204828 2.66
0.235465 2.66
0.246467 2.34
0.276979 2.34
0.287822 2.34
0.318462 2.66
0.329335 2.34
0.359819 2.34
0.370695 2.34
0.401335 2.34
0.412334 2.34
0.447568 2.66
0.458459 2.66
0.488694 2.34
0.504569 2.34
0.529973 2.34
0.540819 2.34
0.571334 2.34
0.582085 2.34
0.617695 2.34
0.633695 2.34
0.662096 2.66
0.678094 2.34
0.703336 2.66
0.714096 2.34
0.749571 2.34
0.760460 2.34
0.791230 2.34
0.807462 2.34
0.832831 2.34
0.843830 2.66
0.874347 2.66
0.885494 2.66
0.915958 2.34
0.926958 2.34
0.962836 2.34
0.973963 3.01
1.004478 4.02
1.015459 4.02
1.046117 4.02
1.062346 4.02
1.089112 4.02
1.099986 4.02
1.135826 4.02
1.146826 4.02
1.177339 4.02
1.188092 4.02
1.223824 4.02
1.234700 4.02
1.265102 4.02
1.280978 4.02
1.308103 4.02
1.318976 4.02
1.351103 4.02
1.361978 4.02
1.394101 4.34
1.404975 4.34
1.440841 4.02
1.451841 4.02
1.482466 4.02
1.495143 4.34
1.524090 4.34
1.540283 4.34
1.565838 4.34
1.576837 4.34
1.609126 4.34
1.620123 4.34
1.650707 4.34
1.666831 4.34
1.692348 4.34
1.703350 4.34
1.733830 4.34
1.744830 4.34
1.775344 4.34
1.786096 4.34
1.821704 4.34
1.837719 4.34
1.863370 4.34
1.874363 4.34
1.904963 4.34
1.921231 4.34
1.951841 4.34
1.962715 4.68
1.993354 4.68
2.004106 4.68
2.034835 4.68
2.045710 4.68
2.076354 4.68
2.087350 4.68
2.117707 4.68
2.133708 4.68
2.158707 4.68
2.169457 4.68
2.199985 4.68
2.215989 4.68
2.247104 4.68
2.263345 4.68
2.288716 4.68
2.299716 4.68
2.330358 4.68
2.341108 4.68
2.371712 4.68
2.382586 4.68
2.412961 4.68
2.425461 4.68
2.454103 4.68
2.464991 4.68
2.500709 4.68
2.511584 4.68
2.542005 4.68
2.558251 4.68
2.588719 4.68
2.599593 4.68
2.630358 4.68
2.641109 4.68
2.671714 4.68
2.682589 4.68
2.712963 4.68
2.728837 4.68
2.754103 4.68
2.764991 4.68
2.800711 4.68
2.811461 4.68
2.841974 5.00
2.858245 4.68
2.888859 4.68
2.899844 4.68
2.935593 4.68
2.951591 4.68
2.980125 4.68
2.990966 4.68
3.026590 4.68
3.042714 4.68
3.067839 4.68
3.078588 4.68
3.109353 4.68
3.120115 4.68
3.150463 4.68
3.166726 4.68
3.191968 4.68
3.207972 4.68
3.238873 4.34
3.249861 4.34
3.285596 4.34
3.301857 4.34
3.327129 4.34
3.337969 4.34
3.368717 4.34
3.379592 4.34
3.409966 4.34
3.425966 4.34
3.451231 4.34
3.461966 4.34
3.497591 4.34
3.513591 4.34
3.538717 4.34
3.549466 4.34
3.579967 4.34
3.595842 4.34
3.621234 4.34
3.632119 4.34
3.662592 4.34
3.678593 4.34
3.703717 4.34
3.714592 4.34
3.744968 4.34
3.760968 4.34
3.786245 4.34
3.796968 4.34
3.827594 4.34
3.843593 4.34
3.868718 4.34
3.879594 4.34
3.910121 4.34
3.920969 4.34
3.956594 4.34
3.972595 4.34
3.997720 4.34
4.008470 4.34
4.039124 4.34
4.049970 4.34
4.085595 4.34
4.101595 4.34
4.126720 4.34
4.137471 4.34
4.168113 4.34
4.178971 4.34
4.214596 4.34
4.230596 4.34
4.255721 4.34
4.266597 4.34
4.297123 4.34
4.307972 4.34
4.343597 4.34
4.359597 4.34
4.384723 4.34
4.395472 4.34
4.425973 4.34
4.441972 4.34
4.467238 4.34
4.477973 4.34
4.508598 4.34
4.524598 4.34
4.549723 4.34
4.560598 4.34
4.591004 4.34
4.607128 4.34
4.637724 4.34
4.648599 4.34
4.679130 4.34
4.690049 4.34
4.720735 4.34
4.731734 4.34
4.763984 4.34
4.774860 4.34
4.805604 4.34
4.821729 4.34
4.847136 4.34
4.858011 4.34
4.893727 4.34
4.904602 4.34
4.935130 4.34
4.946005 4.34
4.981727 4.34
4.992477 4.34
5.023391 4.34
5.035921 4.34
5.064866 4.34
5.081164 4.34
5.111734 4.34
5.122733 4.34
5.154876 4.34
5.165731 4.34
5.197870 4.34
5.208730 4.34
5.244604 4.34
5.260729 4.34
5.285728 4.34
5.296604 4.34
5.327131 4.34
5.337857 4.34
5.368479 4.34
5.384605 4.34
5.409480 4.34
5.421856 4.34
5.450605 4.34
5.461369 4.34
5.491731 4.34
5.502480 4.34
5.533135 4.34
5.544015 4.34
