0.000000 0.000000
0.047113 4.34
0.058223 4.34
0.088741 4.34
0.105104 4.34
0.130479 2.66
0.146885 2.66
0.172365 2.66
0.188795 2.66
0.219349 2.66
0.235650 2.66
0.266220 2.66
0.278735 2.34
0.313094 2.34
0.323984 2.34
0.354497 2.66
0.365341 2.66
0.395981 2.34
0.412091 2.34
0.437215 2.66
0.447965 2.34
0.478341 2.34
0.494492 2.66
0.521368 2.66
0.532216 2.66
0.568091 2.34
0.578982 2.34
0.609217 2.34
0.619967 2.66
0.650494 2.66
0.661342 2.34
0.691982 2.34
0.708093 2.66
0.733217 2.66
0.745859 2.66
0.774674 2.34
0.785661 2.34
0.816233 2.34
0.832522 2.34
0.863134 2.34
0.874235 2.34
0.909997 2.34
0.920994 2.34
0.951683 2.34
0.964401 2.34
0.996513 4.02
1.007523 4.02
1.038104 4.34
1.049103 4.02
1.081260 4.34
1.092100 4.34
1.128099 4.02
1.138986 4.02
1.169223 4.34
1.181612 4.02
1.210501 4.02
1.221347 4.34
1.251988 4.02
1.268097 4.02
1.293222 4.02
1.305613 4.02
1.334500 4.02
1.345347 4.02
1.375988 4.02
1.392098 4.34
1.417223 4.34
1.429625 4.02
1.459012 4.34
1.469989 4.34
1.505995 4.34
1.517017 4.34
1.547688 4.34
1.563983 4.34
1.589231 4.34
1.605355 4.34
1.635869 4.34
1.651870 4.34
1.677103 4.34
1.687977 4.34
1.718227 4.34
1.734102 4.34
1.759225 4.34
1.775101 4.34
1.800507 4.34
1.811351 4.34
1.841994 4.34
1.852869 4.34
1.883227 4.34
1.899102 4.34
1.924507 4.34
1.935352 4.34
1.965993 4.34
1.976870 4.34
2.007228 4.34
2.023103 4.34
2.048510 4.34
2.059353 4.34
2.089996 4.34
2.100869 4.34
2.131229 4.34
2.147104 4.34
2.172354 4.34
2.183229 4.34
2.219105 4.34
2.229997 4.34
2.260230 4.34
2.276105 4.34
2.301355 4.34
2.312230 4.34
2.348105 4.34
2.358996 4.34
2.389230 4.34
2.405106 4.34
2.430511 4.34
2.441356 4.34
2.472002 4.34
2.482874 4.34
2.513232 4.34
2.529107 4.34
2.554512 4.34
2.565357 4.34
2.595998 4.34
2.606873 4.34
2.637233 4.34
2.653108 4.34
2.678512 4.34
2.689358 4.34
2.720001 4.34
2.730875 4.34
2.761233 4.34
2.777109 4.34
2.802515 4.34
2.813359 4.34
2.843984 4.34
2.854751 4.34
2.884985 4.34
2.895878 4.34
2.926110 4.34
2.937003 4.34
2.967235 4.34
2.983110 4.34
3.008516 4.34
3.019360 4.34
3.055111 4.34
3.066003 4.34
3.096236 4.34
3.112112 4.34
3.137361 4.34
3.148236 4.34
3.184112 4.34
3.195005 4.34
3.225238 4.34
3.241112 4.34
3.266518 4.34
3.277362 4.34
3.308005 4.34
3.318881 4.34
3.349238 4.34
3.365113 4.34
3.390518 4.34
3.401364 4.34
3.432006 4.34
3.442883 4.34
3.473239 4.34
3.489114 4.34
3.516269 4.34
3.526990 4.34
3.562882 4.34
3.578880 4.34
3.611883 4.34
3.627883 4.34
3.652991 4.34
3.663757 4.34
3.693991 4.34
3.704756 4.34
3.735116 4.34
3.747646 4.34
3.776241 4.34
3.792242 4.34
3.819126 4.34
3.830009 4.34
3.860242 4.34
3.876242 4.34
3.903127 4.34
3.914008 4.34
3.944243 4.34
3.960243 4.34
3.987127 4.34
3.998011 4.34
4.028243 4.34
4.044244 4.34
4.071128 4.34
4.082008 4.34
4.112244 4.34
4.128244 4.34
4.158638 4.34
4.169369 4.34
4.200010 4.34
4.210763 4.34
4.241245 4.34
4.257245 4.34
4.290887 4.34
4.306889 4.34
4.332121 4.34
4.348120 4.34
4.373246 4.34
4.383996 4.34
4.414371 4.34
4.425121 4.34
4.455890 4.34
4.466639 4.34
4.496997 4.34
4.507888 4.34
4.538122 4.34
4.554122 4.34
4.579247 4.34
4.590122 4.34
4.620373 4.34
4.631123 4.34
4.661777 4.34
4.677892 4.34
4.702998 4.34
4.713766 4.34
4.743999 4.34
4.754766 4.34
4.785124 4.34
4.801124 4.34
4.826249 4.34
4.837124 4.34
4.872642 4.34
4.888626 4.34
4.914017 4.34
4.924890 4.34
4.955250 4.34
4.966126 4.34
5.001653 4.34
5.012376 4.34
5.043016 4.34
5.053766 4.34
5.084251 4.34
5.095002 4.34
5.130655 4.34
5.141377 4.34
5.171895 4.34
5.182645 4.34
5.212894 4.34
5.223645 4.34
5.254128 4.34
5.270003 4.34
5.295253 4.34
5.306003 4.34
5.341646 4.34
5.357644 4.34
5.382897 4.34
5.393644 4.34
5.424129 4.34
5.440004 4.34
5.465254 4.34
5.476129 4.34
5.511647 4.34
5.527647 4.34
5.552897 4.34
5.563645 4.34
5.594005 4.34
5.604771 4.34
5.635006 4.34
5.645773 4.34
5.676006 4.34
5.686774 4.34
5.717006 4.34
5.727772 4.34
5.758132 4.34
5.774132 4.34
5.799257 4.34
5.810007 4.34
5.845659 4.34
5.856382 4.34
5.886901 4.34
5.897648 4.34
5.928133 4.34
5.944133 4.34
5.969258 4.34
5.980008 4.34
6.015660 4.34
6.026383 4.34
6.056902 4.34
6.067651 4.34
6.098134 4.34
6.114009 4.34
6.139260 4.34
6.150134 4.34
6.185900 4.34
6.196664 4.34
6.227135 4.34
6.243135 4.34
6.268260 4.34
6.279275 4.34
6.309917 4.34
6.320665 4.34
6.351136 4.34
6.367136 4.34
6.392261 4.34
6.403154 4.34
6.433917 4.34
6.444914 4.34
6.480680 4.34
6.496785 4.34
6.522016 4.68
6.534515 4.34
6.563139 4.68
6.579139 4.68
6.604263 4.34
6.615139 4.68
6.645668 4.34
6.658015 4.68
6.687139 4.34
6.703139 4.68
6.728409 4.34
6.739407 4.34
6.770022 4.68
6.786270 4.34
6.816682 4.68
6.832679 4.68
6.858018 4.68
6.870396 4.68
6.899394 4.68
6.910266 4.68
6.940909 4.68
6.951669 4.68
6.982141 4.68
6.998016 4.68
7.023273 4.68
7.034271 4.68
7.064907 4.68
7.075932 4.34
7.111796 4.34
7.122795 4.34
7.153403 4.34
7.164272 4.34
7.195022 4.34
7.211021 4.34
7.236270 4.34
7.247145 4.34
7.277675 4.34
7.293672 4.34
7.319018 4.34
7.335019 4.34
7.360144 4.34
7.376019 4.34
7.401269 4.34
7.412144 4.34
7.447672 4.34
7.463672 4.34
7.489020 4.34
7.505020 4.34
7.530145 4.34
7.546020 4.34
7.571270 4.34
7.582145 4.34
7.612675 4.34
7.628673 4.34
7.654021 4.34
7.669914 4.34
7.695146 4.34
7.711147 4.34
7.736271 4.34
7.747147 4.34
7.777674 4.34
7.793674 4.34
7.819023 4.34
7.835022 4.34
7.860148 4.34
7.876148 4.34
7.901273 4.34
7.912148 4.34
7.942675 4.34
7.958554 4.34
7.984024 4.34
8.000024 4.34
8.025024 4.34
8.041024 4.34
8.066024 4.34
8.081914 4.34
8.107025 4.34
8.123024 4.34
8.148024 4.34
8.164025 4.34
8.189150 4.34
8.205151 4.34
8.230275 4.34
8.241025 4.34
8.276680 4.34
8.292679 4.34
8.318026 4.34
8.333918 4.34
8.359027 4.34
8.374918 4.34
8.400026 4.34
8.416027 4.34
8.441027 4.34
8.456918 4.34
8.482153 4.34
8.498153 4.34
8.523278 4.34
8.534027 4.34
8.564681 4.34
8.580680 4.34
8.605921 4.34
8.616682 4.34
8.647154 4.34
8.663154 4.34
8.688279 4.34
8.699154 4.34
8.734558 4.34
8.745279 4.34
8.776030 4.34
8.792030 4.34
8.817030 4.34
8.832922 4.34
8.858030 4.34
8.874030 4.34
8.899156 4.34
8.915156 4.34
8.942061 4.34
8.952924 4.34
8.983281 4.34
8.994031 4.34
9.024686 4.34
9.040685 4.34
9.066032 4.34
9.081907 4.34
9.107032 4.34
9.123032 4.34
9.148157 4.34
9.158907 4.34
9.191033 4.34
9.201925 4.34
9.232033 4.34
9.247908 4.34
9.273033 4.34
9.289034 4.34
9.314158 4.34
9.324909 4.34
9.360410 4.34
9.373035 4.34
9.401927 4.34
9.414431 4.34
9.443159 4.34
9.454035 4.34
9.489562 4.34
9.505410 4.34
9.531035 4.34
9.547035 4.34
9.572160 4.34
9.582911 4.34
9.618566 4.34
9.634565 4.34
9.660036 4.34
9.676037 4.34
9.701036 4.34
9.711912 4.34
9.742162 4.34
9.752912 4.34
9.788414 4.34
9.804413 4.34
9.829930 4.34
9.845931 4.34
9.871038 4.34
9.887038 4.34
9.912038 4.34
9.922914 4.34
9.953163 4.34
9.964039 4.34
9.999451 4.34
10.015567 4.34
10.040932 4.34
10.056930 4.34
10.082039 4.34
10.098040 4.34
10.123040 4.34
10.133915 4.34
10.164040 4.34
10.174916 4.34
10.205040 4.34
10.215916 4.34
10.246040 4.34
10.256916 4.34
10.287166 4.34
10.298041 4.34
10.333444 4.34
10.349421 4.34
10.374695 4.34
10.385418 4.34
10.416042 4.34
10.431917 4.34
10.457042 4.34
10.467917 4.34
10.498043 4.34
10.508917 4.34
10.539168 4.34
10.550043 4.34
10.585419 4.34
10.601423 4.34
10.626698 4.34
10.637420 4.34
10.667937 4.34
10.684045 4.34
10.709045 4.34
10.725044 4.34
10.750044 4.34
10.760919 4.34
10.791045 4.34
10.801920 4.34
10.832045 4.34
10.842920 4.34
10.873046 4.34
10.883921 4.34
10.914046 4.34
10.924921 4.34
10.955045 4.34
10.965921 4.34
10.996046 4.34
11.006939 4.34
11.037046 4.34
11.047922 4.34
11.078172 4.34
11.089047 4.34
11.124423 4.34
11.140426 4.34
11.165939 4.34
11.181941 4.34
11.207048 4.34
11.222923 4.34
11.248048 4.34
11.258924 4.34
11.289048 4.34
11.299939 4.34
11.330174 4.34
11.340924 4.34
11.376425 4.68
11.392428 4.34
11.417942 4.34
11.433940 4.34
11.459050 4.34
11.474925 4.34
11.500050 4.34
11.510925 4.34
11.542927 4.34
11.553704 4.34
11.583926 4.34
11.599942 4.34
11.624926 4.34
11.640944 4.34
11.666051 4.34
11.682052 4.34
11.707052 4.34
11.717927 4.34
11.748052 4.34
11.758928 4.34
11.789053 4.34
11.799928 4.34
11.830053 4.34
11.840928 4.34
11.871053 4.34
11.881928 4.34
11.912053 4.34
11.922928 4.34
11.953054 4.34
11.963929 4.34
11.994054 4.34
12.004929 4.34
12.035179 4.34
12.046054 4.34
12.081430 4.34
12.097430 4.34
12.122945 4.34
12.138945 4.34
12.164181 4.34
12.174930 4.34
12.210431 4.34
12.226431 4.34
12.251949 4.34
12.267947 4.34
12.293056 4.34
12.303931 4.34
12.334057 4.34
12.344932 4.34
12.375057 4.34
12.385932 4.34
12.417808 4.34
12.428711 4.34
12.459058 4.34
12.469933 4.34
12.500058 4.34
12.510933 4.34
12.542839 4.34
12.553826 4.34
12.584183 4.34
12.595059 4.34
12.625453 4.34
12.641454 4.34
12.666952 4.34
12.682952 4.34
12.707934 4.34
12.723934 4.34
12.748935 4.34
12.764935 4.34
12.789935 4.34
12.800703 4.34
12.830935 4.34
12.841700 4.34
12.871936 4.34
12.882700 4.34
12.912936 4.34
12.923701 4.34
12.953937 4.34
12.964704 4.34
12.994937 4.34
13.005830 4.34
13.035937 4.34
13.046704 4.34
13.076937 4.34
13.087703 4.34
13.118062 4.34
13.128938 4.34
13.159188 4.34
13.169938 4.34
13.205443 4.34
13.216440 4.34
13.246956 4.34
13.262955 4.34
13.289816 4.34
13.300719 4.34
13.330957 4.34
13.341704 4.34
13.372064 4.34
13.382939 4.34
13.413064 4.34
13.423940 4.34
13.454065 4.34
13.464940 4.34
13.495065 4.34
13.505940 4.34
13.536066 4.34
13.546959 4.34
13.577066 4.34
13.587941 4.34
13.618066 4.34
13.628942 4.34
13.659067 4.34
13.669942 4.34
13.700066 4.34
13.710942 4.34
13.741067 4.34
13.751943 4.34
13.782067 4.34
13.792943 4.34
13.823068 4.34
13.833943 4.34
13.864068 4.34
13.874943 4.34
13.905069 4.34
13.915944 4.34
13.946069 4.34
13.956944 4.34
13.987194 4.34
13.997944 4.34
14.028446 4.34
14.044445 4.34
14.069960 4.34
14.086070 4.34
14.110945 4.34
14.121713 4.34
14.151946 4.34
14.162711 4.34
14.192946 4.34
14.203713 4.34
14.233947 4.34
14.244714 4.34
14.274946 4.34
14.285712 4.34
14.315946 4.34
14.326713 4.34
14.356947 4.34
14.367713 4.34
14.397947 4.34
14.408715 4.34
14.438948 4.34
14.449714 4.34
14.479948 4.34
14.490713 4.34
14.520949 4.34
14.531838 4.34
14.561949 4.34
14.572714 4.34
14.602949 4.34
14.613716 4.34
14.644075 4.34
14.654950 4.34
14.686826 4.34
14.697729 4.34
14.728075 4.34
14.738950 4.34
14.774325 4.34
14.786826 4.34
14.815730 4.34
14.828326 4.34
14.856951 4.34
14.867716 4.34
14.898076 4.34
14.908952 4.34
14.944326 4.34
14.956828 4.34
14.985577 4.34
14.996327 4.34
15.026967 4.34
15.037845 4.34
15.067952 4.34
15.078721 4.34
15.109078 4.34
15.119953 4.34
15.155202 4.34
15.165953 4.34
15.196483 4.34
15.207328 4.34
15.237972 4.34
15.248721 4.34
15.279079 4.34
15.289954 4.34
15.325329 4.34
15.337705 4.34
15.366731 4.34
15.382597 4.34
15.408080 4.34
15.418955 4.34
15.454331 4.34
15.466706 4.34
15.495736 4.34
15.511734 4.34
15.537081 4.34
15.547972 4.34
15.583331 4.34
15.599331 4.34
15.624848 4.34
15.640847 4.34
15.665974 4.34
15.676847 4.34
15.712332 4.34
15.728207 4.34
15.753736 4.34
15.769976 4.34
15.795083 4.34
15.805958 4.34
15.841333 4.34
15.857208 4.34
15.882736 4.34
15.898739 4.34
15.924084 4.34
15.934959 4.34
15.970334 4.34
15.986209 4.34
16.011738 4.34
16.027739 4.34
16.053085 4.34
16.063960 4.34
16.099335 4.34
16.115210 4.34
16.140739 4.34
16.156741 4.34
16.182086 4.34
16.192978 4.34
16.228336 4.34
16.244211 4.34
16.269739 4.34
16.285603 4.34
16.310962 4.34
16.321729 4.34
16.351962 4.34
16.362730 4.34
16.392963 4.34
16.403730 4.34
16.433963 4.34
16.444732 4.34
16.475088 4.34
16.485963 4.34
16.521338 4.34
16.537214 4.34
16.562618 4.34
16.573338 4.34
16.603981 4.34
16.614731 4.34
16.650339 4.34
16.666339 4.34
16.691743 4.34
16.707980 4.34
16.733090 4.34
16.743965 4.34
16.779341 4.34
16.795215 4.34
16.820746 4.34
16.836734 4.34
16.862091 4.34
16.872966 4.34
16.908341 4.34
16.924216 4.34
16.949747 4.34
16.965982 4.34
16.992719 4.34
17.003733 4.34
17.033985 4.34
17.044735 4.34
17.080343 4.34
17.096343 4.34
17.121747 4.34
17.137611 4.34
17.164720 4.34
17.175620 4.34
17.206094 4.34
17.216969 4.34
17.252344 4.34
17.268344 4.34
17.293748 4.34
17.309748 4.34
17.336721 4.34
17.347471 4.34
17.379721 4.34
17.390624 4.34
17.420986 4.34
17.431738 4.34
17.463751 4.34
17.474501 4.34
17.506753 4.34
17.517623 4.34
17.549752 4.34
17.560500 4.34
17.592753 4.34
17.603625 4.34
17.635753 4.34
17.646503 4.34
17.682222 4.34
17.694222 4.34
17.723490 4.34
17.734347 4.34
17.764751 4.34
17.780751 4.34
17.811348 4.34
17.827348 4.34
17.852750 4.34
17.868753 4.34
17.899349 4.34
17.915349 4.34
17.940866 4.34
17.951616 4.34
17.987349 4.34
17.998225 4.34
18.028754 4.34
18.044752 4.34
18.075350 4.34
18.091225 4.34
18.116627 4.34
18.132627 4.34
18.157993 4.34
18.168743 4.34
18.199226 4.34
18.215101 4.34
18.243629 4.34
18.259619 4.34
18.284995 4.34
18.295870 4.34
18.326227 4.34
18.342102 4.34
18.367495 4.34
18.378352 4.34
18.408995 4.34
18.419743 4.34
18.455353 4.34
18.466229 4.34
18.496871 4.34
18.507621 4.34
18.543104 4.34
18.553979 4.34
18.584229 4.34
18.600104 4.34
18.628633 4.34
18.644872 4.34
18.669998 4.34
18.680873 4.34
18.711230 4.34
18.727231 4.34
18.752482 4.34
18.763355 4.34
18.793758 4.34
18.804482 4.34
18.840356 4.34
18.851231 4.34
18.881759 4.34
18.892483 4.34
18.928357 4.34
18.939357 4.34
18.969874 4.34
18.980625 4.34
19.016108 4.34
19.026997 4.34
19.057233 4.34
19.073233 4.34
19.098484 4.34
19.109358 4.34
19.139760 4.34
19.150484 4.34
19.186234 4.34
19.202234 4.34
19.230625 4.34
19.246749 4.34
19.271764 4.34
19.282639 4.34
19.318235 4.34
19.334235 4.34
19.359486 4.34
19.370360 4.34
19.400762 4.34
19.411639 4.34
19.447236 4.34
19.463236 4.34
19.488361 4.34
19.499236 4.34
19.529766 4.34
19.540488 4.34
19.576362 4.34
19.587237 4.34
19.617766 4.34
19.628640 4.34
19.664362 4.34
19.675113 4.34
19.705765 4.34
19.716489 4.34
19.752238 4.34
19.768363 4.34
19.793490 4.34
19.804363 4.34
19.834767 4.34
19.845643 4.34
19.881364 4.34
19.892114 4.34
19.922882 4.34
19.933883 4.34
19.969365 4.34
19.980115 4.34
20.010882 4.34
20.021767 4.34
20.057115 4.34
20.067990 4.34
20.098240 4.34
20.114240 4.34
20.139366 4.34
20.150241 4.34
20.180772 4.34
20.191492 4.34
20.227366 4.34
20.238117 4.34
20.268770 4.34
20.279493 4.34
20.315242 4.34
20.331243 4.34
20.356367 4.34
20.367242 4.34
20.397772 4.34
20.408494 4.34
20.444118 4.34
20.456636 4.34
20.485244 4.34
20.501369 4.34
20.526524 4.34
20.539119 4.34
20.569621 4.34
20.580496 4.34
20.610774 4.34
20.621649 4.34
20.657245 4.34
20.673370 4.34
20.698496 4.34
20.711120 4.34
20.739775 4.34
20.750650 4.34
20.786371 4.34
20.797121 4.34
20.827776 4.34
20.838649 4.34
20.874372 4.34
20.885122 4.34
20.915889 4.34
20.926889 4.34
20.962247 4.34
20.978372 4.34
21.003527 4.34
21.019652 4.34
21.050248 4.34
21.066248 4.34
21.091373 4.34
21.102249 4.34
21.132778 4.34
21.143653 4.34
21.179124 4.34
21.195249 4.34
21.220249 4.34
21.230999 4.34
21.261500 4.34
21.277500 4.34
21.302653 4.34
21.313500 4.34
21.349250 4.34
21.360125 4.34
21.390501 4.34
21.406656 4.34
21.431656 4.34
21.442517 4.34
21.478251 4.34
21.489126 4.34
21.519503 4.34
21.535502 4.34
21.566252 4.34
21.577002 4.34
21.607503 4.34
21.623503 4.34
21.648779 4.34
21.659503 4.34
21.690003 4.34
21.700768 4.34
21.731128 4.34
21.747128 4.34
21.772253 4.34
21.783004 4.34
21.813504 4.34
21.829504 4.34
21.860129 4.34
21.876130 4.34
21.901254 4.34
21.912004 4.34
21.942505 4.34
21.958505 4.34
21.989130 4.34
22.005130 4.34
22.030256 4.34
22.041131 4.34
22.071381 4.34
22.082131 4.34
22.112784 4.34
22.123661 4.34
22.154131 4.34
22.170132 4.34
22.195256 4.34
22.206007 4.34
22.236507 4.34
22.252507 4.34
22.283132 4.34
22.299133 4.34
22.324258 4.34
22.335007 4.34
22.365383 4.34
22.376132 4.34
22.406785 4.34
22.417509 4.34
22.448133 4.34
22.464134 4.34
22.489259 4.34
22.500009 4.34
22.530663 4.34
22.541384 4.34
22.577135 4.34
22.593028 4.34
22.618260 4.34
22.629135 4.34
22.659664 4.34
22.670511 4.34
22.706136 4.34
22.722136 4.34
22.747261 4.34
22.758136 4.34
22.788663 4.34
22.799511 4.34
22.835136 4.34
22.851137 4.34
22.876262 4.34
22.887012 4.34
22.917512 4.34
22.933512 4.34
22.958780 4.34
22.969512 4.34
23.005138 4.34
23.021138 4.34
23.046263 4.34
23.057139 4.34
23.092906 4.34
23.103665 4.34
23.134139 4.34
23.150138 4.34
23.175264 4.34
23.186139 4.34
23.216667 4.34
23.227542 4.34
23.263265 4.34
23.274015 4.34
23.304669 4.34
23.315542 4.34
23.345907 4.34
23.356668 4.34
23.387141 4.34
23.403140 4.34
23.428265 4.34
23.439016 4.34
23.469545 4.34
23.485670 4.34
23.516266 4.34
23.527142 4.34
23.557671 4.34
23.568395 4.34
23.604268 4.34
23.615143 4.34
23.645672 4.34
23.656546 4.34
23.692143 4.34
23.708268 4.34
23.733268 4.34
23.744019 4.34
23.774673 4.34
23.785549 4.34
23.821144 4.34
23.837269 4.34
23.862269 4.34
23.873020 4.34
23.903549 4.34
23.919672 4.34
23.950145 4.34
23.966145 4.34
23.991271 4.34
24.002020 4.34
24.032674 4.34
24.043549 4.34
24.074021 4.34
24.086399 4.34
24.115146 4.34
24.125912 4.34
24.156271 4.34
24.167022 4.34
24.197676 4.34
24.208401 4.34
24.239022 4.34
24.251398 4.34
24.280022 4.34
24.296148 4.34
24.321023 4.34
24.337148 4.34
24.362023 4.34
24.378148 4.34
24.403024 4.34
24.419149 4.34
24.444024 4.34
24.460149 4.34
24.485025 4.34
24.501149 4.34
24.526025 4.34
24.542150 4.34
24.567150 4.34
24.577915 4.34
24.608275 4.34
24.619025 4.34
24.649677 4.34
24.660402 4.34
24.691026 4.34
24.707151 4.34
24.732151 4.34
24.743026 4.34
24.773276 4.34
24.784151 4.34
24.814556 4.34
24.825404 4.34
24.856027 4.34
24.872152 4.34
24.897152 4.34
24.907920 4.34
24.938277 4.34
24.949028 4.34
24.979681 4.34
24.990557 4.34
25.021154 4.34
25.032029 4.34
25.062279 4.34
25.073153 4.34
25.103559 4.34
25.114404 4.34
25.150154 4.34
25.160922 4.34
25.191279 4.34
25.202029 4.34
25.232559 4.34
25.243406 4.34
25.279155 4.34
25.289920 4.34
25.320280 4.34
25.331031 4.34
25.361407 4.34
25.377561 4.34
25.408156 4.34
25.418923 4.34
25.449282 4.34
25.460157 4.34
25.490684 4.34
25.501562 4.34
25.531925 4.34
25.542687 4.34
25.573158 4.34
25.583908 4.34
25.614283 4.34
25.625033 4.34
25.655409 4.34
25.671409 4.34
25.702159 4.34
25.713034 4.34
25.743284 4.34
25.754159 4.34
25.784689 4.34
25.795562 4.34
25.826035 4.34
25.842159 4.34
25.867035 4.34
25.883035 4.34
25.908035 4.34
25.924160 4.34
25.949160 4.34
25.959910 4.34
25.990286 4.34
26.002929 4.34
26.034430 4.34
26.050564 4.34
26.081162 4.34
26.092036 4.34
26.122287 4.34
26.133162 4.34
26.163566 4.34
26.174413 4.34
26.210162 4.34
26.221038 4.34
26.251288 4.34
26.262038 4.34
26.292414 4.34
26.308414 4.34
26.339165 4.34
26.349931 4.34
26.380288 4.34
26.391163 4.34
26.423292 4.34
26.434164 4.34
26.464569 4.34
26.475415 4.34
26.511165 4.34
26.522040 4.34
26.552434 4.34
26.568569 4.34
26.599165 4.34
26.609915 4.34
26.640290 4.34
26.652684 4.34
26.681569 4.34
26.692418 4.34
26.722939 4.34
26.735296 4.34
26.764167 4.34
26.775042 4.34
26.805292 4.34
26.817682 4.34
26.846571 4.34
26.857419 4.34
26.888043 4.34
26.904168 4.34
26.929043 4.34
26.939918 4.34
26.970043 4.34
26.980918 4.34
27.011168 4.34
27.022044 4.34
27.052294 4.34
27.068294 4.34
27.093572 4.34
27.104420 4.34
27.134934 4.34
27.147298 4.34
27.176170 4.34
27.187045 4.34
27.217295 4.34
27.233295 4.34
27.258574 4.34
27.269295 4.34
27.299938 4.34
27.315938 4.34
27.341171 4.34
27.351921 4.34
27.382296 4.34
27.398296 4.34
27.423577 4.34
27.434296 4.34
27.464939 4.34
27.480941 4.34
27.506047 4.34
27.516939 4.34
27.547048 4.34
27.557940 4.34
27.588048 4.34
27.598923 4.34
27.629048 4.34
27.639923 4.34
27.670048 4.34
27.680924 4.34
27.711049 4.34
27.721924 4.34
27.752049 4.34
27.762924 4.34
27.793049 4.34
27.803924 4.34
27.834049 4.34
27.844925 4.34
27.875050 4.34
27.885925 4.34
27.916050 4.34
27.926925 4.34
27.957051 4.34
27.967926 4.34
27.998051 4.34
28.008926 4.34
28.039176 4.34
28.050051 4.34
28.080301 4.34
28.096302 4.34
28.121581 4.34
28.132428 4.34
28.163052 4.34
28.173945 4.34
28.204177 4.34
28.214927 4.34
28.245303 4.34
28.261303 4.34
28.291946 4.34
28.307945 4.34
28.333054 4.34
28.343929 4.34
28.374053 4.34
28.384929 4.34
28.415178 4.34
28.425929 4.34
28.456304 4.34
28.472305 4.34
28.502946 4.34
28.518945 4.34
28.544305 4.34
28.560305 4.34
28.590947 4.34
28.606949 4.34
28.632181 4.34
28.642931 4.34
28.673306 4.34
28.689306 4.34
28.714586 4.34
28.725433 4.34
28.756057 4.34
28.766932 4.34
28.797182 4.34
28.809698 4.34
28.838434 4.34
28.849307 4.34
28.879948 4.34
28.895949 4.34
28.921183 4.34
28.933701 4.34
28.962308 4.34
28.978308 4.34
29.005314 4.34
29.016184 4.34
29.046435 4.34
29.057309 4.34
29.087952 4.34
29.103952 4.34
29.129060 4.34
29.139935 4.34
29.170185 4.34
29.182702 4.34
29.211310 4.34
29.227310 4.34
29.254189 4.34
29.265060 4.34
29.295311 4.34
29.311311 4.34
29.338190 4.34
29.349061 4.34
29.379311 4.34
29.395311 4.34
29.422191 4.34
29.433062 4.34
29.463312 4.34
29.479312 4.34
29.509827 4.34
29.526063 4.34
29.551063 4.34
29.561954 4.34
29.592063 4.34
29.602938 4.34
29.633063 4.34
29.643939 4.34
29.674064 4.34
29.684939 4.34
29.715063 4.34
29.725939 4.34
29.756064 4.34
29.766939 4.34
29.797064 4.34
29.807939 4.34
29.838065 4.34
29.848940 4.34
29.879065 4.34
29.889940 4.34
29.920066 4.34
29.930941 4.34
29.961066 4.34
29.971833 4.34
30.002066 4.34
30.012941 4.34
30.043066 4.34
30.053942 4.34
30.084066 4.34
30.094942 4.34
30.125067 4.34
30.135942 4.34
30.166192 4.34
30.182068 4.34
30.207318 4.34
30.218068 4.34
30.253711 4.34
30.264472 4.34
30.294961 4.34
30.305835 4.34
30.335944 4.34
30.346712 4.34
30.376944 4.34
30.387709 4.34
30.417945 4.34
30.428709 4.34
30.458945 4.34
30.469837 4.34
30.499945 4.34
30.510839 4.34
30.540962 4.34
30.551714 4.34
30.582070 4.34
30.592946 4.34
30.623072 4.34
30.633946 4.34
30.664071 4.34
30.674947 4.34
30.705071 4.34
30.715947 4.34
30.746072 4.34
30.756947 4.34
30.787072 4.34
30.797947 4.34
30.828072 4.34
30.838948 4.34
30.869073 4.34
30.879948 4.34
30.910073 4.34
30.920841 4.34
30.951073 4.34
30.961948 4.34
30.992074 4.34
31.002841 4.34
31.033074 4.34
31.043949 4.34
31.074074 4.34
31.084950 4.34
31.115199 4.34
31.131075 4.34
31.156451 4.34
31.167325 4.34
31.197965 4.34
31.208840 4.34
31.239076 4.34
31.249951 4.34
31.280201 4.34
31.296076 4.34
31.321326 4.34
31.332076 4.34
31.367969 4.34
31.378720 4.34
31.409202 4.34
31.425077 4.34
31.452227 4.34
31.463077 4.34
31.498970 4.34
31.509719 4.34
31.539971 4.34
31.550718 4.34
31.581078 4.34
31.591953 4.34
31.622203 4.34
31.638204 4.34
31.665213 4.34
31.675954 4.34
31.708214 4.34
31.718954 4.34
31.749455 4.34
31.760329 4.34
31.790970 4.34
31.801723 4.34
31.832205 4.34
31.848205 4.34
31.875215 4.34
31.886080 4.34
31.918215 4.34
31.929081 4.34
31.961215 4.34
31.971956 4.34
32.004216 4.34
32.015082 4.34
32.047216 4.34
32.058082 4.34
32.088332 4.34
32.099082 4.34
32.129736 4.34
32.145850 4.34
32.170958 4.34
32.181723 4.34
32.211958 4.34
32.222725 4.34
32.252958 4.34
32.263726 4.34
32.294084 4.34
32.306459 4.34
32.335209 4.34
32.345959 4.34
32.378094 4.34
32.388976 4.34
32.419210 4.34
32.435210 4.34
32.462094 4.34
32.472978 4.34
32.503210 4.34
32.519210 4.34
32.549615 4.34
32.562095 4.34
32.590978 4.34
32.601728 4.34
32.632086 4.34
32.644463 4.34
32.673336 4.34
32.684087 4.34
32.719855 4.34
32.730603 4.34
32.760962 4.34
32.771727 4.34
32.802087 4.34
32.817963 4.34
32.843212 4.34
32.854088 4.34
32.889617 4.34
32.905604 4.34
32.930980 4.34
32.941729 4.34
32.972214 4.34
32.983089 4.34
33.018617 4.34
33.029339 4.34
33.059982 4.34
33.070732 4.34
33.101090 4.34
33.117090 4.34
33.142215 4.34
33.153090 4.34
33.188620 4.34
33.204608 4.34
33.229983 4.34
33.240732 4.34
33.271216 4.34
33.282091 4.34
33.317620 4.34
33.333609 4.34
33.358983 4.34
33.369734 4.34
33.400217 4.34
33.410967 4.34
33.446620 4.34
33.462610 4.34
33.487987 4.34
33.498735 4.34
33.529218 4.34
33.540093 4.34
33.570343 4.34
33.581093 4.34
33.611748 4.34
33.627859 4.34
33.653094 4.34
33.669094 4.34
33.694219 4.34
33.705094 4.34
33.740623 4.34
33.756611 4.34
33.781986 4.34
33.792735 4.34
33.823220 4.34
33.834096 4.34
33.869614 4.34
33.885614 4.34
33.910986 4.34
33.921738 4.34
33.952221 4.34
33.963096 4.34
33.998626 4.34
34.014614 4.34
34.039972 4.34
34.050739 4.34
34.081097 4.34
34.096972 4.34
34.122222 4.34
34.132973 4.34
34.168613 4.34
34.179348 4.34
34.209988 4.34
34.222474 4.34
34.251223 4.34
34.262099 4.34
34.297629 4.34
34.308349 4.34
34.338991 4.34
34.351504 4.34
34.380099 4.34
34.396100 4.34
34.421225 4.34
34.431975 4.34
34.467627 4.34
34.478350 4.34
34.508992 4.34
34.521476 4.34
34.550226 4.34
34.560976 4.34
34.596628 4.34
34.609132 4.34
34.637994 4.34
34.650508 4.34
34.679226 4.34
34.690102 4.34
34.722132 4.34
34.732992 4.34
34.768631 4.34
34.784620 4.34
34.809995 4.34
34.822508 4.34
34.851228 4.34
34.862104 4.34
34.897633 4.34
34.913619 4.34
34.938997 4.34
34.951354 4.34
34.980229 4.34
34.991104 4.34
35.021229 4.34
35.031980 4.34
35.067635 4.34
35.083620 4.34
35.108997 4.34
35.124998 4.34
35.150106 4.34
35.165981 4.34
35.191231 4.34
35.201981 4.34
35.237636 4.34
35.253624 4.34
35.278999 4.34
35.294998 4.34
35.320231 4.34
35.330982 4.34
35.366636 4.34
35.382624 4.34
35.407999 4.34
35.423998 4.34
35.448983 4.34
35.461358 4.34
35.489983 4.34
35.506108 4.34
35.531108 4.34
35.546984 4.34
35.572233 4.34
35.583108 4.34
35.618512 4.34
35.631014 4.34
35.660002 4.34
35.675999 4.34
35.700985 4.34
35.716985 4.34
35.741985 4.34
35.758110 4.34
35.783110 4.34
35.798985 4.34
35.824235 4.34
35.834986 4.34
35.870628 4.34
35.886487 4.34
35.912001 4.34
35.928003 4.34
35.952987 4.34
35.968987 4.34
35.994112 4.34
36.009987 4.34
36.035237 4.34
36.046112 4.34
36.081630 4.34
36.097488 4.34
36.123005 4.34
36.139005 4.34
36.163988 4.34
36.179988 4.34
36.205114 4.34
36.220989 4.34
36.246239 4.34
36.256989 4.34
36.292644 4.34
36.308629 4.34
36.334006 4.34
36.350006 4.34
36.375114 4.34
36.390990 4.34
36.416239 4.34
36.427115 4.34
36.462644 4.34
36.478632 4.34
36.504006 4.34
36.520008 4.34
36.545241 4.34
36.556116 4.34
36.591645 4.34
36.607632 4.34
36.633009 4.34
36.648992 4.34
36.674117 4.34
36.689992 4.34
36.715242 4.34
36.726117 4.34
36.761646 4.34
36.777636 4.34
36.803008 4.34
36.818993 4.34
36.843994 4.34
36.859994 4.34
36.885119 4.34
36.900994 4.34
36.926244 4.34
36.937119 4.34
36.972517 4.34
36.988496 4.34
37.014013 4.34
37.030012 4.34
37.055244 4.34
37.065995 4.34
37.101636 4.34
37.117499 4.34
37.143013 4.34
37.158996 4.34
37.183996 4.34
37.200121 4.34
37.225121 4.34
37.240996 4.34
37.267998 4.34
37.278765 4.34
37.309122 4.34
37.319997 4.34
37.351998 4.34
37.362887 4.34
37.393123 4.34
37.403997 4.34
37.435999 4.34
37.446890 4.34
37.476998 4.34
37.492999 4.34
37.518123 4.34
37.528999 4.34
37.561028 4.34
37.571889 4.34
37.604029 4.34
37.614890 4.34
37.645124 4.34
37.655892 4.34
37.686531 4.34
37.702530 4.34
37.728015 4.34
37.744017 4.34
37.774375 4.34
37.785125 4.34
37.815892 4.34
37.831892 4.34
37.857018 4.34
37.873016 4.34
37.898002 4.34
37.908893 4.34
37.939002 4.34
37.949769 4.34
37.980127 4.34
37.990894 4.34
38.026377 4.34
38.037252 4.34
38.067781 4.34
38.078655 4.34
38.109128 4.34
38.119896 4.34
38.155378 4.34
38.166253 4.34
38.196781 4.34
38.207504 4.34
38.238004 4.34
38.248895 4.34
38.279129 4.34
38.289895 4.34
38.325379 4.34
38.336130 4.34
38.366784 4.34
38.377505 4.34
38.408005 4.34
38.418773 4.34
38.449006 4.34
38.459772 4.34
38.490006 4.34
38.500772 4.34
38.531131 4.34
38.541898 4.34
38.577381 4.34
38.588132 4.34
38.618786 4.34
38.629662 4.34
38.660007 4.34
38.670775 4.34
38.701133 4.34
38.711900 4.34
38.747383 4.34
38.758133 4.34
38.788774 4.34
38.799661 4.34
38.830134 4.34
38.840901 4.34
38.876384 4.34
38.887134 4.34
38.917774 4.34
38.928510 4.34
38.959134 4.34
38.969901 4.34
39.005384 4.34
39.016135 4.34
39.046510 4.34
39.062393 4.34
39.087779 4.34
39.098664 4.34
39.129136 4.34
39.139901 4.34
39.175394 4.34
39.199666 4.34
39.210512 4.34
39.240904 4.34
39.256777 4.34
39.282012 4.34
39.292779 4.34
39.323137 4.34
39.333903 4.34
39.369396 4.34
39.380262 4.34
39.410668 4.34
39.421513 4.34
39.451906 4.34
39.481396 4.34
39.492264 4.34
39.522793 4.34
39.533543 4.34
39.564139 4.34
39.574908 4.34
39.610398 4.34
39.621139 4.34
39.651667 4.34
39.662542 4.34
39.693015 4.34
39.708890 4.34
39.734140 4.34
39.744907 4.34
39.780393 4.34
39.796395 4.34
39.821908 4.34
39.837909 4.34
39.863142 4.34
39.873906 4.34
39.909396 4.34
39.925395 4.34
39.950909 4.34
39.966909 4.34
39.992018 4.34
40.007908 4.34
40.033017 4.34
40.043910 4.34
40.074018 4.34
40.084908 4.34
40.115143 4.34
40.126018 4.34
40.161397 4.34
40.177397 4.34
40.202909 4.34
40.218909 4.34
40.244019 4.34
40.254912 4.34
40.285019 4.34
40.295912 4.34
40.326144 4.34
40.336912 4.34
40.372400 4.34
40.396910 4.34
40.426402 4.34
40.442404 4.34
40.467913 4.34
40.483913 4.34
40.509021 4.34
40.519914 4.34
40.550147 4.34
40.561022 4.34
40.596404 4.34
40.620914 4.34
40.650402 4.34
40.666403 4.34
40.691913 4.34
40.707916 4.34
40.733023 4.34
40.743915 4.34
40.774149 4.34
40.785023 4.34
40.820404 4.34
40.844917 4.34
40.874403 4.34
40.890404 4.34
40.915917 4.34
40.931918 4.34
40.957025 4.34
40.967917 4.34
40.998150 4.34
41.009025 4.34
41.044275 4.34
41.055026 4.34
41.085555 4.34
41.096402 4.34
41.127026 4.34
41.137919 4.34
41.168026 4.34
41.178917 4.34
41.209151 4.34
41.219917 4.34
41.255402 4.34
41.271405 4.34
41.296917 4.34
41.312920 4.34
41.338027 4.34
41.348920 4.34
41.379152 4.34
41.390028 4.34
41.425404 4.34
41.441406 4.34
41.466921 4.34
41.482922 4.34
41.508154 4.34
41.518919 4.34
41.554406 4.34
41.570407 4.34
41.595920 4.34
41.611921 4.34
41.637030 4.34
41.647920 4.34
41.678030 4.34
41.688905 4.34
41.719031 4.34
41.729920 4.34
41.760030 4.34
41.770906 4.34
41.801156 4.34
41.811923 4.34
41.847407 4.34
41.863410 4.34
41.888685 4.34
41.899561 4.34
41.930033 4.34
41.940924 4.34
41.971032 4.34
41.981908 4.34
42.012032 4.34
42.022908 4.34
42.053158 4.34
42.064033 4.34
42.099409 4.34
42.115412 4.34
42.140925 4.34
42.156928 4.34
42.182159 4.34
42.192909 4.34
42.228410 4.34
42.244444 4.34
42.269803 4.34
42.285926 4.34
42.310925 4.34
42.321677 4.34
42.353786 4.34
42.364564 4.34
42.394929 4.34
42.405676 4.34
42.437787 4.34
42.448564 4.34
42.478926 4.34
42.489678 4.34
42.520037 4.34
42.530930 4.34
42.566287 4.34
42.582287 4.34
42.610565 4.34
42.621447 4.34
42.652037 4.34
42.662930 4.34
42.694789 4.34
42.705806 4.34
42.736038 4.34
42.746931 4.34
42.777038 4.34
42.787914 4.34
42.819790 4.34
42.830693 4.34
42.860931 4.34
42.871681 4.34
42.903791 4.34
42.914693 4.34
42.945040 4.34
42.955930 4.34
42.987791 4.34
42.998569 4.34
43.029040 4.34
43.039930 4.34
43.075291 4.34
43.087792 4.34
43.116696 4.34
43.129166 4.34
43.158041 4.34
43.168934 4.34
43.200820 4.34
43.211807 4.34
43.247292 4.34
43.263292 4.34
43.288571 4.34
43.299293 4.34
43.329935 4.34
43.340811 4.34
43.376293 4.34
43.388670 4.34
43.417695 4.34
43.433936 4.34
43.459044 4.34
43.469937 4.34
43.505169 4.34
43.515919 4.34
43.546450 4.34
43.557294 4.34
43.587935 4.34
43.598812 4.34
43.629045 4.34
43.639937 4.34
43.675295 4.34
43.691171 4.34
43.716576 4.34
43.727422 4.34
43.758046 4.34
43.768936 4.34
43.804171 4.34
43.815046 4.34
43.845296 4.34
43.861172 4.34
43.886578 4.34
43.897423 4.34
43.928048 4.34
43.938938 4.34
43.974173 4.34
43.985048 4.34
44.015298 4.34
44.031298 4.34
44.056701 4.34
44.072700 4.34
44.098049 4.34
44.108938 4.34
44.144299 4.34
44.160299 4.34
44.185578 4.34
44.196426 4.34
44.226940 4.34
44.237692 4.34
44.273175 4.34
44.283925 4.34
44.314300 4.34
44.330300 4.34
44.355578 4.34
44.366300 4.34
44.396941 4.34
44.407691 4.34
44.443442 4.34
44.454301 4.34
44.484941 4.34
44.495694 4.34
44.531177 4.34
44.541945 4.34
44.572302 4.34
44.588177 4.34
44.613583 4.34
44.624429 4.34
44.655053 4.34
44.665945 4.34
44.701178 4.34
44.711928 4.34
44.742303 4.34
44.758304 4.34
44.783581 4.34
44.794304 4.34
44.824944 4.34
44.835697 4.34
44.871304 4.34
44.887434 4.34
44.912710 4.34
44.928947 4.34
44.954055 4.34
44.964946 4.34
45.000180 4.34
45.011056 4.34
45.041305 4.34
45.057181 4.34
45.082585 4.34
45.098708 4.34
45.125683 4.34
45.136585 4.34
45.168683 4.34
45.179432 4.34
45.209949 4.34
45.220697 4.34
45.256182 4.34
45.268683 4.34
45.297308 4.34
45.313183 4.34
45.338587 4.34
45.351058 4.34
45.379951 4.34
45.390701 4.34
45.422685 4.34
45.433434 4.34
45.463951 4.34
45.474702 4.34
45.504935 4.34
45.515702 4.34
45.545952 4.34
45.556826 4.34
45.592185 4.34
45.604715 4.34
45.633310 4.34
45.649311 4.34
45.674589 4.34
45.687186 4.34
45.715952 4.34
45.726828 4.34
45.756936 4.34
45.767828 4.34
45.799705 4.34
45.810578 4.34
45.840952 4.34
45.851703 4.34
45.881952 4.34
45.892829 4.34
45.928187 4.34
45.940688 4.34
45.969313 4.34
45.980188 4.34
46.010563 4.34
46.023064 4.34
46.051956 4.34
46.062706 4.34
46.094689 4.34
46.105564 4.34
46.137707 4.34
46.148455 4.34
46.180707 4.34
46.191565 4.34
46.223582 4.34
46.234458 4.34
46.266566 4.34
46.277441 4.34
46.307958 4.34
46.318707 4.34
46.354191 4.34
46.366595 4.34
46.395316 4.34
46.406191 4.34
46.436567 4.34
46.448941 4.34
46.477957 4.34
46.488708 4.34
46.524192 4.34
46.536596 4.34
46.565481 4.34
46.576318 4.34
46.606961 4.34
46.617832 4.34
46.648068 4.34
46.658943 4.34
46.689068 4.34
46.699836 4.34
46.730068 4.34
46.740944 4.34
46.771069 4.34
46.781944 4.34
46.812069 4.34
46.822944 4.34
46.853070 4.34
46.863945 4.34
46.894446 4.34
46.905320 4.34
46.935960 4.34
46.946708 4.34
46.977070 4.34
46.987946 4.34
47.018071 4.34
47.028962 4.34
47.059071 4.34
47.069946 4.34
47.100196 4.34
47.116196 4.34
47.141322 4.34
47.152197 4.34
47.182572 4.34
47.198572 4.34
47.223964 4.34
47.234715 4.34
47.265073 4.34
47.275948 4.34
47.306073 4.34
47.316948 4.34
47.347073 4.34
47.357949 4.34
47.388073 4.34
47.398949 4.34
47.429199 4.34
47.445199 4.34
47.470324 4.34
47.481199 4.34
47.511729 4.34
47.522450 4.34
47.558324 4.34
47.569200 4.34
47.599727 4.34
47.610452 4.34
47.646326 4.34
47.657201 4.34
47.687730 4.34
47.698576 4.34
47.734326 4.34
47.745201 4.34
47.775730 4.34
47.786576 4.34
47.822327 4.34
47.833202 4.34
47.863732 4.34
47.874578 4.34
47.910203 4.34
47.926077 4.34
47.951454 4.34
47.962328 4.34
47.992730 4.34
48.003455 4.34
48.039328 4.34
48.050079 4.34
48.080733 4.34
48.091596 4.34
48.127329 4.34
48.138079 4.34
48.168734 4.34
48.179598 4.34
48.215205 4.34
48.231080 4.34
48.259610 4.34
48.275598 4.34
48.300973 4.34
48.311723 4.34
48.342206 4.34
48.358206 4.34
48.383457 4.34
48.394332 4.34
48.424736 4.34
48.435608 4.34
48.471332 4.34
48.482082 4.34
48.512734 4.34
48.523458 4.34
48.559332 4.34
48.570332 4.34
48.600848 4.34
48.611735 4.34
48.642208 4.34
48.658333 4.34
48.686613 4.34
48.702477 4.34
48.733334 4.34
48.744083 4.34
48.774736 4.34
48.785461 4.34
48.821210 4.34
48.837085 4.34
48.862461 4.34
48.875085 4.34
48.905587 4.34
48.916461 4.34
48.948587 4.34
48.959462 4.34
48.991587 4.34
49.002493 4.34
49.038211 4.34
49.054086 4.34
49.079462 4.34
49.091978 4.34
49.120742 4.34
49.131617 4.34
49.167337 4.34
49.178087 4.34
49.208855 4.34
49.219854 4.34
49.255338 4.34
49.266213 4.34
49.296856 4.34
49.307742 4.34
49.338213 4.34
49.354089 4.34
49.379465 4.34
49.391980 4.34
49.426214 4.34
49.442089 4.34
49.470619 4.34
49.481495 4.34
49.511965 4.34
49.522733 4.34
49.552965 4.34
49.563858 4.34
49.593965 4.34
49.604856 4.34
49.634966 4.34
49.645859 4.34
49.676091 4.34
49.688467 4.34
49.717216 4.34
49.727967 4.34
49.758468 4.34
49.774621 4.34
49.805217 4.34
49.815967 4.34
49.846469 4.34
49.862622 4.34
49.887748 4.34
49.898621 4.34
49.929093 4.34
49.945093 4.34
49.970218 4.34
49.981093 4.34
50.011470 4.34
50.027470 4.34
50.058219 4.34
50.069094 4.34
50.099344 4.34
50.110094 4.34
50.140748 4.34
50.151625 4.34
50.182095 4.34
50.198221 4.34
50.223220 4.34
50.233970 4.34
50.264498 4.34
50.280624 4.34
50.311221 4.34
50.321971 4.34
50.352625 4.34
50.363472 4.34
50.399097 4.34
50.415222 4.34
50.440222 4.34
50.450972 4.34
50.481488 4.34
50.497624 4.34
50.528223 4.34
50.538972 4.34
50.569475 4.34
50.585625 4.34
50.616223 4.34
50.627098 4.34
50.657475 4.34
50.673628 4.34
50.698750 4.34
50.709475 4.34
50.740099 4.34
50.756224 4.34
50.781225 4.34
50.791974 4.34
50.822476 4.34
50.838629 4.34
50.863753 4.34
50.874627 4.34
50.905100 4.34
50.921101 4.34
50.946225 4.34
50.956976 4.34
50.987477 4.34
51.003743 4.34
51.028631 4.34
51.039477 4.34
51.075227 4.34
51.085977 4.34
51.116478 4.34
51.132632 4.34
51.157756 4.34
51.168632 4.34
51.199103 4.34
51.215228 4.34
51.240228 4.34
51.251103 4.34
51.281478 4.34
51.297632 4.34
51.322758 4.34
51.333480 4.34
51.364104 4.34
51.380229 4.34
51.405229 4.34
51.415979 4.34
51.446496 4.34
51.462497 4.34
51.493230 4.34
51.504105 4.34
51.534355 4.34
51.545230 4.34
51.577485 4.34
51.588356 4.34
51.620485 4.34
51.631356 4.34
51.663485 4.34
51.674356 4.34
51.706485 4.34
51.717357 4.34
51.749486 4.34
51.760357 4.34
51.792487 4.34
51.803357 4.34
51.835487 4.34
51.846357 4.34
51.878361 4.34
51.889108 4.34
51.924999 4.34
51.937362 4.34
51.966233 4.34
51.977109 4.34
52.007485 4.34
52.023636 4.34
52.048626 4.34
52.059359 4.34
52.095235 4.34
52.106110 4.34
52.136360 4.34
52.148751 4.34
52.179364 4.34
52.190235 4.34
52.222364 4.34
52.233110 4.34
52.269002 4.34
52.285000 4.34
52.310236 4.34
52.320986 4.34
52.351487 4.34
52.362362 4.34
52.398237 4.34
52.409112 4.34
52.439504 4.34
52.450362 4.34
52.481004 4.34
52.497005 4.34
52.522237 4.34
52.532988 4.34
52.563363 4.34
52.579363 4.34
52.610005 4.34
52.626004 4.34
52.651239 4.34
52.662114 4.34
52.692491 4.34
52.703364 4.34
52.739008 4.34
52.755004 4.34
52.780240 4.34
52.791115 4.34
52.821490 4.34
52.832364 4.34
52.862642 4.34
52.873365 4.34
52.904008 4.34
52.920006 4.34
52.945241 4.34
52.956116 4.34
52.986493 4.34
52.997367 4.34
53.033008 4.34
53.049010 4.34
53.074242 4.34
53.085117 4.34
53.115494 4.34
53.126367 4.34
53.162009 4.34
53.178010 4.34
53.203243 4.34
53.214118 4.34
53.244368 4.34
53.260368 4.34
53.285648 4.34
53.296495 4.34
53.327009 4.34
53.343011 4.34
53.368244 4.34
53.379119 4.34
53.409495 4.34
53.420369 4.34
53.456120 4.34
53.467011 4.34
53.497245 4.34
53.507995 4.34
53.538496 4.34
53.549370 4.34
53.585012 4.34
53.601011 4.34
53.626246 4.34
53.637121 4.34
53.667497 4.34
53.678371 4.34
53.714012 4.34
53.730015 4.34
53.755247 4.34
53.765997 4.34
53.796498 4.34
53.807372 4.34
53.843015 4.34
53.859016 4.34
53.884248 4.34
53.894999 4.34
53.925500 4.34
53.936373 4.34
53.966651 4.34
53.977500 4.34
54.008016 4.34
54.024017 4.34
54.049250 4.34
54.060124 4.34
54.090500 4.34
54.101374 4.34
54.137250 4.34
54.148000 4.34
54.178501 4.34
54.189376 4.34
54.225016 4.34
54.241019 4.34
54.266251 4.34
54.277001 4.34
54.307534 4.34
54.318376 4.34
54.349017 4.34
54.365018 4.34
54.390252 4.34
54.401127 4.34
54.431502 4.34
54.442378 4.34
54.474381 4.34
54.485128 4.34
54.521020 4.34
54.537021 4.34
54.562378 4.34
54.578378 4.34
54.606894 4.34
54.617643 4.34
54.648129 4.34
54.658894 4.34
54.689255 4.34
54.701644 4.34
54.730505 4.34
54.741255 4.34
54.777022 4.34
54.793022 4.34
54.818255 4.34
54.830647 4.34
54.861260 4.34
54.872131 4.34
54.902506 4.34
54.913256 4.34
54.949022 4.34
54.965023 4.34
54.990256 4.34
55.006256 4.34
55.031507 4.34
55.042257 4.34
55.078024 4.34
55.094007 4.34
55.119258 4.34
55.131652 4.34
55.160383 4.34
55.171133 4.34
55.207026 4.34
55.217776 4.34
55.248008 4.34
55.258777 4.34
55.289009 4.34
55.299776 4.34
55.330009 4.34
55.340777 4.34
55.371134 4.34
55.381902 4.34
55.412260 4.34
55.428135 4.34
55.458902 4.34
55.474900 4.34
55.500010 4.34
55.510776 4.34
55.541136 4.34
55.551902 4.34
55.582261 4.34
55.598261 4.34
55.623512 4.34
55.634262 4.34
55.664778 4.34
55.680902 4.34
55.706137 4.34
55.716905 4.34
55.747262 4.34
55.763262 4.34
55.796905 4.34
55.812904 4.34
55.838138 4.34
55.848906 4.34
55.879263 4.34
55.895264 4.34
55.920514 4.34
55.931264 4.34
55.961781 4.34
55.972544 4.34
56.003014 4.34
56.013780 4.34
56.044015 4.34
56.054782 4.34
56.085140 4.34
56.095890 4.34
56.126397 4.34
56.137140 4.34
56.173032 4.34
56.183908 4.34
56.214016 4.34
56.224908 4.34
56.255141 4.34
56.266016 4.34
56.296267 4.34
56.312266 4.34
56.337548 4.34
56.348394 4.34
56.379034 4.34
56.389909 4.34
56.420267 4.34
56.436143 4.34
56.466908 4.34
56.482911 4.34
56.508143 4.34
56.518909 4.34
56.549268 4.34
56.565269 4.34
56.590548 4.34
56.601398 4.34
56.632019 4.34
56.642912 4.34
56.673144 4.34
56.684020 4.34
56.714270 4.34
56.730144 4.34
56.760910 4.34
56.776913 4.34
56.802146 4.34
56.812912 4.34
56.843270 4.34
56.859270 4.34
56.884550 4.34
56.895403 4.34
56.925913 4.34
56.941787 4.34
56.967147 4.34
56.977914 4.34
57.008272 4.34
57.024146 4.34
57.054915 4.34
57.071148 4.34
57.096023 4.34
57.106913 4.34
57.137148 4.34
57.148023 4.34
57.178273 4.34
57.194273 4.34
57.219552 4.34
57.230401 4.34
57.260917 4.34
57.276916 4.34
57.302024 4.34
57.312914 4.34
57.343150 4.34
57.353917 4.34
57.384275 4.34
57.400275 4.34
57.427284 4.34
57.438150 4.34
57.470298 4.34
57.481151 4.34
57.516916 4.34
57.532917 4.34
57.558027 4.34
57.568924 4.34
57.599152 4.34
57.611555 4.34
57.640277 4.34
57.656277 4.34
57.683177 4.34
57.694027 4.34
57.729918 4.34
57.745918 4.34
57.771028 4.34
57.781919 4.34
57.812028 4.34
57.822921 4.34
57.853154 4.34
57.869154 4.34
57.894278 4.34
57.910279 4.34
57.940682 4.34
57.956682 4.34
57.981922 4.34
57.992672 4.34
58.023029 4.34
58.033921 4.34
58.064030 4.34
58.074922 4.34
58.105031 4.34
58.115920 4.34
58.146031 4.34
58.156922 4.34
58.187031 4.34
58.197906 4.34
58.228031 4.34
58.238906 4.34
58.269032 4.34
58.279925 4.34
58.310032 4.34
58.320907 4.34
58.351032 4.34
58.361924 4.34
58.392032 4.34
58.402908 4.34
58.433033 4.34
58.443925 4.34
58.474033 4.34
58.484926 4.34
58.515158 4.34
58.531159 4.34
58.556284 4.34
58.567033 4.34
58.602688 4.34
58.618686 4.34
58.644034 4.34
58.654927 4.34
58.685160 4.34
58.701160 4.34
58.726285 4.34
58.737160 4.34
58.772687 4.34
58.783412 4.34
58.813928 4.34
58.824676 4.34
58.855161 4.34
58.871036 4.34
58.896286 4.34
58.907036 4.34
58.942679 4.34
58.958680 4.34
58.983929 4.34
58.994679 4.34
59.025038 4.34
59.035929 4.34
59.066038 4.34
59.076913 4.34
59.107037 4.34
59.117913 4.34
59.148038 4.34
59.158914 4.34
59.189163 4.34
59.205039 4.34
59.230289 4.34
59.241164 4.34
59.276695 4.34
59.287415 4.34
59.318040 4.34
59.328930 4.34
59.359039 4.34
59.369915 4.34
59.400040 4.34
59.410915 4.34
59.441040 4.34
59.451932 4.34
59.482041 4.34
59.492916 4.34
59.523041 4.34
59.533934 4.34
59.564042 4.34
59.574934 4.34
59.605041 4.34
59.615917 4.34
59.646042 4.34
59.656917 4.34
59.687042 4.34
59.697918 4.34
59.728042 4.34
59.738933 4.34
59.769043 4.34
59.779919 4.34
59.810043 4.34
59.820918 4.34
59.851044 4.34
59.863571 4.34
59.892044 4.34
59.902919 4.34
59.933044 4.34
59.943919 4.34
59.974044 4.34
59.986574 4.34
60.015169 4.34
60.031045 4.34
60.056295 4.34
60.067170 4.34
60.102689 4.34
60.113421 4.34
60.143938 4.34
60.154691 4.34
60.185046 4.34
60.197576 4.34
60.226046 4.34
60.238575 4.34
60.267172 4.34
60.283047 4.34
60.308297 4.34
60.319047 4.34
60.349699 4.34
60.362057 4.34
60.391048 4.34
60.403424 4.34
60.432173 4.34
60.448048 4.34
60.473298 4.34
60.484173 4.34
60.519701 4.34
60.532078 4.34
60.561049 4.34
60.573425 4.34
60.602174 4.34
60.618050 4.34
60.643299 4.34
60.654174 4.34
60.684702 4.34
60.700690 4.34
60.725925 4.34
60.736693 4.34
60.767051 4.34
60.779427 4.34
60.808176 4.34
60.824051 4.34
60.849301 4.34
60.860051 4.34
60.895694 4.34
60.911581 4.34
60.937052 4.34
60.952927 4.34
60.978052 4.34
60.990429 4.34
61.019053 4.34
61.035053 4.34
61.060052 4.34
61.072429 4.34
61.101053 4.34
61.117053 4.34
61.142053 4.34
61.157929 4.34
61.183054 4.34
61.198929 4.34
61.224054 4.34
61.240054 4.34
61.265054 4.34
61.281054 4.34
61.306054 4.34
61.321930 4.34
61.347055 4.34
61.362930 4.34
61.388055 4.34
61.403931 4.34
61.429055 4.34
61.444931 4.34
61.470180 4.34
61.480931 4.34
61.511306 4.34
61.522056 4.34
61.557710 4.34
61.573585 4.34
61.598949 4.34
61.609699 4.34
61.639932 4.34
61.650698 4.34
61.681057 4.34
61.697058 4.34
61.722182 4.34
61.732933 4.34
61.768558 4.34
61.779308 4.34
61.809950 4.34
61.820700 4.34
61.851059 4.34
61.866934 4.34
61.892059 4.34
61.907934 4.34
61.933059 4.34
61.948935 4.34
61.974060 4.34
61.989935 4.34
62.015060 4.34
62.030935 4.34
62.056060 4.34
62.071935 4.34
62.097060 4.34
62.112936 4.34
62.138061 4.34
62.153936 4.34
62.179061 4.34
62.194937 4.34
62.220062 4.34
62.235937 4.34
62.261062 4.34
62.276937 4.34
62.302062 4.34
62.317937 4.34
62.343187 4.34
62.359063 4.34
62.384313 4.34
62.395063 4.34
62.430715 4.34
62.446563 4.34
62.471938 4.34
62.482705 4.34
62.512939 4.34
62.523706 4.34
62.554064 4.34
62.569939 4.34
62.595064 4.34
62.610939 4.34
62.636065 4.34
62.651940 4.34
62.677065 4.34
62.692940 4.34
62.718065 4.34
62.733941 4.34
62.759066 4.34
62.774941 4.34
62.800066 4.34
62.815941 4.34
62.841191 4.34
62.851942 4.34
62.887567 4.34
62.900068 4.34
62.928961 4.34
62.941460 4.34
62.970192 4.34
62.980942 4.34
63.016568 4.34
63.029097 4.34
63.057959 4.34
63.070471 4.34
63.099068 4.34
63.114943 4.34
63.140068 4.34
63.155944 4.34
63.181069 4.34
63.196944 4.34
63.222069 4.34
63.237944 4.34
63.263070 4.34
63.273945 4.34
63.304070 4.34
63.314945 4.34
63.345070 4.34
63.355945 4.34
63.386070 4.34
63.396946 4.34
63.427071 4.34
63.437946 4.34
63.468071 4.34
63.478946 4.34
63.509071 4.34
63.519946 4.34
63.550072 4.34
63.560962 4.34
63.591072 4.34
63.601947 4.34
63.632072 4.34
63.642841 4.34
63.673072 4.34
63.683948 4.34
63.714073 4.34
63.724948 4.34
63.755073 4.34
63.765948 4.34
63.796073 4.34
63.806949 4.34
63.837074 4.34
63.847949 4.34
63.878074 4.34
63.888949 4.34
63.919075 4.34
63.929950 4.34
63.960075 4.34
63.970950 4.34
64.001200 4.34
64.011951 4.34
64.047575 4.34
64.063452 4.34
64.088966 4.34
64.104967 4.34
64.129951 4.34
64.145951 4.34
64.170952 4.34
64.186951 4.34
64.212077 4.34
64.227952 4.34
64.253203 4.34
64.263952 4.34
64.299593 4.34
64.315453 4.34
64.340953 4.34
64.356952 4.34
64.382078 4.34
64.397954 4.34
64.423203 4.34
64.433953 4.34
64.469597 4.34
64.485455 4.34
64.510954 4.34
64.526954 4.34
64.552079 4.34
64.568080 4.34
64.593204 4.34
64.603954 4.34
64.634595 4.34
64.650456 4.34
64.675955 4.34
64.691955 4.34
64.717081 4.34
64.732956 4.34
64.758206 4.34
64.768956 4.34
64.799598 4.34
64.815458 4.34
64.841082 4.34
64.856957 4.34
64.882207 4.34
64.893082 4.34
64.928599 4.34
64.944459 4.34
64.970083 4.34
64.985958 4.34
65.011208 4.34
65.022083 4.34
65.057615 4.34
65.073459 4.34
65.098974 4.34
65.114976 4.34
65.140209 4.34
65.151084 4.34
65.186601 4.34
65.202460 4.34
65.227960 4.34
65.243975 4.34
65.269085 4.34
65.284960 4.34
65.311961 4.34
65.322726 4.34
65.353086 4.34
65.368961 4.34
65.395961 4.34
65.406728 4.34
65.436961 4.34
65.452976 4.34
65.477962 4.34
65.494087 4.34
65.519087 4.34
65.535087 4.34
65.561991 4.34
65.572855 4.34
65.604993 4.34
65.615856 4.34
65.647993 4.34
65.658855 4.34
65.690994 4.34
65.701853 4.34
65.733991 4.34
65.744857 4.34
65.776995 4.34
65.787856 4.34
65.819995 4.34
65.830856 4.34
65.866339 4.34
65.878982 4.34
65.907857 4.34
65.920340 4.34
65.949090 4.34
65.959981 4.34
65.995340 4.34
66.007857 4.34
66.036743 4.34
66.047483 4.34
66.077966 4.34
66.093984 4.34
66.118967 4.34
66.134985 4.34
66.159967 4.34
66.170732 4.34
66.201092 4.34
66.211967 4.34
66.247342 4.34
66.258092 4.34
66.288746 4.34
66.299611 4.34
66.329968 4.34
66.340858 4.34
66.371093 4.34
66.381968 4.34
66.417343 4.34
66.428094 4.34
66.458746 4.34
66.469469 4.34
66.499969 4.34
66.510735 4.34
66.540969 4.34
66.551735 4.34
66.582095 4.34
66.592970 4.34
66.628345 4.34
66.639095 4.34
66.669749 4.34
66.680624 4.34
66.710971 4.34
66.721736 4.34
66.752096 4.34
66.762971 4.34
66.798346 4.34
66.809097 4.34
66.839751 4.34
66.850627 4.34
66.880972 4.34
66.891740 4.34
66.921972 4.34
66.932739 4.34
66.963098 4.34
66.973973 4.34
67.009348 4.34
67.020098 4.34
67.050753 4.34
67.061628 4.34
67.091974 4.34
67.102739 4.34
67.133099 4.34
67.143974 4.34
67.179349 4.34
67.190099 4.34
67.220753 4.34
67.231629 4.34
67.261975 4.34
67.272740 4.34
67.303100 4.34
67.313975 4.34
67.349351 4.34
67.360101 4.34
67.390753 4.34
67.401630 4.34
67.432101 4.34
67.442977 4.34
67.478352 4.34
67.489102 4.34
67.519756 4.34
67.530631 4.34
67.561102 4.34
67.571977 4.34
67.607352 4.34
67.618228 4.34
67.648755 4.34
67.661228 4.34
67.690103 4.34
67.700979 4.34
67.736353 4.34
67.747229 4.34
67.777757 4.34
67.788633 4.34
67.818979 4.34
67.829744 4.34
67.859980 4.34
67.870747 4.34
67.901105 4.34
67.911980 4.34
67.947355 4.34
67.958230 4.34
67.988758 4.34
68.001355 4.34
68.030106 4.34
68.040981 4.34
68.076356 4.34
68.088857 4.34
68.117758 4.34
68.128636 4.34
68.158982 4.34
68.169754 4.34
68.199982 4.34
68.210750 4.34
68.241108 4.34
68.251983 4.34
68.287358 4.34
68.299860 4.34
68.328760 4.34
68.341358 4.34
68.370108 4.34
68.380984 4.34
68.411358 4.34
68.427359 4.34
68.452762 4.34
68.465359 4.34
68.494109 4.34
68.505003 4.34
68.540360 4.34
68.556517 4.34
68.581876 4.34
68.598002 4.34
68.623002 4.34
68.633878 4.34
68.669360 4.34
68.681862 4.34
68.710878 4.34
68.726876 4.34
68.752112 4.34
68.762987 4.34
68.798362 4.34
68.810738 4.34
68.839765 4.34
68.855765 4.34
68.880987 4.34
68.891755 4.34
68.922113 4.34
68.932988 4.34
68.968363 4.34
68.984363 4.34
69.009643 4.34
69.020489 4.34
69.051005 4.34
69.061756 4.34
69.097364 4.34
69.113239 4.34
69.138769 4.34
69.154769 4.34
69.179990 4.34
69.190757 4.34
69.220990 4.34
69.231883 4.34
69.261990 4.34
69.272755 4.34
69.302991 4.34
69.313756 4.34
69.343991 4.34
69.354757 4.34
69.384991 4.34
69.395759 4.34
69.425991 4.34
69.436761 4.34
69.466992 4.34
69.477884 4.34
69.507992 4.34
69.518759 4.34
69.549117 4.34
69.559993 4.34
69.595368 4.34
69.611243 4.34
69.636772 4.34
69.652645 4.34
69.678119 4.34
69.688994 4.34
69.724369 4.34
69.740244 4.34
69.765771 4.34
69.781648 4.34
69.806995 4.34
69.817761 4.34
69.848120 4.34
69.858995 4.34
69.894370 4.34
69.910370 4.34
69.935888 4.34
69.951888 4.34
69.977121 4.34
69.987996 4.34
70.023371 4.34
70.039246 4.34
70.064650 4.34
70.075497 4.34
70.106014 4.34
70.116762 4.34
70.152372 4.34
70.168247 4.34
70.193776 4.34
70.209777 4.34
70.235123 4.34
70.245998 4.34
70.281373 4.34
70.297373 4.34
70.322778 4.34
70.338891 4.34
70.363999 4.34
70.374766 4.34
70.406750 4.34
70.417500 4.34
70.448016 4.34
70.458892 4.34
70.494374 4.34
70.510249 4.34
70.535893 4.34
70.551891 4.34
70.577017 4.34
70.587893 4.34
70.623375 4.34
70.639251 4.34
70.664780 4.34
70.680779 4.34
70.706127 4.34
70.717001 4.34
70.752377 4.34
70.776893 4.34
70.792770 4.34
70.818003 4.34
70.828768 4.34
70.860755 4.34
70.871503 4.34
70.901898 4.34
70.912646 4.34
70.942895 4.34
70.953645 4.34
70.985755 4.34
70.996658 4.34
71.026897 4.34
71.037644 4.34
71.069783 4.34
71.080656 4.34
71.112783 4.34
71.123657 4.34
71.155784 4.34
71.166505 4.34
71.198786 4.34
71.209659 4.34
71.241784 4.34
71.252506 4.34
71.288380 4.34
71.304381 4.34
71.329771 4.34
71.345646 4.34
71.372787 4.34
71.383660 4.34
71.415774 4.34
71.426507 4.34
71.462382 4.34
71.478257 4.34
71.503774 4.34
71.519650 4.34
71.550382 4.34
71.574901 4.34
71.585661 4.34
71.621133 4.34
71.631901 4.34
71.662258 4.34
71.674664 4.34
71.703661 4.34
71.719661 4.34
71.744900 4.34
71.755652 4.34
71.791260 4.34
71.803664 4.34
71.835662 4.34
71.851663 4.34
71.876902 4.34
71.887653 4.34
71.923261 4.34
71.939393 4.34
71.964511 4.34
71.975260 4.34
72.005779 4.34
72.021783 4.34
72.046902 4.34
72.057663 4.34
72.093394 4.34
72.109262 4.34
72.134790 4.34
72.145513 4.34
72.181395 4.34
72.192138 4.34
72.222778 4.34
72.233667 4.34
72.269138 4.34
72.280013 4.34
72.310263 4.34
72.326263 4.34
72.351513 4.34
72.362264 4.34
72.392668 4.34
72.408542 4.34
72.434015 4.34
72.444781 4.34
72.480140 4.34
72.490890 4.34
72.521265 4.34
72.537398 4.34
72.562393 4.34
72.573266 4.34
72.603906 4.34
72.614669 4.34
72.650266 4.34
72.666395 4.34
72.691543 4.34
72.702395 4.34
72.733034 4.34
72.743909 4.34
72.774266 4.34
72.790395 4.34
72.815544 4.34
72.826395 4.34
72.856910 4.34
72.867671 4.34
72.903268 4.34
72.919397 4.34
72.944545 4.34
72.955397 4.34
72.985673 4.34
73.001547 4.34
73.027019 4.34
73.037911 4.34
73.073144 4.34
73.083909 4.34
73.114270 4.34
73.130399 4.34
73.158672 4.34
73.174673 4.34
73.200020 4.34
73.210911 4.34
73.246145 4.34
73.256912 4.34
73.287270 4.34
73.303271 4.34
73.328550 4.34
73.339402 4.34
73.370022 4.34
73.380915 4.34
73.416402 4.34
73.427272 4.34
73.457915 4.34
73.468676 4.34
73.504401 4.34
73.515273 4.34
73.545914 4.34
73.556677 4.34
73.592401 4.34
73.603273 4.34
73.633915 4.34
73.644677 4.34
73.680149 4.34
73.692677 4.34
73.721274 4.34
73.737274 4.34
73.762554 4.34
73.775150 4.34
73.805681 4.34
73.816403 4.34
73.848681 4.34
73.859401 4.34
73.891681 4.34
73.902554 4.34
73.934681 4.34
73.945401 4.34
73.977682 4.34
73.988401 4.34
74.020681 4.34
74.031402 4.34
74.063681 4.34
74.074406 4.34
74.106670 4.34
74.117554 4.34
74.153277 4.34
74.169403 4.34
74.194558 4.34
74.207153 4.34
74.237683 4.34
74.248406 4.34
74.284278 4.34
74.300153 4.34
74.325557 4.34
74.338154 4.34
74.372154 4.34
74.384655 4.34
74.413279 4.34
74.429154 4.34
74.454558 4.34
74.470414 4.34
74.495923 4.34
74.506674 4.34
74.542414 4.34
74.553281 4.34
74.583924 4.34
74.594671 4.34
74.630281 4.34
74.646408 4.34
74.671560 4.34
74.684032 4.34
74.718281 4.34
74.734408 4.34
74.759686 4.34
74.775560 4.34
74.806157 4.34
74.822283 4.34
74.847283 4.34
74.863158 4.34
74.888562 4.34
74.904560 4.34
74.935283 4.34
74.946159 4.34
74.976689 4.34
74.987563 4.34
75.023159 4.34
75.039159 4.34
75.064284 4.34
75.075159 4.34
75.105564 4.34
75.121564 4.34
75.146928 4.34
75.157676 4.34
75.188035 4.34
75.198925 4.34
75.229035 4.34
75.239911 4.34
75.270036 4.34
75.280911 4.34
75.311036 4.34
75.321912 4.34
75.352161 4.34
75.368037 4.34
75.393286 4.34
75.404037 4.34
75.434567 4.34
75.450693 4.34
75.481288 4.34
75.492163 4.34
75.522566 4.34
75.538788 4.34
75.569288 4.34
75.580038 4.34
75.610567 4.34
75.626566 4.34
75.651931 4.34
75.662680 4.34
75.693039 4.34
75.703932 4.34
75.734039 4.34
75.744932 4.34
75.775040 4.34
75.785915 4.34
75.816040 4.34
75.826915 4.34
75.857041 4.34
75.867916 4.34
75.898166 4.02
75.914291 4.34
75.939291 4.34
75.950166 4.34
75.980571 4.34
75.996571 4.34
76.027292 4.34
76.038042 4.34
76.068572 4.34
76.084571 4.34
76.115293 4.34
76.126167 4.34
76.156695 4.34
76.167573 4.34
76.203293 4.34
76.214043 4.34
76.244573 4.34
76.260697 4.34
76.291294 4.34
76.302169 4.34
76.332572 4.34
76.348699 4.34
76.379294 4.34
76.390045 4.34
76.420574 4.34
76.436421 4.34
76.461937 4.34
76.472687 4.34
76.503045 4.34
76.513921 4.34
76.544171 4.34
76.560171 4.34
76.585296 4.34
76.596046 4.34
76.626576 4.34
76.642699 4.34
76.673296 4.34
76.684171 4.34
76.714574 4.34
76.730574 4.34
76.761172 4.34
76.777298 4.34
76.802297 4.34
76.813047 4.34
76.843578 4.34
76.859702 4.34
76.890298 4.34
76.901049 4.34
76.931703 4.34
76.942425 4.34
76.978299 4.34
76.989175 4.34
77.019703 4.34
77.030425 4.34
77.066175 4.34
77.082174 4.34
77.107300 4.34
77.118050 4.34
77.148579 4.34
77.164580 4.34
77.195300 4.34
77.206176 4.34
77.236580 4.34
77.252706 4.34
77.279428 4.34
77.290302 4.34
77.322429 4.34
77.333302 4.34
77.365428 4.34
77.376302 4.34
77.406706 4.34
77.417428 4.34
77.453178 4.34
77.469303 4.34
77.494303 4.34
77.505178 4.34
77.535822 4.34
77.546819 4.34
77.577178 4.34
77.593178 4.34
77.618430 4.34
77.630944 4.34
77.665179 4.34
77.681055 4.34
77.706304 4.34
77.717055 4.34
77.747583 4.34
77.758431 4.34
77.789055 4.34
77.801431 4.34
77.830181 4.34
77.840931 4.34
77.871306 4.34
77.882056 4.34
77.912585 4.34
77.923432 4.34
77.959182 4.34
77.970057 4.34
78.000307 4.34
78.011182 4.34
78.041585 4.34
78.052307 4.34
78.088182 4.34
78.099058 4.34
78.129434 4.34
78.145586 4.34
78.170714 4.34
78.181434 4.34
78.211933 4.34
78.222702 4.34
78.253059 4.34
78.269184 4.34
78.294184 4.34
78.305060 4.34
78.335309 4.34
78.346184 4.34
78.376590 4.34
78.387436 4.34
78.423185 4.34
78.434060 4.34
78.464310 4.34
78.475061 4.34
78.505587 4.34
78.516437 4.34
78.546953 4.34
78.557704 4.34
78.588061 4.34
78.604186 4.34
78.629062 4.34
78.645187 4.34
78.670062 4.34
78.686187 4.34
78.711062 4.34
78.727187 4.34
78.752062 4.34
78.768063 4.34
78.793062 4.34
78.809188 4.34
78.834063 4.34
78.850188 4.34
78.875063 4.34
78.891189 4.34
78.916064 4.34
78.932189 4.34
78.957064 4.34
78.973189 4.34
78.998064 4.34
79.014065 4.34
79.039190 4.34
79.049940 4.34
79.080440 4.34
79.096565 4.34
79.127190 4.34
79.137941 4.34
79.168442 4.34
79.184441 4.34
79.209719 4.34
79.220442 4.34
79.250958 4.34
79.261710 4.34
79.292066 4.34
79.308192 4.34
79.333066 4.34
79.349192 4.34
79.374067 4.34
79.390193 4.34
79.415067 4.34
79.431068 4.34
79.456068 4.34
79.472194 4.34
79.497068 4.34
79.513068 4.34
79.538069 4.34
79.554194 4.34
79.579069 4.34
79.595194 4.34
79.620069 4.34
79.636194 4.34
79.661069 4.34
79.677070 4.34
79.702069 4.34
79.718195 4.34
79.743070 4.34
79.759070 4.34
79.784070 4.34
79.800195 4.34
79.825071 4.34
79.841196 4.34
79.866071 4.34
79.882196 4.34
79.907071 4.34
79.923072 4.34
79.948071 4.34
79.964197 4.34
79.989072 4.34
80.005072 4.34
80.030072 4.34
80.046197 4.34
80.071072 4.34
80.087197 4.34
80.112073 4.34
80.128198 4.34
80.153073 4.34
80.169198 4.34
80.194073 4.34
80.210074 4.34
80.235074 4.34
80.251074 4.34
80.276074 4.34
80.292199 4.34
80.317074 4.34
80.333200 4.34
80.358200 4.34
80.368950 4.34
80.399451 4.34
80.415575 4.34
80.446200 4.34
80.456950 4.34
80.487452 4.34
80.503576 4.34
80.534201 4.34
80.544969 4.34
80.575453 4.34
80.586326 4.34
80.622202 4.34
80.632952 4.34
80.663482 4.34
80.674202 4.34
80.705078 4.34
80.715953 4.34
80.746203 4.34
80.756953 4.34
80.787328 4.34
80.803454 4.34
80.833970 4.34
80.849968 4.34
80.875204 4.34
80.885953 4.34
80.916455 4.34
80.927329 4.34
80.963204 4.34
80.973954 4.34
81.004330 4.34
81.020456 4.34
81.050972 4.34
81.066971 4.34
81.092205 4.34
81.102955 4.34
81.133457 4.34
81.144330 4.34
81.180206 4.34
81.190955 4.34
81.221331 4.34
81.237331 4.34
81.267974 4.34
81.283974 4.34
81.309207 4.34
81.319957 4.34
81.350458 4.34
81.361332 4.34
81.396976 4.34
81.412973 4.34
81.438208 4.34
81.448958 4.34
81.479733 4.34
81.490742 4.34
81.521342 4.34
81.537634 4.34
81.568214 4.34
81.578962 4.34
81.614977 4.34
81.630979 4.02
81.656211 4.34
81.667086 4.34
81.697210 4.34
81.708085 4.34
81.738461 4.34
81.749461 4.34
81.780096 4.34
81.791094 4.34
81.821737 4.34
81.832608 4.34
81.863341 4.34
81.879339 4.34
81.909983 4.34
81.925981 4.34
81.951338 4.34
81.967337 4.34
81.997979 4.34
82.013977 4.34
82.039212 4.34
82.050088 4.34
82.080464 4.34
82.091338 4.34
82.126979 4.34
82.142981 4.34
82.168213 4.34
82.179089 4.34
82.209465 4.34
82.220339 4.34
82.256214 4.34
82.266964 4.34
82.297465 4.34
82.308340 4.34
82.340344 4.34
82.351090 4.34
82.386982 4.34
82.402980 4.34
82.428215 4.34
82.438966 4.34
82.469467 4.34
82.480341 4.34
82.515983 4.34
82.531981 4.34
82.557537 4.34
