0.000000 0.000000
0.041843 4.34
0.052824 4.34
0.088700 4.34
0.099857 4.34
0.130343 2.66
0.141360 2.66
0.171954 2.66
0.188361 2.66
0.218824 2.66
0.231447 2.66
0.265695 2.66
0.276694 2.34
0.307224 2.66
0.318096 2.66
0.348566 2.66
0.364691 2.34
0.389690 2.34
0.400565 2.66
0.430814 2.34
0.441565 2.66
0.472328 2.34
0.483082 2.34
0.513565 2.66
0.529565 2.66
0.554690 2.66
0.565440 2.34
0.595942 2.66
0.612092 2.34
0.637331 2.66
0.648092 2.66
0.678441 2.66
0.689332 2.34
0.719441 2.66
0.730332 2.66
0.760441 2.66
0.771357 2.66
0.802133 2.66
0.820017 2.66
0.843698 2.34
0.854572 2.66
0.887027 2.66
0.898095 2.66
0.928704 2.66
0.939702 2.66
0.972026 2.66
0.983095 3.67
1.013582 4.34
1.029844 4.34
1.056991 4.34
1.067951 4.34
1.103824 4.34
1.116463 4.34
1.146977 4.34
1.157821 4.34
1.193697 4.34
1.204571 4.34
1.235094 4.34
1.245945 4.34
1.281570 4.34
1.297571 4.34
1.322696 4.34
1.333446 4.34
1.363946 4.34
1.379821 4.34
1.406972 4.34
1.417822 4.34
1.448587 4.34
1.459586 4.34
1.490219 4.34
1.501274 4.34
1.531849 4.34
1.547957 4.34
1.578710 4.34
1.589709 4.34
1.625582 4.34
1.636580 4.34
1.667251 4.34
1.678222 4.34
1.708702 4.34
1.719577 4.34
1.750131 4.34
1.760951 4.34
1.791342 4.34
1.802090 4.34
1.832450 4.34
1.844864 4.34
1.874132 4.34
1.885135 4.34
1.915712 4.34
1.926710 4.34
1.962583 4.34
1.973582 4.34
2.004225 4.34
2.015222 4.34
2.045840 4.34
2.061838 4.34
2.092470 4.34
2.104838 4.34
2.133702 4.34
2.144452 4.68
2.175104 4.34
2.185835 4.34
2.216342 4.34
2.227235 4.34
2.257843 4.34
2.273841 4.34
2.304470 4.34
2.320472 4.34
2.345705 4.34
2.356580 4.34
2.387109 4.34
2.397837 4.34
2.428454 4.34
2.444470 4.34
2.469579 4.34
2.480347 4.34
2.510704 4.34
2.521454 4.34
2.552109 4.34
2.562982 4.34
2.593455 4.34
2.609455 4.34
2.634456 4.34
2.650580 4.34
2.675581 4.34
2.686348 4.34
2.716706 4.34
2.727456 4.34
2.758110 4.34
2.768985 4.34
2.799457 4.34
2.815582 4.34
2.840457 4.34
2.856581 4.34
2.881707 4.34
2.892582 4.34
2.922985 4.34
2.933834 4.34
2.964474 4.34
2.980583 4.34
3.005708 4.34
3.016458 4.34
3.046985 4.34
3.057836 4.34
3.088477 4.34
3.104584 4.34
3.129709 4.34
3.140459 4.34
3.170989 4.34
3.181709 4.34
3.212459 4.34
3.228584 4.34
3.253460 4.34
3.269585 4.34
3.294585 4.34
3.305351 4.34
3.335710 4.34
3.346460 4.34
3.377115 4.34
3.387989 4.34
3.418461 4.34
3.434586 4.34
3.459586 4.34
3.470351 4.34
3.500712 4.34
3.511462 4.34
3.542104 4.34
3.552842 4.34
3.583462 4.34
3.599462 4.34
3.624587 4.34
3.635356 4.34
3.665713 4.34
3.676463 4.34
3.707115 4.34
3.717841 4.34
3.748463 4.34
3.764589 4.34
3.789589 4.34
3.800357 4.34
3.830714 4.34
3.841589 4.34
3.872118 4.34
3.882994 4.34
3.913464 4.34
3.929589 4.34
3.954589 4.34
3.965355 4.34
3.995715 4.34
4.006465 4.34
4.038844 4.34
4.049716 4.34
4.085591 4.34
4.096466 4.34
4.126716 4.34
4.139360 4.34
4.169846 4.34
4.180716 4.34
4.216591 4.34
4.227467 4.34
4.257716 4.34
4.268467 4.34
4.298995 4.34
4.309843 4.34
4.345592 4.34
4.356468 4.34
4.386718 4.34
4.399123 4.34
4.427997 4.34
4.438844 4.34
4.474594 4.34
4.485469 4.34
4.515719 4.34
4.528121 4.34
4.556845 4.34
4.572998 4.34
4.603594 4.34
4.614470 4.34
4.644719 4.34
4.657122 4.34
4.687724 4.34
4.698595 4.34
4.728999 4.34
4.739846 4.34
4.771724 4.34
4.782471 4.34
4.812998 4.34
4.823721 4.34
4.854362 4.34
4.866739 4.34
4.895471 4.34
4.906361 4.34
4.936472 4.34
4.947362 4.34
4.977597 4.34
4.988363 4.34
5.018722 4.34
5.031119 4.34
5.060001 4.34
5.070723 4.34
5.101363 4.34
5.117367 4.34
5.142473 4.34
5.153364 4.34
5.183599 4.34
5.194348 4.34
5.224724 4.34
5.240723 4.34
5.266003 4.34
5.276724 4.34
5.307366 4.34
5.323243 4.34
5.348600 4.34
5.359475 4.34
5.389725 4.34
5.405600 4.34
5.431004 4.34
5.441851 4.34
5.472475 4.34
5.483365 4.34
5.513726 4.34
5.529726 4.34
5.560366 4.34
5.576494 4.34
5.601476 4.34
5.612367 4.34
5.642476 4.34
5.653351 4.34
5.683477 4.34
5.694352 4.34
5.724477 4.34
5.735352 4.34
5.765478 4.34
5.776370 4.34
5.806603 4.34
5.817478 4.34
5.847728 4.34
5.863728 4.34
5.889005 4.34
5.899728 4.34
5.930369 4.34
5.946244 4.34
5.971604 4.34
5.982479 4.34
6.012729 4.34
6.028729 4.34
6.054009 4.34
6.064855 4.34
6.095480 4.34
6.106373 4.34
6.136480 4.34
6.147370 4.34
6.177481 4.34
6.188372 4.34
6.218481 4.34
6.229355 4.34
6.259481 4.34
6.270356 4.34
6.300481 4.34
6.311374 4.34
6.341482 4.34
6.352357 4.34
6.382482 4.34
6.393357 4.34
6.423483 4.34
6.434358 4.34
6.464483 4.34
6.475375 4.34
6.505482 4.34
6.516358 4.34
6.546608 4.34
6.557483 4.34
6.587860 4.34
6.598733 4.34
6.634374 4.34
6.650374 4.34
6.675485 4.34
6.686374 4.34
6.716484 4.34
6.727360 4.34
6.757484 4.34
6.768360 4.34
6.798485 4.34
6.809360 4.34
6.839610 4.34
6.850485 4.34
6.880735 4.34
6.896735 4.34
6.923740 4.34
6.934611 4.34
6.966740 4.34
6.977486 4.34
7.009741 4.34
7.020486 4.34
7.052741 4.34
7.063487 4.34
7.099378 4.34
7.115377 4.34
7.140612 4.34
7.153131 4.34
7.181738 4.34
7.197738 4.34
7.224742 4.34
7.235613 4.34
7.267617 4.34
7.278489 4.34
7.308738 4.34
7.324739 4.34
7.351618 4.34
7.362489 4.34
7.392739 4.34
7.408739 4.34
7.439130 4.34
7.449865 4.34
7.480379 4.34
7.496381 4.34
7.521490 4.34
7.532382 4.34
7.562490 4.34
7.573257 4.34
7.603616 4.34
7.616020 4.34
7.644741 4.34
7.660741 4.34
7.691132 4.34
7.701867 4.34
7.732492 4.34
7.743381 4.34
7.773492 4.34
7.784367 4.34
7.814492 4.34
7.825367 4.34
7.855492 4.34
7.866368 4.34
7.896492 4.34
7.907368 4.34
7.937493 4.34
7.948368 4.34
7.978493 4.34
7.989514 4.34
8.025397 4.34
8.036376 4.34
8.066875 4.34
8.077748 4.34
8.108140 4.34
8.124139 4.34
8.149371 4.34
8.160171 4.34
8.190745 4.34
8.201495 4.34
8.237385 4.34
8.248137 4.34
8.279061 4.34
8.290060 4.34
8.320627 4.34
8.336877 4.34
8.367500 4.34
8.378499 4.34
8.408749 4.34
8.419623 4.34
8.450413 4.34
8.461138 4.34
8.491622 4.34
8.507497 4.34
8.532747 4.34
8.543497 4.34
8.574513 4.34
